title:Psychopy_Cris_1_2023-02-10T121724.191937, start timestamp:1676060244.116428, stop timestamp:1676060305.123329, headset type:EPOCX, headset serial:E2020A42, headset firmware:720, channels:125, sampling rate:eeg_128;pow_8, samples:7814      , version:2.1, 
Timestamp,OriginalTimestamp,EEG.Counter,EEG.Interpolated,EEG.AF3,EEG.F7,EEG.F3,EEG.FC5,EEG.T7,EEG.P7,EEG.O1,EEG.O2,EEG.P8,EEG.T8,EEG.FC6,EEG.F4,EEG.F8,EEG.AF4,EEG.RawCq,EEG.Battery,EEG.BatteryPercent,MarkerIndex,MarkerType,MarkerValueInt,EEG.MarkerHardware,CQ.AF3,CQ.F7,CQ.F3,CQ.FC5,CQ.T7,CQ.P7,CQ.O1,CQ.O2,CQ.P8,CQ.T8,CQ.FC6,CQ.F4,CQ.F8,CQ.AF4,CQ.Overall,EQ.SampleRateQuality,EQ.OVERALL,EQ.AF3,EQ.F7,EQ.F3,EQ.FC5,EQ.T7,EQ.P7,EQ.O1,EQ.O2,EQ.P8,EQ.T8,EQ.FC6,EQ.F4,EQ.F8,EQ.AF4,POW.AF3.Theta,POW.AF3.Alpha,POW.AF3.BetaL,POW.AF3.BetaH,POW.AF3.Gamma,POW.F7.Theta,POW.F7.Alpha,POW.F7.BetaL,POW.F7.BetaH,POW.F7.Gamma,POW.F3.Theta,POW.F3.Alpha,POW.F3.BetaL,POW.F3.BetaH,POW.F3.Gamma,POW.FC5.Theta,POW.FC5.Alpha,POW.FC5.BetaL,POW.FC5.BetaH,POW.FC5.Gamma,POW.T7.Theta,POW.T7.Alpha,POW.T7.BetaL,POW.T7.BetaH,POW.T7.Gamma,POW.P7.Theta,POW.P7.Alpha,POW.P7.BetaL,POW.P7.BetaH,POW.P7.Gamma,POW.O1.Theta,POW.O1.Alpha,POW.O1.BetaL,POW.O1.BetaH,POW.O1.Gamma,POW.O2.Theta,POW.O2.Alpha,POW.O2.BetaL,POW.O2.BetaH,POW.O2.Gamma,POW.P8.Theta,POW.P8.Alpha,POW.P8.BetaL,POW.P8.BetaH,POW.P8.Gamma,POW.T8.Theta,POW.T8.Alpha,POW.T8.BetaL,POW.T8.BetaH,POW.T8.Gamma,POW.FC6.Theta,POW.FC6.Alpha,POW.FC6.BetaL,POW.FC6.BetaH,POW.FC6.Gamma,POW.F4.Theta,POW.F4.Alpha,POW.F4.BetaL,POW.F4.BetaH,POW.F4.Gamma,POW.F8.Theta,POW.F8.Alpha,POW.F8.BetaL,POW.F8.BetaH,POW.F8.Gamma,POW.AF4.Theta,POW.AF4.Alpha,POW.AF4.BetaL,POW.AF4.BetaH,POW.AF4.Gamma
1676060244.116428,1676060244.117199,106.000000,0.000000,4257.563965,4310.512695,4290.256348,4310.769043,4268.205078,4288.205078,4295.512695,4261.666504,4288.846191,4269.615234,4417.692383,4443.974121,4336.153809,4365.384766,2727.000000,4.000000,85.000000,,,,0.000000,4.000000,4.000000,4.000000,4.000000,4.000000,4.000000,4.000000,4.000000,4.000000,4.000000,4.000000,4.000000,4.000000,4.000000,100.000000,,,,,,,,,,,,,,,,,,,,,,,,,,,,,,,,,,,,,,,,,,,,,,,,,,,,,,,,,,,,,,,,,,,,,,,,,,,,,,,,,,,,,,
1676060244.124236,1676060244.124908,107.000000,0.000000,4278.717773,4333.333496,4308.077148,4326.282227,4284.358887,4298.717773,4315.000000,4280.384766,4304.615234,4276.794922,4444.615234,4467.820313,4365.512695,4388.461426,2910.000000,4.000000,85.000000,,,,0.000000,4.000000,4.000000,4.000000,4.000000,4.000000,4.000000,4.000000,4.000000,4.000000,4.000000,4.000000,4.000000,4.000000,4.000000,100.000000,,,,,,,,,,,,,,,,,,,,,,,,,,,,,,,,,,,,,,,,,,,,,,,,,,,,,,,,,,,,,,,,,,,,,,,,,,,,,,,,,,,,,,
1676060244.132045,1676060244.132716,108.000000,0.000000,4287.948730,4339.615234,4314.487305,4328.333496,4283.846191,4301.025879,4315.384766,4282.051270,4314.615234,4291.922852,4447.820313,4472.692383,4373.461426,4395.000000,3136.000000,4.000000,85.000000,,,,0.000000,4.000000,4.000000,4.000000,4.000000,4.000000,4.000000,4.000000,4.000000,4.000000,4.000000,4.000000,4.000000,4.000000,4.000000,100.000000,,,,,,,,,,,,,,,,,,,,,,,,,,,,,,,,,,,,,,,,,,,,,,,,,,,,,,,,,,,,,,,,,,,,,,,,,,,,,,,,,,,,,,
1676060244.139853,1676060244.140425,109.000000,0.000000,4268.205078,4323.461426,4301.410156,4314.871582,4275.512695,4290.897461,4306.666504,4277.692383,4310.769043,4294.871582,4426.794922,4458.717773,4351.666504,4379.358887,3244.000000,4.000000,85.000000,,,,0.000000,4.000000,4.000000,4.000000,4.000000,4.000000,4.000000,4.000000,4.000000,4.000000,4.000000,4.000000,4.000000,4.000000,4.000000,100.000000,,,,,,,,,,,,,,,,,,,,,,,,,,,,,,,,,,,,,,,,,,,,,,,,,,,,,,,,,,,,,,,,,,,,,,,,,,,,,,,,,,,,,,
1676060244.147662,1676060244.148233,110.000000,0.000000,4258.589844,4318.589844,4294.615234,4309.230957,4273.589844,4279.230957,4304.358887,4276.666504,4302.051270,4285.897461,4423.589844,4459.743652,4346.538574,4377.692383,2727.000000,4.000000,85.000000,,,,0.000000,4.000000,4.000000,4.000000,4.000000,4.000000,4.000000,4.000000,4.000000,4.000000,4.000000,4.000000,4.000000,4.000000,4.000000,100.000000,,,,,,,,,,,,,,,,,1.713094,1.042788,0.915427,0.820196,0.889296,5.659424,3.085951,0.715756,1.144511,0.904838,1.189486,1.217230,1.472315,0.805441,0.834980,1.570974,2.511744,0.508269,0.912605,0.869274,2.816264,0.872827,0.495981,0.480846,0.591766,2.466794,0.881278,1.203471,0.363107,0.393205,1.978682,0.565859,0.405342,0.626530,0.594416,45.621773,0.964469,0.802572,0.592014,0.719383,0.595147,0.957487,0.614392,0.595417,0.883069,0.975239,2.433244,1.458897,0.818735,0.956102,16.818302,1.742465,2.832747,1.748223,1.791200,5.785781,1.797599,2.261513,1.180480,1.098031,5.641500,2.496684,1.696177,2.290375,1.890530,3.495079,2.107450,2.117640,1.668592,1.761910
1676060244.155470,1676060244.155942,111.000000,0.000000,4266.538574,4327.820313,4297.563965,4316.025879,4272.948730,4280.128418,4298.589844,4266.922852,4293.846191,4279.230957,4422.051270,4456.153809,4348.077148,4376.794922,2910.000000,4.000000,85.000000,,,,0.000000,4.000000,4.000000,4.000000,4.000000,4.000000,4.000000,4.000000,4.000000,4.000000,4.000000,4.000000,4.000000,4.000000,4.000000,100.000000,,,,,,,,,,,,,,,,,,,,,,,,,,,,,,,,,,,,,,,,,,,,,,,,,,,,,,,,,,,,,,,,,,,,,,,,,,,,,,,,,,,,,,
1676060244.163278,1676060244.163750,112.000000,0.000000,4271.538574,4336.153809,4301.666504,4321.025879,4274.102539,4292.436035,4301.153809,4263.205078,4296.025879,4281.410156,4402.820313,4443.333496,4333.717773,4361.153809,3136.000000,4.000000,85.000000,,,,0.000000,4.000000,4.000000,4.000000,4.000000,4.000000,4.000000,4.000000,4.000000,4.000000,4.000000,4.000000,4.000000,4.000000,4.000000,100.000000,,,,,,,,,,,,,,,,,,,,,,,,,,,,,,,,,,,,,,,,,,,,,,,,,,,,,,,,,,,,,,,,,,,,,,,,,,,,,,,,,,,,,,
1676060244.171087,1676060244.171459,113.000000,0.000000,4255.512695,4325.641113,4291.538574,4309.230957,4265.128418,4294.358887,4302.563965,4267.179688,4296.666504,4272.948730,4388.205078,4437.051270,4316.922852,4347.436035,3244.000000,4.000000,85.000000,,,,0.000000,4.000000,4.000000,4.000000,4.000000,4.000000,4.000000,4.000000,4.000000,4.000000,4.000000,4.000000,4.000000,4.000000,4.000000,100.000000,,,,,,,,,,,,,,,,,,,,,,,,,,,,,,,,,,,,,,,,,,,,,,,,,,,,,,,,,,,,,,,,,,,,,,,,,,,,,,,,,,,,,,
1676060244.178895,1676060244.179267,114.000000,0.000000,4248.333496,4316.410156,4285.641113,4303.717773,4260.000000,4291.282227,4296.666504,4264.743652,4294.230957,4271.410156,4400.000000,4438.461426,4328.205078,4355.256348,2727.000000,4.000000,85.000000,,,,0.000000,4.000000,4.000000,4.000000,4.000000,4.000000,4.000000,4.000000,4.000000,4.000000,4.000000,4.000000,4.000000,4.000000,4.000000,100.000000,,,,,,,,,,,,,,,,,,,,,,,,,,,,,,,,,,,,,,,,,,,,,,,,,,,,,,,,,,,,,,,,,,,,,,,,,,,,,,,,,,,,,,
1676060244.186703,1676060244.186976,115.000000,0.000000,4270.512695,4330.384766,4303.077148,4315.897461,4276.410156,4297.179688,4305.512695,4270.641113,4305.384766,4287.820313,4424.487305,4452.051270,4360.897461,4378.846191,2910.000000,4.000000,85.000000,,,,0.000000,4.000000,4.000000,4.000000,4.000000,4.000000,4.000000,4.000000,4.000000,4.000000,4.000000,4.000000,4.000000,4.000000,4.000000,100.000000,,,,,,,,,,,,,,,,,,,,,,,,,,,,,,,,,,,,,,,,,,,,,,,,,,,,,,,,,,,,,,,,,,,,,,,,,,,,,,,,,,,,,,
1676060244.194512,1676060244.194884,116.000000,0.000000,4279.487305,4332.820313,4308.974121,4318.461426,4279.358887,4292.436035,4311.794922,4275.256348,4309.871582,4279.871582,4422.051270,4460.897461,4358.461426,4384.743652,3136.000000,4.000000,85.000000,,,,0.000000,4.000000,4.000000,4.000000,4.000000,4.000000,4.000000,4.000000,4.000000,4.000000,4.000000,4.000000,4.000000,4.000000,4.000000,100.000000,,,,,,,,,,,,,,,,,,,,,,,,,,,,,,,,,,,,,,,,,,,,,,,,,,,,,,,,,,,,,,,,,,,,,,,,,,,,,,,,,,,,,,
1676060244.202320,1676060244.202693,117.000000,0.000000,4266.410156,4324.615234,4292.051270,4308.717773,4263.974121,4278.846191,4298.205078,4264.358887,4291.282227,4262.436035,4396.410156,4446.282227,4328.461426,4369.102539,3244.000000,4.000000,85.000000,,,,0.000000,4.000000,4.000000,4.000000,4.000000,4.000000,4.000000,4.000000,4.000000,4.000000,4.000000,4.000000,4.000000,4.000000,4.000000,100.000000,,,,,,,,,,,,,,,,,,,,,,,,,,,,,,,,,,,,,,,,,,,,,,,,,,,,,,,,,,,,,,,,,,,,,,,,,,,,,,,,,,,,,,
1676060244.210129,1676060244.210601,118.000000,0.000000,4261.410156,4329.615234,4287.820313,4307.436035,4264.871582,4280.897461,4296.025879,4267.436035,4288.717773,4273.077148,4389.102539,4437.692383,4322.051270,4361.538574,2727.000000,4.000000,85.000000,,,,0.000000,4.000000,4.000000,4.000000,4.000000,4.000000,4.000000,4.000000,4.000000,4.000000,4.000000,4.000000,4.000000,4.000000,4.000000,100.000000,,,,,,,,,,,,,,,,,,,,,,,,,,,,,,,,,,,,,,,,,,,,,,,,,,,,,,,,,,,,,,,,,,,,,,,,,,,,,,,,,,,,,,
1676060244.217937,1676060244.218409,119.000000,0.000000,4264.102539,4330.769043,4297.051270,4310.897461,4271.794922,4292.948730,4307.307617,4281.666504,4304.615234,4286.538574,4402.307617,4451.794922,4329.358887,4370.641113,2910.000000,4.000000,85.000000,,,,0.000000,4.000000,4.000000,4.000000,4.000000,4.000000,4.000000,4.000000,4.000000,4.000000,4.000000,4.000000,4.000000,4.000000,4.000000,100.000000,,,,,,,,,,,,,,,,,,,,,,,,,,,,,,,,,,,,,,,,,,,,,,,,,,,,,,,,,,,,,,,,,,,,,,,,,,,,,,,,,,,,,,
1676060244.225745,1676060244.226218,120.000000,0.000000,4270.000000,4328.333496,4302.051270,4313.205078,4266.410156,4293.077148,4305.641113,4278.974121,4303.333496,4281.282227,4412.307617,4463.333496,4338.205078,4382.692383,3136.000000,4.000000,85.000000,,,,0.000000,4.000000,4.000000,4.000000,4.000000,4.000000,4.000000,4.000000,4.000000,4.000000,4.000000,4.000000,4.000000,4.000000,4.000000,100.000000,,,,,,,,,,,,,,,,,,,,,,,,,,,,,,,,,,,,,,,,,,,,,,,,,,,,,,,,,,,,,,,,,,,,,,,,,,,,,,,,,,,,,,
1676060244.233554,1676060244.233926,121.000000,0.000000,4281.282227,4335.256348,4303.333496,4319.102539,4263.077148,4282.179688,4297.820313,4270.897461,4293.589844,4268.461426,4408.333496,4455.000000,4343.333496,4384.102539,3244.000000,4.000000,85.000000,,,,0.000000,4.000000,4.000000,4.000000,4.000000,4.000000,4.000000,4.000000,4.000000,4.000000,4.000000,4.000000,4.000000,4.000000,4.000000,100.000000,,,,,,,,,,,,,,,,,,,,,,,,,,,,,,,,,,,,,,,,,,,,,,,,,,,,,,,,,,,,,,,,,,,,,,,,,,,,,,,,,,,,,,
1676060244.241362,1676060244.241735,122.000000,0.000000,4281.153809,4339.102539,4300.769043,4323.461426,4266.666504,4283.333496,4299.230957,4269.487305,4295.641113,4264.871582,4398.077148,4444.358887,4333.846191,4379.487305,2727.000000,4.000000,85.000000,,,,0.000000,4.000000,4.000000,4.000000,4.000000,4.000000,4.000000,4.000000,4.000000,4.000000,4.000000,4.000000,4.000000,4.000000,4.000000,100.000000,,,,,,,,,,,,,,,,,,,,,,,,,,,,,,,,,,,,,,,,,,,,,,,,,,,,,,,,,,,,,,,,,,,,,,,,,,,,,,,,,,,,,,
1676060244.249170,1676060244.249443,123.000000,0.000000,4276.922852,4343.589844,4300.641113,4324.871582,4266.025879,4294.615234,4304.871582,4267.179688,4301.025879,4274.487305,4395.769043,4449.230957,4325.641113,4380.512695,2910.000000,4.000000,85.000000,,,,0.000000,4.000000,4.000000,4.000000,4.000000,4.000000,4.000000,4.000000,4.000000,4.000000,4.000000,4.000000,4.000000,4.000000,4.000000,100.000000,,,,,,,,,,,,,,,,,,,,,,,,,,,,,,,,,,,,,,,,,,,,,,,,,,,,,,,,,,,,,,,,,,,,,,,,,,,,,,,,,,,,,,
1676060244.256979,1676060244.257352,124.000000,0.000000,4283.974121,4352.948730,4306.025879,4326.410156,4263.077148,4292.692383,4304.102539,4266.666504,4301.153809,4275.384766,4399.487305,4456.794922,4334.615234,4384.230957,3136.000000,4.000000,85.000000,,,,0.000000,4.000000,4.000000,4.000000,4.000000,4.000000,4.000000,4.000000,4.000000,4.000000,4.000000,4.000000,4.000000,4.000000,4.000000,100.000000,,,,,,,,,,,,,,,,,,,,,,,,,,,,,,,,,,,,,,,,,,,,,,,,,,,,,,,,,,,,,,,,,,,,,,,,,,,,,,,,,,,,,,
1676060244.264787,1676060244.265160,125.000000,0.000000,4283.461426,4348.077148,4300.000000,4324.358887,4261.153809,4281.410156,4299.615234,4273.717773,4298.461426,4262.948730,4397.948730,4454.615234,4340.000000,4382.179688,3244.000000,4.000000,85.000000,,,,0.000000,4.000000,4.000000,4.000000,4.000000,4.000000,4.000000,4.000000,4.000000,4.000000,4.000000,4.000000,4.000000,4.000000,4.000000,100.000000,,,,,,,,,,,,,,,,,,,,,,,,,,,,,,,,,,,,,,,,,,,,,,,,,,,,,,,,,,,,,,,,,,,,,,,,,,,,,,,,,,,,,,
1676060244.272596,1676060244.273068,126.000000,0.000000,4278.205078,4339.871582,4294.230957,4320.128418,4263.846191,4282.307617,4301.025879,4279.487305,4297.820313,4271.025879,4397.179688,4452.948730,4332.436035,4382.307617,2727.000000,4.000000,85.000000,,,,0.000000,4.000000,4.000000,4.000000,4.000000,4.000000,4.000000,4.000000,4.000000,4.000000,4.000000,4.000000,4.000000,4.000000,4.000000,100.000000,,,,,,,,,,,,,,,,,1.855188,1.026613,0.952612,0.845570,0.853530,5.760478,3.248045,0.900206,1.222001,0.889714,1.125561,1.210623,1.271819,0.887543,0.754929,1.880577,2.454858,0.703512,1.017974,0.806053,1.250726,0.963222,0.607874,0.508204,0.527503,3.187039,1.260222,1.749234,0.385030,0.391165,2.342443,0.725344,0.368023,0.567011,0.524998,37.859699,0.934130,0.627241,0.511707,0.635230,0.620782,0.900218,0.524068,0.467563,0.789146,0.987105,2.293132,1.362833,0.632949,0.881053,17.329639,1.393299,2.539173,1.283723,1.496838,5.467797,1.746897,1.856451,0.887384,0.960080,5.709801,2.204986,1.513542,1.719682,1.615298,3.499860,1.865391,1.965546,1.264279,1.534339
1676060244.280404,1676060244.280877,127.000000,0.000000,4278.846191,4340.641113,4297.692383,4312.820313,4265.128418,4285.128418,4300.769043,4272.563965,4297.307617,4285.256348,4397.563965,4451.153809,4327.179688,4381.410156,85.000000,4.000000,85.000000,,,,0.000000,4.000000,4.000000,4.000000,4.000000,4.000000,4.000000,4.000000,4.000000,4.000000,4.000000,4.000000,4.000000,4.000000,4.000000,100.000000,,,,,,,,,,,,,,,,,,,,,,,,,,,,,,,,,,,,,,,,,,,,,,,,,,,,,,,,,,,,,,,,,,,,,,,,,,,,,,,,,,,,,,
1676060244.288212,1676060244.288785,0.000000,0.000000,4276.922852,4344.615234,4294.102539,4310.512695,4261.410156,4277.692383,4293.077148,4262.179688,4293.589844,4276.794922,4389.615234,4439.102539,4323.974121,4373.846191,2533.000000,4.000000,85.000000,,,,0.000000,4.000000,4.000000,4.000000,4.000000,4.000000,4.000000,4.000000,4.000000,4.000000,4.000000,4.000000,4.000000,4.000000,4.000000,100.000000,,,,,,,,,,,,,,,,,,,,,,,,,,,,,,,,,,,,,,,,,,,,,,,,,,,,,,,,,,,,,,,,,,,,,,,,,,,,,,,,,,,,,,
1676060244.296021,1676060244.296594,1.000000,0.000000,4281.153809,4351.794922,4293.589844,4324.230957,4267.436035,4281.410156,4293.846191,4263.461426,4293.589844,4275.897461,4390.512695,4435.641113,4325.000000,4373.333496,2474.000000,4.000000,85.000000,,,,0.000000,4.000000,4.000000,4.000000,4.000000,4.000000,4.000000,4.000000,4.000000,4.000000,4.000000,4.000000,4.000000,4.000000,4.000000,100.000000,,,,,,,,,,,,,,,,,,,,,,,,,,,,,,,,,,,,,,,,,,,,,,,,,,,,,,,,,,,,,,,,,,,,,,,,,,,,,,,,,,,,,,
1676060244.303829,1676060244.304502,2.000000,0.000000,4282.692383,4349.230957,4296.153809,4326.666504,4273.974121,4288.077148,4297.948730,4265.897461,4294.230957,4276.794922,4403.974121,4441.922852,4325.897461,4374.102539,2401.000000,4.000000,85.000000,,,,0.000000,4.000000,4.000000,4.000000,4.000000,4.000000,4.000000,4.000000,4.000000,4.000000,4.000000,4.000000,4.000000,4.000000,4.000000,100.000000,,,,,,,,,,,,,,,,,,,,,,,,,,,,,,,,,,,,,,,,,,,,,,,,,,,,,,,,,,,,,,,,,,,,,,,,,,,,,,,,,,,,,,
1676060244.311638,1676060244.312410,3.000000,0.000000,4273.717773,4342.051270,4295.128418,4313.461426,4270.384766,4283.333496,4294.230957,4264.102539,4292.179688,4269.615234,4423.077148,4440.641113,4322.436035,4370.256348,2463.000000,4.000000,85.000000,,,,0.000000,4.000000,4.000000,4.000000,4.000000,4.000000,4.000000,4.000000,4.000000,4.000000,4.000000,4.000000,4.000000,4.000000,4.000000,100.000000,,,,,,,,,,,,,,,,,,,,,,,,,,,,,,,,,,,,,,,,,,,,,,,,,,,,,,,,,,,,,,,,,,,,,,,,,,,,,,,,,,,,,,
1676060244.319446,1676060244.320219,4.000000,0.000000,4285.897461,4353.205078,4307.051270,4320.256348,4272.563965,4286.025879,4299.743652,4272.948730,4303.589844,4284.871582,4452.820313,4452.948730,4338.461426,4384.102539,2438.000000,4.000000,85.000000,,,,0.000000,4.000000,4.000000,4.000000,4.000000,4.000000,4.000000,4.000000,4.000000,4.000000,4.000000,4.000000,4.000000,4.000000,4.000000,100.000000,,,,,,,,,,,,,,,,,,,,,,,,,,,,,,,,,,,,,,,,,,,,,,,,,,,,,,,,,,,,,,,,,,,,,,,,,,,,,,,,,,,,,,
1676060244.327254,1676060244.328127,5.000000,0.000000,4315.897461,4370.128418,4323.461426,4340.384766,4283.846191,4292.692383,4308.974121,4285.000000,4316.794922,4294.871582,4482.307617,4474.615234,4361.922852,4406.153809,2373.000000,4.000000,85.000000,,,,0.000000,4.000000,4.000000,4.000000,4.000000,4.000000,4.000000,4.000000,4.000000,4.000000,4.000000,4.000000,4.000000,4.000000,4.000000,100.000000,,,,,,,,,,,,,,,,,,,,,,,,,,,,,,,,,,,,,,,,,,,,,,,,,,,,,,,,,,,,,,,,,,,,,,,,,,,,,,,,,,,,,,
1676060244.335063,1676060244.335936,6.000000,0.000000,4309.102539,4357.692383,4318.974121,4333.846191,4281.666504,4288.589844,4305.897461,4281.025879,4306.025879,4269.871582,4485.641113,4470.897461,4346.538574,4397.563965,2221.000000,4.000000,85.000000,,,,0.000000,4.000000,4.000000,4.000000,4.000000,4.000000,4.000000,4.000000,4.000000,4.000000,4.000000,4.000000,4.000000,4.000000,4.000000,100.000000,,,,,,,,,,,,,,,,,,,,,,,,,,,,,,,,,,,,,,,,,,,,,,,,,,,,,,,,,,,,,,,,,,,,,,,,,,,,,,,,,,,,,,
1676060244.342871,1676060244.343744,7.000000,0.000000,4271.922852,4332.307617,4300.000000,4310.769043,4266.666504,4274.871582,4293.205078,4267.179688,4284.230957,4254.487305,4464.102539,4443.974121,4312.179688,4370.512695,2234.000000,4.000000,85.000000,,,,0.000000,4.000000,4.000000,4.000000,4.000000,4.000000,4.000000,4.000000,4.000000,4.000000,4.000000,4.000000,4.000000,4.000000,4.000000,100.000000,,,,,,,,,,,,,,,,,,,,,,,,,,,,,,,,,,,,,,,,,,,,,,,,,,,,,,,,,,,,,,,,,,,,,,,,,,,,,,,,,,,,,,
1676060244.350680,1676060244.351453,8.000000,0.000000,4267.436035,4331.153809,4291.153809,4306.794922,4261.922852,4265.384766,4285.128418,4256.153809,4278.205078,4262.563965,4445.512695,4427.820313,4313.717773,4364.358887,2274.000000,4.000000,85.000000,,,,0.000000,4.000000,4.000000,4.000000,4.000000,4.000000,4.000000,4.000000,4.000000,4.000000,4.000000,4.000000,4.000000,4.000000,4.000000,100.000000,,,,,,,,,,,,,,,,,,,,,,,,,,,,,,,,,,,,,,,,,,,,,,,,,,,,,,,,,,,,,,,,,,,,,,,,,,,,,,,,,,,,,,
1676060244.358488,1676060244.359261,9.000000,0.000000,4279.743652,4336.538574,4293.589844,4311.922852,4262.948730,4270.769043,4290.384766,4258.846191,4288.333496,4266.025879,4441.410156,4431.410156,4327.051270,4368.717773,2244.000000,4.000000,85.000000,,,,0.000000,4.000000,4.000000,4.000000,4.000000,4.000000,4.000000,4.000000,4.000000,4.000000,4.000000,4.000000,4.000000,4.000000,4.000000,100.000000,,,,,,,,,,,,,,,,,,,,,,,,,,,,,,,,,,,,,,,,,,,,,,,,,,,,,,,,,,,,,,,,,,,,,,,,,,,,,,,,,,,,,,
1676060244.366296,1676060244.366970,10.000000,0.000000,4271.153809,4335.000000,4292.179688,4307.436035,4265.512695,4279.871582,4295.128418,4266.410156,4293.717773,4267.948730,4441.153809,4436.922852,4321.666504,4365.512695,2728.000000,4.000000,85.000000,,,,0.000000,4.000000,4.000000,4.000000,4.000000,4.000000,4.000000,4.000000,4.000000,4.000000,4.000000,4.000000,4.000000,4.000000,4.000000,100.000000,,,,,,,,,,,,,,,,,,,,,,,,,,,,,,,,,,,,,,,,,,,,,,,,,,,,,,,,,,,,,,,,,,,,,,,,,,,,,,,,,,,,,,
1676060244.374105,1676060244.374778,11.000000,0.000000,4270.641113,4345.000000,4294.871582,4310.769043,4277.948730,4277.820313,4295.000000,4266.666504,4293.717773,4273.717773,4444.102539,4443.077148,4332.051270,4372.948730,2922.000000,4.000000,85.000000,,,,0.000000,4.000000,4.000000,4.000000,4.000000,4.000000,4.000000,4.000000,4.000000,4.000000,4.000000,4.000000,4.000000,4.000000,4.000000,100.000000,,,,,,,,,,,,,,,,,,,,,,,,,,,,,,,,,,,,,,,,,,,,,,,,,,,,,,,,,,,,,,,,,,,,,,,,,,,,,,,,,,,,,,
1676060244.381913,1676060244.382487,12.000000,0.000000,4285.384766,4353.333496,4302.820313,4322.051270,4286.794922,4275.000000,4293.333496,4265.512695,4298.589844,4281.025879,4447.436035,4446.410156,4345.769043,4381.666504,3141.000000,4.000000,85.000000,,,,0.000000,4.000000,4.000000,4.000000,4.000000,4.000000,4.000000,4.000000,4.000000,4.000000,4.000000,4.000000,4.000000,4.000000,4.000000,100.000000,,,,,,,,,,,,,,,,,,,,,,,,,,,,,,,,,,,,,,,,,,,,,,,,,,,,,,,,,,,,,,,,,,,,,,,,,,,,,,,,,,,,,,
1676060244.389721,1676060244.390295,13.000000,0.000000,4284.871582,4344.487305,4300.256348,4318.717773,4282.436035,4280.384766,4286.922852,4263.077148,4298.974121,4282.307617,4436.410156,4441.922852,4332.436035,4369.358887,3254.000000,4.000000,85.000000,,,,0.000000,4.000000,4.000000,4.000000,4.000000,4.000000,4.000000,4.000000,4.000000,4.000000,4.000000,4.000000,4.000000,4.000000,4.000000,100.000000,,,,,,,,,,,,,,,,,,,,,,,,,,,,,,,,,,,,,,,,,,,,,,,,,,,,,,,,,,,,,,,,,,,,,,,,,,,,,,,,,,,,,,
1676060244.397530,1676060244.398004,14.000000,0.000000,4274.230957,4338.717773,4288.461426,4310.128418,4282.948730,4280.384766,4287.563965,4262.307617,4290.512695,4267.307617,4422.820313,4437.948730,4323.333496,4364.102539,2728.000000,4.000000,85.000000,,,,0.000000,4.000000,4.000000,4.000000,4.000000,4.000000,4.000000,4.000000,4.000000,4.000000,4.000000,4.000000,4.000000,4.000000,4.000000,100.000000,1.000000,41.666668,4.000000,4.000000,4.000000,4.000000,1.000000,4.000000,4.000000,1.000000,4.000000,4.000000,3.000000,4.000000,3.000000,3.000000,2.034757,1.031305,1.113814,0.874175,0.794613,5.958127,3.135562,1.096348,1.324714,0.846599,1.123711,1.232692,1.334505,0.972730,0.657789,2.336721,2.162606,0.943733,1.137412,0.714777,0.617266,0.974439,0.760723,0.545522,0.454210,3.782602,1.592718,2.209935,0.423497,0.383918,2.532699,0.861496,0.409031,0.495750,0.456347,26.766668,0.927931,0.533935,0.472464,0.547267,0.637731,0.843808,0.520153,0.387740,0.682309,1.000023,2.010075,1.340861,0.504360,0.834769,16.634933,1.272213,2.487633,0.949155,1.249837,4.861058,1.839036,1.863035,0.698269,0.815310,5.743798,2.013663,1.499327,1.244360,1.386719,3.346305,1.732824,2.056469,0.965096,1.335031
1676060244.405338,1676060244.405912,15.000000,0.000000,4276.282227,4343.717773,4293.077148,4318.461426,4294.102539,4279.615234,4301.922852,4272.051270,4295.256348,4265.769043,4433.717773,4444.230957,4334.743652,4381.153809,2922.000000,4.000000,85.000000,,,,0.000000,4.000000,4.000000,4.000000,4.000000,4.000000,4.000000,4.000000,4.000000,4.000000,4.000000,4.000000,4.000000,4.000000,4.000000,100.000000,,,,,,,,,,,,,,,,,,,,,,,,,,,,,,,,,,,,,,,,,,,,,,,,,,,,,,,,,,,,,,,,,,,,,,,,,,,,,,,,,,,,,,
1676060244.413147,1676060244.413720,16.000000,0.000000,4276.410156,4344.230957,4300.000000,4320.384766,4292.692383,4282.563965,4306.922852,4282.307617,4307.436035,4283.333496,4444.871582,4449.102539,4339.230957,4380.256348,0.000000,4.000000,85.000000,,,,0.000000,4.000000,4.000000,4.000000,4.000000,4.000000,4.000000,4.000000,4.000000,4.000000,4.000000,4.000000,4.000000,4.000000,4.000000,100.000000,,,,,,,,,,,,,,,,,,,,,,,,,,,,,,,,,,,,,,,,,,,,,,,,,,,,,,,,,,,,,,,,,,,,,,,,,,,,,,,,,,,,,,
1676060244.420955,1676060244.421629,17.000000,0.000000,4265.897461,4338.589844,4288.333496,4307.563965,4278.846191,4279.102539,4293.589844,4279.102539,4306.410156,4289.615234,4431.410156,4441.794922,4332.692383,4361.666504,0.000000,4.000000,85.000000,,,,0.000000,4.000000,4.000000,4.000000,4.000000,4.000000,4.000000,4.000000,4.000000,4.000000,4.000000,4.000000,4.000000,4.000000,4.000000,100.000000,,,,,,,,,,,,,,,,,,,,,,,,,,,,,,,,,,,,,,,,,,,,,,,,,,,,,,,,,,,,,,,,,,,,,,,,,,,,,,,,,,,,,,
1676060244.428763,1676060244.429437,18.000000,0.000000,4262.563965,4337.563965,4285.384766,4306.153809,4276.282227,4276.153809,4290.769043,4276.538574,4303.974121,4287.948730,4423.589844,4441.153809,4332.692383,4366.538574,0.000000,4.000000,85.000000,,,,0.000000,4.000000,4.000000,4.000000,4.000000,4.000000,4.000000,4.000000,4.000000,4.000000,4.000000,4.000000,4.000000,4.000000,4.000000,100.000000,,,,,,,,,,,,,,,,,,,,,,,,,,,,,,,,,,,,,,,,,,,,,,,,,,,,,,,,,,,,,,,,,,,,,,,,,,,,,,,,,,,,,,
1676060244.436572,1676060244.437346,19.000000,0.000000,4272.692383,4345.512695,4297.179688,4314.230957,4285.256348,4276.538574,4296.666504,4279.743652,4307.436035,4289.487305,4435.128418,4447.820313,4338.974121,4383.717773,0.000000,4.000000,85.000000,,,,0.000000,4.000000,4.000000,4.000000,4.000000,4.000000,4.000000,4.000000,4.000000,4.000000,4.000000,4.000000,4.000000,4.000000,4.000000,100.000000,,,,,,,,,,,,,,,,,,,,,,,,,,,,,,,,,,,,,,,,,,,,,,,,,,,,,,,,,,,,,,,,,,,,,,,,,,,,,,,,,,,,,,
1676060244.444380,1676060244.445154,20.000000,0.000000,4280.256348,4347.692383,4298.974121,4312.051270,4285.512695,4277.563965,4294.358887,4273.589844,4306.794922,4282.307617,4437.948730,4445.769043,4341.922852,4382.436035,0.000000,4.000000,85.000000,,,,0.000000,4.000000,4.000000,4.000000,4.000000,4.000000,4.000000,4.000000,4.000000,4.000000,4.000000,4.000000,4.000000,4.000000,4.000000,100.000000,,,,,,,,,,,,,,,,,,,,,,,,,,,,,,,,,,,,,,,,,,,,,,,,,,,,,,,,,,,,,,,,,,,,,,,,,,,,,,,,,,,,,,
1676060244.452188,1676060244.453062,21.000000,0.000000,4278.717773,4340.384766,4293.077148,4308.461426,4283.589844,4280.000000,4292.692383,4272.179688,4304.743652,4278.589844,4429.230957,4442.948730,4341.410156,4373.333496,0.000000,4.000000,85.000000,,,,0.000000,4.000000,4.000000,4.000000,4.000000,4.000000,4.000000,4.000000,4.000000,4.000000,4.000000,4.000000,4.000000,4.000000,4.000000,100.000000,,,,,,,,,,,,,,,,,,,,,,,,,,,,,,,,,,,,,,,,,,,,,,,,,,,,,,,,,,,,,,,,,,,,,,,,,,,,,,,,,,,,,,
1676060244.459997,1676060244.460871,22.000000,0.000000,4276.153809,4341.538574,4294.615234,4313.974121,4289.615234,4281.153809,4298.461426,4280.128418,4302.436035,4282.179688,4427.307617,4445.128418,4340.384766,4373.461426,0.000000,4.000000,85.000000,,,,0.000000,4.000000,4.000000,4.000000,4.000000,4.000000,4.000000,4.000000,4.000000,4.000000,4.000000,4.000000,4.000000,4.000000,4.000000,100.000000,,,,,,,,,,,,,,,,,,,,,,,,,,,,,,,,,,,,,,,,,,,,,,,,,,,,,,,,,,,,,,,,,,,,,,,,,,,,,,,,,,,,,,
1676060244.467805,1676060244.468779,23.000000,0.000000,4273.461426,4343.717773,4298.717773,4311.666504,4289.358887,4281.282227,4300.512695,4276.153809,4299.871582,4276.538574,4433.077148,4445.641113,4338.461426,4376.410156,0.000000,4.000000,85.000000,,,,0.000000,4.000000,4.000000,4.000000,4.000000,4.000000,4.000000,4.000000,4.000000,4.000000,4.000000,4.000000,4.000000,4.000000,4.000000,100.000000,,,,,,,,,,,,,,,,,,,,,,,,,,,,,,,,,,,,,,,,,,,,,,,,,,,,,,,,,,,,,,,,,,,,,,,,,,,,,,,,,,,,,,
1676060244.475614,1676060244.476588,24.000000,0.000000,4262.692383,4331.794922,4293.461426,4298.205078,4278.974121,4276.666504,4288.717773,4263.333496,4298.205078,4269.871582,4430.512695,4435.641113,4330.897461,4365.384766,0.000000,4.000000,85.000000,,,,0.000000,4.000000,4.000000,4.000000,4.000000,4.000000,4.000000,4.000000,4.000000,4.000000,4.000000,4.000000,4.000000,4.000000,4.000000,100.000000,,,,,,,,,,,,,,,,,,,,,,,,,,,,,,,,,,,,,,,,,,,,,,,,,,,,,,,,,,,,,,,,,,,,,,,,,,,,,,,,,,,,,,
1676060244.483422,1676060244.484496,25.000000,0.000000,4247.692383,4317.307617,4279.358887,4290.897461,4274.102539,4266.282227,4277.692383,4256.922852,4285.897461,4255.769043,4412.948730,4419.615234,4319.615234,4345.769043,0.000000,4.000000,85.000000,,,,0.000000,4.000000,4.000000,4.000000,4.000000,4.000000,4.000000,4.000000,4.000000,4.000000,4.000000,4.000000,4.000000,4.000000,4.000000,100.000000,,,,,,,,,,,,,,,,,,,,,,,,,,,,,,,,,,,,,,,,,,,,,,,,,,,,,,,,,,,,,,,,,,,,,,,,,,,,,,,,,,,,,,
1676060244.491230,1676060244.492304,26.000000,0.000000,4248.589844,4321.025879,4273.333496,4294.230957,4278.333496,4261.666504,4282.179688,4261.922852,4277.179688,4246.922852,4408.717773,4419.487305,4320.512695,4351.410156,0.000000,4.000000,85.000000,,,,0.000000,4.000000,4.000000,4.000000,4.000000,4.000000,4.000000,4.000000,4.000000,4.000000,4.000000,4.000000,4.000000,4.000000,4.000000,100.000000,,,,,,,,,,,,,,,,,,,,,,,,,,,,,,,,,,,,,,,,,,,,,,,,,,,,,,,,,,,,,,,,,,,,,,,,,,,,,,,,,,,,,,
1676060244.499039,1676060244.500013,27.000000,0.000000,4263.717773,4333.333496,4285.384766,4297.692383,4280.000000,4266.282227,4287.307617,4268.846191,4290.256348,4263.717773,4421.410156,4431.922852,4331.153809,4370.769043,0.000000,4.000000,85.000000,,,,0.000000,4.000000,4.000000,4.000000,4.000000,4.000000,4.000000,4.000000,4.000000,4.000000,4.000000,4.000000,4.000000,4.000000,4.000000,100.000000,,,,,,,,,,,,,,,,,,,,,,,,,,,,,,,,,,,,,,,,,,,,,,,,,,,,,,,,,,,,,,,,,,,,,,,,,,,,,,,,,,,,,,
1676060244.506847,1676060244.507821,28.000000,0.000000,4262.692383,4328.077148,4287.820313,4294.487305,4277.563965,4265.769043,4279.615234,4266.153809,4295.128418,4275.256348,4415.256348,4429.615234,4323.205078,4358.461426,0.000000,4.000000,85.000000,,,,0.000000,4.000000,4.000000,4.000000,4.000000,4.000000,4.000000,4.000000,4.000000,4.000000,4.000000,4.000000,4.000000,4.000000,4.000000,100.000000,,,,,,,,,,,,,,,,,,,,,,,,,,,,,,,,,,,,,,,,,,,,,,,,,,,,,,,,,,,,,,,,,,,,,,,,,,,,,,,,,,,,,,
1676060244.514655,1676060244.515530,29.000000,0.000000,4257.948730,4322.307617,4285.769043,4300.769043,4280.897461,4263.461426,4276.922852,4263.974121,4292.051270,4274.102539,4410.641113,4432.820313,4321.282227,4355.256348,0.000000,4.000000,85.000000,,,,0.000000,4.000000,4.000000,4.000000,4.000000,4.000000,4.000000,4.000000,4.000000,4.000000,4.000000,4.000000,4.000000,4.000000,4.000000,100.000000,,,,,,,,,,,,,,,,,,,,,,,,,,,,,,,,,,,,,,,,,,,,,,,,,,,,,,,,,,,,,,,,,,,,,,,,,,,,,,,,,,,,,,
1676060244.522464,1676060244.523338,30.000000,0.000000,4275.256348,4338.589844,4305.256348,4322.307617,4294.102539,4273.717773,4286.794922,4277.563965,4305.897461,4285.128418,4438.461426,4464.487305,4355.897461,4391.922852,0.000000,4.000000,85.000000,,,,0.000000,4.000000,4.000000,4.000000,4.000000,4.000000,4.000000,4.000000,4.000000,4.000000,4.000000,4.000000,4.000000,4.000000,4.000000,100.000000,,,,,,,,,,,,,,,,,2.103337,1.016938,1.305271,0.876418,0.724242,6.049512,2.785658,1.266948,1.395052,0.794802,1.134354,1.235563,1.505237,1.017688,0.563597,2.757654,1.734459,1.172374,1.216616,0.616408,0.378174,0.908176,0.913370,0.583114,0.388153,4.034549,1.765317,2.449433,0.473000,0.368010,2.485162,0.915608,0.492939,0.435785,0.401299,15.645103,0.897896,0.532526,0.472759,0.469815,0.642262,0.746998,0.582397,0.361966,0.577365,1.010702,1.609928,1.381038,0.429419,0.792227,15.136171,1.296447,2.541460,0.789420,1.044377,4.170452,1.955345,2.074657,0.618482,0.680004,5.639025,1.826105,1.519077,0.948564,1.198413,3.062268,1.592909,2.199091,0.808207,1.147363
1676060244.530272,1676060244.531047,31.000000,0.000000,4280.512695,4344.358887,4314.615234,4332.307617,4298.589844,4280.256348,4289.102539,4286.025879,4311.410156,4288.846191,4449.102539,4478.846191,4368.717773,4401.025879,0.000000,4.000000,85.000000,,,,0.000000,4.000000,4.000000,4.000000,4.000000,4.000000,4.000000,4.000000,4.000000,4.000000,4.000000,4.000000,4.000000,4.000000,4.000000,100.000000,,,,,,,,,,,,,,,,,,,,,,,,,,,,,,,,,,,,,,,,,,,,,,,,,,,,,,,,,,,,,,,,,,,,,,,,,,,,,,,,,,,,,,
1676060244.538081,1676060244.538855,32.000000,0.000000,4263.205078,4330.641113,4299.230957,4323.846191,4287.948730,4274.487305,4288.974121,4271.922852,4296.794922,4264.871582,4421.025879,4460.512695,4335.512695,4369.487305,0.000000,4.000000,85.000000,,,,0.000000,4.000000,4.000000,4.000000,4.000000,4.000000,4.000000,4.000000,4.000000,4.000000,4.000000,4.000000,4.000000,4.000000,4.000000,100.000000,,,,,,,,,,,,,,,,,,,,,,,,,,,,,,,,,,,,,,,,,,,,,,,,,,,,,,,,,,,,,,,,,,,,,,,,,,,,,,,,,,,,,,
1676060244.545889,1676060244.546564,33.000000,0.000000,4260.128418,4328.333496,4290.128418,4320.128418,4283.461426,4277.948730,4295.769043,4263.717773,4293.589844,4254.358887,4407.051270,4457.179688,4325.000000,4361.794922,0.000000,4.000000,85.000000,,,,0.000000,4.000000,4.000000,4.000000,4.000000,4.000000,4.000000,4.000000,4.000000,4.000000,4.000000,4.000000,4.000000,4.000000,4.000000,100.000000,,,,,,,,,,,,,,,,,,,,,,,,,,,,,,,,,,,,,,,,,,,,,,,,,,,,,,,,,,,,,,,,,,,,,,,,,,,,,,,,,,,,,,
1676060244.553697,1676060244.554372,34.000000,0.000000,4262.179688,4326.410156,4288.205078,4320.897461,4287.692383,4280.897461,4292.436035,4262.820313,4294.230957,4267.820313,4410.128418,4463.205078,4338.846191,4372.692383,0.000000,4.000000,85.000000,,,,0.000000,4.000000,4.000000,4.000000,4.000000,4.000000,4.000000,4.000000,4.000000,4.000000,4.000000,4.000000,4.000000,4.000000,4.000000,100.000000,,,,,,,,,,,,,,,,,,,,,,,,,,,,,,,,,,,,,,,,,,,,,,,,,,,,,,,,,,,,,,,,,,,,,,,,,,,,,,,,,,,,,,
1676060244.561506,1676060244.562081,35.000000,0.000000,4246.025879,4308.717773,4274.102539,4310.641113,4282.948730,4270.256348,4278.077148,4251.025879,4276.538574,4259.871582,4394.615234,4445.641113,4321.538574,4359.102539,0.000000,4.000000,85.000000,,,,0.000000,4.000000,4.000000,4.000000,4.000000,4.000000,4.000000,4.000000,4.000000,4.000000,4.000000,4.000000,4.000000,4.000000,4.000000,100.000000,,,,,,,,,,,,,,,,,,,,,,,,,,,,,,,,,,,,,,,,,,,,,,,,,,,,,,,,,,,,,,,,,,,,,,,,,,,,,,,,,,,,,,
1676060244.569314,1676060244.569889,36.000000,0.000000,4237.436035,4305.512695,4271.410156,4306.922852,4276.410156,4268.205078,4282.051270,4249.102539,4268.205078,4241.666504,4384.871582,4439.743652,4308.589844,4349.358887,0.000000,4.000000,85.000000,,,,0.000000,4.000000,4.000000,4.000000,4.000000,4.000000,4.000000,4.000000,4.000000,4.000000,4.000000,4.000000,4.000000,4.000000,4.000000,100.000000,,,,,,,,,,,,,,,,,,,,,,,,,,,,,,,,,,,,,,,,,,,,,,,,,,,,,,,,,,,,,,,,,,,,,,,,,,,,,,,,,,,,,,
1676060244.577123,1676060244.577598,37.000000,0.000000,4262.051270,4327.820313,4294.615234,4327.179688,4292.179688,4281.410156,4302.179688,4270.384766,4287.307617,4256.282227,4409.871582,4472.948730,4336.794922,4377.692383,0.000000,4.000000,85.000000,,,,0.000000,4.000000,4.000000,4.000000,4.000000,4.000000,4.000000,4.000000,4.000000,4.000000,4.000000,4.000000,4.000000,4.000000,4.000000,100.000000,,,,,,,,,,,,,,,,,,,,,,,,,,,,,,,,,,,,,,,,,,,,,,,,,,,,,,,,,,,,,,,,,,,,,,,,,,,,,,,,,,,,,,
1676060244.584931,1676060244.585406,38.000000,0.000000,4282.436035,4340.897461,4305.641113,4342.179688,4307.179688,4282.948730,4300.641113,4272.948730,4297.820313,4272.436035,4420.256348,4485.256348,4345.512695,4394.615234,0.000000,4.000000,85.000000,,,,0.000000,4.000000,4.000000,4.000000,4.000000,4.000000,4.000000,4.000000,4.000000,4.000000,4.000000,4.000000,4.000000,4.000000,4.000000,100.000000,,,,,,,,,,,,,,,,,,,,,,,,,,,,,,,,,,,,,,,,,,,,,,,,,,,,,,,,,,,,,,,,,,,,,,,,,,,,,,,,,,,,,,
1676060244.592739,1676060244.593115,39.000000,0.000000,4273.461426,4337.307617,4295.000000,4335.384766,4301.794922,4276.922852,4288.974121,4259.615234,4292.436035,4268.205078,4401.794922,4465.897461,4323.461426,4377.179688,0.000000,4.000000,85.000000,,,,0.000000,4.000000,4.000000,4.000000,4.000000,4.000000,4.000000,4.000000,4.000000,4.000000,4.000000,4.000000,4.000000,4.000000,4.000000,100.000000,,,,,,,,,,,,,,,,,,,,,,,,,,,,,,,,,,,,,,,,,,,,,,,,,,,,,,,,,,,,,,,,,,,,,,,,,,,,,,,,,,,,,,
1676060244.600548,1676060244.601023,40.000000,0.000000,4261.794922,4334.871582,4292.436035,4328.077148,4296.794922,4280.384766,4294.487305,4271.282227,4299.230957,4270.256348,4402.179688,4467.563965,4321.666504,4373.205078,0.000000,4.000000,85.000000,,,,0.000000,4.000000,4.000000,4.000000,4.000000,4.000000,4.000000,4.000000,4.000000,4.000000,4.000000,4.000000,4.000000,4.000000,4.000000,100.000000,,,,,,,,,,,,,,,,,,,,,,,,,,,,,,,,,,,,,,,,,,,,,,,,,,,,,,,,,,,,,,,,,,,,,,,,,,,,,,,,,,,,,,
1676060244.608356,1676060244.608832,41.000000,0.000000,4264.615234,4329.487305,4295.384766,4323.589844,4295.384766,4281.794922,4296.794922,4279.871582,4301.922852,4262.948730,4406.153809,4474.230957,4324.743652,4381.794922,0.000000,4.000000,85.000000,,,,0.000000,4.000000,4.000000,4.000000,4.000000,4.000000,4.000000,4.000000,4.000000,4.000000,4.000000,4.000000,4.000000,4.000000,4.000000,100.000000,,,,,,,,,,,,,,,,,,,,,,,,,,,,,,,,,,,,,,,,,,,,,,,,,,,,,,,,,,,,,,,,,,,,,,,,,,,,,,,,,,,,,,
1676060244.616165,1676060244.616640,42.000000,0.000000,4273.589844,4327.948730,4295.641113,4323.717773,4296.794922,4281.922852,4291.025879,4272.820313,4294.871582,4251.025879,4399.358887,4471.025879,4322.307617,4382.948730,0.000000,4.000000,85.000000,,,,0.000000,4.000000,4.000000,4.000000,4.000000,4.000000,4.000000,4.000000,4.000000,4.000000,4.000000,4.000000,4.000000,4.000000,4.000000,100.000000,,,,,,,,,,,,,,,,,,,,,,,,,,,,,,,,,,,,,,,,,,,,,,,,,,,,,,,,,,,,,,,,,,,,,,,,,,,,,,,,,,,,,,
1676060244.623973,1676060244.624349,43.000000,0.000000,4286.538574,4339.358887,4306.025879,4338.589844,4300.897461,4283.974121,4293.846191,4277.436035,4300.641113,4270.769043,4410.512695,4485.512695,4335.641113,4395.128418,0.000000,4.000000,85.000000,,,,0.000000,4.000000,4.000000,4.000000,4.000000,4.000000,4.000000,4.000000,4.000000,4.000000,4.000000,4.000000,4.000000,4.000000,4.000000,100.000000,,,,,,,,,,,,,,,,,,,,,,,,,,,,,,,,,,,,,,,,,,,,,,,,,,,,,,,,,,,,,,,,,,,,,,,,,,,,,,,,,,,,,,
1676060244.631781,1676060244.632257,44.000000,0.000000,4297.307617,4348.846191,4316.410156,4354.871582,4303.846191,4281.153809,4298.205078,4285.512695,4307.563965,4287.820313,4423.205078,4499.871582,4341.922852,4407.563965,0.000000,4.000000,85.000000,,,,0.000000,4.000000,4.000000,4.000000,4.000000,4.000000,4.000000,4.000000,4.000000,4.000000,4.000000,4.000000,4.000000,4.000000,4.000000,100.000000,,,,,,,,,,,,,,,,,,,,,,,,,,,,,,,,,,,,,,,,,,,,,,,,,,,,,,,,,,,,,,,,,,,,,,,,,,,,,,,,,,,,,,
1676060244.639590,1676060244.640065,45.000000,0.000000,4296.153809,4348.461426,4312.820313,4352.051270,4305.256348,4281.922852,4297.436035,4282.820313,4302.948730,4273.461426,4418.333496,4492.820313,4335.641113,4400.256348,0.000000,4.000000,85.000000,,,,0.000000,4.000000,4.000000,4.000000,4.000000,4.000000,4.000000,4.000000,4.000000,4.000000,4.000000,4.000000,4.000000,4.000000,4.000000,100.000000,,,,,,,,,,,,,,,,,,,,,,,,,,,,,,,,,,,,,,,,,,,,,,,,,,,,,,,,,,,,,,,,,,,,,,,,,,,,,,,,,,,,,,
1676060244.647398,1676060244.647974,46.000000,0.000000,4293.333496,4348.846191,4310.384766,4344.871582,4303.974121,4278.077148,4294.230957,4277.179688,4302.179688,4269.358887,4420.641113,4492.051270,4343.333496,4400.384766,0.000000,4.000000,85.000000,,,,0.000000,4.000000,4.000000,4.000000,4.000000,4.000000,4.000000,4.000000,4.000000,4.000000,4.000000,4.000000,4.000000,4.000000,4.000000,100.000000,,,,,,,,,,,,,,,,,2.095512,0.964155,1.450757,0.839948,0.664218,6.049353,2.301032,1.381128,1.386849,0.752739,1.115934,1.186691,1.626068,0.999744,0.491392,3.049573,1.289110,1.332661,1.211321,0.531912,0.277741,0.784203,1.029875,0.606396,0.343619,3.826808,1.716922,2.400319,0.518904,0.344932,2.189052,0.865880,0.579043,0.404211,0.365904,7.269773,0.828888,0.606552,0.502220,0.411391,0.617245,0.617810,0.686229,0.380880,0.489209,1.003791,1.188744,1.461615,0.403005,0.738822,13.200123,1.472352,2.603578,0.799314,0.879952,3.534515,1.993982,2.279119,0.626821,0.571653,5.417027,1.626503,1.508108,0.853309,1.060650,2.705803,1.404589,2.264822,0.783230,0.973379
1676060244.655206,1676060244.655782,47.000000,0.000000,4289.230957,4344.871582,4304.230957,4342.307617,4296.025879,4265.128418,4281.538574,4266.794922,4297.436035,4280.384766,4418.974121,4491.410156,4339.743652,4404.615234,0.000000,4.000000,85.000000,,,,0.000000,4.000000,4.000000,4.000000,4.000000,4.000000,4.000000,4.000000,4.000000,4.000000,4.000000,4.000000,4.000000,4.000000,4.000000,100.000000,,,,,,,,,,,,,,,,,,,,,,,,,,,,,,,,,,,,,,,,,,,,,,,,,,,,,,,,,,,,,,,,,,,,,,,,,,,,,,,,,,,,,,
1676060244.663015,1676060244.663691,48.000000,0.000000,4281.153809,4338.461426,4303.846191,4341.538574,4296.794922,4265.769043,4281.153809,4270.769043,4294.743652,4278.846191,4407.692383,4484.487305,4323.846191,4393.974121,0.000000,4.000000,85.000000,,,,0.000000,4.000000,4.000000,4.000000,4.000000,4.000000,4.000000,4.000000,4.000000,4.000000,4.000000,4.000000,4.000000,4.000000,4.000000,100.000000,,,,,,,,,,,,,,,,,,,,,,,,,,,,,,,,,,,,,,,,,,,,,,,,,,,,,,,,,,,,,,,,,,,,,,,,,,,,,,,,,,,,,,
1676060244.670823,1676060244.671499,49.000000,0.000000,4283.205078,4346.410156,4325.769043,4348.461426,4311.282227,4280.641113,4304.230957,4298.589844,4314.487305,4277.948730,4422.436035,4500.512695,4336.282227,4399.230957,0.000000,4.000000,85.000000,,,,0.000000,4.000000,4.000000,4.000000,4.000000,4.000000,4.000000,4.000000,4.000000,4.000000,4.000000,4.000000,4.000000,4.000000,4.000000,100.000000,,,,,,,,,,,,,,,,,,,,,,,,,,,,,,,,,,,,,,,,,,,,,,,,,,,,,,,,,,,,,,,,,,,,,,,,,,,,,,,,,,,,,,
1676060244.678632,1676060244.679308,50.000000,0.000000,4287.307617,4347.820313,4328.846191,4347.179688,4308.461426,4280.512695,4303.846191,4296.666504,4315.897461,4278.205078,4428.205078,4505.128418,4343.846191,4408.717773,0.000000,4.000000,85.000000,,,,0.000000,4.000000,4.000000,4.000000,4.000000,4.000000,4.000000,4.000000,4.000000,4.000000,4.000000,4.000000,4.000000,4.000000,4.000000,100.000000,,,,,,,,,,,,,,,,,,,,,,,,,,,,,,,,,,,,,,,,,,,,,,,,,,,,,,,,,,,,,,,,,,,,,,,,,,,,,,,,,,,,,,
1676060244.686440,1676060244.687116,51.000000,0.000000,4283.717773,4336.025879,4308.205078,4337.307617,4299.615234,4274.615234,4287.820313,4271.153809,4292.563965,4276.153809,4409.102539,4481.794922,4329.358887,4398.974121,0.000000,4.000000,85.000000,,,,0.000000,4.000000,4.000000,4.000000,4.000000,4.000000,4.000000,4.000000,4.000000,4.000000,4.000000,4.000000,4.000000,4.000000,4.000000,100.000000,,,,,,,,,,,,,,,,,,,,,,,,,,,,,,,,,,,,,,,,,,,,,,,,,,,,,,,,,,,,,,,,,,,,,,,,,,,,,,,,,,,,,,
1676060244.694248,1676060244.694825,52.000000,0.000000,4283.717773,4334.102539,4310.000000,4338.974121,4307.692383,4281.282227,4299.743652,4277.820313,4295.000000,4283.205078,4410.769043,4478.077148,4329.871582,4393.974121,0.000000,4.000000,85.000000,,,,0.000000,4.000000,4.000000,4.000000,4.000000,4.000000,4.000000,4.000000,4.000000,4.000000,4.000000,4.000000,4.000000,4.000000,4.000000,100.000000,,,,,,,,,,,,,,,,,,,,,,,,,,,,,,,,,,,,,,,,,,,,,,,,,,,,,,,,,,,,,,,,,,,,,,,,,,,,,,,,,,,,,,
1676060244.702057,1676060244.702633,53.000000,0.000000,4279.102539,4334.487305,4311.025879,4335.256348,4302.051270,4279.743652,4306.538574,4285.384766,4301.794922,4280.641113,4412.307617,4478.974121,4330.641113,4390.128418,0.000000,4.000000,85.000000,,,,0.000000,4.000000,4.000000,4.000000,4.000000,4.000000,4.000000,4.000000,4.000000,4.000000,4.000000,4.000000,4.000000,4.000000,4.000000,100.000000,,,,,,,,,,,,,,,,,,,,,,,,,,,,,,,,,,,,,,,,,,,,,,,,,,,,,,,,,,,,,,,,,,,,,,,,,,,,,,,,,,,,,,
1676060244.709865,1676060244.710342,54.000000,0.000000,4266.922852,4325.000000,4293.846191,4324.615234,4292.563965,4275.769043,4292.051270,4267.820313,4292.563965,4261.922852,4393.461426,4463.077148,4319.358887,4379.743652,0.000000,4.000000,85.000000,,,,0.000000,4.000000,4.000000,4.000000,4.000000,4.000000,4.000000,4.000000,4.000000,4.000000,4.000000,4.000000,4.000000,4.000000,4.000000,100.000000,,,,,,,,,,,,,,,,,,,,,,,,,,,,,,,,,,,,,,,,,,,,,,,,,,,,,,,,,,,,,,,,,,,,,,,,,,,,,,,,,,,,,,
1676060244.717673,1676060244.718150,55.000000,0.000000,4264.487305,4319.743652,4295.512695,4326.794922,4303.974121,4283.589844,4292.820313,4267.820313,4299.358887,4265.000000,4396.666504,4465.512695,4325.128418,4385.769043,0.000000,4.000000,85.000000,,,,0.000000,4.000000,4.000000,4.000000,4.000000,4.000000,4.000000,4.000000,4.000000,4.000000,4.000000,4.000000,4.000000,4.000000,4.000000,100.000000,,,,,,,,,,,,,,,,,,,,,,,,,,,,,,,,,,,,,,,,,,,,,,,,,,,,,,,,,,,,,,,,,,,,,,,,,,,,,,,,,,,,,,
1676060244.725482,1676060244.725858,56.000000,0.000000,4268.205078,4323.461426,4304.487305,4328.077148,4308.077148,4286.153809,4301.666504,4281.922852,4306.282227,4281.282227,4411.538574,4478.974121,4334.871582,4395.512695,0.000000,4.000000,85.000000,,,,0.000000,4.000000,4.000000,4.000000,4.000000,4.000000,4.000000,4.000000,4.000000,4.000000,4.000000,4.000000,4.000000,4.000000,4.000000,100.000000,,,,,,,,,,,,,,,,,,,,,,,,,,,,,,,,,,,,,,,,,,,,,,,,,,,,,,,,,,,,,,,,,,,,,,,,,,,,,,,,,,,,,,
1676060244.733290,1676060244.733667,57.000000,0.000000,4267.436035,4328.974121,4301.538574,4323.974121,4298.846191,4279.230957,4297.307617,4283.461426,4295.512695,4273.974121,4408.589844,4476.153809,4331.153809,4390.000000,0.000000,4.000000,85.000000,,,,0.000000,4.000000,4.000000,4.000000,4.000000,4.000000,4.000000,4.000000,4.000000,4.000000,4.000000,4.000000,4.000000,4.000000,4.000000,100.000000,,,,,,,,,,,,,,,,,,,,,,,,,,,,,,,,,,,,,,,,,,,,,,,,,,,,,,,,,,,,,,,,,,,,,,,,,,,,,,,,,,,,,,
1676060244.741099,1676060244.741375,58.000000,0.000000,4264.230957,4328.846191,4300.641113,4324.487305,4298.589844,4278.205078,4294.871582,4283.077148,4296.666504,4266.922852,4409.102539,4473.205078,4331.794922,4386.538574,0.000000,4.000000,85.000000,,,,0.000000,4.000000,4.000000,4.000000,4.000000,4.000000,4.000000,4.000000,4.000000,4.000000,4.000000,4.000000,4.000000,4.000000,4.000000,100.000000,,,,,,,,,,,,,,,,,,,,,,,,,,,,,,,,,,,,,,,,,,,,,,,,,,,,,,,,,,,,,,,,,,,,,,,,,,,,,,,,,,,,,,
1676060244.748907,1676060244.749284,59.000000,0.000000,4264.487305,4320.128418,4297.820313,4319.230957,4300.897461,4282.179688,4295.128418,4281.922852,4303.846191,4280.256348,4409.743652,4474.487305,4333.589844,4387.179688,0.000000,4.000000,85.000000,,,,0.000000,4.000000,4.000000,4.000000,4.000000,4.000000,4.000000,4.000000,4.000000,4.000000,4.000000,4.000000,4.000000,4.000000,4.000000,100.000000,,,,,,,,,,,,,,,,,,,,,,,,,,,,,,,,,,,,,,,,,,,,,,,,,,,,,,,,,,,,,,,,,,,,,,,,,,,,,,,,,,,,,,
1676060244.756715,1676060244.757092,60.000000,0.000000,4273.717773,4322.179688,4301.410156,4321.153809,4302.436035,4281.794922,4295.384766,4283.846191,4301.282227,4283.333496,4407.179688,4479.871582,4334.615234,4389.102539,0.000000,4.000000,85.000000,,,,0.000000,4.000000,4.000000,4.000000,4.000000,4.000000,4.000000,4.000000,4.000000,4.000000,4.000000,4.000000,4.000000,4.000000,4.000000,100.000000,,,,,,,,,,,,,,,,,,,,,,,,,,,,,,,,,,,,,,,,,,,,,,,,,,,,,,,,,,,,,,,,,,,,,,,,,,,,,,,,,,,,,,
1676060244.764524,1676060244.765001,61.000000,0.000000,4286.025879,4338.846191,4315.256348,4336.025879,4306.794922,4280.256348,4297.820313,4289.615234,4298.974121,4270.512695,4415.641113,4487.307617,4342.692383,4396.666504,0.000000,4.000000,85.000000,,,,0.000000,4.000000,4.000000,4.000000,4.000000,4.000000,4.000000,4.000000,4.000000,4.000000,4.000000,4.000000,4.000000,4.000000,4.000000,100.000000,,,,,,,,,,,,,,,,,,,,,,,,,,,,,,,,,,,,,,,,,,,,,,,,,,,,,,,,,,,,,,,,,,,,,,,,,,,,,,,,,,,,,,
1676060244.772332,1676060244.772809,62.000000,0.000000,4276.410156,4331.538574,4299.358887,4325.128418,4299.230957,4275.897461,4285.512695,4275.128418,4289.487305,4263.077148,4406.410156,4470.641113,4334.743652,4385.641113,0.000000,4.000000,85.000000,,,,0.000000,4.000000,4.000000,4.000000,4.000000,4.000000,4.000000,4.000000,4.000000,4.000000,4.000000,4.000000,4.000000,4.000000,4.000000,100.000000,,,,,,,,,,,,,,,,,1.916569,0.895612,1.546204,0.777958,0.634338,5.758156,1.795063,1.428347,1.283447,0.725903,1.017661,1.093756,1.645584,0.925795,0.452523,3.023221,0.925199,1.407797,1.108700,0.473867,0.284611,0.644774,1.098498,0.599477,0.325966,3.196559,1.467174,2.103895,0.543654,0.319623,1.724234,0.735987,0.639630,0.403911,0.349449,2.579575,0.744853,0.718407,0.546013,0.373767,0.558794,0.504736,0.807008,0.425703,0.428265,0.964164,0.862607,1.568404,0.420184,0.678735,11.169428,1.889264,2.672864,0.930498,0.763568,2.981502,1.942915,2.399074,0.690045,0.503439,5.024784,1.469790,1.498772,0.917644,0.987143,2.301669,1.231463,2.246287,0.844294,0.834367
1676060244.780141,1676060244.780717,63.000000,0.000000,4258.974121,4310.128418,4270.641113,4303.589844,4295.769043,4276.922852,4275.384766,4255.384766,4277.436035,4258.077148,4383.461426,4446.794922,4318.461426,4367.436035,0.000000,4.000000,85.000000,,,,0.000000,4.000000,4.000000,4.000000,4.000000,4.000000,4.000000,4.000000,4.000000,4.000000,4.000000,4.000000,4.000000,4.000000,4.000000,100.000000,,,,,,,,,,,,,,,,,,,,,,,,,,,,,,,,,,,,,,,,,,,,,,,,,,,,,,,,,,,,,,,,,,,,,,,,,,,,,,,,,,,,,,
1676060244.787949,1676060244.788526,64.000000,0.000000,4269.487305,4323.077148,4286.282227,4321.922852,4310.128418,4290.641113,4293.717773,4272.948730,4290.384766,4264.230957,4399.743652,4462.563965,4337.179688,4386.025879,2535.000000,4.000000,85.000000,,,,0.000000,4.000000,4.000000,4.000000,4.000000,4.000000,4.000000,4.000000,4.000000,4.000000,4.000000,4.000000,4.000000,4.000000,4.000000,100.000000,,,,,,,,,,,,,,,,,,,,,,,,,,,,,,,,,,,,,,,,,,,,,,,,,,,,,,,,,,,,,,,,,,,,,,,,,,,,,,,,,,,,,,
1676060244.795757,1676060244.796434,65.000000,0.000000,4282.820313,4341.153809,4308.974121,4340.897461,4311.794922,4291.794922,4305.769043,4291.153809,4305.000000,4279.871582,4421.922852,4481.410156,4356.153809,4403.077148,2483.000000,4.000000,85.000000,,,,0.000000,4.000000,4.000000,4.000000,4.000000,4.000000,4.000000,4.000000,4.000000,4.000000,4.000000,4.000000,4.000000,4.000000,4.000000,100.000000,,,,,,,,,,,,,,,,,,,,,,,,,,,,,,,,,,,,,,,,,,,,,,,,,,,,,,,,,,,,,,,,,,,,,,,,,,,,,,,,,,,,,,
1676060244.803566,1676060244.804343,66.000000,0.000000,4278.717773,4332.563965,4298.461426,4326.282227,4300.897461,4282.051270,4296.025879,4279.230957,4296.153809,4276.410156,4407.436035,4467.436035,4335.897461,4384.615234,2413.000000,4.000000,85.000000,,,,0.000000,4.000000,4.000000,4.000000,4.000000,4.000000,4.000000,4.000000,4.000000,4.000000,4.000000,4.000000,4.000000,4.000000,4.000000,100.000000,,,,,,,,,,,,,,,,,,,,,,,,,,,,,,,,,,,,,,,,,,,,,,,,,,,,,,,,,,,,,,,,,,,,,,,,,,,,,,,,,,,,,,
1676060244.811374,1676060244.812151,67.000000,0.000000,4271.666504,4319.615234,4286.282227,4315.384766,4295.897461,4281.794922,4291.538574,4271.922852,4287.307617,4261.922852,4400.000000,4453.333496,4319.102539,4371.153809,2479.000000,4.000000,85.000000,,,,0.000000,4.000000,4.000000,4.000000,4.000000,4.000000,4.000000,4.000000,4.000000,4.000000,4.000000,4.000000,4.000000,4.000000,4.000000,100.000000,,,,,,,,,,,,,,,,,,,,,,,,,,,,,,,,,,,,,,,,,,,,,,,,,,,,,,,,,,,,,,,,,,,,,,,,,,,,,,,,,,,,,,
1676060244.819183,1676060244.819959,68.000000,0.000000,4267.692383,4315.256348,4291.153809,4321.153809,4298.974121,4287.179688,4297.307617,4281.666504,4295.128418,4267.563965,4423.205078,4461.922852,4329.743652,4378.589844,2438.000000,4.000000,85.000000,,,,0.000000,4.000000,4.000000,4.000000,4.000000,4.000000,4.000000,4.000000,4.000000,4.000000,4.000000,4.000000,4.000000,4.000000,4.000000,100.000000,,,,,,,,,,,,,,,,,,,,,,,,,,,,,,,,,,,,,,,,,,,,,,,,,,,,,,,,,,,,,,,,,,,,,,,,,,,,,,,,,,,,,,
1676060244.826991,1676060244.827868,69.000000,0.000000,4265.256348,4313.974121,4297.307617,4319.230957,4299.358887,4283.205078,4299.358887,4290.256348,4305.256348,4286.794922,4447.820313,4473.205078,4342.692383,4386.282227,2384.000000,4.000000,85.000000,,,,0.000000,4.000000,4.000000,4.000000,4.000000,4.000000,4.000000,4.000000,4.000000,4.000000,4.000000,4.000000,4.000000,4.000000,4.000000,100.000000,,,,,,,,,,,,,,,,,,,,,,,,,,,,,,,,,,,,,,,,,,,,,,,,,,,,,,,,,,,,,,,,,,,,,,,,,,,,,,,,,,,,,,
1676060244.834799,1676060244.835676,70.000000,0.000000,4264.615234,4309.743652,4290.512695,4308.077148,4286.153809,4268.717773,4287.051270,4279.102539,4291.282227,4270.897461,4449.230957,4467.051270,4343.717773,4384.358887,2241.000000,4.000000,85.000000,,,,0.000000,4.000000,4.000000,4.000000,4.000000,4.000000,4.000000,4.000000,4.000000,4.000000,4.000000,4.000000,4.000000,4.000000,4.000000,100.000000,,,,,,,,,,,,,,,,,,,,,,,,,,,,,,,,,,,,,,,,,,,,,,,,,,,,,,,,,,,,,,,,,,,,,,,,,,,,,,,,,,,,,,
1676060244.842608,1676060244.843585,71.000000,0.000000,4271.153809,4310.769043,4284.230957,4311.922852,4282.692383,4265.256348,4274.871582,4262.948730,4273.077148,4241.410156,4442.179688,4455.769043,4340.000000,4380.769043,2242.000000,4.000000,85.000000,,,,0.000000,4.000000,4.000000,4.000000,4.000000,4.000000,4.000000,4.000000,4.000000,4.000000,4.000000,4.000000,4.000000,4.000000,4.000000,100.000000,,,,,,,,,,,,,,,,,,,,,,,,,,,,,,,,,,,,,,,,,,,,,,,,,,,,,,,,,,,,,,,,,,,,,,,,,,,,,,,,,,,,,,
1676060244.850416,1676060244.851393,72.000000,0.000000,4277.436035,4318.461426,4293.461426,4321.025879,4295.512695,4273.846191,4283.846191,4268.589844,4282.820313,4255.000000,4451.410156,4457.051270,4337.051270,4380.769043,2279.000000,4.000000,85.000000,,,,0.000000,4.000000,4.000000,4.000000,4.000000,4.000000,4.000000,4.000000,4.000000,4.000000,4.000000,4.000000,4.000000,4.000000,4.000000,100.000000,,,,,,,,,,,,,,,,,,,,,,,,,,,,,,,,,,,,,,,,,,,,,,,,,,,,,,,,,,,,,,,,,,,,,,,,,,,,,,,,,,,,,,
1676060244.858225,1676060244.859301,73.000000,0.000000,4279.358887,4329.871582,4309.102539,4323.333496,4299.487305,4272.436035,4297.948730,4282.948730,4298.333496,4285.128418,4476.922852,4471.153809,4344.102539,4388.717773,2249.000000,4.000000,85.000000,,,,0.000000,4.000000,4.000000,4.000000,4.000000,4.000000,4.000000,4.000000,4.000000,4.000000,4.000000,4.000000,4.000000,4.000000,4.000000,100.000000,,,,,,,,,,,,,,,,,,,,,,,,,,,,,,,,,,,,,,,,,,,,,,,,,,,,,,,,,,,,,,,,,,,,,,,,,,,,,,,,,,,,,,
1676060244.866033,1676060244.867110,74.000000,0.000000,4286.922852,4339.230957,4315.000000,4332.179688,4300.256348,4270.128418,4298.333496,4284.487305,4301.153809,4289.871582,4492.692383,4482.948730,4355.000000,4401.153809,2740.000000,4.000000,85.000000,,,,0.000000,4.000000,4.000000,4.000000,4.000000,4.000000,4.000000,4.000000,4.000000,4.000000,4.000000,4.000000,4.000000,4.000000,4.000000,100.000000,,,,,,,,,,,,,,,,,,,,,,,,,,,,,,,,,,,,,,,,,,,,,,,,,,,,,,,,,,,,,,,,,,,,,,,,,,,,,,,,,,,,,,
1676060244.873841,1676060244.874918,75.000000,0.000000,4287.820313,4334.102539,4307.948730,4333.461426,4302.820313,4284.230957,4295.256348,4281.153809,4302.436035,4276.538574,4485.384766,4476.410156,4347.179688,4394.102539,2937.000000,4.000000,85.000000,,,,0.000000,4.000000,4.000000,4.000000,4.000000,4.000000,4.000000,4.000000,4.000000,4.000000,4.000000,4.000000,4.000000,4.000000,4.000000,100.000000,,,,,,,,,,,,,,,,,,,,,,,,,,,,,,,,,,,,,,,,,,,,,,,,,,,,,,,,,,,,,,,,,,,,,,,,,,,,,,,,,,,,,,
1676060244.881650,1676060244.882727,76.000000,0.000000,4260.000000,4314.358887,4291.410156,4313.974121,4293.717773,4289.230957,4295.128418,4278.077148,4296.025879,4267.179688,4470.897461,4453.717773,4327.179688,4366.666504,3144.000000,4.000000,85.000000,,,,0.000000,4.000000,4.000000,4.000000,4.000000,4.000000,4.000000,4.000000,4.000000,4.000000,4.000000,4.000000,4.000000,4.000000,4.000000,100.000000,,,,,,,,,,,,,,,,,,,,,,,,,,,,,,,,,,,,,,,,,,,,,,,,,,,,,,,,,,,,,,,,,,,,,,,,,,,,,,,,,,,,,,
1676060244.889458,1676060244.890435,77.000000,0.000000,4245.512695,4309.871582,4283.461426,4306.538574,4292.179688,4278.717773,4295.897461,4276.282227,4284.743652,4263.717773,4473.077148,4441.794922,4325.512695,4358.461426,3261.000000,4.000000,85.000000,,,,0.000000,4.000000,4.000000,4.000000,4.000000,4.000000,4.000000,4.000000,4.000000,4.000000,4.000000,4.000000,4.000000,4.000000,4.000000,100.000000,,,,,,,,,,,,,,,,,,,,,,,,,,,,,,,,,,,,,,,,,,,,,,,,,,,,,,,,,,,,,,,,,,,,,,,,,,,,,,,,,,,,,,
1676060244.897266,1676060244.898244,78.000000,0.000000,4262.692383,4314.743652,4285.512695,4311.025879,4297.051270,4277.307617,4291.922852,4274.487305,4282.692383,4261.666504,4481.282227,4445.000000,4329.358887,4368.461426,2740.000000,4.000000,85.000000,,,,0.000000,4.000000,4.000000,4.000000,4.000000,4.000000,4.000000,4.000000,4.000000,4.000000,4.000000,4.000000,4.000000,4.000000,4.000000,100.000000,1.000000,66.666664,4.000000,4.000000,4.000000,4.000000,3.000000,4.000000,4.000000,1.000000,4.000000,4.000000,4.000000,4.000000,4.000000,4.000000,1.654584,0.834906,1.636705,0.726593,0.638035,5.136287,1.358299,1.437218,1.116125,0.704825,0.856526,0.975457,1.603682,0.829944,0.444097,2.664252,0.691112,1.424427,0.945685,0.441800,0.341725,0.523359,1.130068,0.559440,0.328509,2.332620,1.101805,1.683953,0.534066,0.296754,1.212914,0.573367,0.663198,0.423768,0.346781,0.825791,0.693564,0.829090,0.591863,0.353397,0.488479,0.457564,0.934092,0.478498,0.395074,0.908788,0.700239,1.684707,0.474222,0.627212,9.433466,2.558969,2.792699,1.119284,0.701296,2.444244,1.833933,2.459522,0.783318,0.478970,4.420393,1.375988,1.554984,1.068621,0.979115,1.932240,1.129755,2.207500,0.940084,0.757615
1676060244.905075,1676060244.905952,79.000000,0.000000,4257.179688,4298.717773,4275.256348,4297.948730,4284.487305,4277.820313,4281.025879,4267.692383,4280.897461,4261.282227,4471.922852,4437.436035,4315.897461,4358.974121,2937.000000,4.000000,85.000000,,,,0.000000,4.000000,4.000000,4.000000,4.000000,4.000000,4.000000,4.000000,4.000000,4.000000,4.000000,4.000000,4.000000,4.000000,4.000000,100.000000,,,,,,,,,,,,,,,,,,,,,,,,,,,,,,,,,,,,,,,,,,,,,,,,,,,,,,,,,,,,,,,,,,,,,,,,,,,,,,,,,,,,,,
1676060244.912883,1676060244.913761,80.000000,0.000000,4246.666504,4295.000000,4276.153809,4298.846191,4282.692383,4275.897461,4282.820313,4270.512695,4283.974121,4259.102539,4473.461426,4436.666504,4317.692383,4355.641113,3144.000000,4.000000,85.000000,,,,0.000000,4.000000,4.000000,4.000000,4.000000,4.000000,4.000000,4.000000,4.000000,4.000000,4.000000,4.000000,4.000000,4.000000,4.000000,100.000000,,,,,,,,,,,,,,,,,,,,,,,,,,,,,,,,,,,,,,,,,,,,,,,,,,,,,,,,,,,,,,,,,,,,,,,,,,,,,,,,,,,,,,
1676060244.920691,1676060244.921469,81.000000,0.000000,4270.512695,4319.102539,4302.563965,4320.897461,4299.871582,4280.512695,4299.615234,4287.820313,4301.538574,4261.153809,4494.230957,4459.230957,4344.230957,4381.410156,3261.000000,4.000000,85.000000,,,,0.000000,4.000000,4.000000,4.000000,4.000000,4.000000,4.000000,4.000000,4.000000,4.000000,4.000000,4.000000,4.000000,4.000000,4.000000,100.000000,,,,,,,,,,,,,,,,,,,,,,,,,,,,,,,,,,,,,,,,,,,,,,,,,,,,,,,,,,,,,,,,,,,,,,,,,,,,,,,,,,,,,,
1676060244.928500,1676060244.929278,82.000000,0.000000,4284.230957,4326.538574,4309.358887,4318.846191,4298.333496,4282.179688,4300.384766,4288.589844,4303.846191,4266.794922,4491.666504,4469.871582,4351.025879,4391.794922,2740.000000,4.000000,85.000000,1,1,1,0.000000,4.000000,4.000000,4.000000,4.000000,4.000000,4.000000,4.000000,4.000000,4.000000,4.000000,4.000000,4.000000,4.000000,4.000000,100.000000,,,,,,,,,,,,,,,,,,,,,,,,,,,,,,,,,,,,,,,,,,,,,,,,,,,,,,,,,,,,,,,,,,,,,,,,,,,,,,,,,,,,,,
1676060244.936308,1676060244.936986,83.000000,0.000000,4270.512695,4310.384766,4291.922852,4305.897461,4289.743652,4277.563965,4289.743652,4273.333496,4290.769043,4270.128418,4468.461426,4454.358887,4336.025879,4374.871582,2937.000000,4.000000,85.000000,,,,0.000000,4.000000,4.000000,4.000000,4.000000,4.000000,4.000000,4.000000,4.000000,4.000000,4.000000,4.000000,4.000000,4.000000,4.000000,100.000000,,,,,,,,,,,,,,,,,,,,,,,,,,,,,,,,,,,,,,,,,,,,,,,,,,,,,,,,,,,,,,,,,,,,,,,,,,,,,,,,,,,,,,
1676060244.944117,1676060244.944795,84.000000,0.000000,4272.179688,4310.897461,4297.692383,4317.179688,4298.205078,4277.563965,4295.000000,4278.846191,4299.230957,4276.282227,4469.615234,4454.871582,4340.000000,4381.282227,3144.000000,4.000000,85.000000,,,,0.000000,4.000000,4.000000,4.000000,4.000000,4.000000,4.000000,4.000000,4.000000,4.000000,4.000000,4.000000,4.000000,4.000000,4.000000,100.000000,,,,,,,,,,,,,,,,,,,,,,,,,,,,,,,,,,,,,,,,,,,,,,,,,,,,,,,,,,,,,,,,,,,,,,,,,,,,,,,,,,,,,,
1676060244.951925,1676060244.952503,85.000000,0.000000,4286.282227,4329.743652,4315.897461,4332.307617,4302.948730,4283.077148,4306.153809,4298.333496,4315.641113,4287.692383,4486.025879,4475.641113,4357.307617,4402.820313,3261.000000,4.000000,85.000000,,,,0.000000,4.000000,4.000000,4.000000,4.000000,4.000000,4.000000,4.000000,4.000000,4.000000,4.000000,4.000000,4.000000,4.000000,4.000000,100.000000,,,,,,,,,,,,,,,,,,,,,,,,,,,,,,,,,,,,,,,,,,,,,,,,,,,,,,,,,,,,,,,,,,,,,,,,,,,,,,,,,,,,,,
1676060244.959733,1676060244.960312,86.000000,0.000000,4285.128418,4330.641113,4310.256348,4321.025879,4297.436035,4283.717773,4299.743652,4295.512695,4308.846191,4286.794922,4475.897461,4477.692383,4357.436035,4397.051270,2740.000000,4.000000,85.000000,,,,0.000000,4.000000,4.000000,4.000000,4.000000,4.000000,4.000000,4.000000,4.000000,4.000000,4.000000,4.000000,4.000000,4.000000,4.000000,100.000000,,,,,,,,,,,,,,,,,,,,,,,,,,,,,,,,,,,,,,,,,,,,,,,,,,,,,,,,,,,,,,,,,,,,,,,,,,,,,,,,,,,,,,
1676060244.967542,1676060244.968020,87.000000,0.000000,4266.666504,4302.563965,4289.230957,4299.358887,4291.153809,4277.307617,4281.538574,4268.333496,4288.846191,4257.948730,4443.974121,4449.230957,4335.128418,4368.717773,2937.000000,4.000000,85.000000,,,,0.000000,4.000000,4.000000,4.000000,4.000000,4.000000,4.000000,4.000000,4.000000,4.000000,4.000000,4.000000,4.000000,4.000000,4.000000,100.000000,,,,,,,,,,,,,,,,,,,,,,,,,,,,,,,,,,,,,,,,,,,,,,,,,,,,,,,,,,,,,,,,,,,,,,,,,,,,,,,,,,,,,,
1676060244.975350,1676060244.975829,88.000000,0.000000,4255.384766,4291.025879,4284.871582,4298.077148,4292.692383,4275.641113,4282.948730,4262.692383,4286.410156,4251.025879,4434.487305,4439.358887,4327.820313,4364.230957,3144.000000,4.000000,85.000000,,,,0.000000,4.000000,4.000000,4.000000,4.000000,4.000000,4.000000,4.000000,4.000000,4.000000,4.000000,4.000000,4.000000,4.000000,4.000000,100.000000,,,,,,,,,,,,,,,,,,,,,,,,,,,,,,,,,,,,,,,,,,,,,,,,,,,,,,,,,,,,,,,,,,,,,,,,,,,,,,,,,,,,,,
1676060244.983158,1676060244.983537,89.000000,0.000000,4274.871582,4315.897461,4303.717773,4317.051270,4304.743652,4282.051270,4304.102539,4291.922852,4303.589844,4283.077148,4461.666504,4469.487305,4356.794922,4395.256348,3261.000000,4.000000,85.000000,,,,0.000000,4.000000,4.000000,4.000000,4.000000,4.000000,4.000000,4.000000,4.000000,4.000000,4.000000,4.000000,4.000000,4.000000,4.000000,100.000000,,,,,,,,,,,,,,,,,,,,,,,,,,,,,,,,,,,,,,,,,,,,,,,,,,,,,,,,,,,,,,,,,,,,,,,,,,,,,,,,,,,,,,
1676060244.990967,1676060244.991346,90.000000,0.000000,4283.846191,4320.000000,4307.436035,4314.230957,4305.769043,4284.487305,4306.282227,4297.820313,4304.615234,4288.846191,4466.025879,4475.256348,4365.384766,4402.436035,2740.000000,4.000000,85.000000,,,,0.000000,4.000000,4.000000,4.000000,4.000000,4.000000,4.000000,4.000000,4.000000,4.000000,4.000000,4.000000,4.000000,4.000000,4.000000,100.000000,,,,,,,,,,,,,,,,,,,,,,,,,,,,,,,,,,,,,,,,,,,,,,,,,,,,,,,,,,,,,,,,,,,,,,,,,,,,,,,,,,,,,,
1676060244.998775,1676060244.999054,91.000000,0.000000,4265.897461,4296.025879,4288.846191,4293.846191,4292.179688,4281.282227,4290.512695,4277.563965,4292.179688,4270.128418,4441.025879,4450.769043,4343.974121,4381.666504,2937.000000,4.000000,85.000000,,,,0.000000,4.000000,4.000000,4.000000,4.000000,4.000000,4.000000,4.000000,4.000000,4.000000,4.000000,4.000000,4.000000,4.000000,4.000000,100.000000,,,,,,,,,,,,,,,,,,,,,,,,,,,,,,,,,,,,,,,,,,,,,,,,,,,,,,,,,,,,,,,,,,,,,,,,,,,,,,,,,,,,,,
1676060245.006584,1676060245.006963,92.000000,0.000000,4268.461426,4292.692383,4293.461426,4303.077148,4289.230957,4281.025879,4293.333496,4283.717773,4299.871582,4279.102539,4448.461426,4460.000000,4348.077148,4388.077148,3144.000000,4.000000,85.000000,,,,0.000000,4.000000,4.000000,4.000000,4.000000,4.000000,4.000000,4.000000,4.000000,4.000000,4.000000,4.000000,4.000000,4.000000,4.000000,100.000000,,,,,,,,,,,,,,,,,,,,,,,,,,,,,,,,,,,,,,,,,,,,,,,,,,,,,,,,,,,,,,,,,,,,,,,,,,,,,,,,,,,,,,
1676060245.014392,1676060245.014771,93.000000,0.000000,4285.897461,4305.897461,4312.051270,4316.410156,4299.358887,4280.641113,4304.358887,4301.282227,4310.384766,4292.307617,4465.769043,4479.102539,4365.641113,4405.128418,3261.000000,4.000000,85.000000,,,,0.000000,4.000000,4.000000,4.000000,4.000000,4.000000,4.000000,4.000000,4.000000,4.000000,4.000000,4.000000,4.000000,4.000000,4.000000,100.000000,,,,,,,,,,,,,,,,,,,,,,,,,,,,,,,,,,,,,,,,,,,,,,,,,,,,,,,,,,,,,,,,,,,,,,,,,,,,,,,,,,,,,,
1676060245.022200,1676060245.022679,94.000000,0.000000,4280.641113,4304.487305,4303.974121,4302.692383,4298.077148,4276.666504,4295.641113,4287.820313,4298.205078,4275.384766,4446.666504,4462.436035,4352.948730,4390.641113,2740.000000,4.000000,85.000000,,,,0.000000,4.000000,4.000000,4.000000,4.000000,4.000000,4.000000,4.000000,4.000000,4.000000,4.000000,4.000000,4.000000,4.000000,4.000000,100.000000,,,,,,,,,,,,,,,,,1.390603,0.799913,1.741148,0.719055,0.661345,4.233119,1.025401,1.426893,0.938936,0.675891,0.682803,0.867074,1.556679,0.754612,0.454575,2.108636,0.588437,1.410068,0.784837,0.428117,0.441485,0.439400,1.139848,0.497232,0.337334,1.476173,0.734629,1.283682,0.491328,0.277970,0.784717,0.428463,0.648425,0.448710,0.352459,0.480356,0.702039,0.909872,0.630889,0.347953,0.439325,0.500873,1.055359,0.525351,0.382665,0.869840,0.705280,1.773266,0.556803,0.600033,8.243448,3.360785,2.951249,1.306906,0.689220,1.911107,1.738007,2.480845,0.893134,0.492123,3.738697,1.331629,1.691475,1.230349,1.016791,1.623809,1.122837,2.180115,1.027748,0.751390
1676060245.030009,1676060245.030488,95.000000,0.000000,4275.128418,4299.743652,4294.102539,4299.102539,4291.666504,4278.333496,4289.102539,4272.179688,4293.205078,4271.794922,4432.307617,4451.666504,4339.615234,4381.153809,2937.000000,4.000000,85.000000,,,,0.000000,4.000000,4.000000,4.000000,4.000000,4.000000,4.000000,4.000000,4.000000,4.000000,4.000000,4.000000,4.000000,4.000000,4.000000,100.000000,,,,,,,,,,,,,,,,,,,,,,,,,,,,,,,,,,,,,,,,,,,,,,,,,,,,,,,,,,,,,,,,,,,,,,,,,,,,,,,,,,,,,,
1676060245.037817,1676060245.038396,96.000000,0.000000,4282.563965,4305.384766,4300.897461,4313.974121,4293.846191,4279.615234,4295.128418,4284.230957,4303.461426,4279.230957,4445.128418,4461.538574,4352.051270,4395.897461,3144.000000,4.000000,85.000000,,,,0.000000,4.000000,4.000000,4.000000,4.000000,4.000000,4.000000,4.000000,4.000000,4.000000,4.000000,4.000000,4.000000,4.000000,4.000000,100.000000,,,,,,,,,,,,,,,,,,,,,,,,,,,,,,,,,,,,,,,,,,,,,,,,,,,,,,,,,,,,,,,,,,,,,,,,,,,,,,,,,,,,,,
1676060245.045626,1676060245.046205,97.000000,0.000000,4284.743652,4311.666504,4301.410156,4314.358887,4297.307617,4277.563965,4299.871582,4297.307617,4300.256348,4264.871582,4445.641113,4460.000000,4360.128418,4397.692383,3261.000000,4.000000,85.000000,,,,0.000000,4.000000,4.000000,4.000000,4.000000,4.000000,4.000000,4.000000,4.000000,4.000000,4.000000,4.000000,4.000000,4.000000,4.000000,100.000000,,,,,,,,,,,,,,,,,,,,,,,,,,,,,,,,,,,,,,,,,,,,,,,,,,,,,,,,,,,,,,,,,,,,,,,,,,,,,,,,,,,,,,
1676060245.053434,1676060245.054113,98.000000,0.000000,4282.051270,4310.512695,4300.128418,4308.077148,4297.563965,4285.128418,4303.205078,4291.794922,4294.871582,4258.077148,4434.102539,4458.589844,4353.974121,4388.846191,2740.000000,4.000000,85.000000,,,,0.000000,4.000000,4.000000,4.000000,4.000000,4.000000,4.000000,4.000000,4.000000,4.000000,4.000000,4.000000,4.000000,4.000000,4.000000,100.000000,,,,,,,,,,,,,,,,,,,,,,,,,,,,,,,,,,,,,,,,,,,,,,,,,,,,,,,,,,,,,,,,,,,,,,,,,,,,,,,,,,,,,,
1676060245.061242,1676060245.061921,99.000000,0.000000,4274.102539,4300.641113,4297.563965,4304.487305,4293.717773,4288.846191,4300.897461,4279.871582,4297.179688,4267.307617,4419.871582,4454.743652,4339.615234,4377.563965,2937.000000,4.000000,85.000000,,,,0.000000,4.000000,4.000000,4.000000,4.000000,4.000000,4.000000,4.000000,4.000000,4.000000,4.000000,4.000000,4.000000,4.000000,4.000000,100.000000,,,,,,,,,,,,,,,,,,,,,,,,,,,,,,,,,,,,,,,,,,,,,,,,,,,,,,,,,,,,,,,,,,,,,,,,,,,,,,,,,,,,,,
1676060245.069051,1676060245.069830,100.000000,0.000000,4262.948730,4292.820313,4284.102539,4294.615234,4292.692383,4281.025879,4291.666504,4276.282227,4288.461426,4264.358887,4402.948730,4437.692383,4323.589844,4366.538574,3144.000000,4.000000,85.000000,,,,0.000000,4.000000,4.000000,4.000000,4.000000,4.000000,4.000000,4.000000,4.000000,4.000000,4.000000,4.000000,4.000000,4.000000,4.000000,100.000000,,,,,,,,,,,,,,,,,,,,,,,,,,,,,,,,,,,,,,,,,,,,,,,,,,,,,,,,,,,,,,,,,,,,,,,,,,,,,,,,,,,,,,
1676060245.076859,1676060245.077638,101.000000,0.000000,4261.794922,4295.384766,4280.512695,4291.666504,4295.256348,4281.922852,4291.794922,4279.615234,4279.230957,4258.461426,4404.487305,4434.615234,4323.974121,4371.410156,3261.000000,4.000000,85.000000,,,,0.000000,4.000000,4.000000,4.000000,4.000000,4.000000,4.000000,4.000000,4.000000,4.000000,4.000000,4.000000,4.000000,4.000000,4.000000,100.000000,,,,,,,,,,,,,,,,,,,,,,,,,,,,,,,,,,,,,,,,,,,,,,,,,,,,,,,,,,,,,,,,,,,,,,,,,,,,,,,,,,,,,,
1676060245.084668,1676060245.085347,102.000000,0.000000,4268.846191,4299.871582,4289.487305,4296.922852,4293.333496,4284.871582,4297.692383,4278.461426,4285.512695,4263.717773,4415.641113,4450.512695,4338.974121,4380.000000,2740.000000,4.000000,85.000000,,,,0.000000,4.000000,4.000000,4.000000,4.000000,4.000000,4.000000,4.000000,4.000000,4.000000,4.000000,4.000000,4.000000,4.000000,4.000000,100.000000,,,,,,,,,,,,,,,,,,,,,,,,,,,,,,,,,,,,,,,,,,,,,,,,,,,,,,,,,,,,,,,,,,,,,,,,,,,,,,,,,,,,,,
1676060245.092476,1676060245.093155,103.000000,0.000000,4277.563965,4308.846191,4294.230957,4303.846191,4292.179688,4278.846191,4297.179688,4280.769043,4295.641113,4261.794922,4420.641113,4460.512695,4350.897461,4385.641113,2937.000000,4.000000,85.000000,,,,0.000000,4.000000,4.000000,4.000000,4.000000,4.000000,4.000000,4.000000,4.000000,4.000000,4.000000,4.000000,4.000000,4.000000,4.000000,100.000000,,,,,,,,,,,,,,,,,,,,,,,,,,,,,,,,,,,,,,,,,,,,,,,,,,,,,,,,,,,,,,,,,,,,,,,,,,,,,,,,,,,,,,
1676060245.100284,1676060245.100864,104.000000,0.000000,4283.077148,4314.230957,4303.333496,4310.897461,4300.384766,4280.256348,4297.051270,4289.871582,4300.000000,4263.717773,4426.538574,4462.820313,4353.461426,4396.410156,3144.000000,4.000000,85.000000,,,,0.000000,4.000000,4.000000,4.000000,4.000000,4.000000,4.000000,4.000000,4.000000,4.000000,4.000000,4.000000,4.000000,4.000000,4.000000,100.000000,,,,,,,,,,,,,,,,,,,,,,,,,,,,,,,,,,,,,,,,,,,,,,,,,,,,,,,,,,,,,,,,,,,,,,,,,,,,,,,,,,,,,,
1676060245.108093,1676060245.108772,105.000000,0.000000,4279.871582,4303.589844,4308.205078,4310.256348,4303.846191,4285.128418,4296.282227,4289.358887,4298.461426,4276.282227,4428.589844,4461.538574,4346.538574,4395.256348,3261.000000,4.000000,85.000000,,,,0.000000,4.000000,4.000000,4.000000,4.000000,4.000000,4.000000,4.000000,4.000000,4.000000,4.000000,4.000000,4.000000,4.000000,4.000000,100.000000,,,,,,,,,,,,,,,,,,,,,,,,,,,,,,,,,,,,,,,,,,,,,,,,,,,,,,,,,,,,,,,,,,,,,,,,,,,,,,,,,,,,,,
1676060245.115901,1676060245.116581,106.000000,0.000000,4277.820313,4301.922852,4299.743652,4307.563965,4298.205078,4282.051270,4294.615234,4282.436035,4296.666504,4280.000000,4423.333496,4459.230957,4343.077148,4384.487305,2740.000000,4.000000,85.000000,,,,0.000000,4.000000,4.000000,4.000000,4.000000,4.000000,4.000000,4.000000,4.000000,4.000000,4.000000,4.000000,4.000000,4.000000,4.000000,100.000000,,,,,,,,,,,,,,,,,,,,,,,,,,,,,,,,,,,,,,,,,,,,,,,,,,,,,,,,,,,,,,,,,,,,,,,,,,,,,,,,,,,,,,
1676060245.123709,1676060245.124389,107.000000,0.000000,4281.410156,4313.589844,4295.512695,4307.179688,4298.077148,4281.922852,4298.846191,4286.922852,4302.051270,4278.461426,4427.692383,4461.538574,4347.948730,4386.666504,2937.000000,4.000000,85.000000,,,,0.000000,4.000000,4.000000,4.000000,4.000000,4.000000,4.000000,4.000000,4.000000,4.000000,4.000000,4.000000,4.000000,4.000000,4.000000,100.000000,,,,,,,,,,,,,,,,,,,,,,,,,,,,,,,,,,,,,,,,,,,,,,,,,,,,,,,,,,,,,,,,,,,,,,,,,,,,,,,,,,,,,,
1676060245.131518,1676060245.132098,108.000000,0.000000,4276.025879,4303.974121,4295.000000,4297.179688,4297.051270,4280.256348,4296.025879,4291.153809,4302.948730,4275.641113,4436.538574,4458.589844,4345.000000,4388.333496,3144.000000,4.000000,85.000000,,,,0.000000,4.000000,4.000000,4.000000,4.000000,4.000000,4.000000,4.000000,4.000000,4.000000,4.000000,4.000000,4.000000,4.000000,4.000000,100.000000,,,,,,,,,,,,,,,,,,,,,,,,,,,,,,,,,,,,,,,,,,,,,,,,,,,,,,,,,,,,,,,,,,,,,,,,,,,,,,,,,,,,,,
1676060245.139326,1676060245.139906,109.000000,0.000000,4274.871582,4292.179688,4294.487305,4292.051270,4294.871582,4275.769043,4291.153809,4290.512695,4295.000000,4273.974121,4441.410156,4458.205078,4344.102539,4390.000000,3261.000000,4.000000,85.000000,,,,0.000000,4.000000,4.000000,4.000000,4.000000,4.000000,4.000000,4.000000,4.000000,4.000000,4.000000,4.000000,4.000000,4.000000,4.000000,100.000000,,,,,,,,,,,,,,,,,,,,,,,,,,,,,,,,,,,,,,,,,,,,,,,,,,,,,,,,,,,,,,,,,,,,,,,,,,,,,,,,,,,,,,
1676060245.147135,1676060245.147615,110.000000,0.000000,4279.358887,4300.641113,4297.948730,4297.563965,4297.179688,4280.256348,4297.948730,4294.743652,4296.538574,4276.025879,4447.948730,4464.358887,4356.538574,4398.717773,2740.000000,4.000000,85.000000,,,,0.000000,4.000000,4.000000,4.000000,4.000000,4.000000,4.000000,4.000000,4.000000,4.000000,4.000000,4.000000,4.000000,4.000000,4.000000,100.000000,,,,,,,,,,,,,,,,,1.237185,0.811172,1.850125,0.768080,0.684033,3.174513,0.818852,1.423961,0.799495,0.634855,0.555432,0.813095,1.542618,0.729446,0.475172,1.506613,0.593194,1.388908,0.679347,0.427061,0.524597,0.397303,1.135540,0.428434,0.340706,0.843832,0.467335,0.998631,0.427238,0.262522,0.515280,0.332326,0.607278,0.467185,0.364244,0.454002,0.766787,0.953114,0.656099,0.361855,0.434277,0.622890,1.161232,0.557605,0.384496,0.860433,0.828682,1.809152,0.655922,0.607076,7.642273,4.072201,3.065930,1.442396,0.715079,1.468040,1.731229,2.465633,1.006839,0.534107,2.907937,1.318858,1.852260,1.342035,1.065939,1.403224,1.206856,2.160631,1.081489,0.798546
1676060245.154943,1676060245.155423,111.000000,0.000000,4267.820313,4290.769043,4288.333496,4286.153809,4287.307617,4279.230957,4293.461426,4286.025879,4294.615234,4268.717773,4430.128418,4445.641113,4343.717773,4383.717773,2937.000000,4.000000,85.000000,,,,0.000000,4.000000,4.000000,4.000000,4.000000,4.000000,4.000000,4.000000,4.000000,4.000000,4.000000,4.000000,4.000000,4.000000,4.000000,100.000000,,,,,,,,,,,,,,,,,,,,,,,,,,,,,,,,,,,,,,,,,,,,,,,,,,,,,,,,,,,,,,,,,,,,,,,,,,,,,,,,,,,,,,
1676060245.162751,1676060245.163132,112.000000,0.000000,4261.410156,4277.692383,4279.102539,4280.384766,4277.179688,4275.512695,4283.717773,4271.666504,4287.436035,4255.512695,4407.436035,4427.692383,4326.153809,4369.230957,3144.000000,4.000000,85.000000,,,,0.000000,4.000000,4.000000,4.000000,4.000000,4.000000,4.000000,4.000000,4.000000,4.000000,4.000000,4.000000,4.000000,4.000000,4.000000,100.000000,,,,,,,,,,,,,,,,,,,,,,,,,,,,,,,,,,,,,,,,,,,,,,,,,,,,,,,,,,,,,,,,,,,,,,,,,,,,,,,,,,,,,,
1676060245.170560,1676060245.170940,113.000000,0.000000,4278.077148,4297.692383,4296.153809,4298.717773,4291.794922,4283.589844,4295.897461,4285.128418,4299.615234,4261.025879,4425.641113,4449.871582,4347.307617,4390.512695,3261.000000,4.000000,85.000000,,,,0.000000,4.000000,4.000000,4.000000,4.000000,4.000000,4.000000,4.000000,4.000000,4.000000,4.000000,4.000000,4.000000,4.000000,4.000000,100.000000,,,,,,,,,,,,,,,,,,,,,,,,,,,,,,,,,,,,,,,,,,,,,,,,,,,,,,,,,,,,,,,,,,,,,,,,,,,,,,,,,,,,,,
1676060245.178368,1676060245.178649,114.000000,0.000000,4284.102539,4310.512695,4310.897461,4304.358887,4300.256348,4286.410156,4307.436035,4302.692383,4312.563965,4275.897461,4447.820313,4471.153809,4362.436035,4403.846191,2740.000000,4.000000,85.000000,,,,0.000000,4.000000,4.000000,4.000000,4.000000,4.000000,4.000000,4.000000,4.000000,4.000000,4.000000,4.000000,4.000000,4.000000,4.000000,100.000000,,,,,,,,,,,,,,,,,,,,,,,,,,,,,,,,,,,,,,,,,,,,,,,,,,,,,,,,,,,,,,,,,,,,,,,,,,,,,,,,,,,,,,
1676060245.186176,1676060245.186557,115.000000,0.000000,4275.641113,4295.384766,4304.743652,4291.922852,4284.358887,4282.563965,4303.077148,4297.307617,4308.205078,4281.666504,4440.769043,4466.794922,4349.102539,4393.717773,2937.000000,4.000000,85.000000,,,,0.000000,4.000000,4.000000,4.000000,4.000000,4.000000,4.000000,4.000000,4.000000,4.000000,4.000000,4.000000,4.000000,4.000000,4.000000,100.000000,,,,,,,,,,,,,,,,,,,,,,,,,,,,,,,,,,,,,,,,,,,,,,,,,,,,,,,,,,,,,,,,,,,,,,,,,,,,,,,,,,,,,,
1676060245.193985,1676060245.194365,116.000000,0.000000,4280.512695,4290.256348,4300.769043,4293.846191,4285.641113,4291.410156,4302.436035,4289.871582,4302.692383,4281.922852,4434.743652,4462.307617,4344.102539,4393.205078,3144.000000,4.000000,85.000000,,,,0.000000,4.000000,4.000000,4.000000,4.000000,4.000000,4.000000,4.000000,4.000000,4.000000,4.000000,4.000000,4.000000,4.000000,4.000000,100.000000,,,,,,,,,,,,,,,,,,,,,,,,,,,,,,,,,,,,,,,,,,,,,,,,,,,,,,,,,,,,,,,,,,,,,,,,,,,,,,,,,,,,,,
1676060245.201793,1676060245.202274,117.000000,0.000000,4282.820313,4300.641113,4300.384766,4302.307617,4306.410156,4294.358887,4303.333496,4292.436035,4303.589844,4273.077148,4442.948730,4457.179688,4346.666504,4392.307617,3261.000000,4.000000,85.000000,,,,0.000000,4.000000,4.000000,4.000000,4.000000,4.000000,4.000000,4.000000,4.000000,4.000000,4.000000,4.000000,4.000000,4.000000,4.000000,100.000000,,,,,,,,,,,,,,,,,,,,,,,,,,,,,,,,,,,,,,,,,,,,,,,,,,,,,,,,,,,,,,,,,,,,,,,,,,,,,,,,,,,,,,
1676060245.209602,1676060245.210082,118.000000,0.000000,4265.128418,4293.589844,4287.436035,4288.205078,4303.589844,4279.743652,4291.794922,4283.333496,4294.743652,4261.794922,4438.717773,4441.922852,4334.743652,4373.205078,2740.000000,4.000000,85.000000,,,,0.000000,4.000000,4.000000,4.000000,4.000000,4.000000,4.000000,4.000000,4.000000,4.000000,4.000000,4.000000,4.000000,4.000000,4.000000,100.000000,,,,,,,,,,,,,,,,,,,,,,,,,,,,,,,,,,,,,,,,,,,,,,,,,,,,,,,,,,,,,,,,,,,,,,,,,,,,,,,,,,,,,,
1676060245.217410,1676060245.217990,119.000000,0.000000,4259.102539,4284.358887,4281.922852,4279.230957,4291.922852,4280.512695,4288.077148,4274.102539,4291.153809,4267.820313,4440.384766,4437.436035,4329.743652,4368.461426,2937.000000,4.000000,85.000000,,,,0.000000,4.000000,4.000000,4.000000,4.000000,4.000000,4.000000,4.000000,4.000000,4.000000,4.000000,4.000000,4.000000,4.000000,4.000000,100.000000,,,,,,,,,,,,,,,,,,,,,,,,,,,,,,,,,,,,,,,,,,,,,,,,,,,,,,,,,,,,,,,,,,,,,,,,,,,,,,,,,,,,,,
1676060245.225218,1676060245.225799,120.000000,0.000000,4274.487305,4298.846191,4297.692383,4299.102539,4301.153809,4290.384766,4298.717773,4290.769043,4310.128418,4282.051270,4475.256348,4453.205078,4347.307617,4386.922852,3144.000000,4.000000,85.000000,,,,0.000000,4.000000,4.000000,4.000000,4.000000,4.000000,4.000000,4.000000,4.000000,4.000000,4.000000,4.000000,4.000000,4.000000,4.000000,100.000000,,,,,,,,,,,,,,,,,,,,,,,,,,,,,,,,,,,,,,,,,,,,,,,,,,,,,,,,,,,,,,,,,,,,,,,,,,,,,,,,,,,,,,
1676060245.233027,1676060245.233707,121.000000,0.000000,4284.358887,4315.897461,4312.692383,4316.282227,4313.974121,4286.794922,4302.179688,4308.077148,4319.743652,4281.666504,4520.256348,4468.461426,4364.487305,4401.410156,3261.000000,4.000000,85.000000,,,,0.000000,4.000000,4.000000,4.000000,4.000000,4.000000,4.000000,4.000000,4.000000,4.000000,4.000000,4.000000,4.000000,4.000000,4.000000,100.000000,,,,,,,,,,,,,,,,,,,,,,,,,,,,,,,,,,,,,,,,,,,,,,,,,,,,,,,,,,,,,,,,,,,,,,,,,,,,,,,,,,,,,,
1676060245.240835,1676060245.241516,122.000000,0.000000,4282.563965,4309.358887,4310.769043,4307.692383,4311.922852,4284.230957,4296.922852,4301.025879,4311.153809,4273.589844,4542.179688,4468.589844,4363.461426,4401.282227,2740.000000,4.000000,85.000000,,,,0.000000,4.000000,4.000000,4.000000,4.000000,4.000000,4.000000,4.000000,4.000000,4.000000,4.000000,4.000000,4.000000,4.000000,4.000000,100.000000,,,,,,,,,,,,,,,,,,,,,,,,,,,,,,,,,,,,,,,,,,,,,,,,,,,,,,,,,,,,,,,,,,,,,,,,,,,,,,,,,,,,,,
1676060245.248644,1676060245.249424,123.000000,0.000000,4279.102539,4288.846191,4300.512695,4292.179688,4297.692383,4285.641113,4295.641113,4290.384766,4305.256348,4275.000000,4542.051270,4458.846191,4347.307617,4391.153809,2937.000000,4.000000,85.000000,,,,0.000000,4.000000,4.000000,4.000000,4.000000,4.000000,4.000000,4.000000,4.000000,4.000000,4.000000,4.000000,4.000000,4.000000,4.000000,100.000000,,,,,,,,,,,,,,,,,,,,,,,,,,,,,,,,,,,,,,,,,,,,,,,,,,,,,,,,,,,,,,,,,,,,,,,,,,,,,,,,,,,,,,
1676060245.256452,1676060245.257232,124.000000,0.000000,4276.025879,4279.615234,4297.051270,4287.179688,4288.461426,4281.538574,4294.230957,4290.769043,4302.307617,4276.922852,4548.461426,4454.358887,4336.538574,4384.871582,3144.000000,4.000000,85.000000,,,,0.000000,4.000000,4.000000,4.000000,4.000000,4.000000,4.000000,4.000000,4.000000,4.000000,4.000000,4.000000,4.000000,4.000000,4.000000,100.000000,,,,,,,,,,,,,,,,,,,,,,,,,,,,,,,,,,,,,,,,,,,,,,,,,,,,,,,,,,,,,,,,,,,,,,,,,,,,,,,,,,,,,,
1676060245.264260,1676060245.264941,125.000000,0.000000,4277.436035,4289.487305,4304.487305,4292.820313,4300.897461,4282.179688,4292.436035,4292.948730,4298.461426,4277.436035,4566.410156,4462.051270,4343.974121,4395.256348,3261.000000,4.000000,85.000000,,,,0.000000,4.000000,4.000000,4.000000,4.000000,4.000000,4.000000,4.000000,4.000000,4.000000,4.000000,4.000000,4.000000,4.000000,4.000000,100.000000,,,,,,,,,,,,,,,,,,,,,,,,,,,,,,,,,,,,,,,,,,,,,,,,,,,,,,,,,,,,,,,,,,,,,,,,,,,,,,,,,,,,,,
1676060245.272069,1676060245.272749,126.000000,0.000000,4290.897461,4310.384766,4320.769043,4309.230957,4319.487305,4294.358887,4303.974121,4301.153809,4310.128418,4289.358887,4580.641113,4477.948730,4361.025879,4416.666504,2740.000000,4.000000,85.000000,,,,0.000000,4.000000,4.000000,4.000000,4.000000,4.000000,4.000000,4.000000,4.000000,4.000000,4.000000,4.000000,4.000000,4.000000,4.000000,100.000000,,,,,,,,,,,,,,,,,1.251087,0.889114,1.927642,0.852142,0.692008,2.272646,0.746671,1.437934,0.718425,0.593013,0.509506,0.842122,1.563967,0.754355,0.506336,1.089394,0.666877,1.368501,0.647397,0.438383,0.531976,0.386072,1.108153,0.366381,0.336542,0.533961,0.346271,0.840900,0.356704,0.249225,0.415788,0.287332,0.558658,0.474457,0.384314,0.505685,0.856430,0.967481,0.664741,0.406394,0.479895,0.782715,1.245637,0.573667,0.399798,0.886007,0.998227,1.794381,0.756926,0.651223,7.450989,4.472338,3.023116,1.483714,0.767994,1.178107,1.842523,2.398176,1.101387,0.600583,2.109990,1.332225,1.951091,1.357493,1.097753,1.254388,1.354500,2.119876,1.082832,0.871126
1676060245.279877,1676060245.280458,127.000000,0.000000,4294.615234,4310.641113,4317.820313,4311.282227,4318.205078,4297.563965,4309.743652,4304.487305,4318.333496,4287.692383,4567.051270,4475.384766,4357.820313,4414.230957,85.000000,4.000000,85.000000,,,,0.000000,4.000000,4.000000,4.000000,4.000000,4.000000,4.000000,4.000000,4.000000,4.000000,4.000000,4.000000,4.000000,4.000000,4.000000,100.000000,,,,,,,,,,,,,,,,,,,,,,,,,,,,,,,,,,,,,,,,,,,,,,,,,,,,,,,,,,,,,,,,,,,,,,,,,,,,,,,,,,,,,,
1676060245.287686,1676060245.288266,0.000000,0.000000,4270.000000,4283.846191,4287.820313,4285.641113,4299.487305,4284.230957,4291.922852,4284.871582,4298.717773,4261.538574,4528.333496,4443.717773,4332.307617,4383.717773,2523.000000,4.000000,85.000000,,,,0.000000,4.000000,4.000000,4.000000,4.000000,4.000000,4.000000,4.000000,4.000000,4.000000,4.000000,4.000000,4.000000,4.000000,4.000000,100.000000,,,,,,,,,,,,,,,,,,,,,,,,,,,,,,,,,,,,,,,,,,,,,,,,,,,,,,,,,,,,,,,,,,,,,,,,,,,,,,,,,,,,,,
1676060245.295494,1676060245.295975,1.000000,0.000000,4256.410156,4278.205078,4278.589844,4275.000000,4295.897461,4276.794922,4286.025879,4275.769043,4289.871582,4260.512695,4511.410156,4430.641113,4324.358887,4371.410156,2471.000000,4.000000,85.000000,,,,0.000000,4.000000,4.000000,4.000000,4.000000,4.000000,4.000000,4.000000,4.000000,4.000000,4.000000,4.000000,4.000000,4.000000,4.000000,100.000000,,,,,,,,,,,,,,,,,,,,,,,,,,,,,,,,,,,,,,,,,,,,,,,,,,,,,,,,,,,,,,,,,,,,,,,,,,,,,,,,,,,,,,
1676060245.303302,1676060245.303783,2.000000,0.000000,4271.282227,4301.666504,4300.769043,4294.871582,4306.282227,4285.641113,4300.512695,4296.153809,4304.615234,4281.922852,4521.794922,4454.871582,4338.461426,4389.358887,2404.000000,4.000000,85.000000,,,,0.000000,4.000000,4.000000,4.000000,4.000000,4.000000,4.000000,4.000000,4.000000,4.000000,4.000000,4.000000,4.000000,4.000000,4.000000,100.000000,,,,,,,,,,,,,,,,,,,,,,,,,,,,,,,,,,,,,,,,,,,,,,,,,,,,,,,,,,,,,,,,,,,,,,,,,,,,,,,,,,,,,,
1676060245.311111,1676060245.311492,3.000000,0.000000,4285.512695,4313.333496,4317.436035,4309.615234,4305.769043,4296.025879,4309.358887,4310.000000,4314.358887,4282.307617,4528.589844,4475.769043,4351.153809,4409.102539,2459.000000,4.000000,85.000000,,,,0.000000,4.000000,4.000000,4.000000,4.000000,4.000000,4.000000,4.000000,4.000000,4.000000,4.000000,4.000000,4.000000,4.000000,4.000000,100.000000,,,,,,,,,,,,,,,,,,,,,,,,,,,,,,,,,,,,,,,,,,,,,,,,,,,,,,,,,,,,,,,,,,,,,,,,,,,,,,,,,,,,,,
1676060245.318919,1676060245.319300,4.000000,0.000000,4290.128418,4313.077148,4318.717773,4308.461426,4299.102539,4291.794922,4307.307617,4303.589844,4312.436035,4277.179688,4525.384766,4477.820313,4354.871582,4416.794922,2433.000000,4.000000,85.000000,,,,0.000000,4.000000,4.000000,4.000000,4.000000,4.000000,4.000000,4.000000,4.000000,4.000000,4.000000,4.000000,4.000000,4.000000,4.000000,100.000000,,,,,,,,,,,,,,,,,,,,,,,,,,,,,,,,,,,,,,,,,,,,,,,,,,,,,,,,,,,,,,,,,,,,,,,,,,,,,,,,,,,,,,
1676060245.326728,1676060245.327009,5.000000,0.000000,4291.282227,4328.589844,4317.692383,4308.461426,4295.897461,4281.153809,4301.538574,4297.307617,4306.153809,4284.230957,4515.897461,4474.743652,4349.102539,4414.615234,2379.000000,4.000000,85.000000,,,,0.000000,4.000000,4.000000,4.000000,4.000000,4.000000,4.000000,4.000000,4.000000,4.000000,4.000000,4.000000,4.000000,4.000000,4.000000,100.000000,,,,,,,,,,,,,,,,,,,,,,,,,,,,,,,,,,,,,,,,,,,,,,,,,,,,,,,,,,,,,,,,,,,,,,,,,,,,,,,,,,,,,,
1676060245.334536,1676060245.334917,6.000000,0.000000,4287.563965,4339.230957,4317.179688,4316.410156,4297.179688,4277.820313,4296.153809,4293.205078,4298.205078,4277.563965,4492.948730,4466.282227,4334.487305,4404.615234,2231.000000,4.000000,85.000000,,,,0.000000,4.000000,4.000000,4.000000,4.000000,4.000000,4.000000,4.000000,4.000000,4.000000,4.000000,4.000000,4.000000,4.000000,4.000000,100.000000,,,,,,,,,,,,,,,,,,,,,,,,,,,,,,,,,,,,,,,,,,,,,,,,,,,,,,,,,,,,,,,,,,,,,,,,,,,,,,,,,,,,,,
1676060245.342344,1676060245.342726,7.000000,0.000000,4279.615234,4327.436035,4306.153809,4316.153809,4298.077148,4281.025879,4292.948730,4278.461426,4281.794922,4243.717773,4458.717773,4442.820313,4308.333496,4384.871582,2227.000000,4.000000,85.000000,,,,0.000000,4.000000,4.000000,4.000000,4.000000,4.000000,4.000000,4.000000,4.000000,4.000000,4.000000,4.000000,4.000000,4.000000,4.000000,100.000000,,,,,,,,,,,,,,,,,,,,,,,,,,,,,,,,,,,,,,,,,,,,,,,,,,,,,,,,,,,,,,,,,,,,,,,,,,,,,,,,,,,,,,
1676060245.350153,1676060245.350634,8.000000,0.000000,4275.769043,4330.000000,4296.410156,4311.794922,4299.743652,4282.051270,4293.077148,4269.743652,4273.205078,4232.948730,4440.512695,4430.384766,4294.230957,4371.666504,2271.000000,4.000000,85.000000,,,,0.000000,4.000000,4.000000,4.000000,4.000000,4.000000,4.000000,4.000000,4.000000,4.000000,4.000000,4.000000,4.000000,4.000000,4.000000,100.000000,,,,,,,,,,,,,,,,,,,,,,,,,,,,,,,,,,,,,,,,,,,,,,,,,,,,,,,,,,,,,,,,,,,,,,,,,,,,,,,,,,,,,,
1676060245.357961,1676060245.358443,9.000000,0.000000,4278.461426,4349.358887,4301.410156,4322.179688,4302.563965,4281.410156,4293.974121,4285.128418,4291.153809,4267.307617,4448.205078,4449.358887,4307.692383,4381.922852,2244.000000,4.000000,85.000000,,,,0.000000,4.000000,4.000000,4.000000,4.000000,4.000000,4.000000,4.000000,4.000000,4.000000,4.000000,4.000000,4.000000,4.000000,4.000000,100.000000,,,,,,,,,,,,,,,,,,,,,,,,,,,,,,,,,,,,,,,,,,,,,,,,,,,,,,,,,,,,,,,,,,,,,,,,,,,,,,,,,,,,,,
1676060245.365769,1676060245.366351,10.000000,0.000000,4285.769043,4354.615234,4313.205078,4335.769043,4307.307617,4281.410156,4293.717773,4299.358887,4312.179688,4292.820313,4462.051270,4471.153809,4324.871582,4399.230957,2742.000000,4.000000,85.000000,,,,0.000000,4.000000,4.000000,4.000000,4.000000,4.000000,4.000000,4.000000,4.000000,4.000000,4.000000,4.000000,4.000000,4.000000,4.000000,100.000000,,,,,,,,,,,,,,,,,,,,,,,,,,,,,,,,,,,,,,,,,,,,,,,,,,,,,,,,,,,,,,,,,,,,,,,,,,,,,,,,,,,,,,
1676060245.373578,1676060245.374159,11.000000,0.000000,4291.538574,4350.769043,4316.282227,4337.948730,4306.538574,4280.512695,4296.282227,4297.820313,4310.000000,4277.307617,4465.128418,4476.153809,4331.282227,4403.589844,2920.000000,4.000000,85.000000,,,,0.000000,4.000000,4.000000,4.000000,4.000000,4.000000,4.000000,4.000000,4.000000,4.000000,4.000000,4.000000,4.000000,4.000000,4.000000,100.000000,,,,,,,,,,,,,,,,,,,,,,,,,,,,,,,,,,,,,,,,,,,,,,,,,,,,,,,,,,,,,,,,,,,,,,,,,,,,,,,,,,,,,,
1676060245.381386,1676060245.382068,12.000000,0.000000,4285.512695,4349.102539,4306.794922,4334.102539,4296.153809,4279.743652,4293.461426,4292.051270,4297.307617,4262.692383,4452.179688,4470.384766,4325.384766,4396.153809,3126.000000,4.000000,85.000000,,,,0.000000,4.000000,4.000000,4.000000,4.000000,4.000000,4.000000,4.000000,4.000000,4.000000,4.000000,4.000000,4.000000,4.000000,4.000000,100.000000,,,,,,,,,,,,,,,,,,,,,,,,,,,,,,,,,,,,,,,,,,,,,,,,,,,,,,,,,,,,,,,,,,,,,,,,,,,,,,,,,,,,,,
1676060245.389194,1676060245.389876,13.000000,0.000000,4269.615234,4334.871582,4294.230957,4329.615234,4294.358887,4275.769043,4281.666504,4282.692383,4292.051270,4266.794922,4427.436035,4455.897461,4305.897461,4378.974121,3241.000000,4.000000,85.000000,,,,0.000000,4.000000,4.000000,4.000000,4.000000,4.000000,4.000000,4.000000,4.000000,4.000000,4.000000,4.000000,4.000000,4.000000,4.000000,100.000000,,,,,,,,,,,,,,,,,,,,,,,,,,,,,,,,,,,,,,,,,,,,,,,,,,,,,,,,,,,,,,,,,,,,,,,,,,,,,,,,,,,,,,
1676060245.397003,1676060245.397785,14.000000,0.000000,4260.641113,4323.205078,4289.743652,4326.922852,4296.410156,4271.922852,4283.461426,4279.230957,4292.692383,4259.615234,4418.077148,4448.846191,4300.641113,4370.897461,2742.000000,4.000000,85.000000,,,,0.000000,4.000000,4.000000,4.000000,4.000000,4.000000,4.000000,4.000000,4.000000,4.000000,4.000000,4.000000,4.000000,4.000000,4.000000,100.000000,1.000000,100.000000,4.000000,4.000000,4.000000,4.000000,4.000000,4.000000,4.000000,4.000000,4.000000,4.000000,4.000000,4.000000,4.000000,4.000000,1.407804,1.030653,1.951293,0.938841,0.682044,1.633737,0.786389,1.466482,0.688418,0.570065,0.545181,0.946617,1.610609,0.810486,0.552126,0.911484,0.765940,1.350524,0.674388,0.464134,0.513648,0.387885,1.043208,0.319102,0.330373,0.467939,0.339780,0.756678,0.292187,0.237025,0.409405,0.270125,0.525669,0.472456,0.414014,0.533814,0.917976,0.972482,0.662589,0.487845,0.558444,0.921652,1.308426,0.581408,0.428949,0.935733,1.144686,1.751843,0.851689,0.723352,7.300643,4.490193,2.787683,1.437361,0.842006,1.076437,2.027165,2.281060,1.164574,0.688941,1.464304,1.363540,1.930580,1.280952,1.103718,1.188014,1.510703,2.048463,1.043286,0.945170
1676060245.404811,1676060245.405593,15.000000,0.000000,4272.051270,4336.666504,4298.717773,4338.205078,4291.538574,4276.153809,4302.179688,4292.820313,4297.948730,4255.000000,4435.897461,4466.153809,4321.666504,4383.974121,2920.000000,4.000000,85.000000,,,,0.000000,4.000000,4.000000,4.000000,4.000000,4.000000,4.000000,4.000000,4.000000,4.000000,4.000000,4.000000,4.000000,4.000000,4.000000,100.000000,,,,,,,,,,,,,,,,,,,,,,,,,,,,,,,,,,,,,,,,,,,,,,,,,,,,,,,,,,,,,,,,,,,,,,,,,,,,,,,,,,,,,,
1676060245.412620,1676060245.413501,16.000000,0.000000,4282.563965,4347.307617,4301.410156,4347.563965,4292.692383,4279.487305,4303.717773,4295.512695,4294.487305,4260.256348,4439.487305,4479.102539,4325.128418,4387.692383,0.000000,4.000000,85.000000,,,,0.000000,4.000000,4.000000,4.000000,4.000000,4.000000,4.000000,4.000000,4.000000,4.000000,4.000000,4.000000,4.000000,4.000000,4.000000,100.000000,,,,,,,,,,,,,,,,,,,,,,,,,,,,,,,,,,,,,,,,,,,,,,,,,,,,,,,,,,,,,,,,,,,,,,,,,,,,,,,,,,,,,,
1676060245.420428,1676060245.421310,17.000000,0.000000,4276.282227,4338.333496,4297.179688,4343.589844,4300.000000,4280.897461,4291.794922,4281.538574,4282.563965,4261.153809,4424.487305,4476.538574,4312.307617,4382.051270,0.000000,4.000000,85.000000,,,,0.000000,4.000000,4.000000,4.000000,4.000000,4.000000,4.000000,4.000000,4.000000,4.000000,4.000000,4.000000,4.000000,4.000000,4.000000,100.000000,,,,,,,,,,,,,,,,,,,,,,,,,,,,,,,,,,,,,,,,,,,,,,,,,,,,,,,,,,,,,,,,,,,,,,,,,,,,,,,,,,,,,,
1676060245.428236,1676060245.429218,18.000000,0.000000,4275.897461,4339.102539,4304.743652,4345.000000,4302.436035,4278.205078,4293.333496,4286.025879,4283.846191,4263.974121,4427.692383,4485.897461,4316.922852,4392.307617,0.000000,4.000000,85.000000,,,,0.000000,4.000000,4.000000,4.000000,4.000000,4.000000,4.000000,4.000000,4.000000,4.000000,4.000000,4.000000,4.000000,4.000000,4.000000,100.000000,,,,,,,,,,,,,,,,,,,,,,,,,,,,,,,,,,,,,,,,,,,,,,,,,,,,,,,,,,,,,,,,,,,,,,,,,,,,,,,,,,,,,,
1676060245.436045,1676060245.437027,19.000000,0.000000,4285.128418,4344.743652,4309.487305,4346.794922,4296.538574,4267.051270,4294.230957,4294.230957,4285.897461,4260.641113,4431.025879,4490.769043,4320.256348,4392.051270,0.000000,4.000000,85.000000,,,,0.000000,4.000000,4.000000,4.000000,4.000000,4.000000,4.000000,4.000000,4.000000,4.000000,4.000000,4.000000,4.000000,4.000000,4.000000,100.000000,,,,,,,,,,,,,,,,,,,,,,,,,,,,,,,,,,,,,,,,,,,,,,,,,,,,,,,,,,,,,,,,,,,,,,,,,,,,,,,,,,,,,,
1676060245.443853,1676060245.444735,20.000000,0.000000,4281.282227,4333.205078,4300.256348,4338.717773,4293.589844,4267.692383,4291.282227,4286.410156,4282.436035,4243.205078,4415.000000,4480.128418,4308.846191,4378.333496,0.000000,4.000000,85.000000,,,,0.000000,4.000000,4.000000,4.000000,4.000000,4.000000,4.000000,4.000000,4.000000,4.000000,4.000000,4.000000,4.000000,4.000000,4.000000,100.000000,,,,,,,,,,,,,,,,,,,,,,,,,,,,,,,,,,,,,,,,,,,,,,,,,,,,,,,,,,,,,,,,,,,,,,,,,,,,,,,,,,,,,,
1676060245.451661,1676060245.452544,21.000000,0.000000,4265.897461,4320.512695,4283.461426,4327.692383,4294.743652,4281.794922,4289.615234,4280.769043,4284.615234,4236.666504,4396.922852,4467.692383,4298.205078,4368.717773,0.000000,4.000000,85.000000,,,,0.000000,4.000000,4.000000,4.000000,4.000000,4.000000,4.000000,4.000000,4.000000,4.000000,4.000000,4.000000,4.000000,4.000000,4.000000,100.000000,,,,,,,,,,,,,,,,,,,,,,,,,,,,,,,,,,,,,,,,,,,,,,,,,,,,,,,,,,,,,,,,,,,,,,,,,,,,,,,,,,,,,,
1676060245.459470,1676060245.460252,22.000000,0.000000,4257.179688,4322.692383,4275.512695,4324.871582,4290.256348,4282.179688,4282.563965,4284.743652,4292.820313,4255.641113,4391.410156,4458.461426,4295.512695,4361.666504,0.000000,4.000000,85.000000,,,,0.000000,4.000000,4.000000,4.000000,4.000000,4.000000,4.000000,4.000000,4.000000,4.000000,4.000000,4.000000,4.000000,4.000000,4.000000,100.000000,,,,,,,,,,,,,,,,,,,,,,,,,,,,,,,,,,,,,,,,,,,,,,,,,,,,,,,,,,,,,,,,,,,,,,,,,,,,,,,,,,,,,,
1676060245.467278,1676060245.468061,23.000000,0.000000,4262.051270,4327.948730,4287.436035,4333.974121,4290.256348,4275.256348,4285.384766,4294.743652,4304.871582,4269.615234,4405.512695,4463.333496,4308.717773,4370.128418,0.000000,4.000000,85.000000,,,,0.000000,4.000000,4.000000,4.000000,4.000000,4.000000,4.000000,4.000000,4.000000,4.000000,4.000000,4.000000,4.000000,4.000000,4.000000,100.000000,,,,,,,,,,,,,,,,,,,,,,,,,,,,,,,,,,,,,,,,,,,,,,,,,,,,,,,,,,,,,,,,,,,,,,,,,,,,,,,,,,,,,,
1676060245.475087,1676060245.475769,24.000000,0.000000,4266.410156,4326.025879,4296.794922,4338.461426,4296.153809,4277.051270,4295.641113,4294.358887,4308.333496,4265.769043,4417.948730,4474.102539,4323.205078,4380.897461,0.000000,4.000000,85.000000,,,,0.000000,4.000000,4.000000,4.000000,4.000000,4.000000,4.000000,4.000000,4.000000,4.000000,4.000000,4.000000,4.000000,4.000000,4.000000,100.000000,,,,,,,,,,,,,,,,,,,,,,,,,,,,,,,,,,,,,,,,,,,,,,,,,,,,,,,,,,,,,,,,,,,,,,,,,,,,,,,,,,,,,,
1676060245.482895,1676060245.483578,25.000000,0.000000,4265.384766,4324.487305,4290.769043,4332.692383,4296.922852,4281.282227,4293.974121,4281.282227,4297.563965,4264.743652,4409.230957,4474.487305,4318.717773,4375.897461,0.000000,4.000000,85.000000,,,,0.000000,4.000000,4.000000,4.000000,4.000000,4.000000,4.000000,4.000000,4.000000,4.000000,4.000000,4.000000,4.000000,4.000000,4.000000,100.000000,,,,,,,,,,,,,,,,,,,,,,,,,,,,,,,,,,,,,,,,,,,,,,,,,,,,,,,,,,,,,,,,,,,,,,,,,,,,,,,,,,,,,,
1676060245.490703,1676060245.491286,26.000000,0.000000,4269.487305,4326.538574,4300.897461,4337.051270,4297.307617,4280.000000,4291.922852,4283.205078,4289.230957,4263.077148,4407.179688,4479.743652,4316.666504,4381.538574,0.000000,4.000000,85.000000,,,,0.000000,4.000000,4.000000,4.000000,4.000000,4.000000,4.000000,4.000000,4.000000,4.000000,4.000000,4.000000,4.000000,4.000000,4.000000,100.000000,,,,,,,,,,,,,,,,,,,,,,,,,,,,,,,,,,,,,,,,,,,,,,,,,,,,,,,,,,,,,,,,,,,,,,,,,,,,,,,,,,,,,,
1676060245.498512,1676060245.499095,27.000000,0.000000,4279.230957,4325.512695,4322.820313,4349.102539,4300.000000,4272.820313,4300.641113,4300.512695,4295.769043,4257.179688,4425.769043,4498.846191,4330.512695,4397.820313,0.000000,4.000000,85.000000,,,,0.000000,4.000000,4.000000,4.000000,4.000000,4.000000,4.000000,4.000000,4.000000,4.000000,4.000000,4.000000,4.000000,4.000000,4.000000,100.000000,,,,,,,,,,,,,,,,,,,,,,,,,,,,,,,,,,,,,,,,,,,,,,,,,,,,,,,,,,,,,,,,,,,,,,,,,,,,,,,,,,,,,,
1676060245.506320,1676060245.506803,28.000000,0.000000,4291.282227,4330.000000,4327.179688,4354.358887,4299.743652,4270.769043,4308.846191,4311.794922,4308.077148,4270.512695,4438.077148,4515.769043,4340.769043,4404.871582,0.000000,4.000000,85.000000,,,,0.000000,4.000000,4.000000,4.000000,4.000000,4.000000,4.000000,4.000000,4.000000,4.000000,4.000000,4.000000,4.000000,4.000000,4.000000,100.000000,,,,,,,,,,,,,,,,,,,,,,,,,,,,,,,,,,,,,,,,,,,,,,,,,,,,,,,,,,,,,,,,,,,,,,,,,,,,,,,,,,,,,,
1676060245.514129,1676060245.514612,29.000000,0.000000,4286.025879,4328.205078,4314.743652,4344.487305,4295.769043,4279.358887,4301.025879,4303.846191,4301.538574,4278.333496,4421.538574,4506.025879,4328.205078,4395.128418,0.000000,4.000000,85.000000,,,,0.000000,4.000000,4.000000,4.000000,4.000000,4.000000,4.000000,4.000000,4.000000,4.000000,4.000000,4.000000,4.000000,4.000000,4.000000,100.000000,,,,,,,,,,,,,,,,,,,,,,,,,,,,,,,,,,,,,,,,,,,,,,,,,,,,,,,,,,,,,,,,,,,,,,,,,,,,,,,,,,,,,,
1676060245.521937,1676060245.522320,30.000000,0.000000,4262.820313,4306.282227,4297.051270,4325.641113,4293.589844,4281.282227,4283.717773,4284.230957,4276.538574,4253.717773,4393.077148,4473.974121,4305.769043,4374.230957,0.000000,4.000000,85.000000,,,,0.000000,4.000000,4.000000,4.000000,4.000000,4.000000,4.000000,4.000000,4.000000,4.000000,4.000000,4.000000,4.000000,4.000000,4.000000,100.000000,,,,,,,,,,,,,,,,,1.609707,1.200367,1.922840,0.993418,0.661786,1.315718,0.900712,1.498188,0.689923,0.583805,0.617576,1.081487,1.678792,0.875050,0.612070,0.924290,0.853123,1.337711,0.726118,0.506925,0.424550,0.392443,0.934359,0.286213,0.331175,0.487566,0.384551,0.681798,0.241031,0.225689,0.398664,0.255548,0.521754,0.465455,0.449974,0.541845,0.903707,0.982548,0.664244,0.597699,0.613803,0.985432,1.346128,0.594878,0.467026,0.973370,1.212000,1.706514,0.937950,0.803455,7.128762,4.225722,2.427330,1.355298,0.929930,1.104126,2.191692,2.150947,1.205093,0.790626,1.057969,1.381147,1.795188,1.164540,1.091129,1.189532,1.613136,1.966221,1.001058,1.006429
1676060245.529745,1676060245.530129,31.000000,0.000000,4266.666504,4307.179688,4293.333496,4328.717773,4293.333496,4277.051270,4285.000000,4282.820313,4280.769043,4253.974121,4394.230957,4468.846191,4308.974121,4373.974121,0.000000,4.000000,85.000000,,,,0.000000,4.000000,4.000000,4.000000,4.000000,4.000000,4.000000,4.000000,4.000000,4.000000,4.000000,4.000000,4.000000,4.000000,4.000000,100.000000,,,,,,,,,,,,,,,,,,,,,,,,,,,,,,,,,,,,,,,,,,,,,,,,,,,,,,,,,,,,,,,,,,,,,,,,,,,,,,,,,,,,,,
1676060245.537554,1676060245.537837,32.000000,0.000000,4290.897461,4339.487305,4303.461426,4347.820313,4299.871582,4280.512695,4305.000000,4303.077148,4316.153809,4283.974121,4419.615234,4492.820313,4334.358887,4399.102539,0.000000,4.000000,85.000000,,,,0.000000,4.000000,4.000000,4.000000,4.000000,4.000000,4.000000,4.000000,4.000000,4.000000,4.000000,4.000000,4.000000,4.000000,4.000000,100.000000,,,,,,,,,,,,,,,,,,,,,,,,,,,,,,,,,,,,,,,,,,,,,,,,,,,,,,,,,,,,,,,,,,,,,,,,,,,,,,,,,,,,,,
1676060245.545362,1676060245.545646,33.000000,0.000000,4291.922852,4343.077148,4303.333496,4347.179688,4310.000000,4282.820313,4302.307617,4307.179688,4318.333496,4277.820313,4420.000000,4489.487305,4339.871582,4403.461426,0.000000,4.000000,85.000000,,,,0.000000,4.000000,4.000000,4.000000,4.000000,4.000000,4.000000,4.000000,4.000000,4.000000,4.000000,4.000000,4.000000,4.000000,4.000000,100.000000,,,,,,,,,,,,,,,,,,,,,,,,,,,,,,,,,,,,,,,,,,,,,,,,,,,,,,,,,,,,,,,,,,,,,,,,,,,,,,,,,,,,,,
1676060245.553171,1676060245.553354,34.000000,0.000000,4276.025879,4320.512695,4291.410156,4335.512695,4306.410156,4279.615234,4282.307617,4289.358887,4296.794922,4256.538574,4398.974121,4463.974121,4325.000000,4386.282227,0.000000,4.000000,85.000000,,,,0.000000,4.000000,4.000000,4.000000,4.000000,4.000000,4.000000,4.000000,4.000000,4.000000,4.000000,4.000000,4.000000,4.000000,4.000000,100.000000,,,,,,,,,,,,,,,,,,,,,,,,,,,,,,,,,,,,,,,,,,,,,,,,,,,,,,,,,,,,,,,,,,,,,,,,,,,,,,,,,,,,,,
1676060245.560979,1676060245.561262,35.000000,0.000000,4271.153809,4322.051270,4286.153809,4335.128418,4300.256348,4279.230957,4283.461426,4280.512695,4291.410156,4263.717773,4394.615234,4460.512695,4320.384766,4381.282227,0.000000,4.000000,85.000000,,,,0.000000,4.000000,4.000000,4.000000,4.000000,4.000000,4.000000,4.000000,4.000000,4.000000,4.000000,4.000000,4.000000,4.000000,4.000000,100.000000,,,,,,,,,,,,,,,,,,,,,,,,,,,,,,,,,,,,,,,,,,,,,,,,,,,,,,,,,,,,,,,,,,,,,,,,,,,,,,,,,,,,,,
1676060245.568787,1676060245.569071,36.000000,0.000000,4268.974121,4331.153809,4282.051270,4332.051270,4298.589844,4276.794922,4289.743652,4276.794922,4284.871582,4265.512695,4390.769043,4462.307617,4313.461426,4376.666504,0.000000,4.000000,85.000000,,,,0.000000,4.000000,4.000000,4.000000,4.000000,4.000000,4.000000,4.000000,4.000000,4.000000,4.000000,4.000000,4.000000,4.000000,4.000000,100.000000,,,,,,,,,,,,,,,,,,,,,,,,,,,,,,,,,,,,,,,,,,,,,,,,,,,,,,,,,,,,,,,,,,,,,,,,,,,,,,,,,,,,,,
1676060245.576596,1676060245.576979,37.000000,0.000000,4262.692383,4315.384766,4276.538574,4322.563965,4289.615234,4272.179688,4282.179688,4276.153809,4280.256348,4257.563965,4381.794922,4457.307617,4305.512695,4367.436035,0.000000,4.000000,85.000000,,,,0.000000,4.000000,4.000000,4.000000,4.000000,4.000000,4.000000,4.000000,4.000000,4.000000,4.000000,4.000000,4.000000,4.000000,4.000000,100.000000,,,,,,,,,,,,,,,,,,,,,,,,,,,,,,,,,,,,,,,,,,,,,,,,,,,,,,,,,,,,,,,,,,,,,,,,,,,,,,,,,,,,,,
1676060245.584404,1676060245.584788,38.000000,0.000000,4262.563965,4304.358887,4285.897461,4325.769043,4288.461426,4273.846191,4283.974121,4287.692383,4292.436035,4262.436035,4395.897461,4466.666504,4319.743652,4374.358887,0.000000,4.000000,85.000000,,,,0.000000,4.000000,4.000000,4.000000,4.000000,4.000000,4.000000,4.000000,4.000000,4.000000,4.000000,4.000000,4.000000,4.000000,4.000000,100.000000,,,,,,,,,,,,,,,,,,,,,,,,,,,,,,,,,,,,,,,,,,,,,,,,,,,,,,,,,,,,,,,,,,,,,,,,,,,,,,,,,,,,,,
1676060245.592213,1676060245.592696,39.000000,0.000000,4272.692383,4322.820313,4306.025879,4338.846191,4307.563965,4280.641113,4304.743652,4303.077148,4300.256348,4265.769043,4418.461426,4489.230957,4338.974121,4391.025879,0.000000,4.000000,85.000000,,,,0.000000,4.000000,4.000000,4.000000,4.000000,4.000000,4.000000,4.000000,4.000000,4.000000,4.000000,4.000000,4.000000,4.000000,4.000000,100.000000,,,,,,,,,,,,,,,,,,,,,,,,,,,,,,,,,,,,,,,,,,,,,,,,,,,,,,,,,,,,,,,,,,,,,,,,,,,,,,,,,,,,,,
1676060245.600021,1676060245.600504,40.000000,0.000000,4292.179688,4339.102539,4321.153809,4346.025879,4318.974121,4283.077148,4314.871582,4311.025879,4299.102539,4268.205078,4421.794922,4504.487305,4340.769043,4400.000000,0.000000,4.000000,85.000000,,,,0.000000,4.000000,4.000000,4.000000,4.000000,4.000000,4.000000,4.000000,4.000000,4.000000,4.000000,4.000000,4.000000,4.000000,4.000000,100.000000,,,,,,,,,,,,,,,,,,,,,,,,,,,,,,,,,,,,,,,,,,,,,,,,,,,,,,,,,,,,,,,,,,,,,,,,,,,,,,,,,,,,,,
1676060245.607829,1676060245.608413,41.000000,0.000000,4297.436035,4329.743652,4317.692383,4338.589844,4308.205078,4279.358887,4300.000000,4301.410156,4291.538574,4269.230957,4410.512695,4496.410156,4334.871582,4397.051270,0.000000,4.000000,85.000000,,,,0.000000,4.000000,4.000000,4.000000,4.000000,4.000000,4.000000,4.000000,4.000000,4.000000,4.000000,4.000000,4.000000,4.000000,4.000000,100.000000,,,,,,,,,,,,,,,,,,,,,,,,,,,,,,,,,,,,,,,,,,,,,,,,,,,,,,,,,,,,,,,,,,,,,,,,,,,,,,,,,,,,,,
1676060245.615638,1676060245.616221,42.000000,0.000000,4286.410156,4322.051270,4314.102539,4333.717773,4307.563965,4278.589844,4295.128418,4295.000000,4284.358887,4267.563965,4413.077148,4492.307617,4336.153809,4400.256348,0.000000,4.000000,85.000000,,,,0.000000,4.000000,4.000000,4.000000,4.000000,4.000000,4.000000,4.000000,4.000000,4.000000,4.000000,4.000000,4.000000,4.000000,4.000000,100.000000,,,,,,,,,,,,,,,,,,,,,,,,,,,,,,,,,,,,,,,,,,,,,,,,,,,,,,,,,,,,,,,,,,,,,,,,,,,,,,,,,,,,,,
1676060245.623446,1676060245.624130,43.000000,0.000000,4282.692383,4323.205078,4317.051270,4336.538574,4312.051270,4280.897461,4303.333496,4299.871582,4284.102539,4263.974121,4417.436035,4496.025879,4334.615234,4405.128418,0.000000,4.000000,85.000000,,,,0.000000,4.000000,4.000000,4.000000,4.000000,4.000000,4.000000,4.000000,4.000000,4.000000,4.000000,4.000000,4.000000,4.000000,4.000000,100.000000,,,,,,,,,,,,,,,,,,,,,,,,,,,,,,,,,,,,,,,,,,,,,,,,,,,,,,,,,,,,,,,,,,,,,,,,,,,,,,,,,,,,,,
1676060245.631254,1676060245.631938,44.000000,0.000000,4277.051270,4312.820313,4301.538574,4325.256348,4300.128418,4275.384766,4294.230957,4290.384766,4280.897461,4255.897461,4394.358887,4478.077148,4318.974121,4387.820313,0.000000,4.000000,85.000000,,,,0.000000,4.000000,4.000000,4.000000,4.000000,4.000000,4.000000,4.000000,4.000000,4.000000,4.000000,4.000000,4.000000,4.000000,4.000000,100.000000,,,,,,,,,,,,,,,,,,,,,,,,,,,,,,,,,,,,,,,,,,,,,,,,,,,,,,,,,,,,,,,,,,,,,,,,,,,,,,,,,,,,,,
1676060245.639063,1676060245.639647,45.000000,0.000000,4277.820313,4317.051270,4293.589844,4320.897461,4299.358887,4277.436035,4292.436035,4292.948730,4292.179688,4266.153809,4394.487305,4479.358887,4328.205078,4385.897461,0.000000,4.000000,85.000000,,,,0.000000,4.000000,4.000000,4.000000,4.000000,4.000000,4.000000,4.000000,4.000000,4.000000,4.000000,4.000000,4.000000,4.000000,4.000000,100.000000,,,,,,,,,,,,,,,,,,,,,,,,,,,,,,,,,,,,,,,,,,,,,,,,,,,,,,,,,,,,,,,,,,,,,,,,,,,,,,,,,,,,,,
1676060245.646871,1676060245.647455,46.000000,0.000000,4291.666504,4332.436035,4311.025879,4335.512695,4313.205078,4290.769043,4309.743652,4319.487305,4321.025879,4287.948730,4428.974121,4511.282227,4358.589844,4413.589844,0.000000,4.000000,85.000000,,,,0.000000,4.000000,4.000000,4.000000,4.000000,4.000000,4.000000,4.000000,4.000000,4.000000,4.000000,4.000000,4.000000,4.000000,4.000000,100.000000,,,,,,,,,,,,,,,,,1.731193,1.346280,1.867400,1.003883,0.641496,1.306209,1.040216,1.508004,0.717839,0.637897,0.660960,1.186440,1.770247,0.945324,0.676558,1.017155,0.891273,1.328363,0.777870,0.565006,0.365746,0.392906,0.795757,0.266932,0.345404,0.485573,0.427208,0.587691,0.207664,0.216896,0.343611,0.236103,0.542771,0.460705,0.483276,0.501049,0.802247,0.998823,0.691234,0.712546,0.609602,0.957923,1.352364,0.630851,0.504461,0.961014,1.189401,1.665795,1.029109,0.872282,7.528304,3.946477,2.090898,1.329352,1.017707,1.152399,2.241035,2.075177,1.272679,0.888139,0.924369,1.359417,1.612104,1.093274,1.069008,1.220584,1.625021,1.909100,1.015789,1.044756
1676060245.654679,1676060245.655164,47.000000,0.000000,4290.897461,4321.794922,4311.922852,4336.538574,4313.461426,4288.205078,4309.743652,4318.461426,4322.051270,4286.538574,4426.025879,4502.820313,4348.846191,4409.871582,0.000000,4.000000,85.000000,,,,0.000000,4.000000,4.000000,4.000000,4.000000,4.000000,4.000000,4.000000,4.000000,4.000000,4.000000,4.000000,4.000000,4.000000,4.000000,100.000000,,,,,,,,,,,,,,,,,,,,,,,,,,,,,,,,,,,,,,,,,,,,,,,,,,,,,,,,,,,,,,,,,,,,,,,,,,,,,,,,,,,,,,
1676060245.662488,1676060245.662972,48.000000,0.000000,4276.794922,4310.384766,4293.974121,4322.948730,4310.128418,4277.563965,4300.384766,4299.871582,4303.717773,4274.487305,4397.563965,4470.128418,4322.436035,4383.077148,0.000000,4.000000,85.000000,,,,0.000000,4.000000,4.000000,4.000000,4.000000,4.000000,4.000000,4.000000,4.000000,4.000000,4.000000,4.000000,4.000000,4.000000,4.000000,100.000000,,,,,,,,,,,,,,,,,,,,,,,,,,,,,,,,,,,,,,,,,,,,,,,,,,,,,,,,,,,,,,,,,,,,,,,,,,,,,,,,,,,,,,
1676060245.670296,1676060245.670681,49.000000,0.000000,4275.512695,4317.307617,4291.666504,4320.897461,4315.256348,4283.974121,4301.282227,4304.871582,4306.025879,4279.102539,4402.563965,4476.922852,4329.230957,4382.307617,0.000000,4.000000,85.000000,,,,0.000000,4.000000,4.000000,4.000000,4.000000,4.000000,4.000000,4.000000,4.000000,4.000000,4.000000,4.000000,4.000000,4.000000,4.000000,100.000000,,,,,,,,,,,,,,,,,,,,,,,,,,,,,,,,,,,,,,,,,,,,,,,,,,,,,,,,,,,,,,,,,,,,,,,,,,,,,,,,,,,,,,
1676060245.678105,1676060245.678489,50.000000,0.000000,4283.974121,4319.102539,4298.974121,4327.692383,4317.436035,4290.256348,4302.692383,4310.384766,4310.897461,4285.256348,4416.025879,4490.769043,4343.974121,4397.051270,0.000000,4.000000,85.000000,,,,0.000000,4.000000,4.000000,4.000000,4.000000,4.000000,4.000000,4.000000,4.000000,4.000000,4.000000,4.000000,4.000000,4.000000,4.000000,100.000000,,,,,,,,,,,,,,,,,,,,,,,,,,,,,,,,,,,,,,,,,,,,,,,,,,,,,,,,,,,,,,,,,,,,,,,,,,,,,,,,,,,,,,
1676060245.685913,1676060245.686198,51.000000,0.000000,4285.128418,4313.333496,4297.563965,4325.512695,4313.717773,4274.230957,4296.282227,4295.641113,4297.051270,4278.461426,4404.358887,4477.948730,4338.077148,4397.948730,0.000000,4.000000,85.000000,,,,0.000000,4.000000,4.000000,4.000000,4.000000,4.000000,4.000000,4.000000,4.000000,4.000000,4.000000,4.000000,4.000000,4.000000,4.000000,100.000000,,,,,,,,,,,,,,,,,,,,,,,,,,,,,,,,,,,,,,,,,,,,,,,,,,,,,,,,,,,,,,,,,,,,,,,,,,,,,,,,,,,,,,
1676060245.693721,1676060245.694006,52.000000,0.000000,4278.974121,4304.743652,4289.487305,4310.897461,4302.692383,4258.717773,4283.717773,4281.153809,4283.846191,4256.794922,4387.307617,4466.025879,4322.436035,4384.871582,0.000000,4.000000,85.000000,,,,0.000000,4.000000,4.000000,4.000000,4.000000,4.000000,4.000000,4.000000,4.000000,4.000000,4.000000,4.000000,4.000000,4.000000,4.000000,100.000000,,,,,,,,,,,,,,,,,,,,,,,,,,,,,,,,,,,,,,,,,,,,,,,,,,,,,,,,,,,,,,,,,,,,,,,,,,,,,,,,,,,,,,
1676060245.701530,1676060245.701715,53.000000,0.000000,4279.358887,4305.512695,4293.077148,4306.282227,4294.615234,4270.512695,4284.358887,4286.538574,4288.077148,4247.436035,4389.102539,4475.256348,4322.436035,4382.563965,0.000000,4.000000,85.000000,,,,0.000000,4.000000,4.000000,4.000000,4.000000,4.000000,4.000000,4.000000,4.000000,4.000000,4.000000,4.000000,4.000000,4.000000,4.000000,100.000000,,,,,,,,,,,,,,,,,,,,,,,,,,,,,,,,,,,,,,,,,,,,,,,,,,,,,,,,,,,,,,,,,,,,,,,,,,,,,,,,,,,,,,
1676060245.709338,1676060245.709523,54.000000,0.000000,4296.025879,4322.307617,4314.871582,4326.025879,4311.153809,4294.615234,4305.256348,4308.589844,4304.743652,4271.922852,4411.538574,4496.794922,4344.871582,4404.487305,0.000000,4.000000,85.000000,,,,0.000000,4.000000,4.000000,4.000000,4.000000,4.000000,4.000000,4.000000,4.000000,4.000000,4.000000,4.000000,4.000000,4.000000,4.000000,100.000000,,,,,,,,,,,,,,,,,,,,,,,,,,,,,,,,,,,,,,,,,,,,,,,,,,,,,,,,,,,,,,,,,,,,,,,,,,,,,,,,,,,,,,
1676060245.717147,1676060245.717232,55.000000,0.000000,4301.025879,4320.128418,4316.410156,4332.948730,4326.538574,4294.871582,4306.794922,4310.000000,4301.538574,4280.000000,4414.871582,4493.974121,4350.897461,4408.333496,0.000000,4.000000,85.000000,,,,0.000000,4.000000,4.000000,4.000000,4.000000,4.000000,4.000000,4.000000,4.000000,4.000000,4.000000,4.000000,4.000000,4.000000,4.000000,100.000000,,,,,,,,,,,,,,,,,,,,,,,,,,,,,,,,,,,,,,,,,,,,,,,,,,,,,,,,,,,,,,,,,,,,,,,,,,,,,,,,,,,,,,
1676060245.724955,1676060245.725040,56.000000,0.000000,4286.794922,4303.846191,4300.897461,4320.256348,4322.307617,4281.153809,4293.974121,4293.717773,4286.922852,4265.256348,4398.077148,4477.948730,4334.358887,4390.769043,0.000000,4.000000,85.000000,,,,0.000000,4.000000,4.000000,4.000000,4.000000,4.000000,4.000000,4.000000,4.000000,4.000000,4.000000,4.000000,4.000000,4.000000,4.000000,100.000000,,,,,,,,,,,,,,,,,,,,,,,,,,,,,,,,,,,,,,,,,,,,,,,,,,,,,,,,,,,,,,,,,,,,,,,,,,,,,,,,,,,,,,
1676060245.732763,1676060245.732749,57.000000,0.000000,4301.794922,4319.743652,4319.230957,4332.563965,4324.358887,4290.769043,4308.461426,4306.025879,4299.743652,4277.563965,4418.205078,4499.102539,4348.077148,4412.051270,0.000000,4.000000,85.000000,,,,0.000000,4.000000,4.000000,4.000000,4.000000,4.000000,4.000000,4.000000,4.000000,4.000000,4.000000,4.000000,4.000000,4.000000,4.000000,100.000000,,,,,,,,,,,,,,,,,,,,,,,,,,,,,,,,,,,,,,,,,,,,,,,,,,,,,,,,,,,,,,,,,,,,,,,,,,,,,,,,,,,,,,
1676060245.740572,1676060245.740657,58.000000,0.000000,4323.846191,4335.000000,4337.179688,4346.794922,4327.307617,4300.256348,4312.563965,4316.538574,4311.153809,4283.333496,4438.846191,4518.846191,4366.410156,4437.436035,0.000000,4.000000,85.000000,,,,0.000000,4.000000,4.000000,4.000000,4.000000,4.000000,4.000000,4.000000,4.000000,4.000000,4.000000,4.000000,4.000000,4.000000,4.000000,100.000000,,,,,,,,,,,,,,,,,,,,,,,,,,,,,,,,,,,,,,,,,,,,,,,,,,,,,,,,,,,,,,,,,,,,,,,,,,,,,,,,,,,,,,
1676060245.748380,1676060245.748465,59.000000,0.000000,4304.871582,4313.077148,4308.461426,4325.000000,4313.846191,4284.487305,4286.025879,4294.487305,4294.487305,4263.846191,4411.410156,4488.974121,4344.487305,4411.153809,0.000000,4.000000,85.000000,,,,0.000000,4.000000,4.000000,4.000000,4.000000,4.000000,4.000000,4.000000,4.000000,4.000000,4.000000,4.000000,4.000000,4.000000,4.000000,100.000000,,,,,,,,,,,,,,,,,,,,,,,,,,,,,,,,,,,,,,,,,,,,,,,,,,,,,,,,,,,,,,,,,,,,,,,,,,,,,,,,,,,,,,
1676060245.756189,1676060245.756374,60.000000,0.000000,4285.384766,4303.974121,4289.487305,4307.051270,4306.922852,4275.000000,4280.641113,4287.179688,4290.128418,4269.487305,4396.025879,4466.666504,4330.000000,4388.333496,0.000000,4.000000,85.000000,,,,0.000000,4.000000,4.000000,4.000000,4.000000,4.000000,4.000000,4.000000,4.000000,4.000000,4.000000,4.000000,4.000000,4.000000,4.000000,100.000000,,,,,,,,,,,,,,,,,,,,,,,,,,,,,,,,,,,,,,,,,,,,,,,,,,,,,,,,,,,,,,,,,,,,,,,,,,,,,,,,,,,,,,
1676060245.763997,1676060245.764182,61.000000,0.000000,4297.563965,4320.769043,4306.538574,4316.153809,4312.692383,4282.563965,4297.179688,4304.102539,4306.410156,4286.538574,4413.205078,4482.563965,4346.538574,4401.153809,0.000000,4.000000,85.000000,,,,0.000000,4.000000,4.000000,4.000000,4.000000,4.000000,4.000000,4.000000,4.000000,4.000000,4.000000,4.000000,4.000000,4.000000,4.000000,100.000000,,,,,,,,,,,,,,,,,,,,,,,,,,,,,,,,,,,,,,,,,,,,,,,,,,,,,,,,,,,,,,,,,,,,,,,,,,,,,,,,,,,,,,
1676060245.771805,1676060245.772090,62.000000,0.000000,4308.461426,4325.897461,4309.871582,4323.846191,4314.487305,4283.461426,4299.358887,4313.589844,4313.333496,4280.769043,4419.487305,4490.384766,4356.922852,4415.512695,0.000000,4.000000,85.000000,,,,0.000000,4.000000,4.000000,4.000000,4.000000,4.000000,4.000000,4.000000,4.000000,4.000000,4.000000,4.000000,4.000000,4.000000,4.000000,100.000000,,,,,,,,,,,,,,,,,1.672527,1.425966,1.811706,0.987803,0.625809,1.523043,1.150084,1.480541,0.779801,0.718213,0.665402,1.243728,1.884629,1.034525,0.727830,1.076680,0.862240,1.319648,0.823339,0.627420,0.319553,0.384812,0.656509,0.261739,0.371473,0.442668,0.437648,0.480805,0.192850,0.212498,0.268273,0.215591,0.565820,0.464834,0.503637,0.427734,0.647249,1.004582,0.763324,0.802954,0.565349,0.869242,1.320118,0.707790,0.532679,0.938109,1.104992,1.602232,1.147843,0.916448,9.149475,3.909229,1.903841,1.452148,1.087007,1.171012,2.167104,2.099541,1.433143,0.959097,1.032292,1.295710,1.452148,1.148154,1.040551,1.257315,1.544923,1.891209,1.146180,1.050002
1676060245.779614,1676060245.779899,63.000000,0.000000,4291.794922,4314.487305,4293.333496,4316.025879,4309.102539,4275.769043,4289.230957,4307.692383,4308.077148,4277.692383,4410.897461,4477.436035,4345.128418,4408.077148,0.000000,4.000000,85.000000,,,,0.000000,4.000000,4.000000,4.000000,4.000000,4.000000,4.000000,4.000000,4.000000,4.000000,4.000000,4.000000,4.000000,4.000000,4.000000,100.000000,,,,,,,,,,,,,,,,,,,,,,,,,,,,,,,,,,,,,,,,,,,,,,,,,,,,,,,,,,,,,,,,,,,,,,,,,,,,,,,,,,,,,,
1676060245.787422,1676060245.787807,64.000000,0.000000,4278.461426,4311.922852,4293.717773,4310.512695,4307.436035,4273.077148,4294.230957,4302.692383,4309.743652,4282.820313,4404.358887,4470.512695,4336.922852,4393.205078,2506.000000,4.000000,85.000000,,,,0.000000,4.000000,4.000000,4.000000,4.000000,4.000000,4.000000,4.000000,4.000000,4.000000,4.000000,4.000000,4.000000,4.000000,4.000000,100.000000,,,,,,,,,,,,,,,,,,,,,,,,,,,,,,,,,,,,,,,,,,,,,,,,,,,,,,,,,,,,,,,,,,,,,,,,,,,,,,,,,,,,,,
1676060245.795231,1676060245.795616,65.000000,0.000000,4286.025879,4315.256348,4297.948730,4312.307617,4311.666504,4276.410156,4299.102539,4298.717773,4306.666504,4268.077148,4396.922852,4466.666504,4337.820313,4386.538574,2466.000000,4.000000,85.000000,,,,0.000000,4.000000,4.000000,4.000000,4.000000,4.000000,4.000000,4.000000,4.000000,4.000000,4.000000,4.000000,4.000000,4.000000,4.000000,100.000000,,,,,,,,,,,,,,,,,,,,,,,,,,,,,,,,,,,,,,,,,,,,,,,,,,,,,,,,,,,,,,,,,,,,,,,,,,,,,,,,,,,,,,
1676060245.803039,1676060245.803524,66.000000,0.000000,4286.794922,4300.256348,4282.051270,4306.666504,4313.589844,4278.205078,4283.717773,4284.615234,4284.102539,4248.333496,4385.641113,4455.769043,4327.307617,4385.384766,2391.000000,4.000000,85.000000,,,,0.000000,4.000000,4.000000,4.000000,4.000000,4.000000,4.000000,4.000000,4.000000,4.000000,4.000000,4.000000,4.000000,4.000000,4.000000,100.000000,,,,,,,,,,,,,,,,,,,,,,,,,,,,,,,,,,,,,,,,,,,,,,,,,,,,,,,,,,,,,,,,,,,,,,,,,,,,,,,,,,,,,,
1676060245.810847,1676060245.811333,67.000000,0.000000,4292.051270,4299.358887,4284.615234,4309.487305,4319.230957,4281.025879,4280.897461,4281.922852,4276.538574,4261.153809,4395.641113,4465.128418,4337.307617,4404.743652,2443.000000,4.000000,85.000000,,,,0.000000,4.000000,4.000000,4.000000,4.000000,4.000000,4.000000,4.000000,4.000000,4.000000,4.000000,4.000000,4.000000,4.000000,4.000000,100.000000,,,,,,,,,,,,,,,,,,,,,,,,,,,,,,,,,,,,,,,,,,,,,,,,,,,,,,,,,,,,,,,,,,,,,,,,,,,,,,,,,,,,,,
1676060245.818656,1676060245.819241,68.000000,0.000000,4324.102539,4333.974121,4319.358887,4333.846191,4334.102539,4286.153809,4302.051270,4303.846191,4299.487305,4287.051270,4428.846191,4493.846191,4375.000000,4443.461426,2428.000000,4.000000,85.000000,,,,0.000000,4.000000,4.000000,4.000000,4.000000,4.000000,4.000000,4.000000,4.000000,4.000000,4.000000,4.000000,4.000000,4.000000,4.000000,100.000000,,,,,,,,,,,,,,,,,,,,,,,,,,,,,,,,,,,,,,,,,,,,,,,,,,,,,,,,,,,,,,,,,,,,,,,,,,,,,,,,,,,,,,
1676060245.826464,1676060245.827049,69.000000,0.000000,4341.666504,4341.794922,4333.589844,4343.974121,4341.025879,4292.179688,4311.410156,4316.666504,4309.487305,4287.948730,4434.743652,4500.000000,4371.794922,4450.897461,2366.000000,4.000000,85.000000,,,,0.000000,4.000000,4.000000,4.000000,4.000000,4.000000,4.000000,4.000000,4.000000,4.000000,4.000000,4.000000,4.000000,4.000000,4.000000,100.000000,,,,,,,,,,,,,,,,,,,,,,,,,,,,,,,,,,,,,,,,,,,,,,,,,,,,,,,,,,,,,,,,,,,,,,,,,,,,,,,,,,,,,,
1676060245.834272,1676060245.834758,70.000000,0.000000,4324.487305,4312.820313,4316.410156,4327.820313,4324.102539,4298.077148,4300.000000,4305.769043,4295.512695,4275.641113,4411.410156,4488.589844,4343.333496,4432.051270,2221.000000,4.000000,85.000000,,,,0.000000,4.000000,4.000000,4.000000,4.000000,4.000000,4.000000,4.000000,4.000000,4.000000,4.000000,4.000000,4.000000,4.000000,4.000000,100.000000,,,,,,,,,,,,,,,,,,,,,,,,,,,,,,,,,,,,,,,,,,,,,,,,,,,,,,,,,,,,,,,,,,,,,,,,,,,,,,,,,,,,,,
1676060245.842081,1676060245.842566,71.000000,0.000000,4322.307617,4309.615234,4309.230957,4322.692383,4311.410156,4293.333496,4294.487305,4302.179688,4294.358887,4274.230957,4413.846191,4488.846191,4357.692383,4443.333496,2226.000000,4.000000,85.000000,,,,0.000000,4.000000,4.000000,4.000000,4.000000,4.000000,4.000000,4.000000,4.000000,4.000000,4.000000,4.000000,4.000000,4.000000,4.000000,100.000000,,,,,,,,,,,,,,,,,,,,,,,,,,,,,,,,,,,,,,,,,,,,,,,,,,,,,,,,,,,,,,,,,,,,,,,,,,,,,,,,,,,,,,
1676060245.849889,1676060245.850275,72.000000,0.000000,4338.077148,4326.282227,4315.897461,4329.358887,4322.179688,4279.615234,4297.692383,4316.538574,4311.025879,4276.025879,4436.153809,4495.384766,4378.333496,4462.563965,2272.000000,4.000000,85.000000,,,,0.000000,4.000000,4.000000,4.000000,4.000000,4.000000,4.000000,4.000000,4.000000,4.000000,4.000000,4.000000,4.000000,4.000000,4.000000,100.000000,,,,,,,,,,,,,,,,,,,,,,,,,,,,,,,,,,,,,,,,,,,,,,,,,,,,,,,,,,,,,,,,,,,,,,,,,,,,,,,,,,,,,,
1676060245.857698,1676060245.858083,73.000000,0.000000,4334.230957,4328.846191,4309.615234,4326.025879,4326.282227,4278.461426,4300.256348,4322.051270,4314.230957,4278.846191,4432.436035,4495.000000,4362.820313,4451.153809,2237.000000,4.000000,85.000000,,,,0.000000,4.000000,4.000000,4.000000,4.000000,4.000000,4.000000,4.000000,4.000000,4.000000,4.000000,4.000000,4.000000,4.000000,4.000000,100.000000,,,,,,,,,,,,,,,,,,,,,,,,,,,,,,,,,,,,,,,,,,,,,,,,,,,,,,,,,,,,,,,,,,,,,,,,,,,,,,,,,,,,,,
1676060245.865506,1676060245.865792,74.000000,0.000000,4325.256348,4329.487305,4299.230957,4323.846191,4311.153809,4282.563965,4294.102539,4312.820313,4298.717773,4281.410156,4414.230957,4490.000000,4349.615234,4439.871582,2723.000000,4.000000,85.000000,,,,0.000000,4.000000,4.000000,4.000000,4.000000,4.000000,4.000000,4.000000,4.000000,4.000000,4.000000,4.000000,4.000000,4.000000,4.000000,100.000000,,,,,,,,,,,,,,,,,,,,,,,,,,,,,,,,,,,,,,,,,,,,,,,,,,,,,,,,,,,,,,,,,,,,,,,,,,,,,,,,,,,,,,
1676060245.873314,1676060245.873600,75.000000,0.000000,4328.333496,4338.205078,4309.230957,4332.051270,4312.179688,4282.307617,4288.974121,4311.025879,4290.897461,4275.769043,4409.358887,4488.205078,4346.922852,4442.051270,2902.000000,4.000000,85.000000,,,,0.000000,4.000000,4.000000,4.000000,4.000000,4.000000,4.000000,4.000000,4.000000,4.000000,4.000000,4.000000,4.000000,4.000000,4.000000,100.000000,,,,,,,,,,,,,,,,,,,,,,,,,,,,,,,,,,,,,,,,,,,,,,,,,,,,,,,,,,,,,,,,,,,,,,,,,,,,,,,,,,,,,,
1676060245.881123,1676060245.881309,76.000000,0.000000,4342.563965,4355.000000,4329.871582,4342.563965,4328.461426,4286.794922,4298.846191,4320.256348,4298.461426,4276.153809,4415.384766,4493.589844,4341.794922,4445.384766,3116.000000,4.000000,85.000000,,,,0.000000,4.000000,4.000000,4.000000,4.000000,4.000000,4.000000,4.000000,4.000000,4.000000,4.000000,4.000000,4.000000,4.000000,4.000000,100.000000,,,,,,,,,,,,,,,,,,,,,,,,,,,,,,,,,,,,,,,,,,,,,,,,,,,,,,,,,,,,,,,,,,,,,,,,,,,,,,,,,,,,,,
1676060245.888931,1676060245.889217,77.000000,0.000000,4353.846191,4370.384766,4334.230957,4348.205078,4324.102539,4290.897461,4302.436035,4317.563965,4297.692383,4280.512695,4412.436035,4493.461426,4343.205078,4448.205078,3228.000000,4.000000,85.000000,,,,0.000000,4.000000,4.000000,4.000000,4.000000,4.000000,4.000000,4.000000,4.000000,4.000000,4.000000,4.000000,4.000000,4.000000,4.000000,100.000000,,,,,,,,,,,,,,,,,,,,,,,,,,,,,,,,,,,,,,,,,,,,,,,,,,,,,,,,,,,,,,,,,,,,,,,,,,,,,,,,,,,,,,
1676060245.896739,1676060245.897026,78.000000,0.000000,4347.436035,4362.948730,4325.512695,4345.256348,4316.025879,4287.948730,4295.897461,4307.692383,4290.128418,4269.358887,4395.000000,4486.538574,4334.102539,4438.846191,2723.000000,4.000000,85.000000,,,,0.000000,4.000000,4.000000,4.000000,4.000000,4.000000,4.000000,4.000000,4.000000,4.000000,4.000000,4.000000,4.000000,4.000000,4.000000,100.000000,1.000000,100.000000,4.000000,4.000000,4.000000,4.000000,4.000000,4.000000,4.000000,4.000000,4.000000,4.000000,4.000000,4.000000,4.000000,4.000000,1.424642,1.427106,1.757326,0.985258,0.612935,1.862477,1.188131,1.404583,0.880475,0.800727,0.651991,1.307304,1.990933,1.156074,0.749585,1.091981,0.780368,1.298956,0.870601,0.677659,0.332397,0.368218,0.545915,0.277898,0.400447,0.373011,0.410850,0.373871,0.195027,0.213740,0.192263,0.210007,0.564135,0.483909,0.506304,0.370985,0.497663,0.977359,0.890047,0.847298,0.529237,0.772277,1.246246,0.839111,0.548663,0.929334,0.998362,1.474917,1.305176,0.932520,12.150195,4.216389,1.910257,1.763573,1.125066,1.190897,2.072727,2.213851,1.724510,0.989875,1.235334,1.207368,1.351012,1.364005,1.003610,1.264443,1.414810,1.892113,1.415211,1.017666
1676060245.904548,1676060245.904934,79.000000,0.000000,4336.538574,4345.769043,4324.871582,4337.563965,4325.000000,4286.025879,4299.487305,4310.897461,4290.000000,4260.512695,4393.717773,4486.794922,4323.717773,4430.384766,2902.000000,4.000000,85.000000,,,,0.000000,4.000000,4.000000,4.000000,4.000000,4.000000,4.000000,4.000000,4.000000,4.000000,4.000000,4.000000,4.000000,4.000000,4.000000,100.000000,,,,,,,,,,,,,,,,,,,,,,,,,,,,,,,,,,,,,,,,,,,,,,,,,,,,,,,,,,,,,,,,,,,,,,,,,,,,,,,,,,,,,,
1676060245.912356,1676060245.912742,80.000000,0.000000,4346.538574,4355.128418,4334.230957,4343.589844,4332.563965,4287.436035,4309.487305,4319.871582,4295.256348,4276.025879,4416.794922,4497.692383,4343.461426,4449.871582,3116.000000,4.000000,85.000000,,,,0.000000,4.000000,4.000000,4.000000,4.000000,4.000000,4.000000,4.000000,4.000000,4.000000,4.000000,4.000000,4.000000,4.000000,4.000000,100.000000,,,,,,,,,,,,,,,,,,,,,,,,,,,,,,,,,,,,,,,,,,,,,,,,,,,,,,,,,,,,,,,,,,,,,,,,,,,,,,,,,,,,,,
1676060245.920164,1676060245.920651,81.000000,0.000000,4359.230957,4367.820313,4334.615234,4353.846191,4329.615234,4286.794922,4308.333496,4319.615234,4297.563965,4278.333496,4421.025879,4500.000000,4357.820313,4461.922852,3228.000000,4.000000,85.000000,,,,0.000000,4.000000,4.000000,4.000000,4.000000,4.000000,4.000000,4.000000,4.000000,4.000000,4.000000,4.000000,4.000000,4.000000,4.000000,100.000000,,,,,,,,,,,,,,,,,,,,,,,,,,,,,,,,,,,,,,,,,,,,,,,,,,,,,,,,,,,,,,,,,,,,,,,,,,,,,,,,,,,,,,
1676060245.927973,1676060245.928459,82.000000,0.000000,4341.922852,4351.538574,4314.615234,4338.077148,4318.333496,4283.333496,4290.256348,4301.922852,4282.948730,4245.897461,4389.743652,4475.512695,4328.974121,4432.692383,2723.000000,4.000000,85.000000,,,,0.000000,4.000000,4.000000,4.000000,4.000000,4.000000,4.000000,4.000000,4.000000,4.000000,4.000000,4.000000,4.000000,4.000000,4.000000,100.000000,,,,,,,,,,,,,,,,,,,,,,,,,,,,,,,,,,,,,,,,,,,,,,,,,,,,,,,,,,,,,,,,,,,,,,,,,,,,,,,,,,,,,,
1676060245.935781,1676060245.936368,83.000000,0.000000,4320.512695,4339.615234,4302.436035,4321.922852,4312.051270,4280.256348,4277.820313,4289.487305,4269.230957,4239.102539,4368.846191,4452.436035,4302.179688,4406.666504,2902.000000,4.000000,85.000000,,,,0.000000,4.000000,4.000000,4.000000,4.000000,4.000000,4.000000,4.000000,4.000000,4.000000,4.000000,4.000000,4.000000,4.000000,4.000000,100.000000,,,,,,,,,,,,,,,,,,,,,,,,,,,,,,,,,,,,,,,,,,,,,,,,,,,,,,,,,,,,,,,,,,,,,,,,,,,,,,,,,,,,,,
1676060245.943590,1676060245.944176,84.000000,0.000000,4323.461426,4349.615234,4313.333496,4330.897461,4316.410156,4279.615234,4286.538574,4303.077148,4285.128418,4272.948730,4381.922852,4462.820313,4312.820313,4414.487305,3116.000000,4.000000,85.000000,,,,0.000000,4.000000,4.000000,4.000000,4.000000,4.000000,4.000000,4.000000,4.000000,4.000000,4.000000,4.000000,4.000000,4.000000,4.000000,100.000000,,,,,,,,,,,,,,,,,,,,,,,,,,,,,,,,,,,,,,,,,,,,,,,,,,,,,,,,,,,,,,,,,,,,,,,,,,,,,,,,,,,,,,
1676060245.951398,1676060245.952084,85.000000,0.000000,4335.769043,4350.897461,4318.717773,4334.230957,4318.974121,4283.333496,4295.000000,4313.205078,4301.538574,4283.717773,4396.153809,4475.641113,4332.692383,4427.692383,3228.000000,4.000000,85.000000,,,,0.000000,4.000000,4.000000,4.000000,4.000000,4.000000,4.000000,4.000000,4.000000,4.000000,4.000000,4.000000,4.000000,4.000000,4.000000,100.000000,,,,,,,,,,,,,,,,,,,,,,,,,,,,,,,,,,,,,,,,,,,,,,,,,,,,,,,,,,,,,,,,,,,,,,,,,,,,,,,,,,,,,,
1676060245.959206,1676060245.959893,86.000000,0.000000,4351.282227,4354.871582,4320.384766,4334.487305,4320.897461,4288.846191,4296.153809,4309.615234,4297.820313,4275.384766,4406.410156,4472.563965,4349.102539,4442.436035,2723.000000,4.000000,85.000000,,,,0.000000,4.000000,4.000000,4.000000,4.000000,4.000000,4.000000,4.000000,4.000000,4.000000,4.000000,4.000000,4.000000,4.000000,4.000000,100.000000,,,,,,,,,,,,,,,,,,,,,,,,,,,,,,,,,,,,,,,,,,,,,,,,,,,,,,,,,,,,,,,,,,,,,,,,,,,,,,,,,,,,,,
1676060245.967015,1676060245.967801,87.000000,0.000000,4359.615234,4368.461426,4331.794922,4348.974121,4326.538574,4290.641113,4302.563965,4317.179688,4299.358887,4282.436035,4415.512695,4473.717773,4354.487305,4451.282227,2902.000000,4.000000,85.000000,,,,0.000000,4.000000,4.000000,4.000000,4.000000,4.000000,4.000000,4.000000,4.000000,4.000000,4.000000,4.000000,4.000000,4.000000,4.000000,100.000000,,,,,,,,,,,,,,,,,,,,,,,,,,,,,,,,,,,,,,,,,,,,,,,,,,,,,,,,,,,,,,,,,,,,,,,,,,,,,,,,,,,,,,
1676060245.974823,1676060245.975610,88.000000,0.000000,4340.512695,4354.871582,4331.025879,4340.641113,4316.666504,4279.102539,4300.128418,4316.025879,4293.461426,4275.769043,4397.307617,4467.307617,4332.179688,4429.487305,3116.000000,4.000000,85.000000,,,,0.000000,4.000000,4.000000,4.000000,4.000000,4.000000,4.000000,4.000000,4.000000,4.000000,4.000000,4.000000,4.000000,4.000000,4.000000,100.000000,,,,,,,,,,,,,,,,,,,,,,,,,,,,,,,,,,,,,,,,,,,,,,,,,,,,,,,,,,,,,,,,,,,,,,,,,,,,,,,,,,,,,,
1676060245.982632,1676060245.983518,89.000000,0.000000,4321.153809,4333.205078,4323.717773,4319.871582,4304.615234,4271.538574,4290.641113,4299.743652,4279.871582,4258.846191,4377.692383,4455.512695,4315.256348,4411.794922,3228.000000,4.000000,85.000000,,,,0.000000,4.000000,4.000000,4.000000,4.000000,4.000000,4.000000,4.000000,4.000000,4.000000,4.000000,4.000000,4.000000,4.000000,4.000000,100.000000,,,,,,,,,,,,,,,,,,,,,,,,,,,,,,,,,,,,,,,,,,,,,,,,,,,,,,,,,,,,,,,,,,,,,,,,,,,,,,,,,,,,,,
1676060245.990440,1676060245.991326,90.000000,0.000000,4335.512695,4343.974121,4330.128418,4333.077148,4314.615234,4278.077148,4291.666504,4300.384766,4288.846191,4271.666504,4397.563965,4468.333496,4335.897461,4432.051270,2723.000000,4.000000,85.000000,,,,0.000000,4.000000,4.000000,4.000000,4.000000,4.000000,4.000000,4.000000,4.000000,4.000000,4.000000,4.000000,4.000000,4.000000,4.000000,100.000000,,,,,,,,,,,,,,,,,,,,,,,,,,,,,,,,,,,,,,,,,,,,,,,,,,,,,,,,,,,,,,,,,,,,,,,,,,,,,,,,,,,,,,
1676060245.998248,1676060245.999235,91.000000,0.000000,4360.128418,4366.153809,4344.230957,4356.025879,4325.128418,4285.512695,4299.743652,4313.077148,4301.666504,4287.820313,4422.563965,4491.153809,4361.922852,4461.025879,2902.000000,4.000000,85.000000,,,,0.000000,4.000000,4.000000,4.000000,4.000000,4.000000,4.000000,4.000000,4.000000,4.000000,4.000000,4.000000,4.000000,4.000000,4.000000,100.000000,,,,,,,,,,,,,,,,,,,,,,,,,,,,,,,,,,,,,,,,,,,,,,,,,,,,,,,,,,,,,,,,,,,,,,,,,,,,,,,,,,,,,,
1676060246.006057,1676060246.007043,92.000000,0.000000,4362.051270,4366.025879,4354.743652,4354.230957,4326.025879,4290.000000,4307.307617,4316.025879,4295.897461,4273.461426,4415.000000,4496.410156,4356.025879,4457.563965,3116.000000,4.000000,85.000000,,,,0.000000,4.000000,4.000000,4.000000,4.000000,4.000000,4.000000,4.000000,4.000000,4.000000,4.000000,4.000000,4.000000,4.000000,4.000000,100.000000,,,,,,,,,,,,,,,,,,,,,,,,,,,,,,,,,,,,,,,,,,,,,,,,,,,,,,,,,,,,,,,,,,,,,,,,,,,,,,,,,,,,,,
1676060246.013865,1676060246.014752,93.000000,0.000000,4344.743652,4348.846191,4352.948730,4340.256348,4326.666504,4289.615234,4310.897461,4316.282227,4291.794922,4260.000000,4402.820313,4492.179688,4337.051270,4433.333496,3228.000000,4.000000,85.000000,,,,0.000000,4.000000,4.000000,4.000000,4.000000,4.000000,4.000000,4.000000,4.000000,4.000000,4.000000,4.000000,4.000000,4.000000,4.000000,100.000000,,,,,,,,,,,,,,,,,,,,,,,,,,,,,,,,,,,,,,,,,,,,,,,,,,,,,,,,,,,,,,,,,,,,,,,,,,,,,,,,,,,,,,
1676060246.021674,1676060246.022560,94.000000,0.000000,4336.794922,4332.051270,4335.384766,4328.205078,4318.974121,4281.794922,4299.871582,4312.948730,4295.384766,4265.769043,4411.025879,4486.282227,4343.077148,4429.487305,2723.000000,4.000000,85.000000,,,,0.000000,4.000000,4.000000,4.000000,4.000000,4.000000,4.000000,4.000000,4.000000,4.000000,4.000000,4.000000,4.000000,4.000000,4.000000,100.000000,,,,,,,,,,,,,,,,,1.087867,1.385826,1.686828,1.027537,0.600978,2.278490,1.140486,1.275257,1.007902,0.865279,0.676115,1.475948,2.041634,1.305413,0.739438,1.107983,0.683501,1.251466,0.927853,0.702587,0.361502,0.347699,0.486248,0.324617,0.420534,0.294943,0.363099,0.280570,0.210615,0.222723,0.142560,0.236188,0.528293,0.520940,0.495812,0.342363,0.411793,0.913925,1.059197,0.842899,0.533234,0.729596,1.142443,1.019470,0.557820,0.937224,0.914841,1.271021,1.488310,0.928227,15.844946,4.798292,2.052366,2.210965,1.135540,1.242874,2.121409,2.355621,2.114082,0.986907,1.376814,1.143214,1.293055,1.702527,0.961628,1.211216,1.334589,1.865746,1.781528,0.960223
1676060246.029482,1676060246.030269,95.000000,0.000000,4335.256348,4313.846191,4318.205078,4313.461426,4304.871582,4278.461426,4285.384766,4306.282227,4290.641113,4273.077148,4413.717773,4473.974121,4353.846191,4435.897461,2902.000000,4.000000,85.000000,,,,0.000000,4.000000,4.000000,4.000000,4.000000,4.000000,4.000000,4.000000,4.000000,4.000000,4.000000,4.000000,4.000000,4.000000,4.000000,100.000000,,,,,,,,,,,,,,,,,,,,,,,,,,,,,,,,,,,,,,,,,,,,,,,,,,,,,,,,,,,,,,,,,,,,,,,,,,,,,,,,,,,,,,
1676060246.037290,1676060246.038077,96.000000,0.000000,4317.436035,4291.025879,4307.948730,4295.256348,4297.179688,4275.641113,4281.025879,4297.563965,4281.410156,4267.307617,4395.641113,4459.230957,4341.025879,4420.641113,3116.000000,4.000000,85.000000,,,,0.000000,4.000000,4.000000,4.000000,4.000000,4.000000,4.000000,4.000000,4.000000,4.000000,4.000000,4.000000,4.000000,4.000000,4.000000,100.000000,,,,,,,,,,,,,,,,,,,,,,,,,,,,,,,,,,,,,,,,,,,,,,,,,,,,,,,,,,,,,,,,,,,,,,,,,,,,,,,,,,,,,,
1676060246.045099,1676060246.045786,97.000000,0.000000,4307.436035,4286.666504,4304.358887,4288.333496,4291.666504,4264.615234,4277.436035,4283.077148,4273.846191,4251.538574,4386.666504,4452.563965,4335.128418,4411.922852,3228.000000,4.000000,85.000000,,,,0.000000,4.000000,4.000000,4.000000,4.000000,4.000000,4.000000,4.000000,4.000000,4.000000,4.000000,4.000000,4.000000,4.000000,4.000000,100.000000,,,,,,,,,,,,,,,,,,,,,,,,,,,,,,,,,,,,,,,,,,,,,,,,,,,,,,,,,,,,,,,,,,,,,,,,,,,,,,,,,,,,,,
1676060246.052907,1676060246.053594,98.000000,0.000000,4319.358887,4292.051270,4309.358887,4295.000000,4289.487305,4264.102539,4275.512695,4281.922852,4273.205078,4248.205078,4389.743652,4455.641113,4336.922852,4416.794922,2723.000000,4.000000,85.000000,,,,0.000000,4.000000,4.000000,4.000000,4.000000,4.000000,4.000000,4.000000,4.000000,4.000000,4.000000,4.000000,4.000000,4.000000,4.000000,100.000000,,,,,,,,,,,,,,,,,,,,,,,,,,,,,,,,,,,,,,,,,,,,,,,,,,,,,,,,,,,,,,,,,,,,,,,,,,,,,,,,,,,,,,
1676060246.060716,1676060246.061303,99.000000,0.000000,4322.179688,4289.102539,4321.410156,4302.436035,4301.794922,4280.512695,4290.512695,4305.769043,4290.641113,4267.692383,4396.794922,4469.871582,4335.512695,4415.769043,2902.000000,4.000000,85.000000,,,,0.000000,4.000000,4.000000,4.000000,4.000000,4.000000,4.000000,4.000000,4.000000,4.000000,4.000000,4.000000,4.000000,4.000000,4.000000,100.000000,,,,,,,,,,,,,,,,,,,,,,,,,,,,,,,,,,,,,,,,,,,,,,,,,,,,,,,,,,,,,,,,,,,,,,,,,,,,,,,,,,,,,,
1676060246.068524,1676060246.069111,100.000000,0.000000,4327.563965,4304.487305,4338.974121,4314.743652,4319.615234,4290.128418,4308.974121,4325.769043,4309.871582,4288.461426,4428.077148,4497.436035,4366.794922,4441.025879,3116.000000,4.000000,85.000000,,,,0.000000,4.000000,4.000000,4.000000,4.000000,4.000000,4.000000,4.000000,4.000000,4.000000,4.000000,4.000000,4.000000,4.000000,4.000000,100.000000,,,,,,,,,,,,,,,,,,,,,,,,,,,,,,,,,,,,,,,,,,,,,,,,,,,,,,,,,,,,,,,,,,,,,,,,,,,,,,,,,,,,,,
1676060246.076332,1676060246.076820,101.000000,0.000000,4333.333496,4308.846191,4330.641113,4311.410156,4310.769043,4280.256348,4294.615234,4309.358887,4294.102539,4273.589844,4436.410156,4491.666504,4388.461426,4457.307617,3228.000000,4.000000,85.000000,,,,0.000000,4.000000,4.000000,4.000000,4.000000,4.000000,4.000000,4.000000,4.000000,4.000000,4.000000,4.000000,4.000000,4.000000,4.000000,100.000000,,,,,,,,,,,,,,,,,,,,,,,,,,,,,,,,,,,,,,,,,,,,,,,,,,,,,,,,,,,,,,,,,,,,,,,,,,,,,,,,,,,,,,
1676060246.084141,1676060246.084628,102.000000,0.000000,4319.743652,4285.769043,4304.102539,4294.358887,4300.000000,4272.563965,4275.384766,4287.692383,4268.974121,4252.692383,4397.948730,4457.436035,4354.102539,4420.512695,2723.000000,4.000000,85.000000,,,,0.000000,4.000000,4.000000,4.000000,4.000000,4.000000,4.000000,4.000000,4.000000,4.000000,4.000000,4.000000,4.000000,4.000000,4.000000,100.000000,,,,,,,,,,,,,,,,,,,,,,,,,,,,,,,,,,,,,,,,,,,,,,,,,,,,,,,,,,,,,,,,,,,,,,,,,,,,,,,,,,,,,,
1676060246.091949,1676060246.092337,103.000000,0.000000,4316.538574,4293.077148,4315.769043,4305.641113,4319.615234,4281.922852,4293.077148,4302.563965,4280.128418,4268.717773,4393.589844,4464.230957,4337.307617,4406.153809,2902.000000,4.000000,85.000000,,,,0.000000,4.000000,4.000000,4.000000,4.000000,4.000000,4.000000,4.000000,4.000000,4.000000,4.000000,4.000000,4.000000,4.000000,4.000000,100.000000,,,,,,,,,,,,,,,,,,,,,,,,,,,,,,,,,,,,,,,,,,,,,,,,,,,,,,,,,,,,,,,,,,,,,,,,,,,,,,,,,,,,,,
1676060246.099757,1676060246.100145,104.000000,0.000000,4322.948730,4309.743652,4335.256348,4316.794922,4328.589844,4286.410156,4305.384766,4310.897461,4288.974121,4278.077148,4421.794922,4483.974121,4362.948730,4430.384766,3116.000000,4.000000,85.000000,,,,0.000000,4.000000,4.000000,4.000000,4.000000,4.000000,4.000000,4.000000,4.000000,4.000000,4.000000,4.000000,4.000000,4.000000,4.000000,100.000000,,,,,,,,,,,,,,,,,,,,,,,,,,,,,,,,,,,,,,,,,,,,,,,,,,,,,,,,,,,,,,,,,,,,,,,,,,,,,,,,,,,,,,
1676060246.107566,1676060246.107854,105.000000,0.000000,4313.846191,4287.307617,4318.974121,4296.410156,4307.563965,4276.538574,4288.846191,4292.948730,4279.743652,4265.000000,4419.871582,4471.538574,4371.922852,4429.871582,3228.000000,4.000000,85.000000,,,,0.000000,4.000000,4.000000,4.000000,4.000000,4.000000,4.000000,4.000000,4.000000,4.000000,4.000000,4.000000,4.000000,4.000000,4.000000,100.000000,,,,,,,,,,,,,,,,,,,,,,,,,,,,,,,,,,,,,,,,,,,,,,,,,,,,,,,,,,,,,,,,,,,,,,,,,,,,,,,,,,,,,,
1676060246.115374,1676060246.115662,106.000000,0.000000,4320.384766,4278.077148,4320.512695,4294.358887,4306.153809,4275.000000,4289.358887,4300.512695,4297.051270,4276.922852,4423.589844,4477.563965,4379.358887,4432.820313,2723.000000,4.000000,85.000000,,,,0.000000,4.000000,4.000000,4.000000,4.000000,4.000000,4.000000,4.000000,4.000000,4.000000,4.000000,4.000000,4.000000,4.000000,4.000000,100.000000,,,,,,,,,,,,,,,,,,,,,,,,,,,,,,,,,,,,,,,,,,,,,,,,,,,,,,,,,,,,,,,,,,,,,,,,,,,,,,,,,,,,,,
1676060246.123182,1676060246.123371,107.000000,0.000000,4347.692383,4307.307617,4353.974121,4323.333496,4326.025879,4284.358887,4306.922852,4334.615234,4327.948730,4312.051270,4460.641113,4514.743652,4409.743652,4464.358887,2902.000000,4.000000,85.000000,,,,0.000000,4.000000,4.000000,4.000000,4.000000,4.000000,4.000000,4.000000,4.000000,4.000000,4.000000,4.000000,4.000000,4.000000,4.000000,100.000000,,,,,,,,,,,,,,,,,,,,,,,,,,,,,,,,,,,,,,,,,,,,,,,,,,,,,,,,,,,,,,,,,,,,,,,,,,,,,,,,,,,,,,
1676060246.130991,1676060246.131179,108.000000,0.000000,4348.461426,4313.717773,4355.641113,4327.307617,4322.820313,4283.333496,4306.153809,4342.051270,4328.974121,4313.461426,4470.769043,4523.077148,4417.436035,4467.051270,3116.000000,4.000000,85.000000,,,,0.000000,4.000000,4.000000,4.000000,4.000000,4.000000,4.000000,4.000000,4.000000,4.000000,4.000000,4.000000,4.000000,4.000000,4.000000,100.000000,,,,,,,,,,,,,,,,,,,,,,,,,,,,,,,,,,,,,,,,,,,,,,,,,,,,,,,,,,,,,,,,,,,,,,,,,,,,,,,,,,,,,,
1676060246.138799,1676060246.138888,109.000000,0.000000,4323.461426,4289.871582,4331.025879,4302.692383,4305.641113,4273.717773,4295.769043,4322.563965,4310.384766,4284.487305,4440.384766,4496.922852,4389.358887,4433.205078,3228.000000,4.000000,85.000000,,,,0.000000,4.000000,4.000000,4.000000,4.000000,4.000000,4.000000,4.000000,4.000000,4.000000,4.000000,4.000000,4.000000,4.000000,4.000000,100.000000,,,,,,,,,,,,,,,,,,,,,,,,,,,,,,,,,,,,,,,,,,,,,,,,,,,,,,,,,,,,,,,,,,,,,,,,,,,,,,,,,,,,,,
1676060246.146608,1676060246.146796,110.000000,0.000000,4308.974121,4277.307617,4321.410156,4289.102539,4305.256348,4274.615234,4290.384766,4308.333496,4297.948730,4271.538574,4419.871582,4476.025879,4370.256348,4415.128418,2723.000000,4.000000,85.000000,,,,0.000000,4.000000,4.000000,4.000000,4.000000,4.000000,4.000000,4.000000,4.000000,4.000000,4.000000,4.000000,4.000000,4.000000,4.000000,100.000000,,,,,,,,,,,,,,,,,0.793890,1.375514,1.577241,1.112552,0.595614,2.694448,1.022614,1.092230,1.131686,0.906736,0.796129,1.823283,1.998952,1.459388,0.712787,1.144844,0.622144,1.165860,0.991418,0.699224,0.382560,0.338781,0.479233,0.402114,0.423821,0.227744,0.333150,0.214638,0.235630,0.240676,0.131626,0.301400,0.470039,0.576038,0.484757,0.373564,0.422023,0.823254,1.240403,0.806400,0.581785,0.783534,1.026920,1.221477,0.572204,0.939094,0.891280,1.008180,1.658812,0.917499,18.859766,5.393989,2.177040,2.667381,1.139780,1.372042,2.426291,2.430156,2.503797,0.972717,1.397642,1.168180,1.225357,2.069892,0.933463,1.145634,1.424404,1.766253,2.151496,0.908613
1676060246.154416,1676060246.154604,111.000000,0.000000,4311.282227,4282.692383,4322.307617,4294.615234,4317.948730,4285.000000,4293.461426,4309.358887,4297.179688,4285.897461,4422.563965,4476.666504,4375.897461,4420.769043,2902.000000,4.000000,85.000000,,,,0.000000,4.000000,4.000000,4.000000,4.000000,4.000000,4.000000,4.000000,4.000000,4.000000,4.000000,4.000000,4.000000,4.000000,4.000000,100.000000,,,,,,,,,,,,,,,,,,,,,,,,,,,,,,,,,,,,,,,,,,,,,,,,,,,,,,,,,,,,,,,,,,,,,,,,,,,,,,,,,,,,,,
1676060246.162224,1676060246.162513,112.000000,0.000000,4307.820313,4279.102539,4315.897461,4294.230957,4321.153809,4291.794922,4299.230957,4313.589844,4294.358887,4290.897461,4414.230957,4476.538574,4364.743652,4408.846191,3116.000000,4.000000,85.000000,,,,0.000000,4.000000,4.000000,4.000000,4.000000,4.000000,4.000000,4.000000,4.000000,4.000000,4.000000,4.000000,4.000000,4.000000,4.000000,100.000000,,,,,,,,,,,,,,,,,,,,,,,,,,,,,,,,,,,,,,,,,,,,,,,,,,,,,,,,,,,,,,,,,,,,,,,,,,,,,,,,,,,,,,
1676060246.170033,1676060246.170321,113.000000,0.000000,4281.282227,4252.948730,4295.128418,4266.666504,4306.153809,4285.512695,4290.769043,4299.358887,4279.102539,4263.717773,4389.743652,4451.025879,4338.333496,4377.692383,3228.000000,4.000000,85.000000,,,,0.000000,4.000000,4.000000,4.000000,4.000000,4.000000,4.000000,4.000000,4.000000,4.000000,4.000000,4.000000,4.000000,4.000000,4.000000,100.000000,,,,,,,,,,,,,,,,,,,,,,,,,,,,,,,,,,,,,,,,,,,,,,,,,,,,,,,,,,,,,,,,,,,,,,,,,,,,,,,,,,,,,,
1676060246.177841,1676060246.178230,114.000000,0.000000,4266.282227,4236.538574,4283.846191,4250.512695,4297.436035,4276.282227,4282.436035,4288.589844,4278.333496,4258.974121,4395.256348,4438.717773,4348.974121,4377.179688,2723.000000,4.000000,85.000000,,,,0.000000,4.000000,4.000000,4.000000,4.000000,4.000000,4.000000,4.000000,4.000000,4.000000,4.000000,4.000000,4.000000,4.000000,4.000000,100.000000,,,,,,,,,,,,,,,,,,,,,,,,,,,,,,,,,,,,,,,,,,,,,,,,,,,,,,,,,,,,,,,,,,,,,,,,,,,,,,,,,,,,,,
1676060246.185650,1676060246.186038,115.000000,0.000000,4287.307617,4251.153809,4297.051270,4275.641113,4307.692383,4282.563965,4294.487305,4300.897461,4294.487305,4285.769043,4422.307617,4463.333496,4381.282227,4407.051270,2902.000000,4.000000,85.000000,,,,0.000000,4.000000,4.000000,4.000000,4.000000,4.000000,4.000000,4.000000,4.000000,4.000000,4.000000,4.000000,4.000000,4.000000,4.000000,100.000000,,,,,,,,,,,,,,,,,,,,,,,,,,,,,,,,,,,,,,,,,,,,,,,,,,,,,,,,,,,,,,,,,,,,,,,,,,,,,,,,,,,,,,
1676060246.193458,1676060246.193946,116.000000,0.000000,4305.256348,4269.871582,4313.974121,4299.871582,4320.128418,4293.589844,4308.589844,4313.846191,4298.974121,4288.205078,4433.333496,4485.512695,4387.820313,4424.743652,3116.000000,4.000000,85.000000,,,,0.000000,4.000000,4.000000,4.000000,4.000000,4.000000,4.000000,4.000000,4.000000,4.000000,4.000000,4.000000,4.000000,4.000000,4.000000,100.000000,,,,,,,,,,,,,,,,,,,,,,,,,,,,,,,,,,,,,,,,,,,,,,,,,,,,,,,,,,,,,,,,,,,,,,,,,,,,,,,,,,,,,,
1676060246.201266,1676060246.201755,117.000000,0.000000,4305.512695,4280.128418,4322.820313,4299.230957,4321.153809,4291.794922,4306.538574,4315.897461,4296.025879,4275.769043,4440.641113,4491.538574,4387.692383,4427.820313,3228.000000,4.000000,85.000000,,,,0.000000,4.000000,4.000000,4.000000,4.000000,4.000000,4.000000,4.000000,4.000000,4.000000,4.000000,4.000000,4.000000,4.000000,4.000000,100.000000,,,,,,,,,,,,,,,,,,,,,,,,,,,,,,,,,,,,,,,,,,,,,,,,,,,,,,,,,,,,,,,,,,,,,,,,,,,,,,,,,,,,,,
1676060246.209075,1676060246.209563,118.000000,0.000000,4306.794922,4279.615234,4321.666504,4297.307617,4312.692383,4279.743652,4295.769043,4307.436035,4294.230957,4279.102539,4442.948730,4489.487305,4397.051270,4427.563965,2723.000000,4.000000,85.000000,,,,0.000000,4.000000,4.000000,4.000000,4.000000,4.000000,4.000000,4.000000,4.000000,4.000000,4.000000,4.000000,4.000000,4.000000,4.000000,100.000000,,,,,,,,,,,,,,,,,,,,,,,,,,,,,,,,,,,,,,,,,,,,,,,,,,,,,,,,,,,,,,,,,,,,,,,,,,,,,,,,,,,,,,
1676060246.216883,1676060246.217372,119.000000,0.000000,4304.743652,4268.717773,4312.692383,4301.410156,4303.461426,4269.615234,4283.205078,4295.897461,4286.794922,4281.922852,4427.692383,4480.641113,4388.846191,4416.794922,2902.000000,4.000000,85.000000,,,,0.000000,4.000000,4.000000,4.000000,4.000000,4.000000,4.000000,4.000000,4.000000,4.000000,4.000000,4.000000,4.000000,4.000000,4.000000,100.000000,,,,,,,,,,,,,,,,,,,,,,,,,,,,,,,,,,,,,,,,,,,,,,,,,,,,,,,,,,,,,,,,,,,,,,,,,,,,,,,,,,,,,,
1676060246.224692,1676060246.225080,120.000000,0.000000,4302.820313,4270.128418,4316.666504,4310.128418,4309.102539,4269.230957,4288.077148,4307.436035,4295.897461,4287.948730,4431.410156,4488.974121,4386.282227,4413.077148,3116.000000,4.000000,85.000000,,,,0.000000,4.000000,4.000000,4.000000,4.000000,4.000000,4.000000,4.000000,4.000000,4.000000,4.000000,4.000000,4.000000,4.000000,4.000000,100.000000,,,,,,,,,,,,,,,,,,,,,,,,,,,,,,,,,,,,,,,,,,,,,,,,,,,,,,,,,,,,,,,,,,,,,,,,,,,,,,,,,,,,,,
1676060246.232500,1676060246.232889,121.000000,0.000000,4305.128418,4283.589844,4329.871582,4319.487305,4311.922852,4266.922852,4303.461426,4329.871582,4317.051270,4304.102539,4452.563965,4511.666504,4399.743652,4418.333496,3228.000000,4.000000,85.000000,,,,0.000000,4.000000,4.000000,4.000000,4.000000,4.000000,4.000000,4.000000,4.000000,4.000000,4.000000,4.000000,4.000000,4.000000,4.000000,100.000000,,,,,,,,,,,,,,,,,,,,,,,,,,,,,,,,,,,,,,,,,,,,,,,,,,,,,,,,,,,,,,,,,,,,,,,,,,,,,,,,,,,,,,
1676060246.240308,1676060246.240597,122.000000,0.000000,4294.358887,4273.333496,4319.358887,4311.794922,4297.820313,4262.692383,4299.102539,4323.717773,4310.897461,4300.000000,4441.025879,4505.641113,4389.743652,4405.769043,2723.000000,4.000000,85.000000,,,,0.000000,4.000000,4.000000,4.000000,4.000000,4.000000,4.000000,4.000000,4.000000,4.000000,4.000000,4.000000,4.000000,4.000000,4.000000,100.000000,,,,,,,,,,,,,,,,,,,,,,,,,,,,,,,,,,,,,,,,,,,,,,,,,,,,,,,,,,,,,,,,,,,,,,,,,,,,,,,,,,,,,,
1676060246.248117,1676060246.248406,123.000000,0.000000,4277.692383,4248.077148,4304.871582,4301.282227,4299.743652,4270.641113,4293.846191,4315.128418,4304.615234,4291.666504,4427.820313,4493.077148,4377.692383,4397.051270,2902.000000,4.000000,85.000000,,,,0.000000,4.000000,4.000000,4.000000,4.000000,4.000000,4.000000,4.000000,4.000000,4.000000,4.000000,4.000000,4.000000,4.000000,4.000000,100.000000,,,,,,,,,,,,,,,,,,,,,,,,,,,,,,,,,,,,,,,,,,,,,,,,,,,,,,,,,,,,,,,,,,,,,,,,,,,,,,,,,,,,,,
1676060246.255925,1676060246.256114,124.000000,0.000000,4275.769043,4245.769043,4310.641113,4309.615234,4319.615234,4283.846191,4303.461426,4325.256348,4315.512695,4296.922852,4445.512695,4506.794922,4392.692383,4407.051270,3116.000000,4.000000,85.000000,,,,0.000000,4.000000,4.000000,4.000000,4.000000,4.000000,4.000000,4.000000,4.000000,4.000000,4.000000,4.000000,4.000000,4.000000,4.000000,100.000000,,,,,,,,,,,,,,,,,,,,,,,,,,,,,,,,,,,,,,,,,,,,,,,,,,,,,,,,,,,,,,,,,,,,,,,,,,,,,,,,,,,,,,
1676060246.263734,1676060246.263923,125.000000,0.000000,4278.717773,4251.794922,4308.717773,4309.743652,4324.615234,4283.333496,4303.974121,4320.128418,4307.563965,4290.897461,4446.153809,4511.538574,4397.307617,4403.077148,3228.000000,4.000000,85.000000,,,,0.000000,4.000000,4.000000,4.000000,4.000000,4.000000,4.000000,4.000000,4.000000,4.000000,4.000000,4.000000,4.000000,4.000000,4.000000,100.000000,,,,,,,,,,,,,,,,,,,,,,,,,,,,,,,,,,,,,,,,,,,,,,,,,,,,,,,,,,,,,,,,,,,,,,,,,,,,,,,,,,,,,,
1676060246.271542,1676060246.271631,126.000000,0.000000,4275.256348,4246.025879,4298.205078,4299.615234,4318.205078,4279.615234,4296.282227,4309.230957,4293.846191,4275.256348,4425.769043,4496.538574,4383.077148,4389.358887,2723.000000,4.000000,85.000000,,,,0.000000,4.000000,4.000000,4.000000,4.000000,4.000000,4.000000,4.000000,4.000000,4.000000,4.000000,4.000000,4.000000,4.000000,4.000000,100.000000,,,,,,,,,,,,,,,,,0.673672,1.467962,1.438175,1.218202,0.610392,2.973326,0.922157,0.887226,1.221900,0.934426,1.040297,2.370494,1.873284,1.590186,0.694461,1.200211,0.672803,1.053685,1.049827,0.677387,0.377580,0.373673,0.509514,0.500025,0.411709,0.180966,0.357656,0.181591,0.270385,0.266685,0.161456,0.405928,0.415020,0.650654,0.486652,0.466048,0.526768,0.726339,1.405013,0.764205,0.658415,0.936731,0.917724,1.410355,0.603429,0.921963,0.945111,0.748252,1.777539,0.916661,19.876810,5.716735,2.154658,2.999347,1.167869,1.613598,2.977497,2.376421,2.786273,0.972546,1.328067,1.307572,1.107796,2.365226,0.950096,1.212420,1.752332,1.601366,2.428906,0.902174
1676060246.279350,1676060246.279440,127.000000,0.000000,4267.692383,4232.051270,4290.384766,4293.846191,4317.436035,4285.128418,4297.692383,4307.307617,4290.769043,4266.282227,4422.563965,4490.897461,4386.153809,4394.615234,85.000000,4.000000,85.000000,,,,0.000000,4.000000,4.000000,4.000000,4.000000,4.000000,4.000000,4.000000,4.000000,4.000000,4.000000,4.000000,4.000000,4.000000,4.000000,100.000000,,,,,,,,,,,,,,,,,,,,,,,,,,,,,,,,,,,,,,,,,,,,,,,,,,,,,,,,,,,,,,,,,,,,,,,,,,,,,,,,,,,,,,
1676060246.287159,1676060246.287148,0.000000,0.000000,4260.512695,4219.358887,4282.179688,4285.641113,4312.051270,4279.230957,4293.205078,4303.974121,4283.846191,4268.589844,4430.512695,4493.333496,4396.922852,4399.358887,2523.000000,4.000000,85.000000,,,,0.000000,4.000000,4.000000,4.000000,4.000000,4.000000,4.000000,4.000000,4.000000,4.000000,4.000000,4.000000,4.000000,4.000000,4.000000,100.000000,,,,,,,,,,,,,,,,,,,,,,,,,,,,,,,,,,,,,,,,,,,,,,,,,,,,,,,,,,,,,,,,,,,,,,,,,,,,,,,,,,,,,,
1676060246.294967,1676060246.294957,1.000000,0.000000,4262.820313,4222.051270,4277.563965,4278.589844,4304.615234,4265.769043,4284.487305,4305.000000,4283.205078,4280.512695,4431.410156,4487.179688,4398.589844,4388.205078,2469.000000,4.000000,85.000000,,,,0.000000,4.000000,4.000000,4.000000,4.000000,4.000000,4.000000,4.000000,4.000000,4.000000,4.000000,4.000000,4.000000,4.000000,4.000000,100.000000,,,,,,,,,,,,,,,,,,,,,,,,,,,,,,,,,,,,,,,,,,,,,,,,,,,,,,,,,,,,,,,,,,,,,,,,,,,,,,,,,,,,,,
1676060246.302775,1676060246.302665,2.000000,0.000000,4252.307617,4220.769043,4267.948730,4269.358887,4293.717773,4261.410156,4277.692383,4299.743652,4284.615234,4277.948730,4424.871582,4472.307617,4393.205078,4375.897461,2394.000000,4.000000,85.000000,,,,0.000000,4.000000,4.000000,4.000000,4.000000,4.000000,4.000000,4.000000,4.000000,4.000000,4.000000,4.000000,4.000000,4.000000,4.000000,100.000000,,,,,,,,,,,,,,,,,,,,,,,,,,,,,,,,,,,,,,,,,,,,,,,,,,,,,,,,,,,,,,,,,,,,,,,,,,,,,,,,,,,,,,
1676060246.310584,1676060246.310574,3.000000,0.000000,4238.205078,4212.307617,4262.436035,4265.000000,4288.461426,4271.410156,4278.077148,4296.922852,4287.820313,4274.487305,4429.615234,4472.179688,4397.820313,4377.307617,2466.000000,4.000000,85.000000,,,,0.000000,4.000000,4.000000,4.000000,4.000000,4.000000,4.000000,4.000000,4.000000,4.000000,4.000000,4.000000,4.000000,4.000000,4.000000,100.000000,,,,,,,,,,,,,,,,,,,,,,,,,,,,,,,,,,,,,,,,,,,,,,,,,,,,,,,,,,,,,,,,,,,,,,,,,,,,,,,,,,,,,,
1676060246.318392,1676060246.318382,4.000000,0.000000,4249.487305,4218.333496,4276.282227,4278.717773,4301.538574,4280.769043,4293.333496,4321.153809,4308.717773,4295.256348,4453.205078,4496.922852,4422.307617,4392.179688,2436.000000,4.000000,85.000000,,,,0.000000,4.000000,4.000000,4.000000,4.000000,4.000000,4.000000,4.000000,4.000000,4.000000,4.000000,4.000000,4.000000,4.000000,4.000000,100.000000,,,,,,,,,,,,,,,,,,,,,,,,,,,,,,,,,,,,,,,,,,,,,,,,,,,,,,,,,,,,,,,,,,,,,,,,,,,,,,,,,,,,,,
1676060246.326201,1676060246.326290,5.000000,0.000000,4257.692383,4228.717773,4287.307617,4287.563965,4307.436035,4271.794922,4296.794922,4333.077148,4322.307617,4310.384766,4467.692383,4512.179688,4438.974121,4399.743652,2368.000000,4.000000,85.000000,,,,0.000000,4.000000,4.000000,4.000000,4.000000,4.000000,4.000000,4.000000,4.000000,4.000000,4.000000,4.000000,4.000000,4.000000,4.000000,100.000000,,,,,,,,,,,,,,,,,,,,,,,,,,,,,,,,,,,,,,,,,,,,,,,,,,,,,,,,,,,,,,,,,,,,,,,,,,,,,,,,,,,,,,
1676060246.334009,1676060246.334099,6.000000,0.000000,4250.897461,4220.512695,4278.077148,4275.256348,4294.615234,4259.615234,4284.487305,4313.846191,4309.358887,4297.692383,4461.410156,4503.205078,4429.743652,4395.000000,2219.000000,4.000000,85.000000,,,,0.000000,4.000000,4.000000,4.000000,4.000000,4.000000,4.000000,4.000000,4.000000,4.000000,4.000000,4.000000,4.000000,4.000000,4.000000,100.000000,,,,,,,,,,,,,,,,,,,,,,,,,,,,,,,,,,,,,,,,,,,,,,,,,,,,,,,,,,,,,,,,,,,,,,,,,,,,,,,,,,,,,,
1676060246.341817,1676060246.342007,7.000000,0.000000,4244.487305,4204.358887,4267.051270,4266.922852,4281.666504,4260.641113,4285.512695,4308.589844,4300.512695,4282.051270,4451.282227,4494.102539,4417.307617,4385.641113,2234.000000,4.000000,85.000000,,,,0.000000,4.000000,4.000000,4.000000,4.000000,4.000000,4.000000,4.000000,4.000000,4.000000,4.000000,4.000000,4.000000,4.000000,4.000000,100.000000,,,,,,,,,,,,,,,,,,,,,,,,,,,,,,,,,,,,,,,,,,,,,,,,,,,,,,,,,,,,,,,,,,,,,,,,,,,,,,,,,,,,,,
1676060246.349626,1676060246.349816,8.000000,0.000000,4229.871582,4194.743652,4259.615234,4263.205078,4279.871582,4261.410156,4292.051270,4313.205078,4295.384766,4277.948730,4437.051270,4484.615234,4412.179688,4369.358887,2267.000000,4.000000,85.000000,,,,0.000000,4.000000,4.000000,4.000000,4.000000,4.000000,4.000000,4.000000,4.000000,4.000000,4.000000,4.000000,4.000000,4.000000,4.000000,100.000000,,,,,,,,,,,,,,,,,,,,,,,,,,,,,,,,,,,,,,,,,,,,,,,,,,,,,,,,,,,,,,,,,,,,,,,,,,,,,,,,,,,,,,
1676060246.357434,1676060246.357724,9.000000,0.000000,4229.102539,4196.282227,4265.256348,4263.589844,4292.692383,4262.820313,4292.820313,4309.102539,4292.692383,4290.128418,4433.846191,4482.948730,4406.025879,4366.025879,2232.000000,4.000000,85.000000,,,,0.000000,4.000000,4.000000,4.000000,4.000000,4.000000,4.000000,4.000000,4.000000,4.000000,4.000000,4.000000,4.000000,4.000000,4.000000,100.000000,,,,,,,,,,,,,,,,,,,,,,,,,,,,,,,,,,,,,,,,,,,,,,,,,,,,,,,,,,,,,,,,,,,,,,,,,,,,,,,,,,,,,,
1676060246.365242,1676060246.365532,10.000000,0.000000,4252.436035,4203.974121,4282.307617,4274.743652,4302.307617,4273.589844,4298.333496,4313.333496,4300.256348,4299.743652,4447.563965,4494.615234,4406.153809,4386.410156,2740.000000,4.000000,85.000000,,,,0.000000,4.000000,4.000000,4.000000,4.000000,4.000000,4.000000,4.000000,4.000000,4.000000,4.000000,4.000000,4.000000,4.000000,4.000000,100.000000,,,,,,,,,,,,,,,,,,,,,,,,,,,,,,,,,,,,,,,,,,,,,,,,,,,,,,,,,,,,,,,,,,,,,,,,,,,,,,,,,,,,,,
1676060246.373051,1676060246.373441,11.000000,0.000000,4256.153809,4200.641113,4281.794922,4273.205078,4295.128418,4273.589844,4298.205078,4310.512695,4295.384766,4282.820313,4445.000000,4495.128418,4411.538574,4397.436035,2910.000000,4.000000,85.000000,,,,0.000000,4.000000,4.000000,4.000000,4.000000,4.000000,4.000000,4.000000,4.000000,4.000000,4.000000,4.000000,4.000000,4.000000,4.000000,100.000000,,,,,,,,,,,,,,,,,,,,,,,,,,,,,,,,,,,,,,,,,,,,,,,,,,,,,,,,,,,,,,,,,,,,,,,,,,,,,,,,,,,,,,
1676060246.380859,1676060246.381249,12.000000,0.000000,4251.153809,4202.436035,4280.512695,4273.461426,4297.948730,4272.692383,4294.230957,4306.410156,4292.307617,4278.974121,4442.820313,4495.512695,4414.102539,4396.922852,3127.000000,4.000000,85.000000,,,,0.000000,4.000000,4.000000,4.000000,4.000000,4.000000,4.000000,4.000000,4.000000,4.000000,4.000000,4.000000,4.000000,4.000000,4.000000,100.000000,,,,,,,,,,,,,,,,,,,,,,,,,,,,,,,,,,,,,,,,,,,,,,,,,,,,,,,,,,,,,,,,,,,,,,,,,,,,,,,,,,,,,,
1676060246.388667,1676060246.389158,13.000000,0.000000,4266.794922,4218.717773,4288.589844,4287.692383,4312.820313,4289.102539,4297.179688,4314.743652,4302.948730,4296.538574,4456.153809,4504.487305,4413.461426,4399.487305,3241.000000,4.000000,85.000000,,,,0.000000,4.000000,4.000000,4.000000,4.000000,4.000000,4.000000,4.000000,4.000000,4.000000,4.000000,4.000000,4.000000,4.000000,4.000000,100.000000,,,,,,,,,,,,,,,,,,,,,,,,,,,,,,,,,,,,,,,,,,,,,,,,,,,,,,,,,,,,,,,,,,,,,,,,,,,,,,,,,,,,,,
1676060246.396476,1676060246.396966,14.000000,0.000000,4260.897461,4216.282227,4276.153809,4282.436035,4299.615234,4285.897461,4287.179688,4306.666504,4301.153809,4289.871582,4446.922852,4491.922852,4405.897461,4386.666504,2740.000000,4.000000,85.000000,,,,0.000000,4.000000,4.000000,4.000000,4.000000,4.000000,4.000000,4.000000,4.000000,4.000000,4.000000,4.000000,4.000000,4.000000,4.000000,100.000000,1.000000,75.000000,4.000000,4.000000,3.000000,4.000000,4.000000,4.000000,4.000000,4.000000,4.000000,3.000000,4.000000,3.000000,4.000000,4.000000,0.804759,1.701596,1.310947,1.318302,0.657719,3.091571,0.974922,0.732248,1.265667,0.964819,1.405677,3.072825,1.719327,1.675672,0.704043,1.281557,0.912894,0.958099,1.092355,0.657257,0.348346,0.484488,0.553297,0.599322,0.395354,0.156412,0.450158,0.178339,0.317427,0.297222,0.220955,0.540737,0.381716,0.743624,0.507746,0.619171,0.702186,0.642829,1.536979,0.740220,0.742600,1.162642,0.818972,1.559277,0.654308,0.899833,1.072382,0.538516,1.827238,0.940304,18.395435,5.658666,1.953466,3.135318,1.239646,2.005047,3.669117,2.205098,2.899255,1.000791,1.278141,1.551690,0.946794,2.533142,1.035004,1.502902,2.308097,1.431467,2.561239,0.968266
1676060246.404284,1676060246.404675,15.000000,0.000000,4236.410156,4203.461426,4257.820313,4266.666504,4280.769043,4267.820313,4275.384766,4292.820313,4292.692383,4278.333496,4430.512695,4469.743652,4403.205078,4370.256348,2910.000000,4.000000,85.000000,,,,0.000000,4.000000,4.000000,4.000000,4.000000,4.000000,4.000000,4.000000,4.000000,4.000000,4.000000,4.000000,4.000000,4.000000,4.000000,100.000000,,,,,,,,,,,,,,,,,,,,,,,,,,,,,,,,,,,,,,,,,,,,,,,,,,,,,,,,,,,,,,,,,,,,,,,,,,,,,,,,,,,,,,
1676060246.412093,1676060246.412483,16.000000,0.000000,4230.128418,4200.384766,4249.743652,4260.256348,4277.307617,4262.051270,4274.102539,4292.820313,4284.871582,4279.743652,4426.153809,4457.820313,4393.846191,4361.922852,0.000000,4.000000,85.000000,,,,0.000000,4.000000,4.000000,4.000000,4.000000,4.000000,4.000000,4.000000,4.000000,4.000000,4.000000,4.000000,4.000000,4.000000,4.000000,100.000000,,,,,,,,,,,,,,,,,,,,,,,,,,,,,,,,,,,,,,,,,,,,,,,,,,,,,,,,,,,,,,,,,,,,,,,,,,,,,,,,,,,,,,
1676060246.419901,1676060246.420192,17.000000,0.000000,4229.102539,4197.563965,4241.666504,4253.974121,4269.743652,4253.333496,4269.230957,4291.282227,4276.282227,4275.769043,4417.692383,4450.384766,4377.692383,4352.307617,0.000000,4.000000,85.000000,,,,0.000000,4.000000,4.000000,4.000000,4.000000,4.000000,4.000000,4.000000,4.000000,4.000000,4.000000,4.000000,4.000000,4.000000,4.000000,100.000000,,,,,,,,,,,,,,,,,,,,,,,,,,,,,,,,,,,,,,,,,,,,,,,,,,,,,,,,,,,,,,,,,,,,,,,,,,,,,,,,,,,,,,
1676060246.427709,1676060246.428000,18.000000,0.000000,4242.948730,4210.128418,4258.589844,4264.743652,4271.282227,4250.000000,4278.846191,4299.358887,4294.743652,4284.871582,4434.743652,4475.256348,4392.179688,4368.461426,0.000000,4.000000,85.000000,,,,0.000000,4.000000,4.000000,4.000000,4.000000,4.000000,4.000000,4.000000,4.000000,4.000000,4.000000,4.000000,4.000000,4.000000,4.000000,100.000000,,,,,,,,,,,,,,,,,,,,,,,,,,,,,,,,,,,,,,,,,,,,,,,,,,,,,,,,,,,,,,,,,,,,,,,,,,,,,,,,,,,,,,
1676060246.435518,1676060246.435709,19.000000,0.000000,4276.538574,4244.743652,4297.307617,4296.410156,4284.615234,4266.410156,4302.051270,4322.051270,4324.871582,4303.717773,4476.025879,4520.128418,4430.128418,4412.692383,0.000000,4.000000,85.000000,,,,0.000000,4.000000,4.000000,4.000000,4.000000,4.000000,4.000000,4.000000,4.000000,4.000000,4.000000,4.000000,4.000000,4.000000,4.000000,100.000000,,,,,,,,,,,,,,,,,,,,,,,,,,,,,,,,,,,,,,,,,,,,,,,,,,,,,,,,,,,,,,,,,,,,,,,,,,,,,,,,,,,,,,
1676060246.443326,1676060246.443517,20.000000,0.000000,4282.820313,4255.384766,4300.000000,4300.641113,4285.769043,4271.153809,4296.410156,4321.922852,4316.922852,4294.230957,4476.153809,4519.358887,4434.871582,4420.256348,0.000000,4.000000,85.000000,,,,0.000000,4.000000,4.000000,4.000000,4.000000,4.000000,4.000000,4.000000,4.000000,4.000000,4.000000,4.000000,4.000000,4.000000,4.000000,100.000000,,,,,,,,,,,,,,,,,,,,,,,,,,,,,,,,,,,,,,,,,,,,,,,,,,,,,,,,,,,,,,,,,,,,,,,,,,,,,,,,,,,,,,
1676060246.451135,1676060246.451226,21.000000,0.000000,4260.000000,4236.538574,4278.205078,4282.051270,4290.384766,4262.179688,4277.563965,4298.846191,4289.487305,4274.871582,4443.205078,4488.461426,4404.102539,4387.820313,0.000000,4.000000,85.000000,,,,0.000000,4.000000,4.000000,4.000000,4.000000,4.000000,4.000000,4.000000,4.000000,4.000000,4.000000,4.000000,4.000000,4.000000,4.000000,100.000000,,,,,,,,,,,,,,,,,,,,,,,,,,,,,,,,,,,,,,,,,,,,,,,,,,,,,,,,,,,,,,,,,,,,,,,,,,,,,,,,,,,,,,
1676060246.458943,1676060246.459134,22.000000,0.000000,4251.538574,4228.589844,4276.666504,4272.563965,4302.436035,4266.153809,4278.077148,4293.205078,4281.410156,4276.666504,4434.487305,4480.512695,4390.897461,4375.384766,0.000000,4.000000,85.000000,,,,0.000000,4.000000,4.000000,4.000000,4.000000,4.000000,4.000000,4.000000,4.000000,4.000000,4.000000,4.000000,4.000000,4.000000,4.000000,100.000000,,,,,,,,,,,,,,,,,,,,,,,,,,,,,,,,,,,,,,,,,,,,,,,,,,,,,,,,,,,,,,,,,,,,,,,,,,,,,,,,,,,,,,
1676060246.466751,1676060246.466942,23.000000,0.000000,4249.230957,4221.282227,4270.256348,4262.563965,4291.282227,4268.461426,4274.615234,4294.487305,4283.589844,4278.717773,4433.205078,4478.077148,4391.794922,4373.846191,0.000000,4.000000,85.000000,,,,0.000000,4.000000,4.000000,4.000000,4.000000,4.000000,4.000000,4.000000,4.000000,4.000000,4.000000,4.000000,4.000000,4.000000,4.000000,100.000000,,,,,,,,,,,,,,,,,,,,,,,,,,,,,,,,,,,,,,,,,,,,,,,,,,,,,,,,,,,,,,,,,,,,,,,,,,,,,,,,,,,,,,
1676060246.474560,1676060246.474851,24.000000,0.000000,4232.820313,4199.871582,4249.871582,4246.666504,4275.000000,4260.512695,4260.384766,4283.846191,4278.205078,4269.102539,4415.000000,4461.538574,4378.461426,4358.846191,0.000000,4.000000,85.000000,,,,0.000000,4.000000,4.000000,4.000000,4.000000,4.000000,4.000000,4.000000,4.000000,4.000000,4.000000,4.000000,4.000000,4.000000,4.000000,100.000000,,,,,,,,,,,,,,,,,,,,,,,,,,,,,,,,,,,,,,,,,,,,,,,,,,,,,,,,,,,,,,,,,,,,,,,,,,,,,,,,,,,,,,
1676060246.482368,1676060246.482659,25.000000,0.000000,4223.717773,4197.692383,4247.307617,4242.692383,4277.307617,4258.846191,4259.230957,4281.282227,4273.846191,4263.077148,4408.205078,4457.179688,4368.589844,4352.051270,0.000000,4.000000,85.000000,,,,0.000000,4.000000,4.000000,4.000000,4.000000,4.000000,4.000000,4.000000,4.000000,4.000000,4.000000,4.000000,4.000000,4.000000,4.000000,100.000000,,,,,,,,,,,,,,,,,,,,,,,,,,,,,,,,,,,,,,,,,,,,,,,,,,,,,,,,,,,,,,,,,,,,,,,,,,,,,,,,,,,,,,
1676060246.490177,1676060246.490567,26.000000,0.000000,4235.128418,4216.538574,4263.717773,4253.974121,4280.897461,4264.871582,4272.307617,4293.974121,4287.051270,4273.205078,4423.333496,4470.641113,4380.897461,4365.128418,0.000000,4.000000,85.000000,,,,0.000000,4.000000,4.000000,4.000000,4.000000,4.000000,4.000000,4.000000,4.000000,4.000000,4.000000,4.000000,4.000000,4.000000,4.000000,100.000000,,,,,,,,,,,,,,,,,,,,,,,,,,,,,,,,,,,,,,,,,,,,,,,,,,,,,,,,,,,,,,,,,,,,,,,,,,,,,,,,,,,,,,
1676060246.497985,1676060246.498376,27.000000,0.000000,4250.256348,4220.769043,4273.974121,4265.128418,4283.974121,4270.512695,4283.589844,4301.153809,4301.410156,4287.692383,4436.025879,4481.025879,4394.615234,4380.000000,0.000000,4.000000,85.000000,,,,0.000000,4.000000,4.000000,4.000000,4.000000,4.000000,4.000000,4.000000,4.000000,4.000000,4.000000,4.000000,4.000000,4.000000,4.000000,100.000000,,,,,,,,,,,,,,,,,,,,,,,,,,,,,,,,,,,,,,,,,,,,,,,,,,,,,,,,,,,,,,,,,,,,,,,,,,,,,,,,,,,,,,
1676060246.505793,1676060246.506184,28.000000,0.000000,4247.948730,4211.666504,4268.077148,4262.051270,4283.077148,4262.051270,4280.641113,4293.846191,4286.282227,4270.641113,4425.384766,4472.692383,4384.102539,4378.461426,0.000000,4.000000,85.000000,,,,0.000000,4.000000,4.000000,4.000000,4.000000,4.000000,4.000000,4.000000,4.000000,4.000000,4.000000,4.000000,4.000000,4.000000,4.000000,100.000000,,,,,,,,,,,,,,,,,,,,,,,,,,,,,,,,,,,,,,,,,,,,,,,,,,,,,,,,,,,,,,,,,,,,,,,,,,,,,,,,,,,,,,
1676060246.513602,1676060246.513893,29.000000,0.000000,4247.948730,4222.436035,4269.102539,4265.641113,4282.948730,4257.692383,4280.000000,4293.846191,4275.000000,4252.436035,4426.025879,4476.282227,4383.717773,4380.000000,0.000000,4.000000,85.000000,,,,0.000000,4.000000,4.000000,4.000000,4.000000,4.000000,4.000000,4.000000,4.000000,4.000000,4.000000,4.000000,4.000000,4.000000,4.000000,100.000000,,,,,,,,,,,,,,,,,,,,,,,,,,,,,,,,,,,,,,,,,,,,,,,,,,,,,,,,,,,,,,,,,,,,,,,,,,,,,,,,,,,,,,
1676060246.521410,1676060246.521701,30.000000,0.000000,4260.128418,4238.974121,4281.666504,4278.974121,4285.641113,4266.282227,4287.692383,4299.743652,4290.897461,4275.897461,4445.384766,4493.846191,4401.410156,4390.256348,0.000000,4.000000,85.000000,,,,0.000000,4.000000,4.000000,4.000000,4.000000,4.000000,4.000000,4.000000,4.000000,4.000000,4.000000,4.000000,4.000000,4.000000,4.000000,100.000000,,,,,,,,,,,,,,,,,1.161329,2.077472,1.283563,1.398216,0.738110,3.162045,1.306791,0.716549,1.270956,1.010211,1.864861,3.836181,1.634370,1.713496,0.745182,1.462756,1.383167,0.944771,1.116127,0.660110,0.339073,0.678657,0.593833,0.682132,0.390997,0.150787,0.593733,0.201735,0.377873,0.326567,0.297762,0.687212,0.372238,0.847837,0.543426,0.814880,0.926272,0.585294,1.632840,0.746469,0.817394,1.439140,0.742472,1.656895,0.715281,0.895602,1.275064,0.405264,1.813405,0.993929,14.945456,5.345715,1.679706,3.094441,1.351190,2.528358,4.364826,2.025677,2.856054,1.054700,1.406461,1.904024,0.832800,2.580234,1.184691,2.060446,3.016186,1.383843,2.566861,1.104964
1676060246.529219,1676060246.529410,31.000000,0.000000,4256.282227,4230.897461,4278.077148,4273.205078,4280.512695,4264.743652,4282.820313,4293.461426,4287.307617,4288.589844,4439.871582,4485.000000,4395.512695,4385.384766,0.000000,4.000000,85.000000,,,,0.000000,4.000000,4.000000,4.000000,4.000000,4.000000,4.000000,4.000000,4.000000,4.000000,4.000000,4.000000,4.000000,4.000000,4.000000,100.000000,,,,,,,,,,,,,,,,,,,,,,,,,,,,,,,,,,,,,,,,,,,,,,,,,,,,,,,,,,,,,,,,,,,,,,,,,,,,,,,,,,,,,,
1676060246.537027,1676060246.537318,32.000000,0.000000,4256.410156,4230.769043,4274.487305,4271.153809,4279.871582,4258.846191,4277.563965,4295.512695,4281.666504,4277.051270,4435.256348,4480.000000,4389.358887,4386.282227,0.000000,4.000000,85.000000,,,,0.000000,4.000000,4.000000,4.000000,4.000000,4.000000,4.000000,4.000000,4.000000,4.000000,4.000000,4.000000,4.000000,4.000000,4.000000,100.000000,,,,,,,,,,,,,,,,,,,,,,,,,,,,,,,,,,,,,,,,,,,,,,,,,,,,,,,,,,,,,,,,,,,,,,,,,,,,,,,,,,,,,,
1676060246.544835,1676060246.545127,33.000000,0.000000,4270.897461,4247.179688,4283.846191,4283.461426,4289.487305,4264.487305,4282.948730,4306.153809,4295.384766,4282.563965,4448.077148,4490.897461,4400.512695,4395.769043,0.000000,4.000000,85.000000,,,,0.000000,4.000000,4.000000,4.000000,4.000000,4.000000,4.000000,4.000000,4.000000,4.000000,4.000000,4.000000,4.000000,4.000000,4.000000,100.000000,,,,,,,,,,,,,,,,,,,,,,,,,,,,,,,,,,,,,,,,,,,,,,,,,,,,,,,,,,,,,,,,,,,,,,,,,,,,,,,,,,,,,,
1676060246.552644,1676060246.553035,34.000000,0.000000,4263.846191,4240.897461,4277.307617,4275.128418,4287.179688,4268.589844,4275.256348,4298.717773,4293.846191,4283.461426,4440.000000,4478.846191,4394.871582,4384.230957,0.000000,4.000000,85.000000,,,,0.000000,4.000000,4.000000,4.000000,4.000000,4.000000,4.000000,4.000000,4.000000,4.000000,4.000000,4.000000,4.000000,4.000000,4.000000,100.000000,,,,,,,,,,,,,,,,,,,,,,,,,,,,,,,,,,,,,,,,,,,,,,,,,,,,,,,,,,,,,,,,,,,,,,,,,,,,,,,,,,,,,,
1676060246.560452,1676060246.560844,35.000000,0.000000,4250.000000,4223.717773,4260.384766,4259.871582,4278.846191,4262.563965,4265.384766,4287.692383,4284.487305,4263.205078,4422.563965,4464.102539,4377.948730,4371.538574,0.000000,4.000000,85.000000,,,,0.000000,4.000000,4.000000,4.000000,4.000000,4.000000,4.000000,4.000000,4.000000,4.000000,4.000000,4.000000,4.000000,4.000000,4.000000,100.000000,,,,,,,,,,,,,,,,,,,,,,,,,,,,,,,,,,,,,,,,,,,,,,,,,,,,,,,,,,,,,,,,,,,,,,,,,,,,,,,,,,,,,,
1676060246.568260,1676060246.568752,36.000000,0.000000,4261.538574,4228.461426,4261.282227,4265.000000,4284.358887,4266.410156,4273.589844,4291.153809,4287.820313,4265.128418,4427.179688,4471.282227,4380.256348,4381.666504,0.000000,4.000000,85.000000,,,,0.000000,4.000000,4.000000,4.000000,4.000000,4.000000,4.000000,4.000000,4.000000,4.000000,4.000000,4.000000,4.000000,4.000000,4.000000,100.000000,,,,,,,,,,,,,,,,,,,,,,,,,,,,,,,,,,,,,,,,,,,,,,,,,,,,,,,,,,,,,,,,,,,,,,,,,,,,,,,,,,,,,,
1676060246.576069,1676060246.576560,37.000000,0.000000,4267.436035,4232.820313,4264.615234,4269.743652,4286.538574,4277.563965,4281.282227,4292.948730,4285.641113,4282.563965,4428.846191,4467.948730,4383.717773,4384.615234,0.000000,4.000000,85.000000,,,,0.000000,4.000000,4.000000,4.000000,4.000000,4.000000,4.000000,4.000000,4.000000,4.000000,4.000000,4.000000,4.000000,4.000000,4.000000,100.000000,,,,,,,,,,,,,,,,,,,,,,,,,,,,,,,,,,,,,,,,,,,,,,,,,,,,,,,,,,,,,,,,,,,,,,,,,,,,,,,,,,,,,,
1676060246.583877,1676060246.584469,38.000000,0.000000,4249.871582,4219.230957,4257.307617,4261.794922,4280.897461,4274.487305,4280.128418,4288.077148,4277.051270,4277.051270,4417.179688,4454.102539,4372.563965,4371.153809,0.000000,4.000000,85.000000,,,,0.000000,4.000000,4.000000,4.000000,4.000000,4.000000,4.000000,4.000000,4.000000,4.000000,4.000000,4.000000,4.000000,4.000000,4.000000,100.000000,,,,,,,,,,,,,,,,,,,,,,,,,,,,,,,,,,,,,,,,,,,,,,,,,,,,,,,,,,,,,,,,,,,,,,,,,,,,,,,,,,,,,,
1676060246.591686,1676060246.592377,39.000000,0.000000,4242.179688,4213.589844,4250.128418,4255.641113,4277.820313,4259.358887,4276.538574,4282.820313,4276.922852,4264.487305,4416.538574,4455.000000,4366.282227,4368.846191,0.000000,4.000000,85.000000,,,,0.000000,4.000000,4.000000,4.000000,4.000000,4.000000,4.000000,4.000000,4.000000,4.000000,4.000000,4.000000,4.000000,4.000000,4.000000,100.000000,,,,,,,,,,,,,,,,,,,,,,,,,,,,,,,,,,,,,,,,,,,,,,,,,,,,,,,,,,,,,,,,,,,,,,,,,,,,,,,,,,,,,,
1676060246.599494,1676060246.600185,40.000000,0.000000,4262.948730,4235.000000,4263.077148,4265.000000,4277.051270,4258.461426,4277.307617,4286.666504,4283.461426,4270.384766,4432.948730,4469.871582,4382.563965,4389.102539,0.000000,4.000000,85.000000,,,,0.000000,4.000000,4.000000,4.000000,4.000000,4.000000,4.000000,4.000000,4.000000,4.000000,4.000000,4.000000,4.000000,4.000000,4.000000,100.000000,,,,,,,,,,,,,,,,,,,,,,,,,,,,,,,,,,,,,,,,,,,,,,,,,,,,,,,,,,,,,,,,,,,,,,,,,,,,,,,,,,,,,,
1676060246.607302,1676060246.607994,41.000000,0.000000,4293.077148,4258.461426,4289.487305,4287.436035,4287.179688,4269.743652,4289.102539,4305.769043,4296.794922,4289.487305,4454.615234,4493.974121,4405.641113,4413.589844,0.000000,4.000000,85.000000,,,,0.000000,4.000000,4.000000,4.000000,4.000000,4.000000,4.000000,4.000000,4.000000,4.000000,4.000000,4.000000,4.000000,4.000000,4.000000,100.000000,,,,,,,,,,,,,,,,,,,,,,,,,,,,,,,,,,,,,,,,,,,,,,,,,,,,,,,,,,,,,,,,,,,,,,,,,,,,,,,,,,,,,,
1676060246.615111,1676060246.615702,42.000000,0.000000,4292.179688,4249.102539,4293.589844,4287.179688,4296.153809,4262.307617,4291.538574,4312.051270,4297.436035,4288.589844,4451.410156,4496.282227,4398.077148,4410.256348,0.000000,4.000000,85.000000,,,,0.000000,4.000000,4.000000,4.000000,4.000000,4.000000,4.000000,4.000000,4.000000,4.000000,4.000000,4.000000,4.000000,4.000000,4.000000,100.000000,,,,,,,,,,,,,,,,,,,,,,,,,,,,,,,,,,,,,,,,,,,,,,,,,,,,,,,,,,,,,,,,,,,,,,,,,,,,,,,,,,,,,,
1676060246.622919,1676060246.623511,43.000000,0.000000,4265.256348,4225.512695,4275.897461,4264.487305,4285.897461,4250.769043,4276.666504,4290.769043,4276.153809,4260.384766,4423.205078,4471.794922,4367.692383,4383.205078,0.000000,4.000000,85.000000,,,,0.000000,4.000000,4.000000,4.000000,4.000000,4.000000,4.000000,4.000000,4.000000,4.000000,4.000000,4.000000,4.000000,4.000000,4.000000,100.000000,,,,,,,,,,,,,,,,,,,,,,,,,,,,,,,,,,,,,,,,,,,,,,,,,,,,,,,,,,,,,,,,,,,,,,,,,,,,,,,,,,,,,,
1676060246.630727,1676060246.631219,44.000000,0.000000,4266.794922,4234.615234,4273.205078,4267.692383,4280.641113,4260.641113,4277.692383,4288.846191,4276.025879,4257.436035,4418.205078,4468.333496,4368.717773,4382.436035,0.000000,4.000000,85.000000,,,,0.000000,4.000000,4.000000,4.000000,4.000000,4.000000,4.000000,4.000000,4.000000,4.000000,4.000000,4.000000,4.000000,4.000000,4.000000,100.000000,,,,,,,,,,,,,,,,,,,,,,,,,,,,,,,,,,,,,,,,,,,,,,,,,,,,,,,,,,,,,,,,,,,,,,,,,,,,,,,,,,,,,,
1676060246.638536,1676060246.639028,45.000000,0.000000,4288.589844,4251.794922,4285.384766,4285.897461,4291.025879,4269.230957,4290.128418,4312.692383,4295.256348,4283.589844,4436.666504,4486.794922,4389.230957,4400.512695,0.000000,4.000000,85.000000,,,,0.000000,4.000000,4.000000,4.000000,4.000000,4.000000,4.000000,4.000000,4.000000,4.000000,4.000000,4.000000,4.000000,4.000000,4.000000,100.000000,,,,,,,,,,,,,,,,,,,,,,,,,,,,,,,,,,,,,,,,,,,,,,,,,,,,,,,,,,,,,,,,,,,,,,,,,,,,,,,,,,,,,,
1676060246.646344,1676060246.646736,46.000000,0.000000,4280.512695,4236.153809,4281.153809,4274.487305,4286.410156,4258.717773,4285.256348,4309.743652,4290.000000,4276.538574,4424.743652,4478.077148,4373.077148,4386.666504,0.000000,4.000000,85.000000,,,,0.000000,4.000000,4.000000,4.000000,4.000000,4.000000,4.000000,4.000000,4.000000,4.000000,4.000000,4.000000,4.000000,4.000000,4.000000,100.000000,,,,,,,,,,,,,,,,,1.659145,2.516088,1.429219,1.467075,0.835048,3.158520,1.928406,0.897788,1.267811,1.068415,2.366203,4.511071,1.698888,1.727966,0.803287,1.810466,2.025887,1.058274,1.137685,0.694265,0.382085,0.931974,0.627305,0.741328,0.410684,0.166608,0.761992,0.249574,0.449853,0.348705,0.389269,0.826319,0.373125,0.949523,0.580562,1.028936,1.186793,0.555712,1.695920,0.778812,0.883347,1.762799,0.714434,1.708771,0.768421,0.938879,1.559490,0.365354,1.754879,1.069170,10.623416,4.977240,1.510532,2.966709,1.473567,3.119467,4.944879,1.979941,2.745445,1.116498,1.684371,2.368716,0.887708,2.562570,1.364192,2.762413,3.733985,1.591735,2.527882,1.277106
1676060246.654153,1676060246.654545,47.000000,0.000000,4261.666504,4223.333496,4266.410156,4257.948730,4273.589844,4255.897461,4273.974121,4286.794922,4272.820313,4251.794922,4396.025879,4452.948730,4346.025879,4360.256348,0.000000,4.000000,85.000000,,,,0.000000,4.000000,4.000000,4.000000,4.000000,4.000000,4.000000,4.000000,4.000000,4.000000,4.000000,4.000000,4.000000,4.000000,4.000000,100.000000,,,,,,,,,,,,,,,,,,,,,,,,,,,,,,,,,,,,,,,,,,,,,,,,,,,,,,,,,,,,,,,,,,,,,,,,,,,,,,,,,,,,,,
1676060246.661961,1676060246.662253,48.000000,0.000000,4276.153809,4241.794922,4274.358887,4270.000000,4285.384766,4270.128418,4281.153809,4292.051270,4283.333496,4268.205078,4414.102539,4463.333496,4365.897461,4375.769043,0.000000,4.000000,85.000000,,,,0.000000,4.000000,4.000000,4.000000,4.000000,4.000000,4.000000,4.000000,4.000000,4.000000,4.000000,4.000000,4.000000,4.000000,4.000000,100.000000,,,,,,,,,,,,,,,,,,,,,,,,,,,,,,,,,,,,,,,,,,,,,,,,,,,,,,,,,,,,,,,,,,,,,,,,,,,,,,,,,,,,,,
1676060246.669769,1676060246.670062,49.000000,0.000000,4296.282227,4253.077148,4299.102539,4285.128418,4304.743652,4274.358887,4292.692383,4315.512695,4300.000000,4288.077148,4458.333496,4493.974121,4397.436035,4408.974121,0.000000,4.000000,85.000000,,,,0.000000,4.000000,4.000000,4.000000,4.000000,4.000000,4.000000,4.000000,4.000000,4.000000,4.000000,4.000000,4.000000,4.000000,4.000000,100.000000,,,,,,,,,,,,,,,,,,,,,,,,,,,,,,,,,,,,,,,,,,,,,,,,,,,,,,,,,,,,,,,,,,,,,,,,,,,,,,,,,,,,,,
1676060246.677578,1676060246.677770,50.000000,0.000000,4291.794922,4250.000000,4301.666504,4283.589844,4299.102539,4266.922852,4287.948730,4314.871582,4292.563965,4271.282227,4468.333496,4494.615234,4393.589844,4408.077148,0.000000,4.000000,85.000000,,,,0.000000,4.000000,4.000000,4.000000,4.000000,4.000000,4.000000,4.000000,4.000000,4.000000,4.000000,4.000000,4.000000,4.000000,4.000000,100.000000,,,,,,,,,,,,,,,,,,,,,,,,,,,,,,,,,,,,,,,,,,,,,,,,,,,,,,,,,,,,,,,,,,,,,,,,,,,,,,,,,,,,,,
1676060246.685386,1676060246.685579,51.000000,0.000000,4280.256348,4250.256348,4281.025879,4277.948730,4282.948730,4261.794922,4278.333496,4298.717773,4278.974121,4259.487305,4457.436035,4474.871582,4377.948730,4390.128418,0.000000,4.000000,85.000000,,,,0.000000,4.000000,4.000000,4.000000,4.000000,4.000000,4.000000,4.000000,4.000000,4.000000,4.000000,4.000000,4.000000,4.000000,4.000000,100.000000,,,,,,,,,,,,,,,,,,,,,,,,,,,,,,,,,,,,,,,,,,,,,,,,,,,,,,,,,,,,,,,,,,,,,,,,,,,,,,,,,,,,,,
1676060246.693195,1676060246.693287,52.000000,0.000000,4270.256348,4240.128418,4266.282227,4267.563965,4278.717773,4260.897461,4276.666504,4289.230957,4270.641113,4264.871582,4455.641113,4461.922852,4366.025879,4379.871582,0.000000,4.000000,85.000000,,,,0.000000,4.000000,4.000000,4.000000,4.000000,4.000000,4.000000,4.000000,4.000000,4.000000,4.000000,4.000000,4.000000,4.000000,4.000000,100.000000,,,,,,,,,,,,,,,,,,,,,,,,,,,,,,,,,,,,,,,,,,,,,,,,,,,,,,,,,,,,,,,,,,,,,,,,,,,,,,,,,,,,,,
1676060246.701003,1676060246.701096,53.000000,0.000000,4268.461426,4230.897461,4264.487305,4260.641113,4282.307617,4260.769043,4277.692383,4289.487305,4267.307617,4259.743652,4460.384766,4454.615234,4356.153809,4374.102539,0.000000,4.000000,85.000000,,,,0.000000,4.000000,4.000000,4.000000,4.000000,4.000000,4.000000,4.000000,4.000000,4.000000,4.000000,4.000000,4.000000,4.000000,4.000000,100.000000,,,,,,,,,,,,,,,,,,,,,,,,,,,,,,,,,,,,,,,,,,,,,,,,,,,,,,,,,,,,,,,,,,,,,,,,,,,,,,,,,,,,,,
1676060246.708811,1676060246.708804,54.000000,0.000000,4281.282227,4249.230957,4277.820313,4273.846191,4284.615234,4260.000000,4282.692383,4303.077148,4282.563965,4264.487305,4481.025879,4465.256348,4362.820313,4385.897461,0.000000,4.000000,85.000000,,,,0.000000,4.000000,4.000000,4.000000,4.000000,4.000000,4.000000,4.000000,4.000000,4.000000,4.000000,4.000000,4.000000,4.000000,4.000000,100.000000,,,,,,,,,,,,,,,,,,,,,,,,,,,,,,,,,,,,,,,,,,,,,,,,,,,,,,,,,,,,,,,,,,,,,,,,,,,,,,,,,,,,,,
1676060246.716620,1676060246.716713,55.000000,0.000000,4282.179688,4254.743652,4283.589844,4280.256348,4279.102539,4250.897461,4283.461426,4305.512695,4293.461426,4278.589844,4497.051270,4475.641113,4368.461426,4393.205078,0.000000,4.000000,85.000000,,,,0.000000,4.000000,4.000000,4.000000,4.000000,4.000000,4.000000,4.000000,4.000000,4.000000,4.000000,4.000000,4.000000,4.000000,4.000000,100.000000,,,,,,,,,,,,,,,,,,,,,,,,,,,,,,,,,,,,,,,,,,,,,,,,,,,,,,,,,,,,,,,,,,,,,,,,,,,,,,,,,,,,,,
1676060246.724428,1676060246.724521,56.000000,0.000000,4274.102539,4243.077148,4274.615234,4272.563965,4279.743652,4246.922852,4278.205078,4296.794922,4286.282227,4270.000000,4491.282227,4469.743652,4366.025879,4387.820313,0.000000,4.000000,85.000000,,,,0.000000,4.000000,4.000000,4.000000,4.000000,4.000000,4.000000,4.000000,4.000000,4.000000,4.000000,4.000000,4.000000,4.000000,4.000000,100.000000,,,,,,,,,,,,,,,,,,,,,,,,,,,,,,,,,,,,,,,,,,,,,,,,,,,,,,,,,,,,,,,,,,,,,,,,,,,,,,,,,,,,,,
1676060246.732237,1676060246.732430,57.000000,0.000000,4287.563965,4256.153809,4286.538574,4281.922852,4292.179688,4255.000000,4283.974121,4310.256348,4291.922852,4269.230957,4495.000000,4482.179688,4378.974121,4402.563965,0.000000,4.000000,85.000000,,,,0.000000,4.000000,4.000000,4.000000,4.000000,4.000000,4.000000,4.000000,4.000000,4.000000,4.000000,4.000000,4.000000,4.000000,4.000000,100.000000,,,,,,,,,,,,,,,,,,,,,,,,,,,,,,,,,,,,,,,,,,,,,,,,,,,,,,,,,,,,,,,,,,,,,,,,,,,,,,,,,,,,,,
1676060246.740045,1676060246.740238,58.000000,0.000000,4295.128418,4262.692383,4299.871582,4288.205078,4292.051270,4254.102539,4289.871582,4320.897461,4298.205078,4285.256348,4495.512695,4495.512695,4385.384766,4410.512695,0.000000,4.000000,85.000000,,,,0.000000,4.000000,4.000000,4.000000,4.000000,4.000000,4.000000,4.000000,4.000000,4.000000,4.000000,4.000000,4.000000,4.000000,4.000000,100.000000,,,,,,,,,,,,,,,,,,,,,,,,,,,,,,,,,,,,,,,,,,,,,,,,,,,,,,,,,,,,,,,,,,,,,,,,,,,,,,,,,,,,,,
1676060246.747853,1676060246.748146,59.000000,0.000000,4282.820313,4248.846191,4287.179688,4274.230957,4280.769043,4251.922852,4281.794922,4302.820313,4285.897461,4281.025879,4481.922852,4482.820313,4374.743652,4394.230957,0.000000,4.000000,85.000000,,,,0.000000,4.000000,4.000000,4.000000,4.000000,4.000000,4.000000,4.000000,4.000000,4.000000,4.000000,4.000000,4.000000,4.000000,4.000000,100.000000,,,,,,,,,,,,,,,,,,,,,,,,,,,,,,,,,,,,,,,,,,,,,,,,,,,,,,,,,,,,,,,,,,,,,,,,,,,,,,,,,,,,,,
1676060246.755662,1676060246.755955,60.000000,0.000000,4277.307617,4245.128418,4273.589844,4264.615234,4280.256348,4262.563965,4277.692383,4290.769043,4284.487305,4270.641113,4472.563965,4471.282227,4370.897461,4390.897461,0.000000,4.000000,85.000000,,,,0.000000,4.000000,4.000000,4.000000,4.000000,4.000000,4.000000,4.000000,4.000000,4.000000,4.000000,4.000000,4.000000,4.000000,4.000000,100.000000,,,,,,,,,,,,,,,,,,,,,,,,,,,,,,,,,,,,,,,,,,,,,,,,,,,,,,,,,,,,,,,,,,,,,,,,,,,,,,,,,,,,,,
1676060246.763470,1676060246.763863,61.000000,0.000000,4278.589844,4244.871582,4271.153809,4266.025879,4284.871582,4265.128418,4278.717773,4294.102539,4292.436035,4275.000000,4463.333496,4470.641113,4368.205078,4395.641113,0.000000,4.000000,85.000000,,,,0.000000,4.000000,4.000000,4.000000,4.000000,4.000000,4.000000,4.000000,4.000000,4.000000,4.000000,4.000000,4.000000,4.000000,4.000000,100.000000,,,,,,,,,,,,,,,,,,,,,,,,,,,,,,,,,,,,,,,,,,,,,,,,,,,,,,,,,,,,,,,,,,,,,,,,,,,,,,,,,,,,,,
1676060246.771278,1676060246.771672,62.000000,0.000000,4287.307617,4252.307617,4276.282227,4277.563965,4286.410156,4259.743652,4280.000000,4301.153809,4297.948730,4286.666504,4465.641113,4475.641113,4370.641113,4395.512695,0.000000,4.000000,85.000000,,,,0.000000,4.000000,4.000000,4.000000,4.000000,4.000000,4.000000,4.000000,4.000000,4.000000,4.000000,4.000000,4.000000,4.000000,4.000000,100.000000,,,,,,,,,,,,,,,,,2.203916,2.891393,1.758920,1.551953,0.921560,3.370636,2.725714,1.258005,1.296939,1.122403,2.857872,4.946660,1.934097,1.756858,0.854567,2.418689,2.698511,1.298365,1.186302,0.749664,0.479277,1.194796,0.663683,0.782562,0.454426,0.199274,0.931373,0.322082,0.528123,0.360381,0.494208,0.944394,0.389669,1.030525,0.604634,1.217061,1.459706,0.551214,1.729234,0.820547,0.940207,2.122566,0.750908,1.737653,0.798099,1.038285,1.904750,0.398622,1.672619,1.148867,6.724815,4.737173,1.577902,2.859970,1.565610,3.656230,5.329096,2.149395,2.681888,1.163774,2.139277,2.926674,1.175417,2.548918,1.519502,3.410871,4.294070,2.111516,2.544185,1.428157
1676060246.779087,1676060246.779580,63.000000,0.000000,4297.051270,4266.922852,4282.051270,4285.769043,4289.230957,4265.897461,4283.974121,4306.538574,4299.487305,4289.615234,4473.974121,4477.436035,4376.794922,4397.820313,0.000000,4.000000,85.000000,,,,0.000000,4.000000,4.000000,4.000000,4.000000,4.000000,4.000000,4.000000,4.000000,4.000000,4.000000,4.000000,4.000000,4.000000,4.000000,100.000000,,,,,,,,,,,,,,,,,,,,,,,,,,,,,,,,,,,,,,,,,,,,,,,,,,,,,,,,,,,,,,,,,,,,,,,,,,,,,,,,,,,,,,
1676060246.786895,1676060246.787388,64.000000,0.000000,4282.436035,4250.128418,4270.000000,4267.948730,4281.025879,4263.461426,4278.717773,4298.333496,4286.794922,4269.743652,4451.538574,4462.563965,4355.256348,4388.717773,2531.000000,4.000000,85.000000,,,,0.000000,4.000000,4.000000,4.000000,4.000000,4.000000,4.000000,4.000000,4.000000,4.000000,4.000000,4.000000,4.000000,4.000000,4.000000,100.000000,,,,,,,,,,,,,,,,,,,,,,,,,,,,,,,,,,,,,,,,,,,,,,,,,,,,,,,,,,,,,,,,,,,,,,,,,,,,,,,,,,,,,,
1676060246.794704,1676060246.795097,65.000000,0.000000,4269.487305,4230.641113,4264.743652,4260.000000,4272.307617,4251.538574,4273.461426,4299.230957,4281.025879,4255.512695,4431.538574,4460.384766,4337.179688,4378.974121,2478.000000,4.000000,85.000000,,,,0.000000,4.000000,4.000000,4.000000,4.000000,4.000000,4.000000,4.000000,4.000000,4.000000,4.000000,4.000000,4.000000,4.000000,4.000000,100.000000,,,,,,,,,,,,,,,,,,,,,,,,,,,,,,,,,,,,,,,,,,,,,,,,,,,,,,,,,,,,,,,,,,,,,,,,,,,,,,,,,,,,,,
1676060246.802512,1676060246.802905,66.000000,0.000000,4296.538574,4262.307617,4296.410156,4294.615234,4290.897461,4260.769043,4292.307617,4327.563965,4302.563965,4285.000000,4463.077148,4491.410156,4366.666504,4402.179688,2403.000000,4.000000,85.000000,,,,0.000000,4.000000,4.000000,4.000000,4.000000,4.000000,4.000000,4.000000,4.000000,4.000000,4.000000,4.000000,4.000000,4.000000,4.000000,100.000000,,,,,,,,,,,,,,,,,,,,,,,,,,,,,,,,,,,,,,,,,,,,,,,,,,,,,,,,,,,,,,,,,,,,,,,,,,,,,,,,,,,,,,
1676060246.810320,1676060246.810614,67.000000,0.000000,4309.358887,4278.846191,4312.051270,4301.794922,4300.512695,4263.333496,4301.538574,4331.794922,4310.384766,4305.641113,4481.282227,4502.563965,4386.922852,4416.922852,2464.000000,4.000000,85.000000,,,,0.000000,4.000000,4.000000,4.000000,4.000000,4.000000,4.000000,4.000000,4.000000,4.000000,4.000000,4.000000,4.000000,4.000000,4.000000,100.000000,,,,,,,,,,,,,,,,,,,,,,,,,,,,,,,,,,,,,,,,,,,,,,,,,,,,,,,,,,,,,,,,,,,,,,,,,,,,,,,,,,,,,,
1676060246.818129,1676060246.818422,68.000000,0.000000,4292.051270,4253.846191,4290.512695,4267.436035,4281.410156,4244.358887,4282.307617,4305.512695,4291.282227,4286.410156,4463.589844,4486.666504,4376.666504,4411.025879,2436.000000,4.000000,85.000000,,,,0.000000,4.000000,4.000000,4.000000,4.000000,4.000000,4.000000,4.000000,4.000000,4.000000,4.000000,4.000000,4.000000,4.000000,4.000000,100.000000,,,,,,,,,,,,,,,,,,,,,,,,,,,,,,,,,,,,,,,,,,,,,,,,,,,,,,,,,,,,,,,,,,,,,,,,,,,,,,,,,,,,,,
1676060246.825937,1676060246.826131,69.000000,0.000000,4300.641113,4262.820313,4290.897461,4272.179688,4279.743652,4245.384766,4277.820313,4309.230957,4290.128418,4282.307617,4472.820313,4491.282227,4385.384766,4422.820313,2376.000000,4.000000,85.000000,,,,0.000000,4.000000,4.000000,4.000000,4.000000,4.000000,4.000000,4.000000,4.000000,4.000000,4.000000,4.000000,4.000000,4.000000,4.000000,100.000000,,,,,,,,,,,,,,,,,,,,,,,,,,,,,,,,,,,,,,,,,,,,,,,,,,,,,,,,,,,,,,,,,,,,,,,,,,,,,,,,,,,,,,
1676060246.833745,1676060246.833939,70.000000,0.000000,4312.692383,4286.794922,4308.974121,4293.717773,4291.666504,4260.512695,4290.000000,4323.589844,4300.769043,4291.666504,4479.358887,4498.205078,4387.948730,4421.922852,2219.000000,4.000000,85.000000,,,,0.000000,4.000000,4.000000,4.000000,4.000000,4.000000,4.000000,4.000000,4.000000,4.000000,4.000000,4.000000,4.000000,4.000000,4.000000,100.000000,,,,,,,,,,,,,,,,,,,,,,,,,,,,,,,,,,,,,,,,,,,,,,,,,,,,,,,,,,,,,,,,,,,,,,,,,,,,,,,,,,,,,,
1676060246.841554,1676060246.841648,71.000000,0.000000,4286.666504,4263.846191,4294.102539,4271.794922,4280.000000,4251.410156,4279.615234,4304.358887,4289.358887,4280.256348,4446.025879,4474.615234,4358.205078,4387.820313,2231.000000,4.000000,85.000000,,,,0.000000,4.000000,4.000000,4.000000,4.000000,4.000000,4.000000,4.000000,4.000000,4.000000,4.000000,4.000000,4.000000,4.000000,4.000000,100.000000,,,,,,,,,,,,,,,,,,,,,,,,,,,,,,,,,,,,,,,,,,,,,,,,,,,,,,,,,,,,,,,,,,,,,,,,,,,,,,,,,,,,,,
1676060246.849362,1676060246.849456,72.000000,0.000000,4268.333496,4242.051270,4266.282227,4248.717773,4268.333496,4242.948730,4265.000000,4288.333496,4280.000000,4275.256348,4428.974121,4454.871582,4350.384766,4375.641113,2269.000000,4.000000,85.000000,,,,0.000000,4.000000,4.000000,4.000000,4.000000,4.000000,4.000000,4.000000,4.000000,4.000000,4.000000,4.000000,4.000000,4.000000,4.000000,100.000000,,,,,,,,,,,,,,,,,,,,,,,,,,,,,,,,,,,,,,,,,,,,,,,,,,,,,,,,,,,,,,,,,,,,,,,,,,,,,,,,,,,,,,
1676060246.857171,1676060246.857165,73.000000,0.000000,4281.922852,4257.948730,4269.871582,4262.307617,4279.871582,4257.563965,4277.820313,4305.000000,4287.563965,4284.487305,4445.000000,4467.051270,4367.948730,4390.512695,2252.000000,4.000000,85.000000,,,,0.000000,4.000000,4.000000,4.000000,4.000000,4.000000,4.000000,4.000000,4.000000,4.000000,4.000000,4.000000,4.000000,4.000000,4.000000,100.000000,,,,,,,,,,,,,,,,,,,,,,,,,,,,,,,,,,,,,,,,,,,,,,,,,,,,,,,,,,,,,,,,,,,,,,,,,,,,,,,,,,,,,,
1676060246.864979,1676060246.864973,74.000000,0.000000,4277.563965,4258.974121,4280.641113,4269.358887,4283.846191,4267.179688,4296.666504,4322.692383,4290.256348,4271.922852,4439.487305,4474.102539,4351.666504,4375.769043,2725.000000,4.000000,85.000000,,,,0.000000,4.000000,4.000000,4.000000,4.000000,4.000000,4.000000,4.000000,4.000000,4.000000,4.000000,4.000000,4.000000,4.000000,4.000000,100.000000,,,,,,,,,,,,,,,,,,,,,,,,,,,,,,,,,,,,,,,,,,,,,,,,,,,,,,,,,,,,,,,,,,,,,,,,,,,,,,,,,,,,,,
1676060246.872787,1676060246.872682,75.000000,0.000000,4258.717773,4242.051270,4270.384766,4251.410156,4278.205078,4262.307617,4298.461426,4321.282227,4290.128418,4258.333496,4422.948730,4462.307617,4328.846191,4355.384766,2919.000000,4.000000,85.000000,,,,0.000000,4.000000,4.000000,4.000000,4.000000,4.000000,4.000000,4.000000,4.000000,4.000000,4.000000,4.000000,4.000000,4.000000,4.000000,100.000000,,,,,,,,,,,,,,,,,,,,,,,,,,,,,,,,,,,,,,,,,,,,,,,,,,,,,,,,,,,,,,,,,,,,,,,,,,,,,,,,,,,,,,
1676060246.880596,1676060246.880490,76.000000,0.000000,4259.743652,4240.512695,4261.666504,4245.000000,4283.717773,4258.717773,4289.615234,4311.922852,4291.025879,4271.410156,4429.615234,4459.230957,4345.769043,4371.794922,3126.000000,4.000000,85.000000,,,,0.000000,4.000000,4.000000,4.000000,4.000000,4.000000,4.000000,4.000000,4.000000,4.000000,4.000000,4.000000,4.000000,4.000000,4.000000,100.000000,,,,,,,,,,,,,,,,,,,,,,,,,,,,,,,,,,,,,,,,,,,,,,,,,,,,,,,,,,,,,,,,,,,,,,,,,,,,,,,,,,,,,,
1676060246.888404,1676060246.888199,77.000000,0.000000,4275.128418,4247.436035,4272.436035,4261.922852,4290.641113,4261.282227,4286.153809,4310.512695,4289.230957,4287.307617,4446.410156,4469.615234,4367.692383,4396.282227,3241.000000,4.000000,85.000000,,,,0.000000,4.000000,4.000000,4.000000,4.000000,4.000000,4.000000,4.000000,4.000000,4.000000,4.000000,4.000000,4.000000,4.000000,4.000000,100.000000,,,,,,,,,,,,,,,,,,,,,,,,,,,,,,,,,,,,,,,,,,,,,,,,,,,,,,,,,,,,,,,,,,,,,,,,,,,,,,,,,,,,,,
1676060246.896212,1676060246.896007,78.000000,0.000000,4296.794922,4263.333496,4291.153809,4283.717773,4295.769043,4265.897461,4293.717773,4317.307617,4287.692383,4283.717773,4457.948730,4486.410156,4376.410156,4412.692383,2725.000000,4.000000,85.000000,,,,0.000000,4.000000,4.000000,4.000000,4.000000,4.000000,4.000000,4.000000,4.000000,4.000000,4.000000,4.000000,4.000000,4.000000,4.000000,100.000000,1.000000,75.000000,4.000000,4.000000,3.000000,4.000000,4.000000,4.000000,4.000000,4.000000,4.000000,3.000000,4.000000,3.000000,4.000000,4.000000,2.674146,3.109185,2.199011,1.667355,0.976193,3.592671,3.522248,1.700876,1.376122,1.152659,3.258766,5.077126,2.279592,1.826065,0.881459,3.151820,3.245766,1.603565,1.275148,0.806028,0.600078,1.412119,0.711347,0.813137,0.509271,0.242633,1.082497,0.414306,0.601282,0.363061,0.599877,1.033238,0.443056,1.073029,0.607209,1.326778,1.709237,0.565894,1.731134,0.854333,0.983802,2.477146,0.840729,1.768025,0.800454,1.167062,2.253483,0.461672,1.578961,1.218498,4.020237,4.754799,1.885005,2.837428,1.598683,3.981836,5.507916,2.501014,2.740382,1.184221,2.551865,3.514476,1.649799,2.572677,1.603846,3.781413,4.584620,2.865450,2.670797,1.508881
1676060246.904021,1676060246.903716,79.000000,0.000000,4305.000000,4278.589844,4300.256348,4286.922852,4301.282227,4266.282227,4299.230957,4318.717773,4289.230957,4269.871582,4453.589844,4492.307617,4368.974121,4417.563965,2919.000000,4.000000,85.000000,,,,0.000000,4.000000,4.000000,4.000000,4.000000,4.000000,4.000000,4.000000,4.000000,4.000000,4.000000,4.000000,4.000000,4.000000,4.000000,100.000000,,,,,,,,,,,,,,,,,,,,,,,,,,,,,,,,,,,,,,,,,,,,,,,,,,,,,,,,,,,,,,,,,,,,,,,,,,,,,,,,,,,,,,
1676060246.911829,1676060246.911624,80.000000,0.000000,4297.179688,4275.897461,4296.666504,4278.846191,4293.717773,4261.410156,4295.384766,4308.717773,4286.538574,4267.563965,4436.666504,4478.717773,4345.512695,4404.358887,3126.000000,4.000000,85.000000,,,,0.000000,4.000000,4.000000,4.000000,4.000000,4.000000,4.000000,4.000000,4.000000,4.000000,4.000000,4.000000,4.000000,4.000000,4.000000,100.000000,,,,,,,,,,,,,,,,,,,,,,,,,,,,,,,,,,,,,,,,,,,,,,,,,,,,,,,,,,,,,,,,,,,,,,,,,,,,,,,,,,,,,,
1676060246.919638,1676060246.919433,81.000000,0.000000,4304.487305,4282.563965,4298.589844,4289.102539,4289.487305,4263.205078,4296.922852,4308.205078,4290.000000,4283.461426,4440.512695,4479.743652,4350.897461,4405.512695,3241.000000,4.000000,85.000000,,,,0.000000,4.000000,4.000000,4.000000,4.000000,4.000000,4.000000,4.000000,4.000000,4.000000,4.000000,4.000000,4.000000,4.000000,4.000000,100.000000,,,,,,,,,,,,,,,,,,,,,,,,,,,,,,,,,,,,,,,,,,,,,,,,,,,,,,,,,,,,,,,,,,,,,,,,,,,,,,,,,,,,,,
1676060246.927446,1676060246.927341,82.000000,0.000000,4314.102539,4303.205078,4307.179688,4299.871582,4302.820313,4271.410156,4304.358887,4318.589844,4300.897461,4292.563965,4457.563965,4497.051270,4373.077148,4423.333496,2725.000000,4.000000,85.000000,,,,0.000000,4.000000,4.000000,4.000000,4.000000,4.000000,4.000000,4.000000,4.000000,4.000000,4.000000,4.000000,4.000000,4.000000,4.000000,100.000000,,,,,,,,,,,,,,,,,,,,,,,,,,,,,,,,,,,,,,,,,,,,,,,,,,,,,,,,,,,,,,,,,,,,,,,,,,,,,,,,,,,,,,
1676060246.935254,1676060246.935149,83.000000,0.000000,4293.333496,4293.461426,4298.717773,4280.000000,4303.589844,4269.743652,4298.461426,4310.128418,4291.282227,4268.974121,4441.153809,4482.307617,4349.871582,4401.153809,2919.000000,4.000000,85.000000,,,,0.000000,4.000000,4.000000,4.000000,4.000000,4.000000,4.000000,4.000000,4.000000,4.000000,4.000000,4.000000,4.000000,4.000000,4.000000,100.000000,,,,,,,,,,,,,,,,,,,,,,,,,,,,,,,,,,,,,,,,,,,,,,,,,,,,,,,,,,,,,,,,,,,,,,,,,,,,,,,,,,,,,,
1676060246.943063,1676060246.943058,84.000000,0.000000,4272.051270,4264.230957,4278.974121,4257.563965,4288.589844,4262.692383,4288.846191,4296.282227,4275.384766,4253.333496,4406.922852,4452.948730,4312.948730,4360.512695,3126.000000,4.000000,85.000000,,,,0.000000,4.000000,4.000000,4.000000,4.000000,4.000000,4.000000,4.000000,4.000000,4.000000,4.000000,4.000000,4.000000,4.000000,4.000000,100.000000,,,,,,,,,,,,,,,,,,,,,,,,,,,,,,,,,,,,,,,,,,,,,,,,,,,,,,,,,,,,,,,,,,,,,,,,,,,,,,,,,,,,,,
1676060246.950871,1676060246.950866,85.000000,0.000000,4274.358887,4256.794922,4275.384766,4258.974121,4287.179688,4264.487305,4290.128418,4301.666504,4277.179688,4269.615234,4407.563965,4456.282227,4322.563965,4364.871582,3241.000000,4.000000,85.000000,,,,0.000000,4.000000,4.000000,4.000000,4.000000,4.000000,4.000000,4.000000,4.000000,4.000000,4.000000,4.000000,4.000000,4.000000,4.000000,100.000000,,,,,,,,,,,,,,,,,,,,,,,,,,,,,,,,,,,,,,,,,,,,,,,,,,,,,,,,,,,,,,,,,,,,,,,,,,,,,,,,,,,,,,
1676060246.958680,1676060246.958775,86.000000,0.000000,4281.025879,4262.051270,4291.153809,4265.897461,4291.922852,4267.948730,4297.692383,4318.461426,4295.128418,4287.051270,4441.922852,4477.563965,4357.436035,4398.333496,2725.000000,4.000000,85.000000,,,,0.000000,4.000000,4.000000,4.000000,4.000000,4.000000,4.000000,4.000000,4.000000,4.000000,4.000000,4.000000,4.000000,4.000000,4.000000,100.000000,,,,,,,,,,,,,,,,,,,,,,,,,,,,,,,,,,,,,,,,,,,,,,,,,,,,,,,,,,,,,,,,,,,,,,,,,,,,,,,,,,,,,,
1676060246.966488,1676060246.966583,87.000000,0.000000,4279.358887,4253.077148,4294.743652,4261.666504,4284.487305,4262.563965,4294.358887,4316.666504,4298.717773,4280.897461,4452.563965,4476.538574,4364.743652,4401.666504,2919.000000,4.000000,85.000000,,,,0.000000,4.000000,4.000000,4.000000,4.000000,4.000000,4.000000,4.000000,4.000000,4.000000,4.000000,4.000000,4.000000,4.000000,4.000000,100.000000,,,,,,,,,,,,,,,,,,,,,,,,,,,,,,,,,,,,,,,,,,,,,,,,,,,,,,,,,,,,,,,,,,,,,,,,,,,,,,,,,,,,,,
1676060246.974296,1676060246.974491,88.000000,0.000000,4276.282227,4239.871582,4276.922852,4258.974121,4279.102539,4256.794922,4285.512695,4297.820313,4278.461426,4260.641113,4426.666504,4456.025879,4345.897461,4379.615234,3126.000000,4.000000,85.000000,,,,0.000000,4.000000,4.000000,4.000000,4.000000,4.000000,4.000000,4.000000,4.000000,4.000000,4.000000,4.000000,4.000000,4.000000,4.000000,100.000000,,,,,,,,,,,,,,,,,,,,,,,,,,,,,,,,,,,,,,,,,,,,,,,,,,,,,,,,,,,,,,,,,,,,,,,,,,,,,,,,,,,,,,
1676060246.982105,1676060246.982300,89.000000,0.000000,4285.384766,4258.333496,4277.179688,4273.333496,4284.871582,4263.077148,4294.102539,4303.717773,4281.666504,4266.153809,4427.179688,4459.230957,4346.794922,4388.846191,3241.000000,4.000000,85.000000,,,,0.000000,4.000000,4.000000,4.000000,4.000000,4.000000,4.000000,4.000000,4.000000,4.000000,4.000000,4.000000,4.000000,4.000000,4.000000,100.000000,,,,,,,,,,,,,,,,,,,,,,,,,,,,,,,,,,,,,,,,,,,,,,,,,,,,,,,,,,,,,,,,,,,,,,,,,,,,,,,,,,,,,,
1676060246.989913,1676060246.990108,90.000000,0.000000,4295.641113,4283.974121,4295.641113,4287.051270,4291.282227,4265.769043,4303.077148,4321.025879,4299.871582,4284.871582,4453.846191,4480.000000,4366.922852,4415.256348,2725.000000,4.000000,85.000000,,,,0.000000,4.000000,4.000000,4.000000,4.000000,4.000000,4.000000,4.000000,4.000000,4.000000,4.000000,4.000000,4.000000,4.000000,4.000000,100.000000,,,,,,,,,,,,,,,,,,,,,,,,,,,,,,,,,,,,,,,,,,,,,,,,,,,,,,,,,,,,,,,,,,,,,,,,,,,,,,,,,,,,,,
1676060246.997722,1676060246.997917,91.000000,0.000000,4296.025879,4276.153809,4299.358887,4284.230957,4295.897461,4256.282227,4298.077148,4319.230957,4294.743652,4278.461426,4463.205078,4482.948730,4369.871582,4413.077148,2919.000000,4.000000,85.000000,,,,0.000000,4.000000,4.000000,4.000000,4.000000,4.000000,4.000000,4.000000,4.000000,4.000000,4.000000,4.000000,4.000000,4.000000,4.000000,100.000000,,,,,,,,,,,,,,,,,,,,,,,,,,,,,,,,,,,,,,,,,,,,,,,,,,,,,,,,,,,,,,,,,,,,,,,,,,,,,,,,,,,,,,
1676060247.005530,1676060247.005625,92.000000,0.000000,4292.307617,4262.948730,4286.922852,4275.000000,4293.333496,4251.153809,4290.769043,4302.820313,4277.436035,4260.000000,4459.230957,4470.128418,4353.589844,4394.615234,3126.000000,4.000000,85.000000,,,,0.000000,4.000000,4.000000,4.000000,4.000000,4.000000,4.000000,4.000000,4.000000,4.000000,4.000000,4.000000,4.000000,4.000000,4.000000,100.000000,,,,,,,,,,,,,,,,,,,,,,,,,,,,,,,,,,,,,,,,,,,,,,,,,,,,,,,,,,,,,,,,,,,,,,,,,,,,,,,,,,,,,,
1676060247.013338,1676060247.013434,93.000000,0.000000,4287.563965,4267.436035,4280.000000,4270.897461,4283.717773,4253.205078,4284.487305,4295.769043,4275.000000,4260.512695,4465.897461,4463.589844,4341.538574,4390.769043,3241.000000,4.000000,85.000000,,,,0.000000,4.000000,4.000000,4.000000,4.000000,4.000000,4.000000,4.000000,4.000000,4.000000,4.000000,4.000000,4.000000,4.000000,4.000000,100.000000,,,,,,,,,,,,,,,,,,,,,,,,,,,,,,,,,,,,,,,,,,,,,,,,,,,,,,,,,,,,,,,,,,,,,,,,,,,,,,,,,,,,,,
1676060247.021147,1676060247.021142,94.000000,0.000000,4287.820313,4269.358887,4291.666504,4266.153809,4278.974121,4251.025879,4282.948730,4305.641113,4284.743652,4271.282227,4490.897461,4476.282227,4347.307617,4400.384766,2725.000000,4.000000,85.000000,,,,0.000000,4.000000,4.000000,4.000000,4.000000,4.000000,4.000000,4.000000,4.000000,4.000000,4.000000,4.000000,4.000000,4.000000,4.000000,100.000000,,,,,,,,,,,,,,,,,2.938941,3.113957,2.635708,1.799927,0.996491,3.875478,4.108427,2.111730,1.487161,1.152055,3.455201,4.899471,2.647895,1.927921,0.883134,3.851996,3.531791,1.896517,1.385970,0.847385,0.696675,1.536352,0.775306,0.835570,0.556797,0.289468,1.207816,0.513304,0.652398,0.361833,0.687679,1.082943,0.553938,1.063385,0.589327,1.316386,1.890600,0.594811,1.693063,0.873134,0.989692,2.744778,0.952896,1.806176,0.783772,1.264036,2.510393,0.531013,1.469387,1.270306,2.741454,5.017316,2.335892,2.886027,1.571754,3.951112,5.486867,2.940353,2.908381,1.181671,2.795081,4.006713,2.212566,2.614006,1.599468,3.697744,4.548628,3.694391,2.879051,1.501756
1676060247.028955,1676060247.029051,95.000000,0.000000,4295.384766,4263.461426,4308.077148,4262.307617,4282.051270,4251.666504,4290.000000,4314.615234,4293.461426,4275.641113,4521.282227,4489.230957,4360.769043,4406.153809,2919.000000,4.000000,85.000000,,,,0.000000,4.000000,4.000000,4.000000,4.000000,4.000000,4.000000,4.000000,4.000000,4.000000,4.000000,4.000000,4.000000,4.000000,4.000000,100.000000,,,,,,,,,,,,,,,,,,,,,,,,,,,,,,,,,,,,,,,,,,,,,,,,,,,,,,,,,,,,,,,,,,,,,,,,,,,,,,,,,,,,,,
1676060247.036763,1676060247.036859,96.000000,0.000000,4297.179688,4265.000000,4308.333496,4268.717773,4280.897461,4251.282227,4293.846191,4316.538574,4297.948730,4279.743652,4535.512695,4486.025879,4356.794922,4402.820313,3126.000000,4.000000,85.000000,,,,0.000000,4.000000,4.000000,4.000000,4.000000,4.000000,4.000000,4.000000,4.000000,4.000000,4.000000,4.000000,4.000000,4.000000,4.000000,100.000000,,,,,,,,,,,,,,,,,,,,,,,,,,,,,,,,,,,,,,,,,,,,,,,,,,,,,,,,,,,,,,,,,,,,,,,,,,,,,,,,,,,,,,
1676060247.044572,1676060247.044767,97.000000,0.000000,4296.794922,4273.333496,4302.948730,4280.384766,4275.512695,4247.307617,4291.666504,4319.871582,4298.974121,4280.897461,4544.615234,4485.512695,4352.436035,4404.230957,3241.000000,4.000000,85.000000,,,,0.000000,4.000000,4.000000,4.000000,4.000000,4.000000,4.000000,4.000000,4.000000,4.000000,4.000000,4.000000,4.000000,4.000000,4.000000,100.000000,,,,,,,,,,,,,,,,,,,,,,,,,,,,,,,,,,,,,,,,,,,,,,,,,,,,,,,,,,,,,,,,,,,,,,,,,,,,,,,,,,,,,,
1676060247.052380,1676060247.052576,98.000000,0.000000,4303.589844,4282.692383,4310.769043,4291.410156,4283.205078,4255.128418,4296.153809,4330.512695,4305.641113,4282.563965,4567.307617,4495.512695,4371.282227,4417.436035,2725.000000,4.000000,85.000000,,,,0.000000,4.000000,4.000000,4.000000,4.000000,4.000000,4.000000,4.000000,4.000000,4.000000,4.000000,4.000000,4.000000,4.000000,4.000000,100.000000,,,,,,,,,,,,,,,,,,,,,,,,,,,,,,,,,,,,,,,,,,,,,,,,,,,,,,,,,,,,,,,,,,,,,,,,,,,,,,,,,,,,,,
1676060247.060189,1676060247.060484,99.000000,0.000000,4300.000000,4282.948730,4313.461426,4290.769043,4295.256348,4266.922852,4300.769043,4329.743652,4312.307617,4292.307617,4578.846191,4493.846191,4377.692383,4418.717773,2919.000000,4.000000,85.000000,,,,0.000000,4.000000,4.000000,4.000000,4.000000,4.000000,4.000000,4.000000,4.000000,4.000000,4.000000,4.000000,4.000000,4.000000,4.000000,100.000000,,,,,,,,,,,,,,,,,,,,,,,,,,,,,,,,,,,,,,,,,,,,,,,,,,,,,,,,,,,,,,,,,,,,,,,,,,,,,,,,,,,,,,
1676060247.067997,1676060247.068293,100.000000,0.000000,4293.846191,4278.974121,4311.025879,4293.333496,4294.487305,4266.025879,4301.410156,4322.179688,4311.794922,4297.692383,4573.205078,4495.641113,4375.384766,4414.615234,3126.000000,4.000000,85.000000,,,,0.000000,4.000000,4.000000,4.000000,4.000000,4.000000,4.000000,4.000000,4.000000,4.000000,4.000000,4.000000,4.000000,4.000000,4.000000,100.000000,,,,,,,,,,,,,,,,,,,,,,,,,,,,,,,,,,,,,,,,,,,,,,,,,,,,,,,,,,,,,,,,,,,,,,,,,,,,,,,,,,,,,,
1676060247.075805,1676060247.076101,101.000000,0.000000,4299.615234,4277.948730,4314.743652,4305.000000,4293.974121,4265.641113,4302.563965,4321.666504,4308.077148,4291.025879,4568.717773,4507.692383,4378.974121,4420.000000,3241.000000,4.000000,85.000000,,,,0.000000,4.000000,4.000000,4.000000,4.000000,4.000000,4.000000,4.000000,4.000000,4.000000,4.000000,4.000000,4.000000,4.000000,4.000000,100.000000,,,,,,,,,,,,,,,,,,,,,,,,,,,,,,,,,,,,,,,,,,,,,,,,,,,,,,,,,,,,,,,,,,,,,,,,,,,,,,,,,,,,,,
1676060247.083614,1676060247.083810,102.000000,0.000000,4296.922852,4266.922852,4306.153809,4303.077148,4295.384766,4268.974121,4297.179688,4313.333496,4296.666504,4278.846191,4550.384766,4497.051270,4363.717773,4411.794922,2725.000000,4.000000,85.000000,,,,0.000000,4.000000,4.000000,4.000000,4.000000,4.000000,4.000000,4.000000,4.000000,4.000000,4.000000,4.000000,4.000000,4.000000,4.000000,100.000000,,,,,,,,,,,,,,,,,,,,,,,,,,,,,,,,,,,,,,,,,,,,,,,,,,,,,,,,,,,,,,,,,,,,,,,,,,,,,,,,,,,,,,
1676060247.091422,1676060247.091718,103.000000,0.000000,4292.051270,4258.974121,4292.563965,4302.179688,4286.922852,4267.820313,4291.282227,4306.025879,4282.307617,4268.205078,4527.436035,4484.487305,4350.769043,4400.000000,2919.000000,4.000000,85.000000,,,,0.000000,4.000000,4.000000,4.000000,4.000000,4.000000,4.000000,4.000000,4.000000,4.000000,4.000000,4.000000,4.000000,4.000000,4.000000,100.000000,,,,,,,,,,,,,,,,,,,,,,,,,,,,,,,,,,,,,,,,,,,,,,,,,,,,,,,,,,,,,,,,,,,,,,,,,,,,,,,,,,,,,,
1676060247.099230,1676060247.099526,104.000000,0.000000,4297.051270,4266.666504,4294.487305,4312.436035,4280.384766,4264.615234,4290.897461,4314.487305,4278.974121,4262.948730,4519.743652,4495.512695,4356.025879,4404.358887,3126.000000,4.000000,85.000000,,,,0.000000,4.000000,4.000000,4.000000,4.000000,4.000000,4.000000,4.000000,4.000000,4.000000,4.000000,4.000000,4.000000,4.000000,4.000000,100.000000,,,,,,,,,,,,,,,,,,,,,,,,,,,,,,,,,,,,,,,,,,,,,,,,,,,,,,,,,,,,,,,,,,,,,,,,,,,,,,,,,,,,,,
1676060247.107039,1676060247.107435,105.000000,0.000000,4303.461426,4275.128418,4307.436035,4320.000000,4286.538574,4262.051270,4293.589844,4334.230957,4288.846191,4269.871582,4520.128418,4507.307617,4354.230957,4409.743652,3241.000000,4.000000,85.000000,,,,0.000000,4.000000,4.000000,4.000000,4.000000,4.000000,4.000000,4.000000,4.000000,4.000000,4.000000,4.000000,4.000000,4.000000,4.000000,100.000000,,,,,,,,,,,,,,,,,,,,,,,,,,,,,,,,,,,,,,,,,,,,,,,,,,,,,,,,,,,,,,,,,,,,,,,,,,,,,,,,,,,,,,
1676060247.114847,1676060247.115243,106.000000,0.000000,4307.692383,4282.563965,4313.333496,4324.871582,4290.256348,4260.897461,4295.641113,4354.615234,4298.205078,4286.153809,4528.717773,4514.230957,4359.358887,4416.282227,2725.000000,4.000000,85.000000,,,,0.000000,4.000000,4.000000,4.000000,4.000000,4.000000,4.000000,4.000000,4.000000,4.000000,4.000000,4.000000,4.000000,4.000000,4.000000,100.000000,,,,,,,,,,,,,,,,,,,,,,,,,,,,,,,,,,,,,,,,,,,,,,,,,,,,,,,,,,,,,,,,,,,,,,,,,,,,,,,,,,,,,,
1676060247.122656,1676060247.123152,107.000000,0.000000,4305.897461,4285.384766,4305.128418,4327.051270,4286.282227,4258.974121,4290.769043,4366.922852,4299.487305,4287.436035,4539.615234,4522.179688,4376.153809,4425.128418,2919.000000,4.000000,85.000000,,,,0.000000,4.000000,4.000000,4.000000,4.000000,4.000000,4.000000,4.000000,4.000000,4.000000,4.000000,4.000000,4.000000,4.000000,4.000000,100.000000,,,,,,,,,,,,,,,,,,,,,,,,,,,,,,,,,,,,,,,,,,,,,,,,,,,,,,,,,,,,,,,,,,,,,,,,,,,,,,,,,,,,,,
1676060247.130464,1676060247.130960,108.000000,0.000000,4299.743652,4276.666504,4295.641113,4318.589844,4280.641113,4251.666504,4282.179688,4371.153809,4296.410156,4271.410156,4535.256348,4524.871582,4376.666504,4425.641113,3126.000000,4.000000,85.000000,,,,0.000000,4.000000,4.000000,4.000000,4.000000,4.000000,4.000000,4.000000,4.000000,4.000000,4.000000,4.000000,4.000000,4.000000,4.000000,100.000000,,,,,,,,,,,,,,,,,,,,,,,,,,,,,,,,,,,,,,,,,,,,,,,,,,,,,,,,,,,,,,,,,,,,,,,,,,,,,,,,,,,,,,
1676060247.138272,1676060247.138868,109.000000,0.000000,4293.589844,4257.563965,4289.615234,4304.871582,4274.358887,4247.179688,4277.179688,4368.846191,4287.563965,4266.666504,4530.384766,4521.025879,4373.717773,4425.000000,3241.000000,4.000000,85.000000,,,,0.000000,4.000000,4.000000,4.000000,4.000000,4.000000,4.000000,4.000000,4.000000,4.000000,4.000000,4.000000,4.000000,4.000000,4.000000,100.000000,,,,,,,,,,,,,,,,,,,,,,,,,,,,,,,,,,,,,,,,,,,,,,,,,,,,,,,,,,,,,,,,,,,,,,,,,,,,,,,,,,,,,,
1676060247.146081,1676060247.146677,110.000000,0.000000,4300.384766,4247.436035,4293.846191,4306.025879,4276.025879,4250.384766,4277.948730,4366.666504,4280.000000,4268.717773,4534.871582,4525.512695,4382.820313,4431.794922,2725.000000,4.000000,85.000000,,,,0.000000,4.000000,4.000000,4.000000,4.000000,4.000000,4.000000,4.000000,4.000000,4.000000,4.000000,4.000000,4.000000,4.000000,4.000000,100.000000,,,,,,,,,,,,,,,,,2.955837,2.939650,2.944673,1.901834,0.999549,3.899102,4.353077,2.381489,1.582043,1.133105,3.373679,4.491673,2.939159,2.013222,0.875484,4.245472,3.520680,2.090975,1.474783,0.874437,0.731754,1.540958,0.843803,0.844725,0.582727,0.333562,1.300201,0.594042,0.663589,0.362274,0.733643,1.079716,0.715787,0.998032,0.560411,1.192883,1.966414,0.637415,1.603514,0.883703,0.944102,2.834684,1.035200,1.832187,0.762957,1.282218,2.585663,0.595477,1.333347,1.307087,2.514833,5.362342,2.774210,2.927149,1.513453,3.546976,5.274469,3.343940,3.081910,1.172943,2.752221,4.249916,2.753376,2.616400,1.532151,3.189176,4.238029,4.406848,3.062243,1.431490
1676060247.153889,1676060247.154585,111.000000,0.000000,4317.948730,4258.589844,4308.333496,4314.230957,4282.692383,4252.820313,4282.948730,4371.666504,4290.256348,4267.051270,4534.615234,4538.077148,4388.077148,4440.769043,2919.000000,4.000000,85.000000,,,,0.000000,4.000000,4.000000,4.000000,4.000000,4.000000,4.000000,4.000000,4.000000,4.000000,4.000000,4.000000,4.000000,4.000000,4.000000,100.000000,,,,,,,,,,,,,,,,,,,,,,,,,,,,,,,,,,,,,,,,,,,,,,,,,,,,,,,,,,,,,,,,,,,,,,,,,,,,,,,,,,,,,,
1676060247.161698,1676060247.162394,112.000000,0.000000,4317.692383,4257.307617,4307.820313,4307.692383,4274.358887,4251.666504,4282.563965,4368.077148,4297.179688,4271.410156,4525.128418,4536.282227,4385.384766,4442.948730,3126.000000,4.000000,85.000000,,,,0.000000,4.000000,4.000000,4.000000,4.000000,4.000000,4.000000,4.000000,4.000000,4.000000,4.000000,4.000000,4.000000,4.000000,4.000000,100.000000,,,,,,,,,,,,,,,,,,,,,,,,,,,,,,,,,,,,,,,,,,,,,,,,,,,,,,,,,,,,,,,,,,,,,,,,,,,,,,,,,,,,,,
1676060247.169506,1676060247.170102,113.000000,0.000000,4302.307617,4234.230957,4290.256348,4289.102539,4261.922852,4250.897461,4274.358887,4351.025879,4284.230957,4280.128418,4519.871582,4519.487305,4380.897461,4438.205078,3241.000000,4.000000,85.000000,,,,0.000000,4.000000,4.000000,4.000000,4.000000,4.000000,4.000000,4.000000,4.000000,4.000000,4.000000,4.000000,4.000000,4.000000,4.000000,100.000000,,,,,,,,,,,,,,,,,,,,,,,,,,,,,,,,,,,,,,,,,,,,,,,,,,,,,,,,,,,,,,,,,,,,,,,,,,,,,,,,,,,,,,
1676060247.177314,1676060247.177911,114.000000,0.000000,4311.153809,4236.538574,4292.820313,4291.922852,4268.974121,4254.358887,4277.820313,4348.333496,4282.563965,4280.384766,4524.358887,4519.871582,4382.948730,4441.282227,2725.000000,4.000000,85.000000,,,,0.000000,4.000000,4.000000,4.000000,4.000000,4.000000,4.000000,4.000000,4.000000,4.000000,4.000000,4.000000,4.000000,4.000000,4.000000,100.000000,,,,,,,,,,,,,,,,,,,,,,,,,,,,,,,,,,,,,,,,,,,,,,,,,,,,,,,,,,,,,,,,,,,,,,,,,,,,,,,,,,,,,,
1676060247.185123,1676060247.185619,115.000000,0.000000,4334.615234,4260.512695,4309.871582,4310.256348,4281.794922,4257.051270,4291.666504,4358.717773,4293.589844,4275.512695,4520.897461,4536.410156,4376.538574,4449.102539,2919.000000,4.000000,85.000000,,,,0.000000,4.000000,4.000000,4.000000,4.000000,4.000000,4.000000,4.000000,4.000000,4.000000,4.000000,4.000000,4.000000,4.000000,4.000000,100.000000,,,,,,,,,,,,,,,,,,,,,,,,,,,,,,,,,,,,,,,,,,,,,,,,,,,,,,,,,,,,,,,,,,,,,,,,,,,,,,,,,,,,,,
1676060247.192931,1676060247.193428,116.000000,0.000000,4335.641113,4264.487305,4315.000000,4314.871582,4281.922852,4262.692383,4297.307617,4358.077148,4296.538574,4279.743652,4505.641113,4538.717773,4358.974121,4447.948730,3126.000000,4.000000,85.000000,,,,0.000000,4.000000,4.000000,4.000000,4.000000,4.000000,4.000000,4.000000,4.000000,4.000000,4.000000,4.000000,4.000000,4.000000,4.000000,100.000000,,,,,,,,,,,,,,,,,,,,,,,,,,,,,,,,,,,,,,,,,,,,,,,,,,,,,,,,,,,,,,,,,,,,,,,,,,,,,,,,,,,,,,
1676060247.200740,1676060247.201136,117.000000,0.000000,4337.179688,4265.384766,4321.538574,4319.487305,4283.589844,4274.615234,4301.025879,4357.820313,4297.051270,4283.461426,4506.410156,4540.641113,4367.307617,4456.666504,3241.000000,4.000000,85.000000,,,,0.000000,4.000000,4.000000,4.000000,4.000000,4.000000,4.000000,4.000000,4.000000,4.000000,4.000000,4.000000,4.000000,4.000000,4.000000,100.000000,,,,,,,,,,,,,,,,,,,,,,,,,,,,,,,,,,,,,,,,,,,,,,,,,,,,,,,,,,,,,,,,,,,,,,,,,,,,,,,,,,,,,,
1676060247.208548,1676060247.208945,118.000000,0.000000,4340.512695,4269.743652,4320.641113,4321.666504,4287.563965,4267.563965,4297.692383,4355.641113,4291.666504,4266.922852,4509.487305,4537.179688,4378.205078,4463.077148,2725.000000,4.000000,85.000000,,,,0.000000,4.000000,4.000000,4.000000,4.000000,4.000000,4.000000,4.000000,4.000000,4.000000,4.000000,4.000000,4.000000,4.000000,4.000000,100.000000,,,,,,,,,,,,,,,,,,,,,,,,,,,,,,,,,,,,,,,,,,,,,,,,,,,,,,,,,,,,,,,,,,,,,,,,,,,,,,,,,,,,,,
1676060247.216356,1676060247.216653,119.000000,0.000000,4328.077148,4260.769043,4303.846191,4313.333496,4285.769043,4247.948730,4283.717773,4340.128418,4277.820313,4252.051270,4491.538574,4516.666504,4355.769043,4443.717773,2919.000000,4.000000,85.000000,,,,0.000000,4.000000,4.000000,4.000000,4.000000,4.000000,4.000000,4.000000,4.000000,4.000000,4.000000,4.000000,4.000000,4.000000,4.000000,100.000000,,,,,,,,,,,,,,,,,,,,,,,,,,,,,,,,,,,,,,,,,,,,,,,,,,,,,,,,,,,,,,,,,,,,,,,,,,,,,,,,,,,,,,
1676060247.224165,1676060247.224462,120.000000,0.000000,4332.948730,4277.436035,4312.948730,4326.666504,4294.615234,4258.461426,4288.846191,4342.948730,4287.307617,4278.589844,4493.205078,4524.102539,4357.820313,4445.128418,3126.000000,4.000000,85.000000,,,,0.000000,4.000000,4.000000,4.000000,4.000000,4.000000,4.000000,4.000000,4.000000,4.000000,4.000000,4.000000,4.000000,4.000000,4.000000,100.000000,,,,,,,,,,,,,,,,,,,,,,,,,,,,,,,,,,,,,,,,,,,,,,,,,,,,,,,,,,,,,,,,,,,,,,,,,,,,,,,,,,,,,,
1676060247.231973,1676060247.232170,121.000000,0.000000,4358.077148,4310.256348,4338.077148,4352.820313,4307.179688,4281.538574,4307.948730,4360.384766,4312.051270,4306.410156,4514.487305,4551.025879,4386.794922,4471.025879,3241.000000,4.000000,85.000000,,,,0.000000,4.000000,4.000000,4.000000,4.000000,4.000000,4.000000,4.000000,4.000000,4.000000,4.000000,4.000000,4.000000,4.000000,4.000000,100.000000,,,,,,,,,,,,,,,,,,,,,,,,,,,,,,,,,,,,,,,,,,,,,,,,,,,,,,,,,,,,,,,,,,,,,,,,,,,,,,,,,,,,,,
1676060247.239782,1676060247.239979,122.000000,0.000000,4357.692383,4301.538574,4334.871582,4346.922852,4299.743652,4272.948730,4302.179688,4352.051270,4306.410156,4289.358887,4507.051270,4542.692383,4375.000000,4465.769043,2725.000000,4.000000,85.000000,,,,0.000000,4.000000,4.000000,4.000000,4.000000,4.000000,4.000000,4.000000,4.000000,4.000000,4.000000,4.000000,4.000000,4.000000,4.000000,100.000000,,,,,,,,,,,,,,,,,,,,,,,,,,,,,,,,,,,,,,,,,,,,,,,,,,,,,,,,,,,,,,,,,,,,,,,,,,,,,,,,,,,,,,
1676060247.247590,1676060247.247687,123.000000,0.000000,4339.102539,4277.436035,4324.615234,4328.205078,4289.487305,4258.717773,4289.743652,4337.436035,4290.000000,4275.128418,4501.153809,4529.743652,4364.358887,4456.282227,2919.000000,4.000000,85.000000,,,,0.000000,4.000000,4.000000,4.000000,4.000000,4.000000,4.000000,4.000000,4.000000,4.000000,4.000000,4.000000,4.000000,4.000000,4.000000,100.000000,,,,,,,,,,,,,,,,,,,,,,,,,,,,,,,,,,,,,,,,,,,,,,,,,,,,,,,,,,,,,,,,,,,,,,,,,,,,,,,,,,,,,,
1676060247.255398,1676060247.255496,124.000000,0.000000,4346.794922,4292.179688,4338.333496,4337.692383,4300.128418,4271.666504,4301.410156,4343.974121,4296.922852,4292.051270,4525.000000,4551.538574,4395.128418,4478.461426,3126.000000,4.000000,85.000000,,,,0.000000,4.000000,4.000000,4.000000,4.000000,4.000000,4.000000,4.000000,4.000000,4.000000,4.000000,4.000000,4.000000,4.000000,4.000000,100.000000,,,,,,,,,,,,,,,,,,,,,,,,,,,,,,,,,,,,,,,,,,,,,,,,,,,,,,,,,,,,,,,,,,,,,,,,,,,,,,,,,,,,,,
1676060247.263207,1676060247.263204,125.000000,0.000000,4363.717773,4309.487305,4347.692383,4349.358887,4310.256348,4283.077148,4306.153809,4345.897461,4306.153809,4300.128418,4525.000000,4558.846191,4399.871582,4482.692383,3241.000000,4.000000,85.000000,,,,0.000000,4.000000,4.000000,4.000000,4.000000,4.000000,4.000000,4.000000,4.000000,4.000000,4.000000,4.000000,4.000000,4.000000,4.000000,100.000000,,,,,,,,,,,,,,,,,,,,,,,,,,,,,,,,,,,,,,,,,,,,,,,,,,,,,,,,,,,,,,,,,,,,,,,,,,,,,,,,,,,,,,
1676060247.271015,1676060247.271112,126.000000,0.000000,4352.948730,4291.794922,4336.410156,4335.512695,4301.410156,4276.538574,4297.820313,4337.820313,4298.717773,4283.974121,4504.230957,4541.538574,4377.436035,4461.153809,2725.000000,4.000000,85.000000,,,,0.000000,4.000000,4.000000,4.000000,4.000000,4.000000,4.000000,4.000000,4.000000,4.000000,4.000000,4.000000,4.000000,4.000000,4.000000,100.000000,,,,,,,,,,,,,,,,,2.749278,2.703773,3.056208,1.918415,1.005593,3.623573,4.283456,2.480415,1.611200,1.117998,3.035156,3.983300,3.085452,2.024551,0.879337,4.205019,3.298113,2.149245,1.496934,0.900014,0.705739,1.433555,0.894099,0.829474,0.582727,0.383344,1.346358,0.631435,0.625683,0.367200,0.726680,1.013883,0.890791,0.888334,0.531080,0.997944,1.928678,0.714685,1.461937,0.898028,0.844609,2.682865,1.057166,1.810847,0.751466,1.205202,2.431476,0.658880,1.165304,1.337023,2.766886,5.617310,3.085610,2.876799,1.467296,2.877553,4.890545,3.612050,3.135281,1.176468,2.440440,4.134974,3.225309,2.525654,1.458735,2.437740,3.813789,4.890647,3.104854,1.351006
1676060247.278823,1676060247.278921,127.000000,0.000000,4334.102539,4273.333496,4324.358887,4315.512695,4295.769043,4274.487305,4303.333496,4346.282227,4298.333496,4274.743652,4512.436035,4540.128418,4383.846191,4459.487305,85.000000,4.000000,85.000000,,,,0.000000,4.000000,4.000000,4.000000,4.000000,4.000000,4.000000,4.000000,4.000000,4.000000,4.000000,4.000000,4.000000,4.000000,4.000000,100.000000,,,,,,,,,,,,,,,,,,,,,,,,,,,,,,,,,,,,,,,,,,,,,,,,,,,,,,,,,,,,,,,,,,,,,,,,,,,,,,,,,,,,,,
1676060247.286632,1676060247.286829,0.000000,0.000000,4331.153809,4271.410156,4319.743652,4308.717773,4299.358887,4278.974121,4308.333496,4353.205078,4309.230957,4288.974121,4521.282227,4541.666504,4392.948730,4464.743652,2528.000000,4.000000,85.000000,,,,0.000000,4.000000,4.000000,4.000000,4.000000,4.000000,4.000000,4.000000,4.000000,4.000000,4.000000,4.000000,4.000000,4.000000,4.000000,100.000000,,,,,,,,,,,,,,,,,,,,,,,,,,,,,,,,,,,,,,,,,,,,,,,,,,,,,,,,,,,,,,,,,,,,,,,,,,,,,,,,,,,,,,
1676060247.294440,1676060247.294638,1.000000,0.000000,4326.922852,4271.538574,4315.897461,4310.256348,4292.948730,4268.846191,4295.000000,4335.512695,4302.563965,4294.230957,4498.333496,4525.512695,4369.102539,4448.205078,2469.000000,4.000000,85.000000,,,,0.000000,4.000000,4.000000,4.000000,4.000000,4.000000,4.000000,4.000000,4.000000,4.000000,4.000000,4.000000,4.000000,4.000000,4.000000,100.000000,,,,,,,,,,,,,,,,,,,,,,,,,,,,,,,,,,,,,,,,,,,,,,,,,,,,,,,,,,,,,,,,,,,,,,,,,,,,,,,,,,,,,,
1676060247.302248,1676060247.302546,2.000000,0.000000,4321.794922,4280.000000,4316.538574,4317.563965,4291.666504,4263.589844,4290.512695,4326.025879,4294.743652,4282.307617,4481.538574,4515.128418,4352.692383,4435.769043,2399.000000,4.000000,85.000000,,,,0.000000,4.000000,4.000000,4.000000,4.000000,4.000000,4.000000,4.000000,4.000000,4.000000,4.000000,4.000000,4.000000,4.000000,4.000000,100.000000,,,,,,,,,,,,,,,,,,,,,,,,,,,,,,,,,,,,,,,,,,,,,,,,,,,,,,,,,,,,,,,,,,,,,,,,,,,,,,,,,,,,,,
1676060247.310057,1676060247.310355,3.000000,0.000000,4335.128418,4296.410156,4326.282227,4330.641113,4307.692383,4277.692383,4304.230957,4342.051270,4307.948730,4286.794922,4498.205078,4527.179688,4370.384766,4447.948730,2469.000000,4.000000,85.000000,,,,0.000000,4.000000,4.000000,4.000000,4.000000,4.000000,4.000000,4.000000,4.000000,4.000000,4.000000,4.000000,4.000000,4.000000,4.000000,100.000000,,,,,,,,,,,,,,,,,,,,,,,,,,,,,,,,,,,,,,,,,,,,,,,,,,,,,,,,,,,,,,,,,,,,,,,,,,,,,,,,,,,,,,
1676060247.317865,1676060247.318263,4.000000,0.000000,4337.436035,4299.102539,4325.897461,4330.128418,4308.205078,4275.256348,4301.410156,4341.025879,4306.794922,4294.487305,4497.948730,4523.717773,4369.102539,4443.461426,2431.000000,4.000000,85.000000,,,,0.000000,4.000000,4.000000,4.000000,4.000000,4.000000,4.000000,4.000000,4.000000,4.000000,4.000000,4.000000,4.000000,4.000000,4.000000,100.000000,,,,,,,,,,,,,,,,,,,,,,,,,,,,,,,,,,,,,,,,,,,,,,,,,,,,,,,,,,,,,,,,,,,,,,,,,,,,,,,,,,,,,,
1676060247.325674,1676060247.326071,5.000000,0.000000,4319.102539,4289.615234,4314.615234,4317.563965,4292.307617,4257.051270,4287.307617,4317.820313,4285.769043,4282.307617,4473.717773,4504.230957,4347.692383,4424.102539,2376.000000,4.000000,85.000000,,,,0.000000,4.000000,4.000000,4.000000,4.000000,4.000000,4.000000,4.000000,4.000000,4.000000,4.000000,4.000000,4.000000,4.000000,4.000000,100.000000,,,,,,,,,,,,,,,,,,,,,,,,,,,,,,,,,,,,,,,,,,,,,,,,,,,,,,,,,,,,,,,,,,,,,,,,,,,,,,,,,,,,,,
1676060247.333482,1676060247.333980,6.000000,0.000000,4323.461426,4293.461426,4321.410156,4322.179688,4292.948730,4258.974121,4289.615234,4317.307617,4286.538574,4270.256348,4483.333496,4514.487305,4361.282227,4435.384766,2224.000000,4.000000,85.000000,,,,0.000000,4.000000,4.000000,4.000000,4.000000,4.000000,4.000000,4.000000,4.000000,4.000000,4.000000,4.000000,4.000000,4.000000,4.000000,100.000000,,,,,,,,,,,,,,,,,,,,,,,,,,,,,,,,,,,,,,,,,,,,,,,,,,,,,,,,,,,,,,,,,,,,,,,,,,,,,,,,,,,,,,
1676060247.341290,1676060247.341788,7.000000,0.000000,4341.666504,4300.897461,4335.769043,4336.794922,4302.307617,4268.846191,4298.333496,4333.846191,4300.000000,4273.333496,4509.102539,4537.179688,4384.615234,4456.282227,2242.000000,4.000000,85.000000,,,,0.000000,4.000000,4.000000,4.000000,4.000000,4.000000,4.000000,4.000000,4.000000,4.000000,4.000000,4.000000,4.000000,4.000000,4.000000,100.000000,,,,,,,,,,,,,,,,,,,,,,,,,,,,,,,,,,,,,,,,,,,,,,,,,,,,,,,,,,,,,,,,,,,,,,,,,,,,,,,,,,,,,,
1676060247.349099,1676060247.349497,8.000000,0.000000,4335.384766,4298.589844,4330.769043,4332.436035,4297.692383,4265.641113,4295.256348,4332.307617,4297.051270,4280.000000,4503.589844,4531.666504,4378.461426,4450.256348,2282.000000,4.000000,85.000000,,,,0.000000,4.000000,4.000000,4.000000,4.000000,4.000000,4.000000,4.000000,4.000000,4.000000,4.000000,4.000000,4.000000,4.000000,4.000000,100.000000,,,,,,,,,,,,,,,,,,,,,,,,,,,,,,,,,,,,,,,,,,,,,,,,,,,,,,,,,,,,,,,,,,,,,,,,,,,,,,,,,,,,,,
1676060247.356907,1676060247.357305,9.000000,0.000000,4324.615234,4297.051270,4322.179688,4320.384766,4293.717773,4259.871582,4287.692383,4318.974121,4290.384766,4284.102539,4485.384766,4515.384766,4370.897461,4438.205078,2274.000000,4.000000,85.000000,,,,0.000000,4.000000,4.000000,4.000000,4.000000,4.000000,4.000000,4.000000,4.000000,4.000000,4.000000,4.000000,4.000000,4.000000,4.000000,100.000000,,,,,,,,,,,,,,,,,,,,,,,,,,,,,,,,,,,,,,,,,,,,,,,,,,,,,,,,,,,,,,,,,,,,,,,,,,,,,,,,,,,,,,
1676060247.364715,1676060247.365014,10.000000,0.000000,4334.358887,4301.025879,4327.307617,4329.615234,4303.205078,4267.179688,4292.051270,4321.153809,4295.128418,4287.563965,4491.794922,4521.794922,4383.589844,4445.769043,2762.000000,4.000000,85.000000,,,,0.000000,4.000000,4.000000,4.000000,4.000000,4.000000,4.000000,4.000000,4.000000,4.000000,4.000000,4.000000,4.000000,4.000000,4.000000,100.000000,,,,,,,,,,,,,,,,,,,,,,,,,,,,,,,,,,,,,,,,,,,,,,,,,,,,,,,,,,,,,,,,,,,,,,,,,,,,,,,,,,,,,,
1676060247.372524,1676060247.372822,11.000000,0.000000,4336.282227,4297.948730,4324.615234,4338.333496,4308.974121,4277.051270,4300.641113,4330.000000,4298.846191,4287.948730,4498.589844,4525.512695,4383.333496,4446.153809,2920.000000,4.000000,85.000000,,,,0.000000,4.000000,4.000000,4.000000,4.000000,4.000000,4.000000,4.000000,4.000000,4.000000,4.000000,4.000000,4.000000,4.000000,4.000000,100.000000,,,,,,,,,,,,,,,,,,,,,,,,,,,,,,,,,,,,,,,,,,,,,,,,,,,,,,,,,,,,,,,,,,,,,,,,,,,,,,,,,,,,,,
1676060247.380332,1676060247.380531,12.000000,0.000000,4315.256348,4287.051270,4309.871582,4319.230957,4300.128418,4271.153809,4295.769043,4320.641113,4290.000000,4284.230957,4479.615234,4504.358887,4358.589844,4421.153809,3137.000000,4.000000,85.000000,,,,0.000000,4.000000,4.000000,4.000000,4.000000,4.000000,4.000000,4.000000,4.000000,4.000000,4.000000,4.000000,4.000000,4.000000,4.000000,100.000000,,,,,,,,,,,,,,,,,,,,,,,,,,,,,,,,,,,,,,,,,,,,,,,,,,,,,,,,,,,,,,,,,,,,,,,,,,,,,,,,,,,,,,
1676060247.388141,1676060247.388339,13.000000,0.000000,4295.128418,4271.538574,4296.666504,4295.769043,4284.358887,4257.307617,4279.487305,4301.025879,4276.538574,4268.717773,4457.436035,4482.307617,4340.641113,4398.333496,3249.000000,4.000000,85.000000,,,,0.000000,4.000000,4.000000,4.000000,4.000000,4.000000,4.000000,4.000000,4.000000,4.000000,4.000000,4.000000,4.000000,4.000000,4.000000,100.000000,,,,,,,,,,,,,,,,,,,,,,,,,,,,,,,,,,,,,,,,,,,,,,,,,,,,,,,,,,,,,,,,,,,,,,,,,,,,,,,,,,,,,,
1676060247.395949,1676060247.396048,14.000000,0.000000,4295.641113,4256.922852,4290.897461,4292.307617,4277.179688,4258.589844,4276.025879,4298.974121,4274.871582,4256.538574,4458.205078,4483.717773,4346.666504,4402.563965,2762.000000,4.000000,85.000000,,,,0.000000,4.000000,4.000000,4.000000,4.000000,4.000000,4.000000,4.000000,4.000000,4.000000,4.000000,4.000000,4.000000,4.000000,4.000000,100.000000,1.000000,83.333336,4.000000,4.000000,3.000000,4.000000,4.000000,4.000000,4.000000,4.000000,4.000000,4.000000,4.000000,3.000000,4.000000,4.000000,2.446112,2.545224,2.972608,1.812046,1.022310,3.081393,4.043190,2.469182,1.547616,1.122921,2.577604,3.519279,3.067221,1.924444,0.906031,3.800289,3.017791,2.101964,1.423723,0.935899,0.653575,1.250082,0.906854,0.778184,0.562525,0.447686,1.337525,0.607427,0.543808,0.374860,0.679963,0.897458,1.025264,0.757144,0.506751,0.823327,1.811158,0.870808,1.282200,0.920688,0.735074,2.307999,1.026428,1.712758,0.752461,1.078438,2.082364,0.732921,0.978354,1.364924,3.550133,5.793240,3.251573,2.679286,1.461113,2.119137,4.386635,3.694045,2.980284,1.197092,1.940063,3.692050,3.633665,2.309481,1.429543,1.701897,3.479478,5.128571,2.929029,1.307199
1676060247.403757,1676060247.403856,15.000000,0.000000,4316.666504,4267.179688,4306.538574,4308.974121,4287.051270,4269.230957,4292.436035,4319.871582,4288.077148,4268.333496,4487.563965,4506.922852,4372.179688,4430.384766,2920.000000,4.000000,85.000000,,,,0.000000,4.000000,4.000000,4.000000,4.000000,4.000000,4.000000,4.000000,4.000000,4.000000,4.000000,4.000000,4.000000,4.000000,4.000000,100.000000,,,,,,,,,,,,,,,,,,,,,,,,,,,,,,,,,,,,,,,,,,,,,,,,,,,,,,,,,,,,,,,,,,,,,,,,,,,,,,,,,,,,,,
1676060247.411566,1676060247.411565,16.000000,0.000000,4323.846191,4278.077148,4318.974121,4316.025879,4295.256348,4266.666504,4300.256348,4329.358887,4296.794922,4282.307617,4495.769043,4513.461426,4373.205078,4435.641113,0.000000,4.000000,85.000000,,,,0.000000,4.000000,4.000000,4.000000,4.000000,4.000000,4.000000,4.000000,4.000000,4.000000,4.000000,4.000000,4.000000,4.000000,4.000000,100.000000,,,,,,,,,,,,,,,,,,,,,,,,,,,,,,,,,,,,,,,,,,,,,,,,,,,,,,,,,,,,,,,,,,,,,,,,,,,,,,,,,,,,,,
1676060247.419374,1676060247.419373,17.000000,0.000000,4309.743652,4267.692383,4310.512695,4310.128418,4293.974121,4262.692383,4292.948730,4318.205078,4292.692383,4283.205078,4477.051270,4502.563965,4358.717773,4419.102539,0.000000,4.000000,85.000000,,,,0.000000,4.000000,4.000000,4.000000,4.000000,4.000000,4.000000,4.000000,4.000000,4.000000,4.000000,4.000000,4.000000,4.000000,4.000000,100.000000,,,,,,,,,,,,,,,,,,,,,,,,,,,,,,,,,,,,,,,,,,,,,,,,,,,,,,,,,,,,,,,,,,,,,,,,,,,,,,,,,,,,,,
1676060247.427183,1676060247.427082,18.000000,0.000000,4318.846191,4276.282227,4315.641113,4321.666504,4299.358887,4271.666504,4295.256348,4316.666504,4293.333496,4285.512695,4483.717773,4511.282227,4374.358887,4430.769043,0.000000,4.000000,85.000000,,,,0.000000,4.000000,4.000000,4.000000,4.000000,4.000000,4.000000,4.000000,4.000000,4.000000,4.000000,4.000000,4.000000,4.000000,4.000000,100.000000,,,,,,,,,,,,,,,,,,,,,,,,,,,,,,,,,,,,,,,,,,,,,,,,,,,,,,,,,,,,,,,,,,,,,,,,,,,,,,,,,,,,,,
1676060247.434991,1676060247.434890,19.000000,0.000000,4331.538574,4287.051270,4328.974121,4329.743652,4307.692383,4273.461426,4301.025879,4320.897461,4297.563965,4283.846191,4492.179688,4520.897461,4379.358887,4440.897461,0.000000,4.000000,85.000000,,,,0.000000,4.000000,4.000000,4.000000,4.000000,4.000000,4.000000,4.000000,4.000000,4.000000,4.000000,4.000000,4.000000,4.000000,4.000000,100.000000,,,,,,,,,,,,,,,,,,,,,,,,,,,,,,,,,,,,,,,,,,,,,,,,,,,,,,,,,,,,,,,,,,,,,,,,,,,,,,,,,,,,,,
1676060247.442799,1676060247.442599,20.000000,0.000000,4319.743652,4279.615234,4322.307617,4317.692383,4307.436035,4271.153809,4299.102539,4315.769043,4293.846191,4275.897461,4478.846191,4510.512695,4359.615234,4424.487305,0.000000,4.000000,85.000000,,,,0.000000,4.000000,4.000000,4.000000,4.000000,4.000000,4.000000,4.000000,4.000000,4.000000,4.000000,4.000000,4.000000,4.000000,4.000000,100.000000,,,,,,,,,,,,,,,,,,,,,,,,,,,,,,,,,,,,,,,,,,,,,,,,,,,,,,,,,,,,,,,,,,,,,,,,,,,,,,,,,,,,,,
1676060247.450608,1676060247.450507,21.000000,0.000000,4320.256348,4290.512695,4317.051270,4320.512695,4307.179688,4275.897461,4298.077148,4311.922852,4289.487305,4279.871582,4474.487305,4500.256348,4361.282227,4422.307617,0.000000,4.000000,85.000000,,,,0.000000,4.000000,4.000000,4.000000,4.000000,4.000000,4.000000,4.000000,4.000000,4.000000,4.000000,4.000000,4.000000,4.000000,4.000000,100.000000,,,,,,,,,,,,,,,,,,,,,,,,,,,,,,,,,,,,,,,,,,,,,,,,,,,,,,,,,,,,,,,,,,,,,,,,,,,,,,,,,,,,,,
1676060247.458416,1676060247.458315,22.000000,0.000000,4313.974121,4296.538574,4305.897461,4317.563965,4298.589844,4268.333496,4284.102539,4300.897461,4278.846191,4264.358887,4459.871582,4480.769043,4356.538574,4413.077148,0.000000,4.000000,85.000000,,,,0.000000,4.000000,4.000000,4.000000,4.000000,4.000000,4.000000,4.000000,4.000000,4.000000,4.000000,4.000000,4.000000,4.000000,4.000000,100.000000,,,,,,,,,,,,,,,,,,,,,,,,,,,,,,,,,,,,,,,,,,,,,,,,,,,,,,,,,,,,,,,,,,,,,,,,,,,,,,,,,,,,,,
1676060247.466225,1676060247.466224,23.000000,0.000000,4290.256348,4283.717773,4288.846191,4296.025879,4288.974121,4258.717773,4269.615234,4286.922852,4267.307617,4238.717773,4437.948730,4462.948730,4333.974121,4387.563965,0.000000,4.000000,85.000000,,,,0.000000,4.000000,4.000000,4.000000,4.000000,4.000000,4.000000,4.000000,4.000000,4.000000,4.000000,4.000000,4.000000,4.000000,4.000000,100.000000,,,,,,,,,,,,,,,,,,,,,,,,,,,,,,,,,,,,,,,,,,,,,,,,,,,,,,,,,,,,,,,,,,,,,,,,,,,,,,,,,,,,,,
1676060247.474033,1676060247.474032,24.000000,0.000000,4298.717773,4293.589844,4304.102539,4303.077148,4297.692383,4270.128418,4288.846191,4303.974121,4282.436035,4262.179688,4464.743652,4486.153809,4351.282227,4401.666504,0.000000,4.000000,85.000000,,,,0.000000,4.000000,4.000000,4.000000,4.000000,4.000000,4.000000,4.000000,4.000000,4.000000,4.000000,4.000000,4.000000,4.000000,4.000000,100.000000,,,,,,,,,,,,,,,,,,,,,,,,,,,,,,,,,,,,,,,,,,,,,,,,,,,,,,,,,,,,,,,,,,,,,,,,,,,,,,,,,,,,,,
1676060247.481841,1676060247.481941,25.000000,0.000000,4309.615234,4305.769043,4321.666504,4318.846191,4301.794922,4273.077148,4301.538574,4322.948730,4300.256348,4290.384766,4485.000000,4504.743652,4371.922852,4423.589844,0.000000,4.000000,85.000000,,,,0.000000,4.000000,4.000000,4.000000,4.000000,4.000000,4.000000,4.000000,4.000000,4.000000,4.000000,4.000000,4.000000,4.000000,4.000000,100.000000,,,,,,,,,,,,,,,,,,,,,,,,,,,,,,,,,,,,,,,,,,,,,,,,,,,,,,,,,,,,,,,,,,,,,,,,,,,,,,,,,,,,,,
1676060247.489650,1676060247.489749,26.000000,0.000000,4296.153809,4296.794922,4308.974121,4310.897461,4294.871582,4261.025879,4287.051270,4311.538574,4293.205078,4280.128418,4459.871582,4491.666504,4355.897461,4408.333496,0.000000,4.000000,85.000000,,,,0.000000,4.000000,4.000000,4.000000,4.000000,4.000000,4.000000,4.000000,4.000000,4.000000,4.000000,4.000000,4.000000,4.000000,4.000000,100.000000,,,,,,,,,,,,,,,,,,,,,,,,,,,,,,,,,,,,,,,,,,,,,,,,,,,,,,,,,,,,,,,,,,,,,,,,,,,,,,,,,,,,,,
1676060247.497458,1676060247.497657,27.000000,0.000000,4304.615234,4298.846191,4306.153809,4313.461426,4296.153809,4263.589844,4286.666504,4307.307617,4286.153809,4276.025879,4461.025879,4494.487305,4355.512695,4405.384766,0.000000,4.000000,85.000000,,,,0.000000,4.000000,4.000000,4.000000,4.000000,4.000000,4.000000,4.000000,4.000000,4.000000,4.000000,4.000000,4.000000,4.000000,4.000000,100.000000,,,,,,,,,,,,,,,,,,,,,,,,,,,,,,,,,,,,,,,,,,,,,,,,,,,,,,,,,,,,,,,,,,,,,,,,,,,,,,,,,,,,,,
1676060247.505266,1676060247.505466,28.000000,0.000000,4318.589844,4302.436035,4314.743652,4318.717773,4296.538574,4265.384766,4290.256348,4314.871582,4283.461426,4277.563965,4473.589844,4499.871582,4363.077148,4415.256348,0.000000,4.000000,85.000000,,,,0.000000,4.000000,4.000000,4.000000,4.000000,4.000000,4.000000,4.000000,4.000000,4.000000,4.000000,4.000000,4.000000,4.000000,4.000000,100.000000,,,,,,,,,,,,,,,,,,,,,,,,,,,,,,,,,,,,,,,,,,,,,,,,,,,,,,,,,,,,,,,,,,,,,,,,,,,,,,,,,,,,,,
1676060247.513075,1676060247.513374,29.000000,0.000000,4307.179688,4295.384766,4310.000000,4308.846191,4297.948730,4263.333496,4281.794922,4311.410156,4281.410156,4268.717773,4456.922852,4487.692383,4354.358887,4408.846191,0.000000,4.000000,85.000000,,,,0.000000,4.000000,4.000000,4.000000,4.000000,4.000000,4.000000,4.000000,4.000000,4.000000,4.000000,4.000000,4.000000,4.000000,4.000000,100.000000,,,,,,,,,,,,,,,,,,,,,,,,,,,,,,,,,,,,,,,,,,,,,,,,,,,,,,,,,,,,,,,,,,,,,,,,,,,,,,,,,,,,,,
1676060247.520883,1676060247.521183,30.000000,0.000000,4305.897461,4297.051270,4306.666504,4309.358887,4311.922852,4274.487305,4284.358887,4302.436035,4287.179688,4264.102539,4451.666504,4486.153809,4353.333496,4407.436035,0.000000,4.000000,85.000000,,,,0.000000,4.000000,4.000000,4.000000,4.000000,4.000000,4.000000,4.000000,4.000000,4.000000,4.000000,4.000000,4.000000,4.000000,4.000000,100.000000,,,,,,,,,,,,,,,,,2.129849,2.541341,2.737864,1.584371,1.041591,2.564835,3.798742,2.440000,1.399378,1.149382,2.175626,3.171700,2.884924,1.712159,0.950512,3.272624,2.811391,2.009416,1.256233,0.983090,0.644894,1.033424,0.875306,0.689465,0.532485,0.559974,1.272426,0.522439,0.435681,0.381778,0.638714,0.756086,1.072879,0.629785,0.487193,0.744632,1.678865,1.122064,1.086939,0.945120,0.676160,1.800629,0.969614,1.531280,0.759182,0.979457,1.633291,0.822971,0.807041,1.388651,5.184628,6.033277,3.281778,2.334070,1.492390,1.448703,3.848449,3.556495,2.605088,1.224435,1.437666,3.132314,3.946612,1.976760,1.461469,1.178537,3.379422,5.123617,2.530166,1.314172
1676060247.528692,1676060247.529091,31.000000,0.000000,4314.358887,4298.333496,4314.102539,4315.512695,4316.410156,4275.641113,4291.538574,4303.333496,4289.230957,4267.179688,4460.384766,4494.230957,4356.410156,4416.025879,0.000000,4.000000,85.000000,,,,0.000000,4.000000,4.000000,4.000000,4.000000,4.000000,4.000000,4.000000,4.000000,4.000000,4.000000,4.000000,4.000000,4.000000,4.000000,100.000000,,,,,,,,,,,,,,,,,,,,,,,,,,,,,,,,,,,,,,,,,,,,,,,,,,,,,,,,,,,,,,,,,,,,,,,,,,,,,,,,,,,,,,
1676060247.536500,1676060247.536899,32.000000,0.000000,4308.589844,4297.948730,4316.153809,4309.743652,4301.410156,4261.666504,4286.922852,4308.077148,4284.743652,4273.717773,4456.794922,4492.436035,4352.307617,4415.128418,0.000000,4.000000,85.000000,,,,0.000000,4.000000,4.000000,4.000000,4.000000,4.000000,4.000000,4.000000,4.000000,4.000000,4.000000,4.000000,4.000000,4.000000,4.000000,100.000000,,,,,,,,,,,,,,,,,,,,,,,,,,,,,,,,,,,,,,,,,,,,,,,,,,,,,,,,,,,,,,,,,,,,,,,,,,,,,,,,,,,,,,
1676060247.544308,1676060247.544608,33.000000,0.000000,4305.897461,4305.384766,4314.102539,4308.077148,4296.538574,4266.794922,4286.025879,4304.358887,4282.948730,4274.358887,4460.769043,4487.563965,4350.897461,4402.948730,0.000000,4.000000,85.000000,,,,0.000000,4.000000,4.000000,4.000000,4.000000,4.000000,4.000000,4.000000,4.000000,4.000000,4.000000,4.000000,4.000000,4.000000,4.000000,100.000000,,,,,,,,,,,,,,,,,,,,,,,,,,,,,,,,,,,,,,,,,,,,,,,,,,,,,,,,,,,,,,,,,,,,,,,,,,,,,,,,,,,,,,
1676060247.552117,1676060247.552416,34.000000,0.000000,4313.077148,4308.077148,4318.717773,4318.333496,4307.820313,4283.589844,4291.025879,4300.256348,4285.769043,4272.563965,4482.051270,4492.820313,4354.487305,4404.358887,0.000000,4.000000,85.000000,,,,0.000000,4.000000,4.000000,4.000000,4.000000,4.000000,4.000000,4.000000,4.000000,4.000000,4.000000,4.000000,4.000000,4.000000,4.000000,100.000000,,,,,,,,,,,,,,,,,,,,,,,,,,,,,,,,,,,,,,,,,,,,,,,,,,,,,,,,,,,,,,,,,,,,,,,,,,,,,,,,,,,,,,
1676060247.559925,1676060247.560125,35.000000,0.000000,4319.230957,4309.102539,4330.128418,4328.077148,4314.615234,4281.153809,4295.256348,4310.128418,4294.487305,4282.179688,4499.743652,4503.333496,4362.436035,4423.717773,0.000000,4.000000,85.000000,,,,0.000000,4.000000,4.000000,4.000000,4.000000,4.000000,4.000000,4.000000,4.000000,4.000000,4.000000,4.000000,4.000000,4.000000,4.000000,100.000000,,,,,,,,,,,,,,,,,,,,,,,,,,,,,,,,,,,,,,,,,,,,,,,,,,,,,,,,,,,,,,,,,,,,,,,,,,,,,,,,,,,,,,
1676060247.567733,1676060247.567933,36.000000,0.000000,4318.974121,4313.846191,4329.358887,4325.641113,4308.846191,4268.461426,4296.666504,4318.461426,4296.025879,4284.487305,4495.256348,4499.487305,4363.461426,4423.461426,0.000000,4.000000,85.000000,,,,0.000000,4.000000,4.000000,4.000000,4.000000,4.000000,4.000000,4.000000,4.000000,4.000000,4.000000,4.000000,4.000000,4.000000,4.000000,100.000000,,,,,,,,,,,,,,,,,,,,,,,,,,,,,,,,,,,,,,,,,,,,,,,,,,,,,,,,,,,,,,,,,,,,,,,,,,,,,,,,,,,,,,
1676060247.575542,1676060247.575642,37.000000,0.000000,4302.820313,4301.794922,4311.410156,4304.743652,4295.000000,4262.563965,4285.384766,4302.948730,4281.025879,4262.948730,4467.820313,4476.922852,4340.512695,4395.897461,0.000000,4.000000,85.000000,,,,0.000000,4.000000,4.000000,4.000000,4.000000,4.000000,4.000000,4.000000,4.000000,4.000000,4.000000,4.000000,4.000000,4.000000,4.000000,100.000000,,,,,,,,,,,,,,,,,,,,,,,,,,,,,,,,,,,,,,,,,,,,,,,,,,,,,,,,,,,,,,,,,,,,,,,,,,,,,,,,,,,,,,
1676060247.583350,1676060247.583450,38.000000,0.000000,4288.333496,4278.077148,4300.128418,4286.410156,4289.743652,4263.846191,4276.410156,4287.051270,4271.025879,4253.461426,4449.102539,4466.282227,4323.589844,4382.051270,0.000000,4.000000,85.000000,,,,0.000000,4.000000,4.000000,4.000000,4.000000,4.000000,4.000000,4.000000,4.000000,4.000000,4.000000,4.000000,4.000000,4.000000,4.000000,100.000000,,,,,,,,,,,,,,,,,,,,,,,,,,,,,,,,,,,,,,,,,,,,,,,,,,,,,,,,,,,,,,,,,,,,,,,,,,,,,,,,,,,,,,
1676060247.591159,1676060247.591159,39.000000,0.000000,4300.641113,4284.743652,4309.743652,4300.384766,4303.333496,4275.512695,4287.179688,4295.512695,4281.538574,4273.974121,4455.000000,4481.666504,4334.358887,4391.794922,0.000000,4.000000,85.000000,,,,0.000000,4.000000,4.000000,4.000000,4.000000,4.000000,4.000000,4.000000,4.000000,4.000000,4.000000,4.000000,4.000000,4.000000,4.000000,100.000000,,,,,,,,,,,,,,,,,,,,,,,,,,,,,,,,,,,,,,,,,,,,,,,,,,,,,,,,,,,,,,,,,,,,,,,,,,,,,,,,,,,,,,
1676060247.598967,1676060247.599067,40.000000,0.000000,4317.179688,4313.333496,4320.769043,4321.666504,4311.282227,4280.256348,4296.410156,4306.538574,4291.153809,4281.794922,4461.794922,4491.794922,4338.205078,4402.948730,0.000000,4.000000,85.000000,,,,0.000000,4.000000,4.000000,4.000000,4.000000,4.000000,4.000000,4.000000,4.000000,4.000000,4.000000,4.000000,4.000000,4.000000,4.000000,100.000000,,,,,,,,,,,,,,,,,,,,,,,,,,,,,,,,,,,,,,,,,,,,,,,,,,,,,,,,,,,,,,,,,,,,,,,,,,,,,,,,,,,,,,
1676060247.606775,1676060247.606876,41.000000,0.000000,4307.820313,4315.769043,4315.128418,4312.179688,4295.512695,4266.794922,4282.563965,4297.436035,4285.384766,4265.000000,4454.871582,4481.538574,4334.230957,4405.769043,0.000000,4.000000,85.000000,,,,0.000000,4.000000,4.000000,4.000000,4.000000,4.000000,4.000000,4.000000,4.000000,4.000000,4.000000,4.000000,4.000000,4.000000,4.000000,100.000000,,,,,,,,,,,,,,,,,,,,,,,,,,,,,,,,,,,,,,,,,,,,,,,,,,,,,,,,,,,,,,,,,,,,,,,,,,,,,,,,,,,,,,
1676060247.614584,1676060247.614784,42.000000,0.000000,4306.153809,4306.282227,4309.871582,4301.410156,4288.589844,4263.461426,4274.743652,4288.974121,4280.897461,4264.358887,4457.307617,4481.025879,4353.589844,4411.410156,0.000000,4.000000,85.000000,,,,0.000000,4.000000,4.000000,4.000000,4.000000,4.000000,4.000000,4.000000,4.000000,4.000000,4.000000,4.000000,4.000000,4.000000,4.000000,100.000000,,,,,,,,,,,,,,,,,,,,,,,,,,,,,,,,,,,,,,,,,,,,,,,,,,,,,,,,,,,,,,,,,,,,,,,,,,,,,,,,,,,,,,
1676060247.622392,1676060247.622592,43.000000,0.000000,4324.358887,4315.256348,4321.538574,4318.077148,4301.666504,4278.077148,4290.000000,4303.077148,4292.436035,4288.205078,4471.025879,4498.333496,4370.384766,4422.820313,0.000000,4.000000,85.000000,,,,0.000000,4.000000,4.000000,4.000000,4.000000,4.000000,4.000000,4.000000,4.000000,4.000000,4.000000,4.000000,4.000000,4.000000,4.000000,100.000000,,,,,,,,,,,,,,,,,,,,,,,,,,,,,,,,,,,,,,,,,,,,,,,,,,,,,,,,,,,,,,,,,,,,,,,,,,,,,,,,,,,,,,
1676060247.630201,1676060247.630501,44.000000,0.000000,4323.333496,4314.615234,4332.307617,4323.333496,4304.102539,4282.692383,4300.000000,4315.256348,4300.128418,4293.461426,4472.436035,4501.666504,4358.077148,4422.563965,0.000000,4.000000,85.000000,,,,0.000000,4.000000,4.000000,4.000000,4.000000,4.000000,4.000000,4.000000,4.000000,4.000000,4.000000,4.000000,4.000000,4.000000,4.000000,100.000000,,,,,,,,,,,,,,,,,,,,,,,,,,,,,,,,,,,,,,,,,,,,,,,,,,,,,,,,,,,,,,,,,,,,,,,,,,,,,,,,,,,,,,
1676060247.638009,1676060247.638309,45.000000,0.000000,4305.769043,4299.358887,4324.230957,4302.051270,4294.102539,4277.948730,4295.641113,4311.025879,4290.769043,4270.384766,4455.512695,4491.666504,4346.153809,4406.282227,0.000000,4.000000,85.000000,,,,0.000000,4.000000,4.000000,4.000000,4.000000,4.000000,4.000000,4.000000,4.000000,4.000000,4.000000,4.000000,4.000000,4.000000,4.000000,100.000000,,,,,,,,,,,,,,,,,,,,,,,,,,,,,,,,,,,,,,,,,,,,,,,,,,,,,,,,,,,,,,,,,,,,,,,,,,,,,,,,,,,,,,
1676060247.645817,1676060247.646218,46.000000,0.000000,4298.333496,4288.846191,4310.641113,4291.666504,4296.025879,4278.333496,4293.205078,4306.025879,4286.922852,4262.563965,4440.641113,4486.538574,4340.641113,4392.820313,0.000000,4.000000,85.000000,,,,0.000000,4.000000,4.000000,4.000000,4.000000,4.000000,4.000000,4.000000,4.000000,4.000000,4.000000,4.000000,4.000000,4.000000,4.000000,100.000000,,,,,,,,,,,,,,,,,1.932938,2.677886,2.431355,1.285232,1.048653,2.328412,3.682524,2.453672,1.209217,1.184003,1.968181,2.946923,2.582867,1.431697,0.993956,2.882492,2.776166,1.928986,1.035022,1.031577,0.731082,0.829035,0.808887,0.580060,0.501637,0.732253,1.160723,0.400856,0.328256,0.387157,0.650276,0.615167,1.022241,0.527997,0.471139,0.840607,1.593437,1.450853,0.906255,0.959794,0.715360,1.292315,0.932578,1.298775,0.763630,0.960184,1.204483,0.937330,0.693030,1.399451,7.519045,6.417588,3.233077,1.899699,1.539697,0.963520,3.372886,3.250361,2.086914,1.245876,1.033356,2.718230,4.129210,1.581504,1.537771,0.970812,3.519691,4.924807,1.992382,1.355277
1676060247.653626,1676060247.654026,47.000000,0.000000,4305.897461,4292.563965,4318.333496,4307.820313,4311.922852,4282.948730,4300.256348,4312.692383,4298.717773,4276.025879,4447.051270,4493.461426,4339.358887,4401.666504,0.000000,4.000000,85.000000,,,,0.000000,4.000000,4.000000,4.000000,4.000000,4.000000,4.000000,4.000000,4.000000,4.000000,4.000000,4.000000,4.000000,4.000000,4.000000,100.000000,,,,,,,,,,,,,,,,,,,,,,,,,,,,,,,,,,,,,,,,,,,,,,,,,,,,,,,,,,,,,,,,,,,,,,,,,,,,,,,,,,,,,,
1676060247.661434,1676060247.661934,48.000000,0.000000,4321.922852,4310.384766,4336.666504,4325.897461,4321.666504,4292.051270,4310.000000,4323.846191,4306.410156,4286.538574,4465.897461,4508.717773,4355.256348,4420.000000,0.000000,4.000000,85.000000,,,,0.000000,4.000000,4.000000,4.000000,4.000000,4.000000,4.000000,4.000000,4.000000,4.000000,4.000000,4.000000,4.000000,4.000000,4.000000,100.000000,,,,,,,,,,,,,,,,,,,,,,,,,,,,,,,,,,,,,,,,,,,,,,,,,,,,,,,,,,,,,,,,,,,,,,,,,,,,,,,,,,,,,,
1676060247.669243,1676060247.669743,49.000000,0.000000,4322.563965,4317.563965,4334.230957,4320.512695,4315.256348,4296.025879,4305.000000,4316.666504,4296.666504,4282.179688,4462.948730,4505.641113,4357.436035,4418.205078,0.000000,4.000000,85.000000,,,,0.000000,4.000000,4.000000,4.000000,4.000000,4.000000,4.000000,4.000000,4.000000,4.000000,4.000000,4.000000,4.000000,4.000000,4.000000,100.000000,,,,,,,,,,,,,,,,,,,,,,,,,,,,,,,,,,,,,,,,,,,,,,,,,,,,,,,,,,,,,,,,,,,,,,,,,,,,,,,,,,,,,,
1676060247.677051,1676060247.677651,50.000000,0.000000,4312.179688,4308.333496,4322.948730,4313.846191,4310.641113,4293.205078,4295.128418,4302.692383,4288.589844,4273.333496,4443.589844,4489.615234,4340.769043,4408.846191,0.000000,4.000000,85.000000,,,,0.000000,4.000000,4.000000,4.000000,4.000000,4.000000,4.000000,4.000000,4.000000,4.000000,4.000000,4.000000,4.000000,4.000000,4.000000,100.000000,,,,,,,,,,,,,,,,,,,,,,,,,,,,,,,,,,,,,,,,,,,,,,,,,,,,,,,,,,,,,,,,,,,,,,,,,,,,,,,,,,,,,,
1676060247.684859,1676060247.685460,51.000000,0.000000,4318.846191,4308.974121,4327.051270,4323.717773,4316.794922,4291.794922,4299.871582,4305.512695,4294.743652,4283.077148,4444.743652,4490.769043,4344.230957,4414.871582,0.000000,4.000000,85.000000,,,,0.000000,4.000000,4.000000,4.000000,4.000000,4.000000,4.000000,4.000000,4.000000,4.000000,4.000000,4.000000,4.000000,4.000000,4.000000,100.000000,,,,,,,,,,,,,,,,,,,,,,,,,,,,,,,,,,,,,,,,,,,,,,,,,,,,,,,,,,,,,,,,,,,,,,,,,,,,,,,,,,,,,,
1676060247.692668,1676060247.693368,52.000000,0.000000,4324.871582,4314.871582,4327.051270,4321.922852,4312.051270,4284.230957,4300.512695,4304.871582,4287.307617,4281.666504,4448.333496,4492.436035,4348.974121,4413.205078,0.000000,4.000000,85.000000,,,,0.000000,4.000000,4.000000,4.000000,4.000000,4.000000,4.000000,4.000000,4.000000,4.000000,4.000000,4.000000,4.000000,4.000000,4.000000,100.000000,,,,,,,,,,,,,,,,,,,,,,,,,,,,,,,,,,,,,,,,,,,,,,,,,,,,,,,,,,,,,,,,,,,,,,,,,,,,,,,,,,,,,,
1676060247.700476,1676060247.701176,53.000000,0.000000,4314.743652,4306.794922,4323.077148,4310.512695,4299.102539,4276.282227,4293.589844,4297.436035,4278.461426,4260.641113,4445.128418,4490.128418,4344.487305,4408.333496,0.000000,4.000000,85.000000,,,,0.000000,4.000000,4.000000,4.000000,4.000000,4.000000,4.000000,4.000000,4.000000,4.000000,4.000000,4.000000,4.000000,4.000000,4.000000,100.000000,,,,,,,,,,,,,,,,,,,,,,,,,,,,,,,,,,,,,,,,,,,,,,,,,,,,,,,,,,,,,,,,,,,,,,,,,,,,,,,,,,,,,,
1676060247.708285,1676060247.709085,54.000000,0.000000,4309.615234,4295.384766,4326.410156,4306.538574,4295.512695,4275.000000,4295.128418,4299.871582,4288.974121,4264.487305,4448.589844,4493.461426,4348.461426,4411.538574,0.000000,4.000000,85.000000,,,,0.000000,4.000000,4.000000,4.000000,4.000000,4.000000,4.000000,4.000000,4.000000,4.000000,4.000000,4.000000,4.000000,4.000000,4.000000,100.000000,,,,,,,,,,,,,,,,,,,,,,,,,,,,,,,,,,,,,,,,,,,,,,,,,,,,,,,,,,,,,,,,,,,,,,,,,,,,,,,,,,,,,,
1676060247.716093,1676060247.716893,55.000000,0.000000,4309.615234,4296.410156,4322.948730,4306.922852,4296.794922,4271.666504,4295.000000,4300.641113,4289.615234,4287.820313,4442.692383,4484.615234,4339.487305,4397.436035,0.000000,4.000000,85.000000,,,,0.000000,4.000000,4.000000,4.000000,4.000000,4.000000,4.000000,4.000000,4.000000,4.000000,4.000000,4.000000,4.000000,4.000000,4.000000,100.000000,,,,,,,,,,,,,,,,,,,,,,,,,,,,,,,,,,,,,,,,,,,,,,,,,,,,,,,,,,,,,,,,,,,,,,,,,,,,,,,,,,,,,,
1676060247.723901,1676060247.724602,56.000000,0.000000,4308.461426,4300.256348,4317.563965,4307.436035,4299.358887,4268.461426,4291.794922,4304.871582,4287.692383,4290.256348,4434.743652,4478.205078,4325.512695,4384.871582,0.000000,4.000000,85.000000,,,,0.000000,4.000000,4.000000,4.000000,4.000000,4.000000,4.000000,4.000000,4.000000,4.000000,4.000000,4.000000,4.000000,4.000000,4.000000,100.000000,,,,,,,,,,,,,,,,,,,,,,,,,,,,,,,,,,,,,,,,,,,,,,,,,,,,,,,,,,,,,,,,,,,,,,,,,,,,,,,,,,,,,,
1676060247.731710,1676060247.732410,57.000000,0.000000,4303.077148,4300.000000,4319.102539,4300.000000,4302.051270,4270.512695,4294.230957,4317.179688,4300.128418,4279.743652,4440.512695,4488.717773,4335.000000,4397.948730,0.000000,4.000000,85.000000,,,,0.000000,4.000000,4.000000,4.000000,4.000000,4.000000,4.000000,4.000000,4.000000,4.000000,4.000000,4.000000,4.000000,4.000000,4.000000,100.000000,,,,,,,,,,,,,,,,,,,,,,,,,,,,,,,,,,,,,,,,,,,,,,,,,,,,,,,,,,,,,,,,,,,,,,,,,,,,,,,,,,,,,,
1676060247.739518,1676060247.740119,58.000000,0.000000,4304.487305,4306.666504,4320.897461,4299.615234,4305.769043,4278.589844,4298.333496,4320.128418,4305.256348,4284.615234,4452.051270,4496.794922,4351.410156,4413.077148,0.000000,4.000000,85.000000,,,,0.000000,4.000000,4.000000,4.000000,4.000000,4.000000,4.000000,4.000000,4.000000,4.000000,4.000000,4.000000,4.000000,4.000000,4.000000,100.000000,,,,,,,,,,,,,,,,,,,,,,,,,,,,,,,,,,,,,,,,,,,,,,,,,,,,,,,,,,,,,,,,,,,,,,,,,,,,,,,,,,,,,,
1676060247.747326,1676060247.747927,59.000000,0.000000,4310.897461,4308.077148,4316.410156,4308.974121,4311.282227,4291.922852,4298.461426,4311.922852,4294.230957,4281.666504,4444.871582,4488.589844,4343.333496,4406.025879,0.000000,4.000000,85.000000,,,,0.000000,4.000000,4.000000,4.000000,4.000000,4.000000,4.000000,4.000000,4.000000,4.000000,4.000000,4.000000,4.000000,4.000000,4.000000,100.000000,,,,,,,,,,,,,,,,,,,,,,,,,,,,,,,,,,,,,,,,,,,,,,,,,,,,,,,,,,,,,,,,,,,,,,,,,,,,,,,,,,,,,,
1676060247.755135,1676060247.755636,60.000000,0.000000,4303.974121,4296.025879,4310.128418,4306.922852,4313.589844,4299.358887,4296.282227,4302.692383,4283.846191,4264.230957,4421.666504,4469.871582,4318.974121,4388.589844,0.000000,4.000000,85.000000,,,,0.000000,4.000000,4.000000,4.000000,4.000000,4.000000,4.000000,4.000000,4.000000,4.000000,4.000000,4.000000,4.000000,4.000000,4.000000,100.000000,,,,,,,,,,,,,,,,,,,,,,,,,,,,,,,,,,,,,,,,,,,,,,,,,,,,,,,,,,,,,,,,,,,,,,,,,,,,,,,,,,,,,,
1676060247.762943,1676060247.763444,61.000000,0.000000,4293.717773,4297.307617,4310.897461,4300.897461,4313.077148,4294.743652,4295.641113,4295.000000,4281.153809,4259.743652,4412.563965,4461.282227,4307.051270,4383.461426,0.000000,4.000000,85.000000,,,,0.000000,4.000000,4.000000,4.000000,4.000000,4.000000,4.000000,4.000000,4.000000,4.000000,4.000000,4.000000,4.000000,4.000000,4.000000,100.000000,,,,,,,,,,,,,,,,,,,,,,,,,,,,,,,,,,,,,,,,,,,,,,,,,,,,,,,,,,,,,,,,,,,,,,,,,,,,,,,,,,,,,,
1676060247.770751,1676060247.771153,62.000000,0.000000,4304.615234,4313.077148,4318.205078,4307.948730,4312.692383,4293.974121,4298.974121,4295.641113,4284.487305,4271.666504,4425.256348,4471.666504,4323.589844,4393.589844,0.000000,4.000000,85.000000,,,,0.000000,4.000000,4.000000,4.000000,4.000000,4.000000,4.000000,4.000000,4.000000,4.000000,4.000000,4.000000,4.000000,4.000000,4.000000,100.000000,,,,,,,,,,,,,,,,,1.851847,2.874633,2.136857,0.983831,1.030925,2.494503,3.724869,2.506207,1.030521,1.202804,1.979497,2.816655,2.244727,1.148981,1.013126,2.771311,2.927208,1.892368,0.821031,1.063739,0.917103,0.679771,0.730317,0.477803,0.475222,0.952580,1.025300,0.277398,0.245666,0.394149,0.735704,0.497420,0.902228,0.464330,0.459123,1.096448,1.584858,1.810223,0.767033,0.953952,0.848722,0.897670,0.949993,1.072582,0.757828,1.022244,0.889573,1.085698,0.665473,1.383114,10.160956,6.881930,3.205046,1.461496,1.574302,0.677296,3.026163,2.904953,1.551082,1.251152,0.771382,2.619050,4.163673,1.193934,1.614592,0.992785,3.791397,4.609275,1.440332,1.393939
1676060247.778560,1676060247.778961,63.000000,0.000000,4314.487305,4313.333496,4320.000000,4312.948730,4312.307617,4294.230957,4295.128418,4293.461426,4281.794922,4278.077148,4430.000000,4476.153809,4337.179688,4398.589844,0.000000,4.000000,85.000000,,,,0.000000,4.000000,4.000000,4.000000,4.000000,4.000000,4.000000,4.000000,4.000000,4.000000,4.000000,4.000000,4.000000,4.000000,4.000000,100.000000,,,,,,,,,,,,,,,,,,,,,,,,,,,,,,,,,,,,,,,,,,,,,,,,,,,,,,,,,,,,,,,,,,,,,,,,,,,,,,,,,,,,,,
1676060247.786368,1676060247.786670,64.000000,0.000000,4311.666504,4313.589844,4320.000000,4316.922852,4316.153809,4289.358887,4293.846191,4292.948730,4278.333496,4276.153809,4425.641113,4475.512695,4328.846191,4400.384766,2510.000000,4.000000,85.000000,,,,0.000000,4.000000,4.000000,4.000000,4.000000,4.000000,4.000000,4.000000,4.000000,4.000000,4.000000,4.000000,4.000000,4.000000,4.000000,100.000000,,,,,,,,,,,,,,,,,,,,,,,,,,,,,,,,,,,,,,,,,,,,,,,,,,,,,,,,,,,,,,,,,,,,,,,,,,,,,,,,,,,,,,
1676060247.794177,1676060247.794478,65.000000,0.000000,4312.948730,4320.512695,4320.384766,4321.410156,4318.846191,4282.820313,4298.077148,4300.769043,4283.846191,4276.025879,4430.384766,4482.179688,4324.358887,4405.897461,2463.000000,4.000000,85.000000,,,,0.000000,4.000000,4.000000,4.000000,4.000000,4.000000,4.000000,4.000000,4.000000,4.000000,4.000000,4.000000,4.000000,4.000000,4.000000,100.000000,,,,,,,,,,,,,,,,,,,,,,,,,,,,,,,,,,,,,,,,,,,,,,,,,,,,,,,,,,,,,,,,,,,,,,,,,,,,,,,,,,,,,,
1676060247.801985,1676060247.802187,66.000000,0.000000,4310.128418,4305.256348,4310.384766,4306.794922,4308.846191,4275.256348,4286.153809,4296.922852,4279.487305,4272.692383,4422.436035,4473.717773,4323.077148,4397.948730,2393.000000,4.000000,85.000000,,,,0.000000,4.000000,4.000000,4.000000,4.000000,4.000000,4.000000,4.000000,4.000000,4.000000,4.000000,4.000000,4.000000,4.000000,4.000000,100.000000,,,,,,,,,,,,,,,,,,,,,,,,,,,,,,,,,,,,,,,,,,,,,,,,,,,,,,,,,,,,,,,,,,,,,,,,,,,,,,,,,,,,,,
1676060247.809793,1676060247.809995,67.000000,0.000000,4321.282227,4310.769043,4318.333496,4313.589844,4309.102539,4283.974121,4287.948730,4302.563965,4285.897461,4278.974121,4427.563965,4482.051270,4337.563965,4410.000000,2446.000000,4.000000,85.000000,,,,0.000000,4.000000,4.000000,4.000000,4.000000,4.000000,4.000000,4.000000,4.000000,4.000000,4.000000,4.000000,4.000000,4.000000,4.000000,100.000000,,,,,,,,,,,,,,,,,,,,,,,,,,,,,,,,,,,,,,,,,,,,,,,,,,,,,,,,,,,,,,,,,,,,,,,,,,,,,,,,,,,,,,
1676060247.817602,1676060247.817704,68.000000,0.000000,4343.461426,4339.615234,4339.358887,4338.717773,4324.102539,4298.717773,4309.487305,4323.846191,4307.820313,4287.307617,4453.077148,4507.563965,4357.692383,4438.846191,2424.000000,4.000000,85.000000,,,,0.000000,4.000000,4.000000,4.000000,4.000000,4.000000,4.000000,4.000000,4.000000,4.000000,4.000000,4.000000,4.000000,4.000000,4.000000,100.000000,,,,,,,,,,,,,,,,,,,,,,,,,,,,,,,,,,,,,,,,,,,,,,,,,,,,,,,,,,,,,,,,,,,,,,,,,,,,,,,,,,,,,,
1676060247.825410,1676060247.825512,69.000000,0.000000,4327.436035,4327.436035,4327.307617,4323.333496,4327.179688,4297.692383,4306.666504,4314.487305,4294.615234,4277.820313,4440.256348,4490.512695,4337.436035,4423.205078,2368.000000,4.000000,85.000000,,,,0.000000,4.000000,4.000000,4.000000,4.000000,4.000000,4.000000,4.000000,4.000000,4.000000,4.000000,4.000000,4.000000,4.000000,4.000000,100.000000,,,,,,,,,,,,,,,,,,,,,,,,,,,,,,,,,,,,,,,,,,,,,,,,,,,,,,,,,,,,,,,,,,,,,,,,,,,,,,,,,,,,,,
1676060247.833218,1676060247.833221,70.000000,0.000000,4305.641113,4306.922852,4304.487305,4302.179688,4324.487305,4300.384766,4295.000000,4293.205078,4272.692383,4276.282227,4417.563965,4465.897461,4319.102539,4398.974121,2216.000000,4.000000,85.000000,,,,0.000000,4.000000,4.000000,4.000000,4.000000,4.000000,4.000000,4.000000,4.000000,4.000000,4.000000,4.000000,4.000000,4.000000,4.000000,100.000000,,,,,,,,,,,,,,,,,,,,,,,,,,,,,,,,,,,,,,,,,,,,,,,,,,,,,,,,,,,,,,,,,,,,,,,,,,,,,,,,,,,,,,
1676060247.841027,1676060247.841129,71.000000,0.000000,4317.948730,4314.102539,4305.641113,4309.871582,4319.487305,4307.692383,4301.538574,4295.897461,4285.128418,4283.077148,4422.692383,4471.410156,4335.512695,4408.589844,2232.000000,4.000000,85.000000,,,,0.000000,4.000000,4.000000,4.000000,4.000000,4.000000,4.000000,4.000000,4.000000,4.000000,4.000000,4.000000,4.000000,4.000000,4.000000,100.000000,,,,,,,,,,,,,,,,,,,,,,,,,,,,,,,,,,,,,,,,,,,,,,,,,,,,,,,,,,,,,,,,,,,,,,,,,,,,,,,,,,,,,,
1676060247.848835,1676060247.848938,72.000000,0.000000,4325.769043,4317.820313,4312.051270,4314.743652,4310.769043,4296.794922,4300.897461,4298.589844,4293.333496,4272.820313,4416.282227,4467.948730,4330.000000,4405.384766,2269.000000,4.000000,85.000000,,,,0.000000,4.000000,4.000000,4.000000,4.000000,4.000000,4.000000,4.000000,4.000000,4.000000,4.000000,4.000000,4.000000,4.000000,4.000000,100.000000,,,,,,,,,,,,,,,,,,,,,,,,,,,,,,,,,,,,,,,,,,,,,,,,,,,,,,,,,,,,,,,,,,,,,,,,,,,,,,,,,,,,,,
1676060247.856644,1676060247.856846,73.000000,0.000000,4320.769043,4318.589844,4316.666504,4312.692383,4315.256348,4286.794922,4291.794922,4296.538574,4282.051270,4266.666504,4410.641113,4462.051270,4314.102539,4389.358887,2246.000000,4.000000,85.000000,,,,0.000000,4.000000,4.000000,4.000000,4.000000,4.000000,4.000000,4.000000,4.000000,4.000000,4.000000,4.000000,4.000000,4.000000,4.000000,100.000000,,,,,,,,,,,,,,,,,,,,,,,,,,,,,,,,,,,,,,,,,,,,,,,,,,,,,,,,,,,,,,,,,,,,,,,,,,,,,,,,,,,,,,
1676060247.864452,1676060247.864654,74.000000,0.000000,4331.282227,4325.128418,4326.922852,4318.846191,4322.051270,4289.871582,4296.410156,4307.948730,4284.871582,4278.717773,4437.948730,4483.846191,4344.102539,4412.692383,2750.000000,4.000000,85.000000,,,,0.000000,4.000000,4.000000,4.000000,4.000000,4.000000,4.000000,4.000000,4.000000,4.000000,4.000000,4.000000,4.000000,4.000000,4.000000,100.000000,,,,,,,,,,,,,,,,,,,,,,,,,,,,,,,,,,,,,,,,,,,,,,,,,,,,,,,,,,,,,,,,,,,,,,,,,,,,,,,,,,,,,,
1676060247.872260,1676060247.872563,75.000000,0.000000,4343.205078,4317.820313,4331.153809,4325.641113,4316.153809,4286.666504,4301.025879,4316.410156,4297.563965,4288.974121,4458.974121,4501.153809,4380.256348,4446.282227,2909.000000,4.000000,85.000000,,,,0.000000,4.000000,4.000000,4.000000,4.000000,4.000000,4.000000,4.000000,4.000000,4.000000,4.000000,4.000000,4.000000,4.000000,4.000000,100.000000,,,,,,,,,,,,,,,,,,,,,,,,,,,,,,,,,,,,,,,,,,,,,,,,,,,,,,,,,,,,,,,,,,,,,,,,,,,,,,,,,,,,,,
1676060247.880069,1676060247.880371,76.000000,0.000000,4339.871582,4306.922852,4325.641113,4323.589844,4310.384766,4278.717773,4295.384766,4309.102539,4296.794922,4284.230957,4448.333496,4491.794922,4367.436035,4438.205078,3131.000000,4.000000,85.000000,,,,0.000000,4.000000,4.000000,4.000000,4.000000,4.000000,4.000000,4.000000,4.000000,4.000000,4.000000,4.000000,4.000000,4.000000,4.000000,100.000000,,,,,,,,,,,,,,,,,,,,,,,,,,,,,,,,,,,,,,,,,,,,,,,,,,,,,,,,,,,,,,,,,,,,,,,,,,,,,,,,,,,,,,
1676060247.887877,1676060247.888279,77.000000,0.000000,4341.794922,4313.077148,4326.153809,4320.897461,4312.563965,4283.333496,4293.717773,4305.000000,4292.307617,4273.461426,4437.948730,4486.922852,4341.153809,4420.256348,3236.000000,4.000000,85.000000,,,,0.000000,4.000000,4.000000,4.000000,4.000000,4.000000,4.000000,4.000000,4.000000,4.000000,4.000000,4.000000,4.000000,4.000000,4.000000,100.000000,,,,,,,,,,,,,,,,,,,,,,,,,,,,,,,,,,,,,,,,,,,,,,,,,,,,,,,,,,,,,,,,,,,,,,,,,,,,,,,,,,,,,,
1676060247.895686,1676060247.896088,78.000000,0.000000,4352.820313,4314.487305,4330.256348,4323.205078,4311.410156,4293.205078,4299.487305,4312.179688,4300.641113,4280.256348,4447.051270,4501.922852,4351.666504,4430.897461,2750.000000,4.000000,85.000000,,,,0.000000,4.000000,4.000000,4.000000,4.000000,4.000000,4.000000,4.000000,4.000000,4.000000,4.000000,4.000000,4.000000,4.000000,4.000000,100.000000,1.000000,75.000000,4.000000,4.000000,4.000000,4.000000,4.000000,4.000000,4.000000,4.000000,4.000000,3.000000,4.000000,3.000000,3.000000,3.000000,1.857303,3.029454,1.893095,0.739464,0.988822,2.997766,3.846828,2.532563,0.909560,1.184235,2.122590,2.724844,1.932132,0.916898,0.995071,2.895844,3.184407,1.879695,0.669737,1.066355,1.148048,0.616007,0.667104,0.406259,0.456408,1.168613,0.902236,0.191712,0.200797,0.408538,0.874744,0.421009,0.766676,0.434062,0.454269,1.439288,1.629960,2.120955,0.675451,0.923993,1.013035,0.665467,1.017962,0.897267,0.736881,1.105482,0.712759,1.264940,0.727817,1.331528,12.237164,7.213669,3.247043,1.092011,1.574515,0.554645,2.807897,2.630928,1.108262,1.236139,0.654841,2.820658,4.025444,0.870833,1.644493,1.109922,4.024123,4.222661,0.987995,1.396432
1676060247.903494,1676060247.903996,79.000000,0.000000,4341.282227,4290.128418,4309.230957,4313.589844,4297.820313,4284.358887,4290.256348,4298.846191,4291.922852,4285.384766,4445.128418,4494.615234,4363.717773,4433.589844,2909.000000,4.000000,85.000000,,,,0.000000,4.000000,4.000000,4.000000,4.000000,4.000000,4.000000,4.000000,4.000000,4.000000,4.000000,4.000000,4.000000,4.000000,4.000000,100.000000,,,,,,,,,,,,,,,,,,,,,,,,,,,,,,,,,,,,,,,,,,,,,,,,,,,,,,,,,,,,,,,,,,,,,,,,,,,,,,,,,,,,,,
1676060247.911302,1676060247.911805,80.000000,0.000000,4310.897461,4260.256348,4276.153809,4291.538574,4281.282227,4268.077148,4266.282227,4266.922852,4256.794922,4256.794922,4416.153809,4460.128418,4336.025879,4407.436035,3131.000000,4.000000,85.000000,,,,0.000000,4.000000,4.000000,4.000000,4.000000,4.000000,4.000000,4.000000,4.000000,4.000000,4.000000,4.000000,4.000000,4.000000,4.000000,100.000000,,,,,,,,,,,,,,,,,,,,,,,,,,,,,,,,,,,,,,,,,,,,,,,,,,,,,,,,,,,,,,,,,,,,,,,,,,,,,,,,,,,,,,
1676060247.919111,1676060247.919713,81.000000,0.000000,4297.692383,4252.820313,4269.487305,4287.051270,4271.666504,4260.128418,4256.538574,4256.538574,4238.717773,4228.077148,4388.589844,4446.282227,4304.615234,4386.922852,3236.000000,4.000000,85.000000,,,,0.000000,4.000000,4.000000,4.000000,4.000000,4.000000,4.000000,4.000000,4.000000,4.000000,4.000000,4.000000,4.000000,4.000000,4.000000,100.000000,,,,,,,,,,,,,,,,,,,,,,,,,,,,,,,,,,,,,,,,,,,,,,,,,,,,,,,,,,,,,,,,,,,,,,,,,,,,,,,,,,,,,,
1676060247.926919,1676060247.927522,82.000000,0.000000,4309.102539,4260.384766,4283.077148,4302.820313,4272.563965,4258.589844,4265.512695,4266.282227,4248.461426,4231.666504,4388.205078,4460.641113,4311.153809,4392.307617,2750.000000,4.000000,85.000000,,,,0.000000,4.000000,4.000000,4.000000,4.000000,4.000000,4.000000,4.000000,4.000000,4.000000,4.000000,4.000000,4.000000,4.000000,4.000000,100.000000,,,,,,,,,,,,,,,,,,,,,,,,,,,,,,,,,,,,,,,,,,,,,,,,,,,,,,,,,,,,,,,,,,,,,,,,,,,,,,,,,,,,,,
1676060247.934728,1676060247.935230,83.000000,0.000000,4329.358887,4271.282227,4301.282227,4322.307617,4290.256348,4271.922852,4283.333496,4283.717773,4269.102539,4256.922852,4421.153809,4493.589844,4345.000000,4425.769043,2909.000000,4.000000,85.000000,,,,0.000000,4.000000,4.000000,4.000000,4.000000,4.000000,4.000000,4.000000,4.000000,4.000000,4.000000,4.000000,4.000000,4.000000,4.000000,100.000000,,,,,,,,,,,,,,,,,,,,,,,,,,,,,,,,,,,,,,,,,,,,,,,,,,,,,,,,,,,,,,,,,,,,,,,,,,,,,,,,,,,,,,
1676060247.942536,1676060247.943039,84.000000,0.000000,4344.230957,4285.897461,4316.922852,4337.692383,4308.205078,4289.102539,4294.743652,4301.666504,4287.307617,4278.974121,4457.948730,4525.256348,4372.563965,4461.538574,3131.000000,4.000000,85.000000,,,,0.000000,4.000000,4.000000,4.000000,4.000000,4.000000,4.000000,4.000000,4.000000,4.000000,4.000000,4.000000,4.000000,4.000000,4.000000,100.000000,,,,,,,,,,,,,,,,,,,,,,,,,,,,,,,,,,,,,,,,,,,,,,,,,,,,,,,,,,,,,,,,,,,,,,,,,,,,,,,,,,,,,,
1676060247.950344,1676060247.950747,85.000000,0.000000,4340.897461,4286.153809,4316.153809,4338.589844,4300.769043,4283.333496,4288.974121,4297.436035,4286.922852,4275.256348,4453.333496,4520.769043,4371.282227,4458.589844,3236.000000,4.000000,85.000000,,,,0.000000,4.000000,4.000000,4.000000,4.000000,4.000000,4.000000,4.000000,4.000000,4.000000,4.000000,4.000000,4.000000,4.000000,4.000000,100.000000,,,,,,,,,,,,,,,,,,,,,,,,,,,,,,,,,,,,,,,,,,,,,,,,,,,,,,,,,,,,,,,,,,,,,,,,,,,,,,,,,,,,,,
1676060247.958153,1676060247.958556,86.000000,0.000000,4338.077148,4283.974121,4310.128418,4335.384766,4289.358887,4266.922852,4277.820313,4284.871582,4277.820313,4265.769043,4433.205078,4504.102539,4356.025879,4440.897461,2750.000000,4.000000,85.000000,,,,0.000000,4.000000,4.000000,4.000000,4.000000,4.000000,4.000000,4.000000,4.000000,4.000000,4.000000,4.000000,4.000000,4.000000,4.000000,100.000000,,,,,,,,,,,,,,,,,,,,,,,,,,,,,,,,,,,,,,,,,,,,,,,,,,,,,,,,,,,,,,,,,,,,,,,,,,,,,,,,,,,,,,
1676060247.965961,1676060247.966264,87.000000,0.000000,4347.436035,4298.589844,4314.102539,4345.000000,4296.538574,4270.128418,4278.974121,4287.436035,4277.307617,4273.205078,4434.358887,4510.512695,4350.641113,4442.179688,2909.000000,4.000000,85.000000,,,,0.000000,4.000000,4.000000,4.000000,4.000000,4.000000,4.000000,4.000000,4.000000,4.000000,4.000000,4.000000,4.000000,4.000000,4.000000,100.000000,,,,,,,,,,,,,,,,,,,,,,,,,,,,,,,,,,,,,,,,,,,,,,,,,,,,,,,,,,,,,,,,,,,,,,,,,,,,,,,,,,,,,,
1676060247.973770,1676060247.974073,88.000000,0.000000,4362.692383,4325.897461,4333.717773,4365.641113,4315.384766,4296.282227,4302.563965,4304.871582,4294.230957,4292.307617,4450.256348,4535.128418,4361.794922,4458.077148,3131.000000,4.000000,85.000000,,,,0.000000,4.000000,4.000000,4.000000,4.000000,4.000000,4.000000,4.000000,4.000000,4.000000,4.000000,4.000000,4.000000,4.000000,4.000000,100.000000,,,,,,,,,,,,,,,,,,,,,,,,,,,,,,,,,,,,,,,,,,,,,,,,,,,,,,,,,,,,,,,,,,,,,,,,,,,,,,,,,,,,,,
1676060247.981578,1676060247.981781,89.000000,0.000000,4380.769043,4354.615234,4359.615234,4387.179688,4332.051270,4321.666504,4333.974121,4330.512695,4316.025879,4300.897461,4470.000000,4563.461426,4380.384766,4478.205078,3236.000000,4.000000,85.000000,,,,0.000000,4.000000,4.000000,4.000000,4.000000,4.000000,4.000000,4.000000,4.000000,4.000000,4.000000,4.000000,4.000000,4.000000,4.000000,100.000000,,,,,,,,,,,,,,,,,,,,,,,,,,,,,,,,,,,,,,,,,,,,,,,,,,,,,,,,,,,,,,,,,,,,,,,,,,,,,,,,,,,,,,
1676060247.989386,1676060247.989590,90.000000,0.000000,4379.358887,4355.512695,4361.794922,4385.897461,4326.922852,4323.846191,4337.820313,4339.487305,4317.179688,4289.358887,4475.512695,4568.974121,4379.358887,4481.922852,2750.000000,4.000000,85.000000,,,,0.000000,4.000000,4.000000,4.000000,4.000000,4.000000,4.000000,4.000000,4.000000,4.000000,4.000000,4.000000,4.000000,4.000000,4.000000,100.000000,,,,,,,,,,,,,,,,,,,,,,,,,,,,,,,,,,,,,,,,,,,,,,,,,,,,,,,,,,,,,,,,,,,,,,,,,,,,,,,,,,,,,,
1676060247.997195,1676060247.997298,91.000000,0.000000,4358.717773,4333.974121,4341.410156,4366.794922,4302.179688,4310.384766,4315.128418,4318.717773,4300.384766,4283.205078,4458.717773,4545.128418,4364.230957,4465.128418,2909.000000,4.000000,85.000000,,,,0.000000,4.000000,4.000000,4.000000,4.000000,4.000000,4.000000,4.000000,4.000000,4.000000,4.000000,4.000000,4.000000,4.000000,4.000000,100.000000,,,,,,,,,,,,,,,,,,,,,,,,,,,,,,,,,,,,,,,,,,,,,,,,,,,,,,,,,,,,,,,,,,,,,,,,,,,,,,,,,,,,,,
1676060248.005003,1676060248.005106,92.000000,0.000000,4350.384766,4323.974121,4335.512695,4354.871582,4290.641113,4303.974121,4304.358887,4306.922852,4294.871582,4295.897461,4449.102539,4534.102539,4359.743652,4452.179688,3131.000000,4.000000,85.000000,,,,0.000000,4.000000,4.000000,4.000000,4.000000,4.000000,4.000000,4.000000,4.000000,4.000000,4.000000,4.000000,4.000000,4.000000,4.000000,100.000000,,,,,,,,,,,,,,,,,,,,,,,,,,,,,,,,,,,,,,,,,,,,,,,,,,,,,,,,,,,,,,,,,,,,,,,,,,,,,,,,,,,,,,
1676060248.012811,1676060248.012815,93.000000,0.000000,4355.256348,4324.615234,4341.025879,4350.769043,4294.871582,4298.974121,4311.153809,4319.487305,4303.717773,4300.897461,4464.230957,4545.769043,4366.282227,4457.307617,3236.000000,4.000000,85.000000,,,,0.000000,4.000000,4.000000,4.000000,4.000000,4.000000,4.000000,4.000000,4.000000,4.000000,4.000000,4.000000,4.000000,4.000000,4.000000,100.000000,,,,,,,,,,,,,,,,,,,,,,,,,,,,,,,,,,,,,,,,,,,,,,,,,,,,,,,,,,,,,,,,,,,,,,,,,,,,,,,,,,,,,,
1676060248.020620,1676060248.020723,94.000000,0.000000,4351.538574,4318.333496,4333.333496,4346.025879,4292.563965,4296.025879,4309.487305,4318.589844,4296.282227,4281.794922,4480.512695,4541.153809,4368.461426,4458.333496,2750.000000,4.000000,85.000000,,,,0.000000,4.000000,4.000000,4.000000,4.000000,4.000000,4.000000,4.000000,4.000000,4.000000,4.000000,4.000000,4.000000,4.000000,4.000000,100.000000,,,,,,,,,,,,,,,,,1.885077,3.035807,1.692459,0.583934,0.935432,3.622143,3.918454,2.460519,0.866439,1.120812,2.256783,2.585663,1.678672,0.759102,0.940541,3.063809,3.400625,1.844949,0.607818,1.038273,1.346628,0.638989,0.636567,0.372097,0.446518,1.317969,0.822171,0.172014,0.188811,0.431670,1.014759,0.385724,0.659293,0.419308,0.458320,1.727976,1.677548,2.323678,0.619376,0.873760,1.109569,0.575593,1.106305,0.787384,0.701330,1.128791,0.633316,1.457738,0.858642,1.250251,13.101728,7.140987,3.372016,0.839301,1.535966,0.549169,2.638038,2.484934,0.819771,1.201130,0.641688,3.133797,3.723634,0.650662,1.604446,1.229662,4.041341,3.795006,0.704320,1.350972
1676060248.028428,1676060248.028532,95.000000,0.000000,4343.205078,4310.384766,4319.487305,4342.563965,4290.512695,4295.000000,4296.922852,4303.077148,4279.230957,4270.641113,4481.538574,4521.025879,4359.487305,4442.692383,2909.000000,4.000000,85.000000,,,,0.000000,4.000000,4.000000,4.000000,4.000000,4.000000,4.000000,4.000000,4.000000,4.000000,4.000000,4.000000,4.000000,4.000000,4.000000,100.000000,,,,,,,,,,,,,,,,,,,,,,,,,,,,,,,,,,,,,,,,,,,,,,,,,,,,,,,,,,,,,,,,,,,,,,,,,,,,,,,,,,,,,,
1676060248.036236,1676060248.036440,96.000000,0.000000,4344.743652,4313.589844,4317.051270,4345.256348,4302.563965,4284.487305,4296.410156,4305.512695,4287.436035,4282.307617,4488.974121,4520.384766,4357.948730,4439.743652,3131.000000,4.000000,85.000000,,,,0.000000,4.000000,4.000000,4.000000,4.000000,4.000000,4.000000,4.000000,4.000000,4.000000,4.000000,4.000000,4.000000,4.000000,4.000000,100.000000,,,,,,,,,,,,,,,,,,,,,,,,,,,,,,,,,,,,,,,,,,,,,,,,,,,,,,,,,,,,,,,,,,,,,,,,,,,,,,,,,,,,,,
1676060248.044045,1676060248.044249,97.000000,0.000000,4334.102539,4312.179688,4311.025879,4341.410156,4313.589844,4276.153809,4294.358887,4304.230957,4293.205078,4275.897461,4488.461426,4512.948730,4353.974121,4438.333496,3236.000000,4.000000,85.000000,,,,0.000000,4.000000,4.000000,4.000000,4.000000,4.000000,4.000000,4.000000,4.000000,4.000000,4.000000,4.000000,4.000000,4.000000,4.000000,100.000000,,,,,,,,,,,,,,,,,,,,,,,,,,,,,,,,,,,,,,,,,,,,,,,,,,,,,,,,,,,,,,,,,,,,,,,,,,,,,,,,,,,,,,
1676060248.051853,1676060248.052157,98.000000,0.000000,4306.666504,4296.025879,4288.974121,4325.256348,4311.153809,4281.538574,4275.512695,4276.538574,4265.512695,4249.102539,4463.461426,4476.794922,4330.641113,4409.102539,2750.000000,4.000000,85.000000,,,,0.000000,4.000000,4.000000,4.000000,4.000000,4.000000,4.000000,4.000000,4.000000,4.000000,4.000000,4.000000,4.000000,4.000000,4.000000,100.000000,,,,,,,,,,,,,,,,,,,,,,,,,,,,,,,,,,,,,,,,,,,,,,,,,,,,,,,,,,,,,,,,,,,,,,,,,,,,,,,,,,,,,,
1676060248.059662,1676060248.059965,99.000000,0.000000,4316.153809,4299.743652,4298.333496,4332.051270,4313.974121,4290.256348,4284.743652,4280.000000,4268.077148,4264.743652,4474.230957,4484.487305,4337.948730,4413.589844,2909.000000,4.000000,85.000000,,,,0.000000,4.000000,4.000000,4.000000,4.000000,4.000000,4.000000,4.000000,4.000000,4.000000,4.000000,4.000000,4.000000,4.000000,4.000000,100.000000,,,,,,,,,,,,,,,,,,,,,,,,,,,,,,,,,,,,,,,,,,,,,,,,,,,,,,,,,,,,,,,,,,,,,,,,,,,,,,,,,,,,,,
1676060248.067470,1676060248.067874,100.000000,0.000000,4364.230957,4334.230957,4348.461426,4369.743652,4330.256348,4297.436035,4320.256348,4322.563965,4312.820313,4308.717773,4528.974121,4545.641113,4387.820313,4470.897461,3131.000000,4.000000,85.000000,,,,0.000000,4.000000,4.000000,4.000000,4.000000,4.000000,4.000000,4.000000,4.000000,4.000000,4.000000,4.000000,4.000000,4.000000,4.000000,100.000000,,,,,,,,,,,,,,,,,,,,,,,,,,,,,,,,,,,,,,,,,,,,,,,,,,,,,,,,,,,,,,,,,,,,,,,,,,,,,,,,,,,,,,
1676060248.075278,1676060248.075682,101.000000,0.000000,4375.128418,4345.897461,4363.717773,4378.717773,4333.717773,4303.461426,4322.179688,4329.487305,4315.641113,4308.333496,4533.589844,4558.717773,4399.230957,4485.384766,3236.000000,4.000000,85.000000,,,,0.000000,4.000000,4.000000,4.000000,4.000000,4.000000,4.000000,4.000000,4.000000,4.000000,4.000000,4.000000,4.000000,4.000000,4.000000,100.000000,,,,,,,,,,,,,,,,,,,,,,,,,,,,,,,,,,,,,,,,,,,,,,,,,,,,,,,,,,,,,,,,,,,,,,,,,,,,,,,,,,,,,,
1676060248.083087,1676060248.083591,102.000000,0.000000,4345.128418,4322.692383,4334.615234,4349.743652,4315.512695,4302.692383,4299.615234,4302.179688,4288.205078,4291.153809,4491.282227,4520.641113,4372.692383,4448.333496,2750.000000,4.000000,85.000000,,,,0.000000,4.000000,4.000000,4.000000,4.000000,4.000000,4.000000,4.000000,4.000000,4.000000,4.000000,4.000000,4.000000,4.000000,4.000000,100.000000,,,,,,,,,,,,,,,,,,,,,,,,,,,,,,,,,,,,,,,,,,,,,,,,,,,,,,,,,,,,,,,,,,,,,,,,,,,,,,,,,,,,,,
1676060248.090895,1676060248.091399,103.000000,0.000000,4330.128418,4312.307617,4319.743652,4339.230957,4298.205078,4293.077148,4293.205078,4291.410156,4279.743652,4281.922852,4476.410156,4505.256348,4365.000000,4431.410156,2909.000000,4.000000,85.000000,,,,0.000000,4.000000,4.000000,4.000000,4.000000,4.000000,4.000000,4.000000,4.000000,4.000000,4.000000,4.000000,4.000000,4.000000,4.000000,100.000000,,,,,,,,,,,,,,,,,,,,,,,,,,,,,,,,,,,,,,,,,,,,,,,,,,,,,,,,,,,,,,,,,,,,,,,,,,,,,,,,,,,,,,
1676060248.098704,1676060248.099307,104.000000,0.000000,4327.051270,4313.846191,4322.563965,4343.461426,4294.358887,4289.743652,4293.333496,4295.000000,4276.153809,4265.769043,4474.102539,4507.820313,4361.410156,4433.205078,3131.000000,4.000000,85.000000,,,,0.000000,4.000000,4.000000,4.000000,4.000000,4.000000,4.000000,4.000000,4.000000,4.000000,4.000000,4.000000,4.000000,4.000000,4.000000,100.000000,,,,,,,,,,,,,,,,,,,,,,,,,,,,,,,,,,,,,,,,,,,,,,,,,,,,,,,,,,,,,,,,,,,,,,,,,,,,,,,,,,,,,,
1676060248.106512,1676060248.107116,105.000000,0.000000,4324.871582,4307.307617,4322.820313,4335.641113,4296.666504,4296.153809,4295.641113,4305.512695,4286.794922,4281.153809,4475.769043,4511.410156,4364.871582,4435.641113,3236.000000,4.000000,85.000000,,,,0.000000,4.000000,4.000000,4.000000,4.000000,4.000000,4.000000,4.000000,4.000000,4.000000,4.000000,4.000000,4.000000,4.000000,4.000000,100.000000,,,,,,,,,,,,,,,,,,,,,,,,,,,,,,,,,,,,,,,,,,,,,,,,,,,,,,,,,,,,,,,,,,,,,,,,,,,,,,,,,,,,,,
1676060248.114320,1676060248.115024,106.000000,0.000000,4324.487305,4298.077148,4321.410156,4325.769043,4291.922852,4293.205078,4299.615234,4311.538574,4301.025879,4305.512695,4481.025879,4512.179688,4372.051270,4434.358887,2750.000000,4.000000,85.000000,,,,0.000000,4.000000,4.000000,4.000000,4.000000,4.000000,4.000000,4.000000,4.000000,4.000000,4.000000,4.000000,4.000000,4.000000,4.000000,100.000000,,,,,,,,,,,,,,,,,,,,,,,,,,,,,,,,,,,,,,,,,,,,,,,,,,,,,,,,,,,,,,,,,,,,,,,,,,,,,,,,,,,,,,
1676060248.122129,1676060248.122833,107.000000,0.000000,4315.512695,4290.128418,4310.512695,4319.358887,4283.717773,4280.256348,4291.410156,4296.538574,4284.871582,4282.179688,4459.871582,4495.128418,4351.538574,4421.538574,2909.000000,4.000000,85.000000,,,,0.000000,4.000000,4.000000,4.000000,4.000000,4.000000,4.000000,4.000000,4.000000,4.000000,4.000000,4.000000,4.000000,4.000000,4.000000,100.000000,,,,,,,,,,,,,,,,,,,,,,,,,,,,,,,,,,,,,,,,,,,,,,,,,,,,,,,,,,,,,,,,,,,,,,,,,,,,,,,,,,,,,,
1676060248.129937,1676060248.130541,108.000000,0.000000,4318.589844,4294.102539,4310.769043,4326.794922,4287.820313,4282.436035,4292.563965,4295.000000,4277.179688,4268.974121,4451.153809,4496.025879,4347.820313,4424.487305,3131.000000,4.000000,85.000000,,,,0.000000,4.000000,4.000000,4.000000,4.000000,4.000000,4.000000,4.000000,4.000000,4.000000,4.000000,4.000000,4.000000,4.000000,4.000000,100.000000,,,,,,,,,,,,,,,,,,,,,,,,,,,,,,,,,,,,,,,,,,,,,,,,,,,,,,,,,,,,,,,,,,,,,,,,,,,,,,,,,,,,,,
1676060248.137746,1676060248.138350,109.000000,0.000000,4336.538574,4302.307617,4325.256348,4339.615234,4298.333496,4294.615234,4302.436035,4305.769043,4288.205078,4286.538574,4469.487305,4513.974121,4368.589844,4438.205078,3236.000000,4.000000,85.000000,,,,0.000000,4.000000,4.000000,4.000000,4.000000,4.000000,4.000000,4.000000,4.000000,4.000000,4.000000,4.000000,4.000000,4.000000,4.000000,100.000000,,,,,,,,,,,,,,,,,,,,,,,,,,,,,,,,,,,,,,,,,,,,,,,,,,,,,,,,,,,,,,,,,,,,,,,,,,,,,,,,,,,,,,
1676060248.145554,1676060248.146058,110.000000,0.000000,4331.282227,4293.589844,4314.743652,4327.948730,4297.179688,4290.641113,4289.230957,4290.897461,4276.410156,4277.563965,4458.589844,4497.436035,4361.025879,4426.538574,2750.000000,4.000000,85.000000,,,,0.000000,4.000000,4.000000,4.000000,4.000000,4.000000,4.000000,4.000000,4.000000,4.000000,4.000000,4.000000,4.000000,4.000000,4.000000,100.000000,,,,,,,,,,,,,,,,,1.864680,2.851865,1.508997,0.518843,0.887042,4.280206,3.856944,2.262493,0.892959,1.023047,2.265284,2.363414,1.493131,0.674046,0.862678,3.095320,3.466496,1.753629,0.627676,0.990315,1.471236,0.732676,0.642083,0.367749,0.444815,1.375671,0.804496,0.241065,0.197263,0.459391,1.112320,0.386199,0.599387,0.408431,0.469800,1.836482,1.681922,2.419209,0.581520,0.812385,1.098613,0.569808,1.202208,0.729397,0.656215,1.062583,0.591456,1.647833,1.011186,1.156967,12.391650,6.492657,3.575027,0.718817,1.469761,0.594570,2.424674,2.480949,0.688095,1.151360,0.685030,3.325045,3.345029,0.550576,1.507583,1.305612,3.754969,3.375049,0.598551,1.270836
1676060248.153362,1676060248.153867,111.000000,0.000000,4300.512695,4268.461426,4287.051270,4302.436035,4285.128418,4274.615234,4269.358887,4273.717773,4260.384766,4255.000000,4420.897461,4465.512695,4328.333496,4396.922852,2909.000000,4.000000,85.000000,,,,0.000000,4.000000,4.000000,4.000000,4.000000,4.000000,4.000000,4.000000,4.000000,4.000000,4.000000,4.000000,4.000000,4.000000,4.000000,100.000000,,,,,,,,,,,,,,,,,,,,,,,,,,,,,,,,,,,,,,,,,,,,,,,,,,,,,,,,,,,,,,,,,,,,,,,,,,,,,,,,,,,,,,
1676060248.161171,1676060248.161575,112.000000,0.000000,4306.025879,4271.794922,4300.641113,4316.794922,4294.358887,4276.538574,4286.410156,4296.153809,4281.922852,4271.666504,4433.333496,4489.487305,4335.128418,4407.179688,3131.000000,4.000000,85.000000,,,,0.000000,4.000000,4.000000,4.000000,4.000000,4.000000,4.000000,4.000000,4.000000,4.000000,4.000000,4.000000,4.000000,4.000000,4.000000,100.000000,,,,,,,,,,,,,,,,,,,,,,,,,,,,,,,,,,,,,,,,,,,,,,,,,,,,,,,,,,,,,,,,,,,,,,,,,,,,,,,,,,,,,,
1676060248.168979,1676060248.169483,113.000000,0.000000,4337.820313,4301.666504,4331.025879,4345.256348,4314.102539,4291.025879,4307.307617,4322.436035,4305.384766,4295.512695,4478.589844,4528.717773,4376.410156,4449.102539,3236.000000,4.000000,85.000000,,,,0.000000,4.000000,4.000000,4.000000,4.000000,4.000000,4.000000,4.000000,4.000000,4.000000,4.000000,4.000000,4.000000,4.000000,4.000000,100.000000,,,,,,,,,,,,,,,,,,,,,,,,,,,,,,,,,,,,,,,,,,,,,,,,,,,,,,,,,,,,,,,,,,,,,,,,,,,,,,,,,,,,,,
1676060248.176788,1676060248.177292,114.000000,0.000000,4312.692383,4281.794922,4296.282227,4310.897461,4291.922852,4277.307617,4276.410156,4291.538574,4272.563965,4258.077148,4450.512695,4481.794922,4363.205078,4421.794922,2750.000000,4.000000,85.000000,,,,0.000000,4.000000,4.000000,4.000000,4.000000,4.000000,4.000000,4.000000,4.000000,4.000000,4.000000,4.000000,4.000000,4.000000,4.000000,100.000000,,,,,,,,,,,,,,,,,,,,,,,,,,,,,,,,,,,,,,,,,,,,,,,,,,,,,,,,,,,,,,,,,,,,,,,,,,,,,,,,,,,,,,
1676060248.184596,1676060248.185200,115.000000,0.000000,4265.512695,4236.153809,4246.922852,4264.871582,4261.282227,4255.512695,4246.410156,4252.692383,4235.897461,4219.230957,4389.102539,4422.179688,4314.615234,4359.615234,2909.000000,4.000000,85.000000,,,,0.000000,4.000000,4.000000,4.000000,4.000000,4.000000,4.000000,4.000000,4.000000,4.000000,4.000000,4.000000,4.000000,4.000000,4.000000,100.000000,,,,,,,,,,,,,,,,,,,,,,,,,,,,,,,,,,,,,,,,,,,,,,,,,,,,,,,,,,,,,,,,,,,,,,,,,,,,,,,,,,,,,,
1676060248.192404,1676060248.193009,116.000000,0.000000,4283.333496,4255.512695,4271.153809,4287.948730,4281.794922,4273.333496,4276.538574,4279.102539,4269.230957,4262.692383,4415.897461,4460.384766,4336.794922,4385.641113,3131.000000,4.000000,85.000000,,,,0.000000,4.000000,4.000000,4.000000,4.000000,4.000000,4.000000,4.000000,4.000000,4.000000,4.000000,4.000000,4.000000,4.000000,4.000000,100.000000,,,,,,,,,,,,,,,,,,,,,,,,,,,,,,,,,,,,,,,,,,,,,,,,,,,,,,,,,,,,,,,,,,,,,,,,,,,,,,,,,,,,,,
1676060248.200213,1676060248.200917,117.000000,0.000000,4326.666504,4303.589844,4316.282227,4333.846191,4312.692383,4302.820313,4312.436035,4327.051270,4318.077148,4314.615234,4486.538574,4524.615234,4403.589844,4448.205078,3236.000000,4.000000,85.000000,,,,0.000000,4.000000,4.000000,4.000000,4.000000,4.000000,4.000000,4.000000,4.000000,4.000000,4.000000,4.000000,4.000000,4.000000,4.000000,100.000000,,,,,,,,,,,,,,,,,,,,,,,,,,,,,,,,,,,,,,,,,,,,,,,,,,,,,,,,,,,,,,,,,,,,,,,,,,,,,,,,,,,,,,
1676060248.208021,1676060248.208726,118.000000,0.000000,4313.974121,4299.102539,4310.384766,4328.333496,4305.384766,4299.358887,4305.897461,4322.948730,4307.692383,4296.410156,4481.922852,4516.282227,4402.436035,4434.102539,2750.000000,4.000000,85.000000,,,,0.000000,4.000000,4.000000,4.000000,4.000000,4.000000,4.000000,4.000000,4.000000,4.000000,4.000000,4.000000,4.000000,4.000000,4.000000,100.000000,,,,,,,,,,,,,,,,,,,,,,,,,,,,,,,,,,,,,,,,,,,,,,,,,,,,,,,,,,,,,,,,,,,,,,,,,,,,,,,,,,,,,,
1676060248.215829,1676060248.216534,119.000000,0.000000,4276.666504,4269.230957,4285.769043,4295.897461,4288.589844,4280.000000,4285.897461,4294.487305,4277.179688,4272.051270,4436.922852,4482.179688,4357.820313,4391.410156,2909.000000,4.000000,85.000000,,,,0.000000,4.000000,4.000000,4.000000,4.000000,4.000000,4.000000,4.000000,4.000000,4.000000,4.000000,4.000000,4.000000,4.000000,4.000000,100.000000,,,,,,,,,,,,,,,,,,,,,,,,,,,,,,,,,,,,,,,,,,,,,,,,,,,,,,,,,,,,,,,,,,,,,,,,,,,,,,,,,,,,,,
1676060248.223638,1676060248.224242,120.000000,0.000000,4284.871582,4272.563965,4291.282227,4298.717773,4289.102539,4278.974121,4286.538574,4297.692383,4283.205078,4284.743652,4445.000000,4492.692383,4367.692383,4404.230957,3131.000000,4.000000,85.000000,,,,0.000000,4.000000,4.000000,4.000000,4.000000,4.000000,4.000000,4.000000,4.000000,4.000000,4.000000,4.000000,4.000000,4.000000,4.000000,100.000000,,,,,,,,,,,,,,,,,,,,,,,,,,,,,,,,,,,,,,,,,,,,,,,,,,,,,,,,,,,,,,,,,,,,,,,,,,,,,,,,,,,,,,
1676060248.231446,1676060248.232051,121.000000,0.000000,4308.077148,4295.641113,4309.358887,4322.179688,4296.794922,4286.538574,4297.179688,4315.512695,4297.692383,4285.897461,4473.461426,4515.384766,4400.000000,4429.743652,3236.000000,4.000000,85.000000,,,,0.000000,4.000000,4.000000,4.000000,4.000000,4.000000,4.000000,4.000000,4.000000,4.000000,4.000000,4.000000,4.000000,4.000000,4.000000,100.000000,,,,,,,,,,,,,,,,,,,,,,,,,,,,,,,,,,,,,,,,,,,,,,,,,,,,,,,,,,,,,,,,,,,,,,,,,,,,,,,,,,,,,,
1676060248.239255,1676060248.239759,122.000000,0.000000,4300.000000,4295.897461,4309.743652,4322.179688,4299.102539,4286.410156,4295.769043,4313.205078,4293.205078,4278.589844,4464.615234,4507.179688,4391.410156,4420.000000,2750.000000,4.000000,85.000000,,,,0.000000,4.000000,4.000000,4.000000,4.000000,4.000000,4.000000,4.000000,4.000000,4.000000,4.000000,4.000000,4.000000,4.000000,4.000000,100.000000,,,,,,,,,,,,,,,,,,,,,,,,,,,,,,,,,,,,,,,,,,,,,,,,,,,,,,,,,,,,,,,,,,,,,,,,,,,,,,,,,,,,,,
1676060248.247063,1676060248.247668,123.000000,0.000000,4288.461426,4280.641113,4300.256348,4303.717773,4289.871582,4280.512695,4285.897461,4303.846191,4293.589844,4291.282227,4445.769043,4490.769043,4369.487305,4402.820313,2909.000000,4.000000,85.000000,,,,0.000000,4.000000,4.000000,4.000000,4.000000,4.000000,4.000000,4.000000,4.000000,4.000000,4.000000,4.000000,4.000000,4.000000,4.000000,100.000000,,,,,,,,,,,,,,,,,,,,,,,,,,,,,,,,,,,,,,,,,,,,,,,,,,,,,,,,,,,,,,,,,,,,,,,,,,,,,,,,,,,,,,
1676060248.254871,1676060248.255476,124.000000,0.000000,4293.077148,4275.641113,4291.410156,4297.436035,4279.102539,4276.025879,4280.128418,4300.128418,4294.871582,4298.205078,4441.538574,4485.769043,4369.487305,4397.820313,3131.000000,4.000000,85.000000,,,,0.000000,4.000000,4.000000,4.000000,4.000000,4.000000,4.000000,4.000000,4.000000,4.000000,4.000000,4.000000,4.000000,4.000000,4.000000,100.000000,,,,,,,,,,,,,,,,,,,,,,,,,,,,,,,,,,,,,,,,,,,,,,,,,,,,,,,,,,,,,,,,,,,,,,,,,,,,,,,,,,,,,,
1676060248.262680,1676060248.263385,125.000000,0.000000,4276.282227,4267.436035,4273.205078,4292.820313,4276.922852,4276.410156,4274.102539,4283.846191,4269.743652,4271.794922,4420.384766,4467.179688,4357.051270,4381.794922,3236.000000,4.000000,85.000000,,,,0.000000,4.000000,4.000000,4.000000,4.000000,4.000000,4.000000,4.000000,4.000000,4.000000,4.000000,4.000000,4.000000,4.000000,4.000000,100.000000,,,,,,,,,,,,,,,,,,,,,,,,,,,,,,,,,,,,,,,,,,,,,,,,,,,,,,,,,,,,,,,,,,,,,,,,,,,,,,,,,,,,,,
1676060248.270488,1676060248.271193,126.000000,0.000000,4264.230957,4262.179688,4267.563965,4287.948730,4279.871582,4279.358887,4276.025879,4279.615234,4263.461426,4257.179688,4410.769043,4459.487305,4345.512695,4375.128418,2750.000000,4.000000,85.000000,,,,0.000000,4.000000,4.000000,4.000000,4.000000,4.000000,4.000000,4.000000,4.000000,4.000000,4.000000,4.000000,4.000000,4.000000,4.000000,100.000000,,,,,,,,,,,,,,,,,1.806280,2.610088,1.355891,0.534590,0.853824,5.042658,3.770348,1.971648,0.967202,0.914606,2.189023,2.197144,1.393719,0.657855,0.784141,2.992051,3.407929,1.610191,0.702339,0.939719,1.558110,0.911431,0.675066,0.388457,0.450132,1.405141,0.883450,0.408033,0.227114,0.484010,1.204004,0.450663,0.577326,0.417535,0.487097,1.792336,1.658124,2.449276,0.572845,0.755010,1.049462,0.650566,1.313419,0.720745,0.615366,0.990089,0.598797,1.809763,1.144117,1.077547,10.573215,5.390152,3.859911,0.751077,1.399866,0.747632,2.218777,2.625343,0.706093,1.103877,0.755870,3.293951,3.064459,0.585808,1.398072,1.378803,3.289667,3.092777,0.656539,1.190206
1676060248.278296,1676060248.279101,127.000000,0.000000,4286.922852,4278.333496,4287.436035,4297.179688,4282.051270,4283.333496,4293.846191,4308.333496,4298.077148,4282.436035,4439.487305,4488.077148,4368.333496,4397.820313,85.000000,4.000000,85.000000,,,,0.000000,4.000000,4.000000,4.000000,4.000000,4.000000,4.000000,4.000000,4.000000,4.000000,4.000000,4.000000,4.000000,4.000000,4.000000,100.000000,,,,,,,,,,,,,,,,,,,,,,,,,,,,,,,,,,,,,,,,,,,,,,,,,,,,,,,,,,,,,,,,,,,,,,,,,,,,,,,,,,,,,,
1676060248.286105,1676060248.286910,0.000000,0.000000,4282.948730,4276.025879,4283.974121,4291.153809,4277.692383,4280.641113,4294.487305,4313.333496,4301.538574,4295.641113,4440.384766,4485.897461,4370.641113,4395.000000,2498.000000,4.000000,85.000000,,,,0.000000,4.000000,4.000000,4.000000,4.000000,4.000000,4.000000,4.000000,4.000000,4.000000,4.000000,4.000000,4.000000,4.000000,4.000000,100.000000,,,,,,,,,,,,,,,,,,,,,,,,,,,,,,,,,,,,,,,,,,,,,,,,,,,,,,,,,,,,,,,,,,,,,,,,,,,,,,,,,,,,,,
1676060248.293913,1676060248.294818,1.000000,0.000000,4258.461426,4254.743652,4263.589844,4275.384766,4277.179688,4275.384766,4278.205078,4291.025879,4272.948730,4276.153809,4415.384766,4456.410156,4345.769043,4371.922852,2456.000000,4.000000,85.000000,,,,0.000000,4.000000,4.000000,4.000000,4.000000,4.000000,4.000000,4.000000,4.000000,4.000000,4.000000,4.000000,4.000000,4.000000,4.000000,100.000000,,,,,,,,,,,,,,,,,,,,,,,,,,,,,,,,,,,,,,,,,,,,,,,,,,,,,,,,,,,,,,,,,,,,,,,,,,,,,,,,,,,,,,
1676060248.301721,1676060248.302627,2.000000,0.000000,4271.025879,4268.717773,4278.205078,4285.128418,4282.820313,4278.974121,4280.384766,4294.743652,4273.717773,4260.769043,4429.102539,4471.922852,4354.102539,4383.974121,2374.000000,4.000000,85.000000,,,,0.000000,4.000000,4.000000,4.000000,4.000000,4.000000,4.000000,4.000000,4.000000,4.000000,4.000000,4.000000,4.000000,4.000000,4.000000,100.000000,,,,,,,,,,,,,,,,,,,,,,,,,,,,,,,,,,,,,,,,,,,,,,,,,,,,,,,,,,,,,,,,,,,,,,,,,,,,,,,,,,,,,,
1676060248.309530,1676060248.310335,3.000000,0.000000,4292.948730,4289.615234,4303.077148,4301.666504,4284.358887,4284.230957,4289.102539,4309.102539,4287.051270,4270.000000,4450.769043,4496.794922,4378.333496,4405.897461,2456.000000,4.000000,85.000000,,,,0.000000,4.000000,4.000000,4.000000,4.000000,4.000000,4.000000,4.000000,4.000000,4.000000,4.000000,4.000000,4.000000,4.000000,4.000000,100.000000,,,,,,,,,,,,,,,,,,,,,,,,,,,,,,,,,,,,,,,,,,,,,,,,,,,,,,,,,,,,,,,,,,,,,,,,,,,,,,,,,,,,,,
1676060248.317338,1676060248.318144,4.000000,0.000000,4284.871582,4279.743652,4296.538574,4296.794922,4284.102539,4282.692383,4280.641113,4294.230957,4280.128418,4276.153809,4434.615234,4481.153809,4367.948730,4397.820313,2414.000000,4.000000,85.000000,,,,0.000000,4.000000,4.000000,4.000000,4.000000,4.000000,4.000000,4.000000,4.000000,4.000000,4.000000,4.000000,4.000000,4.000000,4.000000,100.000000,,,,,,,,,,,,,,,,,,,,,,,,,,,,,,,,,,,,,,,,,,,,,,,,,,,,,,,,,,,,,,,,,,,,,,,,,,,,,,,,,,,,,,
1676060248.325147,1676060248.325852,5.000000,0.000000,4270.128418,4267.307617,4278.077148,4284.615234,4288.717773,4277.563965,4269.871582,4276.922852,4269.871582,4266.025879,4412.820313,4461.282227,4344.230957,4377.948730,2349.000000,4.000000,85.000000,,,,0.000000,4.000000,4.000000,4.000000,4.000000,4.000000,4.000000,4.000000,4.000000,4.000000,4.000000,4.000000,4.000000,4.000000,4.000000,100.000000,,,,,,,,,,,,,,,,,,,,,,,,,,,,,,,,,,,,,,,,,,,,,,,,,,,,,,,,,,,,,,,,,,,,,,,,,,,,,,,,,,,,,,
1676060248.332955,1676060248.333661,6.000000,0.000000,4284.230957,4281.666504,4289.871582,4296.538574,4301.282227,4286.538574,4288.077148,4294.871582,4281.666504,4276.538574,4429.358887,4479.230957,4360.384766,4390.128418,2206.000000,4.000000,85.000000,,,,0.000000,4.000000,4.000000,4.000000,4.000000,4.000000,4.000000,4.000000,4.000000,4.000000,4.000000,4.000000,4.000000,4.000000,4.000000,100.000000,,,,,,,,,,,,,,,,,,,,,,,,,,,,,,,,,,,,,,,,,,,,,,,,,,,,,,,,,,,,,,,,,,,,,,,,,,,,,,,,,,,,,,
1676060248.340763,1676060248.341369,7.000000,0.000000,4311.666504,4310.897461,4322.436035,4324.743652,4316.538574,4306.153809,4318.077148,4331.538574,4310.512695,4298.205078,4464.871582,4514.743652,4396.153809,4428.589844,2209.000000,4.000000,85.000000,,,,0.000000,4.000000,4.000000,4.000000,4.000000,4.000000,4.000000,4.000000,4.000000,4.000000,4.000000,4.000000,4.000000,4.000000,4.000000,100.000000,,,,,,,,,,,,,,,,,,,,,,,,,,,,,,,,,,,,,,,,,,,,,,,,,,,,,,,,,,,,,,,,,,,,,,,,,,,,,,,,,,,,,,
1676060248.348572,1676060248.349178,8.000000,0.000000,4309.230957,4312.692383,4319.358887,4324.871582,4311.922852,4301.666504,4312.948730,4330.128418,4312.563965,4290.512695,4463.589844,4509.487305,4394.743652,4431.538574,2249.000000,4.000000,85.000000,,,,0.000000,4.000000,4.000000,4.000000,4.000000,4.000000,4.000000,4.000000,4.000000,4.000000,4.000000,4.000000,4.000000,4.000000,4.000000,100.000000,,,,,,,,,,,,,,,,,,,,,,,,,,,,,,,,,,,,,,,,,,,,,,,,,,,,,,,,,,,,,,,,,,,,,,,,,,,,,,,,,,,,,,
1676060248.356380,1676060248.356886,9.000000,0.000000,4277.563965,4281.153809,4281.666504,4293.846191,4291.666504,4282.563965,4285.897461,4295.641113,4282.820313,4270.384766,4425.384766,4465.641113,4359.615234,4392.307617,2229.000000,4.000000,85.000000,,,,0.000000,4.000000,4.000000,4.000000,4.000000,4.000000,4.000000,4.000000,4.000000,4.000000,4.000000,4.000000,4.000000,4.000000,4.000000,100.000000,,,,,,,,,,,,,,,,,,,,,,,,,,,,,,,,,,,,,,,,,,,,,,,,,,,,,,,,,,,,,,,,,,,,,,,,,,,,,,,,,,,,,,
1676060248.364189,1676060248.364695,10.000000,0.000000,4272.179688,4272.436035,4274.102539,4287.179688,4290.641113,4285.128418,4289.102539,4297.436035,4280.512695,4278.846191,4419.487305,4458.461426,4350.769043,4382.820313,2707.000000,4.000000,85.000000,,,,0.000000,4.000000,4.000000,4.000000,4.000000,4.000000,4.000000,4.000000,4.000000,4.000000,4.000000,4.000000,4.000000,4.000000,4.000000,100.000000,,,,,,,,,,,,,,,,,,,,,,,,,,,,,,,,,,,,,,,,,,,,,,,,,,,,,,,,,,,,,,,,,,,,,,,,,,,,,,,,,,,,,,
1676060248.371997,1676060248.372403,11.000000,0.000000,4284.102539,4288.461426,4285.256348,4298.974121,4297.948730,4292.692383,4300.897461,4318.589844,4297.948730,4291.922852,4437.307617,4480.641113,4366.666504,4396.410156,2889.000000,4.000000,85.000000,,,,0.000000,4.000000,4.000000,4.000000,4.000000,4.000000,4.000000,4.000000,4.000000,4.000000,4.000000,4.000000,4.000000,4.000000,4.000000,100.000000,,,,,,,,,,,,,,,,,,,,,,,,,,,,,,,,,,,,,,,,,,,,,,,,,,,,,,,,,,,,,,,,,,,,,,,,,,,,,,,,,,,,,,
1676060248.379805,1676060248.380212,12.000000,0.000000,4267.948730,4269.615234,4265.769043,4281.666504,4283.205078,4282.051270,4280.512695,4299.230957,4281.282227,4273.077148,4414.743652,4462.179688,4351.922852,4376.025879,3101.000000,4.000000,85.000000,,,,0.000000,4.000000,4.000000,4.000000,4.000000,4.000000,4.000000,4.000000,4.000000,4.000000,4.000000,4.000000,4.000000,4.000000,4.000000,100.000000,,,,,,,,,,,,,,,,,,,,,,,,,,,,,,,,,,,,,,,,,,,,,,,,,,,,,,,,,,,,,,,,,,,,,,,,,,,,,,,,,,,,,,
1676060248.387614,1676060248.387920,13.000000,0.000000,4258.589844,4250.769043,4257.051270,4267.563965,4272.820313,4275.897461,4266.025879,4278.846191,4261.410156,4247.307617,4393.077148,4442.179688,4330.769043,4362.563965,3208.000000,4.000000,85.000000,,,,0.000000,4.000000,4.000000,4.000000,4.000000,4.000000,4.000000,4.000000,4.000000,4.000000,4.000000,4.000000,4.000000,4.000000,4.000000,100.000000,,,,,,,,,,,,,,,,,,,,,,,,,,,,,,,,,,,,,,,,,,,,,,,,,,,,,,,,,,,,,,,,,,,,,,,,,,,,,,,,,,,,,,
1676060248.395422,1676060248.395729,14.000000,0.000000,4291.025879,4281.922852,4295.641113,4294.871582,4291.666504,4290.128418,4290.897461,4308.589844,4289.358887,4269.615234,4430.897461,4481.410156,4359.743652,4400.641113,2707.000000,4.000000,85.000000,,,,0.000000,4.000000,4.000000,4.000000,4.000000,4.000000,4.000000,4.000000,4.000000,4.000000,4.000000,4.000000,4.000000,4.000000,4.000000,100.000000,1.000000,41.666668,4.000000,4.000000,1.000000,4.000000,4.000000,4.000000,4.000000,4.000000,4.000000,3.000000,3.000000,1.000000,3.000000,3.000000,1.781312,2.504598,1.287862,0.630740,0.844168,6.057427,3.862825,1.674721,1.065257,0.826051,2.200152,2.299129,1.412070,0.719684,0.732847,2.934136,3.342247,1.462584,0.804729,0.906257,1.692876,1.217551,0.731946,0.433839,0.462076,1.515212,1.087559,0.664087,0.289039,0.498206,1.378938,0.629584,0.586525,0.481436,0.510987,1.736820,1.696293,2.474009,0.629339,0.719926,1.087796,0.886059,1.454648,0.774185,0.600509,1.034571,0.736673,1.915120,1.243388,1.039648,8.274076,4.162889,4.208208,0.959398,1.361182,1.175668,2.178635,2.909201,0.879417,1.092276,0.855539,3.117858,3.021554,0.761507,1.332210,1.533408,2.883324,3.070257,0.866714,1.155059
1676060248.403231,1676060248.403437,15.000000,0.000000,4313.077148,4304.358887,4318.717773,4313.205078,4308.333496,4299.871582,4308.205078,4332.051270,4314.358887,4312.179688,4462.307617,4514.487305,4395.256348,4427.820313,2889.000000,4.000000,85.000000,,,,0.000000,4.000000,4.000000,4.000000,4.000000,4.000000,4.000000,4.000000,4.000000,4.000000,4.000000,4.000000,4.000000,4.000000,4.000000,100.000000,,,,,,,,,,,,,,,,,,,,,,,,,,,,,,,,,,,,,,,,,,,,,,,,,,,,,,,,,,,,,,,,,,,,,,,,,,,,,,,,,,,,,,
1676060248.411039,1676060248.411246,16.000000,0.000000,4289.871582,4279.743652,4290.256348,4287.820313,4291.410156,4288.205078,4284.871582,4305.128418,4289.358887,4296.410156,4426.666504,4485.128418,4368.589844,4399.102539,0.000000,4.000000,85.000000,,,,0.000000,4.000000,4.000000,4.000000,4.000000,4.000000,4.000000,4.000000,4.000000,4.000000,4.000000,4.000000,4.000000,4.000000,4.000000,100.000000,,,,,,,,,,,,,,,,,,,,,,,,,,,,,,,,,,,,,,,,,,,,,,,,,,,,,,,,,,,,,,,,,,,,,,,,,,,,,,,,,,,,,,
1676060248.418847,1676060248.418954,17.000000,0.000000,4277.948730,4265.384766,4278.846191,4276.538574,4273.333496,4279.102539,4275.512695,4292.692383,4274.487305,4263.974121,4403.846191,4463.846191,4341.025879,4382.307617,0.000000,4.000000,85.000000,,,,0.000000,4.000000,4.000000,4.000000,4.000000,4.000000,4.000000,4.000000,4.000000,4.000000,4.000000,4.000000,4.000000,4.000000,4.000000,100.000000,,,,,,,,,,,,,,,,,,,,,,,,,,,,,,,,,,,,,,,,,,,,,,,,,,,,,,,,,,,,,,,,,,,,,,,,,,,,,,,,,,,,,,
1676060248.426656,1676060248.426763,18.000000,0.000000,4302.820313,4294.102539,4310.769043,4307.179688,4288.846191,4288.846191,4302.307617,4317.692383,4297.179688,4283.846191,4438.333496,4492.692383,4370.000000,4416.025879,0.000000,4.000000,85.000000,,,,0.000000,4.000000,4.000000,4.000000,4.000000,4.000000,4.000000,4.000000,4.000000,4.000000,4.000000,4.000000,4.000000,4.000000,4.000000,100.000000,,,,,,,,,,,,,,,,,,,,,,,,,,,,,,,,,,,,,,,,,,,,,,,,,,,,,,,,,,,,,,,,,,,,,,,,,,,,,,,,,,,,,,
1676060248.434464,1676060248.434471,19.000000,0.000000,4316.794922,4315.641113,4326.410156,4320.512695,4306.922852,4298.589844,4310.769043,4324.230957,4304.743652,4301.282227,4455.769043,4509.487305,4393.461426,4433.974121,0.000000,4.000000,85.000000,,,,0.000000,4.000000,4.000000,4.000000,4.000000,4.000000,4.000000,4.000000,4.000000,4.000000,4.000000,4.000000,4.000000,4.000000,4.000000,100.000000,,,,,,,,,,,,,,,,,,,,,,,,,,,,,,,,,,,,,,,,,,,,,,,,,,,,,,,,,,,,,,,,,,,,,,,,,,,,,,,,,,,,,,
1676060248.442273,1676060248.442380,20.000000,0.000000,4311.282227,4303.974121,4316.410156,4305.256348,4304.871582,4295.000000,4300.384766,4313.974121,4292.820313,4288.333496,4436.538574,4497.436035,4374.230957,4412.948730,0.000000,4.000000,85.000000,,,,0.000000,4.000000,4.000000,4.000000,4.000000,4.000000,4.000000,4.000000,4.000000,4.000000,4.000000,4.000000,4.000000,4.000000,4.000000,100.000000,,,,,,,,,,,,,,,,,,,,,,,,,,,,,,,,,,,,,,,,,,,,,,,,,,,,,,,,,,,,,,,,,,,,,,,,,,,,,,,,,,,,,,
1676060248.450081,1676060248.450188,21.000000,0.000000,4298.461426,4283.205078,4304.230957,4295.769043,4292.436035,4286.025879,4292.051270,4309.743652,4284.358887,4273.205078,4419.102539,4484.615234,4349.743652,4392.563965,0.000000,4.000000,85.000000,,,,0.000000,4.000000,4.000000,4.000000,4.000000,4.000000,4.000000,4.000000,4.000000,4.000000,4.000000,4.000000,4.000000,4.000000,4.000000,100.000000,,,,,,,,,,,,,,,,,,,,,,,,,,,,,,,,,,,,,,,,,,,,,,,,,,,,,,,,,,,,,,,,,,,,,,,,,,,,,,,,,,,,,,
1676060248.457889,1676060248.458096,22.000000,0.000000,4280.641113,4272.051270,4291.794922,4286.025879,4280.769043,4278.333496,4281.922852,4305.000000,4278.974121,4268.461426,4422.051270,4477.563965,4356.025879,4392.820313,0.000000,4.000000,85.000000,,,,0.000000,4.000000,4.000000,4.000000,4.000000,4.000000,4.000000,4.000000,4.000000,4.000000,4.000000,4.000000,4.000000,4.000000,4.000000,100.000000,,,,,,,,,,,,,,,,,,,,,,,,,,,,,,,,,,,,,,,,,,,,,,,,,,,,,,,,,,,,,,,,,,,,,,,,,,,,,,,,,,,,,,
1676060248.465698,1676060248.465905,23.000000,0.000000,4289.102539,4284.358887,4299.487305,4288.461426,4286.666504,4287.563965,4291.538574,4318.077148,4296.794922,4290.128418,4452.051270,4496.282227,4392.051270,4416.538574,0.000000,4.000000,85.000000,,,,0.000000,4.000000,4.000000,4.000000,4.000000,4.000000,4.000000,4.000000,4.000000,4.000000,4.000000,4.000000,4.000000,4.000000,4.000000,100.000000,,,,,,,,,,,,,,,,,,,,,,,,,,,,,,,,,,,,,,,,,,,,,,,,,,,,,,,,,,,,,,,,,,,,,,,,,,,,,,,,,,,,,,
1676060248.473506,1676060248.473813,24.000000,0.000000,4308.717773,4302.436035,4314.487305,4304.487305,4298.333496,4298.589844,4307.692383,4336.922852,4318.333496,4316.153809,4470.256348,4516.794922,4410.384766,4431.538574,0.000000,4.000000,85.000000,,,,0.000000,4.000000,4.000000,4.000000,4.000000,4.000000,4.000000,4.000000,4.000000,4.000000,4.000000,4.000000,4.000000,4.000000,4.000000,100.000000,,,,,,,,,,,,,,,,,,,,,,,,,,,,,,,,,,,,,,,,,,,,,,,,,,,,,,,,,,,,,,,,,,,,,,,,,,,,,,,,,,,,,,
1676060248.481314,1676060248.481622,25.000000,0.000000,4290.384766,4292.820313,4298.333496,4295.512695,4287.179688,4285.641113,4293.461426,4322.436035,4303.717773,4306.666504,4446.794922,4496.282227,4389.358887,4413.333496,0.000000,4.000000,85.000000,,,,0.000000,4.000000,4.000000,4.000000,4.000000,4.000000,4.000000,4.000000,4.000000,4.000000,4.000000,4.000000,4.000000,4.000000,4.000000,100.000000,,,,,,,,,,,,,,,,,,,,,,,,,,,,,,,,,,,,,,,,,,,,,,,,,,,,,,,,,,,,,,,,,,,,,,,,,,,,,,,,,,,,,,
1676060248.489123,1676060248.489530,26.000000,0.000000,4272.436035,4280.897461,4285.256348,4278.589844,4276.025879,4278.589844,4283.717773,4307.563965,4287.948730,4285.000000,4434.871582,4480.128418,4381.666504,4399.358887,0.000000,4.000000,85.000000,,,,0.000000,4.000000,4.000000,4.000000,4.000000,4.000000,4.000000,4.000000,4.000000,4.000000,4.000000,4.000000,4.000000,4.000000,4.000000,100.000000,,,,,,,,,,,,,,,,,,,,,,,,,,,,,,,,,,,,,,,,,,,,,,,,,,,,,,,,,,,,,,,,,,,,,,,,,,,,,,,,,,,,,,
1676060248.496931,1676060248.497338,27.000000,0.000000,4286.538574,4291.666504,4295.769043,4284.102539,4284.487305,4286.153809,4297.051270,4315.128418,4296.282227,4281.153809,4446.538574,4489.358887,4394.871582,4402.948730,0.000000,4.000000,85.000000,,,,0.000000,4.000000,4.000000,4.000000,4.000000,4.000000,4.000000,4.000000,4.000000,4.000000,4.000000,4.000000,4.000000,4.000000,4.000000,100.000000,,,,,,,,,,,,,,,,,,,,,,,,,,,,,,,,,,,,,,,,,,,,,,,,,,,,,,,,,,,,,,,,,,,,,,,,,,,,,,,,,,,,,,
1676060248.504739,1676060248.505147,28.000000,0.000000,4285.512695,4287.051270,4289.615234,4285.256348,4283.461426,4280.384766,4291.666504,4308.461426,4299.615234,4282.820313,4433.846191,4475.641113,4386.794922,4391.794922,0.000000,4.000000,85.000000,,,,0.000000,4.000000,4.000000,4.000000,4.000000,4.000000,4.000000,4.000000,4.000000,4.000000,4.000000,4.000000,4.000000,4.000000,4.000000,100.000000,,,,,,,,,,,,,,,,,,,,,,,,,,,,,,,,,,,,,,,,,,,,,,,,,,,,,,,,,,,,,,,,,,,,,,,,,,,,,,,,,,,,,,
1676060248.512548,1676060248.512955,29.000000,0.000000,4261.794922,4261.922852,4271.282227,4271.025879,4275.256348,4276.666504,4276.410156,4292.820313,4290.897461,4283.205078,4412.563965,4451.794922,4369.230957,4377.692383,0.000000,4.000000,85.000000,,,,0.000000,4.000000,4.000000,4.000000,4.000000,4.000000,4.000000,4.000000,4.000000,4.000000,4.000000,4.000000,4.000000,4.000000,4.000000,100.000000,,,,,,,,,,,,,,,,,,,,,,,,,,,,,,,,,,,,,,,,,,,,,,,,,,,,,,,,,,,,,,,,,,,,,,,,,,,,,,,,,,,,,,
1676060248.520356,1676060248.520664,30.000000,0.000000,4258.461426,4262.948730,4271.922852,4269.358887,4280.128418,4284.487305,4278.461426,4295.000000,4284.358887,4283.846191,4413.205078,4453.205078,4368.589844,4379.230957,0.000000,4.000000,85.000000,,,,0.000000,4.000000,4.000000,4.000000,4.000000,4.000000,4.000000,4.000000,4.000000,4.000000,4.000000,4.000000,4.000000,4.000000,4.000000,100.000000,,,,,,,,,,,,,,,,,1.845580,2.665989,1.332843,0.810530,0.877447,7.467680,4.312877,1.446628,1.170695,0.794043,2.440876,2.830615,1.553528,0.876897,0.745034,3.100261,3.411605,1.360919,0.919504,0.915971,1.918855,1.690081,0.815514,0.506791,0.484291,1.769947,1.424126,0.981989,0.391292,0.502431,1.694757,0.963220,0.635152,0.632314,0.552195,1.848723,1.880627,2.515287,0.794997,0.732932,1.294458,1.316399,1.620913,0.918168,0.642217,1.280095,1.072721,1.959765,1.336044,1.069635,6.269387,3.186746,4.531661,1.346435,1.406293,1.975166,2.476157,3.277685,1.223336,1.173674,1.027522,2.985020,3.207484,1.056305,1.367761,1.807912,2.740597,3.296938,1.210015,1.219720
1676060248.528165,1676060248.528472,31.000000,0.000000,4270.256348,4277.820313,4279.230957,4276.794922,4286.282227,4284.871582,4281.025879,4296.538574,4280.512695,4275.256348,4413.205078,4458.974121,4371.282227,4379.102539,0.000000,4.000000,85.000000,,,,0.000000,4.000000,4.000000,4.000000,4.000000,4.000000,4.000000,4.000000,4.000000,4.000000,4.000000,4.000000,4.000000,4.000000,4.000000,100.000000,,,,,,,,,,,,,,,,,,,,,,,,,,,,,,,,,,,,,,,,,,,,,,,,,,,,,,,,,,,,,,,,,,,,,,,,,,,,,,,,,,,,,,
1676060248.535973,1676060248.536181,32.000000,0.000000,4280.512695,4282.820313,4283.846191,4285.128418,4286.153809,4287.436035,4284.871582,4294.230957,4280.256348,4277.051270,4414.487305,4464.487305,4376.025879,4388.333496,0.000000,4.000000,85.000000,,,,0.000000,4.000000,4.000000,4.000000,4.000000,4.000000,4.000000,4.000000,4.000000,4.000000,4.000000,4.000000,4.000000,4.000000,4.000000,100.000000,,,,,,,,,,,,,,,,,,,,,,,,,,,,,,,,,,,,,,,,,,,,,,,,,,,,,,,,,,,,,,,,,,,,,,,,,,,,,,,,,,,,,,
1676060248.543781,1676060248.543989,33.000000,0.000000,4284.102539,4280.769043,4286.282227,4290.641113,4284.615234,4295.384766,4295.384766,4300.000000,4280.384766,4285.384766,4425.641113,4475.512695,4380.384766,4402.307617,0.000000,4.000000,85.000000,,,,0.000000,4.000000,4.000000,4.000000,4.000000,4.000000,4.000000,4.000000,4.000000,4.000000,4.000000,4.000000,4.000000,4.000000,4.000000,100.000000,,,,,,,,,,,,,,,,,,,,,,,,,,,,,,,,,,,,,,,,,,,,,,,,,,,,,,,,,,,,,,,,,,,,,,,,,,,,,,,,,,,,,,
1676060248.551590,1676060248.551698,34.000000,0.000000,4268.205078,4268.461426,4281.282227,4277.051270,4283.846191,4295.256348,4294.487305,4308.717773,4279.871582,4271.410156,4421.922852,4472.820313,4368.077148,4392.051270,0.000000,4.000000,85.000000,,,,0.000000,4.000000,4.000000,4.000000,4.000000,4.000000,4.000000,4.000000,4.000000,4.000000,4.000000,4.000000,4.000000,4.000000,4.000000,100.000000,,,,,,,,,,,,,,,,,,,,,,,,,,,,,,,,,,,,,,,,,,,,,,,,,,,,,,,,,,,,,,,,,,,,,,,,,,,,,,,,,,,,,,
1676060248.559398,1676060248.559506,35.000000,0.000000,4260.897461,4267.051270,4278.077148,4265.384766,4285.512695,4292.436035,4285.897461,4314.615234,4292.692383,4265.256348,4417.563965,4467.948730,4368.717773,4384.102539,0.000000,4.000000,85.000000,,,,0.000000,4.000000,4.000000,4.000000,4.000000,4.000000,4.000000,4.000000,4.000000,4.000000,4.000000,4.000000,4.000000,4.000000,4.000000,100.000000,,,,,,,,,,,,,,,,,,,,,,,,,,,,,,,,,,,,,,,,,,,,,,,,,,,,,,,,,,,,,,,,,,,,,,,,,,,,,,,,,,,,,,
1676060248.567207,1676060248.567215,36.000000,0.000000,4269.102539,4280.769043,4271.794922,4273.205078,4281.538574,4286.794922,4282.948730,4306.794922,4298.077148,4280.256348,4415.256348,4462.692383,4372.820313,4384.871582,0.000000,4.000000,85.000000,,,,0.000000,4.000000,4.000000,4.000000,4.000000,4.000000,4.000000,4.000000,4.000000,4.000000,4.000000,4.000000,4.000000,4.000000,4.000000,100.000000,,,,,,,,,,,,,,,,,,,,,,,,,,,,,,,,,,,,,,,,,,,,,,,,,,,,,,,,,,,,,,,,,,,,,,,,,,,,,,,,,,,,,,
1676060248.575015,1676060248.575023,37.000000,0.000000,4256.025879,4280.128418,4258.717773,4278.205078,4275.769043,4275.256348,4275.769043,4287.051270,4277.820313,4275.769043,4392.436035,4441.538574,4343.974121,4364.230957,0.000000,4.000000,85.000000,,,,0.000000,4.000000,4.000000,4.000000,4.000000,4.000000,4.000000,4.000000,4.000000,4.000000,4.000000,4.000000,4.000000,4.000000,4.000000,100.000000,,,,,,,,,,,,,,,,,,,,,,,,,,,,,,,,,,,,,,,,,,,,,,,,,,,,,,,,,,,,,,,,,,,,,,,,,,,,,,,,,,,,,,
1676060248.582823,1676060248.582732,38.000000,0.000000,4248.205078,4279.871582,4266.666504,4276.922852,4287.948730,4278.589844,4275.512695,4295.384766,4276.922852,4267.051270,4389.871582,4441.794922,4338.333496,4361.538574,0.000000,4.000000,85.000000,,,,0.000000,4.000000,4.000000,4.000000,4.000000,4.000000,4.000000,4.000000,4.000000,4.000000,4.000000,4.000000,4.000000,4.000000,4.000000,100.000000,,,,,,,,,,,,,,,,,,,,,,,,,,,,,,,,,,,,,,,,,,,,,,,,,,,,,,,,,,,,,,,,,,,,,,,,,,,,,,,,,,,,,,
1676060248.590632,1676060248.590640,39.000000,0.000000,4272.692383,4291.538574,4284.230957,4279.487305,4295.897461,4291.922852,4289.615234,4316.282227,4298.974121,4280.897461,4419.871582,4466.666504,4371.922852,4391.922852,0.000000,4.000000,85.000000,,,,0.000000,4.000000,4.000000,4.000000,4.000000,4.000000,4.000000,4.000000,4.000000,4.000000,4.000000,4.000000,4.000000,4.000000,4.000000,100.000000,,,,,,,,,,,,,,,,,,,,,,,,,,,,,,,,,,,,,,,,,,,,,,,,,,,,,,,,,,,,,,,,,,,,,,,,,,,,,,,,,,,,,,
1676060248.598440,1676060248.598449,40.000000,0.000000,4276.666504,4286.025879,4279.743652,4276.666504,4282.820313,4294.102539,4293.077148,4302.563965,4292.051270,4277.820313,4413.461426,4462.563965,4368.461426,4387.051270,0.000000,4.000000,85.000000,,,,0.000000,4.000000,4.000000,4.000000,4.000000,4.000000,4.000000,4.000000,4.000000,4.000000,4.000000,4.000000,4.000000,4.000000,4.000000,100.000000,,,,,,,,,,,,,,,,,,,,,,,,,,,,,,,,,,,,,,,,,,,,,,,,,,,,,,,,,,,,,,,,,,,,,,,,,,,,,,,,,,,,,,
1676060248.606249,1676060248.606357,41.000000,0.000000,4261.794922,4284.230957,4283.205078,4282.563965,4283.205078,4294.615234,4292.436035,4296.666504,4277.307617,4253.077148,4390.641113,4454.102539,4343.461426,4367.692383,0.000000,4.000000,85.000000,,,,0.000000,4.000000,4.000000,4.000000,4.000000,4.000000,4.000000,4.000000,4.000000,4.000000,4.000000,4.000000,4.000000,4.000000,4.000000,100.000000,,,,,,,,,,,,,,,,,,,,,,,,,,,,,,,,,,,,,,,,,,,,,,,,,,,,,,,,,,,,,,,,,,,,,,,,,,,,,,,,,,,,,,
1676060248.614057,1676060248.614165,42.000000,0.000000,4275.128418,4304.615234,4303.717773,4298.974121,4299.102539,4296.794922,4303.205078,4322.051270,4296.025879,4264.487305,4414.743652,4476.153809,4360.256348,4390.512695,0.000000,4.000000,85.000000,,,,0.000000,4.000000,4.000000,4.000000,4.000000,4.000000,4.000000,4.000000,4.000000,4.000000,4.000000,4.000000,4.000000,4.000000,4.000000,100.000000,,,,,,,,,,,,,,,,,,,,,,,,,,,,,,,,,,,,,,,,,,,,,,,,,,,,,,,,,,,,,,,,,,,,,,,,,,,,,,,,,,,,,,
1676060248.621865,1676060248.622074,43.000000,0.000000,4285.256348,4307.563965,4303.846191,4292.692383,4300.512695,4295.384766,4304.871582,4323.461426,4306.666504,4294.743652,4434.743652,4485.512695,4377.436035,4405.769043,0.000000,4.000000,85.000000,,,,0.000000,4.000000,4.000000,4.000000,4.000000,4.000000,4.000000,4.000000,4.000000,4.000000,4.000000,4.000000,4.000000,4.000000,4.000000,100.000000,,,,,,,,,,,,,,,,,,,,,,,,,,,,,,,,,,,,,,,,,,,,,,,,,,,,,,,,,,,,,,,,,,,,,,,,,,,,,,,,,,,,,,
1676060248.629674,1676060248.629882,44.000000,0.000000,4273.974121,4291.794922,4292.820313,4278.077148,4288.717773,4293.461426,4295.641113,4307.948730,4297.436035,4298.589844,4421.153809,4473.974121,4368.589844,4390.384766,0.000000,4.000000,85.000000,,,,0.000000,4.000000,4.000000,4.000000,4.000000,4.000000,4.000000,4.000000,4.000000,4.000000,4.000000,4.000000,4.000000,4.000000,4.000000,100.000000,,,,,,,,,,,,,,,,,,,,,,,,,,,,,,,,,,,,,,,,,,,,,,,,,,,,,,,,,,,,,,,,,,,,,,,,,,,,,,,,,,,,,,
1676060248.637482,1676060248.637790,45.000000,0.000000,4271.666504,4284.743652,4291.794922,4280.641113,4283.846191,4288.717773,4290.384766,4310.000000,4297.051270,4285.128418,4414.102539,4470.512695,4363.461426,4384.230957,0.000000,4.000000,85.000000,,,,0.000000,4.000000,4.000000,4.000000,4.000000,4.000000,4.000000,4.000000,4.000000,4.000000,4.000000,4.000000,4.000000,4.000000,4.000000,100.000000,,,,,,,,,,,,,,,,,,,,,,,,,,,,,,,,,,,,,,,,,,,,,,,,,,,,,,,,,,,,,,,,,,,,,,,,,,,,,,,,,,,,,,
1676060248.645290,1676060248.645599,46.000000,0.000000,4261.282227,4277.179688,4280.256348,4271.922852,4279.487305,4276.153809,4279.743652,4303.461426,4287.692383,4267.051270,4406.666504,4457.692383,4353.205078,4377.051270,0.000000,4.000000,85.000000,,,,0.000000,4.000000,4.000000,4.000000,4.000000,4.000000,4.000000,4.000000,4.000000,4.000000,4.000000,4.000000,4.000000,4.000000,4.000000,100.000000,,,,,,,,,,,,,,,,,1.983778,3.107104,1.453849,1.057917,0.982019,8.896833,5.159930,1.315318,1.273331,0.853981,2.861953,3.816678,1.772525,1.125532,0.856372,3.499599,3.717794,1.321095,1.037205,0.995665,2.216774,2.314766,0.915453,0.606229,0.523164,2.121768,1.840564,1.303157,0.526579,0.505501,2.120977,1.440496,0.745130,0.869739,0.629996,2.188987,2.231850,2.557204,1.083266,0.825418,1.676744,1.912134,1.780996,1.164808,0.773128,1.735027,1.609188,1.964113,1.466111,1.188931,5.123752,2.747456,4.711504,1.861839,1.594102,3.099373,3.204807,3.642131,1.712248,1.409451,1.328244,3.085596,3.470015,1.413104,1.549543,2.190400,2.973052,3.612359,1.636318,1.431415
1676060248.653099,1676060248.653507,47.000000,0.000000,4248.077148,4272.179688,4264.487305,4258.717773,4273.846191,4269.615234,4271.410156,4288.846191,4273.333496,4259.871582,4391.538574,4442.051270,4339.230957,4362.692383,0.000000,4.000000,85.000000,,,,0.000000,4.000000,4.000000,4.000000,4.000000,4.000000,4.000000,4.000000,4.000000,4.000000,4.000000,4.000000,4.000000,4.000000,4.000000,100.000000,,,,,,,,,,,,,,,,,,,,,,,,,,,,,,,,,,,,,,,,,,,,,,,,,,,,,,,,,,,,,,,,,,,,,,,,,,,,,,,,,,,,,,
1676060248.660907,1676060248.661316,48.000000,0.000000,4255.769043,4279.487305,4265.897461,4268.205078,4276.025879,4277.948730,4278.717773,4294.102539,4278.461426,4267.948730,4393.077148,4447.436035,4341.282227,4365.128418,0.000000,4.000000,85.000000,,,,0.000000,4.000000,4.000000,4.000000,4.000000,4.000000,4.000000,4.000000,4.000000,4.000000,4.000000,4.000000,4.000000,4.000000,4.000000,100.000000,,,,,,,,,,,,,,,,,,,,,,,,,,,,,,,,,,,,,,,,,,,,,,,,,,,,,,,,,,,,,,,,,,,,,,,,,,,,,,,,,,,,,,
1676060248.668716,1676060248.669224,49.000000,0.000000,4256.922852,4274.358887,4263.461426,4270.897461,4278.846191,4283.333496,4277.692383,4295.641113,4276.794922,4260.897461,4396.410156,4445.256348,4343.846191,4365.769043,0.000000,4.000000,85.000000,,,,0.000000,4.000000,4.000000,4.000000,4.000000,4.000000,4.000000,4.000000,4.000000,4.000000,4.000000,4.000000,4.000000,4.000000,4.000000,100.000000,,,,,,,,,,,,,,,,,,,,,,,,,,,,,,,,,,,,,,,,,,,,,,,,,,,,,,,,,,,,,,,,,,,,,,,,,,,,,,,,,,,,,,
1676060248.676524,1676060248.677033,50.000000,0.000000,4250.384766,4267.692383,4262.307617,4262.051270,4278.717773,4279.358887,4273.974121,4291.153809,4267.820313,4248.589844,4391.794922,4439.230957,4341.282227,4364.230957,0.000000,4.000000,85.000000,,,,0.000000,4.000000,4.000000,4.000000,4.000000,4.000000,4.000000,4.000000,4.000000,4.000000,4.000000,4.000000,4.000000,4.000000,4.000000,100.000000,,,,,,,,,,,,,,,,,,,,,,,,,,,,,,,,,,,,,,,,,,,,,,,,,,,,,,,,,,,,,,,,,,,,,,,,,,,,,,,,,,,,,,
1676060248.684332,1676060248.684941,51.000000,0.000000,4264.358887,4282.948730,4283.205078,4270.384766,4280.128418,4276.153809,4288.974121,4306.282227,4280.897461,4265.897461,4404.230957,4461.922852,4352.179688,4383.461426,0.000000,4.000000,85.000000,,,,0.000000,4.000000,4.000000,4.000000,4.000000,4.000000,4.000000,4.000000,4.000000,4.000000,4.000000,4.000000,4.000000,4.000000,4.000000,100.000000,,,,,,,,,,,,,,,,,,,,,,,,,,,,,,,,,,,,,,,,,,,,,,,,,,,,,,,,,,,,,,,,,,,,,,,,,,,,,,,,,,,,,,
1676060248.692141,1676060248.692749,52.000000,0.000000,4283.333496,4298.077148,4303.333496,4285.256348,4282.051270,4282.179688,4300.000000,4318.205078,4297.307617,4287.948730,4419.871582,4481.794922,4367.051270,4398.717773,0.000000,4.000000,85.000000,,,,0.000000,4.000000,4.000000,4.000000,4.000000,4.000000,4.000000,4.000000,4.000000,4.000000,4.000000,4.000000,4.000000,4.000000,4.000000,100.000000,,,,,,,,,,,,,,,,,,,,,,,,,,,,,,,,,,,,,,,,,,,,,,,,,,,,,,,,,,,,,,,,,,,,,,,,,,,,,,,,,,,,,,
1676060248.699949,1676060248.700458,53.000000,0.000000,4281.666504,4296.794922,4299.230957,4289.871582,4280.897461,4293.717773,4290.641113,4303.974121,4288.974121,4277.820313,4411.153809,4467.692383,4358.205078,4386.410156,0.000000,4.000000,85.000000,,,,0.000000,4.000000,4.000000,4.000000,4.000000,4.000000,4.000000,4.000000,4.000000,4.000000,4.000000,4.000000,4.000000,4.000000,4.000000,100.000000,,,,,,,,,,,,,,,,,,,,,,,,,,,,,,,,,,,,,,,,,,,,,,,,,,,,,,,,,,,,,,,,,,,,,,,,,,,,,,,,,,,,,,
1676060248.707758,1676060248.708266,54.000000,0.000000,4273.974121,4292.436035,4291.282227,4293.589844,4283.974121,4291.410156,4280.769043,4290.000000,4278.846191,4267.051270,4398.589844,4455.897461,4343.461426,4374.230957,0.000000,4.000000,85.000000,,,,0.000000,4.000000,4.000000,4.000000,4.000000,4.000000,4.000000,4.000000,4.000000,4.000000,4.000000,4.000000,4.000000,4.000000,4.000000,100.000000,,,,,,,,,,,,,,,,,,,,,,,,,,,,,,,,,,,,,,,,,,,,,,,,,,,,,,,,,,,,,,,,,,,,,,,,,,,,,,,,,,,,,,
1676060248.715566,1676060248.715975,55.000000,0.000000,4283.461426,4297.820313,4302.051270,4304.230957,4293.205078,4287.051270,4287.948730,4298.846191,4289.230957,4280.000000,4408.717773,4472.948730,4354.615234,4387.563965,0.000000,4.000000,85.000000,,,,0.000000,4.000000,4.000000,4.000000,4.000000,4.000000,4.000000,4.000000,4.000000,4.000000,4.000000,4.000000,4.000000,4.000000,4.000000,100.000000,,,,,,,,,,,,,,,,,,,,,,,,,,,,,,,,,,,,,,,,,,,,,,,,,,,,,,,,,,,,,,,,,,,,,,,,,,,,,,,,,,,,,,
1676060248.723374,1676060248.723783,56.000000,0.000000,4294.615234,4305.384766,4309.743652,4314.102539,4289.358887,4293.589844,4295.897461,4307.948730,4297.948730,4282.563965,4421.666504,4488.333496,4374.358887,4405.641113,0.000000,4.000000,85.000000,,,,0.000000,4.000000,4.000000,4.000000,4.000000,4.000000,4.000000,4.000000,4.000000,4.000000,4.000000,4.000000,4.000000,4.000000,4.000000,100.000000,,,,,,,,,,,,,,,,,,,,,,,,,,,,,,,,,,,,,,,,,,,,,,,,,,,,,,,,,,,,,,,,,,,,,,,,,,,,,,,,,,,,,,
1676060248.731183,1676060248.731492,57.000000,0.000000,4277.948730,4293.333496,4290.769043,4309.871582,4276.666504,4287.436035,4283.461426,4299.743652,4283.974121,4259.743652,4408.461426,4476.410156,4363.333496,4394.871582,0.000000,4.000000,85.000000,,,,0.000000,4.000000,4.000000,4.000000,4.000000,4.000000,4.000000,4.000000,4.000000,4.000000,4.000000,4.000000,4.000000,4.000000,4.000000,100.000000,,,,,,,,,,,,,,,,,,,,,,,,,,,,,,,,,,,,,,,,,,,,,,,,,,,,,,,,,,,,,,,,,,,,,,,,,,,,,,,,,,,,,,
1676060248.738991,1676060248.739400,58.000000,0.000000,4255.000000,4273.717773,4271.538574,4300.897461,4274.230957,4275.256348,4273.205078,4296.666504,4274.102539,4256.538574,4394.615234,4466.794922,4342.948730,4373.077148,0.000000,4.000000,85.000000,,,,0.000000,4.000000,4.000000,4.000000,4.000000,4.000000,4.000000,4.000000,4.000000,4.000000,4.000000,4.000000,4.000000,4.000000,4.000000,100.000000,,,,,,,,,,,,,,,,,,,,,,,,,,,,,,,,,,,,,,,,,,,,,,,,,,,,,,,,,,,,,,,,,,,,,,,,,,,,,,,,,,,,,,
1676060248.746799,1676060248.747209,59.000000,0.000000,4264.743652,4282.051270,4281.025879,4312.307617,4282.051270,4283.077148,4288.589844,4313.974121,4293.974121,4287.436035,4414.615234,4487.179688,4358.589844,4381.410156,0.000000,4.000000,85.000000,,,,0.000000,4.000000,4.000000,4.000000,4.000000,4.000000,4.000000,4.000000,4.000000,4.000000,4.000000,4.000000,4.000000,4.000000,4.000000,100.000000,,,,,,,,,,,,,,,,,,,,,,,,,,,,,,,,,,,,,,,,,,,,,,,,,,,,,,,,,,,,,,,,,,,,,,,,,,,,,,,,,,,,,,
1676060248.754608,1676060248.755117,60.000000,0.000000,4277.948730,4295.256348,4291.410156,4325.769043,4284.743652,4290.256348,4299.102539,4322.563965,4307.948730,4298.205078,4428.846191,4499.102539,4372.563965,4395.128418,0.000000,4.000000,85.000000,,,,0.000000,4.000000,4.000000,4.000000,4.000000,4.000000,4.000000,4.000000,4.000000,4.000000,4.000000,4.000000,4.000000,4.000000,4.000000,100.000000,,,,,,,,,,,,,,,,,,,,,,,,,,,,,,,,,,,,,,,,,,,,,,,,,,,,,,,,,,,,,,,,,,,,,,,,,,,,,,,,,,,,,,
1676060248.762416,1676060248.762925,61.000000,0.000000,4262.179688,4278.461426,4277.051270,4313.333496,4274.358887,4278.077148,4279.358887,4302.692383,4287.563965,4271.282227,4401.538574,4475.128418,4349.230957,4375.256348,0.000000,4.000000,85.000000,,,,0.000000,4.000000,4.000000,4.000000,4.000000,4.000000,4.000000,4.000000,4.000000,4.000000,4.000000,4.000000,4.000000,4.000000,4.000000,100.000000,,,,,,,,,,,,,,,,,,,,,,,,,,,,,,,,,,,,,,,,,,,,,,,,,,,,,,,,,,,,,,,,,,,,,,,,,,,,,,,,,,,,,,
1676060248.770224,1676060248.770834,62.000000,0.000000,4256.922852,4269.743652,4272.692383,4308.333496,4273.974121,4278.205078,4271.410156,4293.846191,4273.333496,4258.846191,4390.769043,4471.922852,4342.179688,4367.820313,0.000000,4.000000,85.000000,,,,0.000000,4.000000,4.000000,4.000000,4.000000,4.000000,4.000000,4.000000,4.000000,4.000000,4.000000,4.000000,4.000000,4.000000,4.000000,100.000000,,,,,,,,,,,,,,,,,2.162014,3.699332,1.590110,1.327817,1.177886,10.016590,6.227257,1.261588,1.361553,1.023970,3.352472,5.090524,2.006354,1.423286,1.081236,3.981819,4.235005,1.325407,1.144189,1.157924,2.514048,2.986795,1.003856,0.717212,0.584307,2.449335,2.223248,1.545728,0.665411,0.518583,2.541660,1.972615,0.925021,1.145717,0.759312,2.662150,2.675454,2.553639,1.448821,1.017046,2.150971,2.544900,1.890356,1.479802,1.005977,2.318249,2.232578,1.957698,1.655292,1.403951,5.057001,2.879541,4.675955,2.398766,1.956110,4.353177,4.263772,3.950241,2.254397,1.823136,1.822716,3.450952,3.645550,1.748828,1.886145,2.625305,3.508548,3.851264,2.061341,1.799888
1676060248.778033,1676060248.778642,63.000000,0.000000,4277.051270,4291.025879,4292.563965,4328.974121,4290.128418,4293.205078,4291.538574,4310.641113,4289.871582,4273.974121,4418.974121,4506.153809,4366.025879,4396.153809,0.000000,4.000000,85.000000,,,,0.000000,4.000000,4.000000,4.000000,4.000000,4.000000,4.000000,4.000000,4.000000,4.000000,4.000000,4.000000,4.000000,4.000000,4.000000,100.000000,,,,,,,,,,,,,,,,,,,,,,,,,,,,,,,,,,,,,,,,,,,,,,,,,,,,,,,,,,,,,,,,,,,,,,,,,,,,,,,,,,,,,,
1676060248.785841,1676060248.786451,64.000000,0.000000,4277.436035,4297.179688,4300.512695,4334.102539,4293.717773,4295.897461,4301.025879,4316.538574,4300.384766,4282.820313,4422.307617,4511.410156,4364.358887,4401.153809,2531.000000,4.000000,85.000000,,,,0.000000,4.000000,4.000000,4.000000,4.000000,4.000000,4.000000,4.000000,4.000000,4.000000,4.000000,4.000000,4.000000,4.000000,4.000000,100.000000,,,,,,,,,,,,,,,,,,,,,,,,,,,,,,,,,,,,,,,,,,,,,,,,,,,,,,,,,,,,,,,,,,,,,,,,,,,,,,,,,,,,,,
1676060248.793650,1676060248.794159,65.000000,0.000000,4270.000000,4286.794922,4292.307617,4323.461426,4285.897461,4293.974121,4293.461426,4308.846191,4287.307617,4280.897461,4404.871582,4496.410156,4351.025879,4387.179688,2479.000000,4.000000,85.000000,,,,0.000000,4.000000,4.000000,4.000000,4.000000,4.000000,4.000000,4.000000,4.000000,4.000000,4.000000,4.000000,4.000000,4.000000,4.000000,100.000000,,,,,,,,,,,,,,,,,,,,,,,,,,,,,,,,,,,,,,,,,,,,,,,,,,,,,,,,,,,,,,,,,,,,,,,,,,,,,,,,,,,,,,
1676060248.801458,1676060248.802068,66.000000,0.000000,4288.333496,4294.487305,4293.461426,4331.922852,4292.563965,4293.205078,4291.282227,4309.102539,4278.717773,4277.692383,4412.051270,4504.487305,4363.846191,4405.128418,2408.000000,4.000000,85.000000,,,,0.000000,4.000000,4.000000,4.000000,4.000000,4.000000,4.000000,4.000000,4.000000,4.000000,4.000000,4.000000,4.000000,4.000000,4.000000,100.000000,,,,,,,,,,,,,,,,,,,,,,,,,,,,,,,,,,,,,,,,,,,,,,,,,,,,,,,,,,,,,,,,,,,,,,,,,,,,,,,,,,,,,,
1676060248.809266,1676060248.809876,67.000000,0.000000,4293.077148,4302.948730,4296.153809,4337.692383,4297.563965,4289.615234,4293.333496,4308.974121,4279.487305,4268.333496,4415.256348,4501.922852,4361.794922,4412.179688,2471.000000,4.000000,85.000000,,,,0.000000,4.000000,4.000000,4.000000,4.000000,4.000000,4.000000,4.000000,4.000000,4.000000,4.000000,4.000000,4.000000,4.000000,4.000000,100.000000,,,,,,,,,,,,,,,,,,,,,,,,,,,,,,,,,,,,,,,,,,,,,,,,,,,,,,,,,,,,,,,,,,,,,,,,,,,,,,,,,,,,,,
1676060248.817075,1676060248.817684,68.000000,0.000000,4278.461426,4296.025879,4295.384766,4327.563965,4286.153809,4290.128418,4295.512695,4308.333496,4281.410156,4261.538574,4405.641113,4488.974121,4346.410156,4390.128418,2433.000000,4.000000,85.000000,,,,0.000000,4.000000,4.000000,4.000000,4.000000,4.000000,4.000000,4.000000,4.000000,4.000000,4.000000,4.000000,4.000000,4.000000,4.000000,100.000000,,,,,,,,,,,,,,,,,,,,,,,,,,,,,,,,,,,,,,,,,,,,,,,,,,,,,,,,,,,,,,,,,,,,,,,,,,,,,,,,,,,,,,
1676060248.824883,1676060248.825393,69.000000,0.000000,4283.461426,4294.871582,4296.794922,4328.461426,4278.077148,4289.102539,4292.436035,4310.641113,4285.128418,4265.384766,4407.948730,4493.717773,4354.743652,4390.384766,2371.000000,4.000000,85.000000,,,,0.000000,4.000000,4.000000,4.000000,4.000000,4.000000,4.000000,4.000000,4.000000,4.000000,4.000000,4.000000,4.000000,4.000000,4.000000,100.000000,,,,,,,,,,,,,,,,,,,,,,,,,,,,,,,,,,,,,,,,,,,,,,,,,,,,,,,,,,,,,,,,,,,,,,,,,,,,,,,,,,,,,,
1676060248.832692,1676060248.833301,70.000000,0.000000,4284.358887,4296.794922,4285.769043,4325.256348,4276.666504,4277.692383,4273.846191,4297.563965,4276.025879,4262.948730,4393.846191,4481.410156,4346.794922,4390.256348,2227.000000,4.000000,85.000000,,,,0.000000,4.000000,4.000000,4.000000,4.000000,4.000000,4.000000,4.000000,4.000000,4.000000,4.000000,4.000000,4.000000,4.000000,4.000000,100.000000,,,,,,,,,,,,,,,,,,,,,,,,,,,,,,,,,,,,,,,,,,,,,,,,,,,,,,,,,,,,,,,,,,,,,,,,,,,,,,,,,,,,,,
1676060248.840500,1676060248.841110,71.000000,0.000000,4274.487305,4293.205078,4280.641113,4314.615234,4277.820313,4273.461426,4268.717773,4297.436035,4277.436035,4266.025879,4391.025879,4471.282227,4339.871582,4381.153809,2241.000000,4.000000,85.000000,,,,0.000000,4.000000,4.000000,4.000000,4.000000,4.000000,4.000000,4.000000,4.000000,4.000000,4.000000,4.000000,4.000000,4.000000,4.000000,100.000000,,,,,,,,,,,,,,,,,,,,,,,,,,,,,,,,,,,,,,,,,,,,,,,,,,,,,,,,,,,,,,,,,,,,,,,,,,,,,,,,,,,,,,
1676060248.848308,1676060248.849018,72.000000,0.000000,4285.769043,4299.358887,4299.230957,4321.794922,4282.179688,4281.538574,4288.077148,4323.717773,4306.410156,4286.794922,4435.897461,4506.538574,4384.743652,4409.615234,2279.000000,4.000000,85.000000,,,,0.000000,4.000000,4.000000,4.000000,4.000000,4.000000,4.000000,4.000000,4.000000,4.000000,4.000000,4.000000,4.000000,4.000000,4.000000,100.000000,,,,,,,,,,,,,,,,,,,,,,,,,,,,,,,,,,,,,,,,,,,,,,,,,,,,,,,,,,,,,,,,,,,,,,,,,,,,,,,,,,,,,,
1676060248.856117,1676060248.856827,73.000000,0.000000,4291.410156,4301.922852,4303.846191,4326.538574,4278.205078,4278.589844,4289.743652,4324.358887,4311.410156,4290.769043,4450.897461,4520.000000,4405.384766,4427.051270,2254.000000,4.000000,85.000000,,,,0.000000,4.000000,4.000000,4.000000,4.000000,4.000000,4.000000,4.000000,4.000000,4.000000,4.000000,4.000000,4.000000,4.000000,4.000000,100.000000,,,,,,,,,,,,,,,,,,,,,,,,,,,,,,,,,,,,,,,,,,,,,,,,,,,,,,,,,,,,,,,,,,,,,,,,,,,,,,,,,,,,,,
1676060248.863925,1676060248.864735,74.000000,0.000000,4277.820313,4289.358887,4290.897461,4317.307617,4274.743652,4273.846191,4281.666504,4308.846191,4290.769043,4281.794922,4416.922852,4493.461426,4367.179688,4398.589844,2740.000000,4.000000,85.000000,,,,0.000000,4.000000,4.000000,4.000000,4.000000,4.000000,4.000000,4.000000,4.000000,4.000000,4.000000,4.000000,4.000000,4.000000,4.000000,100.000000,,,,,,,,,,,,,,,,,,,,,,,,,,,,,,,,,,,,,,,,,,,,,,,,,,,,,,,,,,,,,,,,,,,,,,,,,,,,,,,,,,,,,,
1676060248.871734,1676060248.872643,75.000000,0.000000,4274.743652,4285.128418,4290.897461,4317.307617,4282.436035,4284.358887,4292.563965,4315.769043,4289.358887,4279.230957,4412.692383,4492.948730,4356.153809,4392.820313,2930.000000,4.000000,85.000000,,,,0.000000,4.000000,4.000000,4.000000,4.000000,4.000000,4.000000,4.000000,4.000000,4.000000,4.000000,4.000000,4.000000,4.000000,4.000000,100.000000,,,,,,,,,,,,,,,,,,,,,,,,,,,,,,,,,,,,,,,,,,,,,,,,,,,,,,,,,,,,,,,,,,,,,,,,,,,,,,,,,,,,,,
1676060248.879542,1676060248.880452,76.000000,0.000000,4267.563965,4285.641113,4285.512695,4314.871582,4281.282227,4284.615234,4287.179688,4307.179688,4278.846191,4258.589844,4412.051270,4490.384766,4360.384766,4394.230957,3139.000000,4.000000,85.000000,,,,0.000000,4.000000,4.000000,4.000000,4.000000,4.000000,4.000000,4.000000,4.000000,4.000000,4.000000,4.000000,4.000000,4.000000,4.000000,100.000000,,,,,,,,,,,,,,,,,,,,,,,,,,,,,,,,,,,,,,,,,,,,,,,,,,,,,,,,,,,,,,,,,,,,,,,,,,,,,,,,,,,,,,
1676060248.887350,1676060248.888260,77.000000,0.000000,4256.153809,4286.922852,4273.974121,4308.846191,4272.948730,4274.358887,4267.307617,4281.922852,4255.897461,4243.077148,4381.794922,4465.512695,4332.948730,4368.461426,3249.000000,4.000000,85.000000,,,,0.000000,4.000000,4.000000,4.000000,4.000000,4.000000,4.000000,4.000000,4.000000,4.000000,4.000000,4.000000,4.000000,4.000000,4.000000,100.000000,,,,,,,,,,,,,,,,,,,,,,,,,,,,,,,,,,,,,,,,,,,,,,,,,,,,,,,,,,,,,,,,,,,,,,,,,,,,,,,,,,,,,,
1676060248.895159,1676060248.895969,78.000000,0.000000,4275.000000,4301.794922,4289.230957,4324.615234,4282.563965,4284.358887,4282.820313,4299.102539,4269.615234,4266.282227,4389.743652,4478.974121,4332.436035,4379.358887,2740.000000,4.000000,85.000000,,,,0.000000,4.000000,4.000000,4.000000,4.000000,4.000000,4.000000,4.000000,4.000000,4.000000,4.000000,4.000000,4.000000,4.000000,4.000000,100.000000,1.000000,75.000000,4.000000,4.000000,3.000000,4.000000,4.000000,4.000000,4.000000,4.000000,4.000000,3.000000,3.000000,3.000000,3.000000,3.000000,2.295703,4.242062,1.693190,1.549634,1.450711,10.299447,7.161760,1.245919,1.413214,1.283684,3.743192,6.340184,2.206529,1.688303,1.391372,4.318519,4.797382,1.338973,1.217038,1.383501,2.711082,3.536896,1.050412,0.809956,0.665407,2.586723,2.452545,1.646862,0.764458,0.546163,2.799238,2.423055,1.160995,1.375234,0.933650,3.087102,3.048229,2.476373,1.786762,1.293819,2.570904,3.024107,1.920855,1.777663,1.313920,2.857691,2.751282,1.969119,1.873513,1.690545,5.826653,3.340739,4.442461,2.810117,2.455803,5.454316,5.350314,4.201025,2.697845,2.361479,2.483866,3.929250,3.661919,1.972849,2.327004,2.994590,4.136463,3.941520,2.377772,2.269579
1676060248.902967,1676060248.903777,79.000000,0.000000,4298.846191,4313.205078,4311.282227,4342.051270,4299.358887,4301.666504,4305.000000,4324.358887,4291.153809,4282.820313,4420.128418,4510.128418,4359.230957,4412.179688,2930.000000,4.000000,85.000000,,,,0.000000,4.000000,4.000000,4.000000,4.000000,4.000000,4.000000,4.000000,4.000000,4.000000,4.000000,4.000000,4.000000,4.000000,4.000000,100.000000,,,,,,,,,,,,,,,,,,,,,,,,,,,,,,,,,,,,,,,,,,,,,,,,,,,,,,,,,,,,,,,,,,,,,,,,,,,,,,,,,,,,,,
1676060248.910776,1676060248.911486,80.000000,0.000000,4297.692383,4313.589844,4315.256348,4338.589844,4298.717773,4295.256348,4299.487305,4316.538574,4290.512695,4279.230957,4422.563965,4513.077148,4366.153809,4412.307617,3139.000000,4.000000,85.000000,,,,0.000000,4.000000,4.000000,4.000000,4.000000,4.000000,4.000000,4.000000,4.000000,4.000000,4.000000,4.000000,4.000000,4.000000,4.000000,100.000000,,,,,,,,,,,,,,,,,,,,,,,,,,,,,,,,,,,,,,,,,,,,,,,,,,,,,,,,,,,,,,,,,,,,,,,,,,,,,,,,,,,,,,
1676060248.918584,1676060248.919294,81.000000,0.000000,4290.256348,4309.487305,4304.743652,4324.871582,4280.256348,4279.871582,4286.922852,4303.589844,4286.153809,4279.358887,4419.871582,4500.641113,4364.358887,4405.384766,3249.000000,4.000000,85.000000,,,,0.000000,4.000000,4.000000,4.000000,4.000000,4.000000,4.000000,4.000000,4.000000,4.000000,4.000000,4.000000,4.000000,4.000000,4.000000,100.000000,,,,,,,,,,,,,,,,,,,,,,,,,,,,,,,,,,,,,,,,,,,,,,,,,,,,,,,,,,,,,,,,,,,,,,,,,,,,,,,,,,,,,,
1676060248.926392,1676060248.927003,82.000000,0.000000,4294.358887,4304.102539,4296.410156,4321.410156,4273.333496,4283.589844,4288.846191,4311.666504,4290.641113,4284.102539,4429.358887,4499.871582,4371.025879,4414.358887,2740.000000,4.000000,85.000000,,,,0.000000,4.000000,4.000000,4.000000,4.000000,4.000000,4.000000,4.000000,4.000000,4.000000,4.000000,4.000000,4.000000,4.000000,4.000000,100.000000,,,,,,,,,,,,,,,,,,,,,,,,,,,,,,,,,,,,,,,,,,,,,,,,,,,,,,,,,,,,,,,,,,,,,,,,,,,,,,,,,,,,,,
1676060248.934201,1676060248.934811,83.000000,0.000000,4297.820313,4305.256348,4299.102539,4328.077148,4284.871582,4291.410156,4295.641113,4327.563965,4303.589844,4287.948730,4434.102539,4506.794922,4375.512695,4420.384766,2930.000000,4.000000,85.000000,,,,0.000000,4.000000,4.000000,4.000000,4.000000,4.000000,4.000000,4.000000,4.000000,4.000000,4.000000,4.000000,4.000000,4.000000,4.000000,100.000000,,,,,,,,,,,,,,,,,,,,,,,,,,,,,,,,,,,,,,,,,,,,,,,,,,,,,,,,,,,,,,,,,,,,,,,,,,,,,,,,,,,,,,
1676060248.942009,1676060248.942520,84.000000,0.000000,4284.743652,4303.333496,4293.077148,4316.025879,4283.205078,4282.051270,4285.769043,4320.256348,4298.077148,4276.538574,4421.153809,4494.487305,4364.358887,4409.358887,3139.000000,4.000000,85.000000,,,,0.000000,4.000000,4.000000,4.000000,4.000000,4.000000,4.000000,4.000000,4.000000,4.000000,4.000000,4.000000,4.000000,4.000000,4.000000,100.000000,,,,,,,,,,,,,,,,,,,,,,,,,,,,,,,,,,,,,,,,,,,,,,,,,,,,,,,,,,,,,,,,,,,,,,,,,,,,,,,,,,,,,,
1676060248.949817,1676060248.950328,85.000000,0.000000,4274.230957,4292.948730,4283.846191,4298.974121,4272.563965,4274.102539,4276.025879,4305.128418,4279.615234,4268.077148,4409.743652,4478.333496,4358.205078,4396.153809,3249.000000,4.000000,85.000000,,,,0.000000,4.000000,4.000000,4.000000,4.000000,4.000000,4.000000,4.000000,4.000000,4.000000,4.000000,4.000000,4.000000,4.000000,4.000000,100.000000,,,,,,,,,,,,,,,,,,,,,,,,,,,,,,,,,,,,,,,,,,,,,,,,,,,,,,,,,,,,,,,,,,,,,,,,,,,,,,,,,,,,,,
1676060248.957626,1676060248.958037,86.000000,0.000000,4278.333496,4286.410156,4290.641113,4304.743652,4281.410156,4285.641113,4286.666504,4311.153809,4283.974121,4283.589844,4411.538574,4485.897461,4362.820313,4398.205078,2740.000000,4.000000,85.000000,,,,0.000000,4.000000,4.000000,4.000000,4.000000,4.000000,4.000000,4.000000,4.000000,4.000000,4.000000,4.000000,4.000000,4.000000,4.000000,100.000000,,,,,,,,,,,,,,,,,,,,,,,,,,,,,,,,,,,,,,,,,,,,,,,,,,,,,,,,,,,,,,,,,,,,,,,,,,,,,,,,,,,,,,
1676060248.965434,1676060248.965845,87.000000,0.000000,4284.743652,4293.205078,4300.512695,4316.410156,4295.769043,4297.563965,4300.256348,4321.153809,4293.589844,4287.563965,4414.102539,4498.077148,4353.974121,4405.384766,2930.000000,4.000000,85.000000,,,,0.000000,4.000000,4.000000,4.000000,4.000000,4.000000,4.000000,4.000000,4.000000,4.000000,4.000000,4.000000,4.000000,4.000000,4.000000,100.000000,,,,,,,,,,,,,,,,,,,,,,,,,,,,,,,,,,,,,,,,,,,,,,,,,,,,,,,,,,,,,,,,,,,,,,,,,,,,,,,,,,,,,,
1676060248.973243,1676060248.973554,88.000000,0.000000,4284.230957,4296.538574,4299.230957,4312.563965,4288.974121,4288.589844,4294.871582,4314.358887,4285.000000,4268.333496,4419.871582,4489.358887,4344.358887,4401.282227,3139.000000,4.000000,85.000000,,,,0.000000,4.000000,4.000000,4.000000,4.000000,4.000000,4.000000,4.000000,4.000000,4.000000,4.000000,4.000000,4.000000,4.000000,4.000000,100.000000,,,,,,,,,,,,,,,,,,,,,,,,,,,,,,,,,,,,,,,,,,,,,,,,,,,,,,,,,,,,,,,,,,,,,,,,,,,,,,,,,,,,,,
1676060248.981051,1676060248.981362,89.000000,0.000000,4278.974121,4285.128418,4292.820313,4305.256348,4274.487305,4273.717773,4282.692383,4298.461426,4275.256348,4259.102539,4432.820313,4472.948730,4345.512695,4392.692383,3249.000000,4.000000,85.000000,,,,0.000000,4.000000,4.000000,4.000000,4.000000,4.000000,4.000000,4.000000,4.000000,4.000000,4.000000,4.000000,4.000000,4.000000,4.000000,100.000000,,,,,,,,,,,,,,,,,,,,,,,,,,,,,,,,,,,,,,,,,,,,,,,,,,,,,,,,,,,,,,,,,,,,,,,,,,,,,,,,,,,,,,
1676060248.988859,1676060248.989071,90.000000,0.000000,4280.384766,4280.128418,4289.871582,4313.974121,4280.897461,4282.436035,4280.128418,4291.666504,4276.410156,4262.307617,4443.717773,4467.948730,4343.333496,4392.820313,2740.000000,4.000000,85.000000,,,,0.000000,4.000000,4.000000,4.000000,4.000000,4.000000,4.000000,4.000000,4.000000,4.000000,4.000000,4.000000,4.000000,4.000000,4.000000,100.000000,,,,,,,,,,,,,,,,,,,,,,,,,,,,,,,,,,,,,,,,,,,,,,,,,,,,,,,,,,,,,,,,,,,,,,,,,,,,,,,,,,,,,,
1676060248.996668,1676060248.996979,91.000000,0.000000,4294.743652,4301.538574,4302.307617,4335.897461,4305.384766,4303.974121,4292.051270,4303.461426,4287.051270,4274.487305,4463.589844,4483.333496,4349.102539,4405.256348,2930.000000,4.000000,85.000000,,,,0.000000,4.000000,4.000000,4.000000,4.000000,4.000000,4.000000,4.000000,4.000000,4.000000,4.000000,4.000000,4.000000,4.000000,4.000000,100.000000,,,,,,,,,,,,,,,,,,,,,,,,,,,,,,,,,,,,,,,,,,,,,,,,,,,,,,,,,,,,,,,,,,,,,,,,,,,,,,,,,,,,,,
1676060249.004476,1676060249.004787,92.000000,0.000000,4304.743652,4320.256348,4315.641113,4341.922852,4312.820313,4300.769043,4301.025879,4315.256348,4293.589844,4279.487305,4493.077148,4496.153809,4364.871582,4416.025879,3139.000000,4.000000,85.000000,,,,0.000000,4.000000,4.000000,4.000000,4.000000,4.000000,4.000000,4.000000,4.000000,4.000000,4.000000,4.000000,4.000000,4.000000,4.000000,100.000000,,,,,,,,,,,,,,,,,,,,,,,,,,,,,,,,,,,,,,,,,,,,,,,,,,,,,,,,,,,,,,,,,,,,,,,,,,,,,,,,,,,,,,
1676060249.012284,1676060249.012696,93.000000,0.000000,4290.769043,4304.615234,4302.436035,4319.487305,4291.025879,4280.769043,4285.769043,4300.128418,4278.846191,4253.077148,4491.666504,4477.436035,4354.102539,4403.846191,3249.000000,4.000000,85.000000,,,,0.000000,4.000000,4.000000,4.000000,4.000000,4.000000,4.000000,4.000000,4.000000,4.000000,4.000000,4.000000,4.000000,4.000000,4.000000,100.000000,,,,,,,,,,,,,,,,,,,,,,,,,,,,,,,,,,,,,,,,,,,,,,,,,,,,,,,,,,,,,,,,,,,,,,,,,,,,,,,,,,,,,,
1676060249.020093,1676060249.020504,94.000000,0.000000,4278.205078,4291.153809,4287.692383,4307.563965,4277.307617,4277.563965,4274.358887,4289.615234,4268.077148,4248.205078,4476.025879,4466.153809,4338.974121,4391.666504,2740.000000,4.000000,85.000000,,,,0.000000,4.000000,4.000000,4.000000,4.000000,4.000000,4.000000,4.000000,4.000000,4.000000,4.000000,4.000000,4.000000,4.000000,4.000000,100.000000,,,,,,,,,,,,,,,,,2.319355,4.580764,1.732137,1.651018,1.742639,9.587587,7.631367,1.235438,1.404577,1.569857,3.898186,7.253510,2.337057,1.829221,1.714792,4.351408,5.183434,1.329653,1.228003,1.616695,2.721159,3.810940,1.032626,0.850418,0.751079,2.462941,2.463757,1.596098,0.786820,0.581586,2.780732,2.673093,1.417597,1.475795,1.120392,3.281126,3.173392,2.338394,1.978639,1.599275,2.802052,3.187547,1.868878,1.949537,1.632062,3.177212,2.979822,2.008384,2.044071,1.992913,6.663487,3.742776,4.106319,2.965264,2.983229,6.118202,6.077915,4.397194,2.894694,2.898227,3.187973,4.264678,3.537520,2.022624,2.770708,3.193133,4.618787,3.900429,2.496771,2.728308
1676060249.027901,1676060249.028413,95.000000,0.000000,4280.000000,4294.102539,4288.974121,4311.153809,4280.128418,4282.179688,4279.743652,4300.512695,4277.179688,4276.666504,4477.051270,4475.000000,4343.846191,4397.051270,2930.000000,4.000000,85.000000,,,,0.000000,4.000000,4.000000,4.000000,4.000000,4.000000,4.000000,4.000000,4.000000,4.000000,4.000000,4.000000,4.000000,4.000000,4.000000,100.000000,,,,,,,,,,,,,,,,,,,,,,,,,,,,,,,,,,,,,,,,,,,,,,,,,,,,,,,,,,,,,,,,,,,,,,,,,,,,,,,,,,,,,,
1676060249.035710,1676060249.036221,96.000000,0.000000,4280.384766,4292.563965,4290.512695,4305.641113,4275.641113,4278.461426,4280.512695,4305.512695,4284.358887,4280.769043,4473.461426,4475.384766,4344.615234,4396.666504,3139.000000,4.000000,85.000000,,,,0.000000,4.000000,4.000000,4.000000,4.000000,4.000000,4.000000,4.000000,4.000000,4.000000,4.000000,4.000000,4.000000,4.000000,4.000000,100.000000,,,,,,,,,,,,,,,,,,,,,,,,,,,,,,,,,,,,,,,,,,,,,,,,,,,,,,,,,,,,,,,,,,,,,,,,,,,,,,,,,,,,,,
1676060249.043518,1676060249.044129,97.000000,0.000000,4292.692383,4302.692383,4302.692383,4311.666504,4280.512695,4285.000000,4290.000000,4317.820313,4295.769043,4280.384766,4479.230957,4489.102539,4356.282227,4406.794922,3249.000000,4.000000,85.000000,,,,0.000000,4.000000,4.000000,4.000000,4.000000,4.000000,4.000000,4.000000,4.000000,4.000000,4.000000,4.000000,4.000000,4.000000,4.000000,100.000000,,,,,,,,,,,,,,,,,,,,,,,,,,,,,,,,,,,,,,,,,,,,,,,,,,,,,,,,,,,,,,,,,,,,,,,,,,,,,,,,,,,,,,
1676060249.051326,1676060249.051938,98.000000,0.000000,4307.179688,4316.538574,4316.153809,4327.948730,4296.794922,4299.102539,4305.256348,4333.974121,4305.384766,4290.128418,4495.512695,4513.205078,4375.384766,4429.743652,2740.000000,4.000000,85.000000,,,,0.000000,4.000000,4.000000,4.000000,4.000000,4.000000,4.000000,4.000000,4.000000,4.000000,4.000000,4.000000,4.000000,4.000000,4.000000,100.000000,,,,,,,,,,,,,,,,,,,,,,,,,,,,,,,,,,,,,,,,,,,,,,,,,,,,,,,,,,,,,,,,,,,,,,,,,,,,,,,,,,,,,,
1676060249.059135,1676060249.059846,99.000000,0.000000,4293.333496,4301.025879,4305.512695,4317.307617,4290.256348,4294.871582,4295.000000,4322.563965,4293.205078,4274.743652,4481.922852,4501.538574,4360.128418,4419.102539,2930.000000,4.000000,85.000000,,,,0.000000,4.000000,4.000000,4.000000,4.000000,4.000000,4.000000,4.000000,4.000000,4.000000,4.000000,4.000000,4.000000,4.000000,4.000000,100.000000,,,,,,,,,,,,,,,,,,,,,,,,,,,,,,,,,,,,,,,,,,,,,,,,,,,,,,,,,,,,,,,,,,,,,,,,,,,,,,,,,,,,,,
1676060249.066943,1676060249.067655,100.000000,0.000000,4281.666504,4286.410156,4302.051270,4304.358887,4281.794922,4290.641113,4286.153809,4308.077148,4289.230957,4274.102539,4467.948730,4484.358887,4346.410156,4403.077148,3139.000000,4.000000,85.000000,,,,0.000000,4.000000,4.000000,4.000000,4.000000,4.000000,4.000000,4.000000,4.000000,4.000000,4.000000,4.000000,4.000000,4.000000,4.000000,100.000000,,,,,,,,,,,,,,,,,,,,,,,,,,,,,,,,,,,,,,,,,,,,,,,,,,,,,,,,,,,,,,,,,,,,,,,,,,,,,,,,,,,,,,
1676060249.074752,1676060249.075363,101.000000,0.000000,4297.051270,4301.538574,4320.512695,4320.769043,4300.641113,4303.077148,4302.436035,4313.205078,4296.153809,4297.948730,4484.487305,4497.307617,4369.230957,4422.307617,3249.000000,4.000000,85.000000,,,,0.000000,4.000000,4.000000,4.000000,4.000000,4.000000,4.000000,4.000000,4.000000,4.000000,4.000000,4.000000,4.000000,4.000000,4.000000,100.000000,,,,,,,,,,,,,,,,,,,,,,,,,,,,,,,,,,,,,,,,,,,,,,,,,,,,,,,,,,,,,,,,,,,,,,,,,,,,,,,,,,,,,,
1676060249.082560,1676060249.083172,102.000000,0.000000,4298.974121,4304.487305,4318.205078,4326.025879,4310.641113,4305.512695,4304.230957,4310.897461,4285.512695,4284.358887,4481.922852,4497.051270,4370.128418,4428.205078,2740.000000,4.000000,85.000000,,,,0.000000,4.000000,4.000000,4.000000,4.000000,4.000000,4.000000,4.000000,4.000000,4.000000,4.000000,4.000000,4.000000,4.000000,4.000000,100.000000,,,,,,,,,,,,,,,,,,,,,,,,,,,,,,,,,,,,,,,,,,,,,,,,,,,,,,,,,,,,,,,,,,,,,,,,,,,,,,,,,,,,,,
1676060249.090368,1676060249.090880,103.000000,0.000000,4285.897461,4289.230957,4299.102539,4313.205078,4301.153809,4297.179688,4290.641113,4302.948730,4274.358887,4263.205078,4460.256348,4480.256348,4342.692383,4408.717773,2930.000000,4.000000,85.000000,,,,0.000000,4.000000,4.000000,4.000000,4.000000,4.000000,4.000000,4.000000,4.000000,4.000000,4.000000,4.000000,4.000000,4.000000,4.000000,100.000000,,,,,,,,,,,,,,,,,,,,,,,,,,,,,,,,,,,,,,,,,,,,,,,,,,,,,,,,,,,,,,,,,,,,,,,,,,,,,,,,,,,,,,
1676060249.098177,1676060249.098689,104.000000,0.000000,4288.846191,4294.230957,4300.512695,4318.205078,4303.461426,4298.589844,4291.410156,4306.538574,4279.487305,4273.589844,4466.153809,4477.179688,4347.692383,4405.000000,3139.000000,4.000000,85.000000,,,,0.000000,4.000000,4.000000,4.000000,4.000000,4.000000,4.000000,4.000000,4.000000,4.000000,4.000000,4.000000,4.000000,4.000000,4.000000,100.000000,,,,,,,,,,,,,,,,,,,,,,,,,,,,,,,,,,,,,,,,,,,,,,,,,,,,,,,,,,,,,,,,,,,,,,,,,,,,,,,,,,,,,,
1676060249.105985,1676060249.106397,105.000000,0.000000,4298.333496,4310.897461,4311.922852,4327.820313,4308.846191,4300.897461,4296.410156,4307.563965,4284.358887,4284.102539,4478.461426,4481.282227,4366.538574,4415.128418,3249.000000,4.000000,85.000000,,,,0.000000,4.000000,4.000000,4.000000,4.000000,4.000000,4.000000,4.000000,4.000000,4.000000,4.000000,4.000000,4.000000,4.000000,4.000000,100.000000,,,,,,,,,,,,,,,,,,,,,,,,,,,,,,,,,,,,,,,,,,,,,,,,,,,,,,,,,,,,,,,,,,,,,,,,,,,,,,,,,,,,,,
1676060249.113793,1676060249.114206,106.000000,0.000000,4301.538574,4313.205078,4312.051270,4325.512695,4305.641113,4292.563965,4295.000000,4309.743652,4288.205078,4283.717773,4473.717773,4485.000000,4361.922852,4418.974121,2740.000000,4.000000,85.000000,,,,0.000000,4.000000,4.000000,4.000000,4.000000,4.000000,4.000000,4.000000,4.000000,4.000000,4.000000,4.000000,4.000000,4.000000,4.000000,100.000000,,,,,,,,,,,,,,,,,,,,,,,,,,,,,,,,,,,,,,,,,,,,,,,,,,,,,,,,,,,,,,,,,,,,,,,,,,,,,,,,,,,,,,
1676060249.121602,1676060249.121914,107.000000,0.000000,4299.487305,4310.000000,4310.000000,4327.563965,4301.282227,4286.153809,4295.000000,4317.179688,4296.153809,4277.692383,4473.077148,4491.922852,4357.307617,4418.974121,2930.000000,4.000000,85.000000,,,,0.000000,4.000000,4.000000,4.000000,4.000000,4.000000,4.000000,4.000000,4.000000,4.000000,4.000000,4.000000,4.000000,4.000000,4.000000,100.000000,,,,,,,,,,,,,,,,,,,,,,,,,,,,,,,,,,,,,,,,,,,,,,,,,,,,,,,,,,,,,,,,,,,,,,,,,,,,,,,,,,,,,,
1676060249.129410,1676060249.129723,108.000000,0.000000,4297.307617,4309.615234,4313.589844,4328.589844,4294.615234,4290.128418,4294.615234,4315.897461,4296.025879,4270.641113,4478.717773,4496.538574,4365.128418,4420.897461,3139.000000,4.000000,85.000000,,,,0.000000,4.000000,4.000000,4.000000,4.000000,4.000000,4.000000,4.000000,4.000000,4.000000,4.000000,4.000000,4.000000,4.000000,4.000000,100.000000,,,,,,,,,,,,,,,,,,,,,,,,,,,,,,,,,,,,,,,,,,,,,,,,,,,,,,,,,,,,,,,,,,,,,,,,,,,,,,,,,,,,,,
1676060249.137219,1676060249.137431,109.000000,0.000000,4299.102539,4302.563965,4310.256348,4316.794922,4292.307617,4295.000000,4292.307617,4309.358887,4289.871582,4275.641113,4472.051270,4489.358887,4358.461426,4416.538574,3249.000000,4.000000,85.000000,,,,0.000000,4.000000,4.000000,4.000000,4.000000,4.000000,4.000000,4.000000,4.000000,4.000000,4.000000,4.000000,4.000000,4.000000,4.000000,100.000000,,,,,,,,,,,,,,,,,,,,,,,,,,,,,,,,,,,,,,,,,,,,,,,,,,,,,,,,,,,,,,,,,,,,,,,,,,,,,,,,,,,,,,
1676060249.145027,1676060249.145240,110.000000,0.000000,4298.333496,4296.538574,4301.922852,4310.512695,4295.897461,4294.230957,4292.179688,4309.230957,4288.077148,4283.333496,4462.820313,4479.487305,4345.384766,4406.410156,2740.000000,4.000000,85.000000,,,,0.000000,4.000000,4.000000,4.000000,4.000000,4.000000,4.000000,4.000000,4.000000,4.000000,4.000000,4.000000,4.000000,4.000000,4.000000,100.000000,,,,,,,,,,,,,,,,,2.213406,4.655979,1.703500,1.597336,1.967776,7.986951,7.473909,1.209955,1.324628,1.793042,3.777946,7.633898,2.389181,1.796009,1.956261,4.050711,5.221826,1.277164,1.160270,1.778845,2.530927,3.736603,0.944073,0.820552,0.816229,2.087965,2.280314,1.431007,0.721284,0.609251,2.475918,2.676758,1.639666,1.412475,1.270405,3.138881,2.964501,2.184651,1.958270,1.849756,2.764743,2.991508,1.770801,1.926836,1.879436,3.162063,2.835939,2.054235,2.101380,2.234892,7.031384,3.769675,3.800374,2.822130,3.389990,6.185231,6.169227,4.528977,2.786023,3.278985,3.724217,4.247449,3.353381,1.902719,3.097707,3.160836,4.779974,3.795225,2.396813,3.046211
1676060249.152835,1676060249.152948,111.000000,0.000000,4292.563965,4294.230957,4304.487305,4311.666504,4297.692383,4292.563965,4292.179688,4312.948730,4292.307617,4280.512695,4465.256348,4482.179688,4350.256348,4406.794922,2930.000000,4.000000,85.000000,,,,0.000000,4.000000,4.000000,4.000000,4.000000,4.000000,4.000000,4.000000,4.000000,4.000000,4.000000,4.000000,4.000000,4.000000,4.000000,100.000000,,,,,,,,,,,,,,,,,,,,,,,,,,,,,,,,,,,,,,,,,,,,,,,,,,,,,,,,,,,,,,,,,,,,,,,,,,,,,,,,,,,,,,
1676060249.160644,1676060249.160857,112.000000,0.000000,4295.384766,4294.487305,4314.358887,4314.615234,4303.333496,4298.846191,4298.589844,4319.102539,4300.512695,4280.256348,4481.410156,4493.846191,4365.128418,4425.128418,3139.000000,4.000000,85.000000,,,,0.000000,4.000000,4.000000,4.000000,4.000000,4.000000,4.000000,4.000000,4.000000,4.000000,4.000000,4.000000,4.000000,4.000000,4.000000,100.000000,,,,,,,,,,,,,,,,,,,,,,,,,,,,,,,,,,,,,,,,,,,,,,,,,,,,,,,,,,,,,,,,,,,,,,,,,,,,,,,,,,,,,,
1676060249.168452,1676060249.168665,113.000000,0.000000,4303.717773,4300.256348,4314.871582,4317.692383,4309.102539,4298.974121,4302.307617,4321.666504,4301.153809,4283.589844,4491.410156,4497.563965,4369.102539,4433.333496,3249.000000,4.000000,85.000000,,,,0.000000,4.000000,4.000000,4.000000,4.000000,4.000000,4.000000,4.000000,4.000000,4.000000,4.000000,4.000000,4.000000,4.000000,4.000000,100.000000,,,,,,,,,,,,,,,,,,,,,,,,,,,,,,,,,,,,,,,,,,,,,,,,,,,,,,,,,,,,,,,,,,,,,,,,,,,,,,,,,,,,,,
1676060249.176261,1676060249.176573,114.000000,0.000000,4292.436035,4296.282227,4308.589844,4312.948730,4305.128418,4293.974121,4297.820313,4313.077148,4292.820313,4284.358887,4482.179688,4491.410156,4361.538574,4419.615234,2740.000000,4.000000,85.000000,,,,0.000000,4.000000,4.000000,4.000000,4.000000,4.000000,4.000000,4.000000,4.000000,4.000000,4.000000,4.000000,4.000000,4.000000,4.000000,100.000000,,,,,,,,,,,,,,,,,,,,,,,,,,,,,,,,,,,,,,,,,,,,,,,,,,,,,,,,,,,,,,,,,,,,,,,,,,,,,,,,,,,,,,
1676060249.184069,1676060249.184382,115.000000,0.000000,4278.461426,4279.230957,4307.563965,4306.410156,4303.077148,4300.769043,4299.743652,4307.051270,4288.461426,4282.820313,4471.153809,4487.563965,4355.128418,4411.410156,2930.000000,4.000000,85.000000,,,,0.000000,4.000000,4.000000,4.000000,4.000000,4.000000,4.000000,4.000000,4.000000,4.000000,4.000000,4.000000,4.000000,4.000000,4.000000,100.000000,,,,,,,,,,,,,,,,,,,,,,,,,,,,,,,,,,,,,,,,,,,,,,,,,,,,,,,,,,,,,,,,,,,,,,,,,,,,,,,,,,,,,,
1676060249.191877,1676060249.192290,116.000000,0.000000,4286.794922,4279.102539,4311.410156,4313.077148,4307.436035,4303.974121,4304.871582,4316.922852,4296.538574,4280.769043,4475.512695,4489.102539,4355.769043,4414.102539,3139.000000,4.000000,85.000000,,,,0.000000,4.000000,4.000000,4.000000,4.000000,4.000000,4.000000,4.000000,4.000000,4.000000,4.000000,4.000000,4.000000,4.000000,4.000000,100.000000,,,,,,,,,,,,,,,,,,,,,,,,,,,,,,,,,,,,,,,,,,,,,,,,,,,,,,,,,,,,,,,,,,,,,,,,,,,,,,,,,,,,,,
1676060249.199686,1676060249.200099,117.000000,0.000000,4298.846191,4303.846191,4313.333496,4325.128418,4305.128418,4293.077148,4301.666504,4324.615234,4302.948730,4281.538574,4484.615234,4490.897461,4362.692383,4419.230957,3249.000000,4.000000,85.000000,,,,0.000000,4.000000,4.000000,4.000000,4.000000,4.000000,4.000000,4.000000,4.000000,4.000000,4.000000,4.000000,4.000000,4.000000,4.000000,100.000000,,,,,,,,,,,,,,,,,,,,,,,,,,,,,,,,,,,,,,,,,,,,,,,,,,,,,,,,,,,,,,,,,,,,,,,,,,,,,,,,,,,,,,
1676060249.207494,1676060249.208007,118.000000,0.000000,4291.794922,4317.820313,4305.512695,4324.743652,4293.717773,4289.102539,4288.846191,4307.692383,4288.846191,4271.922852,4472.051270,4474.743652,4358.205078,4412.820313,2740.000000,4.000000,85.000000,,,,0.000000,4.000000,4.000000,4.000000,4.000000,4.000000,4.000000,4.000000,4.000000,4.000000,4.000000,4.000000,4.000000,4.000000,4.000000,100.000000,,,,,,,,,,,,,,,,,,,,,,,,,,,,,,,,,,,,,,,,,,,,,,,,,,,,,,,,,,,,,,,,,,,,,,,,,,,,,,,,,,,,,,
1676060249.215302,1676060249.215815,119.000000,0.000000,4288.974121,4322.307617,4303.333496,4329.230957,4296.794922,4298.846191,4287.563965,4298.717773,4282.948730,4267.820313,4453.717773,4461.666504,4340.128418,4400.256348,2930.000000,4.000000,85.000000,,,,0.000000,4.000000,4.000000,4.000000,4.000000,4.000000,4.000000,4.000000,4.000000,4.000000,4.000000,4.000000,4.000000,4.000000,4.000000,100.000000,,,,,,,,,,,,,,,,,,,,,,,,,,,,,,,,,,,,,,,,,,,,,,,,,,,,,,,,,,,,,,,,,,,,,,,,,,,,,,,,,,,,,,
1676060249.223111,1676060249.223724,120.000000,0.000000,4295.384766,4333.846191,4312.692383,4337.563965,4312.820313,4303.717773,4296.282227,4317.436035,4299.102539,4283.077148,4457.563965,4473.077148,4337.307617,4397.436035,3139.000000,4.000000,85.000000,,,,0.000000,4.000000,4.000000,4.000000,4.000000,4.000000,4.000000,4.000000,4.000000,4.000000,4.000000,4.000000,4.000000,4.000000,4.000000,100.000000,,,,,,,,,,,,,,,,,,,,,,,,,,,,,,,,,,,,,,,,,,,,,,,,,,,,,,,,,,,,,,,,,,,,,,,,,,,,,,,,,,,,,,
1676060249.230919,1676060249.231532,121.000000,0.000000,4285.897461,4335.256348,4311.025879,4333.077148,4309.871582,4298.589844,4291.410156,4314.102539,4295.641113,4284.871582,4464.743652,4472.179688,4345.897461,4394.358887,3249.000000,4.000000,85.000000,,,,0.000000,4.000000,4.000000,4.000000,4.000000,4.000000,4.000000,4.000000,4.000000,4.000000,4.000000,4.000000,4.000000,4.000000,4.000000,100.000000,,,,,,,,,,,,,,,,,,,,,,,,,,,,,,,,,,,,,,,,,,,,,,,,,,,,,,,,,,,,,,,,,,,,,,,,,,,,,,,,,,,,,,
1676060249.238728,1676060249.239241,122.000000,0.000000,4269.487305,4322.692383,4294.615234,4324.102539,4294.102539,4287.563965,4277.692383,4283.461426,4275.384766,4265.512695,4452.820313,4450.384766,4333.461426,4377.948730,2740.000000,4.000000,85.000000,,,,0.000000,4.000000,4.000000,4.000000,4.000000,4.000000,4.000000,4.000000,4.000000,4.000000,4.000000,4.000000,4.000000,4.000000,4.000000,100.000000,,,,,,,,,,,,,,,,,,,,,,,,,,,,,,,,,,,,,,,,,,,,,,,,,,,,,,,,,,,,,,,,,,,,,,,,,,,,,,,,,,,,,,
1676060249.246536,1676060249.247049,123.000000,0.000000,4261.153809,4311.538574,4282.563965,4316.922852,4292.051270,4281.538574,4273.205078,4278.589844,4273.461426,4257.051270,4451.538574,4440.769043,4316.666504,4361.922852,2930.000000,4.000000,85.000000,,,,0.000000,4.000000,4.000000,4.000000,4.000000,4.000000,4.000000,4.000000,4.000000,4.000000,4.000000,4.000000,4.000000,4.000000,4.000000,100.000000,,,,,,,,,,,,,,,,,,,,,,,,,,,,,,,,,,,,,,,,,,,,,,,,,,,,,,,,,,,,,,,,,,,,,,,,,,,,,,,,,,,,,,
1676060249.254344,1676060249.254758,124.000000,0.000000,4260.512695,4313.077148,4288.846191,4318.205078,4300.512695,4293.077148,4282.436035,4296.794922,4281.666504,4268.077148,4485.000000,4453.717773,4331.153809,4370.000000,3139.000000,4.000000,85.000000,,,,0.000000,4.000000,4.000000,4.000000,4.000000,4.000000,4.000000,4.000000,4.000000,4.000000,4.000000,4.000000,4.000000,4.000000,4.000000,100.000000,,,,,,,,,,,,,,,,,,,,,,,,,,,,,,,,,,,,,,,,,,,,,,,,,,,,,,,,,,,,,,,,,,,,,,,,,,,,,,,,,,,,,,
1676060249.262153,1676060249.262666,125.000000,0.000000,4267.051270,4324.102539,4302.692383,4325.641113,4306.922852,4303.333496,4293.589844,4308.717773,4290.256348,4279.358887,4517.307617,4475.769043,4356.538574,4390.384766,3249.000000,4.000000,85.000000,,,,0.000000,4.000000,4.000000,4.000000,4.000000,4.000000,4.000000,4.000000,4.000000,4.000000,4.000000,4.000000,4.000000,4.000000,4.000000,100.000000,,,,,,,,,,,,,,,,,,,,,,,,,,,,,,,,,,,,,,,,,,,,,,,,,,,,,,,,,,,,,,,,,,,,,,,,,,,,,,,,,,,,,,
1676060249.269961,1676060249.270474,126.000000,0.000000,4265.512695,4318.333496,4300.256348,4322.436035,4307.307617,4300.128418,4299.102539,4315.384766,4298.974121,4276.922852,4515.256348,4481.282227,4356.153809,4389.102539,2740.000000,4.000000,85.000000,,,,0.000000,4.000000,4.000000,4.000000,4.000000,4.000000,4.000000,4.000000,4.000000,4.000000,4.000000,4.000000,4.000000,4.000000,4.000000,100.000000,,,,,,,,,,,,,,,,,2.012616,4.490700,1.634643,1.407382,2.048840,5.978630,6.744961,1.164609,1.184253,1.876193,3.441469,7.430178,2.376916,1.604371,2.035591,3.588081,4.867013,1.181879,1.019761,1.804552,2.185030,3.355580,0.796988,0.732447,0.839370,1.599643,1.990619,1.209475,0.592464,0.615794,1.975713,2.465417,1.770498,1.214963,1.340354,2.712319,2.479223,2.058864,1.741830,1.970060,2.474869,2.538345,1.692648,1.715179,1.989565,2.825732,2.389490,2.084157,2.028985,2.346540,6.726954,3.328950,3.656412,2.438225,3.543521,5.717760,5.566897,4.579398,2.429115,3.385705,3.915452,3.837113,3.218190,1.674609,3.208570,2.911827,4.551784,3.696245,2.126383,3.122459
1676060249.277769,1676060249.278283,127.000000,0.000000,4248.205078,4288.846191,4278.974121,4304.615234,4297.820313,4294.230957,4293.333496,4307.051270,4286.538574,4263.077148,4485.256348,4456.666504,4327.820313,4360.384766,85.000000,4.000000,85.000000,,,,0.000000,4.000000,4.000000,4.000000,4.000000,4.000000,4.000000,4.000000,4.000000,4.000000,4.000000,4.000000,4.000000,4.000000,4.000000,100.000000,,,,,,,,,,,,,,,,,,,,,,,,,,,,,,,,,,,,,,,,,,,,,,,,,,,,,,,,,,,,,,,,,,,,,,,,,,,,,,,,,,,,,,
1676060249.285578,1676060249.285991,0.000000,0.000000,4243.717773,4282.436035,4276.282227,4300.897461,4297.436035,4296.282227,4290.128418,4294.487305,4272.307617,4263.846191,4475.128418,4444.102539,4315.641113,4350.641113,2525.000000,4.000000,85.000000,,,,0.000000,4.000000,4.000000,4.000000,4.000000,4.000000,4.000000,4.000000,4.000000,4.000000,4.000000,4.000000,4.000000,4.000000,4.000000,100.000000,,,,,,,,,,,,,,,,,,,,,,,,,,,,,,,,,,,,,,,,,,,,,,,,,,,,,,,,,,,,,,,,,,,,,,,,,,,,,,,,,,,,,,
1676060249.293386,1676060249.293800,1.000000,0.000000,4260.384766,4303.077148,4298.846191,4314.230957,4306.794922,4303.846191,4296.538574,4304.871582,4287.948730,4279.615234,4499.358887,4467.820313,4340.128418,4376.794922,2471.000000,4.000000,85.000000,,,,0.000000,4.000000,4.000000,4.000000,4.000000,4.000000,4.000000,4.000000,4.000000,4.000000,4.000000,4.000000,4.000000,4.000000,4.000000,100.000000,,,,,,,,,,,,,,,,,,,,,,,,,,,,,,,,,,,,,,,,,,,,,,,,,,,,,,,,,,,,,,,,,,,,,,,,,,,,,,,,,,,,,,
1676060249.301195,1676060249.301508,2.000000,0.000000,4268.077148,4305.000000,4305.897461,4318.461426,4302.692383,4306.282227,4295.897461,4313.974121,4301.153809,4282.948730,4513.846191,4481.410156,4355.641113,4386.794922,2393.000000,4.000000,85.000000,,,,0.000000,4.000000,4.000000,4.000000,4.000000,4.000000,4.000000,4.000000,4.000000,4.000000,4.000000,4.000000,4.000000,4.000000,4.000000,100.000000,,,,,,,,,,,,,,,,,,,,,,,,,,,,,,,,,,,,,,,,,,,,,,,,,,,,,,,,,,,,,,,,,,,,,,,,,,,,,,,,,,,,,,
1676060249.309003,1676060249.309417,3.000000,0.000000,4265.769043,4298.205078,4298.461426,4319.743652,4298.974121,4297.563965,4290.769043,4303.461426,4293.589844,4278.077148,4507.307617,4473.205078,4341.410156,4374.358887,2474.000000,4.000000,85.000000,,,,0.000000,4.000000,4.000000,4.000000,4.000000,4.000000,4.000000,4.000000,4.000000,4.000000,4.000000,4.000000,4.000000,4.000000,4.000000,100.000000,,,,,,,,,,,,,,,,,,,,,,,,,,,,,,,,,,,,,,,,,,,,,,,,,,,,,,,,,,,,,,,,,,,,,,,,,,,,,,,,,,,,,,
1676060249.316811,1676060249.317225,4.000000,0.000000,4273.461426,4309.230957,4304.743652,4328.717773,4309.487305,4294.230957,4292.307617,4305.000000,4293.589844,4283.589844,4514.487305,4473.077148,4342.307617,4383.333496,2429.000000,4.000000,85.000000,,,,0.000000,4.000000,4.000000,4.000000,4.000000,4.000000,4.000000,4.000000,4.000000,4.000000,4.000000,4.000000,4.000000,4.000000,4.000000,100.000000,,,,,,,,,,,,,,,,,,,,,,,,,,,,,,,,,,,,,,,,,,,,,,,,,,,,,,,,,,,,,,,,,,,,,,,,,,,,,,,,,,,,,,
1676060249.324620,1676060249.325134,5.000000,0.000000,4284.102539,4319.871582,4319.871582,4337.692383,4314.871582,4305.512695,4302.307617,4320.000000,4305.384766,4293.333496,4533.077148,4480.769043,4362.179688,4403.077148,2366.000000,4.000000,85.000000,,,,0.000000,4.000000,4.000000,4.000000,4.000000,4.000000,4.000000,4.000000,4.000000,4.000000,4.000000,4.000000,4.000000,4.000000,4.000000,100.000000,,,,,,,,,,,,,,,,,,,,,,,,,,,,,,,,,,,,,,,,,,,,,,,,,,,,,,,,,,,,,,,,,,,,,,,,,,,,,,,,,,,,,,
1676060249.332428,1676060249.332942,6.000000,0.000000,4283.205078,4323.846191,4320.897461,4339.487305,4308.589844,4312.820313,4308.974121,4323.333496,4310.512695,4288.333496,4537.563965,4485.897461,4361.153809,4401.794922,2221.000000,4.000000,85.000000,,,,0.000000,4.000000,4.000000,4.000000,4.000000,4.000000,4.000000,4.000000,4.000000,4.000000,4.000000,4.000000,4.000000,4.000000,4.000000,100.000000,,,,,,,,,,,,,,,,,,,,,,,,,,,,,,,,,,,,,,,,,,,,,,,,,,,,,,,,,,,,,,,,,,,,,,,,,,,,,,,,,,,,,,
1676060249.340237,1676060249.340850,7.000000,0.000000,4279.230957,4328.589844,4315.512695,4338.974121,4309.102539,4310.128418,4304.871582,4318.717773,4305.641113,4276.025879,4537.436035,4486.282227,4353.974121,4395.128418,2234.000000,4.000000,85.000000,,,,0.000000,4.000000,4.000000,4.000000,4.000000,4.000000,4.000000,4.000000,4.000000,4.000000,4.000000,4.000000,4.000000,4.000000,4.000000,100.000000,,,,,,,,,,,,,,,,,,,,,,,,,,,,,,,,,,,,,,,,,,,,,,,,,,,,,,,,,,,,,,,,,,,,,,,,,,,,,,,,,,,,,,
1676060249.348045,1676060249.348659,8.000000,0.000000,4280.897461,4321.922852,4310.384766,4336.153809,4313.589844,4306.025879,4293.333496,4309.102539,4292.436035,4275.256348,4533.077148,4474.615234,4354.743652,4393.205078,2271.000000,4.000000,85.000000,,,,0.000000,4.000000,4.000000,4.000000,4.000000,4.000000,4.000000,4.000000,4.000000,4.000000,4.000000,4.000000,4.000000,4.000000,4.000000,100.000000,,,,,,,,,,,,,,,,,,,,,,,,,,,,,,,,,,,,,,,,,,,,,,,,,,,,,,,,,,,,,,,,,,,,,,,,,,,,,,,,,,,,,,
1676060249.355853,1676060249.356567,9.000000,0.000000,4280.769043,4304.230957,4300.641113,4325.256348,4315.000000,4301.282227,4284.358887,4297.820313,4279.487305,4275.512695,4524.358887,4460.000000,4340.512695,4383.077148,2227.000000,4.000000,85.000000,,,,0.000000,4.000000,4.000000,4.000000,4.000000,4.000000,4.000000,4.000000,4.000000,4.000000,4.000000,4.000000,4.000000,4.000000,4.000000,100.000000,,,,,,,,,,,,,,,,,,,,,,,,,,,,,,,,,,,,,,,,,,,,,,,,,,,,,,,,,,,,,,,,,,,,,,,,,,,,,,,,,,,,,,
1676060249.363662,1676060249.364376,10.000000,0.000000,4271.282227,4293.717773,4288.974121,4313.589844,4307.948730,4298.077148,4280.384766,4289.487305,4276.794922,4267.179688,4517.692383,4450.512695,4321.794922,4372.692383,2728.000000,4.000000,85.000000,,,,0.000000,4.000000,4.000000,4.000000,4.000000,4.000000,4.000000,4.000000,4.000000,4.000000,4.000000,4.000000,4.000000,4.000000,4.000000,100.000000,,,,,,,,,,,,,,,,,,,,,,,,,,,,,,,,,,,,,,,,,,,,,,,,,,,,,,,,,,,,,,,,,,,,,,,,,,,,,,,,,,,,,,
1676060249.371470,1676060249.372284,11.000000,0.000000,4265.256348,4298.461426,4288.974121,4314.487305,4297.948730,4296.922852,4280.128418,4287.692383,4278.846191,4262.307617,4518.974121,4448.717773,4327.692383,4375.384766,2912.000000,4.000000,85.000000,,,,0.000000,4.000000,4.000000,4.000000,4.000000,4.000000,4.000000,4.000000,4.000000,4.000000,4.000000,4.000000,4.000000,4.000000,4.000000,100.000000,,,,,,,,,,,,,,,,,,,,,,,,,,,,,,,,,,,,,,,,,,,,,,,,,,,,,,,,,,,,,,,,,,,,,,,,,,,,,,,,,,,,,,
1676060249.379279,1676060249.380092,12.000000,0.000000,4269.743652,4304.230957,4297.948730,4321.666504,4302.307617,4293.589844,4281.538574,4288.974121,4276.922852,4265.641113,4526.153809,4454.615234,4339.358887,4381.538574,3106.000000,4.000000,85.000000,,,,0.000000,4.000000,4.000000,4.000000,4.000000,4.000000,4.000000,4.000000,4.000000,4.000000,4.000000,4.000000,4.000000,4.000000,4.000000,100.000000,,,,,,,,,,,,,,,,,,,,,,,,,,,,,,,,,,,,,,,,,,,,,,,,,,,,,,,,,,,,,,,,,,,,,,,,,,,,,,,,,,,,,,
1676060249.387087,1676060249.388001,13.000000,0.000000,4279.743652,4304.871582,4305.641113,4326.794922,4311.794922,4294.230957,4288.205078,4296.538574,4282.563965,4271.538574,4539.102539,4467.436035,4340.897461,4390.256348,3234.000000,4.000000,85.000000,,,,0.000000,4.000000,4.000000,4.000000,4.000000,4.000000,4.000000,4.000000,4.000000,4.000000,4.000000,4.000000,4.000000,4.000000,4.000000,100.000000,,,,,,,,,,,,,,,,,,,,,,,,,,,,,,,,,,,,,,,,,,,,,,,,,,,,,,,,,,,,,,,,,,,,,,,,,,,,,,,,,,,,,,
1676060249.394895,1676060249.395809,14.000000,0.000000,4295.384766,4317.307617,4318.461426,4338.974121,4311.153809,4303.846191,4305.256348,4316.538574,4304.487305,4285.128418,4566.538574,4490.897461,4362.179688,4413.461426,2728.000000,4.000000,85.000000,,,,0.000000,4.000000,4.000000,4.000000,4.000000,4.000000,4.000000,4.000000,4.000000,4.000000,4.000000,4.000000,4.000000,4.000000,4.000000,100.000000,1.000000,75.000000,4.000000,4.000000,3.000000,4.000000,4.000000,4.000000,4.000000,4.000000,4.000000,3.000000,3.000000,3.000000,3.000000,3.000000,1.762653,4.166384,1.561913,1.147221,1.954843,4.068130,5.713787,1.097999,1.017479,1.791455,2.989716,6.738752,2.317489,1.324067,1.925683,3.132682,4.249422,1.060172,0.840229,1.675778,1.768009,2.814907,0.619068,0.623854,0.814591,1.125769,1.703427,0.983109,0.448624,0.599211,1.428796,2.122083,1.769202,0.960531,1.313665,2.164051,1.888608,1.958058,1.417571,1.928702,2.017299,2.008802,1.680268,1.388782,1.937556,2.284759,1.814194,2.078725,1.860718,2.295704,5.998154,2.589294,3.751765,1.953244,3.391922,4.866987,4.456753,4.520817,1.968927,3.191985,3.660466,3.178577,3.206774,1.432744,3.071998,2.489059,4.003892,3.632543,1.788707,2.934229
1676060249.402704,1676060249.403718,15.000000,0.000000,4307.948730,4333.205078,4329.102539,4351.025879,4311.922852,4309.743652,4312.820313,4329.871582,4322.051270,4306.153809,4589.871582,4512.051270,4387.563965,4432.820313,2912.000000,4.000000,85.000000,,,,0.000000,4.000000,4.000000,4.000000,4.000000,4.000000,4.000000,4.000000,4.000000,4.000000,4.000000,4.000000,4.000000,4.000000,4.000000,100.000000,,,,,,,,,,,,,,,,,,,,,,,,,,,,,,,,,,,,,,,,,,,,,,,,,,,,,,,,,,,,,,,,,,,,,,,,,,,,,,,,,,,,,,
1676060249.410512,1676060249.411526,16.000000,0.000000,4298.077148,4317.179688,4319.230957,4337.948730,4313.077148,4300.384766,4295.769043,4315.897461,4308.461426,4300.897461,4576.282227,4497.563965,4369.487305,4417.179688,0.000000,4.000000,85.000000,,,,0.000000,4.000000,4.000000,4.000000,4.000000,4.000000,4.000000,4.000000,4.000000,4.000000,4.000000,4.000000,4.000000,4.000000,4.000000,100.000000,,,,,,,,,,,,,,,,,,,,,,,,,,,,,,,,,,,,,,,,,,,,,,,,,,,,,,,,,,,,,,,,,,,,,,,,,,,,,,,,,,,,,,
1676060249.418320,1676060249.419334,17.000000,0.000000,4273.974121,4283.205078,4294.487305,4308.589844,4295.384766,4278.589844,4270.769043,4289.358887,4277.692383,4265.128418,4546.153809,4460.641113,4336.538574,4390.384766,0.000000,4.000000,85.000000,,,,0.000000,4.000000,4.000000,4.000000,4.000000,4.000000,4.000000,4.000000,4.000000,4.000000,4.000000,4.000000,4.000000,4.000000,4.000000,100.000000,,,,,,,,,,,,,,,,,,,,,,,,,,,,,,,,,,,,,,,,,,,,,,,,,,,,,,,,,,,,,,,,,,,,,,,,,,,,,,,,,,,,,,
1676060249.426129,1676060249.427143,18.000000,0.000000,4270.641113,4283.461426,4290.897461,4306.538574,4285.641113,4272.563965,4271.538574,4289.230957,4276.153809,4256.025879,4555.641113,4458.205078,4340.256348,4390.384766,0.000000,4.000000,85.000000,,,,0.000000,4.000000,4.000000,4.000000,4.000000,4.000000,4.000000,4.000000,4.000000,4.000000,4.000000,4.000000,4.000000,4.000000,4.000000,100.000000,,,,,,,,,,,,,,,,,,,,,,,,,,,,,,,,,,,,,,,,,,,,,,,,,,,,,,,,,,,,,,,,,,,,,,,,,,,,,,,,,,,,,,
1676060249.433937,1676060249.434851,19.000000,0.000000,4284.487305,4300.000000,4308.589844,4326.794922,4300.384766,4291.794922,4291.153809,4305.256348,4294.358887,4282.307617,4588.205078,4477.179688,4352.820313,4398.717773,0.000000,4.000000,85.000000,,,,0.000000,4.000000,4.000000,4.000000,4.000000,4.000000,4.000000,4.000000,4.000000,4.000000,4.000000,4.000000,4.000000,4.000000,4.000000,100.000000,,,,,,,,,,,,,,,,,,,,,,,,,,,,,,,,,,,,,,,,,,,,,,,,,,,,,,,,,,,,,,,,,,,,,,,,,,,,,,,,,,,,,,
1676060249.441746,1676060249.442660,20.000000,0.000000,4295.000000,4306.025879,4316.410156,4337.820313,4313.974121,4306.153809,4297.436035,4309.743652,4298.717773,4300.512695,4609.358887,4479.743652,4357.948730,4408.077148,0.000000,4.000000,85.000000,,,,0.000000,4.000000,4.000000,4.000000,4.000000,4.000000,4.000000,4.000000,4.000000,4.000000,4.000000,4.000000,4.000000,4.000000,4.000000,100.000000,,,,,,,,,,,,,,,,,,,,,,,,,,,,,,,,,,,,,,,,,,,,,,,,,,,,,,,,,,,,,,,,,,,,,,,,,,,,,,,,,,,,,,
1676060249.449554,1676060249.450368,21.000000,0.000000,4301.666504,4319.358887,4314.743652,4341.282227,4317.820313,4308.589844,4295.897461,4311.794922,4295.256348,4295.256348,4623.077148,4479.230957,4366.025879,4415.641113,0.000000,4.000000,85.000000,,,,0.000000,4.000000,4.000000,4.000000,4.000000,4.000000,4.000000,4.000000,4.000000,4.000000,4.000000,4.000000,4.000000,4.000000,4.000000,100.000000,,,,,,,,,,,,,,,,,,,,,,,,,,,,,,,,,,,,,,,,,,,,,,,,,,,,,,,,,,,,,,,,,,,,,,,,,,,,,,,,,,,,,,
1676060249.457362,1676060249.458177,22.000000,0.000000,4297.692383,4327.948730,4312.436035,4338.077148,4316.410156,4313.077148,4300.641113,4309.743652,4291.410156,4284.358887,4618.846191,4477.307617,4357.820313,4403.205078,0.000000,4.000000,85.000000,,,,0.000000,4.000000,4.000000,4.000000,4.000000,4.000000,4.000000,4.000000,4.000000,4.000000,4.000000,4.000000,4.000000,4.000000,4.000000,100.000000,,,,,,,,,,,,,,,,,,,,,,,,,,,,,,,,,,,,,,,,,,,,,,,,,,,,,,,,,,,,,,,,,,,,,,,,,,,,,,,,,,,,,,
1676060249.465171,1676060249.465885,23.000000,0.000000,4288.333496,4319.230957,4306.794922,4330.897461,4313.333496,4311.794922,4302.436035,4301.410156,4284.358887,4279.358887,4609.358887,4469.230957,4350.000000,4396.282227,0.000000,4.000000,85.000000,,,,0.000000,4.000000,4.000000,4.000000,4.000000,4.000000,4.000000,4.000000,4.000000,4.000000,4.000000,4.000000,4.000000,4.000000,4.000000,100.000000,,,,,,,,,,,,,,,,,,,,,,,,,,,,,,,,,,,,,,,,,,,,,,,,,,,,,,,,,,,,,,,,,,,,,,,,,,,,,,,,,,,,,,
1676060249.472979,1676060249.473694,24.000000,0.000000,4283.205078,4312.692383,4294.102539,4325.384766,4307.051270,4296.794922,4290.769043,4294.743652,4277.307617,4273.205078,4606.410156,4458.333496,4352.820313,4399.743652,0.000000,4.000000,85.000000,,,,0.000000,4.000000,4.000000,4.000000,4.000000,4.000000,4.000000,4.000000,4.000000,4.000000,4.000000,4.000000,4.000000,4.000000,4.000000,100.000000,,,,,,,,,,,,,,,,,,,,,,,,,,,,,,,,,,,,,,,,,,,,,,,,,,,,,,,,,,,,,,,,,,,,,,,,,,,,,,,,,,,,,,
1676060249.480787,1676060249.481402,25.000000,0.000000,4273.333496,4309.358887,4281.794922,4316.025879,4296.410156,4281.538574,4277.692383,4286.922852,4275.769043,4255.512695,4586.153809,4443.461426,4338.974121,4380.512695,0.000000,4.000000,85.000000,,,,0.000000,4.000000,4.000000,4.000000,4.000000,4.000000,4.000000,4.000000,4.000000,4.000000,4.000000,4.000000,4.000000,4.000000,4.000000,100.000000,,,,,,,,,,,,,,,,,,,,,,,,,,,,,,,,,,,,,,,,,,,,,,,,,,,,,,,,,,,,,,,,,,,,,,,,,,,,,,,,,,,,,,
1676060249.488596,1676060249.489211,26.000000,0.000000,4260.641113,4302.179688,4275.512695,4306.025879,4289.615234,4280.512695,4275.641113,4279.230957,4276.410156,4247.179688,4563.077148,4436.794922,4328.333496,4362.307617,0.000000,4.000000,85.000000,,,,0.000000,4.000000,4.000000,4.000000,4.000000,4.000000,4.000000,4.000000,4.000000,4.000000,4.000000,4.000000,4.000000,4.000000,4.000000,100.000000,,,,,,,,,,,,,,,,,,,,,,,,,,,,,,,,,,,,,,,,,,,,,,,,,,,,,,,,,,,,,,,,,,,,,,,,,,,,,,,,,,,,,,
1676060249.496404,1676060249.496919,27.000000,0.000000,4264.743652,4302.051270,4279.743652,4308.846191,4294.871582,4289.487305,4278.974121,4286.666504,4283.077148,4268.205078,4570.641113,4449.871582,4349.102539,4373.589844,0.000000,4.000000,85.000000,,,,0.000000,4.000000,4.000000,4.000000,4.000000,4.000000,4.000000,4.000000,4.000000,4.000000,4.000000,4.000000,4.000000,4.000000,4.000000,100.000000,,,,,,,,,,,,,,,,,,,,,,,,,,,,,,,,,,,,,,,,,,,,,,,,,,,,,,,,,,,,,,,,,,,,,,,,,,,,,,,,,,,,,,
1676060249.504213,1676060249.504728,28.000000,0.000000,4263.589844,4289.358887,4281.282227,4305.000000,4292.820313,4287.948730,4271.922852,4290.128418,4281.153809,4276.922852,4570.641113,4449.230957,4356.025879,4370.897461,0.000000,4.000000,85.000000,,,,0.000000,4.000000,4.000000,4.000000,4.000000,4.000000,4.000000,4.000000,4.000000,4.000000,4.000000,4.000000,4.000000,4.000000,4.000000,100.000000,,,,,,,,,,,,,,,,,,,,,,,,,,,,,,,,,,,,,,,,,,,,,,,,,,,,,,,,,,,,,,,,,,,,,,,,,,,,,,,,,,,,,,
1676060249.512021,1676060249.512436,29.000000,0.000000,4242.692383,4263.846191,4272.307617,4287.179688,4282.820313,4278.461426,4264.487305,4275.384766,4267.307617,4260.256348,4545.000000,4430.256348,4336.922852,4352.307617,0.000000,4.000000,85.000000,,,,0.000000,4.000000,4.000000,4.000000,4.000000,4.000000,4.000000,4.000000,4.000000,4.000000,4.000000,4.000000,4.000000,4.000000,4.000000,100.000000,,,,,,,,,,,,,,,,,,,,,,,,,,,,,,,,,,,,,,,,,,,,,,,,,,,,,,,,,,,,,,,,,,,,,,,,,,,,,,,,,,,,,,
1676060249.519829,1676060249.520345,30.000000,0.000000,4245.769043,4266.025879,4280.256348,4296.153809,4290.769043,4291.025879,4284.871582,4285.128418,4274.230957,4260.769043,4548.589844,4447.820313,4346.282227,4363.974121,0.000000,4.000000,85.000000,,,,0.000000,4.000000,4.000000,4.000000,4.000000,4.000000,4.000000,4.000000,4.000000,4.000000,4.000000,4.000000,4.000000,4.000000,4.000000,100.000000,,,,,,,,,,,,,,,,,1.567932,3.791363,1.508833,0.900345,1.715001,2.672489,4.741226,1.004861,0.870541,1.569175,2.523645,5.778187,2.219046,1.045438,1.665014,2.762427,3.596120,0.940398,0.671813,1.429775,1.368542,2.300727,0.447380,0.538652,0.753959,0.804837,1.499360,0.780066,0.336837,0.567686,0.991958,1.762072,1.624010,0.731786,1.205835,1.653004,1.385383,1.841945,1.096300,1.751938,1.520773,1.582214,1.733025,1.052529,1.749400,1.711495,1.308437,2.023808,1.659217,2.100718,5.129515,1.832501,4.085899,1.513096,2.989301,3.889081,3.214457,4.337162,1.561129,2.772401,3.018615,2.487401,3.317535,1.250208,2.736492,2.063235,3.323323,3.576668,1.487631,2.547361
1676060249.527638,1676060249.528153,31.000000,0.000000,4275.128418,4290.769043,4300.897461,4328.717773,4301.025879,4308.974121,4305.641113,4315.384766,4297.179688,4279.871582,4574.743652,4488.077148,4378.461426,4392.820313,0.000000,4.000000,85.000000,,,,0.000000,4.000000,4.000000,4.000000,4.000000,4.000000,4.000000,4.000000,4.000000,4.000000,4.000000,4.000000,4.000000,4.000000,4.000000,100.000000,,,,,,,,,,,,,,,,,,,,,,,,,,,,,,,,,,,,,,,,,,,,,,,,,,,,,,,,,,,,,,,,,,,,,,,,,,,,,,,,,,,,,,
1676060249.535446,1676060249.535962,32.000000,0.000000,4283.717773,4294.615234,4299.615234,4337.051270,4297.051270,4300.641113,4300.256348,4315.128418,4301.410156,4290.897461,4575.000000,4493.461426,4387.307617,4399.487305,0.000000,4.000000,85.000000,,,,0.000000,4.000000,4.000000,4.000000,4.000000,4.000000,4.000000,4.000000,4.000000,4.000000,4.000000,4.000000,4.000000,4.000000,4.000000,100.000000,,,,,,,,,,,,,,,,,,,,,,,,,,,,,,,,,,,,,,,,,,,,,,,,,,,,,,,,,,,,,,,,,,,,,,,,,,,,,,,,,,,,,,
1676060249.543255,1676060249.543670,33.000000,0.000000,4267.563965,4275.128418,4287.051270,4330.128418,4296.025879,4292.820313,4292.692383,4298.974121,4291.922852,4285.512695,4557.692383,4479.102539,4372.820313,4384.871582,0.000000,4.000000,85.000000,,,,0.000000,4.000000,4.000000,4.000000,4.000000,4.000000,4.000000,4.000000,4.000000,4.000000,4.000000,4.000000,4.000000,4.000000,4.000000,100.000000,,,,,,,,,,,,,,,,,,,,,,,,,,,,,,,,,,,,,,,,,,,,,,,,,,,,,,,,,,,,,,,,,,,,,,,,,,,,,,,,,,,,,,
1676060249.551063,1676060249.551579,34.000000,0.000000,4251.153809,4262.563965,4279.102539,4330.000000,4298.846191,4296.282227,4289.487305,4293.717773,4283.974121,4272.051270,4536.282227,4470.128418,4352.436035,4365.384766,0.000000,4.000000,85.000000,,,,0.000000,4.000000,4.000000,4.000000,4.000000,4.000000,4.000000,4.000000,4.000000,4.000000,4.000000,4.000000,4.000000,4.000000,4.000000,100.000000,,,,,,,,,,,,,,,,,,,,,,,,,,,,,,,,,,,,,,,,,,,,,,,,,,,,,,,,,,,,,,,,,,,,,,,,,,,,,,,,,,,,,,
1676060249.558871,1676060249.559387,35.000000,0.000000,4245.128418,4261.794922,4269.230957,4329.358887,4293.077148,4289.743652,4277.948730,4284.230957,4270.641113,4261.153809,4511.410156,4459.102539,4338.589844,4353.717773,0.000000,4.000000,85.000000,,,,0.000000,4.000000,4.000000,4.000000,4.000000,4.000000,4.000000,4.000000,4.000000,4.000000,4.000000,4.000000,4.000000,4.000000,4.000000,100.000000,,,,,,,,,,,,,,,,,,,,,,,,,,,,,,,,,,,,,,,,,,,,,,,,,,,,,,,,,,,,,,,,,,,,,,,,,,,,,,,,,,,,,,
1676060249.566680,1676060249.567295,36.000000,0.000000,4250.641113,4259.743652,4271.794922,4332.948730,4290.000000,4280.641113,4274.743652,4275.128418,4267.820313,4258.205078,4508.205078,4463.461426,4342.820313,4359.615234,0.000000,4.000000,85.000000,,,,0.000000,4.000000,4.000000,4.000000,4.000000,4.000000,4.000000,4.000000,4.000000,4.000000,4.000000,4.000000,4.000000,4.000000,4.000000,100.000000,,,,,,,,,,,,,,,,,,,,,,,,,,,,,,,,,,,,,,,,,,,,,,,,,,,,,,,,,,,,,,,,,,,,,,,,,,,,,,,,,,,,,,
1676060249.574488,1676060249.575104,37.000000,0.000000,4262.692383,4269.615234,4292.563965,4349.102539,4297.179688,4291.282227,4289.615234,4289.487305,4284.743652,4266.025879,4528.974121,4487.692383,4359.487305,4376.666504,0.000000,4.000000,85.000000,,,,0.000000,4.000000,4.000000,4.000000,4.000000,4.000000,4.000000,4.000000,4.000000,4.000000,4.000000,4.000000,4.000000,4.000000,4.000000,100.000000,,,,,,,,,,,,,,,,,,,,,,,,,,,,,,,,,,,,,,,,,,,,,,,,,,,,,,,,,,,,,,,,,,,,,,,,,,,,,,,,,,,,,,
1676060249.582296,1676060249.583012,38.000000,0.000000,4271.538574,4289.358887,4302.051270,4361.153809,4300.897461,4309.230957,4302.820313,4310.641113,4300.897461,4284.871582,4543.077148,4500.384766,4373.205078,4390.512695,0.000000,4.000000,85.000000,,,,0.000000,4.000000,4.000000,4.000000,4.000000,4.000000,4.000000,4.000000,4.000000,4.000000,4.000000,4.000000,4.000000,4.000000,4.000000,100.000000,,,,,,,,,,,,,,,,,,,,,,,,,,,,,,,,,,,,,,,,,,,,,,,,,,,,,,,,,,,,,,,,,,,,,,,,,,,,,,,,,,,,,,
1676060249.590105,1676060249.590821,39.000000,0.000000,4269.230957,4286.922852,4287.179688,4352.436035,4294.358887,4303.461426,4294.615234,4305.384766,4298.333496,4292.436035,4539.615234,4491.538574,4373.461426,4387.436035,0.000000,4.000000,85.000000,,,,0.000000,4.000000,4.000000,4.000000,4.000000,4.000000,4.000000,4.000000,4.000000,4.000000,4.000000,4.000000,4.000000,4.000000,4.000000,100.000000,,,,,,,,,,,,,,,,,,,,,,,,,,,,,,,,,,,,,,,,,,,,,,,,,,,,,,,,,,,,,,,,,,,,,,,,,,,,,,,,,,,,,,
1676060249.597913,1676060249.598729,40.000000,0.000000,4263.205078,4276.538574,4274.743652,4343.846191,4294.358887,4293.077148,4282.692383,4292.051270,4284.487305,4282.436035,4532.820313,4484.487305,4364.358887,4379.102539,0.000000,4.000000,85.000000,,,,0.000000,4.000000,4.000000,4.000000,4.000000,4.000000,4.000000,4.000000,4.000000,4.000000,4.000000,4.000000,4.000000,4.000000,4.000000,100.000000,,,,,,,,,,,,,,,,,,,,,,,,,,,,,,,,,,,,,,,,,,,,,,,,,,,,,,,,,,,,,,,,,,,,,,,,,,,,,,,,,,,,,,
1676060249.605722,1676060249.606537,41.000000,0.000000,4263.461426,4281.538574,4278.974121,4346.282227,4295.897461,4295.128418,4284.102539,4296.538574,4279.871582,4276.025879,4530.769043,4483.846191,4358.333496,4381.538574,0.000000,4.000000,85.000000,,,,0.000000,4.000000,4.000000,4.000000,4.000000,4.000000,4.000000,4.000000,4.000000,4.000000,4.000000,4.000000,4.000000,4.000000,4.000000,100.000000,,,,,,,,,,,,,,,,,,,,,,,,,,,,,,,,,,,,,,,,,,,,,,,,,,,,,,,,,,,,,,,,,,,,,,,,,,,,,,,,,,,,,,
1676060249.613530,1676060249.614446,42.000000,0.000000,4261.922852,4277.436035,4280.384766,4344.358887,4282.692383,4290.000000,4283.589844,4297.307617,4282.563965,4270.897461,4522.563965,4477.692383,4357.563965,4378.333496,0.000000,4.000000,85.000000,,,,0.000000,4.000000,4.000000,4.000000,4.000000,4.000000,4.000000,4.000000,4.000000,4.000000,4.000000,4.000000,4.000000,4.000000,4.000000,100.000000,,,,,,,,,,,,,,,,,,,,,,,,,,,,,,,,,,,,,,,,,,,,,,,,,,,,,,,,,,,,,,,,,,,,,,,,,,,,,,,,,,,,,,
1676060249.621338,1676060249.622254,43.000000,0.000000,4260.641113,4268.974121,4275.384766,4340.384766,4280.128418,4280.641113,4275.256348,4280.769043,4278.333496,4262.051270,4509.615234,4471.153809,4355.000000,4372.051270,0.000000,4.000000,85.000000,,,,0.000000,4.000000,4.000000,4.000000,4.000000,4.000000,4.000000,4.000000,4.000000,4.000000,4.000000,4.000000,4.000000,4.000000,4.000000,100.000000,,,,,,,,,,,,,,,,,,,,,,,,,,,,,,,,,,,,,,,,,,,,,,,,,,,,,,,,,,,,,,,,,,,,,,,,,,,,,,,,,,,,,,
1676060249.629147,1676060249.629963,44.000000,0.000000,4272.179688,4277.307617,4279.871582,4344.743652,4295.256348,4284.102539,4275.641113,4274.615234,4274.358887,4269.358887,4506.410156,4476.922852,4355.641113,4381.794922,0.000000,4.000000,85.000000,,,,0.000000,4.000000,4.000000,4.000000,4.000000,4.000000,4.000000,4.000000,4.000000,4.000000,4.000000,4.000000,4.000000,4.000000,4.000000,100.000000,,,,,,,,,,,,,,,,,,,,,,,,,,,,,,,,,,,,,,,,,,,,,,,,,,,,,,,,,,,,,,,,,,,,,,,,,,,,,,,,,,,,,,
1676060249.636955,1676060249.637771,45.000000,0.000000,4287.051270,4286.538574,4295.769043,4354.230957,4297.307617,4290.897461,4281.410156,4288.205078,4285.000000,4283.461426,4519.102539,4494.743652,4369.487305,4399.487305,0.000000,4.000000,85.000000,,,,0.000000,4.000000,4.000000,4.000000,4.000000,4.000000,4.000000,4.000000,4.000000,4.000000,4.000000,4.000000,4.000000,4.000000,4.000000,100.000000,,,,,,,,,,,,,,,,,,,,,,,,,,,,,,,,,,,,,,,,,,,,,,,,,,,,,,,,,,,,,,,,,,,,,,,,,,,,,,,,,,,,,,
1676060249.644764,1676060249.645480,46.000000,0.000000,4294.871582,4290.769043,4304.230957,4361.025879,4293.589844,4294.230957,4285.384766,4294.358887,4293.589844,4280.000000,4533.846191,4507.692383,4382.563965,4408.077148,0.000000,4.000000,85.000000,,,,0.000000,4.000000,4.000000,4.000000,4.000000,4.000000,4.000000,4.000000,4.000000,4.000000,4.000000,4.000000,4.000000,4.000000,4.000000,100.000000,,,,,,,,,,,,,,,,,1.479535,3.439232,1.469741,0.731447,1.400320,1.911535,4.105545,0.908122,0.787636,1.282649,2.112549,4.771417,2.081368,0.837015,1.337780,2.447681,3.101152,0.861537,0.559788,1.138715,1.036576,1.941059,0.315385,0.503746,0.679292,0.648721,1.392681,0.611095,0.285160,0.533417,0.749300,1.475435,1.377200,0.582448,1.053688,1.302147,1.105902,1.675976,0.865095,1.506273,1.102335,1.362399,1.802438,0.793624,1.487510,1.261158,1.017263,1.904066,1.481323,1.819641,4.430293,1.316751,4.545528,1.216921,2.464033,3.115615,2.223881,4.020360,1.304625,2.261461,2.216130,1.959400,3.458845,1.151578,2.303615,1.825026,2.716060,3.460192,1.283598,2.080561
1676060249.652572,1676060249.653288,47.000000,0.000000,4297.692383,4298.333496,4304.230957,4368.846191,4307.051270,4305.384766,4294.487305,4301.410156,4295.128418,4282.563965,4539.487305,4512.436035,4389.230957,4416.922852,0.000000,4.000000,85.000000,,,,0.000000,4.000000,4.000000,4.000000,4.000000,4.000000,4.000000,4.000000,4.000000,4.000000,4.000000,4.000000,4.000000,4.000000,4.000000,100.000000,,,,,,,,,,,,,,,,,,,,,,,,,,,,,,,,,,,,,,,,,,,,,,,,,,,,,,,,,,,,,,,,,,,,,,,,,,,,,,,,,,,,,,
1676060249.660380,1676060249.660997,48.000000,0.000000,4289.871582,4293.077148,4297.436035,4362.563965,4307.820313,4306.153809,4295.512695,4311.794922,4298.846191,4298.077148,4532.051270,4506.153809,4385.256348,4417.820313,0.000000,4.000000,85.000000,,,,0.000000,4.000000,4.000000,4.000000,4.000000,4.000000,4.000000,4.000000,4.000000,4.000000,4.000000,4.000000,4.000000,4.000000,4.000000,100.000000,,,,,,,,,,,,,,,,,,,,,,,,,,,,,,,,,,,,,,,,,,,,,,,,,,,,,,,,,,,,,,,,,,,,,,,,,,,,,,,,,,,,,,
1676060249.668189,1676060249.668805,49.000000,0.000000,4277.692383,4277.436035,4284.102539,4344.487305,4296.025879,4298.205078,4286.538574,4306.794922,4297.051270,4293.717773,4515.000000,4491.922852,4369.358887,4401.153809,0.000000,4.000000,85.000000,,,,0.000000,4.000000,4.000000,4.000000,4.000000,4.000000,4.000000,4.000000,4.000000,4.000000,4.000000,4.000000,4.000000,4.000000,4.000000,100.000000,,,,,,,,,,,,,,,,,,,,,,,,,,,,,,,,,,,,,,,,,,,,,,,,,,,,,,,,,,,,,,,,,,,,,,,,,,,,,,,,,,,,,,
1676060249.675997,1676060249.676514,50.000000,0.000000,4280.512695,4279.615234,4280.641113,4338.717773,4296.666504,4297.307617,4285.128418,4300.641113,4296.666504,4281.538574,4508.461426,4488.846191,4363.974121,4395.384766,0.000000,4.000000,85.000000,,,,0.000000,4.000000,4.000000,4.000000,4.000000,4.000000,4.000000,4.000000,4.000000,4.000000,4.000000,4.000000,4.000000,4.000000,4.000000,100.000000,,,,,,,,,,,,,,,,,,,,,,,,,,,,,,,,,,,,,,,,,,,,,,,,,,,,,,,,,,,,,,,,,,,,,,,,,,,,,,,,,,,,,,
1676060249.683805,1676060249.684322,51.000000,0.000000,4279.358887,4281.666504,4282.179688,4334.487305,4287.179688,4288.333496,4281.666504,4300.641113,4295.769043,4277.179688,4503.589844,4490.384766,4368.077148,4397.436035,0.000000,4.000000,85.000000,,,,0.000000,4.000000,4.000000,4.000000,4.000000,4.000000,4.000000,4.000000,4.000000,4.000000,4.000000,4.000000,4.000000,4.000000,4.000000,100.000000,,,,,,,,,,,,,,,,,,,,,,,,,,,,,,,,,,,,,,,,,,,,,,,,,,,,,,,,,,,,,,,,,,,,,,,,,,,,,,,,,,,,,,
1676060249.691614,1676060249.692031,52.000000,0.000000,4265.769043,4268.589844,4278.077148,4322.436035,4276.153809,4278.333496,4275.384766,4296.282227,4285.512695,4269.743652,4490.769043,4486.282227,4360.641113,4392.307617,0.000000,4.000000,85.000000,,,,0.000000,4.000000,4.000000,4.000000,4.000000,4.000000,4.000000,4.000000,4.000000,4.000000,4.000000,4.000000,4.000000,4.000000,4.000000,100.000000,,,,,,,,,,,,,,,,,,,,,,,,,,,,,,,,,,,,,,,,,,,,,,,,,,,,,,,,,,,,,,,,,,,,,,,,,,,,,,,,,,,,,,
1676060249.699422,1676060249.699939,53.000000,0.000000,4268.333496,4265.897461,4285.128418,4323.077148,4289.358887,4288.846191,4284.871582,4297.692383,4285.000000,4271.410156,4488.333496,4488.077148,4350.384766,4391.410156,0.000000,4.000000,85.000000,,,,0.000000,4.000000,4.000000,4.000000,4.000000,4.000000,4.000000,4.000000,4.000000,4.000000,4.000000,4.000000,4.000000,4.000000,4.000000,100.000000,,,,,,,,,,,,,,,,,,,,,,,,,,,,,,,,,,,,,,,,,,,,,,,,,,,,,,,,,,,,,,,,,,,,,,,,,,,,,,,,,,,,,,
1676060249.707231,1676060249.707748,54.000000,0.000000,4283.205078,4285.641113,4293.077148,4336.153809,4300.128418,4297.436035,4293.333496,4301.666504,4294.615234,4282.820313,4492.692383,4494.615234,4356.153809,4395.000000,0.000000,4.000000,85.000000,,,,0.000000,4.000000,4.000000,4.000000,4.000000,4.000000,4.000000,4.000000,4.000000,4.000000,4.000000,4.000000,4.000000,4.000000,4.000000,100.000000,,,,,,,,,,,,,,,,,,,,,,,,,,,,,,,,,,,,,,,,,,,,,,,,,,,,,,,,,,,,,,,,,,,,,,,,,,,,,,,,,,,,,,
1676060249.715039,1676060249.715556,55.000000,0.000000,4297.563965,4311.410156,4295.384766,4347.948730,4298.461426,4290.769043,4291.282227,4296.794922,4293.205078,4281.666504,4493.974121,4501.666504,4369.487305,4406.538574,0.000000,4.000000,85.000000,,,,0.000000,4.000000,4.000000,4.000000,4.000000,4.000000,4.000000,4.000000,4.000000,4.000000,4.000000,4.000000,4.000000,4.000000,4.000000,100.000000,,,,,,,,,,,,,,,,,,,,,,,,,,,,,,,,,,,,,,,,,,,,,,,,,,,,,,,,,,,,,,,,,,,,,,,,,,,,,,,,,,,,,,
1676060249.722847,1676060249.723265,56.000000,0.000000,4302.692383,4318.846191,4302.563965,4353.974121,4306.666504,4296.666504,4298.461426,4303.717773,4291.025879,4281.666504,4493.846191,4509.615234,4372.051270,4413.717773,0.000000,4.000000,85.000000,,,,0.000000,4.000000,4.000000,4.000000,4.000000,4.000000,4.000000,4.000000,4.000000,4.000000,4.000000,4.000000,4.000000,4.000000,4.000000,100.000000,,,,,,,,,,,,,,,,,,,,,,,,,,,,,,,,,,,,,,,,,,,,,,,,,,,,,,,,,,,,,,,,,,,,,,,,,,,,,,,,,,,,,,
1676060249.730656,1676060249.731173,57.000000,0.000000,4288.077148,4301.794922,4303.589844,4343.589844,4306.666504,4304.358887,4303.461426,4312.692383,4295.256348,4289.743652,4492.692383,4508.846191,4360.384766,4397.051270,0.000000,4.000000,85.000000,,,,0.000000,4.000000,4.000000,4.000000,4.000000,4.000000,4.000000,4.000000,4.000000,4.000000,4.000000,4.000000,4.000000,4.000000,4.000000,100.000000,,,,,,,,,,,,,,,,,,,,,,,,,,,,,,,,,,,,,,,,,,,,,,,,,,,,,,,,,,,,,,,,,,,,,,,,,,,,,,,,,,,,,,
1676060249.738464,1676060249.738981,58.000000,0.000000,4274.102539,4290.769043,4294.102539,4328.205078,4293.333496,4295.128418,4296.410156,4304.102539,4295.256348,4285.512695,4490.128418,4504.102539,4355.641113,4385.256348,0.000000,4.000000,85.000000,,,,0.000000,4.000000,4.000000,4.000000,4.000000,4.000000,4.000000,4.000000,4.000000,4.000000,4.000000,4.000000,4.000000,4.000000,4.000000,100.000000,,,,,,,,,,,,,,,,,,,,,,,,,,,,,,,,,,,,,,,,,,,,,,,,,,,,,,,,,,,,,,,,,,,,,,,,,,,,,,,,,,,,,,
1676060249.746272,1676060249.746890,59.000000,0.000000,4281.025879,4295.769043,4295.641113,4326.922852,4291.794922,4288.461426,4289.230957,4299.230957,4295.769043,4276.153809,4486.282227,4502.692383,4365.769043,4399.230957,0.000000,4.000000,85.000000,,,,0.000000,4.000000,4.000000,4.000000,4.000000,4.000000,4.000000,4.000000,4.000000,4.000000,4.000000,4.000000,4.000000,4.000000,4.000000,100.000000,,,,,,,,,,,,,,,,,,,,,,,,,,,,,,,,,,,,,,,,,,,,,,,,,,,,,,,,,,,,,,,,,,,,,,,,,,,,,,,,,,,,,,
1676060249.754081,1676060249.754698,60.000000,0.000000,4285.256348,4292.051270,4298.717773,4324.615234,4293.333496,4291.666504,4285.512695,4300.128418,4294.487305,4272.948730,4477.563965,4495.128418,4362.563965,4396.794922,0.000000,4.000000,85.000000,,,,0.000000,4.000000,4.000000,4.000000,4.000000,4.000000,4.000000,4.000000,4.000000,4.000000,4.000000,4.000000,4.000000,4.000000,4.000000,100.000000,,,,,,,,,,,,,,,,,,,,,,,,,,,,,,,,,,,,,,,,,,,,,,,,,,,,,,,,,,,,,,,,,,,,,,,,,,,,,,,,,,,,,,
1676060249.761889,1676060249.762606,61.000000,0.000000,4277.051270,4287.051270,4290.897461,4320.128418,4293.717773,4296.153809,4290.000000,4298.974121,4291.025879,4277.436035,4470.256348,4488.205078,4346.794922,4381.153809,0.000000,4.000000,85.000000,,,,0.000000,4.000000,4.000000,4.000000,4.000000,4.000000,4.000000,4.000000,4.000000,4.000000,4.000000,4.000000,4.000000,4.000000,4.000000,100.000000,,,,,,,,,,,,,,,,,,,,,,,,,,,,,,,,,,,,,,,,,,,,,,,,,,,,,,,,,,,,,,,,,,,,,,,,,,,,,,,,,,,,,,
1676060249.769698,1676060249.770415,62.000000,0.000000,4280.641113,4296.025879,4292.307617,4325.256348,4305.384766,4298.974121,4297.692383,4304.230957,4298.846191,4289.358887,4472.692383,4492.179688,4352.436035,4389.743652,0.000000,4.000000,85.000000,,,,0.000000,4.000000,4.000000,4.000000,4.000000,4.000000,4.000000,4.000000,4.000000,4.000000,4.000000,4.000000,4.000000,4.000000,4.000000,100.000000,,,,,,,,,,,,,,,,,1.556922,3.111275,1.448605,0.669962,1.090342,1.663593,3.883889,0.887263,0.801172,1.014511,1.792291,3.868326,1.933500,0.726516,1.033722,2.140104,2.859537,0.882114,0.531832,0.876013,0.777620,1.752377,0.247176,0.517941,0.610259,0.615040,1.344317,0.498302,0.298500,0.505988,0.689501,1.289857,1.137877,0.527261,0.896603,1.151263,1.072695,1.497997,0.764742,1.263555,0.836433,1.346966,1.846662,0.657434,1.221372,1.018817,0.974668,1.735951,1.357909,1.525361,4.302546,1.137165,5.028380,1.099707,1.958035,2.755538,1.712422,3.637345,1.218089,1.792342,1.522304,1.690232,3.549208,1.125553,1.884438,1.929032,2.303345,3.272174,1.186599,1.650637
1676060249.777506,1676060249.778323,63.000000,0.000000,4288.461426,4295.256348,4298.205078,4328.717773,4311.282227,4302.051270,4298.717773,4307.179688,4306.538574,4295.128418,4474.615234,4493.333496,4365.000000,4393.333496,0.000000,4.000000,85.000000,,,,0.000000,4.000000,4.000000,4.000000,4.000000,4.000000,4.000000,4.000000,4.000000,4.000000,4.000000,4.000000,4.000000,4.000000,4.000000,100.000000,,,,,,,,,,,,,,,,,,,,,,,,,,,,,,,,,,,,,,,,,,,,,,,,,,,,,,,,,,,,,,,,,,,,,,,,,,,,,,,,,,,,,,
1676060249.785314,1676060249.786132,64.000000,0.000000,4288.846191,4292.563965,4295.000000,4325.128418,4306.922852,4305.128418,4298.077148,4303.077148,4303.077148,4292.307617,4471.922852,4489.487305,4360.256348,4385.641113,2518.000000,4.000000,85.000000,,,,0.000000,4.000000,4.000000,4.000000,4.000000,4.000000,4.000000,4.000000,4.000000,4.000000,4.000000,4.000000,4.000000,4.000000,4.000000,100.000000,,,,,,,,,,,,,,,,,,,,,,,,,,,,,,,,,,,,,,,,,,,,,,,,,,,,,,,,,,,,,,,,,,,,,,,,,,,,,,,,,,,,,,
1676060249.793123,1676060249.794040,65.000000,0.000000,4289.230957,4304.871582,4296.025879,4328.589844,4314.743652,4312.307617,4300.897461,4310.897461,4302.179688,4289.743652,4474.743652,4492.820313,4362.179688,4396.153809,2476.000000,4.000000,85.000000,,,,0.000000,4.000000,4.000000,4.000000,4.000000,4.000000,4.000000,4.000000,4.000000,4.000000,4.000000,4.000000,4.000000,4.000000,4.000000,100.000000,,,,,,,,,,,,,,,,,,,,,,,,,,,,,,,,,,,,,,,,,,,,,,,,,,,,,,,,,,,,,,,,,,,,,,,,,,,,,,,,,,,,,,
1676060249.800931,1676060249.801848,66.000000,0.000000,4288.205078,4306.153809,4299.871582,4329.871582,4322.307617,4314.102539,4298.717773,4314.358887,4301.666504,4283.205078,4478.077148,4494.615234,4367.820313,4403.077148,2393.000000,4.000000,85.000000,,,,0.000000,4.000000,4.000000,4.000000,4.000000,4.000000,4.000000,4.000000,4.000000,4.000000,4.000000,4.000000,4.000000,4.000000,4.000000,100.000000,,,,,,,,,,,,,,,,,,,,,,,,,,,,,,,,,,,,,,,,,,,,,,,,,,,,,,,,,,,,,,,,,,,,,,,,,,,,,,,,,,,,,,
1676060249.808740,1676060249.809557,67.000000,0.000000,4287.692383,4294.487305,4294.487305,4319.743652,4312.692383,4305.256348,4293.974121,4300.769043,4294.743652,4278.077148,4473.717773,4489.230957,4359.230957,4392.820313,2488.000000,4.000000,85.000000,,,,0.000000,4.000000,4.000000,4.000000,4.000000,4.000000,4.000000,4.000000,4.000000,4.000000,4.000000,4.000000,4.000000,4.000000,4.000000,100.000000,,,,,,,,,,,,,,,,,,,,,,,,,,,,,,,,,,,,,,,,,,,,,,,,,,,,,,,,,,,,,,,,,,,,,,,,,,,,,,,,,,,,,,
1676060249.816548,1676060249.817365,68.000000,0.000000,4295.897461,4301.282227,4292.948730,4323.589844,4310.384766,4301.794922,4295.384766,4301.666504,4297.051270,4291.153809,4476.282227,4494.743652,4363.461426,4400.128418,2434.000000,4.000000,85.000000,,,,0.000000,4.000000,4.000000,4.000000,4.000000,4.000000,4.000000,4.000000,4.000000,4.000000,4.000000,4.000000,4.000000,4.000000,4.000000,100.000000,,,,,,,,,,,,,,,,,,,,,,,,,,,,,,,,,,,,,,,,,,,,,,,,,,,,,,,,,,,,,,,,,,,,,,,,,,,,,,,,,,,,,,
1676060249.824356,1676060249.825074,69.000000,0.000000,4310.641113,4319.358887,4308.333496,4342.307617,4325.384766,4310.641113,4303.077148,4316.025879,4308.205078,4299.871582,4487.820313,4511.282227,4383.077148,4421.410156,2376.000000,4.000000,85.000000,,,,0.000000,4.000000,4.000000,4.000000,4.000000,4.000000,4.000000,4.000000,4.000000,4.000000,4.000000,4.000000,4.000000,4.000000,4.000000,100.000000,,,,,,,,,,,,,,,,,,,,,,,,,,,,,,,,,,,,,,,,,,,,,,,,,,,,,,,,,,,,,,,,,,,,,,,,,,,,,,,,,,,,,,
1676060249.832165,1676060249.832882,70.000000,0.000000,4320.384766,4323.717773,4319.615234,4347.563965,4329.743652,4315.384766,4312.307617,4317.563965,4305.128418,4283.461426,4486.538574,4514.615234,4382.307617,4419.487305,2226.000000,4.000000,85.000000,,,,0.000000,4.000000,4.000000,4.000000,4.000000,4.000000,4.000000,4.000000,4.000000,4.000000,4.000000,4.000000,4.000000,4.000000,4.000000,100.000000,,,,,,,,,,,,,,,,,,,,,,,,,,,,,,,,,,,,,,,,,,,,,,,,,,,,,,,,,,,,,,,,,,,,,,,,,,,,,,,,,,,,,,
1676060249.839973,1676060249.840591,71.000000,0.000000,4307.563965,4309.102539,4302.948730,4329.871582,4314.743652,4303.205078,4303.205078,4299.615234,4286.410156,4264.871582,4460.384766,4491.282227,4359.230957,4392.948730,2229.000000,4.000000,85.000000,,,,0.000000,4.000000,4.000000,4.000000,4.000000,4.000000,4.000000,4.000000,4.000000,4.000000,4.000000,4.000000,4.000000,4.000000,4.000000,100.000000,,,,,,,,,,,,,,,,,,,,,,,,,,,,,,,,,,,,,,,,,,,,,,,,,,,,,,,,,,,,,,,,,,,,,,,,,,,,,,,,,,,,,,
1676060249.847782,1676060249.848399,72.000000,0.000000,4285.384766,4294.871582,4280.512695,4313.205078,4307.563965,4293.589844,4283.589844,4281.538574,4275.512695,4269.487305,4432.563965,4465.769043,4342.692383,4375.641113,2271.000000,4.000000,85.000000,,,,0.000000,4.000000,4.000000,4.000000,4.000000,4.000000,4.000000,4.000000,4.000000,4.000000,4.000000,4.000000,4.000000,4.000000,4.000000,100.000000,,,,,,,,,,,,,,,,,,,,,,,,,,,,,,,,,,,,,,,,,,,,,,,,,,,,,,,,,,,,,,,,,,,,,,,,,,,,,,,,,,,,,,
1676060249.855590,1676060249.856108,73.000000,0.000000,4280.000000,4295.256348,4277.051270,4313.461426,4311.025879,4294.615234,4279.871582,4282.948730,4280.769043,4279.871582,4428.333496,4459.102539,4340.000000,4379.615234,2227.000000,4.000000,85.000000,,,,0.000000,4.000000,4.000000,4.000000,4.000000,4.000000,4.000000,4.000000,4.000000,4.000000,4.000000,4.000000,4.000000,4.000000,4.000000,100.000000,,,,,,,,,,,,,,,,,,,,,,,,,,,,,,,,,,,,,,,,,,,,,,,,,,,,,,,,,,,,,,,,,,,,,,,,,,,,,,,,,,,,,,
1676060249.863398,1676060249.864016,74.000000,0.000000,4273.461426,4289.615234,4271.153809,4305.256348,4302.692383,4289.743652,4278.846191,4285.128418,4279.487305,4271.538574,4426.538574,4450.769043,4334.743652,4371.666504,2732.000000,4.000000,85.000000,,,,0.000000,4.000000,4.000000,4.000000,4.000000,4.000000,4.000000,4.000000,4.000000,4.000000,4.000000,4.000000,4.000000,4.000000,4.000000,100.000000,,,,,,,,,,,,,,,,,,,,,,,,,,,,,,,,,,,,,,,,,,,,,,,,,,,,,,,,,,,,,,,,,,,,,,,,,,,,,,,,,,,,,,
1676060249.871207,1676060249.871825,75.000000,0.000000,4260.000000,4273.846191,4257.948730,4288.461426,4290.128418,4286.410156,4269.615234,4274.871582,4272.179688,4254.743652,4409.871582,4435.641113,4325.769043,4352.948730,2905.000000,4.000000,85.000000,,,,0.000000,4.000000,4.000000,4.000000,4.000000,4.000000,4.000000,4.000000,4.000000,4.000000,4.000000,4.000000,4.000000,4.000000,4.000000,100.000000,,,,,,,,,,,,,,,,,,,,,,,,,,,,,,,,,,,,,,,,,,,,,,,,,,,,,,,,,,,,,,,,,,,,,,,,,,,,,,,,,,,,,,
1676060249.879015,1676060249.879733,76.000000,0.000000,4269.230957,4280.512695,4264.743652,4297.436035,4298.205078,4294.487305,4273.077148,4276.794922,4281.922852,4261.025879,4410.769043,4442.307617,4332.563965,4363.589844,3117.000000,4.000000,85.000000,,,,0.000000,4.000000,4.000000,4.000000,4.000000,4.000000,4.000000,4.000000,4.000000,4.000000,4.000000,4.000000,4.000000,4.000000,4.000000,100.000000,,,,,,,,,,,,,,,,,,,,,,,,,,,,,,,,,,,,,,,,,,,,,,,,,,,,,,,,,,,,,,,,,,,,,,,,,,,,,,,,,,,,,,
1676060249.886823,1676060249.887542,77.000000,0.000000,4291.025879,4298.974121,4282.948730,4316.538574,4315.512695,4301.410156,4287.179688,4298.333496,4299.487305,4289.487305,4439.487305,4464.230957,4352.051270,4389.743652,3231.000000,4.000000,85.000000,,,,0.000000,4.000000,4.000000,4.000000,4.000000,4.000000,4.000000,4.000000,4.000000,4.000000,4.000000,4.000000,4.000000,4.000000,4.000000,100.000000,,,,,,,,,,,,,,,,,,,,,,,,,,,,,,,,,,,,,,,,,,,,,,,,,,,,,,,,,,,,,,,,,,,,,,,,,,,,,,,,,,,,,,
1676060249.894632,1676060249.895450,78.000000,0.000000,4290.128418,4291.538574,4280.256348,4305.897461,4311.794922,4291.538574,4284.615234,4301.153809,4299.487305,4297.051270,4445.897461,4463.846191,4356.025879,4388.974121,2732.000000,4.000000,85.000000,,,,0.000000,4.000000,4.000000,4.000000,4.000000,4.000000,4.000000,4.000000,4.000000,4.000000,4.000000,4.000000,4.000000,4.000000,4.000000,100.000000,1.000000,41.666668,4.000000,4.000000,3.000000,4.000000,4.000000,4.000000,4.000000,3.000000,4.000000,3.000000,1.000000,1.000000,3.000000,3.000000,1.788421,2.778663,1.472821,0.714489,0.842071,1.728482,3.954533,1.045920,0.919267,0.821838,1.550625,3.124835,1.835548,0.712348,0.810822,1.843017,2.844520,1.059976,0.591937,0.685309,0.583937,1.662756,0.257920,0.559837,0.554816,0.620003,1.299706,0.497610,0.365258,0.487616,0.735376,1.178047,1.038626,0.552039,0.760368,1.152032,1.207029,1.412216,0.785243,1.070133,0.724099,1.451818,1.859065,0.648270,0.999916,0.969093,1.112666,1.583246,1.294647,1.272801,4.774668,1.215682,5.505360,1.144443,1.567531,2.849975,1.682023,3.321625,1.268804,1.444032,1.123497,1.656176,3.575566,1.154002,1.557485,2.407441,2.099671,3.088855,1.178912,1.328932
1676060249.902440,1676060249.903258,79.000000,0.000000,4284.230957,4276.410156,4273.717773,4293.077148,4300.000000,4282.307617,4277.563965,4288.846191,4290.641113,4275.769043,4429.487305,4457.563965,4353.077148,4381.794922,2905.000000,4.000000,85.000000,,,,0.000000,4.000000,4.000000,4.000000,4.000000,4.000000,4.000000,4.000000,4.000000,4.000000,4.000000,4.000000,4.000000,4.000000,4.000000,100.000000,,,,,,,,,,,,,,,,,,,,,,,,,,,,,,,,,,,,,,,,,,,,,,,,,,,,,,,,,,,,,,,,,,,,,,,,,,,,,,,,,,,,,,
1676060249.910249,1676060249.911067,80.000000,0.000000,4304.358887,4291.153809,4296.153809,4318.077148,4313.974121,4297.307617,4295.256348,4300.769043,4298.333496,4274.487305,4443.717773,4485.000000,4368.974121,4407.051270,3117.000000,4.000000,85.000000,,,,0.000000,4.000000,4.000000,4.000000,4.000000,4.000000,4.000000,4.000000,4.000000,4.000000,4.000000,4.000000,4.000000,4.000000,4.000000,100.000000,,,,,,,,,,,,,,,,,,,,,,,,,,,,,,,,,,,,,,,,,,,,,,,,,,,,,,,,,,,,,,,,,,,,,,,,,,,,,,,,,,,,,,
1676060249.918057,1676060249.918775,81.000000,0.000000,4326.666504,4317.563965,4323.461426,4342.436035,4334.743652,4317.436035,4317.820313,4322.820313,4311.666504,4297.563965,4474.102539,4518.717773,4388.846191,4438.333496,3231.000000,4.000000,85.000000,,,,0.000000,4.000000,4.000000,4.000000,4.000000,4.000000,4.000000,4.000000,4.000000,4.000000,4.000000,4.000000,4.000000,4.000000,4.000000,100.000000,,,,,,,,,,,,,,,,,,,,,,,,,,,,,,,,,,,,,,,,,,,,,,,,,,,,,,,,,,,,,,,,,,,,,,,,,,,,,,,,,,,,,,
1676060249.925865,1676060249.926684,82.000000,0.000000,4316.410156,4311.538574,4316.153809,4324.358887,4325.641113,4309.743652,4312.692383,4318.974121,4305.256348,4296.538574,4460.641113,4510.769043,4376.410156,4425.128418,2732.000000,4.000000,85.000000,,,,0.000000,4.000000,4.000000,4.000000,4.000000,4.000000,4.000000,4.000000,4.000000,4.000000,4.000000,4.000000,4.000000,4.000000,4.000000,100.000000,,,,,,,,,,,,,,,,,,,,,,,,,,,,,,,,,,,,,,,,,,,,,,,,,,,,,,,,,,,,,,,,,,,,,,,,,,,,,,,,,,,,,,
1676060249.933674,1676060249.934492,83.000000,0.000000,4295.384766,4283.077148,4286.922852,4295.128418,4304.102539,4289.871582,4290.384766,4298.846191,4291.666504,4276.794922,4425.641113,4482.179688,4346.538574,4393.205078,2905.000000,4.000000,85.000000,,,,0.000000,4.000000,4.000000,4.000000,4.000000,4.000000,4.000000,4.000000,4.000000,4.000000,4.000000,4.000000,4.000000,4.000000,4.000000,100.000000,,,,,,,,,,,,,,,,,,,,,,,,,,,,,,,,,,,,,,,,,,,,,,,,,,,,,,,,,,,,,,,,,,,,,,,,,,,,,,,,,,,,,,
1676060249.941482,1676060249.942401,84.000000,0.000000,4296.282227,4276.410156,4282.948730,4291.538574,4306.025879,4295.256348,4286.666504,4296.153809,4291.025879,4274.487305,4418.205078,4478.333496,4336.025879,4387.948730,3117.000000,4.000000,85.000000,,,,0.000000,4.000000,4.000000,4.000000,4.000000,4.000000,4.000000,4.000000,4.000000,4.000000,4.000000,4.000000,4.000000,4.000000,4.000000,100.000000,,,,,,,,,,,,,,,,,,,,,,,,,,,,,,,,,,,,,,,,,,,,,,,,,,,,,,,,,,,,,,,,,,,,,,,,,,,,,,,,,,,,,,
1676060249.949290,1676060249.950209,85.000000,0.000000,4308.333496,4297.692383,4306.025879,4310.769043,4321.025879,4312.307617,4307.436035,4316.666504,4300.128418,4283.717773,4426.153809,4494.358887,4343.333496,4397.563965,3231.000000,4.000000,85.000000,,,,0.000000,4.000000,4.000000,4.000000,4.000000,4.000000,4.000000,4.000000,4.000000,4.000000,4.000000,4.000000,4.000000,4.000000,4.000000,100.000000,,,,,,,,,,,,,,,,,,,,,,,,,,,,,,,,,,,,,,,,,,,,,,,,,,,,,,,,,,,,,,,,,,,,,,,,,,,,,,,,,,,,,,
1676060249.957099,1676060249.958117,86.000000,0.000000,4309.230957,4307.179688,4310.641113,4317.563965,4322.563965,4304.743652,4308.846191,4324.230957,4301.282227,4288.205078,4429.102539,4495.897461,4354.102539,4401.538574,2732.000000,4.000000,85.000000,,,,0.000000,4.000000,4.000000,4.000000,4.000000,4.000000,4.000000,4.000000,4.000000,4.000000,4.000000,4.000000,4.000000,4.000000,4.000000,100.000000,,,,,,,,,,,,,,,,,,,,,,,,,,,,,,,,,,,,,,,,,,,,,,,,,,,,,,,,,,,,,,,,,,,,,,,,,,,,,,,,,,,,,,
1676060249.964907,1676060249.965926,87.000000,0.000000,4297.179688,4279.102539,4283.974121,4294.358887,4310.384766,4280.769043,4278.717773,4296.282227,4285.897461,4273.333496,4421.666504,4473.846191,4352.051270,4395.384766,2905.000000,4.000000,85.000000,,,,0.000000,4.000000,4.000000,4.000000,4.000000,4.000000,4.000000,4.000000,4.000000,4.000000,4.000000,4.000000,4.000000,4.000000,4.000000,100.000000,,,,,,,,,,,,,,,,,,,,,,,,,,,,,,,,,,,,,,,,,,,,,,,,,,,,,,,,,,,,,,,,,,,,,,,,,,,,,,,,,,,,,,
1676060249.972716,1676060249.973834,88.000000,0.000000,4297.436035,4258.589844,4279.102539,4284.230957,4307.307617,4280.256348,4273.461426,4277.820313,4282.179688,4261.794922,4424.102539,4470.256348,4359.487305,4398.461426,3117.000000,4.000000,85.000000,,,,0.000000,4.000000,4.000000,4.000000,4.000000,4.000000,4.000000,4.000000,4.000000,4.000000,4.000000,4.000000,4.000000,4.000000,4.000000,100.000000,,,,,,,,,,,,,,,,,,,,,,,,,,,,,,,,,,,,,,,,,,,,,,,,,,,,,,,,,,,,,,,,,,,,,,,,,,,,,,,,,,,,,,
1676060249.980524,1676060249.981643,89.000000,0.000000,4317.820313,4266.282227,4309.102539,4300.512695,4320.384766,4300.769043,4301.922852,4302.820313,4302.051270,4285.897461,4460.512695,4502.820313,4408.077148,4431.666504,3231.000000,4.000000,85.000000,,,,0.000000,4.000000,4.000000,4.000000,4.000000,4.000000,4.000000,4.000000,4.000000,4.000000,4.000000,4.000000,4.000000,4.000000,4.000000,100.000000,,,,,,,,,,,,,,,,,,,,,,,,,,,,,,,,,,,,,,,,,,,,,,,,,,,,,,,,,,,,,,,,,,,,,,,,,,,,,,,,,,,,,,
1676060249.988332,1676060249.989551,90.000000,0.000000,4323.205078,4255.000000,4317.692383,4298.717773,4321.538574,4307.436035,4310.897461,4318.077148,4308.333496,4308.205078,4489.358887,4517.436035,4442.051270,4455.769043,2732.000000,4.000000,85.000000,,,,0.000000,4.000000,4.000000,4.000000,4.000000,4.000000,4.000000,4.000000,4.000000,4.000000,4.000000,4.000000,4.000000,4.000000,4.000000,100.000000,,,,,,,,,,,,,,,,,,,,,,,,,,,,,,,,,,,,,,,,,,,,,,,,,,,,,,,,,,,,,,,,,,,,,,,,,,,,,,,,,,,,,,
1676060249.996141,1676060249.997359,91.000000,0.000000,4310.256348,4228.589844,4300.000000,4277.948730,4311.410156,4300.256348,4295.641113,4300.000000,4296.794922,4292.692383,4471.922852,4497.179688,4419.358887,4436.794922,2905.000000,4.000000,85.000000,,,,0.000000,4.000000,4.000000,4.000000,4.000000,4.000000,4.000000,4.000000,4.000000,4.000000,4.000000,4.000000,4.000000,4.000000,4.000000,100.000000,,,,,,,,,,,,,,,,,,,,,,,,,,,,,,,,,,,,,,,,,,,,,,,,,,,,,,,,,,,,,,,,,,,,,,,,,,,,,,,,,,,,,,
1676060250.003949,1676060250.005068,92.000000,0.000000,4309.487305,4229.743652,4291.153809,4275.641113,4309.615234,4297.692383,4287.179688,4291.922852,4292.820313,4275.512695,4448.077148,4482.436035,4398.846191,4418.205078,3117.000000,4.000000,85.000000,,,,0.000000,4.000000,4.000000,4.000000,4.000000,4.000000,4.000000,4.000000,4.000000,4.000000,4.000000,4.000000,4.000000,4.000000,4.000000,100.000000,,,,,,,,,,,,,,,,,,,,,,,,,,,,,,,,,,,,,,,,,,,,,,,,,,,,,,,,,,,,,,,,,,,,,,,,,,,,,,,,,,,,,,
1676060250.011757,1676060250.012976,93.000000,0.000000,4306.282227,4229.615234,4283.717773,4273.077148,4302.692383,4292.179688,4282.179688,4294.230957,4284.871582,4274.871582,4442.307617,4476.025879,4399.102539,4417.563965,3231.000000,4.000000,85.000000,,,,0.000000,4.000000,4.000000,4.000000,4.000000,4.000000,4.000000,4.000000,4.000000,4.000000,4.000000,4.000000,4.000000,4.000000,4.000000,100.000000,,,,,,,,,,,,,,,,,,,,,,,,,,,,,,,,,,,,,,,,,,,,,,,,,,,,,,,,,,,,,,,,,,,,,,,,,,,,,,,,,,,,,,
1676060250.019566,1676060250.020785,94.000000,0.000000,4289.871582,4216.794922,4282.436035,4260.384766,4297.820313,4291.025879,4288.846191,4299.230957,4285.000000,4280.769043,4443.333496,4479.230957,4390.128418,4415.897461,2732.000000,4.000000,85.000000,,,,0.000000,4.000000,4.000000,4.000000,4.000000,4.000000,4.000000,4.000000,4.000000,4.000000,4.000000,4.000000,4.000000,4.000000,4.000000,100.000000,,,,,,,,,,,,,,,,,2.168892,2.464628,1.580299,0.847880,0.672414,1.963099,4.116817,1.447196,1.120439,0.716954,1.400035,2.560944,1.851182,0.778188,0.676524,1.685178,2.965234,1.419715,0.724963,0.568318,0.458726,1.581700,0.358984,0.604181,0.509039,0.619852,1.221266,0.658971,0.465252,0.473354,0.815947,1.098344,1.162709,0.632194,0.650631,1.225775,1.386373,1.522404,0.885055,0.932779,0.721205,1.574771,1.863967,0.739487,0.836390,1.033640,1.316763,1.528123,1.283120,1.081366,5.769516,1.404257,5.995641,1.309175,1.310447,3.249515,1.970669,3.210841,1.412602,1.219024,1.070214,1.761164,3.601119,1.228804,1.341522,3.141249,2.060808,3.035798,1.242695,1.122232
1676060250.027374,1676060250.028593,95.000000,0.000000,4302.563965,4233.974121,4307.436035,4267.307617,4305.384766,4304.230957,4313.333496,4322.307617,4310.128418,4294.743652,4458.974121,4508.461426,4400.384766,4432.692383,2905.000000,4.000000,85.000000,,,,0.000000,4.000000,4.000000,4.000000,4.000000,4.000000,4.000000,4.000000,4.000000,4.000000,4.000000,4.000000,4.000000,4.000000,4.000000,100.000000,,,,,,,,,,,,,,,,,,,,,,,,,,,,,,,,,,,,,,,,,,,,,,,,,,,,,,,,,,,,,,,,,,,,,,,,,,,,,,,,,,,,,,
1676060250.035183,1676060250.036302,96.000000,0.000000,4327.563965,4255.384766,4324.615234,4280.512695,4306.538574,4313.717773,4322.692383,4340.000000,4320.512695,4299.230957,4468.846191,4528.077148,4417.563965,4451.794922,3117.000000,4.000000,85.000000,,,,0.000000,4.000000,4.000000,4.000000,4.000000,4.000000,4.000000,4.000000,4.000000,4.000000,4.000000,4.000000,4.000000,4.000000,4.000000,100.000000,,,,,,,,,,,,,,,,,,,,,,,,,,,,,,,,,,,,,,,,,,,,,,,,,,,,,,,,,,,,,,,,,,,,,,,,,,,,,,,,,,,,,,
1676060250.042991,1676060250.044110,97.000000,0.000000,4326.153809,4250.256348,4315.384766,4279.871582,4306.538574,4310.512695,4312.948730,4340.000000,4312.692383,4294.230957,4457.179688,4518.205078,4399.871582,4444.743652,3231.000000,4.000000,85.000000,,,,0.000000,4.000000,4.000000,4.000000,4.000000,4.000000,4.000000,4.000000,4.000000,4.000000,4.000000,4.000000,4.000000,4.000000,4.000000,100.000000,,,,,,,,,,,,,,,,,,,,,,,,,,,,,,,,,,,,,,,,,,,,,,,,,,,,,,,,,,,,,,,,,,,,,,,,,,,,,,,,,,,,,,
1676060250.050799,1676060250.051819,98.000000,0.000000,4308.589844,4247.820313,4303.717773,4269.230957,4309.102539,4301.794922,4302.307617,4342.307617,4304.743652,4292.436035,4435.897461,4502.436035,4367.692383,4423.846191,2732.000000,4.000000,85.000000,,,,0.000000,4.000000,4.000000,4.000000,4.000000,4.000000,4.000000,4.000000,4.000000,4.000000,4.000000,4.000000,4.000000,4.000000,4.000000,100.000000,,,,,,,,,,,,,,,,,,,,,,,,,,,,,,,,,,,,,,,,,,,,,,,,,,,,,,,,,,,,,,,,,,,,,,,,,,,,,,,,,,,,,,
1676060250.058608,1676060250.059627,99.000000,0.000000,4295.897461,4256.025879,4293.205078,4261.153809,4300.641113,4294.358887,4289.871582,4346.410156,4286.410156,4271.025879,4409.358887,4488.205078,4345.769043,4404.615234,2905.000000,4.000000,85.000000,,,,0.000000,4.000000,4.000000,4.000000,4.000000,4.000000,4.000000,4.000000,4.000000,4.000000,4.000000,4.000000,4.000000,4.000000,4.000000,100.000000,,,,,,,,,,,,,,,,,,,,,,,,,,,,,,,,,,,,,,,,,,,,,,,,,,,,,,,,,,,,,,,,,,,,,,,,,,,,,,,,,,,,,,
1676060250.066416,1676060250.067336,100.000000,0.000000,4296.794922,4264.102539,4290.897461,4272.436035,4300.384766,4292.948730,4286.153809,4357.692383,4282.692383,4257.307617,4402.563965,4488.205078,4341.410156,4400.128418,3117.000000,4.000000,85.000000,,,,0.000000,4.000000,4.000000,4.000000,4.000000,4.000000,4.000000,4.000000,4.000000,4.000000,4.000000,4.000000,4.000000,4.000000,4.000000,100.000000,,,,,,,,,,,,,,,,,,,,,,,,,,,,,,,,,,,,,,,,,,,,,,,,,,,,,,,,,,,,,,,,,,,,,,,,,,,,,,,,,,,,,,
1676060250.074225,1676060250.075144,101.000000,0.000000,4304.102539,4274.615234,4298.846191,4287.820313,4313.205078,4296.410156,4292.692383,4383.589844,4300.256348,4275.769043,4421.794922,4502.051270,4351.666504,4410.000000,3231.000000,4.000000,85.000000,,,,0.000000,4.000000,4.000000,4.000000,4.000000,4.000000,4.000000,4.000000,4.000000,4.000000,4.000000,4.000000,4.000000,4.000000,4.000000,100.000000,,,,,,,,,,,,,,,,,,,,,,,,,,,,,,,,,,,,,,,,,,,,,,,,,,,,,,,,,,,,,,,,,,,,,,,,,,,,,,,,,,,,,,
1676060250.082033,1676060250.082853,102.000000,0.000000,4309.871582,4289.102539,4302.563965,4294.487305,4315.897461,4299.358887,4298.077148,4407.307617,4303.077148,4289.871582,4440.256348,4510.128418,4366.410156,4423.846191,2732.000000,4.000000,85.000000,,,,0.000000,4.000000,4.000000,4.000000,4.000000,4.000000,4.000000,4.000000,4.000000,4.000000,4.000000,4.000000,4.000000,4.000000,4.000000,100.000000,,,,,,,,,,,,,,,,,,,,,,,,,,,,,,,,,,,,,,,,,,,,,,,,,,,,,,,,,,,,,,,,,,,,,,,,,,,,,,,,,,,,,,
1676060250.089841,1676060250.090761,103.000000,0.000000,4312.436035,4298.717773,4298.846191,4294.102539,4305.641113,4291.538574,4293.974121,4419.743652,4295.128418,4287.051270,4447.820313,4515.769043,4376.025879,4432.692383,2905.000000,4.000000,85.000000,,,,0.000000,4.000000,4.000000,4.000000,4.000000,4.000000,4.000000,4.000000,4.000000,4.000000,4.000000,4.000000,4.000000,4.000000,4.000000,100.000000,,,,,,,,,,,,,,,,,,,,,,,,,,,,,,,,,,,,,,,,,,,,,,,,,,,,,,,,,,,,,,,,,,,,,,,,,,,,,,,,,,,,,,
1676060250.097650,1676060250.098569,104.000000,0.000000,4310.384766,4293.846191,4293.589844,4285.256348,4295.769043,4278.205078,4283.589844,4426.666504,4291.153809,4272.179688,4437.563965,4518.333496,4364.487305,4421.922852,3117.000000,4.000000,85.000000,,,,0.000000,4.000000,4.000000,4.000000,4.000000,4.000000,4.000000,4.000000,4.000000,4.000000,4.000000,4.000000,4.000000,4.000000,4.000000,100.000000,,,,,,,,,,,,,,,,,,,,,,,,,,,,,,,,,,,,,,,,,,,,,,,,,,,,,,,,,,,,,,,,,,,,,,,,,,,,,,,,,,,,,,
1676060250.105458,1676060250.106478,105.000000,0.000000,4310.000000,4292.563965,4297.563965,4286.666504,4299.230957,4286.153809,4282.051270,4440.128418,4291.025879,4264.230957,4431.153809,4520.897461,4352.051270,4415.384766,3231.000000,4.000000,85.000000,,,,0.000000,4.000000,4.000000,4.000000,4.000000,4.000000,4.000000,4.000000,4.000000,4.000000,4.000000,4.000000,4.000000,4.000000,4.000000,100.000000,,,,,,,,,,,,,,,,,,,,,,,,,,,,,,,,,,,,,,,,,,,,,,,,,,,,,,,,,,,,,,,,,,,,,,,,,,,,,,,,,,,,,,
1676060250.113267,1676060250.114286,106.000000,0.000000,4312.692383,4300.256348,4311.538574,4296.666504,4308.974121,4298.589844,4288.717773,4461.153809,4296.153809,4287.307617,4456.666504,4537.563965,4373.974121,4441.153809,2732.000000,4.000000,85.000000,,,,0.000000,4.000000,4.000000,4.000000,4.000000,4.000000,4.000000,4.000000,4.000000,4.000000,4.000000,4.000000,4.000000,4.000000,4.000000,100.000000,,,,,,,,,,,,,,,,,,,,,,,,,,,,,,,,,,,,,,,,,,,,,,,,,,,,,,,,,,,,,,,,,,,,,,,,,,,,,,,,,,,,,,
1676060250.121075,1676060250.122195,107.000000,0.000000,4311.794922,4292.179688,4312.948730,4289.487305,4298.461426,4285.384766,4282.051270,4469.615234,4288.333496,4295.641113,4472.692383,4546.025879,4395.256348,4457.563965,2905.000000,4.000000,85.000000,,,,0.000000,4.000000,4.000000,4.000000,4.000000,4.000000,4.000000,4.000000,4.000000,4.000000,4.000000,4.000000,4.000000,4.000000,4.000000,100.000000,,,,,,,,,,,,,,,,,,,,,,,,,,,,,,,,,,,,,,,,,,,,,,,,,,,,,,,,,,,,,,,,,,,,,,,,,,,,,,,,,,,,,,
1676060250.128883,1676060250.130003,108.000000,0.000000,4311.153809,4280.384766,4303.333496,4275.384766,4289.743652,4277.692383,4273.846191,4475.512695,4273.589844,4265.000000,4457.436035,4536.025879,4381.922852,4439.743652,3117.000000,4.000000,85.000000,,,,0.000000,4.000000,4.000000,4.000000,4.000000,4.000000,4.000000,4.000000,4.000000,4.000000,4.000000,4.000000,4.000000,4.000000,4.000000,100.000000,,,,,,,,,,,,,,,,,,,,,,,,,,,,,,,,,,,,,,,,,,,,,,,,,,,,,,,,,,,,,,,,,,,,,,,,,,,,,,,,,,,,,,
1676060250.136692,1676060250.137911,109.000000,0.000000,4318.846191,4286.538574,4311.153809,4281.153809,4305.897461,4295.512695,4289.743652,4502.307617,4284.358887,4266.025879,4464.230957,4546.153809,4380.384766,4443.205078,3231.000000,4.000000,85.000000,,,,0.000000,4.000000,4.000000,4.000000,4.000000,4.000000,4.000000,4.000000,4.000000,4.000000,4.000000,4.000000,4.000000,4.000000,4.000000,100.000000,,,,,,,,,,,,,,,,,,,,,,,,,,,,,,,,,,,,,,,,,,,,,,,,,,,,,,,,,,,,,,,,,,,,,,,,,,,,,,,,,,,,,,
1676060250.144500,1676060250.145720,110.000000,0.000000,4320.897461,4288.205078,4326.025879,4287.563965,4312.563965,4303.846191,4304.358887,4532.820313,4301.794922,4295.256348,4486.922852,4570.512695,4398.461426,4467.820313,2732.000000,4.000000,85.000000,,,,0.000000,4.000000,4.000000,4.000000,4.000000,4.000000,4.000000,4.000000,4.000000,4.000000,4.000000,4.000000,4.000000,4.000000,4.000000,100.000000,,,,,,,,,,,,,,,,,2.571460,2.278526,1.793246,1.041881,0.568612,2.275856,4.245053,2.051494,1.357587,0.678753,1.347425,2.256108,2.014604,0.891487,0.604032,1.803007,3.166097,1.918674,0.901699,0.503679,0.409888,1.494768,0.545138,0.634400,0.467140,0.627045,1.127735,0.973899,0.574316,0.457274,0.922011,1.072545,1.505417,0.741934,0.562402,1.359530,1.557863,1.852886,1.012729,0.833324,0.799457,1.676661,1.888812,0.884576,0.716776,1.133619,1.512840,1.624779,1.312595,0.945807,6.858713,1.674569,6.515372,1.532750,1.147552,3.803983,2.511091,3.379195,1.602901,1.072364,1.205794,1.975061,3.730285,1.340258,1.205376,3.853759,2.205960,3.212350,1.355748,0.997225
1676060250.152308,1676060250.153628,111.000000,0.000000,4310.000000,4266.666504,4312.948730,4270.512695,4293.974121,4288.461426,4291.538574,4539.743652,4297.948730,4286.666504,4471.410156,4563.974121,4387.563965,4454.102539,2905.000000,4.000000,85.000000,,,,0.000000,4.000000,4.000000,4.000000,4.000000,4.000000,4.000000,4.000000,4.000000,4.000000,4.000000,4.000000,4.000000,4.000000,4.000000,100.000000,,,,,,,,,,,,,,,,,,,,,,,,,,,,,,,,,,,,,,,,,,,,,,,,,,,,,,,,,,,,,,,,,,,,,,,,,,,,,,,,,,,,,,
1676060250.160117,1676060250.161437,112.000000,0.000000,4294.871582,4246.922852,4286.410156,4249.487305,4278.846191,4276.025879,4276.538574,4526.410156,4283.461426,4261.538574,4437.307617,4536.794922,4354.871582,4417.692383,3117.000000,4.000000,85.000000,,,,0.000000,4.000000,4.000000,4.000000,4.000000,4.000000,4.000000,4.000000,4.000000,4.000000,4.000000,4.000000,4.000000,4.000000,4.000000,100.000000,,,,,,,,,,,,,,,,,,,,,,,,,,,,,,,,,,,,,,,,,,,,,,,,,,,,,,,,,,,,,,,,,,,,,,,,,,,,,,,,,,,,,,
1676060250.167925,1676060250.169345,113.000000,0.000000,4286.410156,4244.871582,4277.436035,4243.333496,4283.461426,4279.487305,4278.077148,4512.692383,4271.153809,4253.589844,4429.102539,4523.974121,4343.461426,4409.871582,3231.000000,4.000000,85.000000,,,,0.000000,4.000000,4.000000,4.000000,4.000000,4.000000,4.000000,4.000000,4.000000,4.000000,4.000000,4.000000,4.000000,4.000000,4.000000,100.000000,,,,,,,,,,,,,,,,,,,,,,,,,,,,,,,,,,,,,,,,,,,,,,,,,,,,,,,,,,,,,,,,,,,,,,,,,,,,,,,,,,,,,,
1676060250.175734,1676060250.177153,114.000000,0.000000,4287.051270,4242.179688,4281.538574,4245.128418,4287.563965,4284.615234,4279.615234,4505.000000,4263.205078,4247.179688,4424.871582,4523.461426,4340.897461,4414.615234,2732.000000,4.000000,85.000000,,,,0.000000,4.000000,4.000000,4.000000,4.000000,4.000000,4.000000,4.000000,4.000000,4.000000,4.000000,4.000000,4.000000,4.000000,4.000000,100.000000,,,,,,,,,,,,,,,,,,,,,,,,,,,,,,,,,,,,,,,,,,,,,,,,,,,,,,,,,,,,,,,,,,,,,,,,,,,,,,,,,,,,,,
1676060250.183542,1676060250.184862,115.000000,0.000000,4288.974121,4239.230957,4281.538574,4250.000000,4280.769043,4277.692383,4271.794922,4489.487305,4261.922852,4241.282227,4409.102539,4518.846191,4331.538574,4406.922852,2905.000000,4.000000,85.000000,,,,0.000000,4.000000,4.000000,4.000000,4.000000,4.000000,4.000000,4.000000,4.000000,4.000000,4.000000,4.000000,4.000000,4.000000,4.000000,100.000000,,,,,,,,,,,,,,,,,,,,,,,,,,,,,,,,,,,,,,,,,,,,,,,,,,,,,,,,,,,,,,,,,,,,,,,,,,,,,,,,,,,,,,
1676060250.191350,1676060250.192670,116.000000,0.000000,4301.153809,4255.641113,4289.871582,4270.128418,4285.897461,4273.589844,4273.333496,4474.230957,4270.641113,4256.410156,4416.410156,4524.871582,4341.538574,4415.000000,3117.000000,4.000000,85.000000,,,,0.000000,4.000000,4.000000,4.000000,4.000000,4.000000,4.000000,4.000000,4.000000,4.000000,4.000000,4.000000,4.000000,4.000000,4.000000,100.000000,,,,,,,,,,,,,,,,,,,,,,,,,,,,,,,,,,,,,,,,,,,,,,,,,,,,,,,,,,,,,,,,,,,,,,,,,,,,,,,,,,,,,,
1676060250.199159,1676060250.200379,117.000000,0.000000,4320.256348,4275.512695,4305.641113,4288.333496,4293.846191,4279.871582,4278.974121,4470.512695,4274.230957,4266.922852,4438.974121,4535.641113,4361.794922,4436.410156,3231.000000,4.000000,85.000000,,,,0.000000,4.000000,4.000000,4.000000,4.000000,4.000000,4.000000,4.000000,4.000000,4.000000,4.000000,4.000000,4.000000,4.000000,4.000000,100.000000,,,,,,,,,,,,,,,,,,,,,,,,,,,,,,,,,,,,,,,,,,,,,,,,,,,,,,,,,,,,,,,,,,,,,,,,,,,,,,,,,,,,,,
1676060250.206967,1676060250.208187,118.000000,0.000000,4329.102539,4280.256348,4311.794922,4290.384766,4295.000000,4282.563965,4278.077148,4474.871582,4272.051270,4256.666504,4447.692383,4537.307617,4371.410156,4444.102539,2732.000000,4.000000,85.000000,,,,0.000000,4.000000,4.000000,4.000000,4.000000,4.000000,4.000000,4.000000,4.000000,4.000000,4.000000,4.000000,4.000000,4.000000,4.000000,100.000000,,,,,,,,,,,,,,,,,,,,,,,,,,,,,,,,,,,,,,,,,,,,,,,,,,,,,,,,,,,,,,,,,,,,,,,,,,,,,,,,,,,,,,
1676060250.214775,1676060250.215896,119.000000,0.000000,4334.615234,4291.410156,4317.307617,4296.922852,4305.000000,4282.948730,4281.153809,4485.128418,4281.025879,4265.128418,4459.102539,4545.256348,4384.230957,4455.897461,2905.000000,4.000000,85.000000,,,,0.000000,4.000000,4.000000,4.000000,4.000000,4.000000,4.000000,4.000000,4.000000,4.000000,4.000000,4.000000,4.000000,4.000000,4.000000,100.000000,,,,,,,,,,,,,,,,,,,,,,,,,,,,,,,,,,,,,,,,,,,,,,,,,,,,,,,,,,,,,,,,,,,,,,,,,,,,,,,,,,,,,,
1676060250.222584,1676060250.223704,120.000000,0.000000,4332.307617,4293.717773,4313.974121,4295.641113,4308.205078,4280.897461,4276.282227,4491.538574,4288.846191,4285.128418,4467.179688,4550.256348,4390.897461,4462.563965,3117.000000,4.000000,85.000000,,,,0.000000,4.000000,4.000000,4.000000,4.000000,4.000000,4.000000,4.000000,4.000000,4.000000,4.000000,4.000000,4.000000,4.000000,4.000000,100.000000,,,,,,,,,,,,,,,,,,,,,,,,,,,,,,,,,,,,,,,,,,,,,,,,,,,,,,,,,,,,,,,,,,,,,,,,,,,,,,,,,,,,,,
1676060250.230392,1676060250.231413,121.000000,0.000000,4313.461426,4269.743652,4293.589844,4273.974121,4289.871582,4279.102539,4262.948730,4491.794922,4278.974121,4272.820313,4450.512695,4533.205078,4371.538574,4443.717773,3231.000000,4.000000,85.000000,,,,0.000000,4.000000,4.000000,4.000000,4.000000,4.000000,4.000000,4.000000,4.000000,4.000000,4.000000,4.000000,4.000000,4.000000,4.000000,100.000000,,,,,,,,,,,,,,,,,,,,,,,,,,,,,,,,,,,,,,,,,,,,,,,,,,,,,,,,,,,,,,,,,,,,,,,,,,,,,,,,,,,,,,
1676060250.238201,1676060250.239221,122.000000,0.000000,4312.692383,4267.563965,4297.820313,4271.410156,4291.666504,4285.897461,4271.153809,4509.615234,4280.000000,4265.256348,4459.487305,4538.846191,4371.922852,4442.820313,2732.000000,4.000000,85.000000,,,,0.000000,4.000000,4.000000,4.000000,4.000000,4.000000,4.000000,4.000000,4.000000,4.000000,4.000000,4.000000,4.000000,4.000000,4.000000,100.000000,,,,,,,,,,,,,,,,,,,,,,,,,,,,,,,,,,,,,,,,,,,,,,,,,,,,,,,,,,,,,,,,,,,,,,,,,,,,,,,,,,,,,,
1676060250.246009,1676060250.246930,123.000000,0.000000,4332.179688,4291.153809,4320.641113,4287.563965,4305.512695,4287.820313,4286.538574,4533.333496,4300.000000,4287.179688,4495.897461,4569.230957,4398.589844,4465.769043,2905.000000,4.000000,85.000000,,,,0.000000,4.000000,4.000000,4.000000,4.000000,4.000000,4.000000,4.000000,4.000000,4.000000,4.000000,4.000000,4.000000,4.000000,4.000000,100.000000,,,,,,,,,,,,,,,,,,,,,,,,,,,,,,,,,,,,,,,,,,,,,,,,,,,,,,,,,,,,,,,,,,,,,,,,,,,,,,,,,,,,,,
1676060250.253817,1676060250.254738,124.000000,0.000000,4329.743652,4288.974121,4317.179688,4285.897461,4290.641113,4280.384766,4279.871582,4531.666504,4301.025879,4288.717773,4498.077148,4566.666504,4398.461426,4465.256348,3117.000000,4.000000,85.000000,,,,0.000000,4.000000,4.000000,4.000000,4.000000,4.000000,4.000000,4.000000,4.000000,4.000000,4.000000,4.000000,4.000000,4.000000,4.000000,100.000000,,,,,,,,,,,,,,,,,,,,,,,,,,,,,,,,,,,,,,,,,,,,,,,,,,,,,,,,,,,,,,,,,,,,,,,,,,,,,,,,,,,,,,
1676060250.261626,1676060250.262447,125.000000,0.000000,4319.871582,4268.205078,4305.897461,4272.307617,4277.692383,4277.692383,4272.563965,4518.461426,4285.897461,4276.538574,4489.871582,4549.230957,4388.717773,4455.128418,3231.000000,4.000000,85.000000,,,,0.000000,4.000000,4.000000,4.000000,4.000000,4.000000,4.000000,4.000000,4.000000,4.000000,4.000000,4.000000,4.000000,4.000000,4.000000,100.000000,,,,,,,,,,,,,,,,,,,,,,,,,,,,,,,,,,,,,,,,,,,,,,,,,,,,,,,,,,,,,,,,,,,,,,,,,,,,,,,,,,,,,,
1676060250.269434,1676060250.270255,126.000000,0.000000,4321.025879,4261.025879,4312.051270,4264.487305,4290.000000,4280.897461,4280.897461,4508.846191,4279.615234,4279.487305,4508.077148,4555.769043,4396.538574,4463.077148,2732.000000,4.000000,85.000000,,,,0.000000,4.000000,4.000000,4.000000,4.000000,4.000000,4.000000,4.000000,4.000000,4.000000,4.000000,4.000000,4.000000,4.000000,4.000000,100.000000,,,,,,,,,,,,,,,,,2.943044,2.304048,2.115922,1.255123,0.512437,2.728253,4.318902,2.726025,1.569738,0.682218,1.390155,2.243940,2.320674,1.014026,0.568985,2.241343,3.392865,2.458197,1.085917,0.477767,0.446498,1.420951,0.788636,0.643179,0.430514,0.659434,1.060414,1.367573,0.667344,0.440745,1.043984,1.143632,1.970379,0.860569,0.496723,1.618814,1.677299,2.316744,1.127932,0.757345,0.916510,1.744677,1.939183,1.036112,0.621286,1.190315,1.653873,1.863791,1.366936,0.855267,7.650899,2.088751,7.000127,1.759651,1.033872,4.357924,3.247510,3.800694,1.796882,0.964948,1.396306,2.371060,4.027915,1.477758,1.105582,4.349856,2.563599,3.625233,1.491789,0.921107
1676060250.277243,1676060250.277964,127.000000,0.000000,4317.948730,4263.333496,4316.538574,4264.358887,4300.256348,4287.692383,4288.333496,4497.179688,4283.974121,4275.641113,4515.769043,4561.410156,4398.589844,4464.615234,85.000000,4.000000,85.000000,,,,0.000000,4.000000,4.000000,4.000000,4.000000,4.000000,4.000000,4.000000,4.000000,4.000000,4.000000,4.000000,4.000000,4.000000,4.000000,100.000000,,,,,,,,,,,,,,,,,,,,,,,,,,,,,,,,,,,,,,,,,,,,,,,,,,,,,,,,,,,,,,,,,,,,,,,,,,,,,,,,,,,,,,
1676060250.285051,1676060250.285772,0.000000,0.000000,4315.256348,4262.820313,4312.051270,4265.000000,4297.820313,4294.358887,4288.589844,4479.358887,4283.077148,4258.717773,4495.769043,4546.282227,4381.794922,4448.077148,2525.000000,4.000000,85.000000,,,,0.000000,4.000000,4.000000,4.000000,4.000000,4.000000,4.000000,4.000000,4.000000,4.000000,4.000000,4.000000,4.000000,4.000000,4.000000,100.000000,,,,,,,,,,,,,,,,,,,,,,,,,,,,,,,,,,,,,,,,,,,,,,,,,,,,,,,,,,,,,,,,,,,,,,,,,,,,,,,,,,,,,,
1676060250.292859,1676060250.293481,1.000000,0.000000,4321.794922,4257.436035,4310.256348,4262.948730,4295.384766,4295.512695,4288.717773,4460.000000,4276.025879,4259.615234,4490.641113,4534.615234,4373.205078,4442.051270,2466.000000,4.000000,85.000000,,,,0.000000,4.000000,4.000000,4.000000,4.000000,4.000000,4.000000,4.000000,4.000000,4.000000,4.000000,4.000000,4.000000,4.000000,4.000000,100.000000,,,,,,,,,,,,,,,,,,,,,,,,,,,,,,,,,,,,,,,,,,,,,,,,,,,,,,,,,,,,,,,,,,,,,,,,,,,,,,,,,,,,,,
1676060250.300668,1676060250.301389,2.000000,0.000000,4327.948730,4259.615234,4317.948730,4267.051270,4299.743652,4301.025879,4294.615234,4455.000000,4285.256348,4280.384766,4509.358887,4542.948730,4384.871582,4454.615234,2401.000000,4.000000,85.000000,,,,0.000000,4.000000,4.000000,4.000000,4.000000,4.000000,4.000000,4.000000,4.000000,4.000000,4.000000,4.000000,4.000000,4.000000,4.000000,100.000000,,,,,,,,,,,,,,,,,,,,,,,,,,,,,,,,,,,,,,,,,,,,,,,,,,,,,,,,,,,,,,,,,,,,,,,,,,,,,,,,,,,,,,
1676060250.308476,1676060250.309198,3.000000,0.000000,4327.307617,4268.717773,4325.384766,4273.333496,4307.179688,4308.461426,4302.948730,4458.077148,4298.846191,4292.563965,4516.282227,4549.743652,4392.179688,4457.692383,2449.000000,4.000000,85.000000,,,,0.000000,4.000000,4.000000,4.000000,4.000000,4.000000,4.000000,4.000000,4.000000,4.000000,4.000000,4.000000,4.000000,4.000000,4.000000,100.000000,,,,,,,,,,,,,,,,,,,,,,,,,,,,,,,,,,,,,,,,,,,,,,,,,,,,,,,,,,,,,,,,,,,,,,,,,,,,,,,,,,,,,,
1676060250.316285,1676060250.317106,4.000000,0.000000,4315.512695,4260.128418,4311.153809,4265.897461,4301.666504,4303.846191,4297.051270,4439.358887,4288.717773,4277.820313,4494.230957,4529.230957,4375.641113,4430.641113,2438.000000,4.000000,85.000000,,,,0.000000,4.000000,4.000000,4.000000,4.000000,4.000000,4.000000,4.000000,4.000000,4.000000,4.000000,4.000000,4.000000,4.000000,4.000000,100.000000,,,,,,,,,,,,,,,,,,,,,,,,,,,,,,,,,,,,,,,,,,,,,,,,,,,,,,,,,,,,,,,,,,,,,,,,,,,,,,,,,,,,,,
1676060250.324093,1676060250.324915,5.000000,0.000000,4296.538574,4241.410156,4287.436035,4254.102539,4282.436035,4290.641113,4278.333496,4410.641113,4271.794922,4260.384766,4464.743652,4499.743652,4353.461426,4400.769043,2374.000000,4.000000,85.000000,,,,0.000000,4.000000,4.000000,4.000000,4.000000,4.000000,4.000000,4.000000,4.000000,4.000000,4.000000,4.000000,4.000000,4.000000,4.000000,100.000000,,,,,,,,,,,,,,,,,,,,,,,,,,,,,,,,,,,,,,,,,,,,,,,,,,,,,,,,,,,,,,,,,,,,,,,,,,,,,,,,,,,,,,
1676060250.331901,1676060250.332823,6.000000,0.000000,4297.051270,4253.974121,4292.436035,4266.025879,4281.922852,4281.666504,4275.512695,4412.563965,4281.538574,4271.153809,4468.461426,4505.128418,4362.820313,4415.512695,2232.000000,4.000000,85.000000,,,,0.000000,4.000000,4.000000,4.000000,4.000000,4.000000,4.000000,4.000000,4.000000,4.000000,4.000000,4.000000,4.000000,4.000000,4.000000,100.000000,,,,,,,,,,,,,,,,,,,,,,,,,,,,,,,,,,,,,,,,,,,,,,,,,,,,,,,,,,,,,,,,,,,,,,,,,,,,,,,,,,,,,,
1676060250.339710,1676060250.340631,7.000000,0.000000,4321.153809,4288.461426,4316.794922,4295.897461,4298.589844,4283.717773,4290.897461,4428.717773,4302.051270,4287.436035,4493.077148,4534.487305,4388.333496,4469.615234,2209.000000,4.000000,85.000000,,,,0.000000,4.000000,4.000000,4.000000,4.000000,4.000000,4.000000,4.000000,4.000000,4.000000,4.000000,4.000000,4.000000,4.000000,4.000000,100.000000,,,,,,,,,,,,,,,,,,,,,,,,,,,,,,,,,,,,,,,,,,,,,,,,,,,,,,,,,,,,,,,,,,,,,,,,,,,,,,,,,,,,,,
1676060250.347518,1676060250.348540,8.000000,0.000000,4329.487305,4294.358887,4320.000000,4312.948730,4298.205078,4292.436035,4291.538574,4413.846191,4295.641113,4273.974121,4487.820313,4534.358887,4387.563965,4514.615234,2276.000000,4.000000,85.000000,,,,0.000000,4.000000,4.000000,4.000000,4.000000,4.000000,4.000000,4.000000,4.000000,4.000000,4.000000,4.000000,4.000000,4.000000,4.000000,100.000000,,,,,,,,,,,,,,,,,,,,,,,,,,,,,,,,,,,,,,,,,,,,,,,,,,,,,,,,,,,,,,,,,,,,,,,,,,,,,,,,,,,,,,
1676060250.355327,1676060250.356348,9.000000,0.000000,4313.846191,4278.461426,4300.769043,4310.897461,4288.589844,4289.358887,4274.230957,4382.051270,4275.769043,4259.871582,4455.897461,4508.974121,4363.589844,4545.128418,2246.000000,4.000000,85.000000,,,,0.000000,4.000000,4.000000,4.000000,4.000000,4.000000,4.000000,4.000000,4.000000,4.000000,4.000000,4.000000,4.000000,4.000000,4.000000,100.000000,,,,,,,,,,,,,,,,,,,,,,,,,,,,,,,,,,,,,,,,,,,,,,,,,,,,,,,,,,,,,,,,,,,,,,,,,,,,,,,,,,,,,,
1676060250.363135,1676060250.364256,10.000000,0.000000,4309.615234,4279.743652,4292.692383,4310.128418,4293.333496,4279.871582,4270.641113,4377.692383,4278.717773,4273.589844,4454.487305,4510.897461,4363.974121,4597.436035,2740.000000,4.000000,85.000000,,,,0.000000,4.000000,4.000000,4.000000,4.000000,4.000000,4.000000,4.000000,4.000000,4.000000,4.000000,4.000000,4.000000,4.000000,4.000000,100.000000,,,,,,,,,,,,,,,,,,,,,,,,,,,,,,,,,,,,,,,,,,,,,,,,,,,,,,,,,,,,,,,,,,,,,,,,,,,,,,,,,,,,,,
1676060250.370943,1676060250.372065,11.000000,0.000000,4319.102539,4286.153809,4301.538574,4315.897461,4298.717773,4283.974121,4280.128418,4386.410156,4289.615234,4282.436035,4473.333496,4527.820313,4384.102539,4636.922852,2905.000000,4.000000,85.000000,,,,0.000000,4.000000,4.000000,4.000000,4.000000,4.000000,4.000000,4.000000,4.000000,4.000000,4.000000,4.000000,4.000000,4.000000,4.000000,100.000000,,,,,,,,,,,,,,,,,,,,,,,,,,,,,,,,,,,,,,,,,,,,,,,,,,,,,,,,,,,,,,,,,,,,,,,,,,,,,,,,,,,,,,
1676060250.378752,1676060250.379773,12.000000,0.000000,4321.666504,4282.563965,4308.461426,4318.974121,4297.692383,4296.666504,4286.282227,4378.461426,4284.230957,4276.282227,4466.666504,4529.230957,4381.922852,4618.461426,3129.000000,4.000000,85.000000,,,,0.000000,4.000000,4.000000,4.000000,4.000000,4.000000,4.000000,4.000000,4.000000,4.000000,4.000000,4.000000,4.000000,4.000000,4.000000,100.000000,,,,,,,,,,,,,,,,,,,,,,,,,,,,,,,,,,,,,,,,,,,,,,,,,,,,,,,,,,,,,,,,,,,,,,,,,,,,,,,,,,,,,,
1676060250.386560,1676060250.387582,13.000000,0.000000,4323.589844,4281.538574,4312.179688,4323.333496,4301.922852,4301.538574,4291.794922,4372.179688,4286.282227,4280.512695,4458.589844,4531.794922,4375.384766,4592.563965,3238.000000,4.000000,85.000000,,,,0.000000,4.000000,4.000000,4.000000,4.000000,4.000000,4.000000,4.000000,4.000000,4.000000,4.000000,4.000000,4.000000,4.000000,4.000000,100.000000,,,,,,,,,,,,,,,,,,,,,,,,,,,,,,,,,,,,,,,,,,,,,,,,,,,,,,,,,,,,,,,,,,,,,,,,,,,,,,,,,,,,,,
1676060250.394368,1676060250.395290,14.000000,0.000000,4316.282227,4273.333496,4304.871582,4316.282227,4297.436035,4289.743652,4288.205078,4370.769043,4291.794922,4278.077148,4459.743652,4531.794922,4375.512695,4575.897461,2740.000000,4.000000,85.000000,,,,0.000000,4.000000,4.000000,4.000000,4.000000,4.000000,4.000000,4.000000,4.000000,4.000000,4.000000,4.000000,4.000000,4.000000,4.000000,100.000000,1.000000,58.333332,4.000000,4.000000,3.000000,4.000000,4.000000,4.000000,4.000000,1.000000,4.000000,3.000000,3.000000,3.000000,4.000000,3.000000,3.144207,2.528124,2.488036,1.445247,0.492573,3.604614,4.313620,3.272807,1.703236,0.713802,1.469692,2.467772,2.673496,1.126329,0.567218,2.962069,3.564264,2.897827,1.244495,0.492882,0.573649,1.363015,1.038505,0.630333,0.409732,0.721136,1.041980,1.706721,0.724352,0.434280,1.164532,1.329404,2.376216,0.976666,0.464590,2.243305,1.778550,2.740317,1.209965,0.707011,1.018295,1.773225,1.981709,1.166404,0.542520,1.155026,1.724939,2.140186,1.437242,0.808923,7.946212,2.789505,7.315932,1.979691,0.952334,4.754596,4.114649,4.285188,1.973871,0.889230,1.706817,3.119023,4.459667,1.658104,1.020919,4.439783,3.139759,4.148654,1.640393,0.885108
1676060250.402177,1676060250.403099,15.000000,0.000000,4301.794922,4261.538574,4288.205078,4302.051270,4280.769043,4276.025879,4281.153809,4361.282227,4285.384766,4263.974121,4450.256348,4517.563965,4365.128418,4544.230957,2905.000000,4.000000,85.000000,,,,0.000000,4.000000,4.000000,4.000000,4.000000,4.000000,4.000000,4.000000,4.000000,4.000000,4.000000,4.000000,4.000000,4.000000,4.000000,100.000000,,,,,,,,,,,,,,,,,,,,,,,,,,,,,,,,,,,,,,,,,,,,,,,,,,,,,,,,,,,,,,,,,,,,,,,,,,,,,,,,,,,,,,
1676060250.409985,1676060250.410807,16.000000,0.000000,4303.205078,4264.615234,4285.641113,4305.641113,4272.563965,4280.128418,4285.641113,4352.051270,4280.769043,4265.641113,4440.256348,4511.282227,4356.794922,4520.384766,0.000000,4.000000,85.000000,,,,0.000000,4.000000,4.000000,4.000000,4.000000,4.000000,4.000000,4.000000,4.000000,4.000000,4.000000,4.000000,4.000000,4.000000,4.000000,100.000000,,,,,,,,,,,,,,,,,,,,,,,,,,,,,,,,,,,,,,,,,,,,,,,,,,,,,,,,,,,,,,,,,,,,,,,,,,,,,,,,,,,,,,
1676060250.417793,1676060250.418616,17.000000,0.000000,4303.205078,4261.538574,4287.307617,4307.436035,4275.384766,4283.461426,4283.717773,4340.128418,4271.410156,4265.256348,4430.128418,4507.179688,4350.641113,4507.948730,0.000000,4.000000,85.000000,,,,0.000000,4.000000,4.000000,4.000000,4.000000,4.000000,4.000000,4.000000,4.000000,4.000000,4.000000,4.000000,4.000000,4.000000,4.000000,100.000000,,,,,,,,,,,,,,,,,,,,,,,,,,,,,,,,,,,,,,,,,,,,,,,,,,,,,,,,,,,,,,,,,,,,,,,,,,,,,,,,,,,,,,
1676060250.425602,1676060250.426324,18.000000,0.000000,4302.692383,4258.846191,4288.461426,4303.846191,4283.205078,4279.358887,4275.641113,4333.846191,4266.282227,4255.641113,4428.333496,4505.384766,4348.974121,4500.384766,0.000000,4.000000,85.000000,,,,0.000000,4.000000,4.000000,4.000000,4.000000,4.000000,4.000000,4.000000,4.000000,4.000000,4.000000,4.000000,4.000000,4.000000,4.000000,100.000000,,,,,,,,,,,,,,,,,,,,,,,,,,,,,,,,,,,,,,,,,,,,,,,,,,,,,,,,,,,,,,,,,,,,,,,,,,,,,,,,,,,,,,
1676060250.433410,1676060250.434233,19.000000,0.000000,4321.666504,4282.436035,4305.384766,4316.666504,4294.358887,4286.410156,4287.051270,4351.922852,4292.563965,4274.487305,4455.384766,4527.307617,4375.512695,4516.794922,0.000000,4.000000,85.000000,,,,0.000000,4.000000,4.000000,4.000000,4.000000,4.000000,4.000000,4.000000,4.000000,4.000000,4.000000,4.000000,4.000000,4.000000,4.000000,100.000000,,,,,,,,,,,,,,,,,,,,,,,,,,,,,,,,,,,,,,,,,,,,,,,,,,,,,,,,,,,,,,,,,,,,,,,,,,,,,,,,,,,,,,
1676060250.441219,1676060250.442041,20.000000,0.000000,4326.025879,4293.461426,4315.897461,4324.487305,4298.077148,4295.128418,4302.820313,4362.307617,4307.948730,4290.641113,4465.769043,4536.794922,4386.666504,4515.384766,0.000000,4.000000,85.000000,,,,0.000000,4.000000,4.000000,4.000000,4.000000,4.000000,4.000000,4.000000,4.000000,4.000000,4.000000,4.000000,4.000000,4.000000,4.000000,100.000000,,,,,,,,,,,,,,,,,,,,,,,,,,,,,,,,,,,,,,,,,,,,,,,,,,,,,,,,,,,,,,,,,,,,,,,,,,,,,,,,,,,,,,
1676060250.449027,1676060250.449950,21.000000,0.000000,4307.436035,4271.922852,4300.897461,4313.333496,4296.025879,4293.461426,4295.256348,4343.589844,4283.717773,4273.846191,4433.461426,4513.205078,4351.922852,4476.025879,0.000000,4.000000,85.000000,,,,0.000000,4.000000,4.000000,4.000000,4.000000,4.000000,4.000000,4.000000,4.000000,4.000000,4.000000,4.000000,4.000000,4.000000,4.000000,100.000000,,,,,,,,,,,,,,,,,,,,,,,,,,,,,,,,,,,,,,,,,,,,,,,,,,,,,,,,,,,,,,,,,,,,,,,,,,,,,,,,,,,,,,
1676060250.456835,1676060250.457758,22.000000,0.000000,4304.615234,4261.666504,4292.307617,4306.538574,4293.717773,4293.333496,4283.205078,4334.615234,4277.820313,4270.897461,4428.717773,4503.589844,4349.871582,4466.153809,0.000000,4.000000,85.000000,,,,0.000000,4.000000,4.000000,4.000000,4.000000,4.000000,4.000000,4.000000,4.000000,4.000000,4.000000,4.000000,4.000000,4.000000,4.000000,100.000000,,,,,,,,,,,,,,,,,,,,,,,,,,,,,,,,,,,,,,,,,,,,,,,,,,,,,,,,,,,,,,,,,,,,,,,,,,,,,,,,,,,,,,
1676060250.464644,1676060250.465666,23.000000,0.000000,4306.410156,4267.692383,4296.922852,4301.410156,4287.436035,4294.743652,4282.307617,4336.282227,4291.794922,4275.000000,4450.512695,4511.410156,4382.692383,4477.436035,0.000000,4.000000,85.000000,,,,0.000000,4.000000,4.000000,4.000000,4.000000,4.000000,4.000000,4.000000,4.000000,4.000000,4.000000,4.000000,4.000000,4.000000,4.000000,100.000000,,,,,,,,,,,,,,,,,,,,,,,,,,,,,,,,,,,,,,,,,,,,,,,,,,,,,,,,,,,,,,,,,,,,,,,,,,,,,,,,,,,,,,
1676060250.472452,1676060250.473475,24.000000,0.000000,4291.282227,4258.974121,4291.922852,4287.436035,4282.051270,4288.461426,4281.025879,4327.820313,4287.436035,4258.846191,4446.025879,4507.436035,4385.256348,4461.410156,0.000000,4.000000,85.000000,,,,0.000000,4.000000,4.000000,4.000000,4.000000,4.000000,4.000000,4.000000,4.000000,4.000000,4.000000,4.000000,4.000000,4.000000,4.000000,100.000000,,,,,,,,,,,,,,,,,,,,,,,,,,,,,,,,,,,,,,,,,,,,,,,,,,,,,,,,,,,,,,,,,,,,,,,,,,,,,,,,,,,,,,
1676060250.480260,1676060250.481283,25.000000,0.000000,4293.205078,4255.128418,4291.922852,4292.051270,4292.436035,4287.051270,4285.000000,4330.384766,4291.666504,4272.436035,4448.205078,4510.641113,4389.230957,4456.153809,0.000000,4.000000,85.000000,,,,0.000000,4.000000,4.000000,4.000000,4.000000,4.000000,4.000000,4.000000,4.000000,4.000000,4.000000,4.000000,4.000000,4.000000,4.000000,100.000000,,,,,,,,,,,,,,,,,,,,,,,,,,,,,,,,,,,,,,,,,,,,,,,,,,,,,,,,,,,,,,,,,,,,,,,,,,,,,,,,,,,,,,
1676060250.488069,1676060250.488992,26.000000,0.000000,4303.846191,4265.897461,4298.461426,4303.333496,4298.974121,4290.897461,4292.307617,4339.358887,4306.025879,4303.846191,4465.256348,4519.487305,4406.025879,4463.461426,0.000000,4.000000,85.000000,,,,0.000000,4.000000,4.000000,4.000000,4.000000,4.000000,4.000000,4.000000,4.000000,4.000000,4.000000,4.000000,4.000000,4.000000,4.000000,100.000000,,,,,,,,,,,,,,,,,,,,,,,,,,,,,,,,,,,,,,,,,,,,,,,,,,,,,,,,,,,,,,,,,,,,,,,,,,,,,,,,,,,,,,
1676060250.495877,1676060250.496900,27.000000,0.000000,4296.794922,4266.666504,4293.846191,4295.384766,4284.487305,4286.538574,4290.000000,4328.717773,4297.948730,4289.743652,4456.666504,4509.230957,4396.666504,4448.846191,0.000000,4.000000,85.000000,,,,0.000000,4.000000,4.000000,4.000000,4.000000,4.000000,4.000000,4.000000,4.000000,4.000000,4.000000,4.000000,4.000000,4.000000,4.000000,100.000000,,,,,,,,,,,,,,,,,,,,,,,,,,,,,,,,,,,,,,,,,,,,,,,,,,,,,,,,,,,,,,,,,,,,,,,,,,,,,,,,,,,,,,
1676060250.503686,1676060250.504709,28.000000,0.000000,4298.974121,4271.153809,4293.205078,4297.563965,4283.205078,4287.436035,4291.282227,4314.487305,4288.974121,4272.179688,4444.102539,4504.615234,4385.769043,4442.436035,0.000000,4.000000,85.000000,,,,0.000000,4.000000,4.000000,4.000000,4.000000,4.000000,4.000000,4.000000,4.000000,4.000000,4.000000,4.000000,4.000000,4.000000,4.000000,100.000000,,,,,,,,,,,,,,,,,,,,,,,,,,,,,,,,,,,,,,,,,,,,,,,,,,,,,,,,,,,,,,,,,,,,,,,,,,,,,,,,,,,,,,
1676060250.511494,1676060250.512617,29.000000,0.000000,4314.487305,4286.922852,4303.589844,4318.333496,4302.692383,4297.179688,4297.179688,4312.179688,4292.692383,4280.384766,4440.897461,4508.589844,4387.948730,4442.948730,0.000000,4.000000,85.000000,,,,0.000000,4.000000,4.000000,4.000000,4.000000,4.000000,4.000000,4.000000,4.000000,4.000000,4.000000,4.000000,4.000000,4.000000,4.000000,100.000000,,,,,,,,,,,,,,,,,,,,,,,,,,,,,,,,,,,,,,,,,,,,,,,,,,,,,,,,,,,,,,,,,,,,,,,,,,,,,,,,,,,,,,
1676060250.519302,1676060250.520425,30.000000,0.000000,4309.615234,4290.256348,4300.897461,4320.897461,4306.666504,4297.692383,4289.230957,4311.666504,4287.692383,4271.794922,4428.205078,4498.717773,4376.282227,4426.025879,0.000000,4.000000,85.000000,,,,0.000000,4.000000,4.000000,4.000000,4.000000,4.000000,4.000000,4.000000,4.000000,4.000000,4.000000,4.000000,4.000000,4.000000,4.000000,100.000000,,,,,,,,,,,,,,,,,3.074672,2.843087,2.803281,1.575723,0.499514,5.247658,4.219194,3.514161,1.728797,0.766359,1.524729,2.795264,2.939942,1.218961,0.604935,3.874127,3.606931,3.116274,1.350425,0.550698,0.765271,1.308948,1.240198,0.596420,0.417324,0.811419,1.071277,1.865417,0.733193,0.448535,1.269639,1.606981,2.553310,1.076684,0.476191,3.437785,2.058422,2.964698,1.249187,0.691896,1.075238,1.765321,1.961050,1.257959,0.485629,1.044825,1.757192,2.302768,1.498528,0.814469,7.818499,3.871354,7.309184,2.195261,0.910010,4.886565,5.000203,4.584915,2.115134,0.856269,2.333578,4.352083,4.893654,1.894024,0.954892,4.187327,3.901446,4.606329,1.780730,0.894796
1676060250.527111,1676060250.528334,31.000000,0.000000,4292.179688,4279.487305,4291.153809,4300.769043,4293.461426,4291.666504,4283.077148,4310.128418,4286.794922,4266.282227,4430.384766,4494.615234,4371.538574,4420.256348,0.000000,4.000000,85.000000,,,,0.000000,4.000000,4.000000,4.000000,4.000000,4.000000,4.000000,4.000000,4.000000,4.000000,4.000000,4.000000,4.000000,4.000000,4.000000,100.000000,,,,,,,,,,,,,,,,,,,,,,,,,,,,,,,,,,,,,,,,,,,,,,,,,,,,,,,,,,,,,,,,,,,,,,,,,,,,,,,,,,,,,,
1676060250.534919,1676060250.536142,32.000000,0.000000,4292.307617,4277.820313,4291.666504,4293.974121,4292.820313,4298.846191,4291.794922,4310.384766,4296.153809,4278.717773,4443.589844,4501.794922,4384.615234,4426.794922,0.000000,4.000000,85.000000,,,,0.000000,4.000000,4.000000,4.000000,4.000000,4.000000,4.000000,4.000000,4.000000,4.000000,4.000000,4.000000,4.000000,4.000000,4.000000,100.000000,,,,,,,,,,,,,,,,,,,,,,,,,,,,,,,,,,,,,,,,,,,,,,,,,,,,,,,,,,,,,,,,,,,,,,,,,,,,,,,,,,,,,,
1676060250.542728,1676060250.544051,33.000000,0.000000,4297.051270,4281.666504,4287.179688,4296.922852,4295.256348,4298.333496,4288.077148,4309.743652,4298.333496,4280.256348,4435.512695,4496.538574,4380.512695,4421.025879,0.000000,4.000000,85.000000,,,,0.000000,4.000000,4.000000,4.000000,4.000000,4.000000,4.000000,4.000000,4.000000,4.000000,4.000000,4.000000,4.000000,4.000000,4.000000,100.000000,,,,,,,,,,,,,,,,,,,,,,,,,,,,,,,,,,,,,,,,,,,,,,,,,,,,,,,,,,,,,,,,,,,,,,,,,,,,,,,,,,,,,,
1676060250.550536,1676060250.551859,34.000000,0.000000,4291.153809,4276.794922,4275.769043,4292.563965,4284.743652,4281.538574,4275.000000,4303.846191,4290.769043,4272.563965,4421.794922,4483.077148,4361.922852,4405.897461,0.000000,4.000000,85.000000,,,,0.000000,4.000000,4.000000,4.000000,4.000000,4.000000,4.000000,4.000000,4.000000,4.000000,4.000000,4.000000,4.000000,4.000000,4.000000,100.000000,,,,,,,,,,,,,,,,,,,,,,,,,,,,,,,,,,,,,,,,,,,,,,,,,,,,,,,,,,,,,,,,,,,,,,,,,,,,,,,,,,,,,,
1676060250.558344,1676060250.559568,35.000000,0.000000,4295.512695,4284.230957,4281.025879,4297.179688,4280.384766,4283.205078,4279.102539,4299.487305,4288.717773,4274.615234,4420.000000,4481.410156,4358.205078,4397.563965,0.000000,4.000000,85.000000,,,,0.000000,4.000000,4.000000,4.000000,4.000000,4.000000,4.000000,4.000000,4.000000,4.000000,4.000000,4.000000,4.000000,4.000000,4.000000,100.000000,,,,,,,,,,,,,,,,,,,,,,,,,,,,,,,,,,,,,,,,,,,,,,,,,,,,,,,,,,,,,,,,,,,,,,,,,,,,,,,,,,,,,,
1676060250.566153,1676060250.567376,36.000000,0.000000,4291.922852,4283.589844,4278.589844,4289.743652,4275.512695,4282.307617,4274.871582,4286.666504,4277.563965,4263.333496,4399.871582,4468.589844,4344.743652,4382.948730,0.000000,4.000000,85.000000,,,,0.000000,4.000000,4.000000,4.000000,4.000000,4.000000,4.000000,4.000000,4.000000,4.000000,4.000000,4.000000,4.000000,4.000000,4.000000,100.000000,,,,,,,,,,,,,,,,,,,,,,,,,,,,,,,,,,,,,,,,,,,,,,,,,,,,,,,,,,,,,,,,,,,,,,,,,,,,,,,,,,,,,,
1676060250.573961,1676060250.575084,37.000000,0.000000,4289.358887,4280.512695,4275.769043,4283.589844,4281.794922,4276.666504,4273.333496,4284.487305,4270.512695,4253.461426,4396.410156,4467.179688,4344.487305,4389.487305,0.000000,4.000000,85.000000,,,,0.000000,4.000000,4.000000,4.000000,4.000000,4.000000,4.000000,4.000000,4.000000,4.000000,4.000000,4.000000,4.000000,4.000000,4.000000,100.000000,,,,,,,,,,,,,,,,,,,,,,,,,,,,,,,,,,,,,,,,,,,,,,,,,,,,,,,,,,,,,,,,,,,,,,,,,,,,,,,,,,,,,,
1676060250.581770,1676060250.582893,38.000000,0.000000,4323.077148,4312.692383,4312.051270,4315.897461,4310.384766,4299.102539,4306.666504,4318.077148,4302.307617,4285.769043,4448.846191,4513.205078,4392.692383,4436.153809,0.000000,4.000000,85.000000,,,,0.000000,4.000000,4.000000,4.000000,4.000000,4.000000,4.000000,4.000000,4.000000,4.000000,4.000000,4.000000,4.000000,4.000000,4.000000,100.000000,,,,,,,,,,,,,,,,,,,,,,,,,,,,,,,,,,,,,,,,,,,,,,,,,,,,,,,,,,,,,,,,,,,,,,,,,,,,,,,,,,,,,,
1676060250.589578,1676060250.590601,39.000000,0.000000,4344.615234,4334.230957,4336.922852,4336.794922,4322.051270,4314.102539,4324.487305,4336.025879,4324.358887,4309.358887,4470.512695,4537.948730,4410.256348,4450.512695,0.000000,4.000000,85.000000,,,,0.000000,4.000000,4.000000,4.000000,4.000000,4.000000,4.000000,4.000000,4.000000,4.000000,4.000000,4.000000,4.000000,4.000000,4.000000,100.000000,,,,,,,,,,,,,,,,,,,,,,,,,,,,,,,,,,,,,,,,,,,,,,,,,,,,,,,,,,,,,,,,,,,,,,,,,,,,,,,,,,,,,,
1676060250.597386,1676060250.598410,40.000000,0.000000,4333.333496,4321.666504,4326.922852,4324.871582,4317.436035,4306.794922,4312.051270,4322.563965,4313.205078,4296.666504,4449.230957,4522.948730,4385.000000,4426.922852,0.000000,4.000000,85.000000,,,,0.000000,4.000000,4.000000,4.000000,4.000000,4.000000,4.000000,4.000000,4.000000,4.000000,4.000000,4.000000,4.000000,4.000000,4.000000,100.000000,,,,,,,,,,,,,,,,,,,,,,,,,,,,,,,,,,,,,,,,,,,,,,,,,,,,,,,,,,,,,,,,,,,,,,,,,,,,,,,,,,,,,,
1676060250.605195,1676060250.606118,41.000000,0.000000,4340.128418,4328.077148,4329.743652,4331.922852,4323.077148,4317.307617,4315.256348,4321.794922,4315.897461,4294.102539,4461.282227,4528.589844,4400.000000,4434.230957,0.000000,4.000000,85.000000,,,,0.000000,4.000000,4.000000,4.000000,4.000000,4.000000,4.000000,4.000000,4.000000,4.000000,4.000000,4.000000,4.000000,4.000000,4.000000,100.000000,,,,,,,,,,,,,,,,,,,,,,,,,,,,,,,,,,,,,,,,,,,,,,,,,,,,,,,,,,,,,,,,,,,,,,,,,,,,,,,,,,,,,,
1676060250.613003,1676060250.613927,42.000000,0.000000,4351.410156,4342.563965,4338.974121,4347.307617,4325.641113,4328.589844,4322.948730,4326.794922,4325.641113,4299.230957,4479.102539,4536.538574,4422.179688,4451.282227,0.000000,4.000000,85.000000,,,,0.000000,4.000000,4.000000,4.000000,4.000000,4.000000,4.000000,4.000000,4.000000,4.000000,4.000000,4.000000,4.000000,4.000000,4.000000,100.000000,,,,,,,,,,,,,,,,,,,,,,,,,,,,,,,,,,,,,,,,,,,,,,,,,,,,,,,,,,,,,,,,,,,,,,,,,,,,,,,,,,,,,,
1676060250.620812,1676060250.621635,43.000000,0.000000,4325.641113,4319.102539,4321.025879,4325.897461,4311.794922,4310.769043,4305.512695,4307.179688,4305.128418,4286.538574,4448.589844,4504.743652,4388.205078,4420.897461,0.000000,4.000000,85.000000,,,,0.000000,4.000000,4.000000,4.000000,4.000000,4.000000,4.000000,4.000000,4.000000,4.000000,4.000000,4.000000,4.000000,4.000000,4.000000,100.000000,,,,,,,,,,,,,,,,,,,,,,,,,,,,,,,,,,,,,,,,,,,,,,,,,,,,,,,,,,,,,,,,,,,,,,,,,,,,,,,,,,,,,,
1676060250.628620,1676060250.629444,44.000000,0.000000,4304.358887,4302.820313,4300.769043,4306.538574,4298.461426,4302.179688,4293.846191,4291.666504,4289.743652,4278.717773,4421.025879,4483.333496,4363.205078,4385.897461,0.000000,4.000000,85.000000,,,,0.000000,4.000000,4.000000,4.000000,4.000000,4.000000,4.000000,4.000000,4.000000,4.000000,4.000000,4.000000,4.000000,4.000000,4.000000,100.000000,,,,,,,,,,,,,,,,,,,,,,,,,,,,,,,,,,,,,,,,,,,,,,,,,,,,,,,,,,,,,,,,,,,,,,,,,,,,,,,,,,,,,,
1676060250.636428,1676060250.637152,45.000000,0.000000,4310.769043,4313.461426,4296.794922,4316.153809,4294.487305,4309.871582,4298.974121,4294.743652,4298.974121,4285.128418,4425.000000,4487.179688,4374.358887,4386.410156,0.000000,4.000000,85.000000,,,,0.000000,4.000000,4.000000,4.000000,4.000000,4.000000,4.000000,4.000000,4.000000,4.000000,4.000000,4.000000,4.000000,4.000000,4.000000,100.000000,,,,,,,,,,,,,,,,,,,,,,,,,,,,,,,,,,,,,,,,,,,,,,,,,,,,,,,,,,,,,,,,,,,,,,,,,,,,,,,,,,,,,,
1676060250.644237,1676060250.644961,46.000000,0.000000,4312.179688,4312.051270,4295.512695,4322.692383,4303.717773,4309.743652,4299.358887,4295.641113,4298.717773,4283.205078,4427.563965,4478.205078,4373.461426,4392.563965,0.000000,4.000000,85.000000,,,,0.000000,4.000000,4.000000,4.000000,4.000000,4.000000,4.000000,4.000000,4.000000,4.000000,4.000000,4.000000,4.000000,4.000000,4.000000,100.000000,,,,,,,,,,,,,,,,,2.836344,3.087835,2.968601,1.637531,0.521068,7.755618,4.028464,3.387990,1.662333,0.830177,1.555271,3.051010,3.032086,1.298989,0.680564,4.890419,3.477211,3.074711,1.400231,0.638102,0.972293,1.226227,1.369371,0.546627,0.456989,0.913879,1.110185,1.803169,0.698746,0.484506,1.343357,1.891524,2.421726,1.150040,0.527784,5.439450,2.739484,2.918872,1.247668,0.713358,1.085094,1.722247,1.829016,1.306423,0.458858,0.918123,1.793867,2.233340,1.521323,0.875063,7.636759,5.252714,6.883530,2.403557,0.920897,4.858591,5.737244,4.523176,2.209198,0.874147,3.448126,6.020972,5.154892,2.171243,0.921894,4.771417,5.201145,5.036180,1.904846,0.951619
1676060250.652045,1676060250.652669,47.000000,0.000000,4307.179688,4309.230957,4295.897461,4318.717773,4313.717773,4308.205078,4296.025879,4295.000000,4294.871582,4277.307617,4426.025879,4476.794922,4363.846191,4387.179688,0.000000,4.000000,85.000000,,,,0.000000,4.000000,4.000000,4.000000,4.000000,4.000000,4.000000,4.000000,4.000000,4.000000,4.000000,4.000000,4.000000,4.000000,4.000000,100.000000,,,,,,,,,,,,,,,,,,,,,,,,,,,,,,,,,,,,,,,,,,,,,,,,,,,,,,,,,,,,,,,,,,,,,,,,,,,,,,,,,,,,,,
1676060250.659853,1676060250.660478,48.000000,0.000000,4304.230957,4310.128418,4293.846191,4311.922852,4306.666504,4307.179688,4291.922852,4291.282227,4292.307617,4268.589844,4415.897461,4483.205078,4358.846191,4369.102539,0.000000,4.000000,85.000000,,,,0.000000,4.000000,4.000000,4.000000,4.000000,4.000000,4.000000,4.000000,4.000000,4.000000,4.000000,4.000000,4.000000,4.000000,4.000000,100.000000,,,,,,,,,,,,,,,,,,,,,,,,,,,,,,,,,,,,,,,,,,,,,,,,,,,,,,,,,,,,,,,,,,,,,,,,,,,,,,,,,,,,,,
1676060250.667662,1676060250.668186,49.000000,0.000000,4320.384766,4316.666504,4310.512695,4325.512695,4311.794922,4313.846191,4302.051270,4298.717773,4298.846191,4278.846191,4424.615234,4497.948730,4375.897461,4380.512695,0.000000,4.000000,85.000000,,,,0.000000,4.000000,4.000000,4.000000,4.000000,4.000000,4.000000,4.000000,4.000000,4.000000,4.000000,4.000000,4.000000,4.000000,4.000000,100.000000,,,,,,,,,,,,,,,,,,,,,,,,,,,,,,,,,,,,,,,,,,,,,,,,,,,,,,,,,,,,,,,,,,,,,,,,,,,,,,,,,,,,,,
1676060250.675470,1676060250.675995,50.000000,0.000000,4320.897461,4303.205078,4313.717773,4322.436035,4311.666504,4305.769043,4297.820313,4291.410156,4294.487305,4277.820313,4432.820313,4493.974121,4382.563965,4392.436035,0.000000,4.000000,85.000000,,,,0.000000,4.000000,4.000000,4.000000,4.000000,4.000000,4.000000,4.000000,4.000000,4.000000,4.000000,4.000000,4.000000,4.000000,4.000000,100.000000,,,,,,,,,,,,,,,,,,,,,,,,,,,,,,,,,,,,,,,,,,,,,,,,,,,,,,,,,,,,,,,,,,,,,,,,,,,,,,,,,,,,,,
1676060250.683278,1676060250.683703,51.000000,0.000000,4289.615234,4272.051270,4285.000000,4284.487305,4287.820313,4282.436035,4272.051270,4258.717773,4271.153809,4242.948730,4410.384766,4462.563965,4361.794922,4364.487305,0.000000,4.000000,85.000000,,,,0.000000,4.000000,4.000000,4.000000,4.000000,4.000000,4.000000,4.000000,4.000000,4.000000,4.000000,4.000000,4.000000,4.000000,4.000000,100.000000,,,,,,,,,,,,,,,,,,,,,,,,,,,,,,,,,,,,,,,,,,,,,,,,,,,,,,,,,,,,,,,,,,,,,,,,,,,,,,,,,,,,,,
1676060250.691087,1676060250.691612,52.000000,0.000000,4308.077148,4290.256348,4305.769043,4294.871582,4301.282227,4300.641113,4293.974121,4276.794922,4290.897461,4262.948730,4436.538574,4488.589844,4392.820313,4386.410156,0.000000,4.000000,85.000000,,,,0.000000,4.000000,4.000000,4.000000,4.000000,4.000000,4.000000,4.000000,4.000000,4.000000,4.000000,4.000000,4.000000,4.000000,4.000000,100.000000,,,,,,,,,,,,,,,,,,,,,,,,,,,,,,,,,,,,,,,,,,,,,,,,,,,,,,,,,,,,,,,,,,,,,,,,,,,,,,,,,,,,,,
1676060250.698895,1676060250.699420,53.000000,0.000000,4352.692383,4323.974121,4349.102539,4332.820313,4332.307617,4330.897461,4334.358887,4321.410156,4333.333496,4326.282227,4494.230957,4544.871582,4447.563965,4441.282227,0.000000,4.000000,85.000000,,,,0.000000,4.000000,4.000000,4.000000,4.000000,4.000000,4.000000,4.000000,4.000000,4.000000,4.000000,4.000000,4.000000,4.000000,4.000000,100.000000,,,,,,,,,,,,,,,,,,,,,,,,,,,,,,,,,,,,,,,,,,,,,,,,,,,,,,,,,,,,,,,,,,,,,,,,,,,,,,,,,,,,,,
1676060250.706704,1676060250.707329,54.000000,0.000000,4319.358887,4291.153809,4315.769043,4302.436035,4307.948730,4305.512695,4306.794922,4297.179688,4314.358887,4312.051270,4463.589844,4508.205078,4411.282227,4403.205078,0.000000,4.000000,85.000000,,,,0.000000,4.000000,4.000000,4.000000,4.000000,4.000000,4.000000,4.000000,4.000000,4.000000,4.000000,4.000000,4.000000,4.000000,4.000000,100.000000,,,,,,,,,,,,,,,,,,,,,,,,,,,,,,,,,,,,,,,,,,,,,,,,,,,,,,,,,,,,,,,,,,,,,,,,,,,,,,,,,,,,,,
1676060250.714512,1676060250.715137,55.000000,0.000000,4279.615234,4262.820313,4280.512695,4270.897461,4284.743652,4283.333496,4278.974121,4271.538574,4289.743652,4275.897461,4416.410156,4460.512695,4362.436035,4351.282227,0.000000,4.000000,85.000000,,,,0.000000,4.000000,4.000000,4.000000,4.000000,4.000000,4.000000,4.000000,4.000000,4.000000,4.000000,4.000000,4.000000,4.000000,4.000000,100.000000,,,,,,,,,,,,,,,,,,,,,,,,,,,,,,,,,,,,,,,,,,,,,,,,,,,,,,,,,,,,,,,,,,,,,,,,,,,,,,,,,,,,,,
1676060250.722320,1676060250.723045,56.000000,0.000000,4305.128418,4289.358887,4307.179688,4298.461426,4306.282227,4307.820313,4303.333496,4301.538574,4312.051270,4297.692383,4441.282227,4490.897461,4385.000000,4380.128418,0.000000,4.000000,85.000000,,,,0.000000,4.000000,4.000000,4.000000,4.000000,4.000000,4.000000,4.000000,4.000000,4.000000,4.000000,4.000000,4.000000,4.000000,4.000000,100.000000,,,,,,,,,,,,,,,,,,,,,,,,,,,,,,,,,,,,,,,,,,,,,,,,,,,,,,,,,,,,,,,,,,,,,,,,,,,,,,,,,,,,,,
1676060250.730129,1676060250.730854,57.000000,0.000000,4290.512695,4272.051270,4289.487305,4284.615234,4291.153809,4292.563965,4285.000000,4282.307617,4296.410156,4280.897461,4419.230957,4470.641113,4368.333496,4364.743652,0.000000,4.000000,85.000000,,,,0.000000,4.000000,4.000000,4.000000,4.000000,4.000000,4.000000,4.000000,4.000000,4.000000,4.000000,4.000000,4.000000,4.000000,4.000000,100.000000,,,,,,,,,,,,,,,,,,,,,,,,,,,,,,,,,,,,,,,,,,,,,,,,,,,,,,,,,,,,,,,,,,,,,,,,,,,,,,,,,,,,,,
1676060250.737937,1676060250.738762,58.000000,0.000000,4249.871582,4235.769043,4248.589844,4248.333496,4262.820313,4256.922852,4248.846191,4236.282227,4259.358887,4228.461426,4367.307617,4415.512695,4322.948730,4313.461426,0.000000,4.000000,85.000000,,,,0.000000,4.000000,4.000000,4.000000,4.000000,4.000000,4.000000,4.000000,4.000000,4.000000,4.000000,4.000000,4.000000,4.000000,4.000000,100.000000,,,,,,,,,,,,,,,,,,,,,,,,,,,,,,,,,,,,,,,,,,,,,,,,,,,,,,,,,,,,,,,,,,,,,,,,,,,,,,,,,,,,,,
1676060250.745746,1676060250.746571,59.000000,0.000000,4285.897461,4274.230957,4287.436035,4281.538574,4298.333496,4291.410156,4287.563965,4267.563965,4281.153809,4247.179688,4406.794922,4456.282227,4356.794922,4351.922852,0.000000,4.000000,85.000000,,,,0.000000,4.000000,4.000000,4.000000,4.000000,4.000000,4.000000,4.000000,4.000000,4.000000,4.000000,4.000000,4.000000,4.000000,4.000000,100.000000,,,,,,,,,,,,,,,,,,,,,,,,,,,,,,,,,,,,,,,,,,,,,,,,,,,,,,,,,,,,,,,,,,,,,,,,,,,,,,,,,,,,,,
1676060250.753554,1676060250.754479,60.000000,0.000000,4337.563965,4324.871582,4334.487305,4324.102539,4333.461426,4334.743652,4329.871582,4310.256348,4317.436035,4294.743652,4464.230957,4519.230957,4408.077148,4409.358887,0.000000,4.000000,85.000000,,,,0.000000,4.000000,4.000000,4.000000,4.000000,4.000000,4.000000,4.000000,4.000000,4.000000,4.000000,4.000000,4.000000,4.000000,4.000000,100.000000,,,,,,,,,,,,,,,,,,,,,,,,,,,,,,,,,,,,,,,,,,,,,,,,,,,,,,,,,,,,,,,,,,,,,,,,,,,,,,,,,,,,,,
1676060250.761362,1676060250.762287,61.000000,0.000000,4328.333496,4315.897461,4320.769043,4313.846191,4319.102539,4321.153809,4316.538574,4300.897461,4321.794922,4303.333496,4471.666504,4511.794922,4407.563965,4404.615234,0.000000,4.000000,85.000000,,,,0.000000,4.000000,4.000000,4.000000,4.000000,4.000000,4.000000,4.000000,4.000000,4.000000,4.000000,4.000000,4.000000,4.000000,4.000000,100.000000,,,,,,,,,,,,,,,,,,,,,,,,,,,,,,,,,,,,,,,,,,,,,,,,,,,,,,,,,,,,,,,,,,,,,,,,,,,,,,,,,,,,,,
1676060250.769171,1676060250.769996,62.000000,0.000000,4306.794922,4292.692383,4301.794922,4293.077148,4305.769043,4304.358887,4301.666504,4289.358887,4315.128418,4299.615234,4482.563965,4487.563965,4399.871582,4390.000000,0.000000,4.000000,85.000000,,,,0.000000,4.000000,4.000000,4.000000,4.000000,4.000000,4.000000,4.000000,4.000000,4.000000,4.000000,4.000000,4.000000,4.000000,4.000000,100.000000,,,,,,,,,,,,,,,,,2.488700,3.141114,2.965546,1.647525,0.543222,10.828028,3.773938,3.005723,1.550236,0.889043,1.561702,3.120579,2.960497,1.378572,0.774761,5.977125,3.197617,2.855078,1.407961,0.727057,1.139080,1.083535,1.451583,0.493443,0.517386,1.001147,1.110509,1.588852,0.637205,0.529840,1.369281,2.081516,2.039762,1.193830,0.598312,8.036411,3.905897,2.645070,1.228184,0.757927,1.064517,1.649233,1.582719,1.325977,0.466672,0.837381,1.865857,1.927407,1.505547,0.977841,7.777507,6.684539,6.057875,2.600596,0.988695,4.721904,6.186109,4.093923,2.265962,0.934351,4.965308,7.871015,5.100677,2.454571,0.932344,7.454031,7.614705,5.697791,2.030745,1.043640
1676060250.776979,1676060250.777804,63.000000,0.000000,4318.333496,4305.897461,4315.897461,4299.871582,4312.820313,4314.871582,4313.717773,4298.974121,4315.384766,4306.153809,4507.307617,4495.512695,4408.974121,4401.025879,0.000000,4.000000,85.000000,,,,0.000000,4.000000,4.000000,4.000000,4.000000,4.000000,4.000000,4.000000,4.000000,4.000000,4.000000,4.000000,4.000000,4.000000,4.000000,100.000000,,,,,,,,,,,,,,,,,,,,,,,,,,,,,,,,,,,,,,,,,,,,,,,,,,,,,,,,,,,,,,,,,,,,,,,,,,,,,,,,,,,,,,
1676060250.784788,1676060250.785513,64.000000,0.000000,4328.846191,4319.487305,4327.436035,4309.230957,4313.589844,4318.461426,4316.025879,4298.589844,4313.974121,4309.358887,4505.641113,4502.692383,4410.384766,4404.358887,2516.000000,4.000000,85.000000,,,,0.000000,4.000000,4.000000,4.000000,4.000000,4.000000,4.000000,4.000000,4.000000,4.000000,4.000000,4.000000,4.000000,4.000000,4.000000,100.000000,,,,,,,,,,,,,,,,,,,,,,,,,,,,,,,,,,,,,,,,,,,,,,,,,,,,,,,,,,,,,,,,,,,,,,,,,,,,,,,,,,,,,,
1676060250.792596,1676060250.793321,65.000000,0.000000,4309.743652,4295.769043,4308.589844,4291.410156,4300.128418,4302.179688,4294.358887,4273.589844,4293.077148,4290.641113,4476.410156,4478.461426,4394.615234,4384.358887,2461.000000,4.000000,85.000000,,,,0.000000,4.000000,4.000000,4.000000,4.000000,4.000000,4.000000,4.000000,4.000000,4.000000,4.000000,4.000000,4.000000,4.000000,4.000000,100.000000,,,,,,,,,,,,,,,,,,,,,,,,,,,,,,,,,,,,,,,,,,,,,,,,,,,,,,,,,,,,,,,,,,,,,,,,,,,,,,,,,,,,,,
1676060250.800404,1676060250.801030,66.000000,0.000000,4296.666504,4277.436035,4292.692383,4275.769043,4290.128418,4291.410156,4282.692383,4256.153809,4273.589844,4263.205078,4456.794922,4460.384766,4378.333496,4374.102539,2391.000000,4.000000,85.000000,,,,0.000000,4.000000,4.000000,4.000000,4.000000,4.000000,4.000000,4.000000,4.000000,4.000000,4.000000,4.000000,4.000000,4.000000,4.000000,100.000000,,,,,,,,,,,,,,,,,,,,,,,,,,,,,,,,,,,,,,,,,,,,,,,,,,,,,,,,,,,,,,,,,,,,,,,,,,,,,,,,,,,,,,
1676060250.808213,1676060250.808838,67.000000,0.000000,4313.589844,4296.282227,4307.307617,4289.615234,4299.358887,4298.333496,4296.410156,4270.512695,4284.615234,4267.692383,4464.230957,4475.000000,4379.871582,4384.358887,2461.000000,4.000000,85.000000,,,,0.000000,4.000000,4.000000,4.000000,4.000000,4.000000,4.000000,4.000000,4.000000,4.000000,4.000000,4.000000,4.000000,4.000000,4.000000,100.000000,,,,,,,,,,,,,,,,,,,,,,,,,,,,,,,,,,,,,,,,,,,,,,,,,,,,,,,,,,,,,,,,,,,,,,,,,,,,,,,,,,,,,,
1676060250.816021,1676060250.816547,68.000000,0.000000,4316.153809,4300.897461,4311.153809,4294.487305,4302.948730,4308.333496,4303.461426,4279.743652,4296.666504,4289.615234,4460.000000,4476.666504,4379.743652,4377.436035,2438.000000,4.000000,85.000000,,,,0.000000,4.000000,4.000000,4.000000,4.000000,4.000000,4.000000,4.000000,4.000000,4.000000,4.000000,4.000000,4.000000,4.000000,4.000000,100.000000,,,,,,,,,,,,,,,,,,,,,,,,,,,,,,,,,,,,,,,,,,,,,,,,,,,,,,,,,,,,,,,,,,,,,,,,,,,,,,,,,,,,,,
1676060250.823830,1676060250.824355,69.000000,0.000000,4306.922852,4290.256348,4303.717773,4293.589844,4298.846191,4312.820313,4303.974121,4282.436035,4304.871582,4302.179688,4451.666504,4475.897461,4378.974121,4372.692383,2374.000000,4.000000,85.000000,,,,0.000000,4.000000,4.000000,4.000000,4.000000,4.000000,4.000000,4.000000,4.000000,4.000000,4.000000,4.000000,4.000000,4.000000,4.000000,100.000000,,,,,,,,,,,,,,,,,,,,,,,,,,,,,,,,,,,,,,,,,,,,,,,,,,,,,,,,,,,,,,,,,,,,,,,,,,,,,,,,,,,,,,
1676060250.831638,1676060250.832064,70.000000,0.000000,4294.743652,4281.282227,4291.025879,4287.692383,4294.102539,4301.410156,4294.102539,4279.487305,4303.205078,4287.436035,4439.487305,4468.717773,4365.512695,4367.051270,2222.000000,4.000000,85.000000,,,,0.000000,4.000000,4.000000,4.000000,4.000000,4.000000,4.000000,4.000000,4.000000,4.000000,4.000000,4.000000,4.000000,4.000000,4.000000,100.000000,,,,,,,,,,,,,,,,,,,,,,,,,,,,,,,,,,,,,,,,,,,,,,,,,,,,,,,,,,,,,,,,,,,,,,,,,,,,,,,,,,,,,,
1676060250.839446,1676060250.839872,71.000000,0.000000,4263.974121,4254.871582,4262.692383,4255.000000,4281.794922,4283.717773,4272.179688,4258.205078,4279.230957,4254.743652,4403.077148,4429.615234,4329.358887,4331.922852,2227.000000,4.000000,85.000000,,,,0.000000,4.000000,4.000000,4.000000,4.000000,4.000000,4.000000,4.000000,4.000000,4.000000,4.000000,4.000000,4.000000,4.000000,4.000000,100.000000,,,,,,,,,,,,,,,,,,,,,,,,,,,,,,,,,,,,,,,,,,,,,,,,,,,,,,,,,,,,,,,,,,,,,,,,,,,,,,,,,,,,,,
1676060250.847255,1676060250.847581,72.000000,0.000000,4278.077148,4263.589844,4280.769043,4262.563965,4292.179688,4298.589844,4294.230957,4274.615234,4292.948730,4267.179688,4418.333496,4448.205078,4343.205078,4345.641113,2267.000000,4.000000,85.000000,,,,0.000000,4.000000,4.000000,4.000000,4.000000,4.000000,4.000000,4.000000,4.000000,4.000000,4.000000,4.000000,4.000000,4.000000,4.000000,100.000000,,,,,,,,,,,,,,,,,,,,,,,,,,,,,,,,,,,,,,,,,,,,,,,,,,,,,,,,,,,,,,,,,,,,,,,,,,,,,,,,,,,,,,
1676060250.855063,1676060250.855389,73.000000,0.000000,4335.512695,4316.153809,4337.692383,4314.102539,4324.487305,4325.769043,4337.436035,4321.282227,4334.358887,4310.641113,4485.769043,4522.307617,4404.487305,4418.333496,2232.000000,4.000000,85.000000,,,,0.000000,4.000000,4.000000,4.000000,4.000000,4.000000,4.000000,4.000000,4.000000,4.000000,4.000000,4.000000,4.000000,4.000000,4.000000,100.000000,,,,,,,,,,,,,,,,,,,,,,,,,,,,,,,,,,,,,,,,,,,,,,,,,,,,,,,,,,,,,,,,,,,,,,,,,,,,,,,,,,,,,,
1676060250.862871,1676060250.863098,74.000000,0.000000,4342.820313,4323.589844,4340.769043,4315.897461,4322.179688,4319.102539,4325.128418,4312.436035,4325.000000,4308.846191,4489.358887,4522.820313,4413.333496,4432.307617,2728.000000,4.000000,85.000000,,,,0.000000,4.000000,4.000000,4.000000,4.000000,4.000000,4.000000,4.000000,4.000000,4.000000,4.000000,4.000000,4.000000,4.000000,4.000000,100.000000,,,,,,,,,,,,,,,,,,,,,,,,,,,,,,,,,,,,,,,,,,,,,,,,,,,,,,,,,,,,,,,,,,,,,,,,,,,,,,,,,,,,,,
1676060250.870680,1676060250.871006,75.000000,0.000000,4316.922852,4295.384766,4317.436035,4285.641113,4296.666504,4303.077148,4299.871582,4274.487305,4299.487305,4286.794922,4451.794922,4479.358887,4384.230957,4395.128418,2912.000000,4.000000,85.000000,,,,0.000000,4.000000,4.000000,4.000000,4.000000,4.000000,4.000000,4.000000,4.000000,4.000000,4.000000,4.000000,4.000000,4.000000,4.000000,100.000000,,,,,,,,,,,,,,,,,,,,,,,,,,,,,,,,,,,,,,,,,,,,,,,,,,,,,,,,,,,,,,,,,,,,,,,,,,,,,,,,,,,,,,
1676060250.878488,1676060250.878815,76.000000,0.000000,4323.205078,4300.128418,4327.563965,4292.179688,4296.666504,4307.179688,4311.538574,4278.205078,4308.974121,4297.692383,4458.846191,4487.692383,4388.974121,4394.871582,3117.000000,4.000000,85.000000,,,,0.000000,4.000000,4.000000,4.000000,4.000000,4.000000,4.000000,4.000000,4.000000,4.000000,4.000000,4.000000,4.000000,4.000000,4.000000,100.000000,,,,,,,,,,,,,,,,,,,,,,,,,,,,,,,,,,,,,,,,,,,,,,,,,,,,,,,,,,,,,,,,,,,,,,,,,,,,,,,,,,,,,,
1676060250.886296,1676060250.886723,77.000000,0.000000,4329.743652,4306.794922,4328.974121,4300.128418,4301.410156,4309.871582,4311.666504,4283.717773,4311.025879,4305.769043,4463.589844,4496.025879,4395.641113,4403.846191,3229.000000,4.000000,85.000000,,,,0.000000,4.000000,4.000000,4.000000,4.000000,4.000000,4.000000,4.000000,4.000000,4.000000,4.000000,4.000000,4.000000,4.000000,4.000000,100.000000,,,,,,,,,,,,,,,,,,,,,,,,,,,,,,,,,,,,,,,,,,,,,,,,,,,,,,,,,,,,,,,,,,,,,,,,,,,,,,,,,,,,,,
1676060250.894105,1676060250.894532,78.000000,0.000000,4312.563965,4288.077148,4307.692383,4283.717773,4295.512695,4302.692383,4293.333496,4265.256348,4295.000000,4286.538574,4439.743652,4471.794922,4378.717773,4388.461426,2728.000000,4.000000,85.000000,,,,0.000000,4.000000,4.000000,4.000000,4.000000,4.000000,4.000000,4.000000,4.000000,4.000000,4.000000,4.000000,4.000000,4.000000,4.000000,100.000000,1.000000,41.666668,4.000000,4.000000,3.000000,4.000000,4.000000,4.000000,4.000000,1.000000,4.000000,3.000000,3.000000,3.000000,3.000000,1.000000,2.218957,2.990199,2.849325,1.623589,0.562141,13.767890,3.458638,2.581783,1.432830,0.930314,1.572192,3.026236,2.813865,1.453347,0.863243,7.171458,2.827631,2.614656,1.385173,0.793284,1.222267,0.887632,1.542889,0.449880,0.579432,1.054293,1.055428,1.352705,0.565304,0.568596,1.356649,2.133318,1.558259,1.206173,0.664676,10.695240,5.389027,2.256242,1.222847,0.807389,1.046840,1.572379,1.270324,1.344542,0.509474,0.848886,1.983356,1.493812,1.486682,1.098604,8.469450,7.839457,4.972505,2.780390,1.108288,4.633994,6.322410,3.445335,2.300007,1.023364,6.570400,9.513351,4.682029,2.693249,0.994137,13.243034,11.384551,6.853180,2.167460,1.157610
1676060250.901913,1676060250.902440,79.000000,0.000000,4302.436035,4279.487305,4299.358887,4270.897461,4294.102539,4297.692383,4291.410156,4258.717773,4285.641113,4267.179688,4428.205078,4459.230957,4370.769043,4377.692383,2912.000000,4.000000,85.000000,,,,0.000000,4.000000,4.000000,4.000000,4.000000,4.000000,4.000000,4.000000,4.000000,4.000000,4.000000,4.000000,4.000000,4.000000,4.000000,100.000000,,,,,,,,,,,,,,,,,,,,,,,,,,,,,,,,,,,,,,,,,,,,,,,,,,,,,,,,,,,,,,,,,,,,,,,,,,,,,,,,,,,,,,
1676060250.909722,1676060250.910248,80.000000,0.000000,4296.025879,4279.230957,4291.538574,4262.563965,4289.487305,4297.307617,4292.307617,4258.333496,4279.102539,4261.282227,4415.897461,4448.461426,4361.794922,4368.589844,3117.000000,4.000000,85.000000,,,,0.000000,4.000000,4.000000,4.000000,4.000000,4.000000,4.000000,4.000000,4.000000,4.000000,4.000000,4.000000,4.000000,4.000000,4.000000,100.000000,,,,,,,,,,,,,,,,,,,,,,,,,,,,,,,,,,,,,,,,,,,,,,,,,,,,,,,,,,,,,,,,,,,,,,,,,,,,,,,,,,,,,,
1676060250.917530,1676060250.918157,81.000000,0.000000,4293.333496,4282.820313,4288.717773,4268.717773,4293.589844,4299.743652,4291.153809,4260.256348,4286.025879,4273.461426,4413.077148,4444.615234,4357.692383,4368.333496,3229.000000,4.000000,85.000000,,,,0.000000,4.000000,4.000000,4.000000,4.000000,4.000000,4.000000,4.000000,4.000000,4.000000,4.000000,4.000000,4.000000,4.000000,4.000000,100.000000,,,,,,,,,,,,,,,,,,,,,,,,,,,,,,,,,,,,,,,,,,,,,,,,,,,,,,,,,,,,,,,,,,,,,,,,,,,,,,,,,,,,,,
1676060250.925338,1676060250.925965,82.000000,0.000000,4304.230957,4292.051270,4299.230957,4287.820313,4307.692383,4299.487305,4292.948730,4270.897461,4305.769043,4286.025879,4432.820313,4462.436035,4373.589844,4385.641113,2728.000000,4.000000,85.000000,,,,0.000000,4.000000,4.000000,4.000000,4.000000,4.000000,4.000000,4.000000,4.000000,4.000000,4.000000,4.000000,4.000000,4.000000,4.000000,100.000000,,,,,,,,,,,,,,,,,,,,,,,,,,,,,,,,,,,,,,,,,,,,,,,,,,,,,,,,,,,,,,,,,,,,,,,,,,,,,,,,,,,,,,
1676060250.933147,1676060250.933873,83.000000,0.000000,4316.666504,4297.307617,4310.769043,4296.538574,4314.102539,4302.436035,4299.615234,4285.128418,4317.436035,4294.230957,4449.487305,4479.871582,4390.256348,4403.205078,2912.000000,4.000000,85.000000,,,,0.000000,4.000000,4.000000,4.000000,4.000000,4.000000,4.000000,4.000000,4.000000,4.000000,4.000000,4.000000,4.000000,4.000000,4.000000,100.000000,,,,,,,,,,,,,,,,,,,,,,,,,,,,,,,,,,,,,,,,,,,,,,,,,,,,,,,,,,,,,,,,,,,,,,,,,,,,,,,,,,,,,,
1676060250.940955,1676060250.941682,84.000000,0.000000,4317.692383,4300.000000,4315.256348,4293.846191,4311.538574,4311.538574,4308.589844,4287.307617,4317.692383,4305.128418,4449.358887,4481.282227,4388.589844,4403.589844,3117.000000,4.000000,85.000000,,,,0.000000,4.000000,4.000000,4.000000,4.000000,4.000000,4.000000,4.000000,4.000000,4.000000,4.000000,4.000000,4.000000,4.000000,4.000000,100.000000,,,,,,,,,,,,,,,,,,,,,,,,,,,,,,,,,,,,,,,,,,,,,,,,,,,,,,,,,,,,,,,,,,,,,,,,,,,,,,,,,,,,,,
1676060250.948763,1676060250.949590,85.000000,0.000000,4315.128418,4298.974121,4309.487305,4287.307617,4305.769043,4312.563965,4308.717773,4276.666504,4310.128418,4303.077148,4441.922852,4475.641113,4381.282227,4397.307617,3229.000000,4.000000,85.000000,,,,0.000000,4.000000,4.000000,4.000000,4.000000,4.000000,4.000000,4.000000,4.000000,4.000000,4.000000,4.000000,4.000000,4.000000,4.000000,100.000000,,,,,,,,,,,,,,,,,,,,,,,,,,,,,,,,,,,,,,,,,,,,,,,,,,,,,,,,,,,,,,,,,,,,,,,,,,,,,,,,,,,,,,
1676060250.956572,1676060250.957399,86.000000,0.000000,4299.743652,4275.128418,4289.743652,4268.461426,4290.641113,4300.641113,4295.384766,4262.692383,4287.307617,4280.897461,4418.846191,4456.282227,4361.282227,4382.179688,2728.000000,4.000000,85.000000,,,,0.000000,4.000000,4.000000,4.000000,4.000000,4.000000,4.000000,4.000000,4.000000,4.000000,4.000000,4.000000,4.000000,4.000000,4.000000,100.000000,,,,,,,,,,,,,,,,,,,,,,,,,,,,,,,,,,,,,,,,,,,,,,,,,,,,,,,,,,,,,,,,,,,,,,,,,,,,,,,,,,,,,,
1676060250.964380,1676060250.965107,87.000000,0.000000,4285.641113,4261.410156,4281.025879,4256.922852,4283.333496,4295.512695,4290.641113,4256.666504,4275.384766,4266.922852,4402.692383,4442.820313,4346.282227,4367.820313,2912.000000,4.000000,85.000000,,,,0.000000,4.000000,4.000000,4.000000,4.000000,4.000000,4.000000,4.000000,4.000000,4.000000,4.000000,4.000000,4.000000,4.000000,4.000000,100.000000,,,,,,,,,,,,,,,,,,,,,,,,,,,,,,,,,,,,,,,,,,,,,,,,,,,,,,,,,,,,,,,,,,,,,,,,,,,,,,,,,,,,,,
1676060250.972189,1676060250.972916,88.000000,0.000000,4308.077148,4296.538574,4307.179688,4281.922852,4298.077148,4307.307617,4308.077148,4274.230957,4298.974121,4280.512695,4423.589844,4469.743652,4368.974121,4386.794922,3117.000000,4.000000,85.000000,,,,0.000000,4.000000,4.000000,4.000000,4.000000,4.000000,4.000000,4.000000,4.000000,4.000000,4.000000,4.000000,4.000000,4.000000,4.000000,100.000000,,,,,,,,,,,,,,,,,,,,,,,,,,,,,,,,,,,,,,,,,,,,,,,,,,,,,,,,,,,,,,,,,,,,,,,,,,,,,,,,,,,,,,
1676060250.979997,1676060250.980624,89.000000,0.000000,4330.897461,4314.230957,4328.077148,4300.897461,4308.333496,4314.871582,4316.794922,4284.615234,4312.563965,4292.051270,4434.230957,4485.769043,4381.538574,4403.333496,3229.000000,4.000000,85.000000,,,,0.000000,4.000000,4.000000,4.000000,4.000000,4.000000,4.000000,4.000000,4.000000,4.000000,4.000000,4.000000,4.000000,4.000000,4.000000,100.000000,,,,,,,,,,,,,,,,,,,,,,,,,,,,,,,,,,,,,,,,,,,,,,,,,,,,,,,,,,,,,,,,,,,,,,,,,,,,,,,,,,,,,,
1676060250.987805,1676060250.988433,90.000000,0.000000,4313.461426,4284.230957,4313.205078,4285.000000,4302.179688,4311.666504,4307.563965,4268.974121,4293.205078,4270.384766,4412.692383,4464.102539,4357.692383,4386.153809,2728.000000,4.000000,85.000000,,,,0.000000,4.000000,4.000000,4.000000,4.000000,4.000000,4.000000,4.000000,4.000000,4.000000,4.000000,4.000000,4.000000,4.000000,4.000000,100.000000,,,,,,,,,,,,,,,,,,,,,,,,,,,,,,,,,,,,,,,,,,,,,,,,,,,,,,,,,,,,,,,,,,,,,,,,,,,,,,,,,,,,,,
1676060250.995614,1676060250.996141,91.000000,0.000000,4298.205078,4277.692383,4295.641113,4274.871582,4298.205078,4309.487305,4303.205078,4262.948730,4286.666504,4253.846191,4406.922852,4455.769043,4348.717773,4375.256348,2912.000000,4.000000,85.000000,,,,0.000000,4.000000,4.000000,4.000000,4.000000,4.000000,4.000000,4.000000,4.000000,4.000000,4.000000,4.000000,4.000000,4.000000,4.000000,100.000000,,,,,,,,,,,,,,,,,,,,,,,,,,,,,,,,,,,,,,,,,,,,,,,,,,,,,,,,,,,,,,,,,,,,,,,,,,,,,,,,,,,,,,
1676060251.003422,1676060251.003950,92.000000,0.000000,4304.102539,4294.358887,4294.358887,4278.717773,4297.948730,4309.487305,4304.487305,4269.358887,4298.205078,4273.461426,4416.666504,4460.512695,4356.666504,4378.077148,3117.000000,4.000000,85.000000,,,,0.000000,4.000000,4.000000,4.000000,4.000000,4.000000,4.000000,4.000000,4.000000,4.000000,4.000000,4.000000,4.000000,4.000000,4.000000,100.000000,,,,,,,,,,,,,,,,,,,,,,,,,,,,,,,,,,,,,,,,,,,,,,,,,,,,,,,,,,,,,,,,,,,,,,,,,,,,,,,,,,,,,,
1676060251.011231,1676060251.011658,93.000000,0.000000,4309.487305,4295.641113,4306.922852,4283.077148,4300.128418,4313.205078,4310.897461,4277.820313,4310.256348,4301.282227,4429.102539,4469.743652,4364.102539,4390.256348,3229.000000,4.000000,85.000000,,,,0.000000,4.000000,4.000000,4.000000,4.000000,4.000000,4.000000,4.000000,4.000000,4.000000,4.000000,4.000000,4.000000,4.000000,4.000000,100.000000,,,,,,,,,,,,,,,,,,,,,,,,,,,,,,,,,,,,,,,,,,,,,,,,,,,,,,,,,,,,,,,,,,,,,,,,,,,,,,,,,,,,,,
1676060251.019039,1676060251.019567,94.000000,0.000000,4301.153809,4284.871582,4308.077148,4278.205078,4297.179688,4309.743652,4307.436035,4281.025879,4313.974121,4302.051270,4433.589844,4474.102539,4369.487305,4398.077148,2728.000000,4.000000,85.000000,,,,0.000000,4.000000,4.000000,4.000000,4.000000,4.000000,4.000000,4.000000,4.000000,4.000000,4.000000,4.000000,4.000000,4.000000,4.000000,100.000000,,,,,,,,,,,,,,,,,2.093814,2.782254,2.712086,1.585375,0.601465,15.818090,3.140805,2.303222,1.338289,0.964116,1.599866,2.934587,2.698304,1.510092,0.941772,8.373486,2.491709,2.490421,1.340556,0.841757,1.223909,0.697153,1.695525,0.435494,0.633818,1.093038,0.956698,1.219369,0.505761,0.600524,1.328401,2.076283,1.143135,1.194805,0.724148,12.619937,6.811756,1.858707,1.256073,0.860658,1.052998,1.534863,0.981501,1.387616,0.588094,0.948797,2.149554,1.112373,1.516429,1.222401,9.694737,8.604959,3.909552,2.923502,1.279016,4.569609,6.283901,2.810565,2.328501,1.148922,7.832280,10.687893,4.022847,2.839470,1.121516,21.690046,16.181114,8.559329,2.307873,1.300751
1676060251.026847,1676060251.027375,95.000000,0.000000,4279.358887,4266.282227,4286.282227,4260.128418,4284.615234,4293.461426,4283.974121,4267.179688,4297.948730,4282.820313,4410.769043,4449.743652,4354.615234,4377.051270,2912.000000,4.000000,85.000000,,,,0.000000,4.000000,4.000000,4.000000,4.000000,4.000000,4.000000,4.000000,4.000000,4.000000,4.000000,4.000000,4.000000,4.000000,4.000000,100.000000,,,,,,,,,,,,,,,,,,,,,,,,,,,,,,,,,,,,,,,,,,,,,,,,,,,,,,,,,,,,,,,,,,,,,,,,,,,,,,,,,,,,,,
1676060251.034656,1676060251.035183,96.000000,0.000000,4282.692383,4267.948730,4288.205078,4259.358887,4286.410156,4289.358887,4278.461426,4260.000000,4291.410156,4279.871582,4403.589844,4441.410156,4350.000000,4368.589844,3117.000000,4.000000,85.000000,,,,0.000000,4.000000,4.000000,4.000000,4.000000,4.000000,4.000000,4.000000,4.000000,4.000000,4.000000,4.000000,4.000000,4.000000,4.000000,100.000000,,,,,,,,,,,,,,,,,,,,,,,,,,,,,,,,,,,,,,,,,,,,,,,,,,,,,,,,,,,,,,,,,,,,,,,,,,,,,,,,,,,,,,
1676060251.042464,1676060251.042892,97.000000,0.000000,4319.871582,4299.743652,4321.922852,4286.666504,4303.461426,4301.025879,4301.538574,4277.307617,4310.256348,4297.948730,4440.000000,4477.820313,4382.051270,4406.666504,3229.000000,4.000000,85.000000,,,,0.000000,4.000000,4.000000,4.000000,4.000000,4.000000,4.000000,4.000000,4.000000,4.000000,4.000000,4.000000,4.000000,4.000000,4.000000,100.000000,,,,,,,,,,,,,,,,,,,,,,,,,,,,,,,,,,,,,,,,,,,,,,,,,,,,,,,,,,,,,,,,,,,,,,,,,,,,,,,,,,,,,,
1676060251.050273,1676060251.050700,98.000000,0.000000,4328.717773,4309.358887,4334.230957,4299.358887,4309.102539,4308.717773,4310.512695,4285.641113,4311.922852,4302.692383,4453.333496,4492.436035,4392.436035,4424.871582,2728.000000,4.000000,85.000000,,,,0.000000,4.000000,4.000000,4.000000,4.000000,4.000000,4.000000,4.000000,4.000000,4.000000,4.000000,4.000000,4.000000,4.000000,4.000000,100.000000,,,,,,,,,,,,,,,,,,,,,,,,,,,,,,,,,,,,,,,,,,,,,,,,,,,,,,,,,,,,,,,,,,,,,,,,,,,,,,,,,,,,,,
1676060251.058081,1676060251.058409,99.000000,0.000000,4308.974121,4292.820313,4323.205078,4290.512695,4306.794922,4316.282227,4307.051270,4276.922852,4298.461426,4285.512695,4429.230957,4473.846191,4372.948730,4405.128418,2912.000000,4.000000,85.000000,,,,0.000000,4.000000,4.000000,4.000000,4.000000,4.000000,4.000000,4.000000,4.000000,4.000000,4.000000,4.000000,4.000000,4.000000,4.000000,100.000000,,,,,,,,,,,,,,,,,,,,,,,,,,,,,,,,,,,,,,,,,,,,,,,,,,,,,,,,,,,,,,,,,,,,,,,,,,,,,,,,,,,,,,
1676060251.065889,1676060251.066217,100.000000,0.000000,4313.974121,4297.436035,4324.871582,4294.871582,4314.230957,4326.025879,4318.974121,4282.563965,4303.333496,4281.282227,4424.358887,4479.871582,4372.563965,4407.820313,3117.000000,4.000000,85.000000,,,,0.000000,4.000000,4.000000,4.000000,4.000000,4.000000,4.000000,4.000000,4.000000,4.000000,4.000000,4.000000,4.000000,4.000000,4.000000,100.000000,,,,,,,,,,,,,,,,,,,,,,,,,,,,,,,,,,,,,,,,,,,,,,,,,,,,,,,,,,,,,,,,,,,,,,,,,,,,,,,,,,,,,,
1676060251.073698,1676060251.073926,101.000000,0.000000,4324.230957,4302.820313,4326.666504,4295.769043,4314.358887,4320.641113,4324.230957,4284.230957,4304.230957,4290.000000,4431.410156,4488.461426,4376.922852,4418.589844,3229.000000,4.000000,85.000000,,,,0.000000,4.000000,4.000000,4.000000,4.000000,4.000000,4.000000,4.000000,4.000000,4.000000,4.000000,4.000000,4.000000,4.000000,4.000000,100.000000,,,,,,,,,,,,,,,,,,,,,,,,,,,,,,,,,,,,,,,,,,,,,,,,,,,,,,,,,,,,,,,,,,,,,,,,,,,,,,,,,,,,,,
1676060251.081506,1676060251.081834,102.000000,0.000000,4313.205078,4289.358887,4313.974121,4280.128418,4302.563965,4311.922852,4310.897461,4271.282227,4295.769043,4286.282227,4423.717773,4473.846191,4369.230957,4407.051270,2728.000000,4.000000,85.000000,,,,0.000000,4.000000,4.000000,4.000000,4.000000,4.000000,4.000000,4.000000,4.000000,4.000000,4.000000,4.000000,4.000000,4.000000,4.000000,100.000000,,,,,,,,,,,,,,,,,,,,,,,,,,,,,,,,,,,,,,,,,,,,,,,,,,,,,,,,,,,,,,,,,,,,,,,,,,,,,,,,,,,,,,
1676060251.089315,1676060251.089643,103.000000,0.000000,4296.538574,4278.077148,4301.153809,4264.230957,4292.179688,4308.974121,4298.077148,4265.897461,4294.102539,4278.974121,4411.153809,4457.563965,4360.256348,4393.205078,2912.000000,4.000000,85.000000,,,,0.000000,4.000000,4.000000,4.000000,4.000000,4.000000,4.000000,4.000000,4.000000,4.000000,4.000000,4.000000,4.000000,4.000000,4.000000,100.000000,,,,,,,,,,,,,,,,,,,,,,,,,,,,,,,,,,,,,,,,,,,,,,,,,,,,,,,,,,,,,,,,,,,,,,,,,,,,,,,,,,,,,,
1676060251.097123,1676060251.097551,104.000000,0.000000,4281.025879,4264.358887,4288.717773,4247.436035,4283.077148,4300.384766,4290.641113,4257.436035,4283.461426,4275.512695,4394.102539,4440.128418,4342.051270,4376.153809,3117.000000,4.000000,85.000000,,,,0.000000,4.000000,4.000000,4.000000,4.000000,4.000000,4.000000,4.000000,4.000000,4.000000,4.000000,4.000000,4.000000,4.000000,4.000000,100.000000,,,,,,,,,,,,,,,,,,,,,,,,,,,,,,,,,,,,,,,,,,,,,,,,,,,,,,,,,,,,,,,,,,,,,,,,,,,,,,,,,,,,,,
1676060251.104931,1676060251.105360,105.000000,0.000000,4281.922852,4261.666504,4287.948730,4248.846191,4281.025879,4297.563965,4291.282227,4255.256348,4279.358887,4276.794922,4393.333496,4437.948730,4343.717773,4371.922852,3229.000000,4.000000,85.000000,,,,0.000000,4.000000,4.000000,4.000000,4.000000,4.000000,4.000000,4.000000,4.000000,4.000000,4.000000,4.000000,4.000000,4.000000,4.000000,100.000000,,,,,,,,,,,,,,,,,,,,,,,,,,,,,,,,,,,,,,,,,,,,,,,,,,,,,,,,,,,,,,,,,,,,,,,,,,,,,,,,,,,,,,
1676060251.112740,1676060251.113268,106.000000,0.000000,4297.051270,4278.589844,4300.256348,4271.794922,4283.333496,4307.948730,4295.769043,4268.717773,4295.384766,4284.615234,4413.589844,4456.025879,4369.230957,4390.000000,2728.000000,4.000000,85.000000,,,,0.000000,4.000000,4.000000,4.000000,4.000000,4.000000,4.000000,4.000000,4.000000,4.000000,4.000000,4.000000,4.000000,4.000000,4.000000,100.000000,,,,,,,,,,,,,,,,,,,,,,,,,,,,,,,,,,,,,,,,,,,,,,,,,,,,,,,,,,,,,,,,,,,,,,,,,,,,,,,,,,,,,,
1676060251.120548,1676060251.121076,107.000000,0.000000,4295.897461,4285.512695,4303.846191,4282.179688,4284.615234,4309.615234,4297.307617,4272.436035,4295.897461,4287.563965,4417.948730,4463.589844,4370.897461,4398.205078,2912.000000,4.000000,85.000000,,,,0.000000,4.000000,4.000000,4.000000,4.000000,4.000000,4.000000,4.000000,4.000000,4.000000,4.000000,4.000000,4.000000,4.000000,4.000000,100.000000,,,,,,,,,,,,,,,,,,,,,,,,,,,,,,,,,,,,,,,,,,,,,,,,,,,,,,,,,,,,,,,,,,,,,,,,,,,,,,,,,,,,,,
1676060251.128356,1676060251.128985,108.000000,0.000000,4282.948730,4274.487305,4294.743652,4277.692383,4288.461426,4299.102539,4293.333496,4260.128418,4277.563965,4269.230957,4404.230957,4454.230957,4352.179688,4386.282227,3117.000000,4.000000,85.000000,,,,0.000000,4.000000,4.000000,4.000000,4.000000,4.000000,4.000000,4.000000,4.000000,4.000000,4.000000,4.000000,4.000000,4.000000,4.000000,100.000000,,,,,,,,,,,,,,,,,,,,,,,,,,,,,,,,,,,,,,,,,,,,,,,,,,,,,,,,,,,,,,,,,,,,,,,,,,,,,,,,,,,,,,
1676060251.136165,1676060251.136793,109.000000,0.000000,4291.666504,4277.820313,4300.384766,4294.871582,4296.666504,4304.743652,4296.025879,4260.000000,4282.563965,4258.205078,4404.358887,4462.307617,4352.563965,4390.384766,3229.000000,4.000000,85.000000,,,,0.000000,4.000000,4.000000,4.000000,4.000000,4.000000,4.000000,4.000000,4.000000,4.000000,4.000000,4.000000,4.000000,4.000000,4.000000,100.000000,,,,,,,,,,,,,,,,,,,,,,,,,,,,,,,,,,,,,,,,,,,,,,,,,,,,,,,,,,,,,,,,,,,,,,,,,,,,,,,,,,,,,,
1676060251.143973,1676060251.144602,110.000000,0.000000,4313.974121,4295.641113,4318.974121,4322.436035,4300.128418,4315.256348,4309.358887,4272.563965,4301.153809,4274.871582,4416.666504,4480.641113,4368.077148,4411.666504,2728.000000,4.000000,85.000000,,,,0.000000,4.000000,4.000000,4.000000,4.000000,4.000000,4.000000,4.000000,4.000000,4.000000,4.000000,4.000000,4.000000,4.000000,4.000000,100.000000,,,,,,,,,,,,,,,,,2.164388,2.782638,2.639308,1.573951,0.706866,16.476641,2.963943,2.257688,1.300665,1.027234,1.672414,3.109301,2.684347,1.555083,1.035779,9.328418,2.346437,2.537520,1.298589,0.910331,1.176144,0.618404,1.934707,0.473543,0.688172,1.133098,0.860790,1.251089,0.486168,0.644812,1.314093,2.020585,0.914165,1.184373,0.799316,13.137094,7.774871,1.547779,1.342364,0.939766,1.085944,1.596045,0.819985,1.476116,0.704539,1.091270,2.379256,0.965030,1.652605,1.355013,10.940456,9.234025,3.228920,3.035791,1.506169,4.446473,6.383891,2.416340,2.388999,1.346275,8.320711,11.394356,3.375787,2.890964,1.327994,30.811079,21.130236,10.542030,2.458499,1.499795
1676060251.151781,1676060251.152410,111.000000,0.000000,4313.205078,4297.692383,4315.641113,4322.692383,4295.512695,4304.487305,4309.871582,4268.461426,4292.948730,4284.743652,4412.179688,4477.563965,4366.282227,4407.563965,2912.000000,4.000000,85.000000,,,,0.000000,4.000000,4.000000,4.000000,4.000000,4.000000,4.000000,4.000000,4.000000,4.000000,4.000000,4.000000,4.000000,4.000000,4.000000,100.000000,,,,,,,,,,,,,,,,,,,,,,,,,,,,,,,,,,,,,,,,,,,,,,,,,,,,,,,,,,,,,,,,,,,,,,,,,,,,,,,,,,,,,,
1676060251.159590,1676060251.160119,112.000000,0.000000,4301.666504,4294.615234,4300.897461,4315.641113,4296.922852,4299.230957,4299.615234,4262.563965,4282.820313,4278.077148,4405.769043,4473.077148,4358.077148,4394.871582,3117.000000,4.000000,85.000000,,,,0.000000,4.000000,4.000000,4.000000,4.000000,4.000000,4.000000,4.000000,4.000000,4.000000,4.000000,4.000000,4.000000,4.000000,4.000000,100.000000,,,,,,,,,,,,,,,,,,,,,,,,,,,,,,,,,,,,,,,,,,,,,,,,,,,,,,,,,,,,,,,,,,,,,,,,,,,,,,,,,,,,,,
1676060251.167398,1676060251.167927,113.000000,0.000000,4301.153809,4288.717773,4295.512695,4317.692383,4294.743652,4306.025879,4296.153809,4261.794922,4287.436035,4278.333496,4408.333496,4477.948730,4360.256348,4398.846191,3229.000000,4.000000,85.000000,,,,0.000000,4.000000,4.000000,4.000000,4.000000,4.000000,4.000000,4.000000,4.000000,4.000000,4.000000,4.000000,4.000000,4.000000,4.000000,100.000000,,,,,,,,,,,,,,,,,,,,,,,,,,,,,,,,,,,,,,,,,,,,,,,,,,,,,,,,,,,,,,,,,,,,,,,,,,,,,,,,,,,,,,
1676060251.175207,1676060251.175636,114.000000,0.000000,4305.128418,4281.025879,4294.615234,4317.692383,4283.205078,4302.051270,4293.589844,4254.615234,4284.615234,4278.461426,4408.077148,4475.641113,4362.692383,4400.128418,2728.000000,4.000000,85.000000,,,,0.000000,4.000000,4.000000,4.000000,4.000000,4.000000,4.000000,4.000000,4.000000,4.000000,4.000000,4.000000,4.000000,4.000000,4.000000,100.000000,,,,,,,,,,,,,,,,,,,,,,,,,,,,,,,,,,,,,,,,,,,,,,,,,,,,,,,,,,,,,,,,,,,,,,,,,,,,,,,,,,,,,,
1676060251.183015,1676060251.183444,115.000000,0.000000,4308.205078,4288.589844,4304.615234,4321.666504,4286.410156,4303.077148,4294.487305,4256.794922,4289.487305,4277.436035,4416.794922,4485.128418,4369.230957,4403.333496,2912.000000,4.000000,85.000000,,,,0.000000,4.000000,4.000000,4.000000,4.000000,4.000000,4.000000,4.000000,4.000000,4.000000,4.000000,4.000000,4.000000,4.000000,4.000000,100.000000,,,,,,,,,,,,,,,,,,,,,,,,,,,,,,,,,,,,,,,,,,,,,,,,,,,,,,,,,,,,,,,,,,,,,,,,,,,,,,,,,,,,,,
1676060251.190823,1676060251.191153,116.000000,0.000000,4310.897461,4293.589844,4315.256348,4324.615234,4296.282227,4312.436035,4302.436035,4269.871582,4305.769043,4289.102539,4428.846191,4504.743652,4377.820313,4415.384766,3117.000000,4.000000,85.000000,,,,0.000000,4.000000,4.000000,4.000000,4.000000,4.000000,4.000000,4.000000,4.000000,4.000000,4.000000,4.000000,4.000000,4.000000,4.000000,100.000000,,,,,,,,,,,,,,,,,,,,,,,,,,,,,,,,,,,,,,,,,,,,,,,,,,,,,,,,,,,,,,,,,,,,,,,,,,,,,,,,,,,,,,
1676060251.198632,1676060251.198961,117.000000,0.000000,4305.769043,4277.307617,4302.692383,4309.743652,4285.000000,4305.000000,4297.051270,4263.333496,4294.487305,4283.717773,4412.948730,4494.615234,4366.538574,4409.871582,3229.000000,4.000000,85.000000,,,,0.000000,4.000000,4.000000,4.000000,4.000000,4.000000,4.000000,4.000000,4.000000,4.000000,4.000000,4.000000,4.000000,4.000000,4.000000,100.000000,,,,,,,,,,,,,,,,,,,,,,,,,,,,,,,,,,,,,,,,,,,,,,,,,,,,,,,,,,,,,,,,,,,,,,,,,,,,,,,,,,,,,,
1676060251.206440,1676060251.206670,118.000000,0.000000,4304.102539,4273.333496,4293.589844,4303.717773,4281.794922,4298.589844,4291.282227,4255.897461,4278.205078,4261.282227,4401.025879,4485.512695,4356.025879,4401.538574,2728.000000,4.000000,85.000000,,,,0.000000,4.000000,4.000000,4.000000,4.000000,4.000000,4.000000,4.000000,4.000000,4.000000,4.000000,4.000000,4.000000,4.000000,4.000000,100.000000,,,,,,,,,,,,,,,,,,,,,,,,,,,,,,,,,,,,,,,,,,,,,,,,,,,,,,,,,,,,,,,,,,,,,,,,,,,,,,,,,,,,,,
1676060251.214249,1676060251.214578,119.000000,0.000000,4313.077148,4286.025879,4310.128418,4317.563965,4298.846191,4310.256348,4305.769043,4273.205078,4294.615234,4267.307617,4421.922852,4504.358887,4370.641113,4418.205078,2912.000000,4.000000,85.000000,,,,0.000000,4.000000,4.000000,4.000000,4.000000,4.000000,4.000000,4.000000,4.000000,4.000000,4.000000,4.000000,4.000000,4.000000,4.000000,100.000000,,,,,,,,,,,,,,,,,,,,,,,,,,,,,,,,,,,,,,,,,,,,,,,,,,,,,,,,,,,,,,,,,,,,,,,,,,,,,,,,,,,,,,
1676060251.222057,1676060251.222386,120.000000,0.000000,4310.769043,4280.000000,4313.717773,4315.256348,4297.051270,4311.794922,4310.769043,4277.051270,4303.717773,4286.538574,4426.282227,4505.641113,4371.025879,4420.384766,3117.000000,4.000000,85.000000,,,,0.000000,4.000000,4.000000,4.000000,4.000000,4.000000,4.000000,4.000000,4.000000,4.000000,4.000000,4.000000,4.000000,4.000000,4.000000,100.000000,,,,,,,,,,,,,,,,,,,,,,,,,,,,,,,,,,,,,,,,,,,,,,,,,,,,,,,,,,,,,,,,,,,,,,,,,,,,,,,,,,,,,,
1676060251.229865,1676060251.230195,121.000000,0.000000,4310.769043,4280.384766,4307.820313,4310.769043,4292.436035,4309.230957,4306.666504,4270.256348,4297.820313,4290.000000,4416.025879,4496.538574,4364.230957,4413.077148,3229.000000,4.000000,85.000000,,,,0.000000,4.000000,4.000000,4.000000,4.000000,4.000000,4.000000,4.000000,4.000000,4.000000,4.000000,4.000000,4.000000,4.000000,4.000000,100.000000,,,,,,,,,,,,,,,,,,,,,,,,,,,,,,,,,,,,,,,,,,,,,,,,,,,,,,,,,,,,,,,,,,,,,,,,,,,,,,,,,,,,,,
1676060251.237674,1676060251.237903,122.000000,0.000000,4323.717773,4295.897461,4317.307617,4325.641113,4306.410156,4315.769043,4313.717773,4277.179688,4304.615234,4291.538574,4428.333496,4509.358887,4379.743652,4429.102539,2728.000000,4.000000,85.000000,,,,0.000000,4.000000,4.000000,4.000000,4.000000,4.000000,4.000000,4.000000,4.000000,4.000000,4.000000,4.000000,4.000000,4.000000,4.000000,100.000000,,,,,,,,,,,,,,,,,,,,,,,,,,,,,,,,,,,,,,,,,,,,,,,,,,,,,,,,,,,,,,,,,,,,,,,,,,,,,,,,,,,,,,
1676060251.245482,1676060251.245812,123.000000,0.000000,4322.563965,4297.820313,4320.641113,4330.641113,4310.384766,4315.512695,4314.615234,4276.282227,4303.974121,4297.948730,4433.974121,4511.410156,4380.897461,4434.358887,2912.000000,4.000000,85.000000,,,,0.000000,4.000000,4.000000,4.000000,4.000000,4.000000,4.000000,4.000000,4.000000,4.000000,4.000000,4.000000,4.000000,4.000000,4.000000,100.000000,,,,,,,,,,,,,,,,,,,,,,,,,,,,,,,,,,,,,,,,,,,,,,,,,,,,,,,,,,,,,,,,,,,,,,,,,,,,,,,,,,,,,,
1676060251.253291,1676060251.253620,124.000000,0.000000,4314.743652,4296.666504,4313.717773,4324.615234,4300.641113,4312.051270,4306.153809,4267.948730,4297.179688,4295.897461,4424.615234,4497.563965,4368.077148,4420.128418,3117.000000,4.000000,85.000000,,,,0.000000,4.000000,4.000000,4.000000,4.000000,4.000000,4.000000,4.000000,4.000000,4.000000,4.000000,4.000000,4.000000,4.000000,4.000000,100.000000,,,,,,,,,,,,,,,,,,,,,,,,,,,,,,,,,,,,,,,,,,,,,,,,,,,,,,,,,,,,,,,,,,,,,,,,,,,,,,,,,,,,,,
1676060251.261099,1676060251.261529,125.000000,0.000000,4304.230957,4282.051270,4297.692383,4308.461426,4284.102539,4303.205078,4291.666504,4257.051270,4285.641113,4266.282227,4404.230957,4479.230957,4351.153809,4400.384766,3229.000000,4.000000,85.000000,,,,0.000000,4.000000,4.000000,4.000000,4.000000,4.000000,4.000000,4.000000,4.000000,4.000000,4.000000,4.000000,4.000000,4.000000,4.000000,100.000000,,,,,,,,,,,,,,,,,,,,,,,,,,,,,,,,,,,,,,,,,,,,,,,,,,,,,,,,,,,,,,,,,,,,,,,,,,,,,,,,,,,,,,
1676060251.268907,1676060251.269337,126.000000,0.000000,4287.948730,4260.641113,4277.436035,4288.077148,4275.769043,4290.384766,4280.512695,4243.205078,4267.563965,4244.871582,4379.358887,4458.974121,4330.000000,4379.615234,2728.000000,4.000000,85.000000,,,,0.000000,4.000000,4.000000,4.000000,4.000000,4.000000,4.000000,4.000000,4.000000,4.000000,4.000000,4.000000,4.000000,4.000000,4.000000,100.000000,,,,,,,,,,,,,,,,,2.371989,3.174424,2.648342,1.632547,0.916824,15.612148,2.991931,2.390429,1.349290,1.162631,1.812465,3.724832,2.762876,1.616193,1.182436,9.769335,2.395812,2.706197,1.299829,1.043397,1.118109,0.719828,2.238998,0.577972,0.755873,1.206516,0.825358,1.417738,0.528057,0.722234,1.351196,2.089544,0.909256,1.207400,0.917731,12.084876,8.019829,1.396165,1.483914,1.069551,1.149772,1.786672,0.865175,1.620105,0.857303,1.224192,2.676612,1.160004,1.918475,1.512780,11.618546,10.083579,3.183175,3.139632,1.790768,4.204664,6.871657,2.388165,2.524525,1.650228,7.888979,11.763976,2.977871,2.885426,1.611674,37.753479,24.957998,12.223722,2.629705,1.776657
1676060251.276716,1676060251.277245,127.000000,0.000000,4295.641113,4278.717773,4291.794922,4304.358887,4300.256348,4303.205078,4300.641113,4260.128418,4283.333496,4277.948730,4399.102539,4477.436035,4345.641113,4394.358887,85.000000,4.000000,85.000000,,,,0.000000,4.000000,4.000000,4.000000,4.000000,4.000000,4.000000,4.000000,4.000000,4.000000,4.000000,4.000000,4.000000,4.000000,4.000000,100.000000,,,,,,,,,,,,,,,,,,,,,,,,,,,,,,,,,,,,,,,,,,,,,,,,,,,,,,,,,,,,,,,,,,,,,,,,,,,,,,,,,,,,,,
1676060251.284524,1676060251.285054,0.000000,0.000000,4319.871582,4305.769043,4323.077148,4335.128418,4322.179688,4324.743652,4327.179688,4293.205078,4319.615234,4316.922852,4442.051270,4517.563965,4379.102539,4432.307617,2499.000000,4.000000,85.000000,,,,0.000000,4.000000,4.000000,4.000000,4.000000,4.000000,4.000000,4.000000,4.000000,4.000000,4.000000,4.000000,4.000000,4.000000,4.000000,100.000000,,,,,,,,,,,,,,,,,,,,,,,,,,,,,,,,,,,,,,,,,,,,,,,,,,,,,,,,,,,,,,,,,,,,,,,,,,,,,,,,,,,,,,
1676060251.292333,1676060251.292962,1.000000,0.000000,4309.230957,4279.615234,4308.077148,4315.897461,4297.436035,4310.769043,4305.641113,4272.820313,4301.410156,4290.897461,4418.974121,4497.948730,4358.589844,4415.000000,2458.000000,4.000000,85.000000,,,,0.000000,4.000000,4.000000,4.000000,4.000000,4.000000,4.000000,4.000000,4.000000,4.000000,4.000000,4.000000,4.000000,4.000000,4.000000,100.000000,,,,,,,,,,,,,,,,,,,,,,,,,,,,,,,,,,,,,,,,,,,,,,,,,,,,,,,,,,,,,,,,,,,,,,,,,,,,,,,,,,,,,,
1676060251.300141,1676060251.300771,2.000000,0.000000,4282.307617,4248.461426,4278.717773,4282.563965,4270.384766,4288.717773,4278.717773,4240.384766,4264.615234,4252.051270,4372.820313,4455.641113,4321.538574,4375.769043,2374.000000,4.000000,85.000000,,,,0.000000,4.000000,4.000000,4.000000,4.000000,4.000000,4.000000,4.000000,4.000000,4.000000,4.000000,4.000000,4.000000,4.000000,4.000000,100.000000,,,,,,,,,,,,,,,,,,,,,,,,,,,,,,,,,,,,,,,,,,,,,,,,,,,,,,,,,,,,,,,,,,,,,,,,,,,,,,,,,,,,,,
1676060251.307949,1676060251.308679,3.000000,0.000000,4297.307617,4270.000000,4299.615234,4297.307617,4288.205078,4299.743652,4300.384766,4264.615234,4289.743652,4274.487305,4399.743652,4481.410156,4344.871582,4403.205078,2444.000000,4.000000,85.000000,,,,0.000000,4.000000,4.000000,4.000000,4.000000,4.000000,4.000000,4.000000,4.000000,4.000000,4.000000,4.000000,4.000000,4.000000,4.000000,100.000000,,,,,,,,,,,,,,,,,,,,,,,,,,,,,,,,,,,,,,,,,,,,,,,,,,,,,,,,,,,,,,,,,,,,,,,,,,,,,,,,,,,,,,
1676060251.315758,1676060251.316487,4.000000,0.000000,4334.358887,4299.615234,4332.692383,4326.794922,4308.846191,4313.846191,4325.256348,4298.589844,4327.692383,4308.333496,4449.615234,4529.230957,4383.717773,4454.358887,2424.000000,4.000000,85.000000,,,,0.000000,4.000000,4.000000,4.000000,4.000000,4.000000,4.000000,4.000000,4.000000,4.000000,4.000000,4.000000,4.000000,4.000000,4.000000,100.000000,,,,,,,,,,,,,,,,,,,,,,,,,,,,,,,,,,,,,,,,,,,,,,,,,,,,,,,,,,,,,,,,,,,,,,,,,,,,,,,,,,,,,,
1676060251.323566,1676060251.324396,5.000000,0.000000,4338.589844,4295.000000,4328.333496,4324.230957,4292.948730,4304.102539,4313.589844,4292.692383,4317.179688,4293.205078,4440.769043,4520.000000,4373.077148,4448.717773,2363.000000,4.000000,85.000000,,,,0.000000,4.000000,4.000000,4.000000,4.000000,4.000000,4.000000,4.000000,4.000000,4.000000,4.000000,4.000000,4.000000,4.000000,4.000000,100.000000,,,,,,,,,,,,,,,,,,,,,,,,,,,,,,,,,,,,,,,,,,,,,,,,,,,,,,,,,,,,,,,,,,,,,,,,,,,,,,,,,,,,,,
1676060251.331374,1676060251.332204,6.000000,0.000000,4311.666504,4280.641113,4306.666504,4304.615234,4271.153809,4291.025879,4292.051270,4265.000000,4286.153809,4260.384766,4395.000000,4479.615234,4330.512695,4411.153809,2206.000000,4.000000,85.000000,,,,0.000000,4.000000,4.000000,4.000000,4.000000,4.000000,4.000000,4.000000,4.000000,4.000000,4.000000,4.000000,4.000000,4.000000,4.000000,100.000000,,,,,,,,,,,,,,,,,,,,,,,,,,,,,,,,,,,,,,,,,,,,,,,,,,,,,,,,,,,,,,,,,,,,,,,,,,,,,,,,,,,,,,
1676060251.339183,1676060251.339913,7.000000,0.000000,4303.589844,4290.769043,4305.769043,4303.717773,4283.974121,4301.282227,4289.871582,4250.897461,4277.051270,4263.589844,4375.897461,4465.256348,4308.846191,4401.794922,2217.000000,4.000000,85.000000,,,,0.000000,4.000000,4.000000,4.000000,4.000000,4.000000,4.000000,4.000000,4.000000,4.000000,4.000000,4.000000,4.000000,4.000000,4.000000,100.000000,,,,,,,,,,,,,,,,,,,,,,,,,,,,,,,,,,,,,,,,,,,,,,,,,,,,,,,,,,,,,,,,,,,,,,,,,,,,,,,,,,,,,,
1676060251.346991,1676060251.347721,8.000000,0.000000,4328.077148,4321.666504,4323.846191,4328.205078,4311.282227,4340.384766,4306.538574,4263.846191,4293.333496,4285.897461,4401.410156,4485.256348,4332.051270,4423.077148,2256.000000,4.000000,85.000000,,,,0.000000,4.000000,4.000000,4.000000,4.000000,4.000000,4.000000,4.000000,4.000000,4.000000,4.000000,4.000000,4.000000,4.000000,4.000000,100.000000,,,,,,,,,,,,,,,,,,,,,,,,,,,,,,,,,,,,,,,,,,,,,,,,,,,,,,,,,,,,,,,,,,,,,,,,,,,,,,,,,,,,,,
1676060251.354800,1676060251.355430,9.000000,0.000000,4336.922852,4335.769043,4324.743652,4340.000000,4312.948730,4374.743652,4314.615234,4277.179688,4304.487305,4286.282227,4416.538574,4496.282227,4343.717773,4429.230957,2239.000000,4.000000,85.000000,,,,0.000000,4.000000,4.000000,4.000000,4.000000,4.000000,4.000000,4.000000,4.000000,4.000000,4.000000,4.000000,4.000000,4.000000,4.000000,100.000000,,,,,,,,,,,,,,,,,,,,,,,,,,,,,,,,,,,,,,,,,,,,,,,,,,,,,,,,,,,,,,,,,,,,,,,,,,,,,,,,,,,,,,
1676060251.362608,1676060251.363238,10.000000,0.000000,4321.794922,4330.769043,4310.128418,4330.897461,4305.256348,4374.615234,4300.641113,4267.820313,4292.692383,4277.179688,4394.615234,4478.461426,4318.846191,4412.307617,2712.000000,4.000000,85.000000,,,,0.000000,4.000000,4.000000,4.000000,4.000000,4.000000,4.000000,4.000000,4.000000,4.000000,4.000000,4.000000,4.000000,4.000000,4.000000,100.000000,,,,,,,,,,,,,,,,,,,,,,,,,,,,,,,,,,,,,,,,,,,,,,,,,,,,,,,,,,,,,,,,,,,,,,,,,,,,,,,,,,,,,,
1676060251.370416,1676060251.370947,11.000000,0.000000,4321.025879,4334.871582,4310.769043,4333.846191,4314.102539,4365.384766,4293.461426,4258.974121,4285.897461,4277.820313,4383.333496,4471.025879,4311.410156,4407.692383,2894.000000,4.000000,85.000000,,,,0.000000,4.000000,4.000000,4.000000,4.000000,4.000000,4.000000,4.000000,4.000000,4.000000,4.000000,4.000000,4.000000,4.000000,4.000000,100.000000,,,,,,,,,,,,,,,,,,,,,,,,,,,,,,,,,,,,,,,,,,,,,,,,,,,,,,,,,,,,,,,,,,,,,,,,,,,,,,,,,,,,,,
1676060251.378225,1676060251.378755,12.000000,0.000000,4335.769043,4347.179688,4321.538574,4347.436035,4320.128418,4368.461426,4305.512695,4268.333496,4298.333496,4280.128418,4409.230957,4491.282227,4338.461426,4425.384766,3109.000000,4.000000,85.000000,,,,0.000000,4.000000,4.000000,4.000000,4.000000,4.000000,4.000000,4.000000,4.000000,4.000000,4.000000,4.000000,4.000000,4.000000,4.000000,100.000000,,,,,,,,,,,,,,,,,,,,,,,,,,,,,,,,,,,,,,,,,,,,,,,,,,,,,,,,,,,,,,,,,,,,,,,,,,,,,,,,,,,,,,
1676060251.386033,1676060251.386464,13.000000,0.000000,4332.179688,4335.897461,4315.256348,4338.205078,4305.512695,4359.487305,4306.282227,4267.692383,4294.487305,4271.025879,4421.282227,4495.769043,4351.025879,4434.615234,3216.000000,4.000000,85.000000,,,,0.000000,4.000000,4.000000,4.000000,4.000000,4.000000,4.000000,4.000000,4.000000,4.000000,4.000000,4.000000,4.000000,4.000000,4.000000,100.000000,,,,,,,,,,,,,,,,,,,,,,,,,,,,,,,,,,,,,,,,,,,,,,,,,,,,,,,,,,,,,,,,,,,,,,,,,,,,,,,,,,,,,,
1676060251.393841,1676060251.394272,14.000000,0.000000,4313.077148,4310.512695,4298.205078,4315.897461,4293.846191,4338.846191,4291.025879,4253.974121,4270.769043,4261.794922,4397.307617,4472.179688,4331.282227,4421.794922,2712.000000,4.000000,85.000000,,,,0.000000,4.000000,4.000000,4.000000,4.000000,4.000000,4.000000,4.000000,4.000000,4.000000,4.000000,4.000000,4.000000,4.000000,4.000000,100.000000,1.000000,25.000000,4.000000,4.000000,1.000000,4.000000,4.000000,4.000000,4.000000,1.000000,4.000000,3.000000,3.000000,1.000000,3.000000,1.000000,2.593112,3.947203,2.675232,1.766443,1.228999,13.555680,3.205174,2.548998,1.478703,1.385791,2.008075,4.739235,2.846663,1.709983,1.396735,9.449148,2.580873,2.877635,1.366634,1.254922,1.074602,0.981361,2.529254,0.733791,0.839307,1.287422,0.878675,1.618842,0.630535,0.834691,1.411036,2.328501,1.073281,1.274177,1.084399,9.768924,7.522135,1.401506,1.650329,1.251397,1.223645,2.072016,1.108917,1.796301,1.034373,1.300668,3.009068,1.658080,2.268174,1.699171,11.440182,11.304770,3.739094,3.241097,2.113034,3.823907,7.748938,2.656235,2.729139,2.054234,6.724252,11.931005,2.905968,2.861474,1.939430,40.024757,26.578674,12.955100,2.806981,2.118054
1676060251.401650,1676060251.401981,15.000000,0.000000,4306.153809,4303.717773,4290.512695,4310.769043,4295.641113,4334.230957,4282.179688,4246.153809,4261.153809,4260.256348,4379.358887,4456.153809,4312.820313,4404.615234,2894.000000,4.000000,85.000000,,,,0.000000,4.000000,4.000000,4.000000,4.000000,4.000000,4.000000,4.000000,4.000000,4.000000,4.000000,4.000000,4.000000,4.000000,4.000000,100.000000,,,,,,,,,,,,,,,,,,,,,,,,,,,,,,,,,,,,,,,,,,,,,,,,,,,,,,,,,,,,,,,,,,,,,,,,,,,,,,,,,,,,,,
1676060251.409458,1676060251.409889,16.000000,0.000000,4306.538574,4307.948730,4290.641113,4309.743652,4293.077148,4335.512695,4282.307617,4245.128418,4268.589844,4258.717773,4383.846191,4454.358887,4311.282227,4398.846191,0.000000,4.000000,85.000000,,,,0.000000,4.000000,4.000000,4.000000,4.000000,4.000000,4.000000,4.000000,4.000000,4.000000,4.000000,4.000000,4.000000,4.000000,4.000000,100.000000,,,,,,,,,,,,,,,,,,,,,,,,,,,,,,,,,,,,,,,,,,,,,,,,,,,,,,,,,,,,,,,,,,,,,,,,,,,,,,,,,,,,,,
1676060251.417266,1676060251.417697,17.000000,0.000000,4313.461426,4317.948730,4303.846191,4316.282227,4294.871582,4332.051270,4295.384766,4255.384766,4285.897461,4269.871582,4403.461426,4466.794922,4329.487305,4414.615234,0.000000,4.000000,85.000000,,,,0.000000,4.000000,4.000000,4.000000,4.000000,4.000000,4.000000,4.000000,4.000000,4.000000,4.000000,4.000000,4.000000,4.000000,4.000000,100.000000,,,,,,,,,,,,,,,,,,,,,,,,,,,,,,,,,,,,,,,,,,,,,,,,,,,,,,,,,,,,,,,,,,,,,,,,,,,,,,,,,,,,,,
1676060251.425075,1676060251.425506,18.000000,0.000000,4319.743652,4323.589844,4320.128418,4330.128418,4306.025879,4332.820313,4310.512695,4267.436035,4298.333496,4288.077148,4416.025879,4482.051270,4341.282227,4424.358887,0.000000,4.000000,85.000000,,,,0.000000,4.000000,4.000000,4.000000,4.000000,4.000000,4.000000,4.000000,4.000000,4.000000,4.000000,4.000000,4.000000,4.000000,4.000000,100.000000,,,,,,,,,,,,,,,,,,,,,,,,,,,,,,,,,,,,,,,,,,,,,,,,,,,,,,,,,,,,,,,,,,,,,,,,,,,,,,,,,,,,,,
1676060251.432883,1676060251.433214,19.000000,0.000000,4314.615234,4321.410156,4321.794922,4331.410156,4312.307617,4335.128418,4305.641113,4267.307617,4294.358887,4277.948730,4419.102539,4482.307617,4337.563965,4414.230957,0.000000,4.000000,85.000000,,,,0.000000,4.000000,4.000000,4.000000,4.000000,4.000000,4.000000,4.000000,4.000000,4.000000,4.000000,4.000000,4.000000,4.000000,4.000000,100.000000,,,,,,,,,,,,,,,,,,,,,,,,,,,,,,,,,,,,,,,,,,,,,,,,,,,,,,,,,,,,,,,,,,,,,,,,,,,,,,,,,,,,,,
1676060251.440692,1676060251.441123,20.000000,0.000000,4310.641113,4316.153809,4313.205078,4323.333496,4309.743652,4333.974121,4296.794922,4261.922852,4288.846191,4259.487305,4423.846191,4476.153809,4343.974121,4412.179688,0.000000,4.000000,85.000000,,,,0.000000,4.000000,4.000000,4.000000,4.000000,4.000000,4.000000,4.000000,4.000000,4.000000,4.000000,4.000000,4.000000,4.000000,4.000000,100.000000,,,,,,,,,,,,,,,,,,,,,,,,,,,,,,,,,,,,,,,,,,,,,,,,,,,,,,,,,,,,,,,,,,,,,,,,,,,,,,,,,,,,,,
1676060251.448500,1676060251.448931,21.000000,0.000000,4318.974121,4315.256348,4313.589844,4324.615234,4311.410156,4335.256348,4303.205078,4262.179688,4294.358887,4277.179688,4432.692383,4482.820313,4354.871582,4426.025879,0.000000,4.000000,85.000000,,,,0.000000,4.000000,4.000000,4.000000,4.000000,4.000000,4.000000,4.000000,4.000000,4.000000,4.000000,4.000000,4.000000,4.000000,4.000000,100.000000,,,,,,,,,,,,,,,,,,,,,,,,,,,,,,,,,,,,,,,,,,,,,,,,,,,,,,,,,,,,,,,,,,,,,,,,,,,,,,,,,,,,,,
1676060251.456308,1676060251.456840,22.000000,0.000000,4328.205078,4320.512695,4320.000000,4330.641113,4323.077148,4336.153809,4306.410156,4265.000000,4297.692383,4296.922852,4435.769043,4487.307617,4352.948730,4431.794922,0.000000,4.000000,85.000000,,,,0.000000,4.000000,4.000000,4.000000,4.000000,4.000000,4.000000,4.000000,4.000000,4.000000,4.000000,4.000000,4.000000,4.000000,4.000000,100.000000,,,,,,,,,,,,,,,,,,,,,,,,,,,,,,,,,,,,,,,,,,,,,,,,,,,,,,,,,,,,,,,,,,,,,,,,,,,,,,,,,,,,,,
1676060251.464117,1676060251.464648,23.000000,0.000000,4321.794922,4318.974121,4316.282227,4325.897461,4328.333496,4328.974121,4297.051270,4263.717773,4291.025879,4282.948730,4427.948730,4473.974121,4345.128418,4419.871582,0.000000,4.000000,85.000000,,,,0.000000,4.000000,4.000000,4.000000,4.000000,4.000000,4.000000,4.000000,4.000000,4.000000,4.000000,4.000000,4.000000,4.000000,4.000000,100.000000,,,,,,,,,,,,,,,,,,,,,,,,,,,,,,,,,,,,,,,,,,,,,,,,,,,,,,,,,,,,,,,,,,,,,,,,,,,,,,,,,,,,,,
1676060251.471925,1676060251.472556,24.000000,0.000000,4320.256348,4325.256348,4317.307617,4326.794922,4328.846191,4324.487305,4298.717773,4264.230957,4293.589844,4274.743652,4433.974121,4478.205078,4356.410156,4422.692383,0.000000,4.000000,85.000000,,,,0.000000,4.000000,4.000000,4.000000,4.000000,4.000000,4.000000,4.000000,4.000000,4.000000,4.000000,4.000000,4.000000,4.000000,4.000000,100.000000,,,,,,,,,,,,,,,,,,,,,,,,,,,,,,,,,,,,,,,,,,,,,,,,,,,,,,,,,,,,,,,,,,,,,,,,,,,,,,,,,,,,,,
1676060251.479734,1676060251.480365,25.000000,0.000000,4320.512695,4326.794922,4318.974121,4324.615234,4330.128418,4326.666504,4306.282227,4265.256348,4298.717773,4283.589844,4442.948730,4491.922852,4365.256348,4431.410156,0.000000,4.000000,85.000000,,,,0.000000,4.000000,4.000000,4.000000,4.000000,4.000000,4.000000,4.000000,4.000000,4.000000,4.000000,4.000000,4.000000,4.000000,4.000000,100.000000,,,,,,,,,,,,,,,,,,,,,,,,,,,,,,,,,,,,,,,,,,,,,,,,,,,,,,,,,,,,,,,,,,,,,,,,,,,,,,,,,,,,,,
1676060251.487542,1676060251.488273,26.000000,0.000000,4303.461426,4307.179688,4303.717773,4305.256348,4321.538574,4321.666504,4294.615234,4263.589844,4286.153809,4273.717773,4432.563965,4473.589844,4347.692383,4415.000000,0.000000,4.000000,85.000000,,,,0.000000,4.000000,4.000000,4.000000,4.000000,4.000000,4.000000,4.000000,4.000000,4.000000,4.000000,4.000000,4.000000,4.000000,4.000000,100.000000,,,,,,,,,,,,,,,,,,,,,,,,,,,,,,,,,,,,,,,,,,,,,,,,,,,,,,,,,,,,,,,,,,,,,,,,,,,,,,,,,,,,,,
1676060251.495350,1676060251.496082,27.000000,0.000000,4289.615234,4295.128418,4289.871582,4291.922852,4312.179688,4307.051270,4276.794922,4255.512695,4276.922852,4258.205078,4421.025879,4449.615234,4335.769043,4399.230957,0.000000,4.000000,85.000000,,,,0.000000,4.000000,4.000000,4.000000,4.000000,4.000000,4.000000,4.000000,4.000000,4.000000,4.000000,4.000000,4.000000,4.000000,4.000000,100.000000,,,,,,,,,,,,,,,,,,,,,,,,,,,,,,,,,,,,,,,,,,,,,,,,,,,,,,,,,,,,,,,,,,,,,,,,,,,,,,,,,,,,,,
1676060251.503159,1676060251.503990,28.000000,0.000000,4299.615234,4307.307617,4297.051270,4300.512695,4315.128418,4299.230957,4278.333496,4251.666504,4290.512695,4268.205078,4430.000000,4462.307617,4349.871582,4408.205078,0.000000,4.000000,85.000000,,,,0.000000,4.000000,4.000000,4.000000,4.000000,4.000000,4.000000,4.000000,4.000000,4.000000,4.000000,4.000000,4.000000,4.000000,4.000000,100.000000,,,,,,,,,,,,,,,,,,,,,,,,,,,,,,,,,,,,,,,,,,,,,,,,,,,,,,,,,,,,,,,,,,,,,,,,,,,,,,,,,,,,,,
1676060251.510967,1676060251.511798,29.000000,0.000000,4315.256348,4318.333496,4311.666504,4312.563965,4324.358887,4309.102539,4293.205078,4260.384766,4302.948730,4289.358887,4443.205078,4482.179688,4362.436035,4422.307617,0.000000,4.000000,85.000000,,,,0.000000,4.000000,4.000000,4.000000,4.000000,4.000000,4.000000,4.000000,4.000000,4.000000,4.000000,4.000000,4.000000,4.000000,4.000000,100.000000,,,,,,,,,,,,,,,,,,,,,,,,,,,,,,,,,,,,,,,,,,,,,,,,,,,,,,,,,,,,,,,,,,,,,,,,,,,,,,,,,,,,,,
1676060251.518776,1676060251.519607,30.000000,0.000000,4307.563965,4309.743652,4302.563965,4304.102539,4323.333496,4308.589844,4288.077148,4253.333496,4285.897461,4281.794922,4428.205078,4463.589844,4348.205078,4411.538574,0.000000,4.000000,85.000000,,,,0.000000,4.000000,4.000000,4.000000,4.000000,4.000000,4.000000,4.000000,4.000000,4.000000,4.000000,4.000000,4.000000,4.000000,4.000000,100.000000,,,,,,,,,,,,,,,,,2.733681,4.902403,2.643315,1.934752,1.587403,10.973301,3.592059,2.599774,1.642431,1.665677,2.214283,5.906889,2.851118,1.828364,1.651554,8.477311,2.896996,2.958914,1.487777,1.512658,1.039553,1.321227,2.716219,0.898740,0.926439,1.369542,1.027149,1.754257,0.769603,0.958603,1.450535,2.682149,1.312172,1.364438,1.271774,6.974296,6.489003,1.503692,1.786342,1.453897,1.286651,2.371517,1.459546,1.957641,1.214863,1.313430,3.309657,2.298810,2.606627,1.897615,10.219741,12.660456,4.597249,3.308849,2.432189,3.386098,8.745479,3.036127,2.942992,2.497227,5.278276,11.901172,3.061209,2.831928,2.250945,36.777874,25.542248,12.393903,2.945711,2.468103
1676060251.526584,1676060251.527415,31.000000,0.000000,4292.692383,4305.641113,4282.692383,4291.922852,4321.410156,4295.512695,4275.897461,4236.922852,4269.743652,4255.512695,4411.153809,4440.256348,4335.256348,4392.948730,0.000000,4.000000,85.000000,,,,0.000000,4.000000,4.000000,4.000000,4.000000,4.000000,4.000000,4.000000,4.000000,4.000000,4.000000,4.000000,4.000000,4.000000,4.000000,100.000000,,,,,,,,,,,,,,,,,,,,,,,,,,,,,,,,,,,,,,,,,,,,,,,,,,,,,,,,,,,,,,,,,,,,,,,,,,,,,,,,,,,,,,
1676060251.534392,1676060251.535124,32.000000,0.000000,4288.333496,4303.974121,4280.256348,4288.974121,4321.410156,4300.256348,4282.307617,4243.974121,4281.282227,4259.487305,4416.666504,4446.410156,4340.256348,4392.436035,0.000000,4.000000,85.000000,,,,0.000000,4.000000,4.000000,4.000000,4.000000,4.000000,4.000000,4.000000,4.000000,4.000000,4.000000,4.000000,4.000000,4.000000,4.000000,100.000000,,,,,,,,,,,,,,,,,,,,,,,,,,,,,,,,,,,,,,,,,,,,,,,,,,,,,,,,,,,,,,,,,,,,,,,,,,,,,,,,,,,,,,
1676060251.542201,1676060251.542932,33.000000,0.000000,4294.871582,4303.846191,4291.794922,4293.589844,4319.487305,4310.641113,4290.641113,4269.230957,4294.871582,4283.589844,4432.179688,4465.384766,4346.794922,4408.461426,0.000000,4.000000,85.000000,,,,0.000000,4.000000,4.000000,4.000000,4.000000,4.000000,4.000000,4.000000,4.000000,4.000000,4.000000,4.000000,4.000000,4.000000,4.000000,100.000000,,,,,,,,,,,,,,,,,,,,,,,,,,,,,,,,,,,,,,,,,,,,,,,,,,,,,,,,,,,,,,,,,,,,,,,,,,,,,,,,,,,,,,
1676060251.550009,1676060251.550641,34.000000,0.000000,4299.743652,4310.384766,4296.410156,4298.974121,4319.102539,4300.641113,4283.589844,4283.077148,4288.846191,4276.025879,4436.282227,4469.871582,4346.794922,4417.692383,0.000000,4.000000,85.000000,,,,0.000000,4.000000,4.000000,4.000000,4.000000,4.000000,4.000000,4.000000,4.000000,4.000000,4.000000,4.000000,4.000000,4.000000,4.000000,100.000000,,,,,,,,,,,,,,,,,,,,,,,,,,,,,,,,,,,,,,,,,,,,,,,,,,,,,,,,,,,,,,,,,,,,,,,,,,,,,,,,,,,,,,
1676060251.557818,1676060251.558549,35.000000,0.000000,4288.589844,4303.333496,4289.615234,4291.538574,4309.743652,4286.410156,4272.563965,4272.051270,4272.563965,4244.743652,4425.384766,4455.769043,4338.205078,4403.205078,0.000000,4.000000,85.000000,,,,0.000000,4.000000,4.000000,4.000000,4.000000,4.000000,4.000000,4.000000,4.000000,4.000000,4.000000,4.000000,4.000000,4.000000,4.000000,100.000000,,,,,,,,,,,,,,,,,,,,,,,,,,,,,,,,,,,,,,,,,,,,,,,,,,,,,,,,,,,,,,,,,,,,,,,,,,,,,,,,,,,,,,
1676060251.565626,1676060251.566358,36.000000,0.000000,4291.410156,4300.256348,4291.666504,4289.743652,4308.846191,4296.666504,4277.563965,4264.230957,4273.717773,4251.794922,4427.307617,4456.794922,4337.820313,4399.102539,0.000000,4.000000,85.000000,,,,0.000000,4.000000,4.000000,4.000000,4.000000,4.000000,4.000000,4.000000,4.000000,4.000000,4.000000,4.000000,4.000000,4.000000,4.000000,100.000000,,,,,,,,,,,,,,,,,,,,,,,,,,,,,,,,,,,,,,,,,,,,,,,,,,,,,,,,,,,,,,,,,,,,,,,,,,,,,,,,,,,,,,
1676060251.573434,1676060251.574266,37.000000,0.000000,4324.230957,4320.897461,4309.358887,4310.000000,4328.333496,4308.717773,4293.974121,4278.205078,4289.871582,4286.794922,4451.538574,4484.358887,4362.563965,4430.128418,0.000000,4.000000,85.000000,,,,0.000000,4.000000,4.000000,4.000000,4.000000,4.000000,4.000000,4.000000,4.000000,4.000000,4.000000,4.000000,4.000000,4.000000,4.000000,100.000000,,,,,,,,,,,,,,,,,,,,,,,,,,,,,,,,,,,,,,,,,,,,,,,,,,,,,,,,,,,,,,,,,,,,,,,,,,,,,,,,,,,,,,
1676060251.581243,1676060251.582074,38.000000,0.000000,4340.000000,4332.436035,4324.743652,4321.922852,4337.436035,4302.692383,4303.333496,4295.256348,4301.666504,4294.102539,4472.436035,4505.000000,4384.487305,4456.410156,0.000000,4.000000,85.000000,,,,0.000000,4.000000,4.000000,4.000000,4.000000,4.000000,4.000000,4.000000,4.000000,4.000000,4.000000,4.000000,4.000000,4.000000,4.000000,100.000000,,,,,,,,,,,,,,,,,,,,,,,,,,,,,,,,,,,,,,,,,,,,,,,,,,,,,,,,,,,,,,,,,,,,,,,,,,,,,,,,,,,,,,
1676060251.589051,1676060251.589983,39.000000,0.000000,4319.615234,4314.358887,4320.000000,4304.743652,4327.179688,4296.410156,4297.179688,4286.666504,4298.717773,4279.487305,4462.179688,4491.025879,4371.794922,4439.487305,0.000000,4.000000,85.000000,,,,0.000000,4.000000,4.000000,4.000000,4.000000,4.000000,4.000000,4.000000,4.000000,4.000000,4.000000,4.000000,4.000000,4.000000,4.000000,100.000000,,,,,,,,,,,,,,,,,,,,,,,,,,,,,,,,,,,,,,,,,,,,,,,,,,,,,,,,,,,,,,,,,,,,,,,,,,,,,,,,,,,,,,
1676060251.596859,1676060251.597791,40.000000,0.000000,4304.230957,4303.589844,4304.743652,4290.128418,4319.743652,4303.461426,4291.794922,4266.153809,4283.461426,4269.615234,4436.153809,4463.589844,4347.563965,4409.358887,0.000000,4.000000,85.000000,,,,0.000000,4.000000,4.000000,4.000000,4.000000,4.000000,4.000000,4.000000,4.000000,4.000000,4.000000,4.000000,4.000000,4.000000,4.000000,100.000000,,,,,,,,,,,,,,,,,,,,,,,,,,,,,,,,,,,,,,,,,,,,,,,,,,,,,,,,,,,,,,,,,,,,,,,,,,,,,,,,,,,,,,
1676060251.604668,1676060251.605700,41.000000,0.000000,4303.333496,4311.922852,4304.102539,4295.512695,4322.436035,4310.000000,4297.436035,4265.897461,4280.384766,4268.846191,4432.692383,4461.538574,4347.179688,4413.461426,0.000000,4.000000,85.000000,,,,0.000000,4.000000,4.000000,4.000000,4.000000,4.000000,4.000000,4.000000,4.000000,4.000000,4.000000,4.000000,4.000000,4.000000,4.000000,100.000000,,,,,,,,,,,,,,,,,,,,,,,,,,,,,,,,,,,,,,,,,,,,,,,,,,,,,,,,,,,,,,,,,,,,,,,,,,,,,,,,,,,,,,
1676060251.612476,1676060251.613508,42.000000,0.000000,4297.436035,4304.487305,4305.256348,4294.871582,4316.922852,4303.077148,4294.487305,4268.077148,4283.205078,4262.563965,4436.410156,4466.153809,4348.717773,4421.666504,0.000000,4.000000,85.000000,,,,0.000000,4.000000,4.000000,4.000000,4.000000,4.000000,4.000000,4.000000,4.000000,4.000000,4.000000,4.000000,4.000000,4.000000,4.000000,100.000000,,,,,,,,,,,,,,,,,,,,,,,,,,,,,,,,,,,,,,,,,,,,,,,,,,,,,,,,,,,,,,,,,,,,,,,,,,,,,,,,,,,,,,
1676060251.620285,1676060251.621416,43.000000,0.000000,4290.000000,4291.410156,4289.743652,4282.692383,4309.615234,4292.820313,4279.487305,4252.692383,4270.897461,4249.743652,4415.256348,4446.538574,4327.179688,4398.461426,0.000000,4.000000,85.000000,,,,0.000000,4.000000,4.000000,4.000000,4.000000,4.000000,4.000000,4.000000,4.000000,4.000000,4.000000,4.000000,4.000000,4.000000,4.000000,100.000000,,,,,,,,,,,,,,,,,,,,,,,,,,,,,,,,,,,,,,,,,,,,,,,,,,,,,,,,,,,,,,,,,,,,,,,,,,,,,,,,,,,,,,
1676060251.628093,1676060251.629225,44.000000,0.000000,4286.794922,4300.384766,4280.512695,4281.410156,4312.436035,4293.333496,4275.256348,4246.153809,4265.256348,4254.871582,4404.358887,4436.282227,4316.666504,4388.589844,0.000000,4.000000,85.000000,,,,0.000000,4.000000,4.000000,4.000000,4.000000,4.000000,4.000000,4.000000,4.000000,4.000000,4.000000,4.000000,4.000000,4.000000,4.000000,100.000000,,,,,,,,,,,,,,,,,,,,,,,,,,,,,,,,,,,,,,,,,,,,,,,,,,,,,,,,,,,,,,,,,,,,,,,,,,,,,,,,,,,,,,
1676060251.635901,1676060251.637133,45.000000,0.000000,4301.922852,4332.436035,4302.820313,4304.487305,4325.128418,4309.743652,4291.666504,4269.615234,4291.025879,4285.897461,4444.615234,4473.461426,4352.563965,4430.000000,0.000000,4.000000,85.000000,,,,0.000000,4.000000,4.000000,4.000000,4.000000,4.000000,4.000000,4.000000,4.000000,4.000000,4.000000,4.000000,4.000000,4.000000,4.000000,100.000000,,,,,,,,,,,,,,,,,,,,,,,,,,,,,,,,,,,,,,,,,,,,,,,,,,,,,,,,,,,,,,,,,,,,,,,,,,,,,,,,,,,,,,
1676060251.643710,1676060251.644942,46.000000,0.000000,4326.410156,4359.871582,4324.230957,4325.000000,4335.641113,4312.563965,4299.487305,4285.512695,4306.794922,4303.461426,4470.384766,4497.563965,4378.589844,4456.538574,0.000000,4.000000,85.000000,,,,0.000000,4.000000,4.000000,4.000000,4.000000,4.000000,4.000000,4.000000,4.000000,4.000000,4.000000,4.000000,4.000000,4.000000,4.000000,100.000000,,,,,,,,,,,,,,,,,2.736681,5.699763,2.509116,2.070460,1.905124,8.487927,4.032465,2.496613,1.777705,1.934906,2.352059,6.843871,2.730375,1.943407,1.886416,7.188025,3.305720,2.930995,1.626880,1.752084,0.994087,1.632597,2.754276,1.022280,1.000444,1.493477,1.274048,1.793339,0.908196,1.056340,1.402567,3.007628,1.542959,1.437396,1.433494,4.450859,5.251994,1.627983,1.844337,1.627117,1.317000,2.582493,1.794006,2.061051,1.378050,1.281385,3.474748,2.867993,2.833951,2.080470,8.759200,13.574381,5.345307,3.298357,2.707714,3.034008,9.410350,3.332838,3.090595,2.889033,3.987793,11.501477,3.258306,2.781928,2.487745,29.230989,22.190786,10.649116,2.992678,2.754179
1676060251.651518,1676060251.652850,47.000000,0.000000,4328.717773,4366.410156,4319.615234,4326.410156,4336.794922,4297.563965,4294.230957,4278.974121,4292.563965,4285.897461,4442.563965,4475.384766,4344.615234,4431.282227,0.000000,4.000000,85.000000,,,,0.000000,4.000000,4.000000,4.000000,4.000000,4.000000,4.000000,4.000000,4.000000,4.000000,4.000000,4.000000,4.000000,4.000000,4.000000,100.000000,,,,,,,,,,,,,,,,,,,,,,,,,,,,,,,,,,,,,,,,,,,,,,,,,,,,,,,,,,,,,,,,,,,,,,,,,,,,,,,,,,,,,,
1676060251.659326,1676060251.660658,48.000000,0.000000,4324.743652,4376.922852,4320.128418,4330.000000,4335.897461,4297.307617,4295.769043,4273.077148,4283.077148,4270.897461,4419.615234,4463.589844,4309.487305,4413.205078,0.000000,4.000000,85.000000,,,,0.000000,4.000000,4.000000,4.000000,4.000000,4.000000,4.000000,4.000000,4.000000,4.000000,4.000000,4.000000,4.000000,4.000000,4.000000,100.000000,,,,,,,,,,,,,,,,,,,,,,,,,,,,,,,,,,,,,,,,,,,,,,,,,,,,,,,,,,,,,,,,,,,,,,,,,,,,,,,,,,,,,,
1676060251.667135,1676060251.668567,49.000000,0.000000,4326.666504,4392.307617,4321.922852,4330.512695,4328.205078,4299.487305,4288.461426,4256.282227,4270.897461,4266.025879,4402.563965,4456.922852,4295.769043,4406.794922,0.000000,4.000000,85.000000,,,,0.000000,4.000000,4.000000,4.000000,4.000000,4.000000,4.000000,4.000000,4.000000,4.000000,4.000000,4.000000,4.000000,4.000000,4.000000,100.000000,,,,,,,,,,,,,,,,,,,,,,,,,,,,,,,,,,,,,,,,,,,,,,,,,,,,,,,,,,,,,,,,,,,,,,,,,,,,,,,,,,,,,,
1676060251.674943,1676060251.676375,50.000000,0.000000,4318.717773,4395.769043,4311.922852,4326.410156,4323.333496,4292.820313,4282.307617,4247.436035,4261.410156,4257.692383,4383.589844,4442.948730,4278.846191,4395.128418,0.000000,4.000000,85.000000,,,,0.000000,4.000000,4.000000,4.000000,4.000000,4.000000,4.000000,4.000000,4.000000,4.000000,4.000000,4.000000,4.000000,4.000000,4.000000,100.000000,,,,,,,,,,,,,,,,,,,,,,,,,,,,,,,,,,,,,,,,,,,,,,,,,,,,,,,,,,,,,,,,,,,,,,,,,,,,,,,,,,,,,,
1676060251.682752,1676060251.684284,51.000000,0.000000,4322.051270,4402.948730,4322.436035,4339.230957,4335.000000,4304.743652,4306.153809,4275.384766,4283.461426,4261.794922,4403.846191,4461.794922,4289.871582,4415.000000,0.000000,4.000000,85.000000,,,,0.000000,4.000000,4.000000,4.000000,4.000000,4.000000,4.000000,4.000000,4.000000,4.000000,4.000000,4.000000,4.000000,4.000000,4.000000,100.000000,,,,,,,,,,,,,,,,,,,,,,,,,,,,,,,,,,,,,,,,,,,,,,,,,,,,,,,,,,,,,,,,,,,,,,,,,,,,,,,,,,,,,,
1676060251.690560,1676060251.692092,52.000000,0.000000,4331.922852,4406.410156,4336.666504,4342.563965,4337.179688,4318.589844,4318.974121,4287.307617,4294.743652,4268.974121,4421.794922,4477.307617,4309.102539,4430.384766,0.000000,4.000000,85.000000,,,,0.000000,4.000000,4.000000,4.000000,4.000000,4.000000,4.000000,4.000000,4.000000,4.000000,4.000000,4.000000,4.000000,4.000000,4.000000,100.000000,,,,,,,,,,,,,,,,,,,,,,,,,,,,,,,,,,,,,,,,,,,,,,,,,,,,,,,,,,,,,,,,,,,,,,,,,,,,,,,,,,,,,,
1676060251.698368,1676060251.699801,53.000000,0.000000,4320.256348,4386.282227,4318.589844,4323.333496,4326.922852,4303.846191,4295.256348,4257.692383,4268.974121,4261.025879,4396.794922,4454.615234,4292.948730,4408.589844,0.000000,4.000000,85.000000,,,,0.000000,4.000000,4.000000,4.000000,4.000000,4.000000,4.000000,4.000000,4.000000,4.000000,4.000000,4.000000,4.000000,4.000000,4.000000,100.000000,,,,,,,,,,,,,,,,,,,,,,,,,,,,,,,,,,,,,,,,,,,,,,,,,,,,,,,,,,,,,,,,,,,,,,,,,,,,,,,,,,,,,,
1676060251.706177,1676060251.707609,54.000000,0.000000,4315.897461,4374.871582,4308.205078,4319.615234,4323.717773,4293.205078,4286.282227,4250.000000,4265.000000,4260.384766,4390.897461,4451.025879,4284.358887,4404.615234,0.000000,4.000000,85.000000,,,,0.000000,4.000000,4.000000,4.000000,4.000000,4.000000,4.000000,4.000000,4.000000,4.000000,4.000000,4.000000,4.000000,4.000000,4.000000,100.000000,,,,,,,,,,,,,,,,,,,,,,,,,,,,,,,,,,,,,,,,,,,,,,,,,,,,,,,,,,,,,,,,,,,,,,,,,,,,,,,,,,,,,,
1676060251.713985,1676060251.715318,55.000000,0.000000,4325.000000,4379.871582,4320.769043,4326.794922,4317.692383,4298.846191,4297.436035,4266.922852,4281.282227,4268.589844,4406.666504,4463.846191,4297.563965,4412.051270,0.000000,4.000000,85.000000,,,,0.000000,4.000000,4.000000,4.000000,4.000000,4.000000,4.000000,4.000000,4.000000,4.000000,4.000000,4.000000,4.000000,4.000000,4.000000,100.000000,,,,,,,,,,,,,,,,,,,,,,,,,,,,,,,,,,,,,,,,,,,,,,,,,,,,,,,,,,,,,,,,,,,,,,,,,,,,,,,,,,,,,,
1676060251.721794,1676060251.723226,56.000000,0.000000,4314.487305,4367.563965,4310.256348,4314.102539,4310.128418,4292.051270,4286.282227,4255.897461,4271.282227,4255.128418,4397.948730,4448.077148,4292.692383,4397.563965,0.000000,4.000000,85.000000,,,,0.000000,4.000000,4.000000,4.000000,4.000000,4.000000,4.000000,4.000000,4.000000,4.000000,4.000000,4.000000,4.000000,4.000000,4.000000,100.000000,,,,,,,,,,,,,,,,,,,,,,,,,,,,,,,,,,,,,,,,,,,,,,,,,,,,,,,,,,,,,,,,,,,,,,,,,,,,,,,,,,,,,,
1676060251.729602,1676060251.731034,57.000000,0.000000,4304.871582,4351.666504,4294.230957,4304.743652,4316.794922,4286.410156,4275.128418,4244.102539,4267.051270,4250.769043,4399.358887,4442.051270,4298.333496,4398.461426,0.000000,4.000000,85.000000,,,,0.000000,4.000000,4.000000,4.000000,4.000000,4.000000,4.000000,4.000000,4.000000,4.000000,4.000000,4.000000,4.000000,4.000000,4.000000,100.000000,,,,,,,,,,,,,,,,,,,,,,,,,,,,,,,,,,,,,,,,,,,,,,,,,,,,,,,,,,,,,,,,,,,,,,,,,,,,,,,,,,,,,,
1676060251.737410,1676060251.738843,58.000000,0.000000,4313.717773,4350.256348,4304.743652,4309.615234,4321.538574,4293.461426,4288.461426,4261.794922,4286.794922,4279.358887,4427.436035,4463.974121,4329.102539,4419.487305,0.000000,4.000000,85.000000,,,,0.000000,4.000000,4.000000,4.000000,4.000000,4.000000,4.000000,4.000000,4.000000,4.000000,4.000000,4.000000,4.000000,4.000000,4.000000,100.000000,,,,,,,,,,,,,,,,,,,,,,,,,,,,,,,,,,,,,,,,,,,,,,,,,,,,,,,,,,,,,,,,,,,,,,,,,,,,,,,,,,,,,,
1676060251.745219,1676060251.746551,59.000000,0.000000,4306.282227,4336.410156,4306.666504,4301.025879,4312.051270,4290.256348,4290.897461,4270.769043,4288.205078,4280.384766,4433.974121,4461.025879,4335.128418,4418.846191,0.000000,4.000000,85.000000,,,,0.000000,4.000000,4.000000,4.000000,4.000000,4.000000,4.000000,4.000000,4.000000,4.000000,4.000000,4.000000,4.000000,4.000000,4.000000,100.000000,,,,,,,,,,,,,,,,,,,,,,,,,,,,,,,,,,,,,,,,,,,,,,,,,,,,,,,,,,,,,,,,,,,,,,,,,,,,,,,,,,,,,,
1676060251.753027,1676060251.754360,60.000000,0.000000,4291.794922,4319.102539,4292.948730,4286.922852,4307.692383,4282.436035,4280.769043,4262.436035,4275.641113,4257.051270,4424.487305,4444.487305,4330.384766,4410.897461,0.000000,4.000000,85.000000,,,,0.000000,4.000000,4.000000,4.000000,4.000000,4.000000,4.000000,4.000000,4.000000,4.000000,4.000000,4.000000,4.000000,4.000000,4.000000,100.000000,,,,,,,,,,,,,,,,,,,,,,,,,,,,,,,,,,,,,,,,,,,,,,,,,,,,,,,,,,,,,,,,,,,,,,,,,,,,,,,,,,,,,,
1676060251.760836,1676060251.762068,61.000000,0.000000,4298.846191,4324.230957,4297.051270,4290.384766,4309.615234,4289.102539,4289.230957,4263.461426,4280.384766,4265.512695,4428.974121,4454.358887,4337.436035,4413.077148,0.000000,4.000000,85.000000,,,,0.000000,4.000000,4.000000,4.000000,4.000000,4.000000,4.000000,4.000000,4.000000,4.000000,4.000000,4.000000,4.000000,4.000000,4.000000,100.000000,,,,,,,,,,,,,,,,,,,,,,,,,,,,,,,,,,,,,,,,,,,,,,,,,,,,,,,,,,,,,,,,,,,,,,,,,,,,,,,,,,,,,,
1676060251.768644,1676060251.769877,62.000000,0.000000,4305.128418,4328.333496,4307.820313,4296.922852,4309.230957,4293.974121,4299.358887,4268.846191,4284.743652,4277.436035,4430.512695,4463.333496,4332.179688,4411.282227,0.000000,4.000000,85.000000,,,,0.000000,4.000000,4.000000,4.000000,4.000000,4.000000,4.000000,4.000000,4.000000,4.000000,4.000000,4.000000,4.000000,4.000000,4.000000,100.000000,,,,,,,,,,,,,,,,,2.613857,6.023153,2.270578,2.094751,2.099690,6.513105,4.361259,2.256061,1.821872,2.115914,2.380203,7.205921,2.480172,1.998084,2.030953,6.011356,3.727549,2.818471,1.719974,1.903373,0.928005,1.837696,2.647718,1.063840,1.046153,1.780453,1.630231,1.781654,1.006680,1.093885,1.259095,3.148238,1.703450,1.443367,1.524133,2.693370,4.112719,1.694316,1.792727,1.723978,1.319741,2.604180,1.998170,2.067512,1.507200,1.230977,3.391415,3.179456,2.875868,2.216809,7.223308,13.390623,5.601727,3.149459,2.907948,2.878688,9.338186,3.405586,3.084139,3.144374,3.126540,10.497226,3.304980,2.657024,2.613642,19.886805,17.467342,8.208463,2.886009,2.916542
1676060251.776452,1676060251.777585,63.000000,0.000000,4305.384766,4322.692383,4310.384766,4293.846191,4311.282227,4294.102539,4294.102539,4267.563965,4278.717773,4261.922852,4426.410156,4461.025879,4331.538574,4415.769043,0.000000,4.000000,85.000000,,,,0.000000,4.000000,4.000000,4.000000,4.000000,4.000000,4.000000,4.000000,4.000000,4.000000,4.000000,4.000000,4.000000,4.000000,4.000000,100.000000,,,,,,,,,,,,,,,,,,,,,,,,,,,,,,,,,,,,,,,,,,,,,,,,,,,,,,,,,,,,,,,,,,,,,,,,,,,,,,,,,,,,,,
1676060251.784261,1676060251.785394,64.000000,0.000000,4312.179688,4325.000000,4316.410156,4294.102539,4309.102539,4297.051270,4295.128418,4270.256348,4278.717773,4258.205078,4432.563965,4466.538574,4345.897461,4424.102539,2523.000000,4.000000,85.000000,,,,0.000000,4.000000,4.000000,4.000000,4.000000,4.000000,4.000000,4.000000,4.000000,4.000000,4.000000,4.000000,4.000000,4.000000,4.000000,100.000000,,,,,,,,,,,,,,,,,,,,,,,,,,,,,,,,,,,,,,,,,,,,,,,,,,,,,,,,,,,,,,,,,,,,,,,,,,,,,,,,,,,,,,
1676060251.792069,1676060251.793102,65.000000,0.000000,4307.820313,4324.102539,4311.282227,4292.307617,4304.615234,4292.307617,4294.102539,4266.538574,4277.692383,4271.410156,4430.256348,4461.794922,4338.461426,4412.436035,2468.000000,4.000000,85.000000,,,,0.000000,4.000000,4.000000,4.000000,4.000000,4.000000,4.000000,4.000000,4.000000,4.000000,4.000000,4.000000,4.000000,4.000000,4.000000,100.000000,,,,,,,,,,,,,,,,,,,,,,,,,,,,,,,,,,,,,,,,,,,,,,,,,,,,,,,,,,,,,,,,,,,,,,,,,,,,,,,,,,,,,,
1676060251.799877,1676060251.800911,66.000000,0.000000,4289.102539,4310.128418,4293.077148,4279.230957,4308.205078,4287.436035,4281.922852,4251.282227,4272.051270,4270.384766,4411.794922,4439.230957,4317.563965,4394.230957,2393.000000,4.000000,85.000000,,,,0.000000,4.000000,4.000000,4.000000,4.000000,4.000000,4.000000,4.000000,4.000000,4.000000,4.000000,4.000000,4.000000,4.000000,4.000000,100.000000,,,,,,,,,,,,,,,,,,,,,,,,,,,,,,,,,,,,,,,,,,,,,,,,,,,,,,,,,,,,,,,,,,,,,,,,,,,,,,,,,,,,,,
1676060251.807686,1676060251.808619,67.000000,0.000000,4293.333496,4311.666504,4297.307617,4281.538574,4313.461426,4296.538574,4286.025879,4252.179688,4275.769043,4271.025879,4413.077148,4440.512695,4325.384766,4402.051270,2464.000000,4.000000,85.000000,,,,0.000000,4.000000,4.000000,4.000000,4.000000,4.000000,4.000000,4.000000,4.000000,4.000000,4.000000,4.000000,4.000000,4.000000,4.000000,100.000000,,,,,,,,,,,,,,,,,,,,,,,,,,,,,,,,,,,,,,,,,,,,,,,,,,,,,,,,,,,,,,,,,,,,,,,,,,,,,,,,,,,,,,
1676060251.815494,1676060251.816428,68.000000,0.000000,4311.922852,4321.153809,4313.717773,4291.025879,4311.410156,4297.051270,4295.256348,4266.153809,4283.974121,4280.384766,4432.051270,4460.000000,4340.641113,4417.563965,2429.000000,4.000000,85.000000,,,,0.000000,4.000000,4.000000,4.000000,4.000000,4.000000,4.000000,4.000000,4.000000,4.000000,4.000000,4.000000,4.000000,4.000000,4.000000,100.000000,,,,,,,,,,,,,,,,,,,,,,,,,,,,,,,,,,,,,,,,,,,,,,,,,,,,,,,,,,,,,,,,,,,,,,,,,,,,,,,,,,,,,,
1676060251.823303,1676060251.824136,69.000000,0.000000,4307.307617,4312.307617,4309.102539,4283.333496,4308.077148,4288.077148,4289.743652,4267.051270,4280.512695,4271.282227,4428.077148,4456.282227,4331.922852,4410.512695,2374.000000,4.000000,85.000000,,,,0.000000,4.000000,4.000000,4.000000,4.000000,4.000000,4.000000,4.000000,4.000000,4.000000,4.000000,4.000000,4.000000,4.000000,4.000000,100.000000,,,,,,,,,,,,,,,,,,,,,,,,,,,,,,,,,,,,,,,,,,,,,,,,,,,,,,,,,,,,,,,,,,,,,,,,,,,,,,,,,,,,,,
1676060251.831111,1676060251.831945,70.000000,0.000000,4303.717773,4312.436035,4310.512695,4285.384766,4312.051270,4296.153809,4295.384766,4274.743652,4282.563965,4269.487305,4426.794922,4459.358887,4334.615234,4414.358887,2226.000000,4.000000,85.000000,,,,0.000000,4.000000,4.000000,4.000000,4.000000,4.000000,4.000000,4.000000,4.000000,4.000000,4.000000,4.000000,4.000000,4.000000,4.000000,100.000000,,,,,,,,,,,,,,,,,,,,,,,,,,,,,,,,,,,,,,,,,,,,,,,,,,,,,,,,,,,,,,,,,,,,,,,,,,,,,,,,,,,,,,
1676060251.838919,1676060251.839653,71.000000,0.000000,4316.922852,4325.384766,4327.051270,4301.538574,4314.102539,4304.871582,4307.820313,4286.153809,4291.025879,4282.692383,4447.948730,4473.846191,4353.717773,4435.769043,2224.000000,4.000000,85.000000,,,,0.000000,4.000000,4.000000,4.000000,4.000000,4.000000,4.000000,4.000000,4.000000,4.000000,4.000000,4.000000,4.000000,4.000000,4.000000,100.000000,,,,,,,,,,,,,,,,,,,,,,,,,,,,,,,,,,,,,,,,,,,,,,,,,,,,,,,,,,,,,,,,,,,,,,,,,,,,,,,,,,,,,,
1676060251.846728,1676060251.847462,72.000000,0.000000,4327.307617,4328.077148,4326.153809,4309.743652,4309.102539,4300.384766,4301.153809,4275.256348,4282.436035,4266.794922,4444.743652,4466.922852,4347.948730,4432.436035,2262.000000,4.000000,85.000000,,,,0.000000,4.000000,4.000000,4.000000,4.000000,4.000000,4.000000,4.000000,4.000000,4.000000,4.000000,4.000000,4.000000,4.000000,4.000000,100.000000,,,,,,,,,,,,,,,,,,,,,,,,,,,,,,,,,,,,,,,,,,,,,,,,,,,,,,,,,,,,,,,,,,,,,,,,,,,,,,,,,,,,,,
1676060251.854536,1676060251.855170,73.000000,0.000000,4331.410156,4330.512695,4317.563965,4315.256348,4306.410156,4297.436035,4295.769043,4267.307617,4277.179688,4249.743652,4427.820313,4462.051270,4336.666504,4423.077148,2247.000000,4.000000,85.000000,,,,0.000000,4.000000,4.000000,4.000000,4.000000,4.000000,4.000000,4.000000,4.000000,4.000000,4.000000,4.000000,4.000000,4.000000,4.000000,100.000000,,,,,,,,,,,,,,,,,,,,,,,,,,,,,,,,,,,,,,,,,,,,,,,,,,,,,,,,,,,,,,,,,,,,,,,,,,,,,,,,,,,,,,
1676060251.862344,1676060251.863079,74.000000,0.000000,4331.410156,4326.794922,4315.897461,4316.922852,4303.205078,4289.230957,4295.897461,4274.102539,4281.282227,4268.589844,4438.717773,4476.538574,4349.615234,4439.102539,2742.000000,4.000000,85.000000,,,,0.000000,4.000000,4.000000,4.000000,4.000000,4.000000,4.000000,4.000000,4.000000,4.000000,4.000000,4.000000,4.000000,4.000000,4.000000,100.000000,,,,,,,,,,,,,,,,,,,,,,,,,,,,,,,,,,,,,,,,,,,,,,,,,,,,,,,,,,,,,,,,,,,,,,,,,,,,,,,,,,,,,,
1676060251.870153,1676060251.870887,75.000000,0.000000,4327.307617,4308.974121,4311.538574,4316.282227,4295.897461,4276.538574,4286.282227,4266.922852,4274.230957,4272.948730,4449.102539,4484.102539,4356.666504,4450.128418,2909.000000,4.000000,85.000000,,,,0.000000,4.000000,4.000000,4.000000,4.000000,4.000000,4.000000,4.000000,4.000000,4.000000,4.000000,4.000000,4.000000,4.000000,4.000000,100.000000,,,,,,,,,,,,,,,,,,,,,,,,,,,,,,,,,,,,,,,,,,,,,,,,,,,,,,,,,,,,,,,,,,,,,,,,,,,,,,,,,,,,,,
1676060251.877961,1676060251.878795,76.000000,0.000000,4328.974121,4314.743652,4311.794922,4328.589844,4292.436035,4282.307617,4283.717773,4257.692383,4269.871582,4257.563965,4441.025879,4484.358887,4345.512695,4449.615234,3122.000000,4.000000,85.000000,,,,0.000000,4.000000,4.000000,4.000000,4.000000,4.000000,4.000000,4.000000,4.000000,4.000000,4.000000,4.000000,4.000000,4.000000,4.000000,100.000000,,,,,,,,,,,,,,,,,,,,,,,,,,,,,,,,,,,,,,,,,,,,,,,,,,,,,,,,,,,,,,,,,,,,,,,,,,,,,,,,,,,,,,
1676060251.885769,1676060251.886604,77.000000,0.000000,4343.077148,4342.820313,4323.589844,4345.897461,4298.974121,4295.128418,4295.769043,4269.230957,4284.487305,4271.410156,4442.179688,4496.922852,4347.051270,4459.358887,3233.000000,4.000000,85.000000,,,,0.000000,4.000000,4.000000,4.000000,4.000000,4.000000,4.000000,4.000000,4.000000,4.000000,4.000000,4.000000,4.000000,4.000000,4.000000,100.000000,,,,,,,,,,,,,,,,,,,,,,,,,,,,,,,,,,,,,,,,,,,,,,,,,,,,,,,,,,,,,,,,,,,,,,,,,,,,,,,,,,,,,,
1676060251.893578,1676060251.894512,78.000000,0.000000,4352.179688,4348.461426,4332.820313,4356.282227,4310.512695,4297.179688,4306.025879,4283.333496,4295.256348,4283.077148,4442.307617,4507.051270,4344.487305,4457.692383,2742.000000,4.000000,85.000000,,,,0.000000,4.000000,4.000000,4.000000,4.000000,4.000000,4.000000,4.000000,4.000000,4.000000,4.000000,4.000000,4.000000,4.000000,4.000000,100.000000,1.000000,25.000000,4.000000,4.000000,1.000000,4.000000,4.000000,4.000000,4.000000,1.000000,4.000000,1.000000,3.000000,1.000000,3.000000,1.000000,2.407342,5.794152,2.002876,1.961584,2.128479,5.243746,4.532024,1.971619,1.745853,2.154743,2.279085,6.900990,2.165781,1.939521,2.039444,5.204016,4.087724,2.679065,1.711507,1.923479,0.845317,1.918860,2.442972,1.016863,1.054621,2.306545,2.081816,1.795940,1.041054,1.058428,1.050854,3.024194,1.764110,1.356200,1.520640,1.762227,3.269479,1.660633,1.637180,1.723464,1.309085,2.402185,2.017087,1.964308,1.592074,1.188099,3.017693,3.155456,2.721098,2.286773,6.082712,11.886511,5.266333,2.841470,3.015968,2.908445,8.462151,3.266429,2.876179,3.219809,2.752518,8.842075,3.141542,2.423820,2.627110,11.561698,12.650315,5.775590,2.609060,2.936959
1676060251.901386,1676060251.902321,79.000000,0.000000,4346.025879,4336.410156,4328.333496,4359.743652,4310.641113,4297.948730,4301.153809,4277.051270,4285.512695,4265.384766,4427.692383,4505.128418,4325.512695,4440.256348,2909.000000,4.000000,85.000000,,,,0.000000,4.000000,4.000000,4.000000,4.000000,4.000000,4.000000,4.000000,4.000000,4.000000,4.000000,4.000000,4.000000,4.000000,4.000000,100.000000,,,,,,,,,,,,,,,,,,,,,,,,,,,,,,,,,,,,,,,,,,,,,,,,,,,,,,,,,,,,,,,,,,,,,,,,,,,,,,,,,,,,,,
1676060251.909195,1676060251.910229,80.000000,0.000000,4338.077148,4327.820313,4315.897461,4346.794922,4298.077148,4299.487305,4293.717773,4266.282227,4278.205078,4258.461426,4425.769043,4501.282227,4327.820313,4447.436035,3122.000000,4.000000,85.000000,,,,0.000000,4.000000,4.000000,4.000000,4.000000,4.000000,4.000000,4.000000,4.000000,4.000000,4.000000,4.000000,4.000000,4.000000,4.000000,100.000000,,,,,,,,,,,,,,,,,,,,,,,,,,,,,,,,,,,,,,,,,,,,,,,,,,,,,,,,,,,,,,,,,,,,,,,,,,,,,,,,,,,,,,
1676060251.917003,1676060251.918037,81.000000,0.000000,4343.077148,4322.820313,4310.384766,4336.410156,4293.205078,4295.641113,4291.282227,4264.102539,4279.230957,4268.846191,4435.897461,4500.000000,4347.948730,4466.282227,3233.000000,4.000000,85.000000,,,,0.000000,4.000000,4.000000,4.000000,4.000000,4.000000,4.000000,4.000000,4.000000,4.000000,4.000000,4.000000,4.000000,4.000000,4.000000,100.000000,,,,,,,,,,,,,,,,,,,,,,,,,,,,,,,,,,,,,,,,,,,,,,,,,,,,,,,,,,,,,,,,,,,,,,,,,,,,,,,,,,,,,,
1676060251.924811,1676060251.925746,82.000000,0.000000,4341.538574,4318.333496,4305.897461,4339.871582,4297.692383,4286.666504,4283.589844,4252.692383,4266.666504,4264.871582,4426.282227,4489.230957,4336.922852,4451.922852,2742.000000,4.000000,85.000000,,,,0.000000,4.000000,4.000000,4.000000,4.000000,4.000000,4.000000,4.000000,4.000000,4.000000,4.000000,4.000000,4.000000,4.000000,4.000000,100.000000,,,,,,,,,,,,,,,,,,,,,,,,,,,,,,,,,,,,,,,,,,,,,,,,,,,,,,,,,,,,,,,,,,,,,,,,,,,,,,,,,,,,,,
1676060251.932620,1676060251.933554,83.000000,0.000000,4339.358887,4327.563965,4308.974121,4346.922852,4300.256348,4283.205078,4283.589844,4246.538574,4258.589844,4256.153809,4418.589844,4485.256348,4317.051270,4441.025879,2909.000000,4.000000,85.000000,,,,0.000000,4.000000,4.000000,4.000000,4.000000,4.000000,4.000000,4.000000,4.000000,4.000000,4.000000,4.000000,4.000000,4.000000,4.000000,100.000000,,,,,,,,,,,,,,,,,,,,,,,,,,,,,,,,,,,,,,,,,,,,,,,,,,,,,,,,,,,,,,,,,,,,,,,,,,,,,,,,,,,,,,
1676060251.940428,1676060251.941263,84.000000,0.000000,4375.384766,4370.128418,4345.512695,4377.179688,4315.384766,4300.897461,4312.820313,4282.820313,4288.589844,4277.051270,4449.358887,4524.230957,4346.410156,4477.948730,3122.000000,4.000000,85.000000,,,,0.000000,4.000000,4.000000,4.000000,4.000000,4.000000,4.000000,4.000000,4.000000,4.000000,4.000000,4.000000,4.000000,4.000000,4.000000,100.000000,,,,,,,,,,,,,,,,,,,,,,,,,,,,,,,,,,,,,,,,,,,,,,,,,,,,,,,,,,,,,,,,,,,,,,,,,,,,,,,,,,,,,,
1676060251.948237,1676060251.949071,85.000000,0.000000,4408.846191,4406.153809,4378.717773,4406.666504,4334.102539,4317.563965,4335.897461,4314.102539,4321.922852,4308.205078,4476.153809,4561.922852,4374.102539,4506.538574,3233.000000,4.000000,85.000000,,,,0.000000,4.000000,4.000000,4.000000,4.000000,4.000000,4.000000,4.000000,4.000000,4.000000,4.000000,4.000000,4.000000,4.000000,4.000000,100.000000,,,,,,,,,,,,,,,,,,,,,,,,,,,,,,,,,,,,,,,,,,,,,,,,,,,,,,,,,,,,,,,,,,,,,,,,,,,,,,,,,,,,,,
1676060251.956045,1676060251.956780,86.000000,0.000000,4381.666504,4384.487305,4357.179688,4384.871582,4321.025879,4306.025879,4315.769043,4293.589844,4306.410156,4294.615234,4456.922852,4539.102539,4350.000000,4479.102539,2742.000000,4.000000,85.000000,,,,0.000000,4.000000,4.000000,4.000000,4.000000,4.000000,4.000000,4.000000,4.000000,4.000000,4.000000,4.000000,4.000000,4.000000,4.000000,100.000000,,,,,,,,,,,,,,,,,,,,,,,,,,,,,,,,,,,,,,,,,,,,,,,,,,,,,,,,,,,,,,,,,,,,,,,,,,,,,,,,,,,,,,
1676060251.963853,1676060251.964588,87.000000,0.000000,4340.384766,4346.410156,4322.948730,4351.282227,4294.743652,4289.487305,4294.230957,4271.025879,4279.487305,4257.051270,4432.692383,4502.820313,4329.743652,4450.128418,2909.000000,4.000000,85.000000,,,,0.000000,4.000000,4.000000,4.000000,4.000000,4.000000,4.000000,4.000000,4.000000,4.000000,4.000000,4.000000,4.000000,4.000000,4.000000,100.000000,,,,,,,,,,,,,,,,,,,,,,,,,,,,,,,,,,,,,,,,,,,,,,,,,,,,,,,,,,,,,,,,,,,,,,,,,,,,,,,,,,,,,,
1676060251.971662,1676060251.972297,88.000000,0.000000,4345.769043,4348.717773,4328.589844,4355.128418,4296.922852,4291.794922,4300.641113,4278.205078,4286.153809,4265.128418,4440.128418,4509.871582,4344.358887,4463.205078,3122.000000,4.000000,85.000000,,,,0.000000,4.000000,4.000000,4.000000,4.000000,4.000000,4.000000,4.000000,4.000000,4.000000,4.000000,4.000000,4.000000,4.000000,4.000000,100.000000,,,,,,,,,,,,,,,,,,,,,,,,,,,,,,,,,,,,,,,,,,,,,,,,,,,,,,,,,,,,,,,,,,,,,,,,,,,,,,,,,,,,,,
1676060251.979470,1676060251.980105,89.000000,0.000000,4373.333496,4370.384766,4347.051270,4372.307617,4317.436035,4305.512695,4317.563965,4293.461426,4304.743652,4301.666504,4455.769043,4532.307617,4357.307617,4480.256348,3233.000000,4.000000,85.000000,,,,0.000000,4.000000,4.000000,4.000000,4.000000,4.000000,4.000000,4.000000,4.000000,4.000000,4.000000,4.000000,4.000000,4.000000,4.000000,100.000000,,,,,,,,,,,,,,,,,,,,,,,,,,,,,,,,,,,,,,,,,,,,,,,,,,,,,,,,,,,,,,,,,,,,,,,,,,,,,,,,,,,,,,
1676060251.987279,1676060251.987814,90.000000,0.000000,4368.077148,4371.538574,4340.641113,4372.563965,4322.820313,4309.743652,4322.563965,4298.974121,4302.692383,4294.743652,4439.358887,4523.461426,4334.615234,4455.897461,2742.000000,4.000000,85.000000,,,,0.000000,4.000000,4.000000,4.000000,4.000000,4.000000,4.000000,4.000000,4.000000,4.000000,4.000000,4.000000,4.000000,4.000000,4.000000,100.000000,,,,,,,,,,,,,,,,,,,,,,,,,,,,,,,,,,,,,,,,,,,,,,,,,,,,,,,,,,,,,,,,,,,,,,,,,,,,,,,,,,,,,,
1676060251.995087,1676060251.995622,91.000000,0.000000,4334.487305,4351.410156,4317.179688,4353.077148,4305.769043,4297.563965,4305.256348,4282.948730,4281.153809,4258.974121,4409.230957,4494.743652,4305.512695,4420.256348,2909.000000,4.000000,85.000000,,,,0.000000,4.000000,4.000000,4.000000,4.000000,4.000000,4.000000,4.000000,4.000000,4.000000,4.000000,4.000000,4.000000,4.000000,4.000000,100.000000,,,,,,,,,,,,,,,,,,,,,,,,,,,,,,,,,,,,,,,,,,,,,,,,,,,,,,,,,,,,,,,,,,,,,,,,,,,,,,,,,,,,,,
1676060252.002895,1676060252.003331,92.000000,0.000000,4326.282227,4335.384766,4309.102539,4337.692383,4295.384766,4291.282227,4292.179688,4264.615234,4271.794922,4256.666504,4416.025879,4488.846191,4316.794922,4430.128418,3122.000000,4.000000,85.000000,,,,0.000000,4.000000,4.000000,4.000000,4.000000,4.000000,4.000000,4.000000,4.000000,4.000000,4.000000,4.000000,4.000000,4.000000,4.000000,100.000000,,,,,,,,,,,,,,,,,,,,,,,,,,,,,,,,,,,,,,,,,,,,,,,,,,,,,,,,,,,,,,,,,,,,,,,,,,,,,,,,,,,,,,
1676060252.010704,1676060252.011239,93.000000,0.000000,4349.615234,4346.538574,4325.000000,4350.000000,4303.333496,4297.948730,4301.666504,4272.307617,4286.282227,4276.025879,4447.307617,4509.358887,4353.205078,4465.641113,3233.000000,4.000000,85.000000,,,,0.000000,4.000000,4.000000,4.000000,4.000000,4.000000,4.000000,4.000000,4.000000,4.000000,4.000000,4.000000,4.000000,4.000000,4.000000,100.000000,,,,,,,,,,,,,,,,,,,,,,,,,,,,,,,,,,,,,,,,,,,,,,,,,,,,,,,,,,,,,,,,,,,,,,,,,,,,,,,,,,,,,,
1676060252.018512,1676060252.019048,94.000000,0.000000,4360.256348,4368.333496,4337.692383,4369.230957,4315.769043,4300.769043,4309.615234,4283.461426,4296.282227,4283.205078,4455.256348,4521.153809,4363.333496,4470.000000,2742.000000,4.000000,85.000000,,,,0.000000,4.000000,4.000000,4.000000,4.000000,4.000000,4.000000,4.000000,4.000000,4.000000,4.000000,4.000000,4.000000,4.000000,4.000000,100.000000,,,,,,,,,,,,,,,,,2.225004,5.168645,1.826021,1.684406,2.003624,4.907462,4.646324,1.732070,1.565586,2.043715,2.139364,6.110655,1.880205,1.754362,1.915296,5.034559,4.340206,2.547359,1.582571,1.815854,0.783460,1.907123,2.191474,0.909472,1.025147,3.041901,2.564306,1.865111,1.010884,0.965716,0.854789,2.671037,1.716346,1.190859,1.434929,1.395437,2.764429,1.521963,1.423960,1.642626,1.296710,2.028415,1.873607,1.778319,1.629283,1.156937,2.418370,2.851910,2.429296,2.288162,5.319744,9.383954,4.547559,2.430247,3.030328,3.051623,7.038294,3.045591,2.500676,3.130148,2.796561,6.747736,2.878032,2.118980,2.555477,6.008657,8.727721,3.955816,2.217492,2.842195
1676060252.026321,1676060252.026956,95.000000,0.000000,4343.846191,4361.794922,4331.282227,4364.102539,4316.025879,4298.333496,4300.128418,4271.410156,4284.615234,4277.436035,4439.871582,4508.205078,4341.025879,4444.358887,2909.000000,4.000000,85.000000,,,,0.000000,4.000000,4.000000,4.000000,4.000000,4.000000,4.000000,4.000000,4.000000,4.000000,4.000000,4.000000,4.000000,4.000000,4.000000,100.000000,,,,,,,,,,,,,,,,,,,,,,,,,,,,,,,,,,,,,,,,,,,,,,,,,,,,,,,,,,,,,,,,,,,,,,,,,,,,,,,,,,,,,,
1676060252.034129,1676060252.034765,96.000000,0.000000,4323.974121,4336.025879,4315.384766,4342.948730,4298.846191,4293.846191,4288.461426,4256.794922,4271.666504,4262.692383,4422.179688,4487.563965,4321.282227,4422.307617,3122.000000,4.000000,85.000000,,,,0.000000,4.000000,4.000000,4.000000,4.000000,4.000000,4.000000,4.000000,4.000000,4.000000,4.000000,4.000000,4.000000,4.000000,4.000000,100.000000,,,,,,,,,,,,,,,,,,,,,,,,,,,,,,,,,,,,,,,,,,,,,,,,,,,,,,,,,,,,,,,,,,,,,,,,,,,,,,,,,,,,,,
1676060252.041937,1676060252.042673,97.000000,0.000000,4333.717773,4345.512695,4318.333496,4345.641113,4299.230957,4291.538574,4294.743652,4268.205078,4284.871582,4268.205078,4428.461426,4493.974121,4334.487305,4434.615234,3233.000000,4.000000,85.000000,,,,0.000000,4.000000,4.000000,4.000000,4.000000,4.000000,4.000000,4.000000,4.000000,4.000000,4.000000,4.000000,4.000000,4.000000,4.000000,100.000000,,,,,,,,,,,,,,,,,,,,,,,,,,,,,,,,,,,,,,,,,,,,,,,,,,,,,,,,,,,,,,,,,,,,,,,,,,,,,,,,,,,,,,
1676060252.049746,1676060252.050481,98.000000,0.000000,4351.666504,4370.769043,4330.384766,4364.487305,4317.179688,4296.025879,4305.897461,4283.974121,4301.410156,4288.589844,4448.333496,4512.948730,4358.077148,4456.666504,2742.000000,4.000000,85.000000,,,,0.000000,4.000000,4.000000,4.000000,4.000000,4.000000,4.000000,4.000000,4.000000,4.000000,4.000000,4.000000,4.000000,4.000000,4.000000,100.000000,,,,,,,,,,,,,,,,,,,,,,,,,,,,,,,,,,,,,,,,,,,,,,,,,,,,,,,,,,,,,,,,,,,,,,,,,,,,,,,,,,,,,,
1676060252.057554,1676060252.058390,99.000000,0.000000,4342.179688,4362.051270,4323.974121,4360.641113,4311.153809,4294.871582,4301.666504,4283.461426,4293.974121,4280.128418,4437.948730,4503.333496,4343.846191,4440.512695,2909.000000,4.000000,85.000000,,,,0.000000,4.000000,4.000000,4.000000,4.000000,4.000000,4.000000,4.000000,4.000000,4.000000,4.000000,4.000000,4.000000,4.000000,4.000000,100.000000,,,,,,,,,,,,,,,,,,,,,,,,,,,,,,,,,,,,,,,,,,,,,,,,,,,,,,,,,,,,,,,,,,,,,,,,,,,,,,,,,,,,,,
1676060252.065362,1676060252.066198,100.000000,0.000000,4319.487305,4344.230957,4307.436035,4339.230957,4291.025879,4286.410156,4292.179688,4273.205078,4277.436035,4256.538574,4405.128418,4472.820313,4306.153809,4405.256348,3122.000000,4.000000,85.000000,,,,0.000000,4.000000,4.000000,4.000000,4.000000,4.000000,4.000000,4.000000,4.000000,4.000000,4.000000,4.000000,4.000000,4.000000,4.000000,100.000000,,,,,,,,,,,,,,,,,,,,,,,,,,,,,,,,,,,,,,,,,,,,,,,,,,,,,,,,,,,,,,,,,,,,,,,,,,,,,,,,,,,,,,
1676060252.073171,1676060252.074107,101.000000,0.000000,4311.538574,4343.846191,4304.871582,4332.436035,4295.512695,4292.820313,4296.025879,4269.102539,4275.641113,4254.871582,4399.230957,4471.153809,4303.077148,4402.179688,3233.000000,4.000000,85.000000,,,,0.000000,4.000000,4.000000,4.000000,4.000000,4.000000,4.000000,4.000000,4.000000,4.000000,4.000000,4.000000,4.000000,4.000000,4.000000,100.000000,,,,,,,,,,,,,,,,,,,,,,,,,,,,,,,,,,,,,,,,,,,,,,,,,,,,,,,,,,,,,,,,,,,,,,,,,,,,,,,,,,,,,,
1676060252.080979,1676060252.081915,102.000000,0.000000,4317.563965,4340.512695,4313.333496,4334.743652,4301.666504,4297.948730,4301.025879,4275.897461,4283.846191,4263.974121,4421.794922,4492.563965,4338.717773,4425.769043,2742.000000,4.000000,85.000000,,,,0.000000,4.000000,4.000000,4.000000,4.000000,4.000000,4.000000,4.000000,4.000000,4.000000,4.000000,4.000000,4.000000,4.000000,4.000000,100.000000,,,,,,,,,,,,,,,,,,,,,,,,,,,,,,,,,,,,,,,,,,,,,,,,,,,,,,,,,,,,,,,,,,,,,,,,,,,,,,,,,,,,,,
1676060252.088788,1676060252.089823,103.000000,0.000000,4315.000000,4330.384766,4308.846191,4328.333496,4290.769043,4282.436035,4293.717773,4271.794922,4281.153809,4261.922852,4432.563965,4487.436035,4355.512695,4430.769043,2909.000000,4.000000,85.000000,,,,0.000000,4.000000,4.000000,4.000000,4.000000,4.000000,4.000000,4.000000,4.000000,4.000000,4.000000,4.000000,4.000000,4.000000,4.000000,100.000000,,,,,,,,,,,,,,,,,,,,,,,,,,,,,,,,,,,,,,,,,,,,,,,,,,,,,,,,,,,,,,,,,,,,,,,,,,,,,,,,,,,,,,
1676060252.096596,1676060252.097632,104.000000,0.000000,4302.948730,4333.077148,4304.871582,4329.487305,4300.128418,4282.179688,4292.179688,4264.487305,4278.589844,4264.358887,4425.512695,4468.589844,4335.512695,4412.563965,3122.000000,4.000000,85.000000,,,,0.000000,4.000000,4.000000,4.000000,4.000000,4.000000,4.000000,4.000000,4.000000,4.000000,4.000000,4.000000,4.000000,4.000000,4.000000,100.000000,,,,,,,,,,,,,,,,,,,,,,,,,,,,,,,,,,,,,,,,,,,,,,,,,,,,,,,,,,,,,,,,,,,,,,,,,,,,,,,,,,,,,,
1676060252.104404,1676060252.105340,105.000000,0.000000,4303.333496,4343.077148,4310.769043,4335.897461,4315.897461,4300.256348,4295.769043,4271.153809,4283.717773,4272.179688,4428.461426,4472.179688,4326.410156,4402.307617,3233.000000,4.000000,85.000000,,,,0.000000,4.000000,4.000000,4.000000,4.000000,4.000000,4.000000,4.000000,4.000000,4.000000,4.000000,4.000000,4.000000,4.000000,4.000000,100.000000,,,,,,,,,,,,,,,,,,,,,,,,,,,,,,,,,,,,,,,,,,,,,,,,,,,,,,,,,,,,,,,,,,,,,,,,,,,,,,,,,,,,,,
1676060252.112213,1676060252.113149,106.000000,0.000000,4313.717773,4342.436035,4308.846191,4333.589844,4306.922852,4296.666504,4294.358887,4274.487305,4283.461426,4269.487305,4451.538574,4478.205078,4344.743652,4411.922852,2742.000000,4.000000,85.000000,,,,0.000000,4.000000,4.000000,4.000000,4.000000,4.000000,4.000000,4.000000,4.000000,4.000000,4.000000,4.000000,4.000000,4.000000,4.000000,100.000000,,,,,,,,,,,,,,,,,,,,,,,,,,,,,,,,,,,,,,,,,,,,,,,,,,,,,,,,,,,,,,,,,,,,,,,,,,,,,,,,,,,,,,
1676060252.120021,1676060252.120857,107.000000,0.000000,4306.153809,4326.666504,4297.179688,4327.307617,4297.179688,4281.666504,4293.205078,4268.077148,4281.025879,4265.641113,4475.256348,4467.051270,4349.871582,4418.717773,2909.000000,4.000000,85.000000,,,,0.000000,4.000000,4.000000,4.000000,4.000000,4.000000,4.000000,4.000000,4.000000,4.000000,4.000000,4.000000,4.000000,4.000000,4.000000,100.000000,,,,,,,,,,,,,,,,,,,,,,,,,,,,,,,,,,,,,,,,,,,,,,,,,,,,,,,,,,,,,,,,,,,,,,,,,,,,,,,,,,,,,,
1676060252.127829,1676060252.128666,108.000000,0.000000,4281.538574,4306.922852,4282.563965,4315.641113,4293.717773,4278.589844,4283.461426,4262.051270,4273.461426,4263.077148,4472.948730,4449.615234,4329.230957,4397.948730,3122.000000,4.000000,85.000000,,,,0.000000,4.000000,4.000000,4.000000,4.000000,4.000000,4.000000,4.000000,4.000000,4.000000,4.000000,4.000000,4.000000,4.000000,4.000000,100.000000,,,,,,,,,,,,,,,,,,,,,,,,,,,,,,,,,,,,,,,,,,,,,,,,,,,,,,,,,,,,,,,,,,,,,,,,,,,,,,,,,,,,,,
1676060252.135638,1676060252.136374,109.000000,0.000000,4271.794922,4302.051270,4274.230957,4301.666504,4287.436035,4279.102539,4274.743652,4257.563965,4261.282227,4249.615234,4457.051270,4441.922852,4318.974121,4375.641113,3233.000000,4.000000,85.000000,,,,0.000000,4.000000,4.000000,4.000000,4.000000,4.000000,4.000000,4.000000,4.000000,4.000000,4.000000,4.000000,4.000000,4.000000,4.000000,100.000000,,,,,,,,,,,,,,,,,,,,,,,,,,,,,,,,,,,,,,,,,,,,,,,,,,,,,,,,,,,,,,,,,,,,,,,,,,,,,,,,,,,,,,
1676060252.143446,1676060252.144283,110.000000,0.000000,4286.025879,4317.179688,4285.641113,4306.922852,4292.307617,4280.641113,4285.769043,4264.358887,4268.077148,4246.666504,4462.820313,4454.743652,4335.384766,4386.410156,2742.000000,4.000000,85.000000,,,,0.000000,4.000000,4.000000,4.000000,4.000000,4.000000,4.000000,4.000000,4.000000,4.000000,4.000000,4.000000,4.000000,4.000000,4.000000,100.000000,,,,,,,,,,,,,,,,,2.192860,4.393150,1.801958,1.347539,1.782632,5.888228,4.768574,1.570539,1.350109,1.821354,2.058348,5.141846,1.680814,1.495411,1.706674,5.553163,4.403141,2.410584,1.372898,1.622624,0.780067,1.837810,1.926113,0.790626,0.962229,3.799235,2.971684,1.951572,0.938218,0.849450,0.738906,2.209576,1.576035,1.003744,1.303908,1.286954,2.503315,1.324141,1.223063,1.523217,1.288147,1.583529,1.653732,1.567129,1.619456,1.133252,1.744990,2.430340,2.104247,2.234214,4.837450,6.600559,3.815500,2.038933,2.957655,3.176484,5.454051,2.891047,2.075194,2.931021,3.259220,4.658164,2.705579,1.845004,2.436011,3.392710,5.991077,2.970795,1.833392,2.683472
1676060252.151255,1676060252.152091,111.000000,0.000000,4302.563965,4327.692383,4302.563965,4325.512695,4300.256348,4286.922852,4298.461426,4284.487305,4289.871582,4271.025879,4488.205078,4477.051270,4353.333496,4411.666504,2909.000000,4.000000,85.000000,,,,0.000000,4.000000,4.000000,4.000000,4.000000,4.000000,4.000000,4.000000,4.000000,4.000000,4.000000,4.000000,4.000000,4.000000,4.000000,100.000000,,,,,,,,,,,,,,,,,,,,,,,,,,,,,,,,,,,,,,,,,,,,,,,,,,,,,,,,,,,,,,,,,,,,,,,,,,,,,,,,,,,,,,
1676060252.159063,1676060252.159999,112.000000,0.000000,4301.282227,4319.743652,4301.538574,4324.230957,4294.871582,4288.589844,4298.205078,4290.769043,4298.461426,4287.820313,4495.769043,4482.563965,4359.102539,4415.512695,3122.000000,4.000000,85.000000,,,,0.000000,4.000000,4.000000,4.000000,4.000000,4.000000,4.000000,4.000000,4.000000,4.000000,4.000000,4.000000,4.000000,4.000000,4.000000,100.000000,,,,,,,,,,,,,,,,,,,,,,,,,,,,,,,,,,,,,,,,,,,,,,,,,,,,,,,,,,,,,,,,,,,,,,,,,,,,,,,,,,,,,,
1676060252.166871,1676060252.167808,113.000000,0.000000,4291.282227,4310.256348,4295.641113,4307.307617,4292.563965,4287.692383,4298.589844,4282.563965,4295.897461,4285.000000,4491.922852,4480.000000,4370.769043,4412.179688,3233.000000,4.000000,85.000000,,,,0.000000,4.000000,4.000000,4.000000,4.000000,4.000000,4.000000,4.000000,4.000000,4.000000,4.000000,4.000000,4.000000,4.000000,4.000000,100.000000,,,,,,,,,,,,,,,,,,,,,,,,,,,,,,,,,,,,,,,,,,,,,,,,,,,,,,,,,,,,,,,,,,,,,,,,,,,,,,,,,,,,,,
1676060252.174680,1676060252.175616,114.000000,0.000000,4285.769043,4304.487305,4289.615234,4299.487305,4293.333496,4284.102539,4288.717773,4272.692383,4289.358887,4283.333496,4486.538574,4472.563965,4376.666504,4410.897461,2742.000000,4.000000,85.000000,,,,0.000000,4.000000,4.000000,4.000000,4.000000,4.000000,4.000000,4.000000,4.000000,4.000000,4.000000,4.000000,4.000000,4.000000,4.000000,100.000000,,,,,,,,,,,,,,,,,,,,,,,,,,,,,,,,,,,,,,,,,,,,,,,,,,,,,,,,,,,,,,,,,,,,,,,,,,,,,,,,,,,,,,
1676060252.182488,1676060252.183325,115.000000,0.000000,4280.128418,4304.487305,4286.922852,4303.205078,4289.102539,4277.692383,4274.487305,4269.102539,4279.871582,4280.512695,4475.384766,4463.974121,4367.179688,4402.179688,2909.000000,4.000000,85.000000,,,,0.000000,4.000000,4.000000,4.000000,4.000000,4.000000,4.000000,4.000000,4.000000,4.000000,4.000000,4.000000,4.000000,4.000000,4.000000,100.000000,,,,,,,,,,,,,,,,,,,,,,,,,,,,,,,,,,,,,,,,,,,,,,,,,,,,,,,,,,,,,,,,,,,,,,,,,,,,,,,,,,,,,,
1676060252.190297,1676060252.191133,116.000000,0.000000,4279.743652,4313.589844,4299.743652,4309.358887,4291.410156,4280.256348,4288.333496,4282.948730,4289.743652,4282.948730,4482.820313,4476.666504,4374.487305,4404.487305,3122.000000,4.000000,85.000000,,,,0.000000,4.000000,4.000000,4.000000,4.000000,4.000000,4.000000,4.000000,4.000000,4.000000,4.000000,4.000000,4.000000,4.000000,4.000000,100.000000,,,,,,,,,,,,,,,,,,,,,,,,,,,,,,,,,,,,,,,,,,,,,,,,,,,,,,,,,,,,,,,,,,,,,,,,,,,,,,,,,,,,,,
1676060252.198105,1676060252.198842,117.000000,0.000000,4284.102539,4317.307617,4303.589844,4315.000000,4298.974121,4292.307617,4305.641113,4291.410156,4302.436035,4290.641113,4494.230957,4488.333496,4389.358887,4414.358887,3233.000000,4.000000,85.000000,,,,0.000000,4.000000,4.000000,4.000000,4.000000,4.000000,4.000000,4.000000,4.000000,4.000000,4.000000,4.000000,4.000000,4.000000,4.000000,100.000000,,,,,,,,,,,,,,,,,,,,,,,,,,,,,,,,,,,,,,,,,,,,,,,,,,,,,,,,,,,,,,,,,,,,,,,,,,,,,,,,,,,,,,
1676060252.205913,1676060252.206650,118.000000,0.000000,4282.692383,4313.205078,4296.538574,4320.384766,4309.615234,4305.256348,4302.820313,4282.948730,4291.410156,4279.230957,4478.846191,4473.717773,4382.307617,4408.974121,2742.000000,4.000000,85.000000,,,,0.000000,4.000000,4.000000,4.000000,4.000000,4.000000,4.000000,4.000000,4.000000,4.000000,4.000000,4.000000,4.000000,4.000000,4.000000,100.000000,,,,,,,,,,,,,,,,,,,,,,,,,,,,,,,,,,,,,,,,,,,,,,,,,,,,,,,,,,,,,,,,,,,,,,,,,,,,,,,,,,,,,,
1676060252.213722,1676060252.214359,119.000000,0.000000,4275.256348,4309.487305,4293.205078,4315.641113,4309.230957,4304.743652,4295.128418,4273.461426,4275.384766,4257.051270,4457.948730,4458.205078,4360.256348,4393.589844,2909.000000,4.000000,85.000000,,,,0.000000,4.000000,4.000000,4.000000,4.000000,4.000000,4.000000,4.000000,4.000000,4.000000,4.000000,4.000000,4.000000,4.000000,4.000000,100.000000,,,,,,,,,,,,,,,,,,,,,,,,,,,,,,,,,,,,,,,,,,,,,,,,,,,,,,,,,,,,,,,,,,,,,,,,,,,,,,,,,,,,,,
1676060252.221530,1676060252.222167,120.000000,0.000000,4273.077148,4306.538574,4286.153809,4304.487305,4293.077148,4290.128418,4290.641113,4266.794922,4274.743652,4258.205078,4452.820313,4454.871582,4349.230957,4384.743652,3122.000000,4.000000,85.000000,,,,0.000000,4.000000,4.000000,4.000000,4.000000,4.000000,4.000000,4.000000,4.000000,4.000000,4.000000,4.000000,4.000000,4.000000,4.000000,100.000000,,,,,,,,,,,,,,,,,,,,,,,,,,,,,,,,,,,,,,,,,,,,,,,,,,,,,,,,,,,,,,,,,,,,,,,,,,,,,,,,,,,,,,
1676060252.229339,1676060252.229876,121.000000,0.000000,4284.358887,4310.000000,4291.025879,4308.589844,4299.487305,4291.025879,4298.333496,4272.820313,4289.615234,4282.820313,4458.717773,4463.846191,4363.461426,4393.846191,3233.000000,4.000000,85.000000,,,,0.000000,4.000000,4.000000,4.000000,4.000000,4.000000,4.000000,4.000000,4.000000,4.000000,4.000000,4.000000,4.000000,4.000000,4.000000,100.000000,,,,,,,,,,,,,,,,,,,,,,,,,,,,,,,,,,,,,,,,,,,,,,,,,,,,,,,,,,,,,,,,,,,,,,,,,,,,,,,,,,,,,,
1676060252.237147,1676060252.237784,122.000000,0.000000,4290.128418,4315.000000,4302.692383,4317.307617,4316.794922,4301.666504,4307.820313,4288.974121,4301.794922,4293.717773,4464.743652,4472.948730,4374.230957,4404.358887,2742.000000,4.000000,85.000000,,,,0.000000,4.000000,4.000000,4.000000,4.000000,4.000000,4.000000,4.000000,4.000000,4.000000,4.000000,4.000000,4.000000,4.000000,4.000000,100.000000,,,,,,,,,,,,,,,,,,,,,,,,,,,,,,,,,,,,,,,,,,,,,,,,,,,,,,,,,,,,,,,,,,,,,,,,,,,,,,,,,,,,,,
1676060252.244955,1676060252.245593,123.000000,0.000000,4276.410156,4306.410156,4291.410156,4310.256348,4304.871582,4296.282227,4299.487305,4287.051270,4295.769043,4279.743652,4458.974121,4462.948730,4359.230957,4391.025879,2909.000000,4.000000,85.000000,,,,0.000000,4.000000,4.000000,4.000000,4.000000,4.000000,4.000000,4.000000,4.000000,4.000000,4.000000,4.000000,4.000000,4.000000,4.000000,100.000000,,,,,,,,,,,,,,,,,,,,,,,,,,,,,,,,,,,,,,,,,,,,,,,,,,,,,,,,,,,,,,,,,,,,,,,,,,,,,,,,,,,,,,
1676060252.252764,1676060252.253501,124.000000,0.000000,4268.077148,4304.743652,4280.769043,4305.000000,4289.487305,4285.384766,4290.128418,4276.666504,4289.230957,4276.922852,4452.307617,4452.692383,4349.358887,4380.128418,3122.000000,4.000000,85.000000,,,,0.000000,4.000000,4.000000,4.000000,4.000000,4.000000,4.000000,4.000000,4.000000,4.000000,4.000000,4.000000,4.000000,4.000000,4.000000,100.000000,,,,,,,,,,,,,,,,,,,,,,,,,,,,,,,,,,,,,,,,,,,,,,,,,,,,,,,,,,,,,,,,,,,,,,,,,,,,,,,,,,,,,,
1676060252.260572,1676060252.261309,125.000000,0.000000,4274.230957,4313.077148,4290.000000,4304.102539,4293.205078,4285.384766,4296.410156,4281.025879,4290.641113,4284.615234,4457.563965,4461.025879,4359.487305,4392.563965,3233.000000,4.000000,85.000000,,,,0.000000,4.000000,4.000000,4.000000,4.000000,4.000000,4.000000,4.000000,4.000000,4.000000,4.000000,4.000000,4.000000,4.000000,4.000000,100.000000,,,,,,,,,,,,,,,,,,,,,,,,,,,,,,,,,,,,,,,,,,,,,,,,,,,,,,,,,,,,,,,,,,,,,,,,,,,,,,,,,,,,,,
1676060252.268380,1676060252.269218,126.000000,0.000000,4281.410156,4315.256348,4293.717773,4300.000000,4296.025879,4290.256348,4295.384766,4282.307617,4287.179688,4275.000000,4457.563965,4463.205078,4365.512695,4402.563965,2742.000000,4.000000,85.000000,,,,0.000000,4.000000,4.000000,4.000000,4.000000,4.000000,4.000000,4.000000,4.000000,4.000000,4.000000,4.000000,4.000000,4.000000,4.000000,100.000000,,,,,,,,,,,,,,,,,2.284220,3.717680,1.878561,1.063989,1.545508,8.017872,4.921952,1.470158,1.204123,1.554706,2.054984,4.296625,1.549449,1.257169,1.479047,6.412200,4.261967,2.225281,1.167828,1.400404,0.843759,1.731270,1.650755,0.709614,0.874254,4.310239,3.181302,1.976515,0.854700,0.741365,0.729329,1.776245,1.368937,0.864274,1.166621,1.164479,2.375595,1.139597,1.103312,1.406732,1.258471,1.182785,1.448787,1.393086,1.567362,1.101192,1.162897,2.041461,1.832837,2.148937,4.505544,4.290653,3.284937,1.778568,2.810162,3.174582,4.090453,2.826756,1.732967,2.689928,4.038605,3.050711,2.655235,1.689421,2.306469,2.528937,4.256307,2.584373,1.558758,2.518386
1676060252.276189,1676060252.277126,127.000000,0.000000,4273.077148,4310.384766,4283.077148,4293.461426,4285.128418,4285.769043,4281.794922,4271.153809,4277.820313,4261.922852,4442.692383,4448.846191,4351.025879,4389.743652,85.000000,4.000000,85.000000,,,,0.000000,4.000000,4.000000,4.000000,4.000000,4.000000,4.000000,4.000000,4.000000,4.000000,4.000000,4.000000,4.000000,4.000000,4.000000,100.000000,,,,,,,,,,,,,,,,,,,,,,,,,,,,,,,,,,,,,,,,,,,,,,,,,,,,,,,,,,,,,,,,,,,,,,,,,,,,,,,,,,,,,,
1676060252.283997,1676060252.284935,0.000000,0.000000,4259.358887,4304.871582,4276.282227,4284.743652,4274.615234,4275.256348,4278.974121,4269.358887,4274.358887,4261.538574,4436.538574,4443.077148,4338.461426,4375.641113,2525.000000,4.000000,85.000000,,,,0.000000,4.000000,4.000000,4.000000,4.000000,4.000000,4.000000,4.000000,4.000000,4.000000,4.000000,4.000000,4.000000,4.000000,4.000000,100.000000,,,,,,,,,,,,,,,,,,,,,,,,,,,,,,,,,,,,,,,,,,,,,,,,,,,,,,,,,,,,,,,,,,,,,,,,,,,,,,,,,,,,,,
1676060252.291806,1676060252.292743,1.000000,0.000000,4276.794922,4322.051270,4287.436035,4295.128418,4287.179688,4280.128418,4293.077148,4279.358887,4281.282227,4268.974121,4453.846191,4458.077148,4359.743652,4389.615234,2473.000000,4.000000,85.000000,,,,0.000000,4.000000,4.000000,4.000000,4.000000,4.000000,4.000000,4.000000,4.000000,4.000000,4.000000,4.000000,4.000000,4.000000,4.000000,100.000000,,,,,,,,,,,,,,,,,,,,,,,,,,,,,,,,,,,,,,,,,,,,,,,,,,,,,,,,,,,,,,,,,,,,,,,,,,,,,,,,,,,,,,
1676060252.299614,1676060252.300452,2.000000,0.000000,4302.820313,4343.717773,4306.538574,4318.717773,4309.615234,4299.871582,4306.794922,4286.922852,4290.769043,4282.948730,4462.436035,4472.307617,4369.615234,4403.717773,2396.000000,4.000000,85.000000,,,,0.000000,4.000000,4.000000,4.000000,4.000000,4.000000,4.000000,4.000000,4.000000,4.000000,4.000000,4.000000,4.000000,4.000000,4.000000,100.000000,,,,,,,,,,,,,,,,,,,,,,,,,,,,,,,,,,,,,,,,,,,,,,,,,,,,,,,,,,,,,,,,,,,,,,,,,,,,,,,,,,,,,,
1676060252.307422,1676060252.308260,3.000000,0.000000,4286.025879,4322.307617,4300.256348,4308.205078,4303.461426,4299.487305,4299.743652,4281.666504,4283.717773,4281.153809,4435.897461,4457.179688,4332.692383,4386.666504,2453.000000,4.000000,85.000000,,,,0.000000,4.000000,4.000000,4.000000,4.000000,4.000000,4.000000,4.000000,4.000000,4.000000,4.000000,4.000000,4.000000,4.000000,4.000000,100.000000,,,,,,,,,,,,,,,,,,,,,,,,,,,,,,,,,,,,,,,,,,,,,,,,,,,,,,,,,,,,,,,,,,,,,,,,,,,,,,,,,,,,,,
1676060252.315231,1676060252.315969,4.000000,0.000000,4267.436035,4306.794922,4284.230957,4290.769043,4289.102539,4282.692383,4286.666504,4272.948730,4271.410156,4261.153809,4420.769043,4437.820313,4328.205078,4381.666504,2429.000000,4.000000,85.000000,,,,0.000000,4.000000,4.000000,4.000000,4.000000,4.000000,4.000000,4.000000,4.000000,4.000000,4.000000,4.000000,4.000000,4.000000,4.000000,100.000000,,,,,,,,,,,,,,,,,,,,,,,,,,,,,,,,,,,,,,,,,,,,,,,,,,,,,,,,,,,,,,,,,,,,,,,,,,,,,,,,,,,,,,
1676060252.323039,1676060252.323777,5.000000,0.000000,4293.461426,4333.846191,4299.743652,4311.538574,4303.974121,4287.051270,4297.692383,4284.615234,4287.563965,4268.205078,4449.743652,4459.743652,4370.128418,4411.538574,2374.000000,4.000000,85.000000,,,,0.000000,4.000000,4.000000,4.000000,4.000000,4.000000,4.000000,4.000000,4.000000,4.000000,4.000000,4.000000,4.000000,4.000000,4.000000,100.000000,,,,,,,,,,,,,,,,,,,,,,,,,,,,,,,,,,,,,,,,,,,,,,,,,,,,,,,,,,,,,,,,,,,,,,,,,,,,,,,,,,,,,,
1676060252.330847,1676060252.331486,6.000000,0.000000,4308.717773,4339.358887,4314.615234,4325.384766,4315.897461,4299.102539,4313.077148,4301.666504,4303.846191,4287.307617,4465.000000,4482.948730,4368.717773,4421.410156,2231.000000,4.000000,85.000000,,,,0.000000,4.000000,4.000000,4.000000,4.000000,4.000000,4.000000,4.000000,4.000000,4.000000,4.000000,4.000000,4.000000,4.000000,4.000000,100.000000,,,,,,,,,,,,,,,,,,,,,,,,,,,,,,,,,,,,,,,,,,,,,,,,,,,,,,,,,,,,,,,,,,,,,,,,,,,,,,,,,,,,,,
1676060252.338656,1676060252.339294,7.000000,0.000000,4298.589844,4323.589844,4301.538574,4312.179688,4304.230957,4296.666504,4303.461426,4292.563965,4286.922852,4272.692383,4447.563965,4465.256348,4340.256348,4410.769043,2226.000000,4.000000,85.000000,,,,0.000000,4.000000,4.000000,4.000000,4.000000,4.000000,4.000000,4.000000,4.000000,4.000000,4.000000,4.000000,4.000000,4.000000,4.000000,100.000000,,,,,,,,,,,,,,,,,,,,,,,,,,,,,,,,,,,,,,,,,,,,,,,,,,,,,,,,,,,,,,,,,,,,,,,,,,,,,,,,,,,,,,
1676060252.346464,1676060252.347003,8.000000,0.000000,4297.307617,4332.563965,4288.717773,4307.948730,4292.692383,4291.794922,4288.333496,4274.871582,4274.871582,4256.922852,4441.282227,4446.922852,4340.512695,4408.461426,2269.000000,4.000000,85.000000,,,,0.000000,4.000000,4.000000,4.000000,4.000000,4.000000,4.000000,4.000000,4.000000,4.000000,4.000000,4.000000,4.000000,4.000000,4.000000,100.000000,,,,,,,,,,,,,,,,,,,,,,,,,,,,,,,,,,,,,,,,,,,,,,,,,,,,,,,,,,,,,,,,,,,,,,,,,,,,,,,,,,,,,,
1676060252.354273,1676060252.354811,9.000000,0.000000,4295.769043,4337.692383,4293.974121,4309.871582,4291.410156,4294.487305,4291.538574,4279.487305,4289.743652,4269.615234,4454.230957,4454.358887,4343.846191,4400.641113,2232.000000,4.000000,85.000000,,,,0.000000,4.000000,4.000000,4.000000,4.000000,4.000000,4.000000,4.000000,4.000000,4.000000,4.000000,4.000000,4.000000,4.000000,4.000000,100.000000,,,,,,,,,,,,,,,,,,,,,,,,,,,,,,,,,,,,,,,,,,,,,,,,,,,,,,,,,,,,,,,,,,,,,,,,,,,,,,,,,,,,,,
1676060252.362081,1676060252.362520,10.000000,0.000000,4295.512695,4333.974121,4302.179688,4310.769043,4294.615234,4293.846191,4299.230957,4286.538574,4298.461426,4282.436035,4473.846191,4464.358887,4342.436035,4403.333496,2730.000000,4.000000,85.000000,,,,0.000000,4.000000,4.000000,4.000000,4.000000,4.000000,4.000000,4.000000,4.000000,4.000000,4.000000,4.000000,4.000000,4.000000,4.000000,100.000000,,,,,,,,,,,,,,,,,,,,,,,,,,,,,,,,,,,,,,,,,,,,,,,,,,,,,,,,,,,,,,,,,,,,,,,,,,,,,,,,,,,,,,
1676060252.369889,1676060252.370328,11.000000,0.000000,4304.871582,4345.000000,4300.128418,4315.256348,4297.692383,4283.589844,4294.102539,4280.769043,4286.025879,4277.051270,4480.641113,4459.487305,4343.717773,4416.153809,2914.000000,4.000000,85.000000,,,,0.000000,4.000000,4.000000,4.000000,4.000000,4.000000,4.000000,4.000000,4.000000,4.000000,4.000000,4.000000,4.000000,4.000000,4.000000,100.000000,,,,,,,,,,,,,,,,,,,,,,,,,,,,,,,,,,,,,,,,,,,,,,,,,,,,,,,,,,,,,,,,,,,,,,,,,,,,,,,,,,,,,,
1676060252.377698,1676060252.378037,12.000000,0.000000,4297.692383,4338.589844,4292.307617,4305.256348,4292.307617,4276.538574,4286.282227,4277.179688,4273.589844,4258.589844,4462.820313,4444.358887,4325.512695,4397.051270,3116.000000,4.000000,85.000000,,,,0.000000,4.000000,4.000000,4.000000,4.000000,4.000000,4.000000,4.000000,4.000000,4.000000,4.000000,4.000000,4.000000,4.000000,4.000000,100.000000,,,,,,,,,,,,,,,,,,,,,,,,,,,,,,,,,,,,,,,,,,,,,,,,,,,,,,,,,,,,,,,,,,,,,,,,,,,,,,,,,,,,,,
1676060252.385506,1676060252.385945,13.000000,0.000000,4286.025879,4322.563965,4294.102539,4295.128418,4284.615234,4282.692383,4290.897461,4280.384766,4277.820313,4248.333496,4457.692383,4445.512695,4313.205078,4378.717773,3243.000000,4.000000,85.000000,,,,0.000000,4.000000,4.000000,4.000000,4.000000,4.000000,4.000000,4.000000,4.000000,4.000000,4.000000,4.000000,4.000000,4.000000,4.000000,100.000000,,,,,,,,,,,,,,,,,,,,,,,,,,,,,,,,,,,,,,,,,,,,,,,,,,,,,,,,,,,,,,,,,,,,,,,,,,,,,,,,,,,,,,
1676060252.393314,1676060252.393753,14.000000,0.000000,4312.307617,4342.820313,4312.179688,4316.153809,4296.538574,4298.333496,4305.128418,4289.230957,4290.256348,4267.948730,4487.820313,4470.897461,4340.128418,4411.025879,2730.000000,4.000000,85.000000,,,,0.000000,4.000000,4.000000,4.000000,4.000000,4.000000,4.000000,4.000000,4.000000,4.000000,4.000000,4.000000,4.000000,4.000000,4.000000,100.000000,1.000000,25.000000,3.000000,4.000000,1.000000,4.000000,4.000000,4.000000,3.000000,3.000000,4.000000,1.000000,3.000000,1.000000,3.000000,1.000000,2.456409,3.273438,1.963841,0.924375,1.362740,10.924386,5.066104,1.405279,1.221427,1.313033,2.118435,3.731253,1.473827,1.130861,1.285909,7.455733,3.947570,1.980983,1.060449,1.197222,0.953107,1.589553,1.358725,0.696050,0.773937,4.356339,3.103321,1.870460,0.786402,0.657050,0.806309,1.454758,1.134085,0.817654,1.047511,1.160585,2.345486,1.026383,1.099385,1.315427,1.193258,0.916084,1.318192,1.289543,1.481909,1.071770,0.788514,1.779743,1.647970,2.054763,4.311285,2.910489,2.992582,1.671845,2.610821,2.986385,3.151190,2.816242,1.551703,2.460789,4.958643,2.178161,2.682586,1.661550,2.201666,2.237546,3.178154,2.449735,1.424146,2.394289
1676060252.401123,1676060252.401662,15.000000,0.000000,4328.205078,4358.077148,4317.820313,4330.256348,4308.589844,4304.102539,4312.307617,4296.666504,4290.384766,4286.153809,4499.102539,4477.948730,4353.333496,4428.717773,2914.000000,4.000000,85.000000,,,,0.000000,4.000000,4.000000,4.000000,4.000000,4.000000,4.000000,4.000000,4.000000,4.000000,4.000000,4.000000,4.000000,4.000000,4.000000,100.000000,,,,,,,,,,,,,,,,,,,,,,,,,,,,,,,,,,,,,,,,,,,,,,,,,,,,,,,,,,,,,,,,,,,,,,,,,,,,,,,,,,,,,,
1676060252.408931,1676060252.409470,16.000000,0.000000,4301.153809,4338.974121,4306.410156,4312.692383,4296.666504,4298.205078,4309.102539,4298.717773,4287.436035,4279.487305,4482.051270,4458.717773,4330.384766,4398.846191,0.000000,4.000000,85.000000,,,,0.000000,4.000000,4.000000,4.000000,4.000000,4.000000,4.000000,4.000000,4.000000,4.000000,4.000000,4.000000,4.000000,4.000000,4.000000,100.000000,,,,,,,,,,,,,,,,,,,,,,,,,,,,,,,,,,,,,,,,,,,,,,,,,,,,,,,,,,,,,,,,,,,,,,,,,,,,,,,,,,,,,,
1676060252.416740,1676060252.417378,17.000000,0.000000,4292.307617,4330.000000,4303.717773,4303.846191,4289.102539,4294.230957,4303.205078,4296.410156,4291.410156,4275.769043,4480.512695,4455.128418,4329.615234,4395.384766,0.000000,4.000000,85.000000,,,,0.000000,4.000000,4.000000,4.000000,4.000000,4.000000,4.000000,4.000000,4.000000,4.000000,4.000000,4.000000,4.000000,4.000000,4.000000,100.000000,,,,,,,,,,,,,,,,,,,,,,,,,,,,,,,,,,,,,,,,,,,,,,,,,,,,,,,,,,,,,,,,,,,,,,,,,,,,,,,,,,,,,,
1676060252.424548,1676060252.425187,18.000000,0.000000,4313.589844,4342.692383,4308.205078,4315.641113,4305.384766,4298.077148,4299.615234,4289.102539,4288.333496,4276.922852,4488.846191,4466.794922,4351.666504,4422.307617,0.000000,4.000000,85.000000,,,,0.000000,4.000000,4.000000,4.000000,4.000000,4.000000,4.000000,4.000000,4.000000,4.000000,4.000000,4.000000,4.000000,4.000000,4.000000,100.000000,,,,,,,,,,,,,,,,,,,,,,,,,,,,,,,,,,,,,,,,,,,,,,,,,,,,,,,,,,,,,,,,,,,,,,,,,,,,,,,,,,,,,,
1676060252.432356,1676060252.433095,19.000000,0.000000,4308.461426,4336.282227,4300.256348,4313.077148,4308.589844,4295.897461,4295.512695,4281.666504,4278.333496,4261.666504,4477.692383,4454.102539,4333.717773,4406.666504,0.000000,4.000000,85.000000,,,,0.000000,4.000000,4.000000,4.000000,4.000000,4.000000,4.000000,4.000000,4.000000,4.000000,4.000000,4.000000,4.000000,4.000000,4.000000,100.000000,,,,,,,,,,,,,,,,,,,,,,,,,,,,,,,,,,,,,,,,,,,,,,,,,,,,,,,,,,,,,,,,,,,,,,,,,,,,,,,,,,,,,,
1676060252.440165,1676060252.440904,20.000000,0.000000,4278.717773,4306.922852,4283.461426,4289.615234,4285.256348,4282.051270,4286.410156,4277.051270,4273.589844,4246.922852,4463.461426,4428.974121,4297.436035,4370.256348,0.000000,4.000000,85.000000,,,,0.000000,4.000000,4.000000,4.000000,4.000000,4.000000,4.000000,4.000000,4.000000,4.000000,4.000000,4.000000,4.000000,4.000000,4.000000,100.000000,,,,,,,,,,,,,,,,,,,,,,,,,,,,,,,,,,,,,,,,,,,,,,,,,,,,,,,,,,,,,,,,,,,,,,,,,,,,,,,,,,,,,,
1676060252.447973,1676060252.448812,21.000000,0.000000,4284.487305,4305.128418,4287.307617,4285.384766,4282.820313,4280.769043,4283.974121,4277.179688,4278.333496,4257.179688,4482.692383,4436.794922,4320.256348,4388.205078,0.000000,4.000000,85.000000,,,,0.000000,4.000000,4.000000,4.000000,4.000000,4.000000,4.000000,4.000000,4.000000,4.000000,4.000000,4.000000,4.000000,4.000000,4.000000,100.000000,,,,,,,,,,,,,,,,,,,,,,,,,,,,,,,,,,,,,,,,,,,,,,,,,,,,,,,,,,,,,,,,,,,,,,,,,,,,,,,,,,,,,,
1676060252.455782,1676060252.456621,22.000000,0.000000,4311.153809,4329.743652,4305.128418,4305.897461,4300.000000,4296.025879,4293.717773,4278.846191,4285.128418,4270.000000,4507.436035,4462.051270,4363.846191,4421.153809,0.000000,4.000000,85.000000,,,,0.000000,4.000000,4.000000,4.000000,4.000000,4.000000,4.000000,4.000000,4.000000,4.000000,4.000000,4.000000,4.000000,4.000000,4.000000,100.000000,,,,,,,,,,,,,,,,,,,,,,,,,,,,,,,,,,,,,,,,,,,,,,,,,,,,,,,,,,,,,,,,,,,,,,,,,,,,,,,,,,,,,,
1676060252.463590,1676060252.464529,23.000000,0.000000,4310.256348,4329.102539,4304.102539,4310.384766,4295.769043,4299.615234,4297.820313,4280.512695,4283.974121,4268.461426,4498.589844,4462.307617,4354.615234,4414.102539,0.000000,4.000000,85.000000,,,,0.000000,4.000000,4.000000,4.000000,4.000000,4.000000,4.000000,4.000000,4.000000,4.000000,4.000000,4.000000,4.000000,4.000000,4.000000,100.000000,,,,,,,,,,,,,,,,,,,,,,,,,,,,,,,,,,,,,,,,,,,,,,,,,,,,,,,,,,,,,,,,,,,,,,,,,,,,,,,,,,,,,,
1676060252.471398,1676060252.472337,24.000000,0.000000,4295.256348,4305.512695,4291.794922,4295.897461,4284.358887,4289.102539,4292.692383,4280.000000,4277.563965,4261.538574,4482.436035,4450.897461,4333.846191,4401.922852,0.000000,4.000000,85.000000,,,,0.000000,4.000000,4.000000,4.000000,4.000000,4.000000,4.000000,4.000000,4.000000,4.000000,4.000000,4.000000,4.000000,4.000000,4.000000,100.000000,,,,,,,,,,,,,,,,,,,,,,,,,,,,,,,,,,,,,,,,,,,,,,,,,,,,,,,,,,,,,,,,,,,,,,,,,,,,,,,,,,,,,,
1676060252.479207,1676060252.480046,25.000000,0.000000,4296.153809,4298.461426,4293.589844,4293.461426,4294.230957,4292.179688,4295.384766,4281.282227,4280.256348,4262.563965,4489.487305,4455.769043,4355.384766,4411.666504,0.000000,4.000000,85.000000,,,,0.000000,4.000000,4.000000,4.000000,4.000000,4.000000,4.000000,4.000000,4.000000,4.000000,4.000000,4.000000,4.000000,4.000000,4.000000,100.000000,,,,,,,,,,,,,,,,,,,,,,,,,,,,,,,,,,,,,,,,,,,,,,,,,,,,,,,,,,,,,,,,,,,,,,,,,,,,,,,,,,,,,,
1676060252.487015,1676060252.487854,26.000000,0.000000,4303.974121,4297.820313,4298.333496,4294.487305,4302.820313,4298.333496,4297.179688,4280.769043,4281.666504,4271.666504,4495.000000,4461.025879,4373.974121,4421.538574,0.000000,4.000000,85.000000,,,,0.000000,4.000000,4.000000,4.000000,4.000000,4.000000,4.000000,4.000000,4.000000,4.000000,4.000000,4.000000,4.000000,4.000000,4.000000,100.000000,,,,,,,,,,,,,,,,,,,,,,,,,,,,,,,,,,,,,,,,,,,,,,,,,,,,,,,,,,,,,,,,,,,,,,,,,,,,,,,,,,,,,,
1676060252.494824,1676060252.495563,27.000000,0.000000,4305.641113,4293.974121,4297.820313,4293.333496,4301.025879,4294.102539,4294.358887,4279.615234,4280.000000,4280.128418,4488.589844,4459.358887,4363.974121,4424.230957,0.000000,4.000000,85.000000,,,,0.000000,4.000000,4.000000,4.000000,4.000000,4.000000,4.000000,4.000000,4.000000,4.000000,4.000000,4.000000,4.000000,4.000000,4.000000,100.000000,,,,,,,,,,,,,,,,,,,,,,,,,,,,,,,,,,,,,,,,,,,,,,,,,,,,,,,,,,,,,,,,,,,,,,,,,,,,,,,,,,,,,,
1676060252.502632,1676060252.503371,28.000000,0.000000,4312.820313,4305.512695,4310.384766,4306.025879,4308.846191,4298.461426,4302.820313,4292.179688,4291.922852,4285.769043,4494.358887,4465.256348,4365.769043,4431.794922,0.000000,4.000000,85.000000,,,,0.000000,4.000000,4.000000,4.000000,4.000000,4.000000,4.000000,4.000000,4.000000,4.000000,4.000000,4.000000,4.000000,4.000000,4.000000,100.000000,,,,,,,,,,,,,,,,,,,,,,,,,,,,,,,,,,,,,,,,,,,,,,,,,,,,,,,,,,,,,,,,,,,,,,,,,,,,,,,,,,,,,,
1676060252.510440,1676060252.511080,29.000000,0.000000,4310.769043,4306.153809,4312.692383,4308.589844,4308.589844,4299.871582,4305.256348,4297.307617,4296.282227,4282.179688,4491.153809,4466.282227,4369.358887,4425.512695,0.000000,4.000000,85.000000,,,,0.000000,4.000000,4.000000,4.000000,4.000000,4.000000,4.000000,4.000000,4.000000,4.000000,4.000000,4.000000,4.000000,4.000000,4.000000,100.000000,,,,,,,,,,,,,,,,,,,,,,,,,,,,,,,,,,,,,,,,,,,,,,,,,,,,,,,,,,,,,,,,,,,,,,,,,,,,,,,,,,,,,,
1676060252.518249,1676060252.518888,30.000000,0.000000,4302.307617,4292.051270,4298.846191,4293.846191,4295.384766,4291.282227,4296.153809,4284.743652,4283.589844,4270.897461,4474.615234,4459.743652,4358.461426,4413.333496,0.000000,4.000000,85.000000,,,,0.000000,4.000000,4.000000,4.000000,4.000000,4.000000,4.000000,4.000000,4.000000,4.000000,4.000000,4.000000,4.000000,4.000000,4.000000,100.000000,,,,,,,,,,,,,,,,,2.653786,3.016015,1.984328,0.957840,1.269036,13.407088,5.084558,1.354675,1.430042,1.140514,2.197984,3.395544,1.450653,1.157283,1.148395,8.214655,3.507628,1.710530,1.103191,1.037736,1.059107,1.409416,1.060631,0.747008,0.677115,3.894660,2.726175,1.614234,0.744544,0.593938,0.914015,1.250250,0.916193,0.866157,0.950542,1.185564,2.370423,0.977233,1.195160,1.245182,1.094642,0.797037,1.265168,1.250270,1.374746,1.065402,0.618517,1.670439,1.526629,1.961012,4.329281,2.408901,2.840127,1.653642,2.390202,2.718592,2.600359,2.794276,1.525301,2.265265,5.706856,1.942967,2.721171,1.690336,2.144448,2.098940,2.552471,2.373444,1.391960,2.329942
1676060252.526057,1676060252.526597,31.000000,0.000000,4304.487305,4292.948730,4298.077148,4290.384766,4289.230957,4293.205078,4293.461426,4279.102539,4278.333496,4262.307617,4467.820313,4454.615234,4355.512695,4414.358887,0.000000,4.000000,85.000000,,,,0.000000,4.000000,4.000000,4.000000,4.000000,4.000000,4.000000,4.000000,4.000000,4.000000,4.000000,4.000000,4.000000,4.000000,4.000000,100.000000,,,,,,,,,,,,,,,,,,,,,,,,,,,,,,,,,,,,,,,,,,,,,,,,,,,,,,,,,,,,,,,,,,,,,,,,,,,,,,,,,,,,,,
1676060252.533865,1676060252.534405,32.000000,0.000000,4306.282227,4303.205078,4310.769043,4298.974121,4297.051270,4304.230957,4304.743652,4292.179688,4291.794922,4274.615234,4476.922852,4460.384766,4366.025879,4425.256348,0.000000,4.000000,85.000000,,,,0.000000,4.000000,4.000000,4.000000,4.000000,4.000000,4.000000,4.000000,4.000000,4.000000,4.000000,4.000000,4.000000,4.000000,4.000000,100.000000,,,,,,,,,,,,,,,,,,,,,,,,,,,,,,,,,,,,,,,,,,,,,,,,,,,,,,,,,,,,,,,,,,,,,,,,,,,,,,,,,,,,,,
1676060252.541674,1676060252.542114,33.000000,0.000000,4302.563965,4309.615234,4311.410156,4301.410156,4301.410156,4299.615234,4310.128418,4300.000000,4299.487305,4285.897461,4482.563965,4466.025879,4368.846191,4427.563965,0.000000,4.000000,85.000000,,,,0.000000,4.000000,4.000000,4.000000,4.000000,4.000000,4.000000,4.000000,4.000000,4.000000,4.000000,4.000000,4.000000,4.000000,4.000000,100.000000,,,,,,,,,,,,,,,,,,,,,,,,,,,,,,,,,,,,,,,,,,,,,,,,,,,,,,,,,,,,,,,,,,,,,,,,,,,,,,,,,,,,,,
1676060252.549482,1676060252.549922,34.000000,0.000000,4295.769043,4302.820313,4296.153809,4289.358887,4290.641113,4288.589844,4300.000000,4287.692383,4286.794922,4267.051270,4468.461426,4452.179688,4359.102539,4410.641113,0.000000,4.000000,85.000000,,,,0.000000,4.000000,4.000000,4.000000,4.000000,4.000000,4.000000,4.000000,4.000000,4.000000,4.000000,4.000000,4.000000,4.000000,4.000000,100.000000,,,,,,,,,,,,,,,,,,,,,,,,,,,,,,,,,,,,,,,,,,,,,,,,,,,,,,,,,,,,,,,,,,,,,,,,,,,,,,,,,,,,,,
1676060252.557291,1676060252.557631,35.000000,0.000000,4293.589844,4292.051270,4288.974121,4278.205078,4287.948730,4290.769043,4291.794922,4275.769043,4274.230957,4255.128418,4457.179688,4442.307617,4356.666504,4399.743652,0.000000,4.000000,85.000000,,,,0.000000,4.000000,4.000000,4.000000,4.000000,4.000000,4.000000,4.000000,4.000000,4.000000,4.000000,4.000000,4.000000,4.000000,4.000000,100.000000,,,,,,,,,,,,,,,,,,,,,,,,,,,,,,,,,,,,,,,,,,,,,,,,,,,,,,,,,,,,,,,,,,,,,,,,,,,,,,,,,,,,,,
1676060252.565099,1676060252.565439,36.000000,0.000000,4296.282227,4297.692383,4293.205078,4283.333496,4295.256348,4293.974121,4292.948730,4280.256348,4276.922852,4270.512695,4460.384766,4452.820313,4360.128418,4408.077148,0.000000,4.000000,85.000000,,,,0.000000,4.000000,4.000000,4.000000,4.000000,4.000000,4.000000,4.000000,4.000000,4.000000,4.000000,4.000000,4.000000,4.000000,4.000000,100.000000,,,,,,,,,,,,,,,,,,,,,,,,,,,,,,,,,,,,,,,,,,,,,,,,,,,,,,,,,,,,,,,,,,,,,,,,,,,,,,,,,,,,,,
1676060252.572907,1676060252.573148,37.000000,0.000000,4298.846191,4316.538574,4300.128418,4297.692383,4295.897461,4293.717773,4299.102539,4294.743652,4290.128418,4286.666504,4469.615234,4462.563965,4365.000000,4420.256348,0.000000,4.000000,85.000000,,,,0.000000,4.000000,4.000000,4.000000,4.000000,4.000000,4.000000,4.000000,4.000000,4.000000,4.000000,4.000000,4.000000,4.000000,4.000000,100.000000,,,,,,,,,,,,,,,,,,,,,,,,,,,,,,,,,,,,,,,,,,,,,,,,,,,,,,,,,,,,,,,,,,,,,,,,,,,,,,,,,,,,,,
1676060252.580716,1676060252.581056,38.000000,0.000000,4294.615234,4313.205078,4296.025879,4295.512695,4289.230957,4291.025879,4292.692383,4289.358887,4288.205078,4278.077148,4457.692383,4449.743652,4354.230957,4406.410156,0.000000,4.000000,85.000000,,,,0.000000,4.000000,4.000000,4.000000,4.000000,4.000000,4.000000,4.000000,4.000000,4.000000,4.000000,4.000000,4.000000,4.000000,4.000000,100.000000,,,,,,,,,,,,,,,,,,,,,,,,,,,,,,,,,,,,,,,,,,,,,,,,,,,,,,,,,,,,,,,,,,,,,,,,,,,,,,,,,,,,,,
1676060252.588524,1676060252.588865,39.000000,0.000000,4288.846191,4295.897461,4287.436035,4288.717773,4292.307617,4291.410156,4285.641113,4273.205078,4274.230957,4264.102539,4435.641113,4438.205078,4336.410156,4383.717773,0.000000,4.000000,85.000000,,,,0.000000,4.000000,4.000000,4.000000,4.000000,4.000000,4.000000,4.000000,4.000000,4.000000,4.000000,4.000000,4.000000,4.000000,4.000000,100.000000,,,,,,,,,,,,,,,,,,,,,,,,,,,,,,,,,,,,,,,,,,,,,,,,,,,,,,,,,,,,,,,,,,,,,,,,,,,,,,,,,,,,,,
1676060252.596332,1676060252.596773,40.000000,0.000000,4295.128418,4306.025879,4302.051270,4305.128418,4303.717773,4296.922852,4301.282227,4286.794922,4285.384766,4274.358887,4452.692383,4459.358887,4350.256348,4401.025879,0.000000,4.000000,85.000000,,,,0.000000,4.000000,4.000000,4.000000,4.000000,4.000000,4.000000,4.000000,4.000000,4.000000,4.000000,4.000000,4.000000,4.000000,4.000000,100.000000,,,,,,,,,,,,,,,,,,,,,,,,,,,,,,,,,,,,,,,,,,,,,,,,,,,,,,,,,,,,,,,,,,,,,,,,,,,,,,,,,,,,,,
1676060252.604141,1676060252.604581,41.000000,0.000000,4302.051270,4323.333496,4316.410156,4325.512695,4304.102539,4297.436035,4311.794922,4301.025879,4301.922852,4278.205078,4478.589844,4481.922852,4374.102539,4428.461426,0.000000,4.000000,85.000000,,,,0.000000,4.000000,4.000000,4.000000,4.000000,4.000000,4.000000,4.000000,4.000000,4.000000,4.000000,4.000000,4.000000,4.000000,4.000000,100.000000,,,,,,,,,,,,,,,,,,,,,,,,,,,,,,,,,,,,,,,,,,,,,,,,,,,,,,,,,,,,,,,,,,,,,,,,,,,,,,,,,,,,,,
1676060252.611949,1676060252.612490,42.000000,0.000000,4308.077148,4318.717773,4307.051270,4327.436035,4296.538574,4294.615234,4299.871582,4285.128418,4288.461426,4264.743652,4466.025879,4477.563965,4369.230957,4421.410156,0.000000,4.000000,85.000000,,,,0.000000,4.000000,4.000000,4.000000,4.000000,4.000000,4.000000,4.000000,4.000000,4.000000,4.000000,4.000000,4.000000,4.000000,4.000000,100.000000,,,,,,,,,,,,,,,,,,,,,,,,,,,,,,,,,,,,,,,,,,,,,,,,,,,,,,,,,,,,,,,,,,,,,,,,,,,,,,,,,,,,,,
1676060252.619758,1676060252.620298,43.000000,0.000000,4302.692383,4302.179688,4293.846191,4322.692383,4292.051270,4293.333496,4289.743652,4275.641113,4276.410156,4266.666504,4444.358887,4465.256348,4350.128418,4397.179688,0.000000,4.000000,85.000000,,,,0.000000,4.000000,4.000000,4.000000,4.000000,4.000000,4.000000,4.000000,4.000000,4.000000,4.000000,4.000000,4.000000,4.000000,4.000000,100.000000,,,,,,,,,,,,,,,,,,,,,,,,,,,,,,,,,,,,,,,,,,,,,,,,,,,,,,,,,,,,,,,,,,,,,,,,,,,,,,,,,,,,,,
1676060252.627566,1676060252.628207,44.000000,0.000000,4293.589844,4303.077148,4297.820313,4327.307617,4295.384766,4295.384766,4296.410156,4292.179688,4291.794922,4285.641113,4456.025879,4476.410156,4356.410156,4402.307617,0.000000,4.000000,85.000000,,,,0.000000,4.000000,4.000000,4.000000,4.000000,4.000000,4.000000,4.000000,4.000000,4.000000,4.000000,4.000000,4.000000,4.000000,4.000000,100.000000,,,,,,,,,,,,,,,,,,,,,,,,,,,,,,,,,,,,,,,,,,,,,,,,,,,,,,,,,,,,,,,,,,,,,,,,,,,,,,,,,,,,,,
1676060252.635374,1676060252.636015,45.000000,0.000000,4296.922852,4316.410156,4302.436035,4331.410156,4288.974121,4294.230957,4296.410156,4295.769043,4295.384766,4287.179688,4470.769043,4490.128418,4373.333496,4420.897461,0.000000,4.000000,85.000000,,,,0.000000,4.000000,4.000000,4.000000,4.000000,4.000000,4.000000,4.000000,4.000000,4.000000,4.000000,4.000000,4.000000,4.000000,4.000000,100.000000,,,,,,,,,,,,,,,,,,,,,,,,,,,,,,,,,,,,,,,,,,,,,,,,,,,,,,,,,,,,,,,,,,,,,,,,,,,,,,,,,,,,,,
1676060252.643183,1676060252.643923,46.000000,0.000000,4290.512695,4304.743652,4288.077148,4323.974121,4276.922852,4286.922852,4285.897461,4278.589844,4274.102539,4269.871582,4451.282227,4479.743652,4358.333496,4406.153809,0.000000,4.000000,85.000000,,,,0.000000,4.000000,4.000000,4.000000,4.000000,4.000000,4.000000,4.000000,4.000000,4.000000,4.000000,4.000000,4.000000,4.000000,4.000000,100.000000,,,,,,,,,,,,,,,,,2.742267,2.794947,1.909250,1.109277,1.262579,14.611993,4.849464,1.309383,1.759769,1.049520,2.197300,3.120151,1.480325,1.294223,1.059911,8.409763,2.990687,1.463856,1.267611,0.927590,1.115906,1.207182,0.792822,0.827075,0.602682,3.067092,2.131402,1.264989,0.725421,0.541545,0.986940,1.115861,0.754856,0.967511,0.867668,1.188470,2.355775,0.957922,1.332043,1.174933,0.977927,0.775581,1.252003,1.240673,1.259200,1.088264,0.573398,1.676583,1.422897,1.865860,4.689579,2.412224,2.684364,1.622606,2.180917,2.436211,2.246171,2.723961,1.572920,2.099960,6.076933,2.028162,2.733871,1.675898,2.145533,1.973715,2.181759,2.329345,1.368809,2.316058
1676060252.650991,1676060252.651732,47.000000,0.000000,4281.666504,4292.051270,4285.384766,4324.487305,4289.230957,4288.461426,4290.769043,4279.230957,4271.410156,4263.205078,4439.615234,4477.692383,4340.000000,4390.128418,0.000000,4.000000,85.000000,,,,0.000000,4.000000,4.000000,4.000000,4.000000,4.000000,4.000000,4.000000,4.000000,4.000000,4.000000,4.000000,4.000000,4.000000,4.000000,100.000000,,,,,,,,,,,,,,,,,,,,,,,,,,,,,,,,,,,,,,,,,,,,,,,,,,,,,,,,,,,,,,,,,,,,,,,,,,,,,,,,,,,,,,
1676060252.658800,1676060252.659440,48.000000,0.000000,4290.000000,4305.512695,4306.794922,4335.384766,4306.025879,4298.974121,4303.333496,4295.128418,4290.769043,4271.666504,4457.179688,4492.436035,4356.922852,4406.666504,0.000000,4.000000,85.000000,,,,0.000000,4.000000,4.000000,4.000000,4.000000,4.000000,4.000000,4.000000,4.000000,4.000000,4.000000,4.000000,4.000000,4.000000,4.000000,100.000000,,,,,,,,,,,,,,,,,,,,,,,,,,,,,,,,,,,,,,,,,,,,,,,,,,,,,,,,,,,,,,,,,,,,,,,,,,,,,,,,,,,,,,
1676060252.666608,1676060252.667249,49.000000,0.000000,4297.563965,4312.820313,4316.794922,4335.384766,4300.000000,4298.846191,4302.436035,4295.897461,4295.128418,4281.794922,4462.051270,4495.128418,4369.615234,4416.922852,0.000000,4.000000,85.000000,,,,0.000000,4.000000,4.000000,4.000000,4.000000,4.000000,4.000000,4.000000,4.000000,4.000000,4.000000,4.000000,4.000000,4.000000,4.000000,100.000000,,,,,,,,,,,,,,,,,,,,,,,,,,,,,,,,,,,,,,,,,,,,,,,,,,,,,,,,,,,,,,,,,,,,,,,,,,,,,,,,,,,,,,
1676060252.674416,1676060252.674957,50.000000,0.000000,4291.153809,4298.717773,4307.948730,4326.538574,4290.512695,4290.897461,4293.846191,4289.230957,4288.589844,4280.000000,4448.205078,4486.538574,4355.769043,4403.205078,0.000000,4.000000,85.000000,,,,0.000000,4.000000,4.000000,4.000000,4.000000,4.000000,4.000000,4.000000,4.000000,4.000000,4.000000,4.000000,4.000000,4.000000,4.000000,100.000000,,,,,,,,,,,,,,,,,,,,,,,,,,,,,,,,,,,,,,,,,,,,,,,,,,,,,,,,,,,,,,,,,,,,,,,,,,,,,,,,,,,,,,
1676060252.682225,1676060252.682766,51.000000,0.000000,4294.743652,4297.563965,4309.487305,4332.692383,4299.102539,4294.102539,4296.538574,4292.179688,4292.820313,4278.333496,4450.512695,4491.666504,4356.410156,4408.846191,0.000000,4.000000,85.000000,,,,0.000000,4.000000,4.000000,4.000000,4.000000,4.000000,4.000000,4.000000,4.000000,4.000000,4.000000,4.000000,4.000000,4.000000,4.000000,100.000000,,,,,,,,,,,,,,,,,,,,,,,,,,,,,,,,,,,,,,,,,,,,,,,,,,,,,,,,,,,,,,,,,,,,,,,,,,,,,,,,,,,,,,
1676060252.690033,1676060252.690474,52.000000,0.000000,4302.179688,4306.025879,4315.384766,4338.974121,4300.897461,4296.282227,4300.128418,4292.948730,4292.692383,4277.436035,4457.051270,4496.025879,4362.692383,4419.230957,0.000000,4.000000,85.000000,,,,0.000000,4.000000,4.000000,4.000000,4.000000,4.000000,4.000000,4.000000,4.000000,4.000000,4.000000,4.000000,4.000000,4.000000,4.000000,100.000000,,,,,,,,,,,,,,,,,,,,,,,,,,,,,,,,,,,,,,,,,,,,,,,,,,,,,,,,,,,,,,,,,,,,,,,,,,,,,,,,,,,,,,
1676060252.697842,1676060252.698283,53.000000,0.000000,4287.948730,4291.410156,4295.769043,4320.769043,4283.205078,4285.512695,4288.974121,4276.153809,4276.025879,4265.128418,4433.461426,4475.384766,4341.025879,4396.025879,0.000000,4.000000,85.000000,,,,0.000000,4.000000,4.000000,4.000000,4.000000,4.000000,4.000000,4.000000,4.000000,4.000000,4.000000,4.000000,4.000000,4.000000,4.000000,100.000000,,,,,,,,,,,,,,,,,,,,,,,,,,,,,,,,,,,,,,,,,,,,,,,,,,,,,,,,,,,,,,,,,,,,,,,,,,,,,,,,,,,,,,
1676060252.705650,1676060252.705991,54.000000,0.000000,4275.128418,4277.307617,4279.358887,4305.897461,4275.641113,4276.410156,4278.589844,4263.717773,4268.589844,4258.717773,4415.641113,4462.563965,4329.358887,4380.769043,0.000000,4.000000,85.000000,,,,0.000000,4.000000,4.000000,4.000000,4.000000,4.000000,4.000000,4.000000,4.000000,4.000000,4.000000,4.000000,4.000000,4.000000,4.000000,100.000000,,,,,,,,,,,,,,,,,,,,,,,,,,,,,,,,,,,,,,,,,,,,,,,,,,,,,,,,,,,,,,,,,,,,,,,,,,,,,,,,,,,,,,
1676060252.713458,1676060252.713900,55.000000,0.000000,4279.230957,4282.051270,4286.410156,4310.769043,4282.307617,4274.615234,4277.948730,4270.897461,4276.794922,4265.641113,4427.179688,4472.692383,4342.948730,4392.563965,0.000000,4.000000,85.000000,,,,0.000000,4.000000,4.000000,4.000000,4.000000,4.000000,4.000000,4.000000,4.000000,4.000000,4.000000,4.000000,4.000000,4.000000,4.000000,100.000000,,,,,,,,,,,,,,,,,,,,,,,,,,,,,,,,,,,,,,,,,,,,,,,,,,,,,,,,,,,,,,,,,,,,,,,,,,,,,,,,,,,,,,
1676060252.721267,1676060252.721708,56.000000,0.000000,4282.692383,4284.871582,4288.974121,4313.333496,4282.307617,4274.871582,4280.769043,4279.358887,4278.846191,4264.615234,4432.307617,4473.846191,4347.692383,4397.948730,0.000000,4.000000,85.000000,,,,0.000000,4.000000,4.000000,4.000000,4.000000,4.000000,4.000000,4.000000,4.000000,4.000000,4.000000,4.000000,4.000000,4.000000,4.000000,100.000000,,,,,,,,,,,,,,,,,,,,,,,,,,,,,,,,,,,,,,,,,,,,,,,,,,,,,,,,,,,,,,,,,,,,,,,,,,,,,,,,,,,,,,
1676060252.729075,1676060252.729616,57.000000,0.000000,4279.615234,4286.025879,4288.077148,4309.487305,4280.000000,4278.461426,4280.128418,4279.615234,4276.794922,4258.717773,4431.922852,4466.922852,4348.974121,4395.769043,0.000000,4.000000,85.000000,,,,0.000000,4.000000,4.000000,4.000000,4.000000,4.000000,4.000000,4.000000,4.000000,4.000000,4.000000,4.000000,4.000000,4.000000,4.000000,100.000000,,,,,,,,,,,,,,,,,,,,,,,,,,,,,,,,,,,,,,,,,,,,,,,,,,,,,,,,,,,,,,,,,,,,,,,,,,,,,,,,,,,,,,
1676060252.736884,1676060252.737425,58.000000,0.000000,4277.563965,4291.794922,4288.717773,4307.692383,4285.641113,4279.615234,4278.846191,4275.897461,4279.230957,4265.000000,4434.871582,4470.512695,4353.846191,4395.769043,0.000000,4.000000,85.000000,,,,0.000000,4.000000,4.000000,4.000000,4.000000,4.000000,4.000000,4.000000,4.000000,4.000000,4.000000,4.000000,4.000000,4.000000,4.000000,100.000000,,,,,,,,,,,,,,,,,,,,,,,,,,,,,,,,,,,,,,,,,,,,,,,,,,,,,,,,,,,,,,,,,,,,,,,,,,,,,,,,,,,,,,
1676060252.744692,1676060252.745233,59.000000,0.000000,4280.512695,4296.025879,4290.769043,4313.205078,4293.205078,4280.384766,4285.897461,4284.358887,4291.282227,4277.948730,4439.743652,4478.205078,4357.563965,4398.589844,0.000000,4.000000,85.000000,,,,0.000000,4.000000,4.000000,4.000000,4.000000,4.000000,4.000000,4.000000,4.000000,4.000000,4.000000,4.000000,4.000000,4.000000,4.000000,100.000000,,,,,,,,,,,,,,,,,,,,,,,,,,,,,,,,,,,,,,,,,,,,,,,,,,,,,,,,,,,,,,,,,,,,,,,,,,,,,,,,,,,,,,
1676060252.752500,1676060252.752942,60.000000,0.000000,4282.051270,4298.717773,4293.205078,4320.128418,4294.487305,4286.538574,4294.487305,4295.769043,4296.922852,4282.436035,4441.282227,4478.974121,4359.358887,4399.487305,0.000000,4.000000,85.000000,,,,0.000000,4.000000,4.000000,4.000000,4.000000,4.000000,4.000000,4.000000,4.000000,4.000000,4.000000,4.000000,4.000000,4.000000,4.000000,100.000000,,,,,,,,,,,,,,,,,,,,,,,,,,,,,,,,,,,,,,,,,,,,,,,,,,,,,,,,,,,,,,,,,,,,,,,,,,,,,,,,,,,,,,
1676060252.760309,1676060252.760750,61.000000,0.000000,4277.051270,4296.025879,4287.948730,4315.384766,4285.897461,4287.436035,4294.615234,4288.717773,4286.538574,4278.717773,4434.358887,4476.025879,4353.333496,4392.307617,0.000000,4.000000,85.000000,,,,0.000000,4.000000,4.000000,4.000000,4.000000,4.000000,4.000000,4.000000,4.000000,4.000000,4.000000,4.000000,4.000000,4.000000,4.000000,100.000000,,,,,,,,,,,,,,,,,,,,,,,,,,,,,,,,,,,,,,,,,,,,,,,,,,,,,,,,,,,,,,,,,,,,,,,,,,,,,,,,,,,,,,
1676060252.768117,1676060252.768459,62.000000,0.000000,4274.871582,4282.820313,4285.256348,4305.897461,4284.102539,4283.717773,4291.794922,4281.666504,4282.692383,4283.333496,4429.743652,4477.179688,4348.589844,4390.000000,0.000000,4.000000,85.000000,,,,0.000000,4.000000,4.000000,4.000000,4.000000,4.000000,4.000000,4.000000,4.000000,4.000000,4.000000,4.000000,4.000000,4.000000,4.000000,100.000000,,,,,,,,,,,,,,,,,2.661959,2.491077,1.729863,1.275121,1.317901,13.953880,4.311950,1.246687,2.079630,1.030192,2.053962,2.778507,1.527913,1.443422,1.002519,7.964967,2.457700,1.260961,1.466750,0.865498,1.104034,1.037367,0.583457,0.889290,0.568807,2.129679,1.481044,0.913562,0.718505,0.495124,0.984784,1.011488,0.660142,1.061444,0.792396,1.138889,2.237692,0.932387,1.442474,1.086457,0.867259,0.787910,1.230289,1.223118,1.147688,1.124727,0.576782,1.731070,1.312518,1.763467,5.415151,2.518769,2.439041,1.519097,2.012185,2.253741,1.934598,2.595606,1.600995,1.956758,5.921467,2.125451,2.717018,1.557174,2.206960,1.899895,1.879411,2.307890,1.281231,2.333418
1676060252.775925,1676060252.776367,63.000000,0.000000,4280.128418,4278.717773,4292.436035,4309.615234,4291.025879,4285.897461,4293.974121,4285.897461,4282.820313,4279.487305,4433.974121,4477.563965,4350.512695,4396.666504,0.000000,4.000000,85.000000,,,,0.000000,4.000000,4.000000,4.000000,4.000000,4.000000,4.000000,4.000000,4.000000,4.000000,4.000000,4.000000,4.000000,4.000000,4.000000,100.000000,,,,,,,,,,,,,,,,,,,,,,,,,,,,,,,,,,,,,,,,,,,,,,,,,,,,,,,,,,,,,,,,,,,,,,,,,,,,,,,,,,,,,,
1676060252.783734,1676060252.784176,64.000000,0.000000,4280.641113,4294.230957,4296.794922,4315.897461,4284.615234,4289.358887,4292.692383,4288.974121,4276.794922,4261.282227,4449.358887,4473.846191,4349.743652,4394.102539,2523.000000,4.000000,85.000000,,,,0.000000,4.000000,4.000000,4.000000,4.000000,4.000000,4.000000,4.000000,4.000000,4.000000,4.000000,4.000000,4.000000,4.000000,4.000000,100.000000,,,,,,,,,,,,,,,,,,,,,,,,,,,,,,,,,,,,,,,,,,,,,,,,,,,,,,,,,,,,,,,,,,,,,,,,,,,,,,,,,,,,,,
1676060252.791542,1676060252.792084,65.000000,0.000000,4283.589844,4313.077148,4295.769043,4322.563965,4283.974121,4291.410156,4297.051270,4295.641113,4288.205078,4273.846191,4479.230957,4483.333496,4348.974121,4393.589844,2471.000000,4.000000,85.000000,,,,0.000000,4.000000,4.000000,4.000000,4.000000,4.000000,4.000000,4.000000,4.000000,4.000000,4.000000,4.000000,4.000000,4.000000,4.000000,100.000000,,,,,,,,,,,,,,,,,,,,,,,,,,,,,,,,,,,,,,,,,,,,,,,,,,,,,,,,,,,,,,,,,,,,,,,,,,,,,,,,,,,,,,
1676060252.799350,1676060252.799892,66.000000,0.000000,4305.384766,4331.538574,4309.615234,4342.436035,4305.769043,4295.384766,4308.589844,4309.871582,4307.948730,4306.666504,4512.820313,4504.743652,4362.820313,4413.974121,2398.000000,4.000000,85.000000,,,,0.000000,4.000000,4.000000,4.000000,4.000000,4.000000,4.000000,4.000000,4.000000,4.000000,4.000000,4.000000,4.000000,4.000000,4.000000,100.000000,,,,,,,,,,,,,,,,,,,,,,,,,,,,,,,,,,,,,,,,,,,,,,,,,,,,,,,,,,,,,,,,,,,,,,,,,,,,,,,,,,,,,,
1676060252.807159,1676060252.807801,67.000000,0.000000,4320.512695,4342.436035,4318.589844,4352.436035,4312.307617,4298.205078,4306.282227,4313.461426,4303.205078,4299.102539,4515.128418,4506.153809,4368.205078,4426.538574,2463.000000,4.000000,85.000000,,,,0.000000,4.000000,4.000000,4.000000,4.000000,4.000000,4.000000,4.000000,4.000000,4.000000,4.000000,4.000000,4.000000,4.000000,4.000000,100.000000,,,,,,,,,,,,,,,,,,,,,,,,,,,,,,,,,,,,,,,,,,,,,,,,,,,,,,,,,,,,,,,,,,,,,,,,,,,,,,,,,,,,,,
1676060252.814967,1676060252.815609,68.000000,0.000000,4305.897461,4334.871582,4303.717773,4338.077148,4297.179688,4294.743652,4297.820313,4309.358887,4293.077148,4272.820313,4488.077148,4489.102539,4346.666504,4409.102539,2434.000000,4.000000,85.000000,,,,0.000000,4.000000,4.000000,4.000000,4.000000,4.000000,4.000000,4.000000,4.000000,4.000000,4.000000,4.000000,4.000000,4.000000,4.000000,100.000000,,,,,,,,,,,,,,,,,,,,,,,,,,,,,,,,,,,,,,,,,,,,,,,,,,,,,,,,,,,,,,,,,,,,,,,,,,,,,,,,,,,,,,
1676060252.822776,1676060252.823518,69.000000,0.000000,4287.307617,4319.743652,4292.692383,4321.794922,4290.641113,4283.205078,4291.538574,4302.948730,4290.000000,4277.820313,4467.692383,4477.563965,4326.025879,4385.769043,2374.000000,4.000000,85.000000,,,,0.000000,4.000000,4.000000,4.000000,4.000000,4.000000,4.000000,4.000000,4.000000,4.000000,4.000000,4.000000,4.000000,4.000000,4.000000,100.000000,,,,,,,,,,,,,,,,,,,,,,,,,,,,,,,,,,,,,,,,,,,,,,,,,,,,,,,,,,,,,,,,,,,,,,,,,,,,,,,,,,,,,,
1676060252.830584,1676060252.831326,70.000000,0.000000,4291.153809,4312.820313,4294.743652,4320.641113,4290.897461,4278.974121,4285.384766,4288.205078,4278.717773,4281.794922,4456.922852,4471.666504,4323.717773,4381.410156,2231.000000,4.000000,85.000000,,,,0.000000,4.000000,4.000000,4.000000,4.000000,4.000000,4.000000,4.000000,4.000000,4.000000,4.000000,4.000000,4.000000,4.000000,4.000000,100.000000,,,,,,,,,,,,,,,,,,,,,,,,,,,,,,,,,,,,,,,,,,,,,,,,,,,,,,,,,,,,,,,,,,,,,,,,,,,,,,,,,,,,,,
1676060252.838392,1676060252.839234,71.000000,0.000000,4297.436035,4311.153809,4296.794922,4323.846191,4293.846191,4289.871582,4287.948730,4289.102539,4278.846191,4271.794922,4457.307617,4474.615234,4330.769043,4392.179688,2231.000000,4.000000,85.000000,,,,0.000000,4.000000,4.000000,4.000000,4.000000,4.000000,4.000000,4.000000,4.000000,4.000000,4.000000,4.000000,4.000000,4.000000,4.000000,100.000000,,,,,,,,,,,,,,,,,,,,,,,,,,,,,,,,,,,,,,,,,,,,,,,,,,,,,,,,,,,,,,,,,,,,,,,,,,,,,,,,,,,,,,
1676060252.846201,1676060252.847043,72.000000,0.000000,4286.922852,4308.974121,4288.205078,4318.461426,4295.897461,4292.436035,4292.692383,4298.589844,4288.205078,4273.846191,4457.307617,4475.641113,4336.282227,4393.333496,2266.000000,4.000000,85.000000,,,,0.000000,4.000000,4.000000,4.000000,4.000000,4.000000,4.000000,4.000000,4.000000,4.000000,4.000000,4.000000,4.000000,4.000000,4.000000,100.000000,,,,,,,,,,,,,,,,,,,,,,,,,,,,,,,,,,,,,,,,,,,,,,,,,,,,,,,,,,,,,,,,,,,,,,,,,,,,,,,,,,,,,,
1676060252.854009,1676060252.854751,73.000000,0.000000,4282.563965,4311.922852,4284.230957,4316.025879,4289.358887,4286.538574,4287.563965,4290.641113,4287.307617,4278.461426,4448.846191,4464.743652,4336.153809,4385.000000,2244.000000,4.000000,85.000000,,,,0.000000,4.000000,4.000000,4.000000,4.000000,4.000000,4.000000,4.000000,4.000000,4.000000,4.000000,4.000000,4.000000,4.000000,4.000000,100.000000,,,,,,,,,,,,,,,,,,,,,,,,,,,,,,,,,,,,,,,,,,,,,,,,,,,,,,,,,,,,,,,,,,,,,,,,,,,,,,,,,,,,,,
1676060252.861817,1676060252.862560,74.000000,0.000000,4294.871582,4325.000000,4298.846191,4326.666504,4295.384766,4293.717773,4294.230957,4290.769043,4290.897461,4279.871582,4449.871582,4468.333496,4334.743652,4388.717773,2732.000000,4.000000,85.000000,,,,0.000000,4.000000,4.000000,4.000000,4.000000,4.000000,4.000000,4.000000,4.000000,4.000000,4.000000,4.000000,4.000000,4.000000,4.000000,100.000000,,,,,,,,,,,,,,,,,,,,,,,,,,,,,,,,,,,,,,,,,,,,,,,,,,,,,,,,,,,,,,,,,,,,,,,,,,,,,,,,,,,,,,
1676060252.869626,1676060252.870268,75.000000,0.000000,4302.948730,4331.538574,4313.333496,4336.153809,4314.230957,4302.051270,4311.538574,4309.102539,4300.769043,4283.333496,4459.743652,4490.256348,4340.000000,4401.282227,2927.000000,4.000000,85.000000,,,,0.000000,4.000000,4.000000,4.000000,4.000000,4.000000,4.000000,4.000000,4.000000,4.000000,4.000000,4.000000,4.000000,4.000000,4.000000,100.000000,,,,,,,,,,,,,,,,,,,,,,,,,,,,,,,,,,,,,,,,,,,,,,,,,,,,,,,,,,,,,,,,,,,,,,,,,,,,,,,,,,,,,,
1676060252.877434,1676060252.878077,76.000000,0.000000,4300.641113,4323.461426,4313.974121,4333.974121,4318.461426,4297.692383,4306.922852,4314.358887,4299.871582,4280.256348,4464.871582,4496.794922,4351.153809,4410.769043,3119.000000,4.000000,85.000000,,,,0.000000,4.000000,4.000000,4.000000,4.000000,4.000000,4.000000,4.000000,4.000000,4.000000,4.000000,4.000000,4.000000,4.000000,4.000000,100.000000,,,,,,,,,,,,,,,,,,,,,,,,,,,,,,,,,,,,,,,,,,,,,,,,,,,,,,,,,,,,,,,,,,,,,,,,,,,,,,,,,,,,,,
1676060252.885243,1676060252.885785,77.000000,0.000000,4301.410156,4321.410156,4308.461426,4330.000000,4307.948730,4297.820313,4296.282227,4300.512695,4292.179688,4276.153809,4462.051270,4484.230957,4353.205078,4411.666504,3236.000000,4.000000,85.000000,,,,0.000000,4.000000,4.000000,4.000000,4.000000,4.000000,4.000000,4.000000,4.000000,4.000000,4.000000,4.000000,4.000000,4.000000,4.000000,100.000000,,,,,,,,,,,,,,,,,,,,,,,,,,,,,,,,,,,,,,,,,,,,,,,,,,,,,,,,,,,,,,,,,,,,,,,,,,,,,,,,,,,,,,
1676060252.893051,1676060252.893594,78.000000,0.000000,4296.282227,4322.563965,4300.000000,4322.692383,4300.128418,4298.333496,4292.436035,4285.128418,4285.256348,4276.410156,4446.153809,4469.871582,4338.077148,4395.000000,2732.000000,4.000000,85.000000,,,,0.000000,4.000000,4.000000,4.000000,4.000000,4.000000,4.000000,4.000000,4.000000,4.000000,4.000000,4.000000,4.000000,4.000000,4.000000,100.000000,1.000000,58.333332,4.000000,4.000000,3.000000,4.000000,4.000000,4.000000,4.000000,4.000000,4.000000,1.000000,4.000000,3.000000,3.000000,3.000000,2.395525,2.089422,1.462003,1.353637,1.397617,11.672232,3.537082,1.131816,2.251215,1.062832,1.774671,2.352966,1.533207,1.497606,0.963747,7.022947,1.969900,1.081572,1.590682,0.848066,1.019471,0.959780,0.438890,0.895914,0.584016,1.333495,0.950883,0.639894,0.706571,0.459924,0.905707,0.925239,0.616218,1.093405,0.727868,1.035154,2.024453,0.876171,1.465129,0.982022,0.780218,0.793196,1.171802,1.166389,1.051873,1.139484,0.597334,1.780333,1.204328,1.652284,6.355056,2.519460,2.097284,1.330185,1.902390,2.214041,1.625638,2.397071,1.531626,1.837343,5.318076,2.064927,2.675541,1.326903,2.313747,1.923599,1.570749,2.275109,1.100232,2.364483
1676060252.900859,1676060252.901302,79.000000,0.000000,4282.179688,4307.820313,4287.820313,4309.615234,4294.487305,4285.512695,4282.820313,4279.102539,4277.820313,4270.384766,4425.897461,4458.717773,4323.974121,4375.641113,2927.000000,4.000000,85.000000,,,,0.000000,4.000000,4.000000,4.000000,4.000000,4.000000,4.000000,4.000000,4.000000,4.000000,4.000000,4.000000,4.000000,4.000000,4.000000,100.000000,,,,,,,,,,,,,,,,,,,,,,,,,,,,,,,,,,,,,,,,,,,,,,,,,,,,,,,,,,,,,,,,,,,,,,,,,,,,,,,,,,,,,,
1676060252.908668,1676060252.909111,80.000000,0.000000,4282.179688,4301.794922,4289.743652,4309.871582,4293.589844,4283.974121,4285.128418,4284.871582,4273.589844,4261.282227,4427.051270,4458.589844,4324.487305,4380.256348,3119.000000,4.000000,85.000000,,,,0.000000,4.000000,4.000000,4.000000,4.000000,4.000000,4.000000,4.000000,4.000000,4.000000,4.000000,4.000000,4.000000,4.000000,4.000000,100.000000,,,,,,,,,,,,,,,,,,,,,,,,,,,,,,,,,,,,,,,,,,,,,,,,,,,,,,,,,,,,,,,,,,,,,,,,,,,,,,,,,,,,,,
1676060252.916476,1676060252.916819,81.000000,0.000000,4299.230957,4319.487305,4310.641113,4326.153809,4303.461426,4304.102539,4308.974121,4302.948730,4284.487305,4268.717773,4446.922852,4484.102539,4337.307617,4400.897461,3236.000000,4.000000,85.000000,,,,0.000000,4.000000,4.000000,4.000000,4.000000,4.000000,4.000000,4.000000,4.000000,4.000000,4.000000,4.000000,4.000000,4.000000,4.000000,100.000000,,,,,,,,,,,,,,,,,,,,,,,,,,,,,,,,,,,,,,,,,,,,,,,,,,,,,,,,,,,,,,,,,,,,,,,,,,,,,,,,,,,,,,
1676060252.924285,1676060252.924628,82.000000,0.000000,4315.897461,4335.641113,4327.051270,4341.153809,4314.743652,4312.820313,4324.871582,4319.871582,4308.333496,4292.692383,4464.871582,4509.743652,4357.436035,4413.333496,2732.000000,4.000000,85.000000,,,,0.000000,4.000000,4.000000,4.000000,4.000000,4.000000,4.000000,4.000000,4.000000,4.000000,4.000000,4.000000,4.000000,4.000000,4.000000,100.000000,,,,,,,,,,,,,,,,,,,,,,,,,,,,,,,,,,,,,,,,,,,,,,,,,,,,,,,,,,,,,,,,,,,,,,,,,,,,,,,,,,,,,,
1676060252.932093,1676060252.932336,83.000000,0.000000,4311.794922,4331.794922,4317.692383,4337.051270,4317.948730,4300.000000,4317.179688,4317.051270,4310.769043,4297.563965,4464.871582,4500.512695,4365.512695,4409.615234,2927.000000,4.000000,85.000000,,,,0.000000,4.000000,4.000000,4.000000,4.000000,4.000000,4.000000,4.000000,4.000000,4.000000,4.000000,4.000000,4.000000,4.000000,4.000000,100.000000,,,,,,,,,,,,,,,,,,,,,,,,,,,,,,,,,,,,,,,,,,,,,,,,,,,,,,,,,,,,,,,,,,,,,,,,,,,,,,,,,,,,,,
1676060252.939901,1676060252.940145,84.000000,0.000000,4297.820313,4314.615234,4297.307617,4319.743652,4309.871582,4295.000000,4302.948730,4299.102539,4286.282227,4269.230957,4442.436035,4475.000000,4349.487305,4395.769043,3119.000000,4.000000,85.000000,,,,0.000000,4.000000,4.000000,4.000000,4.000000,4.000000,4.000000,4.000000,4.000000,4.000000,4.000000,4.000000,4.000000,4.000000,4.000000,100.000000,,,,,,,,,,,,,,,,,,,,,,,,,,,,,,,,,,,,,,,,,,,,,,,,,,,,,,,,,,,,,,,,,,,,,,,,,,,,,,,,,,,,,,
1676060252.947710,1676060252.947853,85.000000,0.000000,4289.871582,4300.641113,4292.436035,4311.025879,4297.563965,4296.153809,4296.282227,4291.794922,4277.051270,4254.615234,4423.717773,4465.769043,4327.436035,4380.512695,3236.000000,4.000000,85.000000,,,,0.000000,4.000000,4.000000,4.000000,4.000000,4.000000,4.000000,4.000000,4.000000,4.000000,4.000000,4.000000,4.000000,4.000000,4.000000,100.000000,,,,,,,,,,,,,,,,,,,,,,,,,,,,,,,,,,,,,,,,,,,,,,,,,,,,,,,,,,,,,,,,,,,,,,,,,,,,,,,,,,,,,,
1676060252.955518,1676060252.955662,86.000000,0.000000,4284.358887,4304.615234,4300.128418,4314.358887,4296.666504,4294.871582,4300.256348,4299.615234,4287.307617,4272.051270,4428.077148,4467.563965,4326.153809,4378.846191,2732.000000,4.000000,85.000000,,,,0.000000,4.000000,4.000000,4.000000,4.000000,4.000000,4.000000,4.000000,4.000000,4.000000,4.000000,4.000000,4.000000,4.000000,4.000000,100.000000,,,,,,,,,,,,,,,,,,,,,,,,,,,,,,,,,,,,,,,,,,,,,,,,,,,,,,,,,,,,,,,,,,,,,,,,,,,,,,,,,,,,,,
1676060252.963327,1676060252.963370,87.000000,0.000000,4276.538574,4309.487305,4294.102539,4309.487305,4295.897461,4292.692383,4295.897461,4290.769043,4280.128418,4269.358887,4424.358887,4457.436035,4329.743652,4375.897461,2927.000000,4.000000,85.000000,,,,0.000000,4.000000,4.000000,4.000000,4.000000,4.000000,4.000000,4.000000,4.000000,4.000000,4.000000,4.000000,4.000000,4.000000,4.000000,100.000000,,,,,,,,,,,,,,,,,,,,,,,,,,,,,,,,,,,,,,,,,,,,,,,,,,,,,,,,,,,,,,,,,,,,,,,,,,,,,,,,,,,,,,
1676060252.971135,1676060252.971279,88.000000,0.000000,4283.974121,4306.153809,4289.230957,4307.692383,4293.461426,4293.333496,4294.102539,4282.820313,4274.358887,4255.641113,4416.153809,4457.436035,4326.153809,4375.128418,3119.000000,4.000000,85.000000,,,,0.000000,4.000000,4.000000,4.000000,4.000000,4.000000,4.000000,4.000000,4.000000,4.000000,4.000000,4.000000,4.000000,4.000000,4.000000,100.000000,,,,,,,,,,,,,,,,,,,,,,,,,,,,,,,,,,,,,,,,,,,,,,,,,,,,,,,,,,,,,,,,,,,,,,,,,,,,,,,,,,,,,,
1676060252.978943,1676060252.979087,89.000000,0.000000,4307.051270,4316.538574,4310.769043,4324.743652,4308.589844,4306.410156,4314.487305,4304.358887,4295.000000,4277.051270,4437.436035,4485.256348,4339.615234,4399.358887,3236.000000,4.000000,85.000000,,,,0.000000,4.000000,4.000000,4.000000,4.000000,4.000000,4.000000,4.000000,4.000000,4.000000,4.000000,4.000000,4.000000,4.000000,4.000000,100.000000,,,,,,,,,,,,,,,,,,,,,,,,,,,,,,,,,,,,,,,,,,,,,,,,,,,,,,,,,,,,,,,,,,,,,,,,,,,,,,,,,,,,,,
1676060252.986752,1676060252.986996,90.000000,0.000000,4315.256348,4333.717773,4322.307617,4334.615234,4323.333496,4311.922852,4321.922852,4314.487305,4302.563965,4293.717773,4453.077148,4499.871582,4355.769043,4414.743652,2732.000000,4.000000,85.000000,,,,0.000000,4.000000,4.000000,4.000000,4.000000,4.000000,4.000000,4.000000,4.000000,4.000000,4.000000,4.000000,4.000000,4.000000,4.000000,100.000000,,,,,,,,,,,,,,,,,,,,,,,,,,,,,,,,,,,,,,,,,,,,,,,,,,,,,,,,,,,,,,,,,,,,,,,,,,,,,,,,,,,,,,
1676060252.994560,1676060252.994804,91.000000,0.000000,4313.846191,4330.769043,4311.922852,4331.922852,4322.692383,4304.102539,4309.487305,4304.615234,4291.410156,4282.948730,4444.615234,4487.692383,4353.205078,4403.974121,2927.000000,4.000000,85.000000,,,,0.000000,4.000000,4.000000,4.000000,4.000000,4.000000,4.000000,4.000000,4.000000,4.000000,4.000000,4.000000,4.000000,4.000000,4.000000,100.000000,,,,,,,,,,,,,,,,,,,,,,,,,,,,,,,,,,,,,,,,,,,,,,,,,,,,,,,,,,,,,,,,,,,,,,,,,,,,,,,,,,,,,,
1676060253.002369,1676060253.002712,92.000000,0.000000,4316.922852,4325.769043,4316.410156,4334.615234,4326.025879,4307.563965,4315.256348,4311.666504,4298.589844,4279.743652,4448.333496,4489.743652,4351.153809,4404.230957,3119.000000,4.000000,85.000000,,,,0.000000,4.000000,4.000000,4.000000,4.000000,4.000000,4.000000,4.000000,4.000000,4.000000,4.000000,4.000000,4.000000,4.000000,4.000000,100.000000,,,,,,,,,,,,,,,,,,,,,,,,,,,,,,,,,,,,,,,,,,,,,,,,,,,,,,,,,,,,,,,,,,,,,,,,,,,,,,,,,,,,,,
1676060253.010177,1676060253.010521,93.000000,0.000000,4313.846191,4332.307617,4323.717773,4332.179688,4323.974121,4310.512695,4318.974121,4314.487305,4303.717773,4286.794922,4454.487305,4499.230957,4356.538574,4412.820313,3236.000000,4.000000,85.000000,,,,0.000000,4.000000,4.000000,4.000000,4.000000,4.000000,4.000000,4.000000,4.000000,4.000000,4.000000,4.000000,4.000000,4.000000,4.000000,100.000000,,,,,,,,,,,,,,,,,,,,,,,,,,,,,,,,,,,,,,,,,,,,,,,,,,,,,,,,,,,,,,,,,,,,,,,,,,,,,,,,,,,,,,
1676060253.017985,1676060253.018429,94.000000,0.000000,4306.666504,4329.487305,4312.820313,4320.897461,4308.589844,4301.794922,4300.256348,4293.974121,4286.538574,4277.948730,4443.589844,4485.384766,4353.461426,4402.820313,2732.000000,4.000000,85.000000,,,,0.000000,4.000000,4.000000,4.000000,4.000000,4.000000,4.000000,4.000000,4.000000,4.000000,4.000000,4.000000,4.000000,4.000000,4.000000,100.000000,,,,,,,,,,,,,,,,,2.038327,1.656115,1.162384,1.297460,1.454621,8.575253,2.680349,0.970934,2.194939,1.116567,1.448266,1.917950,1.467401,1.403795,0.932468,5.806354,1.565711,0.910170,1.564956,0.860616,0.878450,0.991443,0.365715,0.831642,0.634811,0.841938,0.646596,0.479072,0.670566,0.438588,0.788400,0.869776,0.603055,1.034765,0.676150,0.915294,1.771556,0.802958,1.372221,0.875725,0.713291,0.775525,1.087901,1.062744,0.974557,1.108772,0.634936,1.797379,1.123291,1.528906,7.241381,2.358312,1.741881,1.115337,1.842703,2.331043,1.352018,2.139057,1.351415,1.737601,4.457189,1.812750,2.609390,1.052529,2.421340,2.008255,1.253169,2.205199,0.869570,2.383727
1676060253.025794,1676060253.026238,95.000000,0.000000,4306.922852,4316.794922,4307.051270,4318.333496,4308.974121,4302.179688,4291.666504,4287.436035,4277.563965,4264.230957,4434.615234,4473.205078,4344.102539,4394.615234,2927.000000,4.000000,85.000000,,,,0.000000,4.000000,4.000000,4.000000,4.000000,4.000000,4.000000,4.000000,4.000000,4.000000,4.000000,4.000000,4.000000,4.000000,4.000000,100.000000,,,,,,,,,,,,,,,,,,,,,,,,,,,,,,,,,,,,,,,,,,,,,,,,,,,,,,,,,,,,,,,,,,,,,,,,,,,,,,,,,,,,,,
1676060253.033602,1676060253.034146,96.000000,0.000000,4312.948730,4317.307617,4311.538574,4320.641113,4318.846191,4303.974121,4296.153809,4296.025879,4282.051270,4267.307617,4433.717773,4477.307617,4344.871582,4398.589844,3119.000000,4.000000,85.000000,,,,0.000000,4.000000,4.000000,4.000000,4.000000,4.000000,4.000000,4.000000,4.000000,4.000000,4.000000,4.000000,4.000000,4.000000,4.000000,100.000000,,,,,,,,,,,,,,,,,,,,,,,,,,,,,,,,,,,,,,,,,,,,,,,,,,,,,,,,,,,,,,,,,,,,,,,,,,,,,,,,,,,,,,
1676060253.041410,1676060253.041954,97.000000,0.000000,4312.948730,4325.769043,4312.179688,4321.410156,4315.897461,4297.948730,4300.769043,4299.487305,4285.256348,4275.512695,4431.922852,4480.641113,4348.333496,4397.563965,3236.000000,4.000000,85.000000,,,,0.000000,4.000000,4.000000,4.000000,4.000000,4.000000,4.000000,4.000000,4.000000,4.000000,4.000000,4.000000,4.000000,4.000000,4.000000,100.000000,,,,,,,,,,,,,,,,,,,,,,,,,,,,,,,,,,,,,,,,,,,,,,,,,,,,,,,,,,,,,,,,,,,,,,,,,,,,,,,,,,,,,,
1676060253.049219,1676060253.049863,98.000000,0.000000,4301.410156,4314.358887,4307.563965,4315.641113,4309.102539,4294.871582,4305.897461,4302.307617,4290.384766,4277.179688,4430.384766,4476.025879,4341.922852,4389.487305,2732.000000,4.000000,85.000000,,,,0.000000,4.000000,4.000000,4.000000,4.000000,4.000000,4.000000,4.000000,4.000000,4.000000,4.000000,4.000000,4.000000,4.000000,4.000000,100.000000,,,,,,,,,,,,,,,,,,,,,,,,,,,,,,,,,,,,,,,,,,,,,,,,,,,,,,,,,,,,,,,,,,,,,,,,,,,,,,,,,,,,,,
1676060253.057027,1676060253.057671,99.000000,0.000000,4298.333496,4299.102539,4302.948730,4307.692383,4305.769043,4294.487305,4303.974121,4302.692383,4294.487305,4280.512695,4436.794922,4474.102539,4347.820313,4390.384766,2927.000000,4.000000,85.000000,,,,0.000000,4.000000,4.000000,4.000000,4.000000,4.000000,4.000000,4.000000,4.000000,4.000000,4.000000,4.000000,4.000000,4.000000,4.000000,100.000000,,,,,,,,,,,,,,,,,,,,,,,,,,,,,,,,,,,,,,,,,,,,,,,,,,,,,,,,,,,,,,,,,,,,,,,,,,,,,,,,,,,,,,
1676060253.064835,1676060253.065380,100.000000,0.000000,4325.769043,4314.102539,4319.487305,4321.794922,4315.384766,4303.205078,4312.051270,4314.230957,4303.974121,4298.205078,4465.897461,4497.820313,4385.641113,4422.436035,3119.000000,4.000000,85.000000,,,,0.000000,4.000000,4.000000,4.000000,4.000000,4.000000,4.000000,4.000000,4.000000,4.000000,4.000000,4.000000,4.000000,4.000000,4.000000,100.000000,,,,,,,,,,,,,,,,,,,,,,,,,,,,,,,,,,,,,,,,,,,,,,,,,,,,,,,,,,,,,,,,,,,,,,,,,,,,,,,,,,,,,,
1676060253.072644,1676060253.073188,101.000000,0.000000,4334.358887,4317.820313,4329.743652,4328.589844,4317.436035,4307.948730,4321.153809,4326.025879,4309.871582,4304.358887,4485.897461,4511.410156,4404.871582,4441.153809,3236.000000,4.000000,85.000000,,,,0.000000,4.000000,4.000000,4.000000,4.000000,4.000000,4.000000,4.000000,4.000000,4.000000,4.000000,4.000000,4.000000,4.000000,4.000000,100.000000,,,,,,,,,,,,,,,,,,,,,,,,,,,,,,,,,,,,,,,,,,,,,,,,,,,,,,,,,,,,,,,,,,,,,,,,,,,,,,,,,,,,,,
1676060253.080452,1676060253.080897,102.000000,0.000000,4302.692383,4281.410156,4300.641113,4298.333496,4298.333496,4294.102539,4301.153809,4304.871582,4291.410156,4282.436035,4462.820313,4482.051270,4380.384766,4409.358887,2732.000000,4.000000,85.000000,,,,0.000000,4.000000,4.000000,4.000000,4.000000,4.000000,4.000000,4.000000,4.000000,4.000000,4.000000,4.000000,4.000000,4.000000,4.000000,100.000000,,,,,,,,,,,,,,,,,,,,,,,,,,,,,,,,,,,,,,,,,,,,,,,,,,,,,,,,,,,,,,,,,,,,,,,,,,,,,,,,,,,,,,
1676060253.088261,1676060253.088705,103.000000,0.000000,4293.205078,4261.025879,4288.974121,4280.000000,4298.461426,4293.974121,4287.307617,4285.384766,4279.358887,4272.307617,4451.153809,4468.846191,4377.692383,4396.025879,2927.000000,4.000000,85.000000,,,,0.000000,4.000000,4.000000,4.000000,4.000000,4.000000,4.000000,4.000000,4.000000,4.000000,4.000000,4.000000,4.000000,4.000000,4.000000,100.000000,,,,,,,,,,,,,,,,,,,,,,,,,,,,,,,,,,,,,,,,,,,,,,,,,,,,,,,,,,,,,,,,,,,,,,,,,,,,,,,,,,,,,,
1676060253.096069,1676060253.096414,104.000000,0.000000,4317.563965,4285.000000,4317.563965,4302.051270,4321.922852,4309.487305,4313.461426,4305.897461,4298.333496,4290.256348,4482.051270,4503.205078,4411.153809,4434.102539,3119.000000,4.000000,85.000000,,,,0.000000,4.000000,4.000000,4.000000,4.000000,4.000000,4.000000,4.000000,4.000000,4.000000,4.000000,4.000000,4.000000,4.000000,4.000000,100.000000,,,,,,,,,,,,,,,,,,,,,,,,,,,,,,,,,,,,,,,,,,,,,,,,,,,,,,,,,,,,,,,,,,,,,,,,,,,,,,,,,,,,,,
1676060253.103877,1676060253.104222,105.000000,0.000000,4326.538574,4302.948730,4328.846191,4317.563965,4325.256348,4303.974121,4326.538574,4324.871582,4311.153809,4302.436035,4498.717773,4519.487305,4423.846191,4451.666504,3236.000000,4.000000,85.000000,,,,0.000000,4.000000,4.000000,4.000000,4.000000,4.000000,4.000000,4.000000,4.000000,4.000000,4.000000,4.000000,4.000000,4.000000,4.000000,100.000000,,,,,,,,,,,,,,,,,,,,,,,,,,,,,,,,,,,,,,,,,,,,,,,,,,,,,,,,,,,,,,,,,,,,,,,,,,,,,,,,,,,,,,
1676060253.111686,1676060253.111931,106.000000,0.000000,4313.846191,4288.077148,4311.153809,4303.333496,4304.743652,4288.974121,4303.205078,4307.179688,4294.871582,4291.282227,4475.128418,4491.794922,4402.820313,4423.461426,2732.000000,4.000000,85.000000,,,,0.000000,4.000000,4.000000,4.000000,4.000000,4.000000,4.000000,4.000000,4.000000,4.000000,4.000000,4.000000,4.000000,4.000000,4.000000,100.000000,,,,,,,,,,,,,,,,,,,,,,,,,,,,,,,,,,,,,,,,,,,,,,,,,,,,,,,,,,,,,,,,,,,,,,,,,,,,,,,,,,,,,,
1676060253.119494,1676060253.119839,107.000000,0.000000,4310.512695,4277.179688,4297.307617,4293.717773,4297.820313,4292.692383,4290.769043,4288.717773,4278.974121,4276.025879,4450.256348,4469.871582,4382.179688,4402.307617,2927.000000,4.000000,85.000000,,,,0.000000,4.000000,4.000000,4.000000,4.000000,4.000000,4.000000,4.000000,4.000000,4.000000,4.000000,4.000000,4.000000,4.000000,4.000000,100.000000,,,,,,,,,,,,,,,,,,,,,,,,,,,,,,,,,,,,,,,,,,,,,,,,,,,,,,,,,,,,,,,,,,,,,,,,,,,,,,,,,,,,,,
1676060253.127303,1676060253.127647,108.000000,0.000000,4314.102539,4284.358887,4288.717773,4298.077148,4303.846191,4296.922852,4294.487305,4292.820313,4281.153809,4265.769043,4446.410156,4467.179688,4375.641113,4398.461426,3119.000000,4.000000,85.000000,,,,0.000000,4.000000,4.000000,4.000000,4.000000,4.000000,4.000000,4.000000,4.000000,4.000000,4.000000,4.000000,4.000000,4.000000,4.000000,100.000000,,,,,,,,,,,,,,,,,,,,,,,,,,,,,,,,,,,,,,,,,,,,,,,,,,,,,,,,,,,,,,,,,,,,,,,,,,,,,,,,,,,,,,
1676060253.135111,1676060253.135456,109.000000,0.000000,4302.436035,4280.000000,4281.666504,4289.743652,4301.025879,4286.410156,4288.461426,4294.102539,4282.563965,4262.436035,4453.461426,4461.794922,4376.794922,4395.256348,3236.000000,4.000000,85.000000,,,,0.000000,4.000000,4.000000,4.000000,4.000000,4.000000,4.000000,4.000000,4.000000,4.000000,4.000000,4.000000,4.000000,4.000000,4.000000,100.000000,,,,,,,,,,,,,,,,,,,,,,,,,,,,,,,,,,,,,,,,,,,,,,,,,,,,,,,,,,,,,,,,,,,,,,,,,,,,,,,,,,,,,,
1676060253.142919,1676060253.143164,110.000000,0.000000,4292.179688,4262.563965,4286.666504,4275.000000,4289.358887,4277.436035,4286.922852,4289.102539,4279.871582,4274.487305,4460.512695,4463.333496,4388.077148,4403.077148,2732.000000,4.000000,85.000000,,,,0.000000,4.000000,4.000000,4.000000,4.000000,4.000000,4.000000,4.000000,4.000000,4.000000,4.000000,4.000000,4.000000,4.000000,4.000000,100.000000,,,,,,,,,,,,,,,,,1.655014,1.273034,0.917226,1.125401,1.446340,5.775207,1.880903,0.850645,1.930001,1.153291,1.154964,1.558910,1.372081,1.182253,0.895095,4.760835,1.253890,0.781456,1.388897,0.875477,0.714881,1.087817,0.385305,0.711707,0.688646,0.621385,0.562008,0.420261,0.599345,0.423628,0.682577,0.859168,0.623150,0.894677,0.630066,0.828045,1.529105,0.764530,1.183913,0.779136,0.656806,0.731844,1.029154,0.933654,0.906249,1.034991,0.693594,1.775905,1.089767,1.387900,7.846556,2.092140,1.534945,0.965197,1.792805,2.557651,1.151037,1.875371,1.107478,1.636422,3.630384,1.434976,2.531233,0.824268,2.460749,2.097603,0.957521,2.107711,0.660365,2.354329
1676060253.150728,1676060253.151073,111.000000,0.000000,4303.461426,4260.000000,4296.153809,4283.974121,4287.692383,4283.077148,4296.922852,4292.563965,4287.051270,4282.436035,4462.179688,4474.743652,4393.846191,4414.230957,2927.000000,4.000000,85.000000,,,,0.000000,4.000000,4.000000,4.000000,4.000000,4.000000,4.000000,4.000000,4.000000,4.000000,4.000000,4.000000,4.000000,4.000000,4.000000,100.000000,,,,,,,,,,,,,,,,,,,,,,,,,,,,,,,,,,,,,,,,,,,,,,,,,,,,,,,,,,,,,,,,,,,,,,,,,,,,,,,,,,,,,,
1676060253.158536,1676060253.158881,112.000000,0.000000,4315.769043,4270.256348,4295.256348,4296.794922,4299.487305,4288.461426,4293.974121,4294.487305,4292.307617,4274.102539,4461.922852,4473.717773,4387.179688,4411.282227,3119.000000,4.000000,85.000000,,,,0.000000,4.000000,4.000000,4.000000,4.000000,4.000000,4.000000,4.000000,4.000000,4.000000,4.000000,4.000000,4.000000,4.000000,4.000000,100.000000,,,,,,,,,,,,,,,,,,,,,,,,,,,,,,,,,,,,,,,,,,,,,,,,,,,,,,,,,,,,,,,,,,,,,,,,,,,,,,,,,,,,,,
1676060253.166345,1676060253.166790,113.000000,0.000000,4319.487305,4276.666504,4298.846191,4298.717773,4310.000000,4293.461426,4292.692383,4299.871582,4295.000000,4284.487305,4477.307617,4479.743652,4402.948730,4422.307617,3236.000000,4.000000,85.000000,,,,0.000000,4.000000,4.000000,4.000000,4.000000,4.000000,4.000000,4.000000,4.000000,4.000000,4.000000,4.000000,4.000000,4.000000,4.000000,100.000000,,,,,,,,,,,,,,,,,,,,,,,,,,,,,,,,,,,,,,,,,,,,,,,,,,,,,,,,,,,,,,,,,,,,,,,,,,,,,,,,,,,,,,
1676060253.174153,1676060253.174598,114.000000,0.000000,4330.128418,4282.948730,4315.384766,4307.563965,4313.846191,4298.717773,4306.666504,4316.666504,4306.282227,4306.410156,4500.512695,4506.410156,4431.794922,4449.871582,2732.000000,4.000000,85.000000,,,,0.000000,4.000000,4.000000,4.000000,4.000000,4.000000,4.000000,4.000000,4.000000,4.000000,4.000000,4.000000,4.000000,4.000000,4.000000,100.000000,,,,,,,,,,,,,,,,,,,,,,,,,,,,,,,,,,,,,,,,,,,,,,,,,,,,,,,,,,,,,,,,,,,,,,,,,,,,,,,,,,,,,,
1676060253.181961,1676060253.182506,115.000000,0.000000,4324.230957,4274.615234,4307.307617,4303.461426,4302.179688,4289.230957,4303.205078,4314.487305,4303.846191,4293.589844,4488.717773,4500.384766,4413.589844,4437.820313,2927.000000,4.000000,85.000000,,,,0.000000,4.000000,4.000000,4.000000,4.000000,4.000000,4.000000,4.000000,4.000000,4.000000,4.000000,4.000000,4.000000,4.000000,4.000000,100.000000,,,,,,,,,,,,,,,,,,,,,,,,,,,,,,,,,,,,,,,,,,,,,,,,,,,,,,,,,,,,,,,,,,,,,,,,,,,,,,,,,,,,,,
1676060253.189770,1676060253.190315,116.000000,0.000000,4309.102539,4261.153809,4290.512695,4288.846191,4296.282227,4285.384766,4291.410156,4301.922852,4292.948730,4275.384766,4465.384766,4472.692383,4385.512695,4410.384766,3119.000000,4.000000,85.000000,,,,0.000000,4.000000,4.000000,4.000000,4.000000,4.000000,4.000000,4.000000,4.000000,4.000000,4.000000,4.000000,4.000000,4.000000,4.000000,100.000000,,,,,,,,,,,,,,,,,,,,,,,,,,,,,,,,,,,,,,,,,,,,,,,,,,,,,,,,,,,,,,,,,,,,,,,,,,,,,,,,,,,,,,
1676060253.197578,1676060253.198223,117.000000,0.000000,4318.846191,4270.000000,4303.333496,4295.641113,4302.436035,4295.384766,4298.077148,4308.077148,4294.102539,4280.000000,4471.282227,4476.410156,4398.333496,4420.256348,3236.000000,4.000000,85.000000,,,,0.000000,4.000000,4.000000,4.000000,4.000000,4.000000,4.000000,4.000000,4.000000,4.000000,4.000000,4.000000,4.000000,4.000000,4.000000,100.000000,,,,,,,,,,,,,,,,,,,,,,,,,,,,,,,,,,,,,,,,,,,,,,,,,,,,,,,,,,,,,,,,,,,,,,,,,,,,,,,,,,,,,,
1676060253.205387,1676060253.206032,118.000000,0.000000,4318.205078,4267.051270,4303.589844,4291.922852,4292.692383,4291.025879,4297.307617,4303.333496,4284.230957,4273.974121,4472.563965,4476.282227,4400.897461,4423.846191,2732.000000,4.000000,85.000000,,,,0.000000,4.000000,4.000000,4.000000,4.000000,4.000000,4.000000,4.000000,4.000000,4.000000,4.000000,4.000000,4.000000,4.000000,4.000000,100.000000,,,,,,,,,,,,,,,,,,,,,,,,,,,,,,,,,,,,,,,,,,,,,,,,,,,,,,,,,,,,,,,,,,,,,,,,,,,,,,,,,,,,,,
1676060253.213195,1676060253.213940,119.000000,0.000000,4313.589844,4255.512695,4293.333496,4280.641113,4292.948730,4286.666504,4292.051270,4286.794922,4278.333496,4264.615234,4473.077148,4471.410156,4399.102539,4421.666504,2927.000000,4.000000,85.000000,,,,0.000000,4.000000,4.000000,4.000000,4.000000,4.000000,4.000000,4.000000,4.000000,4.000000,4.000000,4.000000,4.000000,4.000000,4.000000,100.000000,,,,,,,,,,,,,,,,,,,,,,,,,,,,,,,,,,,,,,,,,,,,,,,,,,,,,,,,,,,,,,,,,,,,,,,,,,,,,,,,,,,,,,
1676060253.221003,1676060253.221748,120.000000,0.000000,4346.410156,4283.589844,4323.717773,4308.461426,4321.153809,4302.436035,4307.948730,4301.410156,4301.794922,4284.102539,4501.666504,4502.051270,4433.717773,4456.922852,3119.000000,4.000000,85.000000,,,,0.000000,4.000000,4.000000,4.000000,4.000000,4.000000,4.000000,4.000000,4.000000,4.000000,4.000000,4.000000,4.000000,4.000000,4.000000,100.000000,,,,,,,,,,,,,,,,,,,,,,,,,,,,,,,,,,,,,,,,,,,,,,,,,,,,,,,,,,,,,,,,,,,,,,,,,,,,,,,,,,,,,,
1676060253.228812,1676060253.229657,121.000000,0.000000,4363.077148,4306.153809,4344.871582,4330.000000,4325.384766,4302.692383,4308.846191,4315.128418,4307.179688,4298.717773,4509.358887,4518.846191,4442.563965,4471.538574,3236.000000,4.000000,85.000000,,,,0.000000,4.000000,4.000000,4.000000,4.000000,4.000000,4.000000,4.000000,4.000000,4.000000,4.000000,4.000000,4.000000,4.000000,4.000000,100.000000,,,,,,,,,,,,,,,,,,,,,,,,,,,,,,,,,,,,,,,,,,,,,,,,,,,,,,,,,,,,,,,,,,,,,,,,,,,,,,,,,,,,,,
1676060253.236620,1676060253.237465,122.000000,0.000000,4345.128418,4286.410156,4323.589844,4310.769043,4304.487305,4283.846191,4295.641113,4302.051270,4292.820313,4292.307617,4487.051270,4501.794922,4412.307617,4444.230957,2732.000000,4.000000,85.000000,,,,0.000000,4.000000,4.000000,4.000000,4.000000,4.000000,4.000000,4.000000,4.000000,4.000000,4.000000,4.000000,4.000000,4.000000,4.000000,100.000000,,,,,,,,,,,,,,,,,,,,,,,,,,,,,,,,,,,,,,,,,,,,,,,,,,,,,,,,,,,,,,,,,,,,,,,,,,,,,,,,,,,,,,
1676060253.244428,1676060253.245174,123.000000,0.000000,4342.948730,4274.743652,4318.846191,4300.384766,4307.820313,4281.282227,4304.871582,4304.743652,4303.589844,4295.897461,4488.205078,4502.307617,4413.846191,4444.230957,2927.000000,4.000000,85.000000,,,,0.000000,4.000000,4.000000,4.000000,4.000000,4.000000,4.000000,4.000000,4.000000,4.000000,4.000000,4.000000,4.000000,4.000000,4.000000,100.000000,,,,,,,,,,,,,,,,,,,,,,,,,,,,,,,,,,,,,,,,,,,,,,,,,,,,,,,,,,,,,,,,,,,,,,,,,,,,,,,,,,,,,,
1676060253.252237,1676060253.252982,124.000000,0.000000,4349.743652,4280.000000,4331.922852,4308.461426,4312.948730,4285.384766,4310.000000,4321.538574,4308.077148,4297.179688,4496.666504,4512.563965,4426.538574,4460.897461,3119.000000,4.000000,85.000000,,,,0.000000,4.000000,4.000000,4.000000,4.000000,4.000000,4.000000,4.000000,4.000000,4.000000,4.000000,4.000000,4.000000,4.000000,4.000000,100.000000,,,,,,,,,,,,,,,,,,,,,,,,,,,,,,,,,,,,,,,,,,,,,,,,,,,,,,,,,,,,,,,,,,,,,,,,,,,,,,,,,,,,,,
1676060253.260045,1676060253.260691,125.000000,0.000000,4346.922852,4279.743652,4331.410156,4309.743652,4298.589844,4281.538574,4300.128418,4324.743652,4293.974121,4286.282227,4492.692383,4511.410156,4418.974121,4459.230957,3236.000000,4.000000,85.000000,,,,0.000000,4.000000,4.000000,4.000000,4.000000,4.000000,4.000000,4.000000,4.000000,4.000000,4.000000,4.000000,4.000000,4.000000,4.000000,100.000000,,,,,,,,,,,,,,,,,,,,,,,,,,,,,,,,,,,,,,,,,,,,,,,,,,,,,,,,,,,,,,,,,,,,,,,,,,,,,,,,,,,,,,
1676060253.267853,1676060253.268499,126.000000,0.000000,4347.051270,4282.307617,4328.077148,4307.051270,4295.512695,4277.692383,4298.461426,4318.205078,4294.102539,4279.743652,4486.282227,4503.205078,4406.025879,4450.769043,2732.000000,4.000000,85.000000,,,,0.000000,4.000000,4.000000,4.000000,4.000000,4.000000,4.000000,4.000000,4.000000,4.000000,4.000000,4.000000,4.000000,4.000000,4.000000,100.000000,,,,,,,,,,,,,,,,,1.346621,1.015954,0.806970,0.914689,1.354836,4.042398,1.259986,0.878735,1.567758,1.144953,0.956995,1.338703,1.326918,0.919566,0.844864,4.072952,1.058052,0.760059,1.135243,0.867078,0.568363,1.185481,0.510394,0.583980,0.713518,0.554698,0.601186,0.427691,0.501561,0.404645,0.627010,0.886985,0.705543,0.726750,0.581099,0.824228,1.316868,0.826268,0.967382,0.700599,0.599823,0.664566,1.060414,0.821376,0.835484,0.943150,0.763644,1.725275,1.111002,1.232382,8.041989,1.838779,1.630384,0.954725,1.707112,2.783626,1.049649,1.696270,0.898273,1.512458,3.008033,1.069559,2.474255,0.713951,2.372983,2.119289,0.757831,2.027032,0.544740,2.247038
1676060253.275662,1676060253.276208,127.000000,0.000000,4344.871582,4283.974121,4324.615234,4304.871582,4306.922852,4282.307617,4299.358887,4313.333496,4297.051270,4276.794922,4469.487305,4488.333496,4387.948730,4436.922852,85.000000,4.000000,85.000000,,,,0.000000,4.000000,4.000000,4.000000,4.000000,4.000000,4.000000,4.000000,4.000000,4.000000,4.000000,4.000000,4.000000,4.000000,4.000000,100.000000,,,,,,,,,,,,,,,,,,,,,,,,,,,,,,,,,,,,,,,,,,,,,,,,,,,,,,,,,,,,,,,,,,,,,,,,,,,,,,,,,,,,,,
1676060253.283470,1676060253.284116,0.000000,0.000000,4337.051270,4276.025879,4321.282227,4300.641113,4311.666504,4292.051270,4297.692383,4315.641113,4294.871582,4279.487305,4466.538574,4488.846191,4388.205078,4437.436035,2520.000000,4.000000,85.000000,,,,0.000000,4.000000,4.000000,4.000000,4.000000,4.000000,4.000000,4.000000,4.000000,4.000000,4.000000,4.000000,4.000000,4.000000,4.000000,100.000000,,,,,,,,,,,,,,,,,,,,,,,,,,,,,,,,,,,,,,,,,,,,,,,,,,,,,,,,,,,,,,,,,,,,,,,,,,,,,,,,,,,,,,
1676060253.291279,1676060253.291925,1.000000,0.000000,4338.589844,4274.358887,4324.743652,4297.948730,4306.794922,4295.384766,4307.307617,4319.743652,4301.410156,4291.794922,4490.512695,4508.589844,4414.230957,4460.641113,2478.000000,4.000000,85.000000,,,,0.000000,4.000000,4.000000,4.000000,4.000000,4.000000,4.000000,4.000000,4.000000,4.000000,4.000000,4.000000,4.000000,4.000000,4.000000,100.000000,,,,,,,,,,,,,,,,,,,,,,,,,,,,,,,,,,,,,,,,,,,,,,,,,,,,,,,,,,,,,,,,,,,,,,,,,,,,,,,,,,,,,,
1676060253.299087,1676060253.299833,2.000000,0.000000,4346.538574,4282.563965,4324.871582,4299.102539,4303.846191,4293.589844,4310.769043,4313.077148,4307.436035,4295.000000,4500.128418,4509.102539,4422.563965,4465.897461,2404.000000,4.000000,85.000000,,,,0.000000,4.000000,4.000000,4.000000,4.000000,4.000000,4.000000,4.000000,4.000000,4.000000,4.000000,4.000000,4.000000,4.000000,4.000000,100.000000,,,,,,,,,,,,,,,,,,,,,,,,,,,,,,,,,,,,,,,,,,,,,,,,,,,,,,,,,,,,,,,,,,,,,,,,,,,,,,,,,,,,,,
1676060253.306895,1676060253.307641,3.000000,0.000000,4348.077148,4285.512695,4316.666504,4304.230957,4307.307617,4292.563965,4305.769043,4305.769043,4303.077148,4281.922852,4483.846191,4494.487305,4407.051270,4447.179688,2471.000000,4.000000,85.000000,,,,0.000000,4.000000,4.000000,4.000000,4.000000,4.000000,4.000000,4.000000,4.000000,4.000000,4.000000,4.000000,4.000000,4.000000,4.000000,100.000000,,,,,,,,,,,,,,,,,,,,,,,,,,,,,,,,,,,,,,,,,,,,,,,,,,,,,,,,,,,,,,,,,,,,,,,,,,,,,,,,,,,,,,
1676060253.314704,1676060253.315450,4.000000,0.000000,4343.461426,4286.025879,4319.102539,4309.487305,4309.871582,4292.948730,4315.384766,4315.384766,4302.563965,4278.077148,4474.487305,4498.205078,4398.333496,4439.871582,2429.000000,4.000000,85.000000,,,,0.000000,4.000000,4.000000,4.000000,4.000000,4.000000,4.000000,4.000000,4.000000,4.000000,4.000000,4.000000,4.000000,4.000000,4.000000,100.000000,,,,,,,,,,,,,,,,,,,,,,,,,,,,,,,,,,,,,,,,,,,,,,,,,,,,,,,,,,,,,,,,,,,,,,,,,,,,,,,,,,,,,,
1676060253.322512,1676060253.323158,5.000000,0.000000,4344.871582,4294.487305,4334.615234,4316.153809,4313.717773,4296.153809,4325.256348,4326.282227,4307.563965,4285.000000,4482.692383,4514.230957,4400.641113,4446.153809,2374.000000,4.000000,85.000000,,,,0.000000,4.000000,4.000000,4.000000,4.000000,4.000000,4.000000,4.000000,4.000000,4.000000,4.000000,4.000000,4.000000,4.000000,4.000000,100.000000,,,,,,,,,,,,,,,,,,,,,,,,,,,,,,,,,,,,,,,,,,,,,,,,,,,,,,,,,,,,,,,,,,,,,,,,,,,,,,,,,,,,,,
1676060253.330320,1676060253.330967,6.000000,0.000000,4340.256348,4289.487305,4329.615234,4307.948730,4308.974121,4292.692383,4309.230957,4319.230957,4300.384766,4281.538574,4480.256348,4504.102539,4396.922852,4440.256348,2222.000000,4.000000,85.000000,,,,0.000000,4.000000,4.000000,4.000000,4.000000,4.000000,4.000000,4.000000,4.000000,4.000000,4.000000,4.000000,4.000000,4.000000,4.000000,100.000000,,,,,,,,,,,,,,,,,,,,,,,,,,,,,,,,,,,,,,,,,,,,,,,,,,,,,,,,,,,,,,,,,,,,,,,,,,,,,,,,,,,,,,
1676060253.338129,1676060253.338675,7.000000,0.000000,4327.563965,4271.538574,4313.717773,4291.922852,4296.794922,4282.563965,4293.461426,4315.128418,4293.205078,4283.077148,4474.102539,4488.077148,4393.205078,4432.820313,2219.000000,4.000000,85.000000,,,,0.000000,4.000000,4.000000,4.000000,4.000000,4.000000,4.000000,4.000000,4.000000,4.000000,4.000000,4.000000,4.000000,4.000000,4.000000,100.000000,,,,,,,,,,,,,,,,,,,,,,,,,,,,,,,,,,,,,,,,,,,,,,,,,,,,,,,,,,,,,,,,,,,,,,,,,,,,,,,,,,,,,,
1676060253.345937,1676060253.346484,8.000000,0.000000,4339.230957,4280.512695,4327.436035,4304.743652,4297.179688,4280.897461,4302.948730,4329.615234,4309.871582,4297.820313,4492.051270,4506.666504,4410.512695,4450.256348,2262.000000,4.000000,85.000000,,,,0.000000,4.000000,4.000000,4.000000,4.000000,4.000000,4.000000,4.000000,4.000000,4.000000,4.000000,4.000000,4.000000,4.000000,4.000000,100.000000,,,,,,,,,,,,,,,,,,,,,,,,,,,,,,,,,,,,,,,,,,,,,,,,,,,,,,,,,,,,,,,,,,,,,,,,,,,,,,,,,,,,,,
1676060253.353746,1676060253.354192,9.000000,0.000000,4346.538574,4293.846191,4337.179688,4321.538574,4300.897461,4280.512695,4303.846191,4331.153809,4313.846191,4296.538574,4493.717773,4514.743652,4410.128418,4450.769043,2237.000000,4.000000,85.000000,,,,0.000000,4.000000,4.000000,4.000000,4.000000,4.000000,4.000000,4.000000,4.000000,4.000000,4.000000,4.000000,4.000000,4.000000,4.000000,100.000000,,,,,,,,,,,,,,,,,,,,,,,,,,,,,,,,,,,,,,,,,,,,,,,,,,,,,,,,,,,,,,,,,,,,,,,,,,,,,,,,,,,,,,
1676060253.361554,1676060253.362101,10.000000,0.000000,4318.974121,4276.794922,4311.153809,4307.307617,4291.025879,4273.205078,4287.563965,4307.563965,4284.487305,4276.922852,4456.153809,4484.487305,4374.871582,4412.179688,2713.000000,4.000000,85.000000,,,,0.000000,4.000000,4.000000,4.000000,4.000000,4.000000,4.000000,4.000000,4.000000,4.000000,4.000000,4.000000,4.000000,4.000000,4.000000,100.000000,,,,,,,,,,,,,,,,,,,,,,,,,,,,,,,,,,,,,,,,,,,,,,,,,,,,,,,,,,,,,,,,,,,,,,,,,,,,,,,,,,,,,,
1676060253.369362,1676060253.369909,11.000000,0.000000,4310.897461,4273.077148,4303.589844,4307.307617,4289.102539,4279.487305,4294.871582,4303.846191,4280.641113,4272.692383,4452.563965,4485.512695,4375.641113,4407.436035,2917.000000,4.000000,85.000000,,,,0.000000,4.000000,4.000000,4.000000,4.000000,4.000000,4.000000,4.000000,4.000000,4.000000,4.000000,4.000000,4.000000,4.000000,4.000000,100.000000,,,,,,,,,,,,,,,,,,,,,,,,,,,,,,,,,,,,,,,,,,,,,,,,,,,,,,,,,,,,,,,,,,,,,,,,,,,,,,,,,,,,,,
1676060253.377171,1676060253.377817,12.000000,0.000000,4326.282227,4279.102539,4318.717773,4328.846191,4298.717773,4286.666504,4310.256348,4320.897461,4313.461426,4290.128418,4481.666504,4516.538574,4404.743652,4432.436035,3112.000000,4.000000,85.000000,,,,0.000000,4.000000,4.000000,4.000000,4.000000,4.000000,4.000000,4.000000,4.000000,4.000000,4.000000,4.000000,4.000000,4.000000,4.000000,100.000000,,,,,,,,,,,,,,,,,,,,,,,,,,,,,,,,,,,,,,,,,,,,,,,,,,,,,,,,,,,,,,,,,,,,,,,,,,,,,,,,,,,,,,
1676060253.384979,1676060253.385626,13.000000,0.000000,4303.717773,4251.538574,4295.128418,4313.333496,4285.897461,4269.487305,4290.641113,4305.256348,4298.589844,4278.333496,4460.641113,4496.794922,4387.307617,4411.025879,3223.000000,4.000000,85.000000,,,,0.000000,4.000000,4.000000,4.000000,4.000000,4.000000,4.000000,4.000000,4.000000,4.000000,4.000000,4.000000,4.000000,4.000000,4.000000,100.000000,,,,,,,,,,,,,,,,,,,,,,,,,,,,,,,,,,,,,,,,,,,,,,,,,,,,,,,,,,,,,,,,,,,,,,,,,,,,,,,,,,,,,,
1676060253.392788,1676060253.393534,14.000000,0.000000,4281.666504,4237.051270,4268.717773,4294.871582,4277.563965,4264.487305,4277.179688,4285.384766,4265.641113,4254.102539,4435.256348,4474.615234,4369.487305,4387.692383,2713.000000,4.000000,85.000000,,,,0.000000,4.000000,4.000000,4.000000,4.000000,4.000000,4.000000,4.000000,4.000000,4.000000,4.000000,4.000000,4.000000,4.000000,4.000000,100.000000,1.000000,58.333332,4.000000,4.000000,3.000000,4.000000,4.000000,4.000000,4.000000,4.000000,4.000000,3.000000,4.000000,3.000000,3.000000,1.000000,1.196200,0.904304,0.863767,0.765286,1.196918,3.578159,0.884925,1.103509,1.259859,1.088454,0.882817,1.248703,1.388085,0.725036,0.788863,3.815445,0.965481,0.885734,0.917228,0.828236,0.469517,1.230238,0.728726,0.508699,0.698071,0.519903,0.656130,0.461637,0.402501,0.377845,0.635320,0.920460,0.874905,0.602811,0.530646,0.916345,1.134670,1.036172,0.806113,0.649439,0.541718,0.588741,1.225339,0.773531,0.761053,0.874129,0.836169,1.667446,1.183010,1.081210,7.919618,1.734770,2.097886,1.109447,1.572230,2.931825,1.051387,1.698701,0.827103,1.367524,2.618052,0.856541,2.491261,0.750973,2.151526,2.042692,0.719649,2.025636,0.573016,2.066882
1676060253.400596,1676060253.401343,15.000000,0.000000,4304.743652,4261.794922,4286.666504,4314.871582,4293.846191,4282.563965,4298.589844,4309.230957,4305.769043,4283.333496,4466.794922,4510.128418,4398.717773,4412.179688,2917.000000,4.000000,85.000000,,,,0.000000,4.000000,4.000000,4.000000,4.000000,4.000000,4.000000,4.000000,4.000000,4.000000,4.000000,4.000000,4.000000,4.000000,4.000000,100.000000,,,,,,,,,,,,,,,,,,,,,,,,,,,,,,,,,,,,,,,,,,,,,,,,,,,,,,,,,,,,,,,,,,,,,,,,,,,,,,,,,,,,,,
1676060253.408404,1676060253.409251,16.000000,0.000000,4313.589844,4269.487305,4299.743652,4323.077148,4293.846191,4281.282227,4303.461426,4321.410156,4335.384766,4311.410156,4481.666504,4524.358887,4404.487305,4419.230957,0.000000,4.000000,85.000000,,,,0.000000,4.000000,4.000000,4.000000,4.000000,4.000000,4.000000,4.000000,4.000000,4.000000,4.000000,4.000000,4.000000,4.000000,4.000000,100.000000,,,,,,,,,,,,,,,,,,,,,,,,,,,,,,,,,,,,,,,,,,,,,,,,,,,,,,,,,,,,,,,,,,,,,,,,,,,,,,,,,,,,,,
1676060253.416213,1676060253.417059,17.000000,0.000000,4304.871582,4264.358887,4297.179688,4318.717773,4286.922852,4271.153809,4291.025879,4305.512695,4295.000000,4285.897461,4462.692383,4509.871582,4390.128418,4409.230957,0.000000,4.000000,85.000000,,,,0.000000,4.000000,4.000000,4.000000,4.000000,4.000000,4.000000,4.000000,4.000000,4.000000,4.000000,4.000000,4.000000,4.000000,4.000000,100.000000,,,,,,,,,,,,,,,,,,,,,,,,,,,,,,,,,,,,,,,,,,,,,,,,,,,,,,,,,,,,,,,,,,,,,,,,,,,,,,,,,,,,,,
1676060253.424021,1676060253.424968,18.000000,0.000000,4317.307617,4281.153809,4310.256348,4332.948730,4298.461426,4281.025879,4300.256348,4315.769043,4282.179688,4270.769043,4475.512695,4527.179688,4405.000000,4426.794922,0.000000,4.000000,85.000000,,,,0.000000,4.000000,4.000000,4.000000,4.000000,4.000000,4.000000,4.000000,4.000000,4.000000,4.000000,4.000000,4.000000,4.000000,4.000000,100.000000,,,,,,,,,,,,,,,,,,,,,,,,,,,,,,,,,,,,,,,,,,,,,,,,,,,,,,,,,,,,,,,,,,,,,,,,,,,,,,,,,,,,,,
1676060253.431830,1676060253.432776,19.000000,0.000000,4318.589844,4281.282227,4312.179688,4333.589844,4301.538574,4279.487305,4306.282227,4331.153809,4309.615234,4284.743652,4487.948730,4535.384766,4406.922852,4426.153809,0.000000,4.000000,85.000000,,,,0.000000,4.000000,4.000000,4.000000,4.000000,4.000000,4.000000,4.000000,4.000000,4.000000,4.000000,4.000000,4.000000,4.000000,4.000000,100.000000,,,,,,,,,,,,,,,,,,,,,,,,,,,,,,,,,,,,,,,,,,,,,,,,,,,,,,,,,,,,,,,,,,,,,,,,,,,,,,,,,,,,,,
1676060253.439638,1676060253.440485,20.000000,0.000000,4286.282227,4247.179688,4279.487305,4301.282227,4282.307617,4258.846191,4281.922852,4303.333496,4290.128418,4267.051270,4445.641113,4492.692383,4364.615234,4379.230957,0.000000,4.000000,85.000000,,,,0.000000,4.000000,4.000000,4.000000,4.000000,4.000000,4.000000,4.000000,4.000000,4.000000,4.000000,4.000000,4.000000,4.000000,4.000000,100.000000,,,,,,,,,,,,,,,,,,,,,,,,,,,,,,,,,,,,,,,,,,,,,,,,,,,,,,,,,,,,,,,,,,,,,,,,,,,,,,,,,,,,,,
1676060253.447446,1676060253.448293,21.000000,0.000000,4276.666504,4239.615234,4271.538574,4293.589844,4279.487305,4265.897461,4275.897461,4289.487305,4263.589844,4249.358887,4430.641113,4483.077148,4355.641113,4371.538574,0.000000,4.000000,85.000000,,,,0.000000,4.000000,4.000000,4.000000,4.000000,4.000000,4.000000,4.000000,4.000000,4.000000,4.000000,4.000000,4.000000,4.000000,4.000000,100.000000,,,,,,,,,,,,,,,,,,,,,,,,,,,,,,,,,,,,,,,,,,,,,,,,,,,,,,,,,,,,,,,,,,,,,,,,,,,,,,,,,,,,,,
1676060253.455255,1676060253.456002,22.000000,0.000000,4286.666504,4252.179688,4281.410156,4301.538574,4283.205078,4278.846191,4283.333496,4298.077148,4269.615234,4247.948730,4448.974121,4497.307617,4376.794922,4394.102539,0.000000,4.000000,85.000000,,,,0.000000,4.000000,4.000000,4.000000,4.000000,4.000000,4.000000,4.000000,4.000000,4.000000,4.000000,4.000000,4.000000,4.000000,4.000000,100.000000,,,,,,,,,,,,,,,,,,,,,,,,,,,,,,,,,,,,,,,,,,,,,,,,,,,,,,,,,,,,,,,,,,,,,,,,,,,,,,,,,,,,,,
1676060253.463063,1676060253.463810,23.000000,0.000000,4268.589844,4233.974121,4254.615234,4281.153809,4270.512695,4257.948730,4267.051270,4272.820313,4253.974121,4225.000000,4416.666504,4457.692383,4348.589844,4362.436035,0.000000,4.000000,85.000000,,,,0.000000,4.000000,4.000000,4.000000,4.000000,4.000000,4.000000,4.000000,4.000000,4.000000,4.000000,4.000000,4.000000,4.000000,4.000000,100.000000,,,,,,,,,,,,,,,,,,,,,,,,,,,,,,,,,,,,,,,,,,,,,,,,,,,,,,,,,,,,,,,,,,,,,,,,,,,,,,,,,,,,,,
1676060253.470872,1676060253.471519,24.000000,0.000000,4282.692383,4249.102539,4267.820313,4299.230957,4290.641113,4263.974121,4287.948730,4284.487305,4275.256348,4254.743652,4421.794922,4470.256348,4353.461426,4364.358887,0.000000,4.000000,85.000000,,,,0.000000,4.000000,4.000000,4.000000,4.000000,4.000000,4.000000,4.000000,4.000000,4.000000,4.000000,4.000000,4.000000,4.000000,4.000000,100.000000,,,,,,,,,,,,,,,,,,,,,,,,,,,,,,,,,,,,,,,,,,,,,,,,,,,,,,,,,,,,,,,,,,,,,,,,,,,,,,,,,,,,,,
1676060253.478680,1676060253.479327,25.000000,0.000000,4343.846191,4317.948730,4345.512695,4367.307617,4340.897461,4323.077148,4353.333496,4360.000000,4348.717773,4335.512695,4512.948730,4569.487305,4434.358887,4448.461426,0.000000,4.000000,85.000000,,,,0.000000,4.000000,4.000000,4.000000,4.000000,4.000000,4.000000,4.000000,4.000000,4.000000,4.000000,4.000000,4.000000,4.000000,4.000000,100.000000,,,,,,,,,,,,,,,,,,,,,,,,,,,,,,,,,,,,,,,,,,,,,,,,,,,,,,,,,,,,,,,,,,,,,,,,,,,,,,,,,,,,,,
1676060253.486488,1676060253.487036,26.000000,0.000000,4353.974121,4333.077148,4362.307617,4378.077148,4347.436035,4340.769043,4359.358887,4374.615234,4354.743652,4338.717773,4536.922852,4586.282227,4453.717773,4469.230957,0.000000,4.000000,85.000000,,,,0.000000,4.000000,4.000000,4.000000,4.000000,4.000000,4.000000,4.000000,4.000000,4.000000,4.000000,4.000000,4.000000,4.000000,4.000000,100.000000,,,,,,,,,,,,,,,,,,,,,,,,,,,,,,,,,,,,,,,,,,,,,,,,,,,,,,,,,,,,,,,,,,,,,,,,,,,,,,,,,,,,,,
1676060253.494297,1676060253.494844,27.000000,0.000000,4310.897461,4289.871582,4309.871582,4330.641113,4313.077148,4301.410156,4313.333496,4318.461426,4302.179688,4284.743652,4473.333496,4518.077148,4395.769043,4407.820313,0.000000,4.000000,85.000000,,,,0.000000,4.000000,4.000000,4.000000,4.000000,4.000000,4.000000,4.000000,4.000000,4.000000,4.000000,4.000000,4.000000,4.000000,4.000000,100.000000,,,,,,,,,,,,,,,,,,,,,,,,,,,,,,,,,,,,,,,,,,,,,,,,,,,,,,,,,,,,,,,,,,,,,,,,,,,,,,,,,,,,,,
1676060253.502105,1676060253.502553,28.000000,0.000000,4308.461426,4290.897461,4301.794922,4328.846191,4303.333496,4288.974121,4305.512695,4305.128418,4300.000000,4284.358887,4460.256348,4507.820313,4385.000000,4398.589844,0.000000,4.000000,85.000000,,,,0.000000,4.000000,4.000000,4.000000,4.000000,4.000000,4.000000,4.000000,4.000000,4.000000,4.000000,4.000000,4.000000,4.000000,4.000000,100.000000,,,,,,,,,,,,,,,,,,,,,,,,,,,,,,,,,,,,,,,,,,,,,,,,,,,,,,,,,,,,,,,,,,,,,,,,,,,,,,,,,,,,,,
1676060253.509913,1676060253.510361,29.000000,0.000000,4327.948730,4312.563965,4321.025879,4351.538574,4314.487305,4301.538574,4312.436035,4326.538574,4316.666504,4300.256348,4476.410156,4525.256348,4397.563965,4418.589844,0.000000,4.000000,85.000000,,,,0.000000,4.000000,4.000000,4.000000,4.000000,4.000000,4.000000,4.000000,4.000000,4.000000,4.000000,4.000000,4.000000,4.000000,4.000000,100.000000,,,,,,,,,,,,,,,,,,,,,,,,,,,,,,,,,,,,,,,,,,,,,,,,,,,,,,,,,,,,,,,,,,,,,,,,,,,,,,,,,,,,,,
1676060253.517722,1676060253.518070,30.000000,0.000000,4311.025879,4295.256348,4306.410156,4335.641113,4311.410156,4295.000000,4297.051270,4319.871582,4295.769043,4277.051270,4454.743652,4506.153809,4371.410156,4394.230957,0.000000,4.000000,85.000000,,,,0.000000,4.000000,4.000000,4.000000,4.000000,4.000000,4.000000,4.000000,4.000000,4.000000,4.000000,4.000000,4.000000,4.000000,4.000000,100.000000,,,,,,,,,,,,,,,,,1.237319,0.912858,1.060301,0.751416,1.017243,4.005529,0.752183,1.480049,1.123836,1.004973,0.941491,1.244746,1.557681,0.676049,0.745551,3.865694,0.926435,1.145191,0.828940,0.772500,0.440227,1.200150,1.003757,0.523515,0.654517,0.496976,0.684072,0.507441,0.329198,0.348535,0.692361,0.928208,1.126020,0.572897,0.490961,1.084345,0.996066,1.378129,0.754109,0.633208,0.491484,0.535909,1.511595,0.813915,0.693551,0.855881,0.917664,1.635219,1.284710,0.961160,7.517888,1.866980,2.872000,1.391918,1.415144,2.976921,1.154183,1.941576,0.947616,1.231424,2.403059,0.883077,2.647507,0.918874,1.852328,1.908760,0.873033,2.154886,0.754967,1.856421
1676060253.525530,1676060253.525878,31.000000,0.000000,4305.384766,4294.743652,4307.436035,4329.358887,4310.512695,4293.717773,4302.179688,4321.922852,4303.205078,4280.256348,4461.922852,4515.128418,4378.077148,4393.974121,0.000000,4.000000,85.000000,,,,0.000000,4.000000,4.000000,4.000000,4.000000,4.000000,4.000000,4.000000,4.000000,4.000000,4.000000,4.000000,4.000000,4.000000,4.000000,100.000000,,,,,,,,,,,,,,,,,,,,,,,,,,,,,,,,,,,,,,,,,,,,,,,,,,,,,,,,,,,,,,,,,,,,,,,,,,,,,,,,,,,,,,
1676060253.533338,1676060253.533587,32.000000,0.000000,4328.461426,4321.666504,4333.077148,4351.025879,4316.410156,4312.051270,4321.025879,4342.179688,4335.128418,4304.102539,4497.307617,4546.538574,4418.205078,4428.077148,0.000000,4.000000,85.000000,,,,0.000000,4.000000,4.000000,4.000000,4.000000,4.000000,4.000000,4.000000,4.000000,4.000000,4.000000,4.000000,4.000000,4.000000,4.000000,100.000000,,,,,,,,,,,,,,,,,,,,,,,,,,,,,,,,,,,,,,,,,,,,,,,,,,,,,,,,,,,,,,,,,,,,,,,,,,,,,,,,,,,,,,
1676060253.541147,1676060253.541395,33.000000,0.000000,4331.666504,4316.282227,4328.974121,4353.077148,4315.512695,4313.717773,4313.333496,4335.897461,4324.615234,4294.487305,4489.871582,4535.769043,4410.000000,4423.461426,0.000000,4.000000,85.000000,,,,0.000000,4.000000,4.000000,4.000000,4.000000,4.000000,4.000000,4.000000,4.000000,4.000000,4.000000,4.000000,4.000000,4.000000,4.000000,100.000000,,,,,,,,,,,,,,,,,,,,,,,,,,,,,,,,,,,,,,,,,,,,,,,,,,,,,,,,,,,,,,,,,,,,,,,,,,,,,,,,,,,,,,
1676060253.548955,1676060253.549104,34.000000,0.000000,4299.615234,4284.358887,4299.487305,4324.615234,4306.025879,4298.589844,4293.717773,4311.025879,4292.948730,4273.717773,4455.128418,4504.102539,4371.922852,4388.589844,0.000000,4.000000,85.000000,,,,0.000000,4.000000,4.000000,4.000000,4.000000,4.000000,4.000000,4.000000,4.000000,4.000000,4.000000,4.000000,4.000000,4.000000,4.000000,100.000000,,,,,,,,,,,,,,,,,,,,,,,,,,,,,,,,,,,,,,,,,,,,,,,,,,,,,,,,,,,,,,,,,,,,,,,,,,,,,,,,,,,,,,
1676060253.556764,1676060253.557012,35.000000,0.000000,4279.743652,4276.666504,4286.794922,4307.051270,4297.179688,4297.051270,4293.589844,4306.794922,4290.256348,4275.384766,4455.641113,4496.666504,4374.743652,4382.436035,0.000000,4.000000,85.000000,,,,0.000000,4.000000,4.000000,4.000000,4.000000,4.000000,4.000000,4.000000,4.000000,4.000000,4.000000,4.000000,4.000000,4.000000,4.000000,100.000000,,,,,,,,,,,,,,,,,,,,,,,,,,,,,,,,,,,,,,,,,,,,,,,,,,,,,,,,,,,,,,,,,,,,,,,,,,,,,,,,,,,,,,
1676060253.564572,1676060253.564821,36.000000,0.000000,4299.487305,4290.384766,4296.666504,4319.743652,4302.948730,4308.205078,4309.487305,4320.512695,4304.743652,4285.256348,4482.948730,4509.615234,4401.025879,4400.512695,0.000000,4.000000,85.000000,,,,0.000000,4.000000,4.000000,4.000000,4.000000,4.000000,4.000000,4.000000,4.000000,4.000000,4.000000,4.000000,4.000000,4.000000,4.000000,100.000000,,,,,,,,,,,,,,,,,,,,,,,,,,,,,,,,,,,,,,,,,,,,,,,,,,,,,,,,,,,,,,,,,,,,,,,,,,,,,,,,,,,,,,
1676060253.572380,1676060253.572729,37.000000,0.000000,4318.589844,4297.820313,4306.922852,4336.538574,4319.615234,4313.589844,4321.025879,4328.589844,4313.717773,4294.102539,4498.589844,4519.615234,4402.692383,4407.948730,0.000000,4.000000,85.000000,,,,0.000000,4.000000,4.000000,4.000000,4.000000,4.000000,4.000000,4.000000,4.000000,4.000000,4.000000,4.000000,4.000000,4.000000,4.000000,100.000000,,,,,,,,,,,,,,,,,,,,,,,,,,,,,,,,,,,,,,,,,,,,,,,,,,,,,,,,,,,,,,,,,,,,,,,,,,,,,,,,,,,,,,
1676060253.580189,1676060253.580537,38.000000,0.000000,4306.794922,4295.769043,4308.589844,4336.538574,4323.589844,4312.820313,4317.948730,4327.179688,4311.794922,4300.256348,4498.205078,4515.000000,4388.974121,4402.051270,0.000000,4.000000,85.000000,,,,0.000000,4.000000,4.000000,4.000000,4.000000,4.000000,4.000000,4.000000,4.000000,4.000000,4.000000,4.000000,4.000000,4.000000,4.000000,100.000000,,,,,,,,,,,,,,,,,,,,,,,,,,,,,,,,,,,,,,,,,,,,,,,,,,,,,,,,,,,,,,,,,,,,,,,,,,,,,,,,,,,,,,
1676060253.587997,1676060253.588446,39.000000,0.000000,4292.436035,4285.897461,4305.256348,4324.871582,4309.102539,4304.615234,4310.128418,4320.384766,4299.487305,4280.384766,4486.410156,4503.589844,4378.717773,4393.589844,0.000000,4.000000,85.000000,,,,0.000000,4.000000,4.000000,4.000000,4.000000,4.000000,4.000000,4.000000,4.000000,4.000000,4.000000,4.000000,4.000000,4.000000,4.000000,100.000000,,,,,,,,,,,,,,,,,,,,,,,,,,,,,,,,,,,,,,,,,,,,,,,,,,,,,,,,,,,,,,,,,,,,,,,,,,,,,,,,,,,,,,
1676060253.595806,1676060253.596254,40.000000,0.000000,4301.153809,4278.974121,4311.153809,4321.025879,4305.000000,4299.102539,4311.538574,4323.589844,4304.102539,4269.487305,4485.897461,4506.410156,4382.820313,4396.153809,0.000000,4.000000,85.000000,,,,0.000000,4.000000,4.000000,4.000000,4.000000,4.000000,4.000000,4.000000,4.000000,4.000000,4.000000,4.000000,4.000000,4.000000,4.000000,100.000000,,,,,,,,,,,,,,,,,,,,,,,,,,,,,,,,,,,,,,,,,,,,,,,,,,,,,,,,,,,,,,,,,,,,,,,,,,,,,,,,,,,,,,
1676060253.603614,1676060253.604163,41.000000,0.000000,4305.384766,4278.333496,4312.563965,4320.384766,4307.436035,4297.179688,4309.487305,4329.487305,4316.282227,4291.666504,4488.846191,4509.743652,4384.487305,4398.333496,0.000000,4.000000,85.000000,,,,0.000000,4.000000,4.000000,4.000000,4.000000,4.000000,4.000000,4.000000,4.000000,4.000000,4.000000,4.000000,4.000000,4.000000,4.000000,100.000000,,,,,,,,,,,,,,,,,,,,,,,,,,,,,,,,,,,,,,,,,,,,,,,,,,,,,,,,,,,,,,,,,,,,,,,,,,,,,,,,,,,,,,
1676060253.611422,1676060253.611971,42.000000,0.000000,4290.128418,4275.512695,4293.717773,4310.256348,4292.563965,4283.974121,4290.769043,4316.410156,4300.000000,4292.820313,4468.717773,4487.820313,4367.563965,4383.589844,0.000000,4.000000,85.000000,,,,0.000000,4.000000,4.000000,4.000000,4.000000,4.000000,4.000000,4.000000,4.000000,4.000000,4.000000,4.000000,4.000000,4.000000,4.000000,100.000000,,,,,,,,,,,,,,,,,,,,,,,,,,,,,,,,,,,,,,,,,,,,,,,,,,,,,,,,,,,,,,,,,,,,,,,,,,,,,,,,,,,,,,
1676060253.619231,1676060253.619879,43.000000,0.000000,4290.897461,4281.538574,4294.230957,4311.666504,4291.794922,4280.000000,4291.025879,4310.128418,4285.000000,4272.820313,4464.487305,4481.025879,4369.487305,4380.256348,0.000000,4.000000,85.000000,,,,0.000000,4.000000,4.000000,4.000000,4.000000,4.000000,4.000000,4.000000,4.000000,4.000000,4.000000,4.000000,4.000000,4.000000,4.000000,100.000000,,,,,,,,,,,,,,,,,,,,,,,,,,,,,,,,,,,,,,,,,,,,,,,,,,,,,,,,,,,,,,,,,,,,,,,,,,,,,,,,,,,,,,
1676060253.627039,1676060253.627688,44.000000,0.000000,4315.897461,4304.615234,4321.666504,4335.256348,4318.589844,4300.384766,4317.307617,4326.794922,4300.897461,4276.025879,4487.948730,4509.743652,4393.717773,4400.256348,0.000000,4.000000,85.000000,,,,0.000000,4.000000,4.000000,4.000000,4.000000,4.000000,4.000000,4.000000,4.000000,4.000000,4.000000,4.000000,4.000000,4.000000,4.000000,100.000000,,,,,,,,,,,,,,,,,,,,,,,,,,,,,,,,,,,,,,,,,,,,,,,,,,,,,,,,,,,,,,,,,,,,,,,,,,,,,,,,,,,,,,
1676060253.634848,1676060253.635396,45.000000,0.000000,4319.871582,4318.974121,4327.436035,4346.025879,4330.512695,4312.692383,4323.205078,4332.563965,4311.922852,4289.615234,4488.589844,4516.538574,4393.846191,4403.461426,0.000000,4.000000,85.000000,,,,0.000000,4.000000,4.000000,4.000000,4.000000,4.000000,4.000000,4.000000,4.000000,4.000000,4.000000,4.000000,4.000000,4.000000,4.000000,100.000000,,,,,,,,,,,,,,,,,,,,,,,,,,,,,,,,,,,,,,,,,,,,,,,,,,,,,,,,,,,,,,,,,,,,,,,,,,,,,,,,,,,,,,
1676060253.642656,1676060253.643205,46.000000,0.000000,4296.153809,4306.282227,4305.384766,4329.871582,4315.769043,4302.436035,4307.051270,4318.077148,4297.692383,4278.077148,4467.307617,4491.410156,4374.358887,4380.512695,0.000000,4.000000,85.000000,,,,0.000000,4.000000,4.000000,4.000000,4.000000,4.000000,4.000000,4.000000,4.000000,4.000000,4.000000,4.000000,4.000000,4.000000,4.000000,100.000000,,,,,,,,,,,,,,,,,1.446751,1.002508,1.347929,0.893975,0.865654,4.621794,0.797783,1.900608,1.201249,0.924384,1.136488,1.280949,1.814458,0.792118,0.733925,3.924951,0.912482,1.480070,0.913805,0.722867,0.485683,1.116697,1.287835,0.633146,0.605147,0.501556,0.697682,0.560544,0.300846,0.327922,0.773693,0.905517,1.427018,0.651690,0.477168,1.258494,0.925801,1.797027,0.819069,0.653708,0.464591,0.542488,1.866331,0.939205,0.655247,0.900955,1.034739,1.701856,1.402825,0.893130,7.023989,2.230390,3.797709,1.740216,1.286494,2.945379,1.358514,2.439650,1.248493,1.148849,2.252762,1.140692,3.000057,1.185320,1.568010,1.808972,1.195671,2.454148,1.067197,1.676708
1676060253.650464,1676060253.650913,47.000000,0.000000,4297.307617,4297.692383,4299.487305,4323.077148,4311.410156,4301.153809,4307.563965,4316.922852,4294.230957,4274.487305,4471.410156,4491.025879,4377.692383,4379.871582,0.000000,4.000000,85.000000,,,,0.000000,4.000000,4.000000,4.000000,4.000000,4.000000,4.000000,4.000000,4.000000,4.000000,4.000000,4.000000,4.000000,4.000000,4.000000,100.000000,,,,,,,,,,,,,,,,,,,,,,,,,,,,,,,,,,,,,,,,,,,,,,,,,,,,,,,,,,,,,,,,,,,,,,,,,,,,,,,,,,,,,,
1676060253.658273,1676060253.658722,48.000000,0.000000,4315.384766,4305.641113,4310.256348,4332.563965,4316.794922,4309.871582,4315.384766,4324.615234,4305.000000,4290.384766,4481.666504,4508.589844,4390.769043,4396.794922,0.000000,4.000000,85.000000,,,,0.000000,4.000000,4.000000,4.000000,4.000000,4.000000,4.000000,4.000000,4.000000,4.000000,4.000000,4.000000,4.000000,4.000000,4.000000,100.000000,,,,,,,,,,,,,,,,,,,,,,,,,,,,,,,,,,,,,,,,,,,,,,,,,,,,,,,,,,,,,,,,,,,,,,,,,,,,,,,,,,,,,,
1676060253.666081,1676060253.666430,49.000000,0.000000,4306.794922,4302.179688,4305.384766,4330.000000,4313.717773,4306.922852,4305.897461,4316.666504,4301.794922,4288.717773,4468.333496,4500.512695,4379.743652,4388.974121,0.000000,4.000000,85.000000,,,,0.000000,4.000000,4.000000,4.000000,4.000000,4.000000,4.000000,4.000000,4.000000,4.000000,4.000000,4.000000,4.000000,4.000000,4.000000,100.000000,,,,,,,,,,,,,,,,,,,,,,,,,,,,,,,,,,,,,,,,,,,,,,,,,,,,,,,,,,,,,,,,,,,,,,,,,,,,,,,,,,,,,,
1676060253.673890,1676060253.674239,50.000000,0.000000,4293.333496,4292.563965,4295.897461,4320.897461,4309.230957,4297.179688,4298.333496,4310.897461,4293.717773,4278.205078,4460.641113,4489.871582,4371.153809,4381.410156,0.000000,4.000000,85.000000,,,,0.000000,4.000000,4.000000,4.000000,4.000000,4.000000,4.000000,4.000000,4.000000,4.000000,4.000000,4.000000,4.000000,4.000000,4.000000,100.000000,,,,,,,,,,,,,,,,,,,,,,,,,,,,,,,,,,,,,,,,,,,,,,,,,,,,,,,,,,,,,,,,,,,,,,,,,,,,,,,,,,,,,,
1676060253.681698,1676060253.681947,51.000000,0.000000,4294.102539,4291.538574,4294.743652,4315.769043,4302.307617,4286.538574,4298.205078,4315.897461,4296.666504,4281.538574,4465.000000,4494.615234,4378.717773,4389.102539,0.000000,4.000000,85.000000,,,,0.000000,4.000000,4.000000,4.000000,4.000000,4.000000,4.000000,4.000000,4.000000,4.000000,4.000000,4.000000,4.000000,4.000000,4.000000,100.000000,,,,,,,,,,,,,,,,,,,,,,,,,,,,,,,,,,,,,,,,,,,,,,,,,,,,,,,,,,,,,,,,,,,,,,,,,,,,,,,,,,,,,,
1676060253.689506,1676060253.689756,52.000000,0.000000,4289.743652,4283.333496,4291.538574,4308.205078,4291.410156,4279.487305,4294.102539,4311.282227,4293.589844,4278.974121,4457.051270,4488.974121,4374.487305,4381.282227,0.000000,4.000000,85.000000,,,,0.000000,4.000000,4.000000,4.000000,4.000000,4.000000,4.000000,4.000000,4.000000,4.000000,4.000000,4.000000,4.000000,4.000000,4.000000,100.000000,,,,,,,,,,,,,,,,,,,,,,,,,,,,,,,,,,,,,,,,,,,,,,,,,,,,,,,,,,,,,,,,,,,,,,,,,,,,,,,,,,,,,,
1676060253.697315,1676060253.697464,53.000000,0.000000,4301.922852,4287.692383,4307.948730,4318.717773,4299.230957,4289.230957,4306.794922,4317.563965,4298.717773,4275.384766,4466.282227,4500.641113,4378.846191,4389.871582,0.000000,4.000000,85.000000,,,,0.000000,4.000000,4.000000,4.000000,4.000000,4.000000,4.000000,4.000000,4.000000,4.000000,4.000000,4.000000,4.000000,4.000000,4.000000,100.000000,,,,,,,,,,,,,,,,,,,,,,,,,,,,,,,,,,,,,,,,,,,,,,,,,,,,,,,,,,,,,,,,,,,,,,,,,,,,,,,,,,,,,,
1676060253.705123,1676060253.705273,54.000000,0.000000,4323.846191,4310.641113,4333.077148,4338.589844,4318.974121,4303.205078,4325.128418,4340.897461,4318.333496,4297.307617,4495.000000,4530.897461,4401.153809,4419.743652,0.000000,4.000000,85.000000,,,,0.000000,4.000000,4.000000,4.000000,4.000000,4.000000,4.000000,4.000000,4.000000,4.000000,4.000000,4.000000,4.000000,4.000000,4.000000,100.000000,,,,,,,,,,,,,,,,,,,,,,,,,,,,,,,,,,,,,,,,,,,,,,,,,,,,,,,,,,,,,,,,,,,,,,,,,,,,,,,,,,,,,,
1676060253.712931,1676060253.712981,55.000000,0.000000,4305.384766,4306.410156,4317.692383,4326.794922,4315.769043,4294.871582,4312.436035,4334.230957,4311.282227,4301.282227,4479.230957,4515.256348,4389.487305,4401.410156,0.000000,4.000000,85.000000,,,,0.000000,4.000000,4.000000,4.000000,4.000000,4.000000,4.000000,4.000000,4.000000,4.000000,4.000000,4.000000,4.000000,4.000000,4.000000,100.000000,,,,,,,,,,,,,,,,,,,,,,,,,,,,,,,,,,,,,,,,,,,,,,,,,,,,,,,,,,,,,,,,,,,,,,,,,,,,,,,,,,,,,,
1676060253.720740,1676060253.720890,56.000000,0.000000,4278.589844,4286.666504,4290.512695,4304.358887,4300.000000,4279.743652,4292.948730,4307.179688,4288.333496,4268.205078,4441.794922,4481.025879,4354.487305,4362.948730,0.000000,4.000000,85.000000,,,,0.000000,4.000000,4.000000,4.000000,4.000000,4.000000,4.000000,4.000000,4.000000,4.000000,4.000000,4.000000,4.000000,4.000000,4.000000,100.000000,,,,,,,,,,,,,,,,,,,,,,,,,,,,,,,,,,,,,,,,,,,,,,,,,,,,,,,,,,,,,,,,,,,,,,,,,,,,,,,,,,,,,,
1676060253.728548,1676060253.728698,57.000000,0.000000,4283.974121,4292.820313,4292.948730,4306.153809,4300.384766,4279.358887,4290.512695,4299.487305,4284.230957,4254.230957,4439.230957,4480.256348,4349.871582,4363.589844,0.000000,4.000000,85.000000,,,,0.000000,4.000000,4.000000,4.000000,4.000000,4.000000,4.000000,4.000000,4.000000,4.000000,4.000000,4.000000,4.000000,4.000000,4.000000,100.000000,,,,,,,,,,,,,,,,,,,,,,,,,,,,,,,,,,,,,,,,,,,,,,,,,,,,,,,,,,,,,,,,,,,,,,,,,,,,,,,,,,,,,,
1676060253.736357,1676060253.736606,58.000000,0.000000,4295.897461,4312.307617,4302.179688,4321.794922,4307.563965,4285.512695,4293.077148,4305.512695,4290.000000,4270.384766,4449.615234,4488.589844,4362.307617,4377.692383,0.000000,4.000000,85.000000,,,,0.000000,4.000000,4.000000,4.000000,4.000000,4.000000,4.000000,4.000000,4.000000,4.000000,4.000000,4.000000,4.000000,4.000000,4.000000,100.000000,,,,,,,,,,,,,,,,,,,,,,,,,,,,,,,,,,,,,,,,,,,,,,,,,,,,,,,,,,,,,,,,,,,,,,,,,,,,,,,,,,,,,,
1676060253.744165,1676060253.744415,59.000000,0.000000,4302.179688,4324.102539,4309.358887,4332.051270,4309.358887,4290.641113,4301.153809,4313.589844,4298.461426,4283.717773,4451.922852,4491.025879,4365.384766,4382.692383,0.000000,4.000000,85.000000,,,,0.000000,4.000000,4.000000,4.000000,4.000000,4.000000,4.000000,4.000000,4.000000,4.000000,4.000000,4.000000,4.000000,4.000000,4.000000,100.000000,,,,,,,,,,,,,,,,,,,,,,,,,,,,,,,,,,,,,,,,,,,,,,,,,,,,,,,,,,,,,,,,,,,,,,,,,,,,,,,,,,,,,,
1676060253.751973,1676060253.752323,60.000000,0.000000,4302.692383,4323.077148,4310.384766,4325.897461,4308.974121,4291.794922,4306.794922,4317.179688,4304.102539,4284.743652,4450.641113,4490.897461,4361.153809,4378.717773,0.000000,4.000000,85.000000,,,,0.000000,4.000000,4.000000,4.000000,4.000000,4.000000,4.000000,4.000000,4.000000,4.000000,4.000000,4.000000,4.000000,4.000000,4.000000,100.000000,,,,,,,,,,,,,,,,,,,,,,,,,,,,,,,,,,,,,,,,,,,,,,,,,,,,,,,,,,,,,,,,,,,,,,,,,,,,,,,,,,,,,,
1676060253.759782,1676060253.760132,61.000000,0.000000,4293.589844,4316.153809,4296.025879,4315.000000,4309.230957,4290.384766,4297.307617,4307.307617,4295.769043,4279.615234,4441.410156,4480.769043,4356.666504,4372.051270,0.000000,4.000000,85.000000,,,,0.000000,4.000000,4.000000,4.000000,4.000000,4.000000,4.000000,4.000000,4.000000,4.000000,4.000000,4.000000,4.000000,4.000000,4.000000,100.000000,,,,,,,,,,,,,,,,,,,,,,,,,,,,,,,,,,,,,,,,,,,,,,,,,,,,,,,,,,,,,,,,,,,,,,,,,,,,,,,,,,,,,,
1676060253.767590,1676060253.768040,62.000000,0.000000,4295.128418,4321.025879,4291.922852,4318.974121,4308.974121,4289.871582,4294.615234,4302.692383,4290.128418,4273.717773,4439.743652,4474.102539,4356.153809,4376.922852,0.000000,4.000000,85.000000,,,,0.000000,4.000000,4.000000,4.000000,4.000000,4.000000,4.000000,4.000000,4.000000,4.000000,4.000000,4.000000,4.000000,4.000000,4.000000,100.000000,,,,,,,,,,,,,,,,,1.813680,1.135025,1.682529,1.163573,0.786305,4.991148,0.963840,2.276667,1.455677,0.881922,1.514820,1.335196,2.126141,1.052574,0.777259,3.776897,0.935900,1.818211,1.157788,0.710731,0.616844,1.023101,1.529619,0.813123,0.573904,0.557382,0.729823,0.621924,0.326971,0.334468,0.882798,0.885752,1.729922,0.824709,0.505151,1.414288,0.933141,2.209109,0.986918,0.717566,0.494441,0.645665,2.224707,1.139931,0.684205,1.020113,1.214154,1.955748,1.553007,0.896104,6.507608,2.714217,4.717607,2.107818,1.248371,2.858676,1.651175,3.146366,1.690109,1.173702,2.174893,1.535010,3.580521,1.522335,1.396211,1.859207,1.606805,2.937400,1.472124,1.593401
1676060253.775398,1676060253.775848,63.000000,0.000000,4297.051270,4320.512695,4297.436035,4318.333496,4309.230957,4290.384766,4304.487305,4307.692383,4291.538574,4261.025879,4442.820313,4474.871582,4349.871582,4374.102539,0.000000,4.000000,85.000000,,,,0.000000,4.000000,4.000000,4.000000,4.000000,4.000000,4.000000,4.000000,4.000000,4.000000,4.000000,4.000000,4.000000,4.000000,4.000000,100.000000,,,,,,,,,,,,,,,,,,,,,,,,,,,,,,,,,,,,,,,,,,,,,,,,,,,,,,,,,,,,,,,,,,,,,,,,,,,,,,,,,,,,,,
1676060253.783207,1676060253.783757,64.000000,0.000000,4288.974121,4303.589844,4297.692383,4309.102539,4312.307617,4295.000000,4311.410156,4310.769043,4293.205078,4257.692383,4437.948730,4476.153809,4346.153809,4363.077148,2521.000000,4.000000,85.000000,,,,0.000000,4.000000,4.000000,4.000000,4.000000,4.000000,4.000000,4.000000,4.000000,4.000000,4.000000,4.000000,4.000000,4.000000,4.000000,100.000000,,,,,,,,,,,,,,,,,,,,,,,,,,,,,,,,,,,,,,,,,,,,,,,,,,,,,,,,,,,,,,,,,,,,,,,,,,,,,,,,,,,,,,
1676060253.791015,1676060253.791565,65.000000,0.000000,4283.333496,4292.179688,4294.871582,4305.000000,4307.436035,4293.589844,4307.307617,4310.128418,4291.922852,4270.641113,4434.743652,4474.743652,4348.974121,4363.205078,2471.000000,4.000000,85.000000,,,,0.000000,4.000000,4.000000,4.000000,4.000000,4.000000,4.000000,4.000000,4.000000,4.000000,4.000000,4.000000,4.000000,4.000000,4.000000,100.000000,,,,,,,,,,,,,,,,,,,,,,,,,,,,,,,,,,,,,,,,,,,,,,,,,,,,,,,,,,,,,,,,,,,,,,,,,,,,,,,,,,,,,,
1676060253.798823,1676060253.799474,66.000000,0.000000,4274.102539,4288.461426,4281.282227,4293.589844,4293.205078,4277.307617,4293.846191,4300.384766,4283.974121,4270.384766,4425.512695,4458.205078,4338.333496,4356.922852,2401.000000,4.000000,85.000000,,,,0.000000,4.000000,4.000000,4.000000,4.000000,4.000000,4.000000,4.000000,4.000000,4.000000,4.000000,4.000000,4.000000,4.000000,4.000000,100.000000,,,,,,,,,,,,,,,,,,,,,,,,,,,,,,,,,,,,,,,,,,,,,,,,,,,,,,,,,,,,,,,,,,,,,,,,,,,,,,,,,,,,,,
1676060253.806632,1676060253.807282,67.000000,0.000000,4283.974121,4298.461426,4284.230957,4295.897461,4298.974121,4277.948730,4298.333496,4307.436035,4295.512695,4272.307617,4432.563965,4461.153809,4343.846191,4365.256348,2464.000000,4.000000,85.000000,,,,0.000000,4.000000,4.000000,4.000000,4.000000,4.000000,4.000000,4.000000,4.000000,4.000000,4.000000,4.000000,4.000000,4.000000,4.000000,100.000000,,,,,,,,,,,,,,,,,,,,,,,,,,,,,,,,,,,,,,,,,,,,,,,,,,,,,,,,,,,,,,,,,,,,,,,,,,,,,,,,,,,,,,
1676060253.814440,1676060253.814991,68.000000,0.000000,4322.436035,4324.743652,4318.974121,4324.487305,4321.282227,4301.922852,4323.717773,4334.871582,4323.717773,4299.871582,4471.153809,4502.307617,4382.563965,4405.512695,2433.000000,4.000000,85.000000,,,,0.000000,4.000000,4.000000,4.000000,4.000000,4.000000,4.000000,4.000000,4.000000,4.000000,4.000000,4.000000,4.000000,4.000000,4.000000,100.000000,,,,,,,,,,,,,,,,,,,,,,,,,,,,,,,,,,,,,,,,,,,,,,,,,,,,,,,,,,,,,,,,,,,,,,,,,,,,,,,,,,,,,,
1676060253.822249,1676060253.822799,69.000000,0.000000,4332.307617,4335.256348,4332.307617,4337.563965,4326.922852,4308.846191,4324.615234,4337.051270,4322.436035,4309.230957,4482.692383,4513.589844,4395.256348,4419.102539,2373.000000,4.000000,85.000000,,,,0.000000,4.000000,4.000000,4.000000,4.000000,4.000000,4.000000,4.000000,4.000000,4.000000,4.000000,4.000000,4.000000,4.000000,4.000000,100.000000,,,,,,,,,,,,,,,,,,,,,,,,,,,,,,,,,,,,,,,,,,,,,,,,,,,,,,,,,,,,,,,,,,,,,,,,,,,,,,,,,,,,,,
1676060253.830057,1676060253.830508,70.000000,0.000000,4297.051270,4315.256348,4304.487305,4314.102539,4310.000000,4287.948730,4297.307617,4307.948730,4295.128418,4279.487305,4448.974121,4475.641113,4364.102539,4388.333496,2221.000000,4.000000,85.000000,,,,0.000000,4.000000,4.000000,4.000000,4.000000,4.000000,4.000000,4.000000,4.000000,4.000000,4.000000,4.000000,4.000000,4.000000,4.000000,100.000000,,,,,,,,,,,,,,,,,,,,,,,,,,,,,,,,,,,,,,,,,,,,,,,,,,,,,,,,,,,,,,,,,,,,,,,,,,,,,,,,,,,,,,
1676060253.837865,1676060253.838316,71.000000,0.000000,4282.307617,4301.538574,4292.436035,4296.922852,4296.410156,4278.333496,4291.922852,4301.282227,4292.307617,4274.230957,4435.897461,4463.205078,4348.205078,4373.717773,2222.000000,4.000000,85.000000,,,,0.000000,4.000000,4.000000,4.000000,4.000000,4.000000,4.000000,4.000000,4.000000,4.000000,4.000000,4.000000,4.000000,4.000000,4.000000,100.000000,,,,,,,,,,,,,,,,,,,,,,,,,,,,,,,,,,,,,,,,,,,,,,,,,,,,,,,,,,,,,,,,,,,,,,,,,,,,,,,,,,,,,,
1676060253.845674,1676060253.846025,72.000000,0.000000,4295.128418,4312.563965,4298.333496,4302.948730,4298.717773,4287.436035,4306.153809,4314.615234,4302.820313,4287.692383,4444.358887,4478.205078,4354.743652,4377.179688,2271.000000,4.000000,85.000000,,,,0.000000,4.000000,4.000000,4.000000,4.000000,4.000000,4.000000,4.000000,4.000000,4.000000,4.000000,4.000000,4.000000,4.000000,4.000000,100.000000,,,,,,,,,,,,,,,,,,,,,,,,,,,,,,,,,,,,,,,,,,,,,,,,,,,,,,,,,,,,,,,,,,,,,,,,,,,,,,,,,,,,,,
1676060253.853482,1676060253.853833,73.000000,0.000000,4286.282227,4319.615234,4284.230957,4303.717773,4305.512695,4286.538574,4301.025879,4305.256348,4288.077148,4261.282227,4425.769043,4466.153809,4342.307617,4363.846191,2242.000000,4.000000,85.000000,,,,0.000000,4.000000,4.000000,4.000000,4.000000,4.000000,4.000000,4.000000,4.000000,4.000000,4.000000,4.000000,4.000000,4.000000,4.000000,100.000000,,,,,,,,,,,,,,,,,,,,,,,,,,,,,,,,,,,,,,,,,,,,,,,,,,,,,,,,,,,,,,,,,,,,,,,,,,,,,,,,,,,,,,
1676060253.861291,1676060253.861542,74.000000,0.000000,4278.333496,4325.512695,4282.692383,4305.384766,4313.077148,4287.179688,4297.051270,4300.128418,4281.666504,4251.025879,4419.615234,4456.794922,4331.282227,4363.589844,2730.000000,4.000000,85.000000,,,,0.000000,4.000000,4.000000,4.000000,4.000000,4.000000,4.000000,4.000000,4.000000,4.000000,4.000000,4.000000,4.000000,4.000000,4.000000,100.000000,,,,,,,,,,,,,,,,,,,,,,,,,,,,,,,,,,,,,,,,,,,,,,,,,,,,,,,,,,,,,,,,,,,,,,,,,,,,,,,,,,,,,,
1676060253.869099,1676060253.869450,75.000000,0.000000,4291.922852,4344.487305,4307.436035,4321.025879,4318.333496,4299.615234,4311.282227,4316.410156,4301.153809,4281.922852,4440.128418,4474.358887,4340.897461,4378.333496,2925.000000,4.000000,85.000000,,,,0.000000,4.000000,4.000000,4.000000,4.000000,4.000000,4.000000,4.000000,4.000000,4.000000,4.000000,4.000000,4.000000,4.000000,4.000000,100.000000,,,,,,,,,,,,,,,,,,,,,,,,,,,,,,,,,,,,,,,,,,,,,,,,,,,,,,,,,,,,,,,,,,,,,,,,,,,,,,,,,,,,,,
1676060253.876907,1676060253.877258,76.000000,0.000000,4295.128418,4356.666504,4313.333496,4326.282227,4317.820313,4302.692383,4319.743652,4325.897461,4311.282227,4295.256348,4437.820313,4479.871582,4338.974121,4371.666504,3121.000000,4.000000,85.000000,,,,0.000000,4.000000,4.000000,4.000000,4.000000,4.000000,4.000000,4.000000,4.000000,4.000000,4.000000,4.000000,4.000000,4.000000,4.000000,100.000000,,,,,,,,,,,,,,,,,,,,,,,,,,,,,,,,,,,,,,,,,,,,,,,,,,,,,,,,,,,,,,,,,,,,,,,,,,,,,,,,,,,,,,
1676060253.884716,1676060253.885167,77.000000,0.000000,4279.743652,4342.948730,4295.128418,4310.384766,4309.871582,4291.666504,4309.358887,4313.461426,4295.256348,4275.897461,4412.179688,4462.307617,4315.384766,4352.948730,3231.000000,4.000000,85.000000,,,,0.000000,4.000000,4.000000,4.000000,4.000000,4.000000,4.000000,4.000000,4.000000,4.000000,4.000000,4.000000,4.000000,4.000000,4.000000,100.000000,,,,,,,,,,,,,,,,,,,,,,,,,,,,,,,,,,,,,,,,,,,,,,,,,,,,,,,,,,,,,,,,,,,,,,,,,,,,,,,,,,,,,,
1676060253.892524,1676060253.892975,78.000000,0.000000,4275.769043,4332.563965,4291.794922,4304.487305,4303.589844,4286.282227,4298.461426,4301.153809,4282.436035,4266.410156,4403.461426,4451.922852,4305.128418,4349.615234,2730.000000,4.000000,85.000000,,,,0.000000,4.000000,4.000000,4.000000,4.000000,4.000000,4.000000,4.000000,4.000000,4.000000,4.000000,4.000000,4.000000,4.000000,4.000000,100.000000,1.000000,25.000000,4.000000,4.000000,1.000000,4.000000,4.000000,4.000000,4.000000,4.000000,4.000000,1.000000,3.000000,1.000000,3.000000,3.000000,2.331594,1.275463,2.016000,1.494176,0.803466,5.208566,1.193959,2.556696,1.798218,0.901790,2.104728,1.397958,2.436020,1.417861,0.891624,3.449135,1.021254,2.095178,1.504019,0.761401,0.858192,0.960680,1.693893,1.024065,0.575419,0.694062,0.817877,0.701677,0.412353,0.383758,1.021195,0.920213,1.990912,1.065529,0.583172,1.494781,1.001181,2.534800,1.237328,0.831430,0.593146,0.866397,2.524029,1.405753,0.814228,1.182092,1.480903,2.435546,1.754703,0.979309,5.925771,3.177719,5.459023,2.484336,1.343968,2.743211,1.978321,3.935206,2.224953,1.339170,2.110786,1.953314,4.311080,1.907900,1.396896,2.090211,2.004742,3.532392,1.923031,1.645411
1676060253.900333,1676060253.900784,79.000000,0.000000,4280.769043,4342.436035,4297.820313,4311.922852,4305.769043,4288.717773,4297.307617,4302.179688,4286.794922,4270.512695,4406.922852,4451.794922,4311.794922,4352.307617,2925.000000,4.000000,85.000000,,,,0.000000,4.000000,4.000000,4.000000,4.000000,4.000000,4.000000,4.000000,4.000000,4.000000,4.000000,4.000000,4.000000,4.000000,4.000000,100.000000,,,,,,,,,,,,,,,,,,,,,,,,,,,,,,,,,,,,,,,,,,,,,,,,,,,,,,,,,,,,,,,,,,,,,,,,,,,,,,,,,,,,,,
1676060253.908141,1676060253.908492,80.000000,0.000000,4281.025879,4345.512695,4298.333496,4312.692383,4309.102539,4286.538574,4301.282227,4312.179688,4296.282227,4274.615234,4410.384766,4457.563965,4317.563965,4354.615234,3121.000000,4.000000,85.000000,,,,0.000000,4.000000,4.000000,4.000000,4.000000,4.000000,4.000000,4.000000,4.000000,4.000000,4.000000,4.000000,4.000000,4.000000,4.000000,100.000000,,,,,,,,,,,,,,,,,,,,,,,,,,,,,,,,,,,,,,,,,,,,,,,,,,,,,,,,,,,,,,,,,,,,,,,,,,,,,,,,,,,,,,
1676060253.915949,1676060253.916301,81.000000,0.000000,4280.256348,4335.128418,4296.410156,4310.641113,4309.230957,4284.230957,4300.128418,4312.563965,4298.717773,4282.563965,4414.358887,4460.000000,4319.743652,4357.692383,3231.000000,4.000000,85.000000,,,,0.000000,4.000000,4.000000,4.000000,4.000000,4.000000,4.000000,4.000000,4.000000,4.000000,4.000000,4.000000,4.000000,4.000000,4.000000,100.000000,,,,,,,,,,,,,,,,,,,,,,,,,,,,,,,,,,,,,,,,,,,,,,,,,,,,,,,,,,,,,,,,,,,,,,,,,,,,,,,,,,,,,,
1676060253.923758,1676060253.924009,82.000000,0.000000,4280.641113,4332.948730,4291.282227,4311.410156,4310.128418,4285.128418,4293.589844,4300.256348,4292.692383,4278.077148,4411.666504,4453.974121,4318.846191,4355.256348,2730.000000,4.000000,85.000000,,,,0.000000,4.000000,4.000000,4.000000,4.000000,4.000000,4.000000,4.000000,4.000000,4.000000,4.000000,4.000000,4.000000,4.000000,4.000000,100.000000,,,,,,,,,,,,,,,,,,,,,,,,,,,,,,,,,,,,,,,,,,,,,,,,,,,,,,,,,,,,,,,,,,,,,,,,,,,,,,,,,,,,,,
1676060253.931566,1676060253.931917,83.000000,0.000000,4284.487305,4342.820313,4293.333496,4312.820313,4311.794922,4289.102539,4294.102539,4300.000000,4290.897461,4268.589844,4411.025879,4453.461426,4320.769043,4357.692383,2925.000000,4.000000,85.000000,,,,0.000000,4.000000,4.000000,4.000000,4.000000,4.000000,4.000000,4.000000,4.000000,4.000000,4.000000,4.000000,4.000000,4.000000,4.000000,100.000000,,,,,,,,,,,,,,,,,,,,,,,,,,,,,,,,,,,,,,,,,,,,,,,,,,,,,,,,,,,,,,,,,,,,,,,,,,,,,,,,,,,,,,
1676060253.939375,1676060253.939726,84.000000,0.000000,4292.436035,4344.487305,4300.897461,4311.922852,4313.333496,4290.000000,4299.230957,4305.256348,4290.512695,4264.102539,4419.743652,4458.077148,4326.153809,4364.871582,3121.000000,4.000000,85.000000,,,,0.000000,4.000000,4.000000,4.000000,4.000000,4.000000,4.000000,4.000000,4.000000,4.000000,4.000000,4.000000,4.000000,4.000000,4.000000,100.000000,,,,,,,,,,,,,,,,,,,,,,,,,,,,,,,,,,,,,,,,,,,,,,,,,,,,,,,,,,,,,,,,,,,,,,,,,,,,,,,,,,,,,,
1676060253.947183,1676060253.947634,85.000000,0.000000,4302.179688,4346.538574,4307.820313,4321.666504,4320.384766,4293.205078,4307.051270,4311.153809,4296.922852,4273.077148,4440.000000,4469.743652,4338.205078,4375.769043,3231.000000,4.000000,85.000000,,,,0.000000,4.000000,4.000000,4.000000,4.000000,4.000000,4.000000,4.000000,4.000000,4.000000,4.000000,4.000000,4.000000,4.000000,4.000000,100.000000,,,,,,,,,,,,,,,,,,,,,,,,,,,,,,,,,,,,,,,,,,,,,,,,,,,,,,,,,,,,,,,,,,,,,,,,,,,,,,,,,,,,,,
1676060253.954991,1676060253.955443,86.000000,0.000000,4303.333496,4353.589844,4310.769043,4331.922852,4324.487305,4298.717773,4312.436035,4317.051270,4303.333496,4290.512695,4451.410156,4480.384766,4347.051270,4385.769043,2730.000000,4.000000,85.000000,,,,0.000000,4.000000,4.000000,4.000000,4.000000,4.000000,4.000000,4.000000,4.000000,4.000000,4.000000,4.000000,4.000000,4.000000,4.000000,100.000000,,,,,,,,,,,,,,,,,,,,,,,,,,,,,,,,,,,,,,,,,,,,,,,,,,,,,,,,,,,,,,,,,,,,,,,,,,,,,,,,,,,,,,
1676060253.962800,1676060253.963351,87.000000,0.000000,4279.487305,4336.153809,4295.128418,4310.897461,4311.025879,4289.230957,4300.641113,4306.410156,4288.077148,4281.538574,4428.846191,4460.384766,4330.000000,4368.974121,2925.000000,4.000000,85.000000,,,,0.000000,4.000000,4.000000,4.000000,4.000000,4.000000,4.000000,4.000000,4.000000,4.000000,4.000000,4.000000,4.000000,4.000000,4.000000,100.000000,,,,,,,,,,,,,,,,,,,,,,,,,,,,,,,,,,,,,,,,,,,,,,,,,,,,,,,,,,,,,,,,,,,,,,,,,,,,,,,,,,,,,,
1676060253.970608,1676060253.971160,88.000000,0.000000,4248.717773,4308.205078,4268.974121,4279.102539,4298.461426,4278.333496,4285.000000,4293.589844,4270.256348,4250.769043,4398.077148,4427.436035,4301.538574,4339.487305,3121.000000,4.000000,85.000000,,,,0.000000,4.000000,4.000000,4.000000,4.000000,4.000000,4.000000,4.000000,4.000000,4.000000,4.000000,4.000000,4.000000,4.000000,4.000000,100.000000,,,,,,,,,,,,,,,,,,,,,,,,,,,,,,,,,,,,,,,,,,,,,,,,,,,,,,,,,,,,,,,,,,,,,,,,,,,,,,,,,,,,,,
1676060253.978416,1676060253.979068,89.000000,0.000000,4245.641113,4302.436035,4263.461426,4275.769043,4295.256348,4278.077148,4279.615234,4291.922852,4270.641113,4241.025879,4390.384766,4424.102539,4291.025879,4330.897461,3231.000000,4.000000,85.000000,,,,0.000000,4.000000,4.000000,4.000000,4.000000,4.000000,4.000000,4.000000,4.000000,4.000000,4.000000,4.000000,4.000000,4.000000,4.000000,100.000000,,,,,,,,,,,,,,,,,,,,,,,,,,,,,,,,,,,,,,,,,,,,,,,,,,,,,,,,,,,,,,,,,,,,,,,,,,,,,,,,,,,,,,
1676060253.986225,1676060253.986876,90.000000,0.000000,4267.563965,4313.974121,4278.974121,4291.666504,4295.384766,4280.897461,4282.563965,4298.077148,4279.487305,4259.871582,4403.974121,4444.358887,4303.717773,4345.128418,2730.000000,4.000000,85.000000,,,,0.000000,4.000000,4.000000,4.000000,4.000000,4.000000,4.000000,4.000000,4.000000,4.000000,4.000000,4.000000,4.000000,4.000000,4.000000,100.000000,,,,,,,,,,,,,,,,,,,,,,,,,,,,,,,,,,,,,,,,,,,,,,,,,,,,,,,,,,,,,,,,,,,,,,,,,,,,,,,,,,,,,,
1676060253.994033,1676060253.994785,91.000000,0.000000,4281.025879,4318.077148,4291.025879,4298.205078,4302.820313,4283.717773,4287.563965,4303.846191,4283.717773,4268.077148,4418.205078,4455.128418,4319.230957,4359.230957,2925.000000,4.000000,85.000000,,,,0.000000,4.000000,4.000000,4.000000,4.000000,4.000000,4.000000,4.000000,4.000000,4.000000,4.000000,4.000000,4.000000,4.000000,4.000000,100.000000,,,,,,,,,,,,,,,,,,,,,,,,,,,,,,,,,,,,,,,,,,,,,,,,,,,,,,,,,,,,,,,,,,,,,,,,,,,,,,,,,,,,,,
1676060254.001842,1676060254.002593,92.000000,0.000000,4279.871582,4318.846191,4297.307617,4298.333496,4309.743652,4287.948730,4291.922852,4307.307617,4288.205078,4266.410156,4422.179688,4456.922852,4325.769043,4363.205078,3121.000000,4.000000,85.000000,,,,0.000000,4.000000,4.000000,4.000000,4.000000,4.000000,4.000000,4.000000,4.000000,4.000000,4.000000,4.000000,4.000000,4.000000,4.000000,100.000000,,,,,,,,,,,,,,,,,,,,,,,,,,,,,,,,,,,,,,,,,,,,,,,,,,,,,,,,,,,,,,,,,,,,,,,,,,,,,,,,,,,,,,
1676060254.009650,1676060254.010302,93.000000,0.000000,4294.871582,4337.563965,4311.025879,4315.128418,4317.179688,4300.000000,4306.794922,4317.948730,4302.436035,4286.666504,4435.000000,4474.615234,4338.077148,4377.307617,3231.000000,4.000000,85.000000,,,,0.000000,4.000000,4.000000,4.000000,4.000000,4.000000,4.000000,4.000000,4.000000,4.000000,4.000000,4.000000,4.000000,4.000000,4.000000,100.000000,,,,,,,,,,,,,,,,,,,,,,,,,,,,,,,,,,,,,,,,,,,,,,,,,,,,,,,,,,,,,,,,,,,,,,,,,,,,,,,,,,,,,,
1676060254.017458,1676060254.018110,94.000000,0.000000,4323.461426,4359.615234,4329.102539,4340.641113,4335.641113,4313.717773,4323.205078,4332.563965,4312.307617,4300.000000,4461.922852,4498.974121,4361.282227,4406.538574,2730.000000,4.000000,85.000000,,,,0.000000,4.000000,4.000000,4.000000,4.000000,4.000000,4.000000,4.000000,4.000000,4.000000,4.000000,4.000000,4.000000,4.000000,4.000000,100.000000,,,,,,,,,,,,,,,,,2.957175,1.396451,2.313332,1.817882,0.915709,5.487787,1.461477,2.752271,2.141348,0.985161,2.856039,1.472193,2.701365,1.844761,1.073586,3.088495,1.170496,2.285692,1.884984,0.880133,1.188778,0.943089,1.783500,1.230461,0.610073,0.916755,0.970551,0.814947,0.552888,0.477835,1.196635,1.033478,2.201390,1.347731,0.705415,1.526506,1.089344,2.737775,1.549768,0.990642,0.771444,1.183006,2.736979,1.719024,1.048565,1.365588,1.826860,3.098037,2.006148,1.135685,5.156946,3.507877,5.906223,2.874024,1.572870,2.659573,2.263812,4.649085,2.799006,1.635189,2.082937,2.295853,5.031580,2.305849,1.567364,2.440216,2.308594,4.120665,2.363782,1.826959
1676060254.025267,1676060254.025819,95.000000,0.000000,4314.102539,4350.128418,4320.256348,4332.692383,4329.230957,4305.128418,4307.563965,4317.307617,4292.692383,4272.307617,4451.922852,4481.153809,4355.000000,4399.487305,2925.000000,4.000000,85.000000,,,,0.000000,4.000000,4.000000,4.000000,4.000000,4.000000,4.000000,4.000000,4.000000,4.000000,4.000000,4.000000,4.000000,4.000000,4.000000,100.000000,,,,,,,,,,,,,,,,,,,,,,,,,,,,,,,,,,,,,,,,,,,,,,,,,,,,,,,,,,,,,,,,,,,,,,,,,,,,,,,,,,,,,,
1676060254.033075,1676060254.033627,96.000000,0.000000,4281.410156,4321.025879,4293.717773,4300.897461,4297.436035,4280.000000,4279.358887,4286.794922,4267.563965,4251.025879,4411.282227,4443.589844,4321.282227,4361.153809,3121.000000,4.000000,85.000000,,,,0.000000,4.000000,4.000000,4.000000,4.000000,4.000000,4.000000,4.000000,4.000000,4.000000,4.000000,4.000000,4.000000,4.000000,4.000000,100.000000,,,,,,,,,,,,,,,,,,,,,,,,,,,,,,,,,,,,,,,,,,,,,,,,,,,,,,,,,,,,,,,,,,,,,,,,,,,,,,,,,,,,,,
1676060254.040883,1676060254.041336,97.000000,0.000000,4284.871582,4322.563965,4298.205078,4300.256348,4300.256348,4281.282227,4283.974121,4293.333496,4279.871582,4277.436035,4425.000000,4455.384766,4330.256348,4371.025879,3231.000000,4.000000,85.000000,,,,0.000000,4.000000,4.000000,4.000000,4.000000,4.000000,4.000000,4.000000,4.000000,4.000000,4.000000,4.000000,4.000000,4.000000,4.000000,100.000000,,,,,,,,,,,,,,,,,,,,,,,,,,,,,,,,,,,,,,,,,,,,,,,,,,,,,,,,,,,,,,,,,,,,,,,,,,,,,,,,,,,,,,
1676060254.048692,1676060254.049144,98.000000,0.000000,4306.794922,4338.461426,4318.846191,4319.230957,4326.282227,4297.948730,4303.077148,4319.230957,4302.051270,4297.563965,4468.461426,4487.692383,4364.615234,4409.487305,2730.000000,4.000000,85.000000,,,,0.000000,4.000000,4.000000,4.000000,4.000000,4.000000,4.000000,4.000000,4.000000,4.000000,4.000000,4.000000,4.000000,4.000000,4.000000,100.000000,,,,,,,,,,,,,,,,,,,,,,,,,,,,,,,,,,,,,,,,,,,,,,,,,,,,,,,,,,,,,,,,,,,,,,,,,,,,,,,,,,,,,,
1676060254.056500,1676060254.056853,99.000000,0.000000,4289.358887,4320.000000,4303.589844,4305.769043,4314.615234,4285.512695,4292.948730,4310.641113,4290.000000,4277.179688,4448.974121,4466.666504,4343.974121,4387.563965,2925.000000,4.000000,85.000000,,,,0.000000,4.000000,4.000000,4.000000,4.000000,4.000000,4.000000,4.000000,4.000000,4.000000,4.000000,4.000000,4.000000,4.000000,4.000000,100.000000,,,,,,,,,,,,,,,,,,,,,,,,,,,,,,,,,,,,,,,,,,,,,,,,,,,,,,,,,,,,,,,,,,,,,,,,,,,,,,,,,,,,,,
1676060254.064309,1676060254.064661,100.000000,0.000000,4263.205078,4301.538574,4281.410156,4285.128418,4297.051270,4275.897461,4281.794922,4290.641113,4274.743652,4261.025879,4413.205078,4435.000000,4311.538574,4352.051270,3121.000000,4.000000,85.000000,,,,0.000000,4.000000,4.000000,4.000000,4.000000,4.000000,4.000000,4.000000,4.000000,4.000000,4.000000,4.000000,4.000000,4.000000,4.000000,100.000000,,,,,,,,,,,,,,,,,,,,,,,,,,,,,,,,,,,,,,,,,,,,,,,,,,,,,,,,,,,,,,,,,,,,,,,,,,,,,,,,,,,,,,
1676060254.072117,1676060254.072370,101.000000,0.000000,4273.589844,4307.563965,4293.077148,4291.794922,4306.410156,4289.743652,4293.589844,4299.743652,4284.230957,4265.769043,4425.384766,4449.871582,4326.666504,4367.307617,3231.000000,4.000000,85.000000,,,,0.000000,4.000000,4.000000,4.000000,4.000000,4.000000,4.000000,4.000000,4.000000,4.000000,4.000000,4.000000,4.000000,4.000000,4.000000,100.000000,,,,,,,,,,,,,,,,,,,,,,,,,,,,,,,,,,,,,,,,,,,,,,,,,,,,,,,,,,,,,,,,,,,,,,,,,,,,,,,,,,,,,,
1676060254.079925,1676060254.080178,102.000000,0.000000,4284.487305,4304.871582,4296.538574,4292.051270,4304.102539,4289.358887,4296.025879,4312.051270,4290.128418,4266.410156,4433.205078,4458.333496,4332.692383,4376.538574,2730.000000,4.000000,85.000000,,,,0.000000,4.000000,4.000000,4.000000,4.000000,4.000000,4.000000,4.000000,4.000000,4.000000,4.000000,4.000000,4.000000,4.000000,4.000000,100.000000,,,,,,,,,,,,,,,,,,,,,,,,,,,,,,,,,,,,,,,,,,,,,,,,,,,,,,,,,,,,,,,,,,,,,,,,,,,,,,,,,,,,,,
1676060254.087734,1676060254.087887,103.000000,0.000000,4273.077148,4302.307617,4282.948730,4282.820313,4295.641113,4284.871582,4291.666504,4309.743652,4291.025879,4268.717773,4425.769043,4444.358887,4321.153809,4362.179688,2925.000000,4.000000,85.000000,,,,0.000000,4.000000,4.000000,4.000000,4.000000,4.000000,4.000000,4.000000,4.000000,4.000000,4.000000,4.000000,4.000000,4.000000,4.000000,100.000000,,,,,,,,,,,,,,,,,,,,,,,,,,,,,,,,,,,,,,,,,,,,,,,,,,,,,,,,,,,,,,,,,,,,,,,,,,,,,,,,,,,,,,
1676060254.095542,1676060254.095695,104.000000,0.000000,4263.974121,4307.948730,4281.282227,4286.025879,4297.692383,4287.692383,4291.794922,4306.410156,4290.512695,4269.615234,4426.153809,4440.256348,4325.769043,4360.000000,3121.000000,4.000000,85.000000,,,,0.000000,4.000000,4.000000,4.000000,4.000000,4.000000,4.000000,4.000000,4.000000,4.000000,4.000000,4.000000,4.000000,4.000000,4.000000,100.000000,,,,,,,,,,,,,,,,,,,,,,,,,,,,,,,,,,,,,,,,,,,,,,,,,,,,,,,,,,,,,,,,,,,,,,,,,,,,,,,,,,,,,,
1676060254.103351,1676060254.103404,105.000000,0.000000,4263.077148,4297.948730,4278.461426,4286.153809,4295.384766,4281.922852,4283.717773,4299.358887,4277.179688,4256.410156,4412.692383,4435.641113,4320.256348,4359.230957,3231.000000,4.000000,85.000000,,,,0.000000,4.000000,4.000000,4.000000,4.000000,4.000000,4.000000,4.000000,4.000000,4.000000,4.000000,4.000000,4.000000,4.000000,4.000000,100.000000,,,,,,,,,,,,,,,,,,,,,,,,,,,,,,,,,,,,,,,,,,,,,,,,,,,,,,,,,,,,,,,,,,,,,,,,,,,,,,,,,,,,,,
1676060254.111159,1676060254.111212,106.000000,0.000000,4275.897461,4300.897461,4282.948730,4293.205078,4302.692383,4285.128418,4287.948730,4303.077148,4281.410156,4263.461426,4419.358887,4440.512695,4322.820313,4366.282227,2730.000000,4.000000,85.000000,,,,0.000000,4.000000,4.000000,4.000000,4.000000,4.000000,4.000000,4.000000,4.000000,4.000000,4.000000,4.000000,4.000000,4.000000,4.000000,100.000000,,,,,,,,,,,,,,,,,,,,,,,,,,,,,,,,,,,,,,,,,,,,,,,,,,,,,,,,,,,,,,,,,,,,,,,,,,,,,,,,,,,,,,
1676060254.118967,1676060254.118921,107.000000,0.000000,4291.666504,4322.307617,4299.743652,4311.410156,4308.461426,4290.384766,4303.077148,4314.358887,4303.205078,4287.436035,4450.897461,4461.282227,4349.487305,4386.538574,2925.000000,4.000000,85.000000,,,,0.000000,4.000000,4.000000,4.000000,4.000000,4.000000,4.000000,4.000000,4.000000,4.000000,4.000000,4.000000,4.000000,4.000000,4.000000,100.000000,,,,,,,,,,,,,,,,,,,,,,,,,,,,,,,,,,,,,,,,,,,,,,,,,,,,,,,,,,,,,,,,,,,,,,,,,,,,,,,,,,,,,,
1676060254.126776,1676060254.126829,108.000000,0.000000,4286.153809,4314.487305,4299.230957,4311.282227,4297.307617,4282.436035,4296.922852,4304.487305,4299.358887,4284.230957,4448.589844,4463.077148,4352.563965,4386.282227,3121.000000,4.000000,85.000000,,,,0.000000,4.000000,4.000000,4.000000,4.000000,4.000000,4.000000,4.000000,4.000000,4.000000,4.000000,4.000000,4.000000,4.000000,4.000000,100.000000,,,,,,,,,,,,,,,,,,,,,,,,,,,,,,,,,,,,,,,,,,,,,,,,,,,,,,,,,,,,,,,,,,,,,,,,,,,,,,,,,,,,,,
1676060254.134584,1676060254.134637,109.000000,0.000000,4278.461426,4305.641113,4290.769043,4310.384766,4296.922852,4287.436035,4289.230957,4299.102539,4291.538574,4273.461426,4435.512695,4461.282227,4338.333496,4379.358887,3231.000000,4.000000,85.000000,,,,0.000000,4.000000,4.000000,4.000000,4.000000,4.000000,4.000000,4.000000,4.000000,4.000000,4.000000,4.000000,4.000000,4.000000,4.000000,100.000000,,,,,,,,,,,,,,,,,,,,,,,,,,,,,,,,,,,,,,,,,,,,,,,,,,,,,,,,,,,,,,,,,,,,,,,,,,,,,,,,,,,,,,
1676060254.142393,1676060254.142546,110.000000,0.000000,4282.692383,4312.563965,4289.743652,4320.512695,4304.230957,4291.666504,4289.230957,4307.307617,4296.410156,4275.128418,4436.025879,4471.153809,4338.333496,4382.307617,2730.000000,4.000000,85.000000,,,,0.000000,4.000000,4.000000,4.000000,4.000000,4.000000,4.000000,4.000000,4.000000,4.000000,4.000000,4.000000,4.000000,4.000000,4.000000,100.000000,,,,,,,,,,,,,,,,,3.623246,1.496653,2.533419,2.091497,1.096738,5.935658,1.761322,2.893775,2.427662,1.108205,3.631329,1.568055,2.895046,2.286549,1.294485,2.828999,1.371282,2.381666,2.242628,1.046005,1.540063,0.954304,1.811429,1.406938,0.665805,1.190933,1.156385,0.958850,0.732588,0.601868,1.381316,1.205203,2.352067,1.634686,0.851755,1.502975,1.165433,2.807006,1.888028,1.173945,0.994711,1.547027,2.851136,2.043123,1.347848,1.538432,2.206231,3.802264,2.278716,1.340082,4.194889,3.654840,6.001918,3.267274,1.881404,2.638047,2.465619,5.121353,3.343429,2.003774,2.074835,2.526414,5.543475,2.664231,1.839020,2.892067,2.498455,4.558356,2.741269,2.082141
1676060254.150201,1676060254.150354,111.000000,0.000000,4285.897461,4303.717773,4292.692383,4324.487305,4298.589844,4282.436035,4287.179688,4306.922852,4295.769043,4279.615234,4436.025879,4477.692383,4344.230957,4379.743652,2925.000000,4.000000,85.000000,,,,0.000000,4.000000,4.000000,4.000000,4.000000,4.000000,4.000000,4.000000,4.000000,4.000000,4.000000,4.000000,4.000000,4.000000,4.000000,100.000000,,,,,,,,,,,,,,,,,,,,,,,,,,,,,,,,,,,,,,,,,,,,,,,,,,,,,,,,,,,,,,,,,,,,,,,,,,,,,,,,,,,,,,
1676060254.158009,1676060254.158263,112.000000,0.000000,4291.025879,4302.692383,4303.846191,4336.153809,4304.871582,4294.358887,4301.922852,4316.025879,4305.128418,4286.922852,4446.794922,4494.615234,4350.128418,4388.461426,3121.000000,4.000000,85.000000,,,,0.000000,4.000000,4.000000,4.000000,4.000000,4.000000,4.000000,4.000000,4.000000,4.000000,4.000000,4.000000,4.000000,4.000000,4.000000,100.000000,,,,,,,,,,,,,,,,,,,,,,,,,,,,,,,,,,,,,,,,,,,,,,,,,,,,,,,,,,,,,,,,,,,,,,,,,,,,,,,,,,,,,,
1676060254.165818,1676060254.166071,113.000000,0.000000,4297.051270,4318.077148,4307.179688,4348.205078,4316.794922,4309.871582,4312.692383,4328.717773,4315.512695,4290.769043,4453.846191,4508.589844,4352.307617,4401.922852,3231.000000,4.000000,85.000000,,,,0.000000,4.000000,4.000000,4.000000,4.000000,4.000000,4.000000,4.000000,4.000000,4.000000,4.000000,4.000000,4.000000,4.000000,4.000000,100.000000,,,,,,,,,,,,,,,,,,,,,,,,,,,,,,,,,,,,,,,,,,,,,,,,,,,,,,,,,,,,,,,,,,,,,,,,,,,,,,,,,,,,,,
1676060254.173626,1676060254.173979,114.000000,0.000000,4289.743652,4312.051270,4292.436035,4337.820313,4302.948730,4298.077148,4298.077148,4316.410156,4300.000000,4281.025879,4438.846191,4491.153809,4342.948730,4394.871582,2730.000000,4.000000,85.000000,,,,0.000000,4.000000,4.000000,4.000000,4.000000,4.000000,4.000000,4.000000,4.000000,4.000000,4.000000,4.000000,4.000000,4.000000,4.000000,100.000000,,,,,,,,,,,,,,,,,,,,,,,,,,,,,,,,,,,,,,,,,,,,,,,,,,,,,,,,,,,,,,,,,,,,,,,,,,,,,,,,,,,,,,
1676060254.181434,1676060254.181788,115.000000,0.000000,4284.487305,4295.897461,4288.846191,4328.205078,4293.333496,4285.256348,4290.256348,4303.077148,4282.051270,4267.436035,4435.256348,4484.487305,4342.436035,4388.974121,2925.000000,4.000000,85.000000,,,,0.000000,4.000000,4.000000,4.000000,4.000000,4.000000,4.000000,4.000000,4.000000,4.000000,4.000000,4.000000,4.000000,4.000000,4.000000,100.000000,,,,,,,,,,,,,,,,,,,,,,,,,,,,,,,,,,,,,,,,,,,,,,,,,,,,,,,,,,,,,,,,,,,,,,,,,,,,,,,,,,,,,,
1676060254.189243,1676060254.189696,116.000000,0.000000,4289.487305,4297.692383,4294.230957,4333.846191,4294.743652,4283.589844,4290.256348,4303.974121,4283.333496,4268.205078,4441.538574,4496.410156,4346.025879,4395.384766,3121.000000,4.000000,85.000000,,,,0.000000,4.000000,4.000000,4.000000,4.000000,4.000000,4.000000,4.000000,4.000000,4.000000,4.000000,4.000000,4.000000,4.000000,4.000000,100.000000,,,,,,,,,,,,,,,,,,,,,,,,,,,,,,,,,,,,,,,,,,,,,,,,,,,,,,,,,,,,,,,,,,,,,,,,,,,,,,,,,,,,,,
1676060254.197051,1676060254.197505,117.000000,0.000000,4281.153809,4296.153809,4280.128418,4326.410156,4279.487305,4276.538574,4276.538574,4292.307617,4278.974121,4265.000000,4423.461426,4482.179688,4332.051270,4384.743652,3231.000000,4.000000,85.000000,,,,0.000000,4.000000,4.000000,4.000000,4.000000,4.000000,4.000000,4.000000,4.000000,4.000000,4.000000,4.000000,4.000000,4.000000,4.000000,100.000000,,,,,,,,,,,,,,,,,,,,,,,,,,,,,,,,,,,,,,,,,,,,,,,,,,,,,,,,,,,,,,,,,,,,,,,,,,,,,,,,,,,,,,
1676060254.204860,1676060254.205213,118.000000,0.000000,4276.282227,4289.615234,4275.641113,4319.743652,4276.282227,4275.000000,4276.025879,4289.487305,4274.102539,4253.974121,4415.384766,4472.692383,4327.436035,4376.025879,2730.000000,4.000000,85.000000,,,,0.000000,4.000000,4.000000,4.000000,4.000000,4.000000,4.000000,4.000000,4.000000,4.000000,4.000000,4.000000,4.000000,4.000000,4.000000,100.000000,,,,,,,,,,,,,,,,,,,,,,,,,,,,,,,,,,,,,,,,,,,,,,,,,,,,,,,,,,,,,,,,,,,,,,,,,,,,,,,,,,,,,,
1676060254.212668,1676060254.213022,119.000000,0.000000,4294.615234,4304.871582,4301.538574,4339.358887,4300.897461,4286.666504,4298.333496,4312.307617,4290.384766,4266.922852,4438.846191,4502.179688,4348.333496,4399.743652,2925.000000,4.000000,85.000000,,,,0.000000,4.000000,4.000000,4.000000,4.000000,4.000000,4.000000,4.000000,4.000000,4.000000,4.000000,4.000000,4.000000,4.000000,4.000000,100.000000,,,,,,,,,,,,,,,,,,,,,,,,,,,,,,,,,,,,,,,,,,,,,,,,,,,,,,,,,,,,,,,,,,,,,,,,,,,,,,,,,,,,,,
1676060254.220476,1676060254.220730,120.000000,0.000000,4314.358887,4328.589844,4323.205078,4360.769043,4318.077148,4298.717773,4313.846191,4329.487305,4308.461426,4294.871582,4463.333496,4529.230957,4370.897461,4426.666504,3121.000000,4.000000,85.000000,,,,0.000000,4.000000,4.000000,4.000000,4.000000,4.000000,4.000000,4.000000,4.000000,4.000000,4.000000,4.000000,4.000000,4.000000,4.000000,100.000000,,,,,,,,,,,,,,,,,,,,,,,,,,,,,,,,,,,,,,,,,,,,,,,,,,,,,,,,,,,,,,,,,,,,,,,,,,,,,,,,,,,,,,
1676060254.228285,1676060254.228539,121.000000,0.000000,4315.000000,4331.025879,4322.436035,4357.820313,4316.282227,4302.307617,4311.794922,4323.333496,4304.743652,4292.563965,4462.179688,4522.692383,4370.512695,4423.846191,3231.000000,4.000000,85.000000,,,,0.000000,4.000000,4.000000,4.000000,4.000000,4.000000,4.000000,4.000000,4.000000,4.000000,4.000000,4.000000,4.000000,4.000000,4.000000,100.000000,,,,,,,,,,,,,,,,,,,,,,,,,,,,,,,,,,,,,,,,,,,,,,,,,,,,,,,,,,,,,,,,,,,,,,,,,,,,,,,,,,,,,,
1676060254.236093,1676060254.236247,122.000000,0.000000,4300.641113,4308.077148,4300.384766,4335.384766,4310.128418,4296.538574,4295.641113,4300.000000,4281.922852,4272.179688,4440.641113,4496.794922,4348.717773,4401.922852,2730.000000,4.000000,85.000000,,,,0.000000,4.000000,4.000000,4.000000,4.000000,4.000000,4.000000,4.000000,4.000000,4.000000,4.000000,4.000000,4.000000,4.000000,4.000000,100.000000,,,,,,,,,,,,,,,,,,,,,,,,,,,,,,,,,,,,,,,,,,,,,,,,,,,,,,,,,,,,,,,,,,,,,,,,,,,,,,,,,,,,,,
1676060254.243901,1676060254.244056,123.000000,0.000000,4291.666504,4296.410156,4282.948730,4324.487305,4303.717773,4292.307617,4288.461426,4292.436035,4277.820313,4273.205078,4436.922852,4485.256348,4342.179688,4394.871582,2925.000000,4.000000,85.000000,,,,0.000000,4.000000,4.000000,4.000000,4.000000,4.000000,4.000000,4.000000,4.000000,4.000000,4.000000,4.000000,4.000000,4.000000,4.000000,100.000000,,,,,,,,,,,,,,,,,,,,,,,,,,,,,,,,,,,,,,,,,,,,,,,,,,,,,,,,,,,,,,,,,,,,,,,,,,,,,,,,,,,,,,
1676060254.251710,1676060254.251764,124.000000,0.000000,4293.974121,4309.615234,4289.358887,4330.128418,4304.871582,4297.307617,4297.051270,4308.717773,4295.128418,4274.615234,4450.000000,4492.820313,4356.538574,4401.410156,3121.000000,4.000000,85.000000,,,,0.000000,4.000000,4.000000,4.000000,4.000000,4.000000,4.000000,4.000000,4.000000,4.000000,4.000000,4.000000,4.000000,4.000000,4.000000,100.000000,,,,,,,,,,,,,,,,,,,,,,,,,,,,,,,,,,,,,,,,,,,,,,,,,,,,,,,,,,,,,,,,,,,,,,,,,,,,,,,,,,,,,,
1676060254.259518,1676060254.259573,125.000000,0.000000,4292.436035,4308.077148,4290.641113,4326.666504,4302.948730,4297.436035,4291.538574,4310.384766,4291.922852,4261.666504,4440.128418,4489.871582,4352.692383,4397.563965,3231.000000,4.000000,85.000000,,,,0.000000,4.000000,4.000000,4.000000,4.000000,4.000000,4.000000,4.000000,4.000000,4.000000,4.000000,4.000000,4.000000,4.000000,4.000000,100.000000,,,,,,,,,,,,,,,,,,,,,,,,,,,,,,,,,,,,,,,,,,,,,,,,,,,,,,,,,,,,,,,,,,,,,,,,,,,,,,,,,,,,,,
1676060254.267326,1676060254.267281,126.000000,0.000000,4286.410156,4291.153809,4274.615234,4318.205078,4287.948730,4280.769043,4275.256348,4294.871582,4276.025879,4261.538574,4421.666504,4478.717773,4332.563965,4391.282227,2730.000000,4.000000,85.000000,,,,0.000000,4.000000,4.000000,4.000000,4.000000,4.000000,4.000000,4.000000,4.000000,4.000000,4.000000,4.000000,4.000000,4.000000,4.000000,100.000000,,,,,,,,,,,,,,,,,4.103631,1.610975,2.655714,2.293583,1.297616,6.441969,2.087877,3.006430,2.616626,1.226994,4.188102,1.673657,2.987374,2.681607,1.501077,2.743458,1.600012,2.399351,2.522027,1.214319,1.820541,0.968865,1.797684,1.535935,0.721924,1.439047,1.319609,1.113264,0.920510,0.726197,1.518594,1.368373,2.440222,1.880050,0.989442,1.455360,1.198335,2.737401,2.190850,1.341177,1.203239,1.873354,2.843429,2.318625,1.633797,1.665479,2.536579,4.351272,2.525856,1.546447,3.215204,3.666284,5.778668,3.628932,2.179011,2.660779,2.563639,5.232715,3.774540,2.349737,2.108616,2.686370,5.695739,2.931404,2.102339,3.236690,2.614221,4.735188,3.017671,2.319226
1676060254.275135,1676060254.275090,127.000000,0.000000,4303.717773,4310.256348,4287.179688,4337.563965,4294.358887,4276.025879,4285.384766,4307.436035,4295.512695,4288.077148,4450.769043,4499.743652,4356.922852,4416.153809,85.000000,4.000000,85.000000,,,,0.000000,4.000000,4.000000,4.000000,4.000000,4.000000,4.000000,4.000000,4.000000,4.000000,4.000000,4.000000,4.000000,4.000000,4.000000,100.000000,,,,,,,,,,,,,,,,,,,,,,,,,,,,,,,,,,,,,,,,,,,,,,,,,,,,,,,,,,,,,,,,,,,,,,,,,,,,,,,,,,,,,,
1676060254.282943,1676060254.282798,0.000000,0.000000,4316.025879,4323.717773,4310.897461,4350.256348,4308.077148,4283.974121,4301.922852,4323.974121,4314.615234,4297.179688,4471.538574,4515.384766,4377.820313,4426.538574,2521.000000,4.000000,85.000000,,,,0.000000,4.000000,4.000000,4.000000,4.000000,4.000000,4.000000,4.000000,4.000000,4.000000,4.000000,4.000000,4.000000,4.000000,4.000000,100.000000,,,,,,,,,,,,,,,,,,,,,,,,,,,,,,,,,,,,,,,,,,,,,,,,,,,,,,,,,,,,,,,,,,,,,,,,,,,,,,,,,,,,,,
1676060254.290752,1676060254.290706,1.000000,0.000000,4292.051270,4282.436035,4298.333496,4324.871582,4294.487305,4274.358887,4292.563965,4308.333496,4294.358887,4274.358887,4431.282227,4492.820313,4336.794922,4390.769043,2476.000000,4.000000,85.000000,,,,0.000000,4.000000,4.000000,4.000000,4.000000,4.000000,4.000000,4.000000,4.000000,4.000000,4.000000,4.000000,4.000000,4.000000,4.000000,100.000000,,,,,,,,,,,,,,,,,,,,,,,,,,,,,,,,,,,,,,,,,,,,,,,,,,,,,,,,,,,,,,,,,,,,,,,,,,,,,,,,,,,,,,
1676060254.298560,1676060254.298515,2.000000,0.000000,4302.051270,4277.948730,4310.256348,4332.307617,4296.282227,4280.128418,4303.717773,4321.410156,4304.487305,4286.025879,4447.692383,4518.974121,4348.974121,4411.410156,2404.000000,4.000000,85.000000,,,,0.000000,4.000000,4.000000,4.000000,4.000000,4.000000,4.000000,4.000000,4.000000,4.000000,4.000000,4.000000,4.000000,4.000000,4.000000,100.000000,,,,,,,,,,,,,,,,,,,,,,,,,,,,,,,,,,,,,,,,,,,,,,,,,,,,,,,,,,,,,,,,,,,,,,,,,,,,,,,,,,,,,,
1676060254.306368,1676060254.306423,3.000000,0.000000,4329.743652,4302.948730,4337.563965,4353.333496,4313.461426,4299.487305,4324.871582,4347.948730,4332.436035,4308.461426,4513.589844,4565.512695,4418.461426,4468.846191,2464.000000,4.000000,85.000000,,,,0.000000,4.000000,4.000000,4.000000,4.000000,4.000000,4.000000,4.000000,4.000000,4.000000,4.000000,4.000000,4.000000,4.000000,4.000000,100.000000,,,,,,,,,,,,,,,,,,,,,,,,,,,,,,,,,,,,,,,,,,,,,,,,,,,,,,,,,,,,,,,,,,,,,,,,,,,,,,,,,,,,,,
1676060254.314177,1676060254.314232,4.000000,0.000000,4295.769043,4256.153809,4302.179688,4310.641113,4293.974121,4288.717773,4302.948730,4320.769043,4307.051270,4284.102539,4496.922852,4529.871582,4414.230957,4446.153809,2431.000000,4.000000,85.000000,,,,0.000000,4.000000,4.000000,4.000000,4.000000,4.000000,4.000000,4.000000,4.000000,4.000000,4.000000,4.000000,4.000000,4.000000,4.000000,100.000000,,,,,,,,,,,,,,,,,,,,,,,,,,,,,,,,,,,,,,,,,,,,,,,,,,,,,,,,,,,,,,,,,,,,,,,,,,,,,,,,,,,,,,
1676060254.321985,1676060254.322140,5.000000,0.000000,4271.410156,4224.358887,4276.282227,4282.563965,4283.205078,4283.974121,4286.025879,4300.512695,4286.666504,4272.051270,4470.128418,4499.871582,4391.410156,4416.794922,2373.000000,4.000000,85.000000,,,,0.000000,4.000000,4.000000,4.000000,4.000000,4.000000,4.000000,4.000000,4.000000,4.000000,4.000000,4.000000,4.000000,4.000000,4.000000,100.000000,,,,,,,,,,,,,,,,,,,,,,,,,,,,,,,,,,,,,,,,,,,,,,,,,,,,,,,,,,,,,,,,,,,,,,,,,,,,,,,,,,,,,,
1676060254.329794,1676060254.330048,6.000000,0.000000,4301.538574,4266.538574,4303.461426,4318.589844,4309.743652,4305.256348,4302.948730,4322.051270,4308.333496,4296.922852,4499.102539,4528.974121,4419.487305,4442.563965,2219.000000,4.000000,85.000000,,,,0.000000,4.000000,4.000000,4.000000,4.000000,4.000000,4.000000,4.000000,4.000000,4.000000,4.000000,4.000000,4.000000,4.000000,4.000000,100.000000,,,,,,,,,,,,,,,,,,,,,,,,,,,,,,,,,,,,,,,,,,,,,,,,,,,,,,,,,,,,,,,,,,,,,,,,,,,,,,,,,,,,,,
1676060254.337602,1676060254.337857,7.000000,0.000000,4288.846191,4266.922852,4287.307617,4314.230957,4305.512695,4301.410156,4291.153809,4310.641113,4298.077148,4286.153809,4475.000000,4503.717773,4399.871582,4418.846191,2226.000000,4.000000,85.000000,,,,0.000000,4.000000,4.000000,4.000000,4.000000,4.000000,4.000000,4.000000,4.000000,4.000000,4.000000,4.000000,4.000000,4.000000,4.000000,100.000000,,,,,,,,,,,,,,,,,,,,,,,,,,,,,,,,,,,,,,,,,,,,,,,,,,,,,,,,,,,,,,,,,,,,,,,,,,,,,,,,,,,,,,
1676060254.345410,1676060254.345665,8.000000,0.000000,4246.538574,4231.282227,4247.179688,4271.666504,4283.205078,4284.487305,4266.666504,4281.025879,4269.487305,4262.692383,4430.256348,4454.615234,4359.871582,4371.666504,2276.000000,4.000000,85.000000,,,,0.000000,4.000000,4.000000,4.000000,4.000000,4.000000,4.000000,4.000000,4.000000,4.000000,4.000000,4.000000,4.000000,4.000000,4.000000,100.000000,,,,,,,,,,,,,,,,,,,,,,,,,,,,,,,,,,,,,,,,,,,,,,,,,,,,,,,,,,,,,,,,,,,,,,,,,,,,,,,,,,,,,,
1676060254.353219,1676060254.353574,9.000000,0.000000,4268.461426,4257.307617,4269.487305,4286.025879,4297.051270,4295.897461,4287.051270,4302.051270,4290.256348,4283.717773,4468.461426,4484.871582,4402.436035,4402.820313,2274.000000,4.000000,85.000000,,,,0.000000,4.000000,4.000000,4.000000,4.000000,4.000000,4.000000,4.000000,4.000000,4.000000,4.000000,4.000000,4.000000,4.000000,4.000000,100.000000,,,,,,,,,,,,,,,,,,,,,,,,,,,,,,,,,,,,,,,,,,,,,,,,,,,,,,,,,,,,,,,,,,,,,,,,,,,,,,,,,,,,,,
1676060254.361027,1676060254.361382,10.000000,0.000000,4283.461426,4269.871582,4280.384766,4302.692383,4296.025879,4297.179688,4297.051270,4316.538574,4301.666504,4290.384766,4488.205078,4501.025879,4422.563965,4418.717773,2735.000000,4.000000,85.000000,,,,0.000000,4.000000,4.000000,4.000000,4.000000,4.000000,4.000000,4.000000,4.000000,4.000000,4.000000,4.000000,4.000000,4.000000,4.000000,100.000000,,,,,,,,,,,,,,,,,,,,,,,,,,,,,,,,,,,,,,,,,,,,,,,,,,,,,,,,,,,,,,,,,,,,,,,,,,,,,,,,,,,,,,
1676060254.368836,1676060254.369290,11.000000,0.000000,4246.666504,4229.871582,4250.000000,4276.282227,4276.153809,4284.615234,4276.410156,4296.153809,4273.846191,4263.077148,4447.436035,4461.153809,4378.333496,4375.000000,2927.000000,4.000000,85.000000,,,,0.000000,4.000000,4.000000,4.000000,4.000000,4.000000,4.000000,4.000000,4.000000,4.000000,4.000000,4.000000,4.000000,4.000000,4.000000,100.000000,,,,,,,,,,,,,,,,,,,,,,,,,,,,,,,,,,,,,,,,,,,,,,,,,,,,,,,,,,,,,,,,,,,,,,,,,,,,,,,,,,,,,,
1676060254.376644,1676060254.377199,12.000000,0.000000,4246.153809,4235.000000,4259.230957,4276.282227,4295.000000,4296.538574,4286.410156,4300.128418,4278.333496,4261.666504,4455.000000,4467.051270,4383.077148,4376.025879,3134.000000,4.000000,85.000000,,,,0.000000,4.000000,4.000000,4.000000,4.000000,4.000000,4.000000,4.000000,4.000000,4.000000,4.000000,4.000000,4.000000,4.000000,4.000000,100.000000,,,,,,,,,,,,,,,,,,,,,,,,,,,,,,,,,,,,,,,,,,,,,,,,,,,,,,,,,,,,,,,,,,,,,,,,,,,,,,,,,,,,,,
1676060254.384452,1676060254.385007,13.000000,0.000000,4276.153809,4269.743652,4286.410156,4301.794922,4316.922852,4309.102539,4308.205078,4322.692383,4311.410156,4289.615234,4495.000000,4503.461426,4420.769043,4412.692383,3239.000000,4.000000,85.000000,,,,0.000000,4.000000,4.000000,4.000000,4.000000,4.000000,4.000000,4.000000,4.000000,4.000000,4.000000,4.000000,4.000000,4.000000,4.000000,100.000000,,,,,,,,,,,,,,,,,,,,,,,,,,,,,,,,,,,,,,,,,,,,,,,,,,,,,,,,,,,,,,,,,,,,,,,,,,,,,,,,,,,,,,
1676060254.392261,1676060254.392816,14.000000,0.000000,4266.922852,4260.256348,4272.307617,4296.794922,4300.769043,4295.512695,4290.769043,4318.333496,4310.769043,4299.615234,4486.410156,4490.512695,4410.769043,4404.615234,2735.000000,4.000000,85.000000,,,,0.000000,4.000000,4.000000,4.000000,4.000000,4.000000,4.000000,4.000000,4.000000,4.000000,4.000000,4.000000,4.000000,4.000000,4.000000,100.000000,1.000000,25.000000,4.000000,4.000000,1.000000,4.000000,4.000000,4.000000,4.000000,4.000000,4.000000,1.000000,3.000000,1.000000,3.000000,3.000000,4.262927,1.801482,2.700959,2.416369,1.465180,6.778482,2.444198,3.109720,2.682768,1.297727,4.353348,1.781813,2.976352,2.963745,1.636490,2.804107,1.838751,2.384502,2.678912,1.335799,1.942141,0.978291,1.772284,1.606342,0.759218,1.575441,1.410681,1.263871,1.076184,0.817557,1.543445,1.447912,2.483297,2.038647,1.084978,1.352774,1.161576,2.556415,2.388196,1.447820,1.323256,2.068258,2.718858,2.483945,1.819793,1.708027,2.731737,4.580776,2.700448,1.701297,2.495936,3.633085,5.317317,3.907599,2.376929,2.738292,2.570325,4.988177,4.017664,2.578428,2.231795,2.879135,5.451613,3.072505,2.254309,3.434846,2.738141,4.620304,3.176746,2.448810
1676060254.400069,1676060254.400524,15.000000,0.000000,4238.589844,4233.846191,4248.077148,4274.358887,4285.512695,4276.025879,4263.589844,4295.128418,4287.820313,4282.307617,4450.128418,4452.179688,4378.333496,4370.641113,2927.000000,4.000000,85.000000,,,,0.000000,4.000000,4.000000,4.000000,4.000000,4.000000,4.000000,4.000000,4.000000,4.000000,4.000000,4.000000,4.000000,4.000000,4.000000,100.000000,,,,,,,,,,,,,,,,,,,,,,,,,,,,,,,,,,,,,,,,,,,,,,,,,,,,,,,,,,,,,,,,,,,,,,,,,,,,,,,,,,,,,,
1676060254.407878,1676060254.408333,16.000000,0.000000,4245.512695,4240.512695,4255.256348,4275.256348,4292.307617,4277.692383,4272.692383,4291.282227,4288.077148,4281.025879,4456.538574,4459.102539,4387.948730,4377.948730,0.000000,4.000000,85.000000,,,,0.000000,4.000000,4.000000,4.000000,4.000000,4.000000,4.000000,4.000000,4.000000,4.000000,4.000000,4.000000,4.000000,4.000000,4.000000,100.000000,,,,,,,,,,,,,,,,,,,,,,,,,,,,,,,,,,,,,,,,,,,,,,,,,,,,,,,,,,,,,,,,,,,,,,,,,,,,,,,,,,,,,,
1676060254.415686,1676060254.416041,17.000000,0.000000,4266.282227,4250.641113,4275.384766,4287.179688,4294.615234,4286.410156,4289.871582,4301.794922,4299.358887,4297.179688,4489.102539,4490.256348,4418.717773,4410.000000,0.000000,4.000000,85.000000,,,,0.000000,4.000000,4.000000,4.000000,4.000000,4.000000,4.000000,4.000000,4.000000,4.000000,4.000000,4.000000,4.000000,4.000000,4.000000,100.000000,,,,,,,,,,,,,,,,,,,,,,,,,,,,,,,,,,,,,,,,,,,,,,,,,,,,,,,,,,,,,,,,,,,,,,,,,,,,,,,,,,,,,,
1676060254.423494,1676060254.423850,18.000000,0.000000,4274.615234,4247.692383,4284.871582,4293.717773,4294.871582,4282.563965,4284.743652,4302.820313,4295.384766,4292.051270,4488.717773,4492.051270,4418.846191,4414.743652,0.000000,4.000000,85.000000,,,,0.000000,4.000000,4.000000,4.000000,4.000000,4.000000,4.000000,4.000000,4.000000,4.000000,4.000000,4.000000,4.000000,4.000000,4.000000,100.000000,,,,,,,,,,,,,,,,,,,,,,,,,,,,,,,,,,,,,,,,,,,,,,,,,,,,,,,,,,,,,,,,,,,,,,,,,,,,,,,,,,,,,,
1676060254.431303,1676060254.431558,19.000000,0.000000,4283.974121,4262.179688,4296.282227,4305.897461,4306.153809,4286.153809,4288.974121,4309.230957,4297.820313,4286.666504,4486.922852,4498.589844,4416.794922,4415.641113,0.000000,4.000000,85.000000,,,,0.000000,4.000000,4.000000,4.000000,4.000000,4.000000,4.000000,4.000000,4.000000,4.000000,4.000000,4.000000,4.000000,4.000000,4.000000,100.000000,,,,,,,,,,,,,,,,,,,,,,,,,,,,,,,,,,,,,,,,,,,,,,,,,,,,,,,,,,,,,,,,,,,,,,,,,,,,,,,,,,,,,,
1676060254.439111,1676060254.439467,20.000000,0.000000,4295.641113,4282.692383,4316.538574,4319.615234,4314.487305,4305.512695,4314.615234,4332.948730,4317.436035,4308.333496,4515.897461,4532.436035,4440.128418,4441.410156,0.000000,4.000000,85.000000,,,,0.000000,4.000000,4.000000,4.000000,4.000000,4.000000,4.000000,4.000000,4.000000,4.000000,4.000000,4.000000,4.000000,4.000000,4.000000,100.000000,,,,,,,,,,,,,,,,,,,,,,,,,,,,,,,,,,,,,,,,,,,,,,,,,,,,,,,,,,,,,,,,,,,,,,,,,,,,,,,,,,,,,,
1676060254.446919,1676060254.447275,21.000000,0.000000,4298.205078,4278.846191,4316.666504,4315.128418,4311.153809,4310.384766,4318.846191,4336.025879,4320.128418,4305.897461,4521.410156,4535.641113,4441.922852,4446.794922,0.000000,4.000000,85.000000,,,,0.000000,4.000000,4.000000,4.000000,4.000000,4.000000,4.000000,4.000000,4.000000,4.000000,4.000000,4.000000,4.000000,4.000000,4.000000,100.000000,,,,,,,,,,,,,,,,,,,,,,,,,,,,,,,,,,,,,,,,,,,,,,,,,,,,,,,,,,,,,,,,,,,,,,,,,,,,,,,,,,,,,,
1676060254.454728,1676060254.455083,22.000000,0.000000,4287.820313,4263.461426,4288.974121,4299.615234,4305.897461,4298.589844,4298.846191,4316.922852,4304.102539,4276.025879,4491.538574,4503.846191,4415.384766,4418.205078,0.000000,4.000000,85.000000,,,,0.000000,4.000000,4.000000,4.000000,4.000000,4.000000,4.000000,4.000000,4.000000,4.000000,4.000000,4.000000,4.000000,4.000000,4.000000,100.000000,,,,,,,,,,,,,,,,,,,,,,,,,,,,,,,,,,,,,,,,,,,,,,,,,,,,,,,,,,,,,,,,,,,,,,,,,,,,,,,,,,,,,,
1676060254.462536,1676060254.462792,23.000000,0.000000,4271.410156,4256.538574,4266.538574,4289.871582,4301.666504,4292.436035,4287.179688,4311.666504,4296.538574,4275.000000,4474.743652,4484.487305,4403.461426,4398.846191,0.000000,4.000000,85.000000,,,,0.000000,4.000000,4.000000,4.000000,4.000000,4.000000,4.000000,4.000000,4.000000,4.000000,4.000000,4.000000,4.000000,4.000000,4.000000,100.000000,,,,,,,,,,,,,,,,,,,,,,,,,,,,,,,,,,,,,,,,,,,,,,,,,,,,,,,,,,,,,,,,,,,,,,,,,,,,,,,,,,,,,,
1676060254.470345,1676060254.470600,24.000000,0.000000,4256.794922,4246.282227,4259.358887,4279.102539,4290.897461,4286.282227,4281.538574,4306.410156,4288.589844,4283.974121,4465.128418,4469.871582,4393.974121,4389.871582,0.000000,4.000000,85.000000,,,,0.000000,4.000000,4.000000,4.000000,4.000000,4.000000,4.000000,4.000000,4.000000,4.000000,4.000000,4.000000,4.000000,4.000000,4.000000,100.000000,,,,,,,,,,,,,,,,,,,,,,,,,,,,,,,,,,,,,,,,,,,,,,,,,,,,,,,,,,,,,,,,,,,,,,,,,,,,,,,,,,,,,,
1676060254.478153,1676060254.478309,25.000000,0.000000,4261.666504,4246.282227,4265.384766,4278.846191,4287.179688,4285.128418,4284.743652,4304.102539,4285.256348,4277.051270,4465.000000,4469.102539,4391.794922,4389.487305,0.000000,4.000000,85.000000,,,,0.000000,4.000000,4.000000,4.000000,4.000000,4.000000,4.000000,4.000000,4.000000,4.000000,4.000000,4.000000,4.000000,4.000000,4.000000,100.000000,,,,,,,,,,,,,,,,,,,,,,,,,,,,,,,,,,,,,,,,,,,,,,,,,,,,,,,,,,,,,,,,,,,,,,,,,,,,,,,,,,,,,,
1676060254.485961,1676060254.486117,26.000000,0.000000,4281.922852,4263.974121,4280.512695,4296.922852,4297.307617,4294.230957,4299.230957,4322.051270,4304.871582,4285.897461,4489.102539,4493.974121,4413.333496,4412.179688,0.000000,4.000000,85.000000,,,,0.000000,4.000000,4.000000,4.000000,4.000000,4.000000,4.000000,4.000000,4.000000,4.000000,4.000000,4.000000,4.000000,4.000000,4.000000,100.000000,,,,,,,,,,,,,,,,,,,,,,,,,,,,,,,,,,,,,,,,,,,,,,,,,,,,,,,,,,,,,,,,,,,,,,,,,,,,,,,,,,,,,,
1676060254.493770,1676060254.493826,27.000000,0.000000,4286.410156,4263.333496,4281.794922,4299.743652,4299.487305,4292.436035,4296.025879,4325.384766,4314.358887,4298.333496,4496.282227,4496.282227,4415.384766,4423.974121,0.000000,4.000000,85.000000,,,,0.000000,4.000000,4.000000,4.000000,4.000000,4.000000,4.000000,4.000000,4.000000,4.000000,4.000000,4.000000,4.000000,4.000000,4.000000,100.000000,,,,,,,,,,,,,,,,,,,,,,,,,,,,,,,,,,,,,,,,,,,,,,,,,,,,,,,,,,,,,,,,,,,,,,,,,,,,,,,,,,,,,,
1676060254.501578,1676060254.501734,28.000000,0.000000,4288.846191,4259.358887,4286.666504,4294.230957,4298.461426,4290.256348,4290.641113,4317.051270,4309.615234,4291.794922,4494.102539,4493.974121,4413.461426,4423.846191,0.000000,4.000000,85.000000,,,,0.000000,4.000000,4.000000,4.000000,4.000000,4.000000,4.000000,4.000000,4.000000,4.000000,4.000000,4.000000,4.000000,4.000000,4.000000,100.000000,,,,,,,,,,,,,,,,,,,,,,,,,,,,,,,,,,,,,,,,,,,,,,,,,,,,,,,,,,,,,,,,,,,,,,,,,,,,,,,,,,,,,,
1676060254.509386,1676060254.509543,29.000000,0.000000,4304.871582,4275.641113,4309.487305,4309.358887,4310.512695,4297.563965,4300.897461,4327.307617,4316.794922,4298.205078,4514.230957,4518.974121,4437.307617,4440.897461,0.000000,4.000000,85.000000,,,,0.000000,4.000000,4.000000,4.000000,4.000000,4.000000,4.000000,4.000000,4.000000,4.000000,4.000000,4.000000,4.000000,4.000000,4.000000,100.000000,,,,,,,,,,,,,,,,,,,,,,,,,,,,,,,,,,,,,,,,,,,,,,,,,,,,,,,,,,,,,,,,,,,,,,,,,,,,,,,,,,,,,,
1676060254.517195,1676060254.517451,30.000000,0.000000,4305.769043,4279.102539,4309.615234,4313.974121,4318.846191,4290.256348,4294.871582,4323.205078,4313.846191,4309.230957,4513.333496,4518.077148,4439.615234,4444.230957,0.000000,4.000000,85.000000,,,,0.000000,4.000000,4.000000,4.000000,4.000000,4.000000,4.000000,4.000000,4.000000,4.000000,4.000000,4.000000,4.000000,4.000000,4.000000,100.000000,,,,,,,,,,,,,,,,,4.132275,2.107649,2.691209,2.459347,1.564498,6.766676,2.814378,3.169260,2.621684,1.304593,4.118242,1.895099,2.876848,3.081843,1.668484,2.972652,2.077599,2.360025,2.693041,1.383092,1.871574,0.983419,1.734811,1.613501,0.769780,1.543553,1.399742,1.391289,1.161002,0.852935,1.430342,1.391055,2.487859,2.081106,1.118241,1.219023,1.045708,2.312374,2.433426,1.467975,1.334973,2.074798,2.499140,2.498656,1.853292,1.645613,2.751670,4.417340,2.770749,1.767140,2.146298,3.661232,4.696084,4.046992,2.434172,2.927640,2.536183,4.501151,4.033060,2.640997,2.431831,3.196655,4.869657,3.079547,2.250839,3.509748,2.953028,4.244752,3.222436,2.429418
1676060254.525003,1676060254.525260,31.000000,0.000000,4285.000000,4260.000000,4285.512695,4290.128418,4310.000000,4281.153809,4274.615234,4298.974121,4296.922852,4293.846191,4481.410156,4483.717773,4411.410156,4421.666504,0.000000,4.000000,85.000000,,,,0.000000,4.000000,4.000000,4.000000,4.000000,4.000000,4.000000,4.000000,4.000000,4.000000,4.000000,4.000000,4.000000,4.000000,4.000000,100.000000,,,,,,,,,,,,,,,,,,,,,,,,,,,,,,,,,,,,,,,,,,,,,,,,,,,,,,,,,,,,,,,,,,,,,,,,,,,,,,,,,,,,,,
1676060254.532812,1676060254.533168,32.000000,0.000000,4275.128418,4248.846191,4276.282227,4276.282227,4305.769043,4289.487305,4273.974121,4300.769043,4298.077148,4276.025879,4472.692383,4470.897461,4400.641113,4408.846191,0.000000,4.000000,85.000000,,,,0.000000,4.000000,4.000000,4.000000,4.000000,4.000000,4.000000,4.000000,4.000000,4.000000,4.000000,4.000000,4.000000,4.000000,4.000000,100.000000,,,,,,,,,,,,,,,,,,,,,,,,,,,,,,,,,,,,,,,,,,,,,,,,,,,,,,,,,,,,,,,,,,,,,,,,,,,,,,,,,,,,,,
1676060254.540620,1676060254.540976,33.000000,0.000000,4283.333496,4255.641113,4282.820313,4285.128418,4315.384766,4297.051270,4291.666504,4321.282227,4311.410156,4286.410156,4486.922852,4482.307617,4411.794922,4414.230957,0.000000,4.000000,85.000000,,,,0.000000,4.000000,4.000000,4.000000,4.000000,4.000000,4.000000,4.000000,4.000000,4.000000,4.000000,4.000000,4.000000,4.000000,4.000000,100.000000,,,,,,,,,,,,,,,,,,,,,,,,,,,,,,,,,,,,,,,,,,,,,,,,,,,,,,,,,,,,,,,,,,,,,,,,,,,,,,,,,,,,,,
1676060254.548428,1676060254.548885,34.000000,0.000000,4281.922852,4263.077148,4281.666504,4289.358887,4319.743652,4297.051270,4299.230957,4325.000000,4309.871582,4292.692383,4487.307617,4481.538574,4412.948730,4415.128418,0.000000,4.000000,85.000000,,,,0.000000,4.000000,4.000000,4.000000,4.000000,4.000000,4.000000,4.000000,4.000000,4.000000,4.000000,4.000000,4.000000,4.000000,4.000000,100.000000,,,,,,,,,,,,,,,,,,,,,,,,,,,,,,,,,,,,,,,,,,,,,,,,,,,,,,,,,,,,,,,,,,,,,,,,,,,,,,,,,,,,,,
1676060254.556237,1676060254.556793,35.000000,0.000000,4258.974121,4249.871582,4263.333496,4269.102539,4305.512695,4296.282227,4286.666504,4306.922852,4293.077148,4264.487305,4462.179688,4456.025879,4388.974121,4391.666504,0.000000,4.000000,85.000000,,,,0.000000,4.000000,4.000000,4.000000,4.000000,4.000000,4.000000,4.000000,4.000000,4.000000,4.000000,4.000000,4.000000,4.000000,4.000000,100.000000,,,,,,,,,,,,,,,,,,,,,,,,,,,,,,,,,,,,,,,,,,,,,,,,,,,,,,,,,,,,,,,,,,,,,,,,,,,,,,,,,,,,,,
1676060254.564045,1676060254.564601,36.000000,0.000000,4241.538574,4230.256348,4246.282227,4246.666504,4295.000000,4294.487305,4276.794922,4293.717773,4280.384766,4250.128418,4443.589844,4436.025879,4370.897461,4369.615234,0.000000,4.000000,85.000000,,,,0.000000,4.000000,4.000000,4.000000,4.000000,4.000000,4.000000,4.000000,4.000000,4.000000,4.000000,4.000000,4.000000,4.000000,4.000000,100.000000,,,,,,,,,,,,,,,,,,,,,,,,,,,,,,,,,,,,,,,,,,,,,,,,,,,,,,,,,,,,,,,,,,,,,,,,,,,,,,,,,,,,,,
1676060254.571854,1676060254.572410,37.000000,0.000000,4246.538574,4231.666504,4246.922852,4250.512695,4301.282227,4294.230957,4283.846191,4296.025879,4279.102539,4266.666504,4450.000000,4441.538574,4381.538574,4374.102539,0.000000,4.000000,85.000000,,,,0.000000,4.000000,4.000000,4.000000,4.000000,4.000000,4.000000,4.000000,4.000000,4.000000,4.000000,4.000000,4.000000,4.000000,4.000000,100.000000,,,,,,,,,,,,,,,,,,,,,,,,,,,,,,,,,,,,,,,,,,,,,,,,,,,,,,,,,,,,,,,,,,,,,,,,,,,,,,,,,,,,,,
1676060254.579662,1676060254.580118,38.000000,0.000000,4249.871582,4235.000000,4248.333496,4260.512695,4308.846191,4295.897461,4284.487305,4294.743652,4278.717773,4270.256348,4449.743652,4443.717773,4381.922852,4380.769043,0.000000,4.000000,85.000000,,,,0.000000,4.000000,4.000000,4.000000,4.000000,4.000000,4.000000,4.000000,4.000000,4.000000,4.000000,4.000000,4.000000,4.000000,4.000000,100.000000,,,,,,,,,,,,,,,,,,,,,,,,,,,,,,,,,,,,,,,,,,,,,,,,,,,,,,,,,,,,,,,,,,,,,,,,,,,,,,,,,,,,,,
1676060254.587470,1676060254.587927,39.000000,0.000000,4250.256348,4233.589844,4250.384766,4260.769043,4316.410156,4292.948730,4275.256348,4291.538574,4282.436035,4264.358887,4447.179688,4442.948730,4377.563965,4381.666504,0.000000,4.000000,85.000000,,,,0.000000,4.000000,4.000000,4.000000,4.000000,4.000000,4.000000,4.000000,4.000000,4.000000,4.000000,4.000000,4.000000,4.000000,4.000000,100.000000,,,,,,,,,,,,,,,,,,,,,,,,,,,,,,,,,,,,,,,,,,,,,,,,,,,,,,,,,,,,,,,,,,,,,,,,,,,,,,,,,,,,,,
1676060254.595279,1676060254.595635,40.000000,0.000000,4271.794922,4255.384766,4275.641113,4272.563965,4336.282227,4293.974121,4286.922852,4306.153809,4301.922852,4285.384766,4470.128418,4468.077148,4403.333496,4402.563965,0.000000,4.000000,85.000000,,,,0.000000,4.000000,4.000000,4.000000,4.000000,4.000000,4.000000,4.000000,4.000000,4.000000,4.000000,4.000000,4.000000,4.000000,4.000000,100.000000,,,,,,,,,,,,,,,,,,,,,,,,,,,,,,,,,,,,,,,,,,,,,,,,,,,,,,,,,,,,,,,,,,,,,,,,,,,,,,,,,,,,,,
1676060254.603087,1676060254.603444,41.000000,0.000000,4285.128418,4267.051270,4291.410156,4284.615234,4346.666504,4296.922852,4298.205078,4316.282227,4315.769043,4300.897461,4485.512695,4484.871582,4412.948730,4418.205078,0.000000,4.000000,85.000000,,,,0.000000,4.000000,4.000000,4.000000,4.000000,4.000000,4.000000,4.000000,4.000000,4.000000,4.000000,4.000000,4.000000,4.000000,4.000000,100.000000,,,,,,,,,,,,,,,,,,,,,,,,,,,,,,,,,,,,,,,,,,,,,,,,,,,,,,,,,,,,,,,,,,,,,,,,,,,,,,,,,,,,,,
1676060254.610896,1676060254.611152,42.000000,0.000000,4278.333496,4247.820313,4280.897461,4276.794922,4339.230957,4295.384766,4286.922852,4307.307617,4310.128418,4285.000000,4477.051270,4477.436035,4397.307617,4411.538574,0.000000,4.000000,85.000000,,,,0.000000,4.000000,4.000000,4.000000,4.000000,4.000000,4.000000,4.000000,4.000000,4.000000,4.000000,4.000000,4.000000,4.000000,4.000000,100.000000,,,,,,,,,,,,,,,,,,,,,,,,,,,,,,,,,,,,,,,,,,,,,,,,,,,,,,,,,,,,,,,,,,,,,,,,,,,,,,,,,,,,,,
1676060254.618704,1676060254.618961,43.000000,0.000000,4286.153809,4251.282227,4291.025879,4278.717773,4345.384766,4298.717773,4288.205078,4319.743652,4310.384766,4283.589844,4489.487305,4488.205078,4408.717773,4423.846191,0.000000,4.000000,85.000000,,,,0.000000,4.000000,4.000000,4.000000,4.000000,4.000000,4.000000,4.000000,4.000000,4.000000,4.000000,4.000000,4.000000,4.000000,4.000000,100.000000,,,,,,,,,,,,,,,,,,,,,,,,,,,,,,,,,,,,,,,,,,,,,,,,,,,,,,,,,,,,,,,,,,,,,,,,,,,,,,,,,,,,,,
1676060254.626512,1676060254.626669,44.000000,0.000000,4292.436035,4268.461426,4305.641113,4285.512695,4353.333496,4302.820313,4302.692383,4338.333496,4316.666504,4298.077148,4500.897461,4502.948730,4422.051270,4436.666504,0.000000,4.000000,85.000000,,,,0.000000,4.000000,4.000000,4.000000,4.000000,4.000000,4.000000,4.000000,4.000000,4.000000,4.000000,4.000000,4.000000,4.000000,4.000000,100.000000,,,,,,,,,,,,,,,,,,,,,,,,,,,,,,,,,,,,,,,,,,,,,,,,,,,,,,,,,,,,,,,,,,,,,,,,,,,,,,,,,,,,,,
1676060254.634321,1676060254.634478,45.000000,0.000000,4277.051270,4255.256348,4286.025879,4271.794922,4348.333496,4306.922852,4302.179688,4329.743652,4311.410156,4295.512695,4483.333496,4490.769043,4406.025879,4420.128418,0.000000,4.000000,85.000000,,,,0.000000,4.000000,4.000000,4.000000,4.000000,4.000000,4.000000,4.000000,4.000000,4.000000,4.000000,4.000000,4.000000,4.000000,4.000000,100.000000,,,,,,,,,,,,,,,,,,,,,,,,,,,,,,,,,,,,,,,,,,,,,,,,,,,,,,,,,,,,,,,,,,,,,,,,,,,,,,,,,,,,,,
1676060254.642129,1676060254.642186,46.000000,0.000000,4272.948730,4246.794922,4274.615234,4267.563965,4354.230957,4313.205078,4300.128418,4327.692383,4308.717773,4291.794922,4479.743652,4480.897461,4398.974121,4411.922852,0.000000,4.000000,85.000000,,,,0.000000,4.000000,4.000000,4.000000,4.000000,4.000000,4.000000,4.000000,4.000000,4.000000,4.000000,4.000000,4.000000,4.000000,4.000000,100.000000,,,,,,,,,,,,,,,,,3.898418,2.513903,2.658951,2.416923,1.594510,6.462749,3.141398,3.151851,2.455251,1.275198,3.669140,2.043496,2.764889,3.012839,1.608131,3.229093,2.305824,2.351547,2.569657,1.366689,1.628749,0.987349,1.675686,1.560251,0.759772,1.347365,1.296885,1.483580,1.155334,0.829130,1.208190,1.202551,2.474149,2.000998,1.093501,1.054872,0.880893,2.082037,2.315398,1.410236,1.261277,1.908540,2.234106,2.357337,1.744968,1.485295,2.620141,3.906822,2.724687,1.741514,2.135810,3.778844,4.023816,4.004462,2.388641,3.312522,2.542769,3.988315,3.820130,2.563695,2.648818,3.655263,4.096417,2.968591,2.137613,3.587087,3.308741,3.724038,3.164284,2.298902
1676060254.649937,1676060254.649995,47.000000,0.000000,4275.512695,4254.615234,4283.461426,4273.077148,4355.000000,4312.436035,4301.153809,4338.974121,4310.512695,4291.025879,4482.820313,4477.948730,4399.487305,4415.000000,0.000000,4.000000,85.000000,,,,0.000000,4.000000,4.000000,4.000000,4.000000,4.000000,4.000000,4.000000,4.000000,4.000000,4.000000,4.000000,4.000000,4.000000,4.000000,100.000000,,,,,,,,,,,,,,,,,,,,,,,,,,,,,,,,,,,,,,,,,,,,,,,,,,,,,,,,,,,,,,,,,,,,,,,,,,,,,,,,,,,,,,
1676060254.657746,1676060254.657703,48.000000,0.000000,4255.256348,4242.820313,4266.794922,4257.692383,4342.051270,4308.461426,4288.974121,4327.436035,4294.743652,4270.897461,4465.384766,4457.563965,4385.512695,4398.205078,0.000000,4.000000,85.000000,,,,0.000000,4.000000,4.000000,4.000000,4.000000,4.000000,4.000000,4.000000,4.000000,4.000000,4.000000,4.000000,4.000000,4.000000,4.000000,100.000000,,,,,,,,,,,,,,,,,,,,,,,,,,,,,,,,,,,,,,,,,,,,,,,,,,,,,,,,,,,,,,,,,,,,,,,,,,,,,,,,,,,,,,
1676060254.665554,1676060254.665512,49.000000,0.000000,4237.948730,4226.922852,4238.717773,4240.128418,4345.641113,4309.615234,4274.102539,4302.563965,4275.000000,4254.487305,4447.948730,4435.128418,4373.846191,4376.538574,0.000000,4.000000,85.000000,,,,0.000000,4.000000,4.000000,4.000000,4.000000,4.000000,4.000000,4.000000,4.000000,4.000000,4.000000,4.000000,4.000000,4.000000,4.000000,100.000000,,,,,,,,,,,,,,,,,,,,,,,,,,,,,,,,,,,,,,,,,,,,,,,,,,,,,,,,,,,,,,,,,,,,,,,,,,,,,,,,,,,,,,
1676060254.673363,1676060254.673220,50.000000,0.000000,4254.358887,4241.410156,4249.487305,4253.717773,4369.871582,4312.948730,4281.794922,4306.153809,4287.820313,4268.717773,4458.205078,4445.769043,4385.000000,4388.589844,0.000000,4.000000,85.000000,,,,0.000000,4.000000,4.000000,4.000000,4.000000,4.000000,4.000000,4.000000,4.000000,4.000000,4.000000,4.000000,4.000000,4.000000,4.000000,100.000000,,,,,,,,,,,,,,,,,,,,,,,,,,,,,,,,,,,,,,,,,,,,,,,,,,,,,,,,,,,,,,,,,,,,,,,,,,,,,,,,,,,,,,
1676060254.681171,1676060254.681029,51.000000,0.000000,4283.077148,4271.794922,4282.436035,4281.538574,4387.948730,4315.641113,4300.641113,4331.538574,4318.077148,4288.077148,4486.153809,4476.666504,4408.846191,4421.922852,0.000000,4.000000,85.000000,,,,0.000000,4.000000,4.000000,4.000000,4.000000,4.000000,4.000000,4.000000,4.000000,4.000000,4.000000,4.000000,4.000000,4.000000,4.000000,100.000000,,,,,,,,,,,,,,,,,,,,,,,,,,,,,,,,,,,,,,,,,,,,,,,,,,,,,,,,,,,,,,,,,,,,,,,,,,,,,,,,,,,,,,
1676060254.688979,1676060254.688737,52.000000,0.000000,4279.358887,4269.487305,4280.512695,4280.128418,4386.153809,4305.512695,4291.922852,4328.205078,4310.256348,4281.538574,4481.153809,4470.769043,4400.256348,4420.128418,0.000000,4.000000,85.000000,,,,0.000000,4.000000,4.000000,4.000000,4.000000,4.000000,4.000000,4.000000,4.000000,4.000000,4.000000,4.000000,4.000000,4.000000,4.000000,100.000000,,,,,,,,,,,,,,,,,,,,,,,,,,,,,,,,,,,,,,,,,,,,,,,,,,,,,,,,,,,,,,,,,,,,,,,,,,,,,,,,,,,,,,
1676060254.696788,1676060254.696646,53.000000,0.000000,4261.025879,4243.589844,4264.743652,4262.563965,4385.000000,4294.358887,4277.179688,4304.615234,4288.717773,4272.179688,4458.333496,4451.794922,4379.871582,4398.461426,0.000000,4.000000,85.000000,,,,0.000000,4.000000,4.000000,4.000000,4.000000,4.000000,4.000000,4.000000,4.000000,4.000000,4.000000,4.000000,4.000000,4.000000,4.000000,100.000000,,,,,,,,,,,,,,,,,,,,,,,,,,,,,,,,,,,,,,,,,,,,,,,,,,,,,,,,,,,,,,,,,,,,,,,,,,,,,,,,,,,,,,
1676060254.704596,1676060254.704454,54.000000,0.000000,4279.230957,4247.820313,4288.205078,4275.384766,4409.102539,4308.974121,4293.974121,4319.102539,4310.000000,4290.256348,4479.102539,4479.615234,4403.974121,4420.256348,0.000000,4.000000,85.000000,,,,0.000000,4.000000,4.000000,4.000000,4.000000,4.000000,4.000000,4.000000,4.000000,4.000000,4.000000,4.000000,4.000000,4.000000,4.000000,100.000000,,,,,,,,,,,,,,,,,,,,,,,,,,,,,,,,,,,,,,,,,,,,,,,,,,,,,,,,,,,,,,,,,,,,,,,,,,,,,,,,,,,,,,
1676060254.712404,1676060254.712363,55.000000,0.000000,4296.153809,4260.769043,4304.230957,4288.974121,4431.282227,4313.077148,4298.461426,4340.769043,4325.897461,4299.358887,4500.769043,4497.179688,4417.436035,4439.743652,0.000000,4.000000,85.000000,,,,0.000000,4.000000,4.000000,4.000000,4.000000,4.000000,4.000000,4.000000,4.000000,4.000000,4.000000,4.000000,4.000000,4.000000,4.000000,100.000000,,,,,,,,,,,,,,,,,,,,,,,,,,,,,,,,,,,,,,,,,,,,,,,,,,,,,,,,,,,,,,,,,,,,,,,,,,,,,,,,,,,,,,
1676060254.720213,1676060254.720171,56.000000,0.000000,4276.153809,4243.333496,4280.769043,4265.897461,4429.358887,4290.769043,4275.000000,4321.538574,4299.743652,4280.000000,4473.974121,4466.410156,4385.128418,4413.077148,0.000000,4.000000,85.000000,,,,0.000000,4.000000,4.000000,4.000000,4.000000,4.000000,4.000000,4.000000,4.000000,4.000000,4.000000,4.000000,4.000000,4.000000,4.000000,100.000000,,,,,,,,,,,,,,,,,,,,,,,,,,,,,,,,,,,,,,,,,,,,,,,,,,,,,,,,,,,,,,,,,,,,,,,,,,,,,,,,,,,,,,
1676060254.728021,1676060254.728079,57.000000,0.000000,4280.128418,4247.051270,4283.846191,4266.410156,4444.358887,4297.179688,4282.436035,4318.717773,4297.692383,4270.256348,4471.922852,4466.794922,4390.512695,4417.436035,0.000000,4.000000,85.000000,,,,0.000000,4.000000,4.000000,4.000000,4.000000,4.000000,4.000000,4.000000,4.000000,4.000000,4.000000,4.000000,4.000000,4.000000,4.000000,100.000000,,,,,,,,,,,,,,,,,,,,,,,,,,,,,,,,,,,,,,,,,,,,,,,,,,,,,,,,,,,,,,,,,,,,,,,,,,,,,,,,,,,,,,
1676060254.735830,1676060254.735888,58.000000,0.000000,4312.307617,4279.358887,4311.025879,4298.205078,4483.077148,4326.025879,4309.230957,4344.615234,4322.563965,4286.153809,4504.358887,4499.487305,4425.897461,4454.743652,0.000000,4.000000,85.000000,,,,0.000000,4.000000,4.000000,4.000000,4.000000,4.000000,4.000000,4.000000,4.000000,4.000000,4.000000,4.000000,4.000000,4.000000,4.000000,100.000000,,,,,,,,,,,,,,,,,,,,,,,,,,,,,,,,,,,,,,,,,,,,,,,,,,,,,,,,,,,,,,,,,,,,,,,,,,,,,,,,,,,,,,
1676060254.743638,1676060254.743796,59.000000,0.000000,4308.717773,4274.230957,4302.948730,4293.333496,4505.641113,4325.641113,4306.794922,4340.769043,4319.487305,4299.615234,4502.051270,4494.358887,4415.769043,4453.205078,0.000000,4.000000,85.000000,,,,0.000000,4.000000,4.000000,4.000000,4.000000,4.000000,4.000000,4.000000,4.000000,4.000000,4.000000,4.000000,4.000000,4.000000,4.000000,100.000000,,,,,,,,,,,,,,,,,,,,,,,,,,,,,,,,,,,,,,,,,,,,,,,,,,,,,,,,,,,,,,,,,,,,,,,,,,,,,,,,,,,,,,
1676060254.751446,1676060254.751605,60.000000,0.000000,4283.846191,4251.282227,4283.717773,4264.871582,4512.948730,4310.000000,4296.025879,4323.077148,4305.897461,4293.974121,4481.282227,4471.666504,4394.230957,4433.846191,0.000000,4.000000,85.000000,,,,0.000000,4.000000,4.000000,4.000000,4.000000,4.000000,4.000000,4.000000,4.000000,4.000000,4.000000,4.000000,4.000000,4.000000,4.000000,100.000000,,,,,,,,,,,,,,,,,,,,,,,,,,,,,,,,,,,,,,,,,,,,,,,,,,,,,,,,,,,,,,,,,,,,,,,,,,,,,,,,,,,,,,
1676060254.759255,1676060254.759513,61.000000,0.000000,4271.282227,4241.538574,4274.102539,4250.641113,4520.897461,4310.641113,4288.974121,4322.436035,4304.102539,4279.358887,4470.897461,4465.000000,4393.717773,4423.846191,0.000000,4.000000,85.000000,,,,0.000000,4.000000,4.000000,4.000000,4.000000,4.000000,4.000000,4.000000,4.000000,4.000000,4.000000,4.000000,4.000000,4.000000,4.000000,100.000000,,,,,,,,,,,,,,,,,,,,,,,,,,,,,,,,,,,,,,,,,,,,,,,,,,,,,,,,,,,,,,,,,,,,,,,,,,,,,,,,,,,,,,
1676060254.767063,1676060254.767321,62.000000,0.000000,4262.692383,4231.922852,4260.512695,4244.102539,4533.846191,4312.692383,4280.256348,4321.922852,4293.077148,4262.307617,4453.205078,4454.102539,4375.641113,4406.410156,0.000000,4.000000,85.000000,,,,0.000000,4.000000,4.000000,4.000000,4.000000,4.000000,4.000000,4.000000,4.000000,4.000000,4.000000,4.000000,4.000000,4.000000,4.000000,100.000000,,,,,,,,,,,,,,,,,3.749881,2.984861,2.649781,2.281385,1.580342,5.986879,3.382096,3.061936,2.217750,1.260819,3.263868,2.315179,2.774575,2.778890,1.502881,3.630641,2.531134,2.395083,2.335265,1.324349,1.282176,1.008119,1.602609,1.458550,0.742506,1.047410,1.157452,1.551249,1.067937,0.761878,0.948152,0.952844,2.491443,1.820632,1.037103,0.927258,0.715887,1.944014,2.071674,1.312232,1.180878,1.657691,1.986690,2.099604,1.559980,1.286627,2.428513,3.185664,2.566181,1.656404,2.306243,3.988840,3.437493,3.780756,2.331007,4.039594,2.711573,3.707956,3.433105,2.429900,2.833405,4.215389,3.332050,2.775297,2.017463,3.782104,3.839863,3.234921,3.023250,2.148469
1676060254.774871,1676060254.775130,63.000000,0.000000,4268.333496,4241.282227,4264.615234,4252.948730,4551.538574,4305.000000,4283.717773,4328.717773,4284.358887,4255.897461,4447.436035,4451.922852,4357.948730,4403.717773,0.000000,4.000000,85.000000,,,,0.000000,4.000000,4.000000,4.000000,4.000000,4.000000,4.000000,4.000000,4.000000,4.000000,4.000000,4.000000,4.000000,4.000000,4.000000,100.000000,,,,,,,,,,,,,,,,,,,,,,,,,,,,,,,,,,,,,,,,,,,,,,,,,,,,,,,,,,,,,,,,,,,,,,,,,,,,,,,,,,,,,,
1676060254.782680,1676060254.782938,64.000000,0.000000,4287.051270,4268.717773,4282.948730,4275.000000,4563.974121,4303.846191,4297.179688,4358.333496,4301.922852,4272.820313,4475.384766,4478.077148,4381.538574,4430.769043,2523.000000,4.000000,85.000000,,,,0.000000,4.000000,4.000000,4.000000,4.000000,4.000000,4.000000,4.000000,4.000000,4.000000,4.000000,4.000000,4.000000,4.000000,4.000000,100.000000,,,,,,,,,,,,,,,,,,,,,,,,,,,,,,,,,,,,,,,,,,,,,,,,,,,,,,,,,,,,,,,,,,,,,,,,,,,,,,,,,,,,,,
1676060254.790488,1676060254.790647,65.000000,0.000000,4289.871582,4266.922852,4283.333496,4273.974121,4572.051270,4307.820313,4298.333496,4383.589844,4315.769043,4289.487305,4496.153809,4496.410156,4405.512695,4445.128418,2483.000000,4.000000,85.000000,,,,0.000000,4.000000,4.000000,4.000000,4.000000,4.000000,4.000000,4.000000,4.000000,4.000000,4.000000,4.000000,4.000000,4.000000,4.000000,100.000000,,,,,,,,,,,,,,,,,,,,,,,,,,,,,,,,,,,,,,,,,,,,,,,,,,,,,,,,,,,,,,,,,,,,,,,,,,,,,,,,,,,,,,
1676060254.798297,1676060254.798455,66.000000,0.000000,4283.461426,4248.077148,4281.410156,4261.794922,4582.436035,4302.820313,4287.051270,4397.948730,4304.487305,4274.358887,4489.871582,4498.205078,4398.589844,4441.794922,2404.000000,4.000000,85.000000,,,,0.000000,4.000000,4.000000,4.000000,4.000000,4.000000,4.000000,4.000000,4.000000,4.000000,4.000000,4.000000,4.000000,4.000000,4.000000,100.000000,,,,,,,,,,,,,,,,,,,,,,,,,,,,,,,,,,,,,,,,,,,,,,,,,,,,,,,,,,,,,,,,,,,,,,,,,,,,,,,,,,,,,,
1676060254.806105,1676060254.806164,67.000000,0.000000,4295.769043,4256.538574,4296.282227,4272.563965,4588.846191,4294.102539,4281.025879,4423.461426,4295.897461,4261.794922,4496.025879,4513.717773,4400.897461,4452.692383,2479.000000,4.000000,85.000000,,,,0.000000,4.000000,4.000000,4.000000,4.000000,4.000000,4.000000,4.000000,4.000000,4.000000,4.000000,4.000000,4.000000,4.000000,4.000000,100.000000,,,,,,,,,,,,,,,,,,,,,,,,,,,,,,,,,,,,,,,,,,,,,,,,,,,,,,,,,,,,,,,,,,,,,,,,,,,,,,,,,,,,,,
1676060254.813913,1676060254.813972,68.000000,0.000000,4303.717773,4267.179688,4303.717773,4279.743652,4587.179688,4291.410156,4279.871582,4453.461426,4301.025879,4279.871582,4513.461426,4528.589844,4412.948730,4464.615234,2428.000000,4.000000,85.000000,,,,0.000000,4.000000,4.000000,4.000000,4.000000,4.000000,4.000000,4.000000,4.000000,4.000000,4.000000,4.000000,4.000000,4.000000,4.000000,100.000000,,,,,,,,,,,,,,,,,,,,,,,,,,,,,,,,,,,,,,,,,,,,,,,,,,,,,,,,,,,,,,,,,,,,,,,,,,,,,,,,,,,,,,
1676060254.821722,1676060254.821681,69.000000,0.000000,4293.974121,4262.051270,4297.948730,4271.666504,4588.589844,4293.846191,4279.871582,4475.641113,4302.563965,4293.717773,4518.974121,4528.974121,4412.563965,4463.205078,2384.000000,4.000000,85.000000,,,,0.000000,4.000000,4.000000,4.000000,4.000000,4.000000,4.000000,4.000000,4.000000,4.000000,4.000000,4.000000,4.000000,4.000000,4.000000,100.000000,,,,,,,,,,,,,,,,,,,,,,,,,,,,,,,,,,,,,,,,,,,,,,,,,,,,,,,,,,,,,,,,,,,,,,,,,,,,,,,,,,,,,,
1676060254.829530,1676060254.829489,70.000000,0.000000,4282.307617,4252.436035,4287.820313,4263.974121,4593.717773,4293.846191,4275.512695,4482.436035,4292.692383,4277.820313,4509.615234,4523.974121,4404.871582,4454.615234,2226.000000,4.000000,85.000000,,,,0.000000,4.000000,4.000000,4.000000,4.000000,4.000000,4.000000,4.000000,4.000000,4.000000,4.000000,4.000000,4.000000,4.000000,4.000000,100.000000,,,,,,,,,,,,,,,,,,,,,,,,,,,,,,,,,,,,,,,,,,,,,,,,,,,,,,,,,,,,,,,,,,,,,,,,,,,,,,,,,,,,,,
1676060254.837339,1676060254.837198,71.000000,0.000000,4255.512695,4223.333496,4256.922852,4239.615234,4580.256348,4280.256348,4254.230957,4457.563965,4266.794922,4237.307617,4470.000000,4488.846191,4368.333496,4419.358887,2219.000000,4.000000,85.000000,,,,0.000000,4.000000,4.000000,4.000000,4.000000,4.000000,4.000000,4.000000,4.000000,4.000000,4.000000,4.000000,4.000000,4.000000,4.000000,100.000000,,,,,,,,,,,,,,,,,,,,,,,,,,,,,,,,,,,,,,,,,,,,,,,,,,,,,,,,,,,,,,,,,,,,,,,,,,,,,,,,,,,,,,
1676060254.845147,1676060254.845006,72.000000,0.000000,4238.589844,4207.436035,4243.846191,4224.487305,4569.358887,4277.563965,4248.974121,4437.307617,4252.436035,4222.692383,4442.436035,4461.282227,4336.538574,4394.743652,2284.000000,4.000000,85.000000,,,,0.000000,4.000000,4.000000,4.000000,4.000000,4.000000,4.000000,4.000000,4.000000,4.000000,4.000000,4.000000,4.000000,4.000000,4.000000,100.000000,,,,,,,,,,,,,,,,,,,,,,,,,,,,,,,,,,,,,,,,,,,,,,,,,,,,,,,,,,,,,,,,,,,,,,,,,,,,,,,,,,,,,,
1676060254.852955,1676060254.852715,73.000000,0.000000,4277.948730,4248.717773,4285.641113,4263.717773,4595.256348,4308.589844,4285.128418,4466.153809,4286.025879,4265.128418,4486.538574,4508.077148,4378.974121,4436.666504,2257.000000,4.000000,85.000000,,,,0.000000,4.000000,4.000000,4.000000,4.000000,4.000000,4.000000,4.000000,4.000000,4.000000,4.000000,4.000000,4.000000,4.000000,4.000000,100.000000,,,,,,,,,,,,,,,,,,,,,,,,,,,,,,,,,,,,,,,,,,,,,,,,,,,,,,,,,,,,,,,,,,,,,,,,,,,,,,,,,,,,,,
1676060254.860764,1676060254.860623,74.000000,0.000000,4313.846191,4283.333496,4315.256348,4297.948730,4615.769043,4322.051270,4306.025879,4488.974121,4312.948730,4290.512695,4524.615234,4546.282227,4422.948730,4473.461426,2730.000000,4.000000,85.000000,,,,0.000000,4.000000,4.000000,4.000000,4.000000,4.000000,4.000000,4.000000,4.000000,4.000000,4.000000,4.000000,4.000000,4.000000,4.000000,100.000000,,,,,,,,,,,,,,,,,,,,,,,,,,,,,,,,,,,,,,,,,,,,,,,,,,,,,,,,,,,,,,,,,,,,,,,,,,,,,,,,,,,,,,
1676060254.868572,1676060254.868432,75.000000,0.000000,4286.538574,4258.846191,4285.256348,4279.102539,4596.922852,4299.615234,4282.948730,4461.410156,4286.153809,4253.717773,4489.358887,4512.948730,4388.589844,4442.692383,2920.000000,4.000000,85.000000,,,,0.000000,4.000000,4.000000,4.000000,4.000000,4.000000,4.000000,4.000000,4.000000,4.000000,4.000000,4.000000,4.000000,4.000000,4.000000,100.000000,,,,,,,,,,,,,,,,,,,,,,,,,,,,,,,,,,,,,,,,,,,,,,,,,,,,,,,,,,,,,,,,,,,,,,,,,,,,,,,,,,,,,,
1676060254.876381,1676060254.876340,76.000000,0.000000,4257.820313,4239.230957,4260.128418,4267.692383,4579.487305,4291.666504,4273.461426,4441.410156,4267.436035,4232.051270,4462.563965,4493.077148,4358.589844,4418.333496,3129.000000,4.000000,85.000000,,,,0.000000,4.000000,4.000000,4.000000,4.000000,4.000000,4.000000,4.000000,4.000000,4.000000,4.000000,4.000000,4.000000,4.000000,4.000000,100.000000,,,,,,,,,,,,,,,,,,,,,,,,,,,,,,,,,,,,,,,,,,,,,,,,,,,,,,,,,,,,,,,,,,,,,,,,,,,,,,,,,,,,,,
1676060254.884189,1676060254.884148,77.000000,0.000000,4264.615234,4250.897461,4266.282227,4280.000000,4586.025879,4298.589844,4280.384766,4446.538574,4280.769043,4254.102539,4477.692383,4509.102539,4378.077148,4428.974121,3249.000000,4.000000,85.000000,,,,0.000000,4.000000,4.000000,4.000000,4.000000,4.000000,4.000000,4.000000,4.000000,4.000000,4.000000,4.000000,4.000000,4.000000,4.000000,100.000000,,,,,,,,,,,,,,,,,,,,,,,,,,,,,,,,,,,,,,,,,,,,,,,,,,,,,,,,,,,,,,,,,,,,,,,,,,,,,,,,,,,,,,
1676060254.891997,1676060254.892057,78.000000,0.000000,4266.794922,4251.922852,4266.410156,4280.128418,4594.615234,4293.846191,4272.692383,4439.743652,4281.922852,4263.333496,4479.358887,4513.205078,4385.512695,4428.461426,2730.000000,4.000000,85.000000,,,,0.000000,4.000000,4.000000,4.000000,4.000000,4.000000,4.000000,4.000000,4.000000,4.000000,4.000000,4.000000,4.000000,4.000000,4.000000,100.000000,1.000000,25.000000,3.000000,4.000000,1.000000,4.000000,1.000000,4.000000,3.000000,3.000000,3.000000,3.000000,1.000000,1.000000,1.000000,1.000000,3.903066,3.505603,2.690632,2.068435,1.555765,5.552503,3.497984,2.933224,1.961710,1.302369,3.174298,2.851800,3.013137,2.449258,1.410476,4.157426,2.762283,2.501926,2.043973,1.297272,0.977821,1.086379,1.544818,1.328144,0.729488,0.731420,1.044247,1.599632,0.933950,0.677117,0.752694,0.730695,2.577601,1.592873,0.982484,0.910553,0.616781,1.944149,1.783081,1.219327,1.149045,1.463226,1.815680,1.801492,1.379189,1.109395,2.318277,2.432311,2.316927,1.558201,2.514778,4.339159,3.069802,3.442347,2.342144,5.133129,3.202054,3.824189,2.981680,2.328897,2.884776,4.827783,2.748002,2.553158,1.983768,4.198385,4.603027,2.931411,2.839173,2.063516
1676060254.899806,1676060254.899865,79.000000,0.000000,4263.461426,4246.538574,4268.974121,4287.051270,4601.794922,4294.358887,4273.846191,4432.820313,4279.743652,4258.461426,4472.563965,4517.436035,4376.922852,4423.974121,2920.000000,4.000000,85.000000,,,,0.000000,4.000000,4.000000,4.000000,4.000000,4.000000,4.000000,4.000000,4.000000,4.000000,4.000000,4.000000,4.000000,4.000000,4.000000,100.000000,,,,,,,,,,,,,,,,,,,,,,,,,,,,,,,,,,,,,,,,,,,,,,,,,,,,,,,,,,,,,,,,,,,,,,,,,,,,,,,,,,,,,,
1676060254.907614,1676060254.907774,80.000000,0.000000,4267.307617,4253.205078,4279.743652,4297.692383,4604.871582,4296.666504,4277.563965,4434.102539,4291.922852,4266.025879,4478.461426,4528.461426,4380.384766,4429.358887,3129.000000,4.000000,85.000000,,,,0.000000,4.000000,4.000000,4.000000,4.000000,4.000000,4.000000,4.000000,4.000000,4.000000,4.000000,4.000000,4.000000,4.000000,4.000000,100.000000,,,,,,,,,,,,,,,,,,,,,,,,,,,,,,,,,,,,,,,,,,,,,,,,,,,,,,,,,,,,,,,,,,,,,,,,,,,,,,,,,,,,,,
1676060254.915422,1676060254.915582,81.000000,0.000000,4264.487305,4249.487305,4276.922852,4286.922852,4597.307617,4283.974121,4262.948730,4422.051270,4295.897461,4262.948730,4476.153809,4523.333496,4378.333496,4425.000000,3249.000000,4.000000,85.000000,,,,0.000000,4.000000,4.000000,4.000000,4.000000,4.000000,4.000000,4.000000,4.000000,4.000000,4.000000,4.000000,4.000000,4.000000,4.000000,100.000000,,,,,,,,,,,,,,,,,,,,,,,,,,,,,,,,,,,,,,,,,,,,,,,,,,,,,,,,,,,,,,,,,,,,,,,,,,,,,,,,,,,,,,
1676060254.923231,1676060254.923490,82.000000,0.000000,4263.333496,4232.820313,4271.410156,4281.153809,4596.410156,4282.436035,4264.102539,4412.436035,4291.922852,4247.948730,4469.615234,4521.153809,4367.820313,4416.922852,2730.000000,4.000000,85.000000,,,,0.000000,4.000000,4.000000,4.000000,4.000000,4.000000,4.000000,4.000000,4.000000,4.000000,4.000000,4.000000,4.000000,4.000000,4.000000,100.000000,,,,,,,,,,,,,,,,,,,,,,,,,,,,,,,,,,,,,,,,,,,,,,,,,,,,,,,,,,,,,,,,,,,,,,,,,,,,,,,,,,,,,,
1676060254.931039,1676060254.931299,83.000000,0.000000,4271.794922,4235.769043,4280.000000,4294.615234,4610.128418,4299.871582,4285.641113,4420.641113,4297.051270,4255.000000,4482.820313,4531.410156,4372.563965,4423.717773,2920.000000,4.000000,85.000000,,,,0.000000,4.000000,4.000000,4.000000,4.000000,4.000000,4.000000,4.000000,4.000000,4.000000,4.000000,4.000000,4.000000,4.000000,4.000000,100.000000,,,,,,,,,,,,,,,,,,,,,,,,,,,,,,,,,,,,,,,,,,,,,,,,,,,,,,,,,,,,,,,,,,,,,,,,,,,,,,,,,,,,,,
1676060254.938848,1676060254.939207,84.000000,0.000000,4272.179688,4249.102539,4282.563965,4297.948730,4618.717773,4308.205078,4290.128418,4416.922852,4298.333496,4270.897461,4501.922852,4530.128418,4383.333496,4429.871582,3129.000000,4.000000,85.000000,,,,0.000000,4.000000,4.000000,4.000000,4.000000,4.000000,4.000000,4.000000,4.000000,4.000000,4.000000,4.000000,4.000000,4.000000,4.000000,100.000000,,,,,,,,,,,,,,,,,,,,,,,,,,,,,,,,,,,,,,,,,,,,,,,,,,,,,,,,,,,,,,,,,,,,,,,,,,,,,,,,,,,,,,
1676060254.946656,1676060254.947016,85.000000,0.000000,4270.000000,4248.589844,4276.538574,4295.512695,4618.846191,4310.512695,4288.717773,4401.410156,4292.307617,4266.410156,4506.666504,4521.410156,4381.153809,4425.000000,3249.000000,4.000000,85.000000,,,,0.000000,4.000000,4.000000,4.000000,4.000000,4.000000,4.000000,4.000000,4.000000,4.000000,4.000000,4.000000,4.000000,4.000000,4.000000,100.000000,,,,,,,,,,,,,,,,,,,,,,,,,,,,,,,,,,,,,,,,,,,,,,,,,,,,,,,,,,,,,,,,,,,,,,,,,,,,,,,,,,,,,,
1676060254.954464,1676060254.954924,86.000000,0.000000,4282.948730,4250.897461,4286.153809,4308.461426,4627.563965,4319.615234,4301.282227,4407.692383,4295.769043,4260.256348,4510.128418,4525.769043,4381.282227,4433.589844,2730.000000,4.000000,85.000000,,,,0.000000,4.000000,4.000000,4.000000,4.000000,4.000000,4.000000,4.000000,4.000000,4.000000,4.000000,4.000000,4.000000,4.000000,4.000000,100.000000,,,,,,,,,,,,,,,,,,,,,,,,,,,,,,,,,,,,,,,,,,,,,,,,,,,,,,,,,,,,,,,,,,,,,,,,,,,,,,,,,,,,,,
1676060254.962273,1676060254.962732,87.000000,0.000000,4288.333496,4254.102539,4289.871582,4307.563965,4631.538574,4318.205078,4301.538574,4411.538574,4291.025879,4261.282227,4511.153809,4525.256348,4379.871582,4441.153809,2920.000000,4.000000,85.000000,,,,0.000000,4.000000,4.000000,4.000000,4.000000,4.000000,4.000000,4.000000,4.000000,4.000000,4.000000,4.000000,4.000000,4.000000,4.000000,100.000000,,,,,,,,,,,,,,,,,,,,,,,,,,,,,,,,,,,,,,,,,,,,,,,,,,,,,,,,,,,,,,,,,,,,,,,,,,,,,,,,,,,,,,
1676060254.970081,1676060254.970441,88.000000,0.000000,4279.487305,4247.436035,4278.205078,4293.205078,4621.025879,4310.769043,4292.436035,4396.153809,4278.077148,4261.153809,4505.897461,4512.692383,4375.641113,4433.205078,3129.000000,4.000000,85.000000,,,,0.000000,4.000000,4.000000,4.000000,4.000000,4.000000,4.000000,4.000000,4.000000,4.000000,4.000000,4.000000,4.000000,4.000000,4.000000,100.000000,,,,,,,,,,,,,,,,,,,,,,,,,,,,,,,,,,,,,,,,,,,,,,,,,,,,,,,,,,,,,,,,,,,,,,,,,,,,,,,,,,,,,,
1676060254.977889,1676060254.978249,89.000000,0.000000,4278.846191,4249.358887,4277.563965,4292.179688,4616.025879,4310.512695,4291.538574,4388.717773,4281.922852,4258.077148,4508.461426,4510.641113,4384.615234,4428.717773,3249.000000,4.000000,85.000000,,,,0.000000,4.000000,4.000000,4.000000,4.000000,4.000000,4.000000,4.000000,4.000000,4.000000,4.000000,4.000000,4.000000,4.000000,4.000000,100.000000,,,,,,,,,,,,,,,,,,,,,,,,,,,,,,,,,,,,,,,,,,,,,,,,,,,,,,,,,,,,,,,,,,,,,,,,,,,,,,,,,,,,,,
1676060254.985698,1676060254.985958,90.000000,0.000000,4268.589844,4246.922852,4270.000000,4281.410156,4609.102539,4300.512695,4274.358887,4372.307617,4275.769043,4245.769043,4497.051270,4497.307617,4374.230957,4413.717773,2730.000000,4.000000,85.000000,,,,0.000000,4.000000,4.000000,4.000000,4.000000,4.000000,4.000000,4.000000,4.000000,4.000000,4.000000,4.000000,4.000000,4.000000,4.000000,100.000000,,,,,,,,,,,,,,,,,,,,,,,,,,,,,,,,,,,,,,,,,,,,,,,,,,,,,,,,,,,,,,,,,,,,,,,,,,,,,,,,,,,,,,
1676060254.993506,1676060254.993866,91.000000,0.000000,4256.666504,4241.025879,4257.307617,4273.717773,4601.538574,4287.820313,4255.000000,4352.563965,4261.794922,4242.563965,4479.358887,4481.025879,4355.000000,4402.051270,2920.000000,4.000000,85.000000,,,,0.000000,4.000000,4.000000,4.000000,4.000000,4.000000,4.000000,4.000000,4.000000,4.000000,4.000000,4.000000,4.000000,4.000000,4.000000,100.000000,,,,,,,,,,,,,,,,,,,,,,,,,,,,,,,,,,,,,,,,,,,,,,,,,,,,,,,,,,,,,,,,,,,,,,,,,,,,,,,,,,,,,,
1676060255.001315,1676060255.001675,92.000000,0.000000,4286.922852,4272.307617,4283.974121,4305.769043,4619.102539,4301.282227,4275.641113,4376.538574,4292.820313,4274.102539,4511.666504,4515.769043,4387.179688,4438.717773,3129.000000,4.000000,85.000000,,,,0.000000,4.000000,4.000000,4.000000,4.000000,4.000000,4.000000,4.000000,4.000000,4.000000,4.000000,4.000000,4.000000,4.000000,4.000000,100.000000,,,,,,,,,,,,,,,,,,,,,,,,,,,,,,,,,,,,,,,,,,,,,,,,,,,,,,,,,,,,,,,,,,,,,,,,,,,,,,,,,,,,,,
1676060255.009123,1676060255.009583,93.000000,0.000000,4315.128418,4301.410156,4316.282227,4327.179688,4632.692383,4318.589844,4303.077148,4405.384766,4328.461426,4302.692383,4549.743652,4555.897461,4422.051270,4471.282227,3249.000000,4.000000,85.000000,,,,0.000000,4.000000,4.000000,4.000000,4.000000,4.000000,4.000000,4.000000,4.000000,4.000000,4.000000,4.000000,4.000000,4.000000,4.000000,100.000000,,,,,,,,,,,,,,,,,,,,,,,,,,,,,,,,,,,,,,,,,,,,,,,,,,,,,,,,,,,,,,,,,,,,,,,,,,,,,,,,,,,,,,
1676060255.016931,1676060255.017391,94.000000,0.000000,4292.051270,4271.153809,4298.846191,4301.282227,4611.666504,4310.128418,4295.256348,4387.820313,4308.461426,4288.077148,4531.153809,4535.641113,4400.897461,4444.102539,2730.000000,4.000000,85.000000,,,,0.000000,4.000000,4.000000,4.000000,4.000000,4.000000,4.000000,4.000000,4.000000,4.000000,4.000000,4.000000,4.000000,4.000000,4.000000,100.000000,,,,,,,,,,,,,,,,,4.391822,4.099068,2.778866,1.827612,1.548431,5.318314,3.513108,2.807449,1.752241,1.409393,3.442727,3.775578,3.471219,2.121581,1.374030,4.778660,3.053807,2.647436,1.769358,1.311583,1.000494,1.229438,1.523839,1.193769,0.726733,0.493838,0.995875,1.609021,0.800021,0.601703,0.694034,0.591589,2.718298,1.388023,0.955174,1.241874,0.672967,2.074260,1.541966,1.165864,1.205750,1.461211,1.749121,1.546497,1.262068,0.999333,2.411485,1.804439,2.008938,1.488261,2.717336,4.881998,2.997653,3.088223,2.446913,6.385677,4.165536,4.313697,2.593502,2.312102,2.808342,5.436573,2.440029,2.350328,2.072495,4.824696,5.638408,2.883353,2.661401,2.080682
1676060255.024740,1676060255.025200,95.000000,0.000000,4270.000000,4239.487305,4276.282227,4285.897461,4596.153809,4305.256348,4286.666504,4372.179688,4287.948730,4266.922852,4510.256348,4505.769043,4375.128418,4421.153809,2920.000000,4.000000,85.000000,,,,0.000000,4.000000,4.000000,4.000000,4.000000,4.000000,4.000000,4.000000,4.000000,4.000000,4.000000,4.000000,4.000000,4.000000,4.000000,100.000000,,,,,,,,,,,,,,,,,,,,,,,,,,,,,,,,,,,,,,,,,,,,,,,,,,,,,,,,,,,,,,,,,,,,,,,,,,,,,,,,,,,,,,
1676060255.032548,1676060255.032908,96.000000,0.000000,4278.461426,4255.512695,4281.282227,4295.641113,4604.615234,4317.948730,4298.461426,4382.563965,4299.487305,4269.358887,4522.179688,4509.230957,4372.820313,4430.000000,3129.000000,4.000000,85.000000,,,,0.000000,4.000000,4.000000,4.000000,4.000000,4.000000,4.000000,4.000000,4.000000,4.000000,4.000000,4.000000,4.000000,4.000000,4.000000,100.000000,,,,,,,,,,,,,,,,,,,,,,,,,,,,,,,,,,,,,,,,,,,,,,,,,,,,,,,,,,,,,,,,,,,,,,,,,,,,,,,,,,,,,,
1676060255.040357,1676060255.040717,97.000000,0.000000,4275.000000,4264.230957,4276.666504,4289.230957,4601.410156,4318.589844,4297.436035,4375.256348,4294.487305,4261.666504,4514.230957,4501.025879,4363.333496,4421.282227,3249.000000,4.000000,85.000000,,,,0.000000,4.000000,4.000000,4.000000,4.000000,4.000000,4.000000,4.000000,4.000000,4.000000,4.000000,4.000000,4.000000,4.000000,4.000000,100.000000,,,,,,,,,,,,,,,,,,,,,,,,,,,,,,,,,,,,,,,,,,,,,,,,,,,,,,,,,,,,,,,,,,,,,,,,,,,,,,,,,,,,,,
1676060255.048165,1676060255.048425,98.000000,0.000000,4254.102539,4234.871582,4256.922852,4272.051270,4580.512695,4306.153809,4278.717773,4348.077148,4272.307617,4238.717773,4486.282227,4472.692383,4347.820313,4400.000000,2730.000000,4.000000,85.000000,,,,0.000000,4.000000,4.000000,4.000000,4.000000,4.000000,4.000000,4.000000,4.000000,4.000000,4.000000,4.000000,4.000000,4.000000,4.000000,100.000000,,,,,,,,,,,,,,,,,,,,,,,,,,,,,,,,,,,,,,,,,,,,,,,,,,,,,,,,,,,,,,,,,,,,,,,,,,,,,,,,,,,,,,
1676060255.055973,1676060255.056234,99.000000,0.000000,4259.487305,4227.307617,4258.077148,4277.436035,4574.871582,4309.615234,4274.230957,4340.769043,4275.769043,4245.897461,4492.179688,4468.974121,4347.820313,4402.948730,2920.000000,4.000000,85.000000,,,,0.000000,4.000000,4.000000,4.000000,4.000000,4.000000,4.000000,4.000000,4.000000,4.000000,4.000000,4.000000,4.000000,4.000000,4.000000,100.000000,,,,,,,,,,,,,,,,,,,,,,,,,,,,,,,,,,,,,,,,,,,,,,,,,,,,,,,,,,,,,,,,,,,,,,,,,,,,,,,,,,,,,,
1676060255.063782,1676060255.063942,100.000000,0.000000,4293.846191,4262.563965,4288.333496,4301.922852,4588.077148,4321.025879,4292.436035,4364.487305,4305.512695,4283.846191,4531.025879,4501.922852,4374.615234,4437.692383,3129.000000,4.000000,85.000000,,,,0.000000,4.000000,4.000000,4.000000,4.000000,4.000000,4.000000,4.000000,4.000000,4.000000,4.000000,4.000000,4.000000,4.000000,4.000000,100.000000,,,,,,,,,,,,,,,,,,,,,,,,,,,,,,,,,,,,,,,,,,,,,,,,,,,,,,,,,,,,,,,,,,,,,,,,,,,,,,,,,,,,,,
1676060255.071590,1676060255.071751,101.000000,0.000000,4310.512695,4280.384766,4308.974121,4310.897461,4584.487305,4318.974121,4301.666504,4381.538574,4321.282227,4300.128418,4551.282227,4532.179688,4399.743652,4463.589844,3249.000000,4.000000,85.000000,,,,0.000000,4.000000,4.000000,4.000000,4.000000,4.000000,4.000000,4.000000,4.000000,4.000000,4.000000,4.000000,4.000000,4.000000,4.000000,100.000000,,,,,,,,,,,,,,,,,,,,,,,,,,,,,,,,,,,,,,,,,,,,,,,,,,,,,,,,,,,,,,,,,,,,,,,,,,,,,,,,,,,,,,
1676060255.079399,1676060255.079459,102.000000,0.000000,4297.179688,4260.384766,4293.717773,4294.871582,4555.897461,4304.615234,4281.922852,4361.153809,4299.743652,4275.897461,4527.179688,4519.230957,4382.563965,4451.025879,2730.000000,4.000000,85.000000,,,,0.000000,4.000000,4.000000,4.000000,4.000000,4.000000,4.000000,4.000000,4.000000,4.000000,4.000000,4.000000,4.000000,4.000000,4.000000,100.000000,,,,,,,,,,,,,,,,,,,,,,,,,,,,,,,,,,,,,,,,,,,,,,,,,,,,,,,,,,,,,,,,,,,,,,,,,,,,,,,,,,,,,,
1676060255.087207,1676060255.087368,103.000000,0.000000,4298.974121,4257.051270,4290.769043,4294.743652,4546.538574,4303.461426,4275.641113,4349.615234,4287.307617,4265.512695,4519.871582,4512.436035,4377.179688,4452.051270,2920.000000,4.000000,85.000000,,,,0.000000,4.000000,4.000000,4.000000,4.000000,4.000000,4.000000,4.000000,4.000000,4.000000,4.000000,4.000000,4.000000,4.000000,4.000000,100.000000,,,,,,,,,,,,,,,,,,,,,,,,,,,,,,,,,,,,,,,,,,,,,,,,,,,,,,,,,,,,,,,,,,,,,,,,,,,,,,,,,,,,,,
1676060255.095015,1676060255.095176,104.000000,0.000000,4318.974121,4273.846191,4315.897461,4313.461426,4557.179688,4317.436035,4297.820313,4365.641113,4304.102539,4284.230957,4542.820313,4536.538574,4402.051270,4475.128418,3129.000000,4.000000,85.000000,,,,0.000000,4.000000,4.000000,4.000000,4.000000,4.000000,4.000000,4.000000,4.000000,4.000000,4.000000,4.000000,4.000000,4.000000,4.000000,100.000000,,,,,,,,,,,,,,,,,,,,,,,,,,,,,,,,,,,,,,,,,,,,,,,,,,,,,,,,,,,,,,,,,,,,,,,,,,,,,,,,,,,,,,
1676060255.102824,1676060255.103085,105.000000,0.000000,4315.256348,4275.641113,4319.102539,4308.717773,4544.487305,4316.282227,4301.794922,4364.102539,4307.948730,4282.051270,4533.461426,4536.922852,4391.282227,4463.077148,3249.000000,4.000000,85.000000,,,,0.000000,4.000000,4.000000,4.000000,4.000000,4.000000,4.000000,4.000000,4.000000,4.000000,4.000000,4.000000,4.000000,4.000000,4.000000,100.000000,,,,,,,,,,,,,,,,,,,,,,,,,,,,,,,,,,,,,,,,,,,,,,,,,,,,,,,,,,,,,,,,,,,,,,,,,,,,,,,,,,,,,,
1676060255.110632,1676060255.110893,106.000000,0.000000,4305.897461,4278.461426,4307.692383,4301.410156,4524.615234,4312.692383,4292.307617,4354.102539,4301.153809,4270.256348,4516.153809,4521.282227,4377.563965,4446.922852,2730.000000,4.000000,85.000000,,,,0.000000,4.000000,4.000000,4.000000,4.000000,4.000000,4.000000,4.000000,4.000000,4.000000,4.000000,4.000000,4.000000,4.000000,4.000000,100.000000,,,,,,,,,,,,,,,,,,,,,,,,,,,,,,,,,,,,,,,,,,,,,,,,,,,,,,,,,,,,,,,,,,,,,,,,,,,,,,,,,,,,,,
1676060255.118441,1676060255.118801,107.000000,0.000000,4313.589844,4287.820313,4307.436035,4314.102539,4524.230957,4322.692383,4302.436035,4357.179688,4302.307617,4278.461426,4526.153809,4522.820313,4400.128418,4463.846191,2920.000000,4.000000,85.000000,,,,0.000000,4.000000,4.000000,4.000000,4.000000,4.000000,4.000000,4.000000,4.000000,4.000000,4.000000,4.000000,4.000000,4.000000,4.000000,100.000000,,,,,,,,,,,,,,,,,,,,,,,,,,,,,,,,,,,,,,,,,,,,,,,,,,,,,,,,,,,,,,,,,,,,,,,,,,,,,,,,,,,,,,
1676060255.126249,1676060255.126610,108.000000,0.000000,4307.307617,4283.717773,4300.769043,4315.256348,4521.282227,4322.948730,4315.256348,4349.615234,4295.897461,4275.769043,4517.179688,4510.384766,4391.410156,4459.230957,3129.000000,4.000000,85.000000,,,,0.000000,4.000000,4.000000,4.000000,4.000000,4.000000,4.000000,4.000000,4.000000,4.000000,4.000000,4.000000,4.000000,4.000000,4.000000,100.000000,,,,,,,,,,,,,,,,,,,,,,,,,,,,,,,,,,,,,,,,,,,,,,,,,,,,,,,,,,,,,,,,,,,,,,,,,,,,,,,,,,,,,,
1676060255.134057,1676060255.134518,109.000000,0.000000,4292.563965,4281.410156,4289.615234,4304.102539,4504.743652,4318.077148,4313.205078,4332.563965,4286.025879,4261.794922,4488.077148,4487.179688,4356.410156,4432.051270,3249.000000,4.000000,85.000000,,,,0.000000,4.000000,4.000000,4.000000,4.000000,4.000000,4.000000,4.000000,4.000000,4.000000,4.000000,4.000000,4.000000,4.000000,4.000000,100.000000,,,,,,,,,,,,,,,,,,,,,,,,,,,,,,,,,,,,,,,,,,,,,,,,,,,,,,,,,,,,,,,,,,,,,,,,,,,,,,,,,,,,,,
1676060255.141866,1676060255.142327,110.000000,0.000000,4292.051270,4286.025879,4286.025879,4300.641113,4493.461426,4323.205078,4304.487305,4327.307617,4287.436035,4262.307617,4479.358887,4482.692383,4353.461426,4428.846191,2730.000000,4.000000,85.000000,,,,0.000000,4.000000,4.000000,4.000000,4.000000,4.000000,4.000000,4.000000,4.000000,4.000000,4.000000,4.000000,4.000000,4.000000,4.000000,100.000000,,,,,,,,,,,,,,,,,5.053036,4.769204,2.893557,1.627433,1.565312,5.258884,3.448786,2.711259,1.644927,1.556120,3.907887,5.070618,4.006285,1.882083,1.403630,5.360163,3.411410,2.790537,1.575575,1.365307,1.483146,1.411852,1.530271,1.076265,0.733201,0.368942,1.021324,1.553521,0.700510,0.553874,0.786056,0.552657,2.865991,1.254524,0.964334,2.313723,0.999463,2.267279,1.402034,1.165066,1.346184,1.689556,1.763321,1.389000,1.228292,0.967637,2.721643,1.370349,1.691023,1.476931,2.838964,5.618623,3.179926,2.792102,2.606928,7.460370,5.619433,4.965339,2.351043,2.373819,2.555893,5.973116,2.402201,2.188777,2.252481,5.406352,6.890759,3.054243,2.523868,2.173801
1676060255.149674,1676060255.150235,111.000000,0.000000,4291.410156,4280.128418,4280.128418,4296.282227,4489.487305,4322.179688,4295.769043,4326.282227,4284.615234,4257.179688,4470.897461,4479.487305,4351.282227,4431.410156,2920.000000,4.000000,85.000000,,,,0.000000,4.000000,4.000000,4.000000,4.000000,4.000000,4.000000,4.000000,4.000000,4.000000,4.000000,4.000000,4.000000,4.000000,4.000000,100.000000,,,,,,,,,,,,,,,,,,,,,,,,,,,,,,,,,,,,,,,,,,,,,,,,,,,,,,,,,,,,,,,,,,,,,,,,,,,,,,,,,,,,,,
1676060255.157482,1676060255.158043,112.000000,0.000000,4286.538574,4281.922852,4274.487305,4291.538574,4480.256348,4307.563965,4291.153809,4323.846191,4276.282227,4242.436035,4459.230957,4470.256348,4337.179688,4423.461426,3129.000000,4.000000,85.000000,,,,0.000000,4.000000,4.000000,4.000000,4.000000,4.000000,4.000000,4.000000,4.000000,4.000000,4.000000,4.000000,4.000000,4.000000,4.000000,100.000000,,,,,,,,,,,,,,,,,,,,,,,,,,,,,,,,,,,,,,,,,,,,,,,,,,,,,,,,,,,,,,,,,,,,,,,,,,,,,,,,,,,,,,
1676060255.165291,1676060255.165752,113.000000,0.000000,4290.256348,4299.871582,4276.666504,4296.153809,4469.230957,4300.769043,4288.717773,4320.384766,4278.333496,4246.025879,4461.153809,4469.230957,4339.102539,4422.051270,3249.000000,4.000000,85.000000,,,,0.000000,4.000000,4.000000,4.000000,4.000000,4.000000,4.000000,4.000000,4.000000,4.000000,4.000000,4.000000,4.000000,4.000000,4.000000,100.000000,,,,,,,,,,,,,,,,,,,,,,,,,,,,,,,,,,,,,,,,,,,,,,,,,,,,,,,,,,,,,,,,,,,,,,,,,,,,,,,,,,,,,,
1676060255.173099,1676060255.173560,114.000000,0.000000,4299.615234,4309.230957,4284.102539,4303.974121,4468.974121,4306.794922,4288.974121,4319.871582,4283.205078,4258.461426,4464.230957,4475.384766,4344.487305,4431.282227,2730.000000,4.000000,85.000000,,,,0.000000,4.000000,4.000000,4.000000,4.000000,4.000000,4.000000,4.000000,4.000000,4.000000,4.000000,4.000000,4.000000,4.000000,4.000000,100.000000,,,,,,,,,,,,,,,,,,,,,,,,,,,,,,,,,,,,,,,,,,,,,,,,,,,,,,,,,,,,,,,,,,,,,,,,,,,,,,,,,,,,,,
1676060255.180907,1676060255.181269,115.000000,0.000000,4311.025879,4316.666504,4301.666504,4319.487305,4473.461426,4317.436035,4301.153809,4333.077148,4289.358887,4271.282227,4472.820313,4491.282227,4349.358887,4445.256348,2920.000000,4.000000,85.000000,,,,0.000000,4.000000,4.000000,4.000000,4.000000,4.000000,4.000000,4.000000,4.000000,4.000000,4.000000,4.000000,4.000000,4.000000,4.000000,100.000000,,,,,,,,,,,,,,,,,,,,,,,,,,,,,,,,,,,,,,,,,,,,,,,,,,,,,,,,,,,,,,,,,,,,,,,,,,,,,,,,,,,,,,
1676060255.188716,1676060255.189077,116.000000,0.000000,4314.487305,4322.179688,4307.307617,4324.102539,4464.230957,4313.077148,4302.692383,4335.128418,4285.384766,4265.128418,4474.615234,4496.410156,4349.743652,4446.794922,3129.000000,4.000000,85.000000,,,,0.000000,4.000000,4.000000,4.000000,4.000000,4.000000,4.000000,4.000000,4.000000,4.000000,4.000000,4.000000,4.000000,4.000000,4.000000,100.000000,,,,,,,,,,,,,,,,,,,,,,,,,,,,,,,,,,,,,,,,,,,,,,,,,,,,,,,,,,,,,,,,,,,,,,,,,,,,,,,,,,,,,,
1676060255.196524,1676060255.196786,117.000000,0.000000,4305.769043,4310.128418,4296.025879,4310.384766,4453.077148,4300.897461,4286.410156,4313.589844,4272.436035,4245.512695,4460.128418,4486.153809,4339.871582,4438.717773,3249.000000,4.000000,85.000000,,,,0.000000,4.000000,4.000000,4.000000,4.000000,4.000000,4.000000,4.000000,4.000000,4.000000,4.000000,4.000000,4.000000,4.000000,4.000000,100.000000,,,,,,,,,,,,,,,,,,,,,,,,,,,,,,,,,,,,,,,,,,,,,,,,,,,,,,,,,,,,,,,,,,,,,,,,,,,,,,,,,,,,,,
1676060255.204333,1676060255.204594,118.000000,0.000000,4313.974121,4309.102539,4302.307617,4316.282227,4458.461426,4313.077148,4288.461426,4305.769043,4274.743652,4254.743652,4460.256348,4487.179688,4343.333496,4446.025879,2730.000000,4.000000,85.000000,,,,0.000000,4.000000,4.000000,4.000000,4.000000,4.000000,4.000000,4.000000,4.000000,4.000000,4.000000,4.000000,4.000000,4.000000,4.000000,100.000000,,,,,,,,,,,,,,,,,,,,,,,,,,,,,,,,,,,,,,,,,,,,,,,,,,,,,,,,,,,,,,,,,,,,,,,,,,,,,,,,,,,,,,
1676060255.212141,1676060255.212303,119.000000,0.000000,4327.307617,4322.563965,4313.846191,4331.922852,4464.871582,4329.487305,4303.717773,4314.615234,4282.179688,4268.333496,4466.153809,4492.051270,4348.077148,4449.487305,2920.000000,4.000000,85.000000,,,,0.000000,4.000000,4.000000,4.000000,4.000000,4.000000,4.000000,4.000000,4.000000,4.000000,4.000000,4.000000,4.000000,4.000000,4.000000,100.000000,,,,,,,,,,,,,,,,,,,,,,,,,,,,,,,,,,,,,,,,,,,,,,,,,,,,,,,,,,,,,,,,,,,,,,,,,,,,,,,,,,,,,,
1676060255.219949,1676060255.220111,120.000000,0.000000,4324.615234,4325.641113,4313.589844,4329.743652,4461.538574,4327.179688,4308.846191,4317.051270,4280.641113,4251.410156,4459.487305,4491.025879,4338.589844,4444.487305,3129.000000,4.000000,85.000000,,,,0.000000,4.000000,4.000000,4.000000,4.000000,4.000000,4.000000,4.000000,4.000000,4.000000,4.000000,4.000000,4.000000,4.000000,4.000000,100.000000,,,,,,,,,,,,,,,,,,,,,,,,,,,,,,,,,,,,,,,,,,,,,,,,,,,,,,,,,,,,,,,,,,,,,,,,,,,,,,,,,,,,,,
1676060255.227758,1676060255.227820,121.000000,0.000000,4324.615234,4326.025879,4309.487305,4324.487305,4454.230957,4322.307617,4301.282227,4312.051270,4278.974121,4242.051270,4457.179688,4485.897461,4338.846191,4449.871582,3249.000000,4.000000,85.000000,,,,0.000000,4.000000,4.000000,4.000000,4.000000,4.000000,4.000000,4.000000,4.000000,4.000000,4.000000,4.000000,4.000000,4.000000,4.000000,100.000000,,,,,,,,,,,,,,,,,,,,,,,,,,,,,,,,,,,,,,,,,,,,,,,,,,,,,,,,,,,,,,,,,,,,,,,,,,,,,,,,,,,,,,
1676060255.235566,1676060255.235628,122.000000,0.000000,4329.102539,4329.487305,4303.974121,4325.641113,4447.563965,4324.358887,4295.128418,4308.333496,4280.000000,4259.871582,4455.769043,4477.307617,4341.794922,4452.051270,2730.000000,4.000000,85.000000,,,,0.000000,4.000000,4.000000,4.000000,4.000000,4.000000,4.000000,4.000000,4.000000,4.000000,4.000000,4.000000,4.000000,4.000000,4.000000,100.000000,,,,,,,,,,,,,,,,,,,,,,,,,,,,,,,,,,,,,,,,,,,,,,,,,,,,,,,,,,,,,,,,,,,,,,,,,,,,,,,,,,,,,,
1676060255.243374,1676060255.243337,123.000000,0.000000,4330.128418,4326.794922,4307.436035,4328.846191,4447.436035,4327.820313,4303.077148,4313.205078,4279.871582,4266.922852,4446.922852,4479.230957,4329.615234,4445.641113,2920.000000,4.000000,85.000000,,,,0.000000,4.000000,4.000000,4.000000,4.000000,4.000000,4.000000,4.000000,4.000000,4.000000,4.000000,4.000000,4.000000,4.000000,4.000000,100.000000,,,,,,,,,,,,,,,,,,,,,,,,,,,,,,,,,,,,,,,,,,,,,,,,,,,,,,,,,,,,,,,,,,,,,,,,,,,,,,,,,,,,,,
1676060255.251183,1676060255.251145,124.000000,0.000000,4328.846191,4323.077148,4319.358887,4329.102539,4445.897461,4326.794922,4311.282227,4316.025879,4277.692383,4253.846191,4446.153809,4488.461426,4321.794922,4446.153809,3129.000000,4.000000,85.000000,,,,0.000000,4.000000,4.000000,4.000000,4.000000,4.000000,4.000000,4.000000,4.000000,4.000000,4.000000,4.000000,4.000000,4.000000,4.000000,100.000000,,,,,,,,,,,,,,,,,,,,,,,,,,,,,,,,,,,,,,,,,,,,,,,,,,,,,,,,,,,,,,,,,,,,,,,,,,,,,,,,,,,,,,
1676060255.258991,1676060255.258854,125.000000,0.000000,4337.563965,4329.487305,4328.589844,4329.487305,4439.102539,4326.282227,4310.000000,4315.000000,4278.717773,4247.179688,4467.307617,4503.461426,4343.846191,4469.615234,3249.000000,4.000000,85.000000,,,,0.000000,4.000000,4.000000,4.000000,4.000000,4.000000,4.000000,4.000000,4.000000,4.000000,4.000000,4.000000,4.000000,4.000000,4.000000,100.000000,,,,,,,,,,,,,,,,,,,,,,,,,,,,,,,,,,,,,,,,,,,,,,,,,,,,,,,,,,,,,,,,,,,,,,,,,,,,,,,,,,,,,,
1676060255.266800,1676060255.266762,126.000000,0.000000,4346.922852,4330.384766,4329.230957,4328.589844,4430.000000,4322.820313,4305.897461,4315.000000,4282.948730,4247.820313,4476.794922,4510.384766,4359.743652,4483.077148,2730.000000,4.000000,85.000000,,,,0.000000,4.000000,4.000000,4.000000,4.000000,4.000000,4.000000,4.000000,4.000000,4.000000,4.000000,4.000000,4.000000,4.000000,4.000000,100.000000,,,,,,,,,,,,,,,,,5.539745,5.447257,3.015936,1.530635,1.596030,5.156765,3.319726,2.651628,1.659502,1.698541,4.241087,6.512859,4.422961,1.778391,1.476482,5.730919,3.769122,2.896592,1.494706,1.433596,2.944228,1.578753,1.531243,0.984094,0.744523,0.341229,1.114590,1.427148,0.643544,0.538419,0.966721,0.607739,2.972401,1.196980,1.002058,4.655108,1.650602,2.425696,1.358371,1.207462,1.513892,2.072276,1.812863,1.335623,1.258393,0.979194,3.154930,1.127800,1.426575,1.532769,2.910112,6.441820,3.520523,2.584883,2.750983,8.017960,7.353211,5.508773,2.265501,2.464434,2.183177,6.371793,2.567488,2.073964,2.452337,5.706299,8.157980,3.354278,2.443228,2.281123
1676060255.274608,1676060255.274671,127.000000,0.000000,4332.563965,4311.153809,4314.743652,4316.025879,4411.922852,4311.666504,4291.794922,4302.051270,4276.025879,4247.051270,4447.820313,4483.333496,4333.077148,4457.436035,85.000000,4.000000,85.000000,,,,0.000000,4.000000,4.000000,4.000000,4.000000,4.000000,4.000000,4.000000,4.000000,4.000000,4.000000,4.000000,4.000000,4.000000,4.000000,100.000000,,,,,,,,,,,,,,,,,,,,,,,,,,,,,,,,,,,,,,,,,,,,,,,,,,,,,,,,,,,,,,,,,,,,,,,,,,,,,,,,,,,,,,
1676060255.282416,1676060255.282479,0.000000,0.000000,4322.051270,4306.153809,4307.563965,4309.743652,4402.436035,4304.871582,4281.666504,4292.948730,4274.102539,4257.820313,4443.589844,4472.563965,4326.922852,4451.025879,2530.000000,4.000000,85.000000,,,,0.000000,4.000000,4.000000,4.000000,4.000000,4.000000,4.000000,4.000000,4.000000,4.000000,4.000000,4.000000,4.000000,4.000000,4.000000,100.000000,,,,,,,,,,,,,,,,,,,,,,,,,,,,,,,,,,,,,,,,,,,,,,,,,,,,,,,,,,,,,,,,,,,,,,,,,,,,,,,,,,,,,,
1676060255.290225,1676060255.290288,1.000000,0.000000,4358.205078,4338.846191,4340.512695,4338.461426,4417.436035,4312.563965,4298.589844,4316.410156,4303.333496,4287.948730,4500.641113,4522.820313,4386.410156,4504.487305,2496.000000,4.000000,85.000000,,,,0.000000,4.000000,4.000000,4.000000,4.000000,4.000000,4.000000,4.000000,4.000000,4.000000,4.000000,4.000000,4.000000,4.000000,4.000000,100.000000,,,,,,,,,,,,,,,,,,,,,,,,,,,,,,,,,,,,,,,,,,,,,,,,,,,,,,,,,,,,,,,,,,,,,,,,,,,,,,,,,,,,,,
1676060255.298033,1676060255.298196,2.000000,0.000000,4383.461426,4347.436035,4354.230957,4352.948730,4418.717773,4311.794922,4305.769043,4324.615234,4312.563965,4293.717773,4517.692383,4537.563965,4411.025879,4523.205078,2406.000000,4.000000,85.000000,,,,0.000000,4.000000,4.000000,4.000000,4.000000,4.000000,4.000000,4.000000,4.000000,4.000000,4.000000,4.000000,4.000000,4.000000,4.000000,100.000000,,,,,,,,,,,,,,,,,,,,,,,,,,,,,,,,,,,,,,,,,,,,,,,,,,,,,,,,,,,,,,,,,,,,,,,,,,,,,,,,,,,,,,
1676060255.305842,1676060255.306104,3.000000,0.000000,4351.794922,4312.563965,4315.512695,4322.692383,4401.153809,4308.077148,4287.051270,4295.000000,4276.922852,4261.666504,4466.153809,4484.743652,4357.820313,4472.563965,2483.000000,4.000000,85.000000,,,,0.000000,4.000000,4.000000,4.000000,4.000000,4.000000,4.000000,4.000000,4.000000,4.000000,4.000000,4.000000,4.000000,4.000000,4.000000,100.000000,,,,,,,,,,,,,,,,,,,,,,,,,,,,,,,,,,,,,,,,,,,,,,,,,,,,,,,,,,,,,,,,,,,,,,,,,,,,,,,,,,,,,,
1676060255.313650,1676060255.313913,4.000000,0.000000,4338.205078,4313.461426,4310.384766,4317.563965,4408.461426,4327.563965,4292.563965,4297.820313,4277.307617,4256.025879,4453.333496,4476.153809,4337.307617,4456.410156,2434.000000,4.000000,85.000000,,,,0.000000,4.000000,4.000000,4.000000,4.000000,4.000000,4.000000,4.000000,4.000000,4.000000,4.000000,4.000000,4.000000,4.000000,4.000000,100.000000,,,,,,,,,,,,,,,,,,,,,,,,,,,,,,,,,,,,,,,,,,,,,,,,,,,,,,,,,,,,,,,,,,,,,,,,,,,,,,,,,,,,,,
1676060255.321458,1676060255.321721,5.000000,0.000000,4346.410156,4332.820313,4332.307617,4332.179688,4415.641113,4334.871582,4305.769043,4319.102539,4303.846191,4278.846191,4471.025879,4497.948730,4356.410156,4470.256348,2393.000000,4.000000,85.000000,,,,0.000000,4.000000,4.000000,4.000000,4.000000,4.000000,4.000000,4.000000,4.000000,4.000000,4.000000,4.000000,4.000000,4.000000,4.000000,100.000000,,,,,,,,,,,,,,,,,,,,,,,,,,,,,,,,,,,,,,,,,,,,,,,,,,,,,,,,,,,,,,,,,,,,,,,,,,,,,,,,,,,,,,
1676060255.329267,1676060255.329629,6.000000,0.000000,4319.871582,4298.333496,4300.897461,4300.000000,4385.256348,4314.230957,4286.538574,4293.589844,4277.948730,4261.794922,4448.205078,4465.512695,4343.846191,4449.743652,2241.000000,4.000000,85.000000,,,,0.000000,4.000000,4.000000,4.000000,4.000000,4.000000,4.000000,4.000000,4.000000,4.000000,4.000000,4.000000,4.000000,4.000000,4.000000,100.000000,,,,,,,,,,,,,,,,,,,,,,,,,,,,,,,,,,,,,,,,,,,,,,,,,,,,,,,,,,,,,,,,,,,,,,,,,,,,,,,,,,,,,,
1676060255.337075,1676060255.337438,7.000000,0.000000,4299.102539,4268.333496,4264.102539,4269.743652,4364.230957,4306.666504,4269.358887,4270.384766,4251.794922,4229.358887,4430.128418,4434.615234,4335.512695,4434.358887,2237.000000,4.000000,85.000000,,,,0.000000,4.000000,4.000000,4.000000,4.000000,4.000000,4.000000,4.000000,4.000000,4.000000,4.000000,4.000000,4.000000,4.000000,4.000000,100.000000,,,,,,,,,,,,,,,,,,,,,,,,,,,,,,,,,,,,,,,,,,,,,,,,,,,,,,,,,,,,,,,,,,,,,,,,,,,,,,,,,,,,,,
1676060255.344884,1676060255.345246,8.000000,0.000000,4313.077148,4287.563965,4279.487305,4284.871582,4375.512695,4313.589844,4279.230957,4288.461426,4275.384766,4241.538574,4448.974121,4451.538574,4351.025879,4445.128418,2286.000000,4.000000,85.000000,,,,0.000000,4.000000,4.000000,4.000000,4.000000,4.000000,4.000000,4.000000,4.000000,4.000000,4.000000,4.000000,4.000000,4.000000,4.000000,100.000000,,,,,,,,,,,,,,,,,,,,,,,,,,,,,,,,,,,,,,,,,,,,,,,,,,,,,,,,,,,,,,,,,,,,,,,,,,,,,,,,,,,,,,
1676060255.352692,1676060255.353055,9.000000,0.000000,4323.333496,4300.256348,4300.769043,4299.358887,4382.179688,4312.436035,4291.025879,4299.102539,4289.487305,4265.128418,4458.205078,4465.512695,4353.205078,4446.410156,2246.000000,4.000000,85.000000,,,,0.000000,4.000000,4.000000,4.000000,4.000000,4.000000,4.000000,4.000000,4.000000,4.000000,4.000000,4.000000,4.000000,4.000000,4.000000,100.000000,,,,,,,,,,,,,,,,,,,,,,,,,,,,,,,,,,,,,,,,,,,,,,,,,,,,,,,,,,,,,,,,,,,,,,,,,,,,,,,,,,,,,,
1676060255.360500,1676060255.360763,10.000000,0.000000,4329.102539,4298.846191,4309.358887,4303.333496,4376.153809,4316.282227,4299.615234,4295.512695,4285.769043,4271.153809,4458.461426,4473.461426,4357.307617,4450.256348,2742.000000,4.000000,85.000000,,,,0.000000,4.000000,4.000000,4.000000,4.000000,4.000000,4.000000,4.000000,4.000000,4.000000,4.000000,4.000000,4.000000,4.000000,4.000000,100.000000,,,,,,,,,,,,,,,,,,,,,,,,,,,,,,,,,,,,,,,,,,,,,,,,,,,,,,,,,,,,,,,,,,,,,,,,,,,,,,,,,,,,,,
1676060255.368309,1676060255.368572,11.000000,0.000000,4345.769043,4313.589844,4328.846191,4316.922852,4381.922852,4329.102539,4308.974121,4308.077148,4299.871582,4283.717773,4482.051270,4502.692383,4385.384766,4477.051270,2924.000000,4.000000,85.000000,,,,0.000000,4.000000,4.000000,4.000000,4.000000,4.000000,4.000000,4.000000,4.000000,4.000000,4.000000,4.000000,4.000000,4.000000,4.000000,100.000000,,,,,,,,,,,,,,,,,,,,,,,,,,,,,,,,,,,,,,,,,,,,,,,,,,,,,,,,,,,,,,,,,,,,,,,,,,,,,,,,,,,,,,
1676060255.376117,1676060255.376280,12.000000,0.000000,4347.179688,4318.333496,4342.436035,4326.666504,4395.769043,4334.102539,4311.538574,4316.666504,4308.974121,4295.641113,4504.230957,4516.538574,4399.487305,4491.410156,3142.000000,4.000000,85.000000,,,,0.000000,4.000000,4.000000,4.000000,4.000000,4.000000,4.000000,4.000000,4.000000,4.000000,4.000000,4.000000,4.000000,4.000000,4.000000,100.000000,,,,,,,,,,,,,,,,,,,,,,,,,,,,,,,,,,,,,,,,,,,,,,,,,,,,,,,,,,,,,,,,,,,,,,,,,,,,,,,,,,,,,,
1676060255.383926,1676060255.384089,13.000000,0.000000,4339.230957,4310.512695,4342.563965,4324.487305,4402.179688,4338.461426,4319.102539,4309.743652,4306.922852,4296.282227,4506.922852,4507.563965,4396.538574,4488.589844,3256.000000,4.000000,85.000000,,,,0.000000,4.000000,4.000000,4.000000,4.000000,4.000000,4.000000,4.000000,4.000000,4.000000,4.000000,4.000000,4.000000,4.000000,4.000000,100.000000,,,,,,,,,,,,,,,,,,,,,,,,,,,,,,,,,,,,,,,,,,,,,,,,,,,,,,,,,,,,,,,,,,,,,,,,,,,,,,,,,,,,,,
1676060255.391734,1676060255.391797,14.000000,0.000000,4350.256348,4315.256348,4344.487305,4324.358887,4401.410156,4345.897461,4333.205078,4316.025879,4319.615234,4303.717773,4513.717773,4514.615234,4406.538574,4492.948730,2742.000000,4.000000,85.000000,,,,0.000000,4.000000,4.000000,4.000000,4.000000,4.000000,4.000000,4.000000,4.000000,4.000000,4.000000,4.000000,4.000000,4.000000,4.000000,100.000000,1.000000,25.000000,3.000000,4.000000,1.000000,4.000000,1.000000,4.000000,3.000000,3.000000,3.000000,3.000000,1.000000,1.000000,1.000000,1.000000,5.639229,6.024625,3.137534,1.559933,1.620440,4.874193,3.152486,2.618925,1.771746,1.797507,4.235243,7.775947,4.588606,1.801593,1.552293,5.782651,4.038240,2.949402,1.516680,1.483771,5.175323,1.661805,1.488180,0.912387,0.756738,0.364176,1.263733,1.252860,0.614612,0.548663,1.150588,0.737087,2.999150,1.183528,1.050084,8.306058,2.553289,2.484955,1.363466,1.269554,1.624450,2.462597,1.865397,1.349877,1.314226,0.972985,3.555054,1.043643,1.268358,1.639470,2.981199,7.147966,3.921487,2.454767,2.815713,7.879188,9.037200,5.775834,2.282322,2.522190,1.815832,6.593205,2.850365,1.998148,2.597773,5.583695,9.160305,3.697476,2.411596,2.341649
1676060255.399542,1676060255.399706,15.000000,0.000000,4340.641113,4302.051270,4327.563965,4308.077148,4387.692383,4340.897461,4321.666504,4312.179688,4314.487305,4289.871582,4500.769043,4502.051270,4398.461426,4474.871582,2924.000000,4.000000,85.000000,,,,0.000000,4.000000,4.000000,4.000000,4.000000,4.000000,4.000000,4.000000,4.000000,4.000000,4.000000,4.000000,4.000000,4.000000,4.000000,100.000000,,,,,,,,,,,,,,,,,,,,,,,,,,,,,,,,,,,,,,,,,,,,,,,,,,,,,,,,,,,,,,,,,,,,,,,,,,,,,,,,,,,,,,
1676060255.407351,1676060255.407514,16.000000,0.000000,4300.641113,4269.743652,4292.436035,4277.307617,4365.512695,4320.384766,4292.051270,4286.282227,4286.666504,4256.922852,4462.820313,4455.256348,4366.025879,4436.025879,0.000000,4.000000,85.000000,,,,0.000000,4.000000,4.000000,4.000000,4.000000,4.000000,4.000000,4.000000,4.000000,4.000000,4.000000,4.000000,4.000000,4.000000,4.000000,100.000000,,,,,,,,,,,,,,,,,,,,,,,,,,,,,,,,,,,,,,,,,,,,,,,,,,,,,,,,,,,,,,,,,,,,,,,,,,,,,,,,,,,,,,
1676060255.415159,1676060255.415323,17.000000,0.000000,4294.102539,4276.282227,4289.102539,4279.487305,4361.794922,4309.230957,4288.461426,4292.692383,4297.948730,4268.205078,4466.538574,4451.922852,4371.410156,4438.077148,0.000000,4.000000,85.000000,,,,0.000000,4.000000,4.000000,4.000000,4.000000,4.000000,4.000000,4.000000,4.000000,4.000000,4.000000,4.000000,4.000000,4.000000,4.000000,100.000000,,,,,,,,,,,,,,,,,,,,,,,,,,,,,,,,,,,,,,,,,,,,,,,,,,,,,,,,,,,,,,,,,,,,,,,,,,,,,,,,,,,,,,
1676060255.422967,1676060255.423031,18.000000,0.000000,4311.922852,4300.000000,4306.410156,4298.461426,4368.589844,4316.666504,4303.846191,4318.974121,4330.512695,4302.563965,4496.410156,4481.410156,4399.358887,4458.974121,0.000000,4.000000,85.000000,,,,0.000000,4.000000,4.000000,4.000000,4.000000,4.000000,4.000000,4.000000,4.000000,4.000000,4.000000,4.000000,4.000000,4.000000,4.000000,100.000000,,,,,,,,,,,,,,,,,,,,,,,,,,,,,,,,,,,,,,,,,,,,,,,,,,,,,,,,,,,,,,,,,,,,,,,,,,,,,,,,,,,,,,
1676060255.430776,1676060255.430939,19.000000,0.000000,4300.000000,4284.871582,4294.102539,4286.282227,4361.538574,4320.128418,4298.077148,4306.666504,4320.256348,4289.871582,4484.358887,4469.487305,4387.563965,4440.384766,0.000000,4.000000,85.000000,,,,0.000000,4.000000,4.000000,4.000000,4.000000,4.000000,4.000000,4.000000,4.000000,4.000000,4.000000,4.000000,4.000000,4.000000,4.000000,100.000000,,,,,,,,,,,,,,,,,,,,,,,,,,,,,,,,,,,,,,,,,,,,,,,,,,,,,,,,,,,,,,,,,,,,,,,,,,,,,,,,,,,,,,
1676060255.438584,1676060255.438748,20.000000,0.000000,4284.102539,4267.436035,4278.717773,4269.102539,4352.563965,4312.307617,4281.282227,4283.205078,4298.333496,4258.717773,4459.358887,4447.436035,4366.153809,4422.307617,0.000000,4.000000,85.000000,,,,0.000000,4.000000,4.000000,4.000000,4.000000,4.000000,4.000000,4.000000,4.000000,4.000000,4.000000,4.000000,4.000000,4.000000,4.000000,100.000000,,,,,,,,,,,,,,,,,,,,,,,,,,,,,,,,,,,,,,,,,,,,,,,,,,,,,,,,,,,,,,,,,,,,,,,,,,,,,,,,,,,,,,
1676060255.446392,1676060255.446656,21.000000,0.000000,4297.436035,4287.436035,4295.897461,4284.743652,4352.179688,4308.589844,4283.846191,4292.051270,4308.589844,4266.794922,4471.282227,4463.077148,4380.641113,4437.820313,0.000000,4.000000,85.000000,,,,0.000000,4.000000,4.000000,4.000000,4.000000,4.000000,4.000000,4.000000,4.000000,4.000000,4.000000,4.000000,4.000000,4.000000,4.000000,100.000000,,,,,,,,,,,,,,,,,,,,,,,,,,,,,,,,,,,,,,,,,,,,,,,,,,,,,,,,,,,,,,,,,,,,,,,,,,,,,,,,,,,,,,
1676060255.454201,1676060255.454465,22.000000,0.000000,4308.077148,4301.153809,4312.692383,4301.538574,4355.769043,4316.282227,4296.282227,4301.025879,4321.410156,4290.256348,4487.307617,4476.025879,4396.410156,4447.179688,0.000000,4.000000,85.000000,,,,0.000000,4.000000,4.000000,4.000000,4.000000,4.000000,4.000000,4.000000,4.000000,4.000000,4.000000,4.000000,4.000000,4.000000,4.000000,100.000000,,,,,,,,,,,,,,,,,,,,,,,,,,,,,,,,,,,,,,,,,,,,,,,,,,,,,,,,,,,,,,,,,,,,,,,,,,,,,,,,,,,,,,
1676060255.462009,1676060255.462373,23.000000,0.000000,4312.692383,4295.512695,4316.538574,4302.307617,4367.051270,4327.051270,4302.948730,4295.897461,4322.948730,4299.102539,4491.153809,4482.051270,4401.025879,4452.692383,0.000000,4.000000,85.000000,,,,0.000000,4.000000,4.000000,4.000000,4.000000,4.000000,4.000000,4.000000,4.000000,4.000000,4.000000,4.000000,4.000000,4.000000,4.000000,100.000000,,,,,,,,,,,,,,,,,,,,,,,,,,,,,,,,,,,,,,,,,,,,,,,,,,,,,,,,,,,,,,,,,,,,,,,,,,,,,,,,,,,,,,
1676060255.469818,1676060255.470182,24.000000,0.000000,4322.436035,4300.384766,4321.666504,4306.794922,4371.922852,4328.077148,4303.846191,4297.307617,4323.205078,4289.487305,4496.153809,4493.333496,4407.692383,4463.717773,0.000000,4.000000,85.000000,,,,0.000000,4.000000,4.000000,4.000000,4.000000,4.000000,4.000000,4.000000,4.000000,4.000000,4.000000,4.000000,4.000000,4.000000,4.000000,100.000000,,,,,,,,,,,,,,,,,,,,,,,,,,,,,,,,,,,,,,,,,,,,,,,,,,,,,,,,,,,,,,,,,,,,,,,,,,,,,,,,,,,,,,
1676060255.477626,1676060255.478090,25.000000,0.000000,4311.666504,4297.179688,4312.820313,4297.436035,4355.128418,4319.743652,4297.179688,4292.179688,4311.922852,4270.641113,4484.615234,4475.128418,4398.205078,4450.641113,0.000000,4.000000,85.000000,,,,0.000000,4.000000,4.000000,4.000000,4.000000,4.000000,4.000000,4.000000,4.000000,4.000000,4.000000,4.000000,4.000000,4.000000,4.000000,100.000000,,,,,,,,,,,,,,,,,,,,,,,,,,,,,,,,,,,,,,,,,,,,,,,,,,,,,,,,,,,,,,,,,,,,,,,,,,,,,,,,,,,,,,
1676060255.485434,1676060255.485898,26.000000,0.000000,4293.717773,4281.922852,4298.461426,4281.666504,4347.436035,4320.256348,4296.282227,4288.205078,4306.153809,4278.205078,4472.436035,4456.794922,4385.256348,4433.461426,0.000000,4.000000,85.000000,,,,0.000000,4.000000,4.000000,4.000000,4.000000,4.000000,4.000000,4.000000,4.000000,4.000000,4.000000,4.000000,4.000000,4.000000,4.000000,100.000000,,,,,,,,,,,,,,,,,,,,,,,,,,,,,,,,,,,,,,,,,,,,,,,,,,,,,,,,,,,,,,,,,,,,,,,,,,,,,,,,,,,,,,
1676060255.493243,1676060255.493807,27.000000,0.000000,4298.974121,4289.743652,4302.820313,4288.077148,4355.000000,4330.897461,4311.794922,4303.205078,4322.179688,4305.769043,4483.461426,4475.641113,4398.589844,4445.769043,0.000000,4.000000,85.000000,,,,0.000000,4.000000,4.000000,4.000000,4.000000,4.000000,4.000000,4.000000,4.000000,4.000000,4.000000,4.000000,4.000000,4.000000,4.000000,100.000000,,,,,,,,,,,,,,,,,,,,,,,,,,,,,,,,,,,,,,,,,,,,,,,,,,,,,,,,,,,,,,,,,,,,,,,,,,,,,,,,,,,,,,
1676060255.501051,1676060255.501615,28.000000,0.000000,4300.512695,4290.897461,4302.692383,4289.743652,4342.179688,4327.820313,4310.384766,4305.641113,4321.666504,4301.538574,4485.128418,4477.563965,4400.641113,4447.307617,0.000000,4.000000,85.000000,,,,0.000000,4.000000,4.000000,4.000000,4.000000,4.000000,4.000000,4.000000,4.000000,4.000000,4.000000,4.000000,4.000000,4.000000,4.000000,100.000000,,,,,,,,,,,,,,,,,,,,,,,,,,,,,,,,,,,,,,,,,,,,,,,,,,,,,,,,,,,,,,,,,,,,,,,,,,,,,,,,,,,,,,
1676060255.508860,1676060255.509324,29.000000,0.000000,4284.358887,4269.871582,4287.820313,4271.922852,4327.179688,4319.871582,4290.897461,4287.820313,4300.512695,4270.128418,4465.641113,4448.974121,4376.410156,4425.128418,0.000000,4.000000,85.000000,,,,0.000000,4.000000,4.000000,4.000000,4.000000,4.000000,4.000000,4.000000,4.000000,4.000000,4.000000,4.000000,4.000000,4.000000,4.000000,100.000000,,,,,,,,,,,,,,,,,,,,,,,,,,,,,,,,,,,,,,,,,,,,,,,,,,,,,,,,,,,,,,,,,,,,,,,,,,,,,,,,,,,,,,
1676060255.516668,1676060255.517132,30.000000,0.000000,4295.897461,4283.461426,4301.794922,4281.153809,4344.358887,4328.846191,4304.487305,4297.692383,4309.871582,4276.666504,4476.410156,4465.769043,4386.794922,4436.153809,0.000000,4.000000,85.000000,,,,0.000000,4.000000,4.000000,4.000000,4.000000,4.000000,4.000000,4.000000,4.000000,4.000000,4.000000,4.000000,4.000000,4.000000,4.000000,100.000000,,,,,,,,,,,,,,,,,5.307579,6.370453,3.248443,1.688462,1.621470,4.367980,2.983748,2.606794,1.927499,1.836152,3.913423,8.555234,4.478864,1.903142,1.598076,5.505353,4.145584,2.950661,1.603711,1.493960,8.047488,1.627663,1.378190,0.852962,0.767703,0.399821,1.460057,1.064969,0.592205,0.572483,1.289823,0.936462,2.927077,1.176908,1.089863,12.695101,3.492963,2.455649,1.368510,1.328168,1.641002,2.722199,1.916876,1.384289,1.366079,0.932968,3.785124,1.082111,1.249520,1.767226,3.122632,7.544564,4.292399,2.377713,2.782143,7.178744,10.339890,5.739489,2.331224,2.513196,1.559285,6.635442,3.146358,1.955051,2.649357,5.147230,9.649057,4.002768,2.407491,2.328960
1676060255.524476,1676060255.524841,31.000000,0.000000,4321.794922,4310.256348,4329.487305,4304.487305,4357.436035,4338.974121,4326.666504,4316.538574,4330.000000,4298.077148,4499.102539,4501.794922,4415.000000,4462.563965,0.000000,4.000000,85.000000,,,,0.000000,4.000000,4.000000,4.000000,4.000000,4.000000,4.000000,4.000000,4.000000,4.000000,4.000000,4.000000,4.000000,4.000000,4.000000,100.000000,,,,,,,,,,,,,,,,,,,,,,,,,,,,,,,,,,,,,,,,,,,,,,,,,,,,,,,,,,,,,,,,,,,,,,,,,,,,,,,,,,,,,,
1676060255.532285,1676060255.532649,32.000000,0.000000,4313.077148,4293.589844,4320.128418,4293.205078,4338.846191,4330.641113,4308.717773,4302.436035,4319.743652,4278.077148,4481.922852,4484.615234,4399.102539,4452.563965,0.000000,4.000000,85.000000,,,,0.000000,4.000000,4.000000,4.000000,4.000000,4.000000,4.000000,4.000000,4.000000,4.000000,4.000000,4.000000,4.000000,4.000000,4.000000,100.000000,,,,,,,,,,,,,,,,,,,,,,,,,,,,,,,,,,,,,,,,,,,,,,,,,,,,,,,,,,,,,,,,,,,,,,,,,,,,,,,,,,,,,,
1676060255.540093,1676060255.540358,33.000000,0.000000,4290.512695,4270.000000,4294.358887,4271.922852,4323.077148,4315.128418,4287.820313,4285.000000,4303.846191,4257.307617,4460.641113,4453.205078,4371.282227,4427.692383,0.000000,4.000000,85.000000,,,,0.000000,4.000000,4.000000,4.000000,4.000000,4.000000,4.000000,4.000000,4.000000,4.000000,4.000000,4.000000,4.000000,4.000000,4.000000,100.000000,,,,,,,,,,,,,,,,,,,,,,,,,,,,,,,,,,,,,,,,,,,,,,,,,,,,,,,,,,,,,,,,,,,,,,,,,,,,,,,,,,,,,,
1676060255.547902,1676060255.548266,34.000000,0.000000,4291.153809,4280.512695,4297.307617,4276.538574,4323.717773,4312.179688,4299.615234,4289.487305,4304.615234,4273.974121,4468.333496,4458.717773,4382.692383,4431.025879,0.000000,4.000000,85.000000,,,,0.000000,4.000000,4.000000,4.000000,4.000000,4.000000,4.000000,4.000000,4.000000,4.000000,4.000000,4.000000,4.000000,4.000000,4.000000,100.000000,,,,,,,,,,,,,,,,,,,,,,,,,,,,,,,,,,,,,,,,,,,,,,,,,,,,,,,,,,,,,,,,,,,,,,,,,,,,,,,,,,,,,,
1676060255.555710,1676060255.556074,35.000000,0.000000,4308.846191,4298.333496,4318.717773,4294.871582,4330.512695,4326.153809,4317.307617,4302.820313,4311.922852,4297.436035,4486.794922,4484.358887,4408.205078,4453.974121,0.000000,4.000000,85.000000,,,,0.000000,4.000000,4.000000,4.000000,4.000000,4.000000,4.000000,4.000000,4.000000,4.000000,4.000000,4.000000,4.000000,4.000000,4.000000,100.000000,,,,,,,,,,,,,,,,,,,,,,,,,,,,,,,,,,,,,,,,,,,,,,,,,,,,,,,,,,,,,,,,,,,,,,,,,,,,,,,,,,,,,,
1676060255.563518,1676060255.563983,36.000000,0.000000,4319.615234,4305.512695,4326.282227,4307.051270,4336.025879,4339.487305,4324.871582,4311.282227,4323.333496,4306.025879,4499.487305,4498.333496,4414.102539,4466.538574,0.000000,4.000000,85.000000,,,,0.000000,4.000000,4.000000,4.000000,4.000000,4.000000,4.000000,4.000000,4.000000,4.000000,4.000000,4.000000,4.000000,4.000000,4.000000,100.000000,,,,,,,,,,,,,,,,,,,,,,,,,,,,,,,,,,,,,,,,,,,,,,,,,,,,,,,,,,,,,,,,,,,,,,,,,,,,,,,,,,,,,,
1676060255.571327,1676060255.571791,37.000000,0.000000,4304.743652,4290.512695,4310.128418,4295.384766,4323.461426,4330.641113,4317.307617,4300.384766,4319.487305,4296.538574,4487.948730,4481.794922,4401.410156,4450.256348,0.000000,4.000000,85.000000,,,,0.000000,4.000000,4.000000,4.000000,4.000000,4.000000,4.000000,4.000000,4.000000,4.000000,4.000000,4.000000,4.000000,4.000000,4.000000,100.000000,,,,,,,,,,,,,,,,,,,,,,,,,,,,,,,,,,,,,,,,,,,,,,,,,,,,,,,,,,,,,,,,,,,,,,,,,,,,,,,,,,,,,,
1676060255.579135,1676060255.579700,38.000000,0.000000,4275.641113,4262.436035,4284.487305,4266.153809,4302.563965,4311.666504,4294.615234,4274.487305,4290.769043,4269.102539,4451.410156,4446.410156,4374.102539,4414.487305,0.000000,4.000000,85.000000,,,,0.000000,4.000000,4.000000,4.000000,4.000000,4.000000,4.000000,4.000000,4.000000,4.000000,4.000000,4.000000,4.000000,4.000000,4.000000,100.000000,,,,,,,,,,,,,,,,,,,,,,,,,,,,,,,,,,,,,,,,,,,,,,,,,,,,,,,,,,,,,,,,,,,,,,,,,,,,,,,,,,,,,,
1676060255.586944,1676060255.587508,39.000000,0.000000,4278.333496,4265.769043,4285.897461,4268.333496,4306.153809,4317.179688,4297.051270,4280.897461,4292.436035,4266.282227,4447.436035,4449.102539,4367.692383,4413.461426,0.000000,4.000000,85.000000,,,,0.000000,4.000000,4.000000,4.000000,4.000000,4.000000,4.000000,4.000000,4.000000,4.000000,4.000000,4.000000,4.000000,4.000000,4.000000,100.000000,,,,,,,,,,,,,,,,,,,,,,,,,,,,,,,,,,,,,,,,,,,,,,,,,,,,,,,,,,,,,,,,,,,,,,,,,,,,,,,,,,,,,,
1676060255.594752,1676060255.595316,40.000000,0.000000,4303.077148,4290.000000,4308.205078,4299.487305,4318.717773,4330.641113,4321.153809,4312.436035,4323.077148,4289.871582,4482.051270,4485.384766,4393.333496,4444.487305,0.000000,4.000000,85.000000,,,,0.000000,4.000000,4.000000,4.000000,4.000000,4.000000,4.000000,4.000000,4.000000,4.000000,4.000000,4.000000,4.000000,4.000000,4.000000,100.000000,,,,,,,,,,,,,,,,,,,,,,,,,,,,,,,,,,,,,,,,,,,,,,,,,,,,,,,,,,,,,,,,,,,,,,,,,,,,,,,,,,,,,,
1676060255.602560,1676060255.603025,41.000000,0.000000,4290.897461,4281.794922,4302.820313,4300.641113,4300.128418,4317.051270,4311.794922,4308.717773,4314.230957,4281.153809,4478.589844,4483.205078,4394.102539,4444.102539,0.000000,4.000000,85.000000,,,,0.000000,4.000000,4.000000,4.000000,4.000000,4.000000,4.000000,4.000000,4.000000,4.000000,4.000000,4.000000,4.000000,4.000000,4.000000,100.000000,,,,,,,,,,,,,,,,,,,,,,,,,,,,,,,,,,,,,,,,,,,,,,,,,,,,,,,,,,,,,,,,,,,,,,,,,,,,,,,,,,,,,,
1676060255.610369,1676060255.610833,42.000000,0.000000,4269.615234,4260.000000,4285.000000,4287.307617,4274.743652,4302.436035,4290.000000,4287.820313,4292.820313,4266.282227,4453.205078,4460.512695,4372.307617,4421.922852,0.000000,4.000000,85.000000,,,,0.000000,4.000000,4.000000,4.000000,4.000000,4.000000,4.000000,4.000000,4.000000,4.000000,4.000000,4.000000,4.000000,4.000000,4.000000,100.000000,,,,,,,,,,,,,,,,,,,,,,,,,,,,,,,,,,,,,,,,,,,,,,,,,,,,,,,,,,,,,,,,,,,,,,,,,,,,,,,,,,,,,,
1676060255.618177,1676060255.618542,43.000000,0.000000,4294.230957,4276.922852,4294.743652,4307.820313,4280.000000,4315.512695,4301.794922,4293.333496,4310.128418,4287.051270,4464.743652,4477.307617,4381.282227,4427.179688,0.000000,4.000000,85.000000,,,,0.000000,4.000000,4.000000,4.000000,4.000000,4.000000,4.000000,4.000000,4.000000,4.000000,4.000000,4.000000,4.000000,4.000000,4.000000,100.000000,,,,,,,,,,,,,,,,,,,,,,,,,,,,,,,,,,,,,,,,,,,,,,,,,,,,,,,,,,,,,,,,,,,,,,,,,,,,,,,,,,,,,,
1676060255.625985,1676060255.626450,44.000000,0.000000,4311.794922,4295.384766,4301.282227,4327.051270,4283.461426,4316.282227,4306.025879,4294.871582,4312.692383,4292.563965,4473.077148,4492.307617,4392.307617,4435.897461,0.000000,4.000000,85.000000,,,,0.000000,4.000000,4.000000,4.000000,4.000000,4.000000,4.000000,4.000000,4.000000,4.000000,4.000000,4.000000,4.000000,4.000000,4.000000,100.000000,,,,,,,,,,,,,,,,,,,,,,,,,,,,,,,,,,,,,,,,,,,,,,,,,,,,,,,,,,,,,,,,,,,,,,,,,,,,,,,,,,,,,,
1676060255.633794,1676060255.634259,45.000000,0.000000,4284.230957,4272.436035,4284.487305,4309.230957,4259.230957,4294.487305,4282.948730,4271.410156,4280.000000,4263.846191,4449.487305,4474.102539,4374.102539,4420.128418,0.000000,4.000000,85.000000,,,,0.000000,4.000000,4.000000,4.000000,4.000000,4.000000,4.000000,4.000000,4.000000,4.000000,4.000000,4.000000,4.000000,4.000000,4.000000,100.000000,,,,,,,,,,,,,,,,,,,,,,,,,,,,,,,,,,,,,,,,,,,,,,,,,,,,,,,,,,,,,,,,,,,,,,,,,,,,,,,,,,,,,,
1676060255.641602,1676060255.642167,46.000000,0.000000,4278.589844,4261.538574,4288.461426,4301.282227,4247.820313,4299.358887,4284.871582,4269.871582,4281.666504,4266.794922,4448.205078,4480.384766,4376.153809,4421.538574,0.000000,4.000000,85.000000,,,,0.000000,4.000000,4.000000,4.000000,4.000000,4.000000,4.000000,4.000000,4.000000,4.000000,4.000000,4.000000,4.000000,4.000000,4.000000,100.000000,,,,,,,,,,,,,,,,,4.694741,6.436638,3.341380,1.846923,1.597196,3.664256,2.835629,2.630886,2.057724,1.828477,3.482931,8.759356,4.172240,2.015427,1.607873,4.897052,4.099053,2.946126,1.705916,1.466239,10.605662,1.493805,1.230577,0.803410,0.778166,0.465426,1.685360,0.915262,0.568132,0.599455,1.386966,1.227934,2.776911,1.159773,1.112161,16.656649,4.198483,2.378416,1.353881,1.373871,1.574202,2.789282,1.980132,1.406505,1.408212,0.859905,3.813973,1.235252,1.372109,1.889917,3.368702,7.614336,4.562488,2.340087,2.685888,6.248618,11.127816,5.491498,2.367883,2.454323,1.484887,6.590576,3.376032,1.948840,2.622383,4.598364,9.603134,4.207824,2.404908,2.265355
1676060255.649410,1676060255.649976,47.000000,0.000000,4310.256348,4289.487305,4311.794922,4324.102539,4264.230957,4320.769043,4308.589844,4295.897461,4312.692383,4295.641113,4478.717773,4516.410156,4399.743652,4449.615234,0.000000,4.000000,85.000000,,,,0.000000,4.000000,4.000000,4.000000,4.000000,4.000000,4.000000,4.000000,4.000000,4.000000,4.000000,4.000000,4.000000,4.000000,4.000000,100.000000,,,,,,,,,,,,,,,,,,,,,,,,,,,,,,,,,,,,,,,,,,,,,,,,,,,,,,,,,,,,,,,,,,,,,,,,,,,,,,,,,,,,,,
1676060255.657219,1676060255.657884,48.000000,0.000000,4321.794922,4303.333496,4316.922852,4338.717773,4272.179688,4328.333496,4316.666504,4304.871582,4316.666504,4291.410156,4491.410156,4529.487305,4404.871582,4464.615234,0.000000,4.000000,85.000000,,,,0.000000,4.000000,4.000000,4.000000,4.000000,4.000000,4.000000,4.000000,4.000000,4.000000,4.000000,4.000000,4.000000,4.000000,4.000000,100.000000,,,,,,,,,,,,,,,,,,,,,,,,,,,,,,,,,,,,,,,,,,,,,,,,,,,,,,,,,,,,,,,,,,,,,,,,,,,,,,,,,,,,,,
1676060255.665027,1676060255.665692,49.000000,0.000000,4308.717773,4286.025879,4310.128418,4331.153809,4260.384766,4327.563965,4313.333496,4298.974121,4310.000000,4277.307617,4483.077148,4518.974121,4401.922852,4454.743652,0.000000,4.000000,85.000000,,,,0.000000,4.000000,4.000000,4.000000,4.000000,4.000000,4.000000,4.000000,4.000000,4.000000,4.000000,4.000000,4.000000,4.000000,4.000000,100.000000,,,,,,,,,,,,,,,,,,,,,,,,,,,,,,,,,,,,,,,,,,,,,,,,,,,,,,,,,,,,,,,,,,,,,,,,,,,,,,,,,,,,,,
1676060255.672836,1676060255.673601,50.000000,0.000000,4295.512695,4273.461426,4300.897461,4315.128418,4241.922852,4319.102539,4303.974121,4293.461426,4308.717773,4282.563965,4468.974121,4506.538574,4390.256348,4435.384766,0.000000,4.000000,85.000000,,,,0.000000,4.000000,4.000000,4.000000,4.000000,4.000000,4.000000,4.000000,4.000000,4.000000,4.000000,4.000000,4.000000,4.000000,4.000000,100.000000,,,,,,,,,,,,,,,,,,,,,,,,,,,,,,,,,,,,,,,,,,,,,,,,,,,,,,,,,,,,,,,,,,,,,,,,,,,,,,,,,,,,,,
1676060255.680644,1676060255.681409,51.000000,0.000000,4291.538574,4276.538574,4289.358887,4307.563965,4231.794922,4309.230957,4294.358887,4288.333496,4302.307617,4285.769043,4461.025879,4496.794922,4377.563965,4427.307617,0.000000,4.000000,85.000000,,,,0.000000,4.000000,4.000000,4.000000,4.000000,4.000000,4.000000,4.000000,4.000000,4.000000,4.000000,4.000000,4.000000,4.000000,4.000000,100.000000,,,,,,,,,,,,,,,,,,,,,,,,,,,,,,,,,,,,,,,,,,,,,,,,,,,,,,,,,,,,,,,,,,,,,,,,,,,,,,,,,,,,,,
1676060255.688452,1676060255.689318,52.000000,0.000000,4294.230957,4279.487305,4287.307617,4309.230957,4228.077148,4308.333496,4292.436035,4283.333496,4295.128418,4280.384766,4459.230957,4491.153809,4377.948730,4430.769043,0.000000,4.000000,85.000000,,,,0.000000,4.000000,4.000000,4.000000,4.000000,4.000000,4.000000,4.000000,4.000000,4.000000,4.000000,4.000000,4.000000,4.000000,4.000000,100.000000,,,,,,,,,,,,,,,,,,,,,,,,,,,,,,,,,,,,,,,,,,,,,,,,,,,,,,,,,,,,,,,,,,,,,,,,,,,,,,,,,,,,,,
1676060255.696261,1676060255.697126,53.000000,0.000000,4291.153809,4283.717773,4293.077148,4311.025879,4220.512695,4308.974121,4292.692383,4280.000000,4292.179688,4277.948730,4453.717773,4487.563965,4371.282227,4431.025879,0.000000,4.000000,85.000000,,,,0.000000,4.000000,4.000000,4.000000,4.000000,4.000000,4.000000,4.000000,4.000000,4.000000,4.000000,4.000000,4.000000,4.000000,4.000000,100.000000,,,,,,,,,,,,,,,,,,,,,,,,,,,,,,,,,,,,,,,,,,,,,,,,,,,,,,,,,,,,,,,,,,,,,,,,,,,,,,,,,,,,,,
1676060255.704069,1676060255.704835,54.000000,0.000000,4295.000000,4308.717773,4296.922852,4321.025879,4214.871582,4312.179688,4297.948730,4283.461426,4290.641113,4269.871582,4455.641113,4489.743652,4367.436035,4429.102539,0.000000,4.000000,85.000000,,,,0.000000,4.000000,4.000000,4.000000,4.000000,4.000000,4.000000,4.000000,4.000000,4.000000,4.000000,4.000000,4.000000,4.000000,4.000000,100.000000,,,,,,,,,,,,,,,,,,,,,,,,,,,,,,,,,,,,,,,,,,,,,,,,,,,,,,,,,,,,,,,,,,,,,,,,,,,,,,,,,,,,,,
1676060255.711877,1676060255.712643,55.000000,0.000000,4307.692383,4334.230957,4296.922852,4333.974121,4217.563965,4318.589844,4304.102539,4280.897461,4285.769043,4260.000000,4453.846191,4487.179688,4370.769043,4428.717773,0.000000,4.000000,85.000000,,,,0.000000,4.000000,4.000000,4.000000,4.000000,4.000000,4.000000,4.000000,4.000000,4.000000,4.000000,4.000000,4.000000,4.000000,4.000000,100.000000,,,,,,,,,,,,,,,,,,,,,,,,,,,,,,,,,,,,,,,,,,,,,,,,,,,,,,,,,,,,,,,,,,,,,,,,,,,,,,,,,,,,,,
1676060255.719686,1676060255.720352,56.000000,0.000000,4305.384766,4336.538574,4297.820313,4340.128418,4219.358887,4316.410156,4299.102539,4266.666504,4277.436035,4261.794922,4435.256348,4474.615234,4353.974121,4427.307617,0.000000,4.000000,85.000000,,,,0.000000,4.000000,4.000000,4.000000,4.000000,4.000000,4.000000,4.000000,4.000000,4.000000,4.000000,4.000000,4.000000,4.000000,4.000000,100.000000,,,,,,,,,,,,,,,,,,,,,,,,,,,,,,,,,,,,,,,,,,,,,,,,,,,,,,,,,,,,,,,,,,,,,,,,,,,,,,,,,,,,,,
1676060255.727494,1676060255.728160,57.000000,0.000000,4301.538574,4344.102539,4302.436035,4346.794922,4218.846191,4313.205078,4292.692383,4264.743652,4277.436035,4268.589844,4426.666504,4474.358887,4333.589844,4426.153809,0.000000,4.000000,85.000000,,,,0.000000,4.000000,4.000000,4.000000,4.000000,4.000000,4.000000,4.000000,4.000000,4.000000,4.000000,4.000000,4.000000,4.000000,4.000000,100.000000,,,,,,,,,,,,,,,,,,,,,,,,,,,,,,,,,,,,,,,,,,,,,,,,,,,,,,,,,,,,,,,,,,,,,,,,,,,,,,,,,,,,,,
1676060255.735303,1676060255.735869,58.000000,0.000000,4294.871582,4347.179688,4292.307617,4338.589844,4203.846191,4303.846191,4283.589844,4273.461426,4277.948730,4260.512695,4418.846191,4468.461426,4319.487305,4409.102539,0.000000,4.000000,85.000000,,,,0.000000,4.000000,4.000000,4.000000,4.000000,4.000000,4.000000,4.000000,4.000000,4.000000,4.000000,4.000000,4.000000,4.000000,4.000000,100.000000,,,,,,,,,,,,,,,,,,,,,,,,,,,,,,,,,,,,,,,,,,,,,,,,,,,,,,,,,,,,,,,,,,,,,,,,,,,,,,,,,,,,,,
1676060255.743111,1676060255.743677,59.000000,0.000000,4277.692383,4327.948730,4274.743652,4320.641113,4183.717773,4289.487305,4270.641113,4275.256348,4273.333496,4251.794922,4401.794922,4451.410156,4308.461426,4393.461426,0.000000,4.000000,85.000000,,,,0.000000,4.000000,4.000000,4.000000,4.000000,4.000000,4.000000,4.000000,4.000000,4.000000,4.000000,4.000000,4.000000,4.000000,4.000000,100.000000,,,,,,,,,,,,,,,,,,,,,,,,,,,,,,,,,,,,,,,,,,,,,,,,,,,,,,,,,,,,,,,,,,,,,,,,,,,,,,,,,,,,,,
1676060255.750919,1676060255.751385,60.000000,0.000000,4284.743652,4333.333496,4285.512695,4333.589844,4188.333496,4302.307617,4282.436035,4285.128418,4278.077148,4261.410156,4417.563965,4470.128418,4325.769043,4416.922852,0.000000,4.000000,85.000000,,,,0.000000,4.000000,4.000000,4.000000,4.000000,4.000000,4.000000,4.000000,4.000000,4.000000,4.000000,4.000000,4.000000,4.000000,4.000000,100.000000,,,,,,,,,,,,,,,,,,,,,,,,,,,,,,,,,,,,,,,,,,,,,,,,,,,,,,,,,,,,,,,,,,,,,,,,,,,,,,,,,,,,,,
1676060255.758728,1676060255.759194,61.000000,0.000000,4304.487305,4357.820313,4302.307617,4351.794922,4196.666504,4324.487305,4298.589844,4296.666504,4283.717773,4262.820313,4442.820313,4495.000000,4345.384766,4436.410156,0.000000,4.000000,85.000000,,,,0.000000,4.000000,4.000000,4.000000,4.000000,4.000000,4.000000,4.000000,4.000000,4.000000,4.000000,4.000000,4.000000,4.000000,4.000000,100.000000,,,,,,,,,,,,,,,,,,,,,,,,,,,,,,,,,,,,,,,,,,,,,,,,,,,,,,,,,,,,,,,,,,,,,,,,,,,,,,,,,,,,,,
1676060255.766536,1676060255.766902,62.000000,0.000000,4295.384766,4344.358887,4288.589844,4332.948730,4185.897461,4312.563965,4287.436035,4285.769043,4276.922852,4252.051270,4426.282227,4477.051270,4330.769043,4412.307617,0.000000,4.000000,85.000000,,,,0.000000,4.000000,4.000000,4.000000,4.000000,4.000000,4.000000,4.000000,4.000000,4.000000,4.000000,4.000000,4.000000,4.000000,4.000000,100.000000,,,,,,,,,,,,,,,,,4.048402,6.264760,3.407782,1.948562,1.556168,2.917650,2.732620,2.682110,2.096545,1.801708,3.186729,8.522085,3.821453,2.065449,1.593700,4.107936,3.974021,2.982895,1.768876,1.416792,12.306324,1.321251,1.120406,0.759977,0.788092,0.575102,1.903027,0.849523,0.540670,0.619457,1.481687,1.599551,2.581933,1.123204,1.116161,18.894913,4.447245,2.272668,1.311257,1.402798,1.462210,2.665681,2.038340,1.392542,1.445188,0.770038,3.706578,1.479978,1.582779,1.989584,3.709764,7.469645,4.670152,2.317682,2.576269,5.428989,11.437291,5.161045,2.354578,2.387088,1.587026,6.555111,3.469968,1.964207,2.557222,4.264227,9.195378,4.266801,2.366910,2.190360
1676060255.774345,1676060255.774711,63.000000,0.000000,4285.384766,4325.000000,4276.666504,4316.025879,4176.922852,4293.974121,4282.692383,4280.256348,4279.487305,4261.410156,4417.436035,4465.769043,4327.820313,4403.589844,0.000000,4.000000,85.000000,,,,0.000000,4.000000,4.000000,4.000000,4.000000,4.000000,4.000000,4.000000,4.000000,4.000000,4.000000,4.000000,4.000000,4.000000,4.000000,100.000000,,,,,,,,,,,,,,,,,,,,,,,,,,,,,,,,,,,,,,,,,,,,,,,,,,,,,,,,,,,,,,,,,,,,,,,,,,,,,,,,,,,,,,
1676060255.782153,1676060255.782419,64.000000,0.000000,4286.666504,4326.153809,4281.153809,4320.384766,4173.077148,4295.512695,4287.948730,4285.897461,4281.410156,4269.230957,4429.615234,4472.307617,4335.256348,4415.641113,2530.000000,4.000000,85.000000,,,,0.000000,4.000000,4.000000,4.000000,4.000000,4.000000,4.000000,4.000000,4.000000,4.000000,4.000000,4.000000,4.000000,4.000000,4.000000,100.000000,,,,,,,,,,,,,,,,,,,,,,,,,,,,,,,,,,,,,,,,,,,,,,,,,,,,,,,,,,,,,,,,,,,,,,,,,,,,,,,,,,,,,,
1676060255.789961,1676060255.790228,65.000000,0.000000,4277.436035,4320.384766,4281.922852,4318.589844,4166.025879,4296.153809,4281.538574,4279.102539,4272.563965,4257.051270,4422.692383,4463.974121,4321.410156,4405.000000,2486.000000,4.000000,85.000000,,,,0.000000,4.000000,4.000000,4.000000,4.000000,4.000000,4.000000,4.000000,4.000000,4.000000,4.000000,4.000000,4.000000,4.000000,4.000000,100.000000,,,,,,,,,,,,,,,,,,,,,,,,,,,,,,,,,,,,,,,,,,,,,,,,,,,,,,,,,,,,,,,,,,,,,,,,,,,,,,,,,,,,,,
1676060255.797770,1676060255.797936,66.000000,0.000000,4288.333496,4325.769043,4295.512695,4321.922852,4167.692383,4298.205078,4286.794922,4283.846191,4283.461426,4265.769043,4435.641113,4473.461426,4336.282227,4411.025879,2404.000000,4.000000,85.000000,,,,0.000000,4.000000,4.000000,4.000000,4.000000,4.000000,4.000000,4.000000,4.000000,4.000000,4.000000,4.000000,4.000000,4.000000,4.000000,100.000000,,,,,,,,,,,,,,,,,,,,,,,,,,,,,,,,,,,,,,,,,,,,,,,,,,,,,,,,,,,,,,,,,,,,,,,,,,,,,,,,,,,,,,
1676060255.805578,1676060255.805745,67.000000,0.000000,4313.205078,4343.205078,4313.461426,4336.282227,4171.153809,4308.461426,4304.358887,4298.333496,4300.256348,4278.205078,4474.358887,4498.333496,4369.358887,4441.282227,2471.000000,4.000000,85.000000,,,,0.000000,4.000000,4.000000,4.000000,4.000000,4.000000,4.000000,4.000000,4.000000,4.000000,4.000000,4.000000,4.000000,4.000000,4.000000,100.000000,,,,,,,,,,,,,,,,,,,,,,,,,,,,,,,,,,,,,,,,,,,,,,,,,,,,,,,,,,,,,,,,,,,,,,,,,,,,,,,,,,,,,,
1676060255.813387,1676060255.813453,68.000000,0.000000,4311.282227,4342.820313,4310.128418,4337.948730,4168.205078,4306.410156,4296.666504,4291.922852,4294.743652,4265.128418,4480.512695,4494.871582,4360.256348,4444.871582,2453.000000,4.000000,85.000000,,,,0.000000,4.000000,4.000000,4.000000,4.000000,4.000000,4.000000,4.000000,4.000000,4.000000,4.000000,4.000000,4.000000,4.000000,4.000000,100.000000,,,,,,,,,,,,,,,,,,,,,,,,,,,,,,,,,,,,,,,,,,,,,,,,,,,,,,,,,,,,,,,,,,,,,,,,,,,,,,,,,,,,,,
1676060255.821195,1676060255.821262,69.000000,0.000000,4306.025879,4339.743652,4306.666504,4334.102539,4164.487305,4294.358887,4278.461426,4283.589844,4289.358887,4269.358887,4470.128418,4485.000000,4344.487305,4430.000000,2371.000000,4.000000,85.000000,,,,0.000000,4.000000,4.000000,4.000000,4.000000,4.000000,4.000000,4.000000,4.000000,4.000000,4.000000,4.000000,4.000000,4.000000,4.000000,100.000000,,,,,,,,,,,,,,,,,,,,,,,,,,,,,,,,,,,,,,,,,,,,,,,,,,,,,,,,,,,,,,,,,,,,,,,,,,,,,,,,,,,,,,
1676060255.829003,1676060255.828970,70.000000,0.000000,4311.538574,4338.846191,4311.922852,4332.820313,4155.256348,4292.307617,4284.102539,4292.692383,4292.820313,4284.358887,4478.717773,4491.410156,4350.256348,4431.153809,2226.000000,4.000000,85.000000,,,,0.000000,4.000000,4.000000,4.000000,4.000000,4.000000,4.000000,4.000000,4.000000,4.000000,4.000000,4.000000,4.000000,4.000000,4.000000,100.000000,,,,,,,,,,,,,,,,,,,,,,,,,,,,,,,,,,,,,,,,,,,,,,,,,,,,,,,,,,,,,,,,,,,,,,,,,,,,,,,,,,,,,,
1676060255.836812,1676060255.836879,71.000000,0.000000,4307.948730,4332.179688,4314.358887,4330.769043,4153.205078,4301.282227,4295.256348,4310.512695,4294.615234,4281.666504,4491.410156,4500.512695,4357.307617,4442.820313,2231.000000,4.000000,85.000000,,,,0.000000,4.000000,4.000000,4.000000,4.000000,4.000000,4.000000,4.000000,4.000000,4.000000,4.000000,4.000000,4.000000,4.000000,4.000000,100.000000,,,,,,,,,,,,,,,,,,,,,,,,,,,,,,,,,,,,,,,,,,,,,,,,,,,,,,,,,,,,,,,,,,,,,,,,,,,,,,,,,,,,,,
1676060255.844620,1676060255.844687,72.000000,0.000000,4300.256348,4327.563965,4311.153809,4325.641113,4154.871582,4298.717773,4287.051270,4331.410156,4294.743652,4278.717773,4494.871582,4507.692383,4359.230957,4442.692383,2281.000000,4.000000,85.000000,,,,0.000000,4.000000,4.000000,4.000000,4.000000,4.000000,4.000000,4.000000,4.000000,4.000000,4.000000,4.000000,4.000000,4.000000,4.000000,100.000000,,,,,,,,,,,,,,,,,,,,,,,,,,,,,,,,,,,,,,,,,,,,,,,,,,,,,,,,,,,,,,,,,,,,,,,,,,,,,,,,,,,,,,
1676060255.852429,1676060255.852596,73.000000,0.000000,4291.922852,4318.589844,4299.230957,4316.282227,4143.461426,4283.077148,4273.333496,4345.256348,4282.820313,4274.102539,4489.358887,4502.436035,4348.205078,4426.666504,2232.000000,4.000000,85.000000,,,,0.000000,4.000000,4.000000,4.000000,4.000000,4.000000,4.000000,4.000000,4.000000,4.000000,4.000000,4.000000,4.000000,4.000000,4.000000,100.000000,,,,,,,,,,,,,,,,,,,,,,,,,,,,,,,,,,,,,,,,,,,,,,,,,,,,,,,,,,,,,,,,,,,,,,,,,,,,,,,,,,,,,,
1676060255.860237,1676060255.860404,74.000000,0.000000,4289.615234,4313.974121,4294.615234,4316.025879,4134.615234,4284.487305,4284.487305,4366.282227,4272.692383,4259.358887,4493.077148,4500.000000,4342.179688,4426.922852,2740.000000,4.000000,85.000000,,,,0.000000,4.000000,4.000000,4.000000,4.000000,4.000000,4.000000,4.000000,4.000000,4.000000,4.000000,4.000000,4.000000,4.000000,4.000000,100.000000,,,,,,,,,,,,,,,,,,,,,,,,,,,,,,,,,,,,,,,,,,,,,,,,,,,,,,,,,,,,,,,,,,,,,,,,,,,,,,,,,,,,,,
1676060255.868045,1676060255.868312,75.000000,0.000000,4295.512695,4321.794922,4303.589844,4321.538574,4140.769043,4297.051270,4302.051270,4397.436035,4283.461426,4257.820313,4511.666504,4511.538574,4353.333496,4442.563965,2910.000000,4.000000,85.000000,,,,0.000000,4.000000,4.000000,4.000000,4.000000,4.000000,4.000000,4.000000,4.000000,4.000000,4.000000,4.000000,4.000000,4.000000,4.000000,100.000000,,,,,,,,,,,,,,,,,,,,,,,,,,,,,,,,,,,,,,,,,,,,,,,,,,,,,,,,,,,,,,,,,,,,,,,,,,,,,,,,,,,,,,
1676060255.875854,1676060255.876121,76.000000,0.000000,4291.794922,4314.487305,4302.436035,4317.436035,4142.051270,4296.282227,4299.615234,4400.641113,4291.025879,4267.948730,4513.077148,4511.282227,4352.179688,4436.282227,3127.000000,4.000000,85.000000,,,,0.000000,4.000000,4.000000,4.000000,4.000000,4.000000,4.000000,4.000000,4.000000,4.000000,4.000000,4.000000,4.000000,4.000000,4.000000,100.000000,,,,,,,,,,,,,,,,,,,,,,,,,,,,,,,,,,,,,,,,,,,,,,,,,,,,,,,,,,,,,,,,,,,,,,,,,,,,,,,,,,,,,,
1676060255.883662,1676060255.884029,77.000000,0.000000,4276.538574,4293.077148,4285.769043,4304.487305,4127.692383,4292.563965,4289.743652,4372.948730,4280.256348,4266.025879,4492.436035,4492.179688,4337.820313,4415.000000,3234.000000,4.000000,85.000000,,,,0.000000,4.000000,4.000000,4.000000,4.000000,4.000000,4.000000,4.000000,4.000000,4.000000,4.000000,4.000000,4.000000,4.000000,4.000000,100.000000,,,,,,,,,,,,,,,,,,,,,,,,,,,,,,,,,,,,,,,,,,,,,,,,,,,,,,,,,,,,,,,,,,,,,,,,,,,,,,,,,,,,,,
1676060255.891470,1676060255.891838,78.000000,0.000000,4273.589844,4295.641113,4283.846191,4302.051270,4121.410156,4299.743652,4293.333496,4360.128418,4276.666504,4263.077148,4485.769043,4484.358887,4337.051270,4410.256348,2740.000000,4.000000,85.000000,,,,0.000000,4.000000,4.000000,4.000000,4.000000,4.000000,4.000000,4.000000,4.000000,4.000000,4.000000,4.000000,4.000000,4.000000,4.000000,100.000000,1.000000,25.000000,4.000000,4.000000,1.000000,4.000000,1.000000,4.000000,4.000000,1.000000,4.000000,3.000000,3.000000,1.000000,3.000000,3.000000,3.565055,5.955791,3.422058,1.929895,1.513038,2.337791,2.708382,2.721018,2.007604,1.781116,3.149291,8.089557,3.553312,2.003075,1.572992,3.359925,3.875166,3.058193,1.754185,1.367160,12.548334,1.183985,1.107434,0.717389,0.797887,0.750580,2.062523,0.872046,0.513699,0.626140,1.615331,1.988297,2.352029,1.063251,1.108967,18.685448,4.154300,2.127890,1.241218,1.414605,1.339357,2.404789,2.043462,1.327360,1.482290,0.684680,3.567227,1.755203,1.786369,2.058107,4.062369,7.250099,4.556217,2.279490,2.485149,4.970194,11.382438,4.826530,2.268879,2.351876,1.807009,6.558019,3.377188,1.967833,2.486755,4.167913,8.667499,4.143128,2.266975,2.134085
1676060255.899279,1676060255.899746,79.000000,0.000000,4293.205078,4318.717773,4306.153809,4317.051270,4133.846191,4307.179688,4306.025879,4372.948730,4295.000000,4272.436035,4501.410156,4505.641113,4348.589844,4427.179688,2910.000000,4.000000,85.000000,,,,0.000000,4.000000,4.000000,4.000000,4.000000,4.000000,4.000000,4.000000,4.000000,4.000000,4.000000,4.000000,4.000000,4.000000,4.000000,100.000000,,,,,,,,,,,,,,,,,,,,,,,,,,,,,,,,,,,,,,,,,,,,,,,,,,,,,,,,,,,,,,,,,,,,,,,,,,,,,,,,,,,,,,
1676060255.907087,1676060255.907554,80.000000,0.000000,4307.692383,4331.153809,4320.000000,4331.666504,4144.102539,4305.769043,4305.769043,4371.538574,4304.871582,4282.307617,4511.538574,4523.077148,4363.461426,4447.692383,3127.000000,4.000000,85.000000,,,,0.000000,4.000000,4.000000,4.000000,4.000000,4.000000,4.000000,4.000000,4.000000,4.000000,4.000000,4.000000,4.000000,4.000000,4.000000,100.000000,,,,,,,,,,,,,,,,,,,,,,,,,,,,,,,,,,,,,,,,,,,,,,,,,,,,,,,,,,,,,,,,,,,,,,,,,,,,,,,,,,,,,,
1676060255.914895,1676060255.915263,81.000000,0.000000,4302.179688,4326.794922,4314.230957,4333.717773,4141.153809,4301.666504,4298.589844,4350.128418,4290.512695,4278.077148,4505.641113,4515.256348,4367.051270,4449.615234,3234.000000,4.000000,85.000000,,,,0.000000,4.000000,4.000000,4.000000,4.000000,4.000000,4.000000,4.000000,4.000000,4.000000,4.000000,4.000000,4.000000,4.000000,4.000000,100.000000,,,,,,,,,,,,,,,,,,,,,,,,,,,,,,,,,,,,,,,,,,,,,,,,,,,,,,,,,,,,,,,,,,,,,,,,,,,,,,,,,,,,,,
1676060255.922704,1676060255.923071,82.000000,0.000000,4295.000000,4318.717773,4307.051270,4323.077148,4136.666504,4295.641113,4292.820313,4337.436035,4278.717773,4267.948730,4493.333496,4502.051270,4352.563965,4437.307617,2740.000000,4.000000,85.000000,,,,0.000000,4.000000,4.000000,4.000000,4.000000,4.000000,4.000000,4.000000,4.000000,4.000000,4.000000,4.000000,4.000000,4.000000,4.000000,100.000000,,,,,,,,,,,,,,,,,,,,,,,,,,,,,,,,,,,,,,,,,,,,,,,,,,,,,,,,,,,,,,,,,,,,,,,,,,,,,,,,,,,,,,
1676060255.930512,1676060255.930780,83.000000,0.000000,4292.307617,4309.102539,4300.512695,4311.153809,4127.948730,4291.025879,4281.794922,4330.256348,4279.871582,4262.179688,4479.615234,4493.717773,4342.307617,4428.846191,2910.000000,4.000000,85.000000,,,,0.000000,4.000000,4.000000,4.000000,4.000000,4.000000,4.000000,4.000000,4.000000,4.000000,4.000000,4.000000,4.000000,4.000000,4.000000,100.000000,,,,,,,,,,,,,,,,,,,,,,,,,,,,,,,,,,,,,,,,,,,,,,,,,,,,,,,,,,,,,,,,,,,,,,,,,,,,,,,,,,,,,,
1676060255.938321,1676060255.938588,84.000000,0.000000,4292.307617,4300.641113,4291.922852,4307.436035,4122.820313,4297.051270,4281.153809,4323.077148,4280.512695,4264.743652,4471.922852,4490.512695,4345.128418,4428.461426,3127.000000,4.000000,85.000000,,,,0.000000,4.000000,4.000000,4.000000,4.000000,4.000000,4.000000,4.000000,4.000000,4.000000,4.000000,4.000000,4.000000,4.000000,4.000000,100.000000,,,,,,,,,,,,,,,,,,,,,,,,,,,,,,,,,,,,,,,,,,,,,,,,,,,,,,,,,,,,,,,,,,,,,,,,,,,,,,,,,,,,,,
1676060255.946129,1676060255.946297,85.000000,0.000000,4291.794922,4304.358887,4292.692383,4312.307617,4133.589844,4305.641113,4295.769043,4330.384766,4280.128418,4273.589844,4474.102539,4489.871582,4344.358887,4427.820313,3234.000000,4.000000,85.000000,,,,0.000000,4.000000,4.000000,4.000000,4.000000,4.000000,4.000000,4.000000,4.000000,4.000000,4.000000,4.000000,4.000000,4.000000,4.000000,100.000000,,,,,,,,,,,,,,,,,,,,,,,,,,,,,,,,,,,,,,,,,,,,,,,,,,,,,,,,,,,,,,,,,,,,,,,,,,,,,,,,,,,,,,
1676060255.953937,1676060255.954105,86.000000,0.000000,4286.538574,4305.769043,4290.384766,4308.077148,4134.358887,4302.307617,4302.692383,4338.846191,4282.692383,4269.358887,4472.436035,4482.563965,4341.922852,4421.153809,2740.000000,4.000000,85.000000,,,,0.000000,4.000000,4.000000,4.000000,4.000000,4.000000,4.000000,4.000000,4.000000,4.000000,4.000000,4.000000,4.000000,4.000000,4.000000,100.000000,,,,,,,,,,,,,,,,,,,,,,,,,,,,,,,,,,,,,,,,,,,,,,,,,,,,,,,,,,,,,,,,,,,,,,,,,,,,,,,,,,,,,,
1676060255.961746,1676060255.961814,87.000000,0.000000,4274.871582,4298.717773,4278.974121,4295.897461,4122.563965,4299.487305,4303.077148,4330.769043,4282.436035,4261.025879,4462.692383,4472.563965,4340.897461,4410.897461,2910.000000,4.000000,85.000000,,,,0.000000,4.000000,4.000000,4.000000,4.000000,4.000000,4.000000,4.000000,4.000000,4.000000,4.000000,4.000000,4.000000,4.000000,4.000000,100.000000,,,,,,,,,,,,,,,,,,,,,,,,,,,,,,,,,,,,,,,,,,,,,,,,,,,,,,,,,,,,,,,,,,,,,,,,,,,,,,,,,,,,,,
1676060255.969554,1676060255.969622,88.000000,0.000000,4267.436035,4294.871582,4278.077148,4292.436035,4122.307617,4304.615234,4306.282227,4326.666504,4281.282227,4263.205078,4457.179688,4471.282227,4333.589844,4405.128418,3127.000000,4.000000,85.000000,,,,0.000000,4.000000,4.000000,4.000000,4.000000,4.000000,4.000000,4.000000,4.000000,4.000000,4.000000,4.000000,4.000000,4.000000,4.000000,100.000000,,,,,,,,,,,,,,,,,,,,,,,,,,,,,,,,,,,,,,,,,,,,,,,,,,,,,,,,,,,,,,,,,,,,,,,,,,,,,,,,,,,,,,
1676060255.977363,1676060255.977331,89.000000,0.000000,4264.487305,4289.102539,4280.128418,4291.282227,4123.589844,4300.256348,4296.794922,4326.282227,4280.384766,4255.000000,4453.846191,4465.641113,4327.692383,4399.615234,3234.000000,4.000000,85.000000,,,,0.000000,4.000000,4.000000,4.000000,4.000000,4.000000,4.000000,4.000000,4.000000,4.000000,4.000000,4.000000,4.000000,4.000000,4.000000,100.000000,,,,,,,,,,,,,,,,,,,,,,,,,,,,,,,,,,,,,,,,,,,,,,,,,,,,,,,,,,,,,,,,,,,,,,,,,,,,,,,,,,,,,,
1676060255.985171,1676060255.985139,90.000000,0.000000,4272.179688,4293.205078,4284.358887,4297.692383,4125.769043,4298.205078,4293.333496,4323.717773,4286.153809,4253.205078,4457.692383,4465.769043,4337.307617,4403.077148,2740.000000,4.000000,85.000000,,,,0.000000,4.000000,4.000000,4.000000,4.000000,4.000000,4.000000,4.000000,4.000000,4.000000,4.000000,4.000000,4.000000,4.000000,4.000000,100.000000,,,,,,,,,,,,,,,,,,,,,,,,,,,,,,,,,,,,,,,,,,,,,,,,,,,,,,,,,,,,,,,,,,,,,,,,,,,,,,,,,,,,,,
1676060255.992979,1676060255.992848,91.000000,0.000000,4289.358887,4309.615234,4299.743652,4309.743652,4137.051270,4311.025879,4305.128418,4327.051270,4297.692383,4279.743652,4474.743652,4483.205078,4353.077148,4419.743652,2910.000000,4.000000,85.000000,,,,0.000000,4.000000,4.000000,4.000000,4.000000,4.000000,4.000000,4.000000,4.000000,4.000000,4.000000,4.000000,4.000000,4.000000,4.000000,100.000000,,,,,,,,,,,,,,,,,,,,,,,,,,,,,,,,,,,,,,,,,,,,,,,,,,,,,,,,,,,,,,,,,,,,,,,,,,,,,,,,,,,,,,
1676060256.000788,1676060256.000756,92.000000,0.000000,4296.538574,4310.000000,4313.461426,4312.436035,4139.615234,4313.205078,4305.128418,4321.922852,4295.256348,4290.897461,4481.153809,4490.641113,4356.922852,4433.205078,3127.000000,4.000000,85.000000,,,,0.000000,4.000000,4.000000,4.000000,4.000000,4.000000,4.000000,4.000000,4.000000,4.000000,4.000000,4.000000,4.000000,4.000000,4.000000,100.000000,,,,,,,,,,,,,,,,,,,,,,,,,,,,,,,,,,,,,,,,,,,,,,,,,,,,,,,,,,,,,,,,,,,,,,,,,,,,,,,,,,,,,,
1676060256.008596,1676060256.008565,93.000000,0.000000,4290.128418,4291.410156,4308.717773,4307.436035,4131.922852,4300.128418,4291.666504,4300.000000,4272.179688,4265.897461,4459.615234,4472.692383,4343.077148,4424.871582,3234.000000,4.000000,85.000000,,,,0.000000,4.000000,4.000000,4.000000,4.000000,4.000000,4.000000,4.000000,4.000000,4.000000,4.000000,4.000000,4.000000,4.000000,4.000000,100.000000,,,,,,,,,,,,,,,,,,,,,,,,,,,,,,,,,,,,,,,,,,,,,,,,,,,,,,,,,,,,,,,,,,,,,,,,,,,,,,,,,,,,,,
1676060256.016405,1676060256.016473,94.000000,0.000000,4288.846191,4292.051270,4302.948730,4309.102539,4138.333496,4297.179688,4286.922852,4288.205078,4259.358887,4254.102539,4443.077148,4461.282227,4333.589844,4412.307617,2740.000000,4.000000,85.000000,,,,0.000000,4.000000,4.000000,4.000000,4.000000,4.000000,4.000000,4.000000,4.000000,4.000000,4.000000,4.000000,4.000000,4.000000,4.000000,100.000000,,,,,,,,,,,,,,,,,3.306132,5.625391,3.360468,1.787342,1.479859,2.075531,2.785578,2.695790,1.806994,1.775624,3.312269,7.683630,3.413830,1.827257,1.553925,2.750212,3.888232,3.122833,1.659023,1.332403,11.163811,1.131459,1.200417,0.673345,0.806757,0.975582,2.112520,0.949834,0.499513,0.620139,1.800506,2.307268,2.088722,0.988544,1.099180,16.205282,3.466194,1.933742,1.155014,1.408800,1.246910,2.086321,1.952016,1.209822,1.517737,0.640836,3.470655,1.975282,1.890198,2.094615,4.441633,7.046405,4.214035,2.212716,2.411919,4.950376,11.084962,4.504058,2.121641,2.362198,2.169922,6.564096,3.102213,1.936778,2.416142,4.345550,8.208811,3.849716,2.115194,2.100486
1676060256.024213,1676060256.024282,95.000000,0.000000,4302.051270,4307.820313,4313.717773,4313.205078,4146.410156,4299.487305,4294.615234,4298.589844,4279.487305,4263.974121,4456.666504,4476.794922,4343.077148,4420.512695,2910.000000,4.000000,85.000000,,,,0.000000,4.000000,4.000000,4.000000,4.000000,4.000000,4.000000,4.000000,4.000000,4.000000,4.000000,4.000000,4.000000,4.000000,4.000000,100.000000,,,,,,,,,,,,,,,,,,,,,,,,,,,,,,,,,,,,,,,,,,,,,,,,,,,,,,,,,,,,,,,,,,,,,,,,,,,,,,,,,,,,,,
1676060256.032021,1676060256.032190,96.000000,0.000000,4309.743652,4307.436035,4320.897461,4308.846191,4138.846191,4295.769043,4300.512695,4313.333496,4302.179688,4274.487305,4474.615234,4493.077148,4355.128418,4433.846191,3127.000000,4.000000,85.000000,,,,0.000000,4.000000,4.000000,4.000000,4.000000,4.000000,4.000000,4.000000,4.000000,4.000000,4.000000,4.000000,4.000000,4.000000,4.000000,100.000000,,,,,,,,,,,,,,,,,,,,,,,,,,,,,,,,,,,,,,,,,,,,,,,,,,,,,,,,,,,,,,,,,,,,,,,,,,,,,,,,,,,,,,
1676060256.039830,1676060256.039998,97.000000,0.000000,4300.641113,4293.589844,4312.692383,4304.102539,4136.922852,4294.487305,4306.410156,4324.615234,4302.563965,4286.282227,4476.794922,4492.820313,4355.512695,4435.128418,3234.000000,4.000000,85.000000,,,,0.000000,4.000000,4.000000,4.000000,4.000000,4.000000,4.000000,4.000000,4.000000,4.000000,4.000000,4.000000,4.000000,4.000000,4.000000,100.000000,,,,,,,,,,,,,,,,,,,,,,,,,,,,,,,,,,,,,,,,,,,,,,,,,,,,,,,,,,,,,,,,,,,,,,,,,,,,,,,,,,,,,,
1676060256.047638,1676060256.047907,98.000000,0.000000,4298.589844,4289.743652,4308.717773,4302.692383,4148.717773,4302.436035,4316.538574,4332.563965,4297.436035,4284.615234,4472.948730,4491.153809,4355.512695,4434.230957,2740.000000,4.000000,85.000000,,,,0.000000,4.000000,4.000000,4.000000,4.000000,4.000000,4.000000,4.000000,4.000000,4.000000,4.000000,4.000000,4.000000,4.000000,4.000000,100.000000,,,,,,,,,,,,,,,,,,,,,,,,,,,,,,,,,,,,,,,,,,,,,,,,,,,,,,,,,,,,,,,,,,,,,,,,,,,,,,,,,,,,,,
1676060256.055447,1676060256.055715,99.000000,0.000000,4300.769043,4296.410156,4315.769043,4301.153809,4157.436035,4307.563965,4320.256348,4329.230957,4300.769043,4277.820313,4470.000000,4489.358887,4353.589844,4432.948730,2910.000000,4.000000,85.000000,,,,0.000000,4.000000,4.000000,4.000000,4.000000,4.000000,4.000000,4.000000,4.000000,4.000000,4.000000,4.000000,4.000000,4.000000,4.000000,100.000000,,,,,,,,,,,,,,,,,,,,,,,,,,,,,,,,,,,,,,,,,,,,,,,,,,,,,,,,,,,,,,,,,,,,,,,,,,,,,,,,,,,,,,
1676060256.063255,1676060256.063623,100.000000,0.000000,4287.948730,4288.974121,4308.333496,4295.769043,4153.077148,4300.641113,4311.153809,4313.846191,4296.666504,4275.256348,4455.769043,4476.153809,4334.230957,4416.666504,3127.000000,4.000000,85.000000,,,,0.000000,4.000000,4.000000,4.000000,4.000000,4.000000,4.000000,4.000000,4.000000,4.000000,4.000000,4.000000,4.000000,4.000000,4.000000,100.000000,,,,,,,,,,,,,,,,,,,,,,,,,,,,,,,,,,,,,,,,,,,,,,,,,,,,,,,,,,,,,,,,,,,,,,,,,,,,,,,,,,,,,,
1676060256.071063,1676060256.071432,101.000000,0.000000,4275.512695,4278.461426,4294.871582,4292.948730,4156.025879,4298.077148,4302.179688,4307.051270,4286.922852,4266.282227,4441.025879,4467.820313,4322.179688,4403.461426,3234.000000,4.000000,85.000000,,,,0.000000,4.000000,4.000000,4.000000,4.000000,4.000000,4.000000,4.000000,4.000000,4.000000,4.000000,4.000000,4.000000,4.000000,4.000000,100.000000,,,,,,,,,,,,,,,,,,,,,,,,,,,,,,,,,,,,,,,,,,,,,,,,,,,,,,,,,,,,,,,,,,,,,,,,,,,,,,,,,,,,,,
1676060256.078872,1676060256.079340,102.000000,0.000000,4276.153809,4287.563965,4295.897461,4293.589844,4165.128418,4301.922852,4297.436035,4310.000000,4289.743652,4270.128418,4448.846191,4472.179688,4336.666504,4414.102539,2740.000000,4.000000,85.000000,,,,0.000000,4.000000,4.000000,4.000000,4.000000,4.000000,4.000000,4.000000,4.000000,4.000000,4.000000,4.000000,4.000000,4.000000,4.000000,100.000000,,,,,,,,,,,,,,,,,,,,,,,,,,,,,,,,,,,,,,,,,,,,,,,,,,,,,,,,,,,,,,,,,,,,,,,,,,,,,,,,,,,,,,
1676060256.086680,1676060256.087149,103.000000,0.000000,4283.717773,4300.000000,4301.922852,4293.846191,4167.692383,4306.410156,4296.025879,4303.205078,4297.563965,4283.974121,4470.641113,4474.743652,4360.000000,4430.512695,2910.000000,4.000000,85.000000,,,,0.000000,4.000000,4.000000,4.000000,4.000000,4.000000,4.000000,4.000000,4.000000,4.000000,4.000000,4.000000,4.000000,4.000000,4.000000,100.000000,,,,,,,,,,,,,,,,,,,,,,,,,,,,,,,,,,,,,,,,,,,,,,,,,,,,,,,,,,,,,,,,,,,,,,,,,,,,,,,,,,,,,,
1676060256.094488,1676060256.095057,104.000000,0.000000,4290.769043,4298.333496,4304.487305,4295.384766,4177.820313,4311.282227,4302.307617,4294.230957,4296.538574,4272.948730,4472.307617,4474.615234,4365.128418,4426.922852,3127.000000,4.000000,85.000000,,,,0.000000,4.000000,4.000000,4.000000,4.000000,4.000000,4.000000,4.000000,4.000000,4.000000,4.000000,4.000000,4.000000,4.000000,4.000000,100.000000,,,,,,,,,,,,,,,,,,,,,,,,,,,,,,,,,,,,,,,,,,,,,,,,,,,,,,,,,,,,,,,,,,,,,,,,,,,,,,,,,,,,,,
1676060256.102297,1676060256.102866,105.000000,0.000000,4285.769043,4291.153809,4304.358887,4296.025879,4190.000000,4306.922852,4306.538574,4293.205078,4290.256348,4263.333496,4458.717773,4471.282227,4356.794922,4413.205078,3234.000000,4.000000,85.000000,,,,0.000000,4.000000,4.000000,4.000000,4.000000,4.000000,4.000000,4.000000,4.000000,4.000000,4.000000,4.000000,4.000000,4.000000,4.000000,100.000000,,,,,,,,,,,,,,,,,,,,,,,,,,,,,,,,,,,,,,,,,,,,,,,,,,,,,,,,,,,,,,,,,,,,,,,,,,,,,,,,,,,,,,
1676060256.110105,1676060256.110574,106.000000,0.000000,4281.153809,4296.153809,4304.487305,4298.974121,4188.717773,4300.000000,4306.282227,4296.666504,4292.051270,4290.000000,4467.820313,4472.820313,4368.717773,4420.769043,2740.000000,4.000000,85.000000,,,,0.000000,4.000000,4.000000,4.000000,4.000000,4.000000,4.000000,4.000000,4.000000,4.000000,4.000000,4.000000,4.000000,4.000000,4.000000,100.000000,,,,,,,,,,,,,,,,,,,,,,,,,,,,,,,,,,,,,,,,,,,,,,,,,,,,,,,,,,,,,,,,,,,,,,,,,,,,,,,,,,,,,,
1676060256.117914,1676060256.118383,107.000000,0.000000,4291.153809,4308.717773,4308.717773,4305.641113,4188.846191,4304.743652,4309.230957,4298.205078,4295.256348,4302.692383,4490.256348,4482.948730,4391.794922,4440.384766,2910.000000,4.000000,85.000000,,,,0.000000,4.000000,4.000000,4.000000,4.000000,4.000000,4.000000,4.000000,4.000000,4.000000,4.000000,4.000000,4.000000,4.000000,4.000000,100.000000,,,,,,,,,,,,,,,,,,,,,,,,,,,,,,,,,,,,,,,,,,,,,,,,,,,,,,,,,,,,,,,,,,,,,,,,,,,,,,,,,,,,,,
1676060256.125722,1676060256.126091,108.000000,0.000000,4298.461426,4317.563965,4317.563965,4310.384766,4198.589844,4310.128418,4312.563965,4299.743652,4297.563965,4287.436035,4494.871582,4491.922852,4393.974121,4445.128418,3127.000000,4.000000,85.000000,,,,0.000000,4.000000,4.000000,4.000000,4.000000,4.000000,4.000000,4.000000,4.000000,4.000000,4.000000,4.000000,4.000000,4.000000,4.000000,100.000000,,,,,,,,,,,,,,,,,,,,,,,,,,,,,,,,,,,,,,,,,,,,,,,,,,,,,,,,,,,,,,,,,,,,,,,,,,,,,,,,,,,,,,
1676060256.133530,1676060256.133999,109.000000,0.000000,4296.282227,4325.897461,4320.256348,4311.666504,4194.871582,4301.153809,4306.282227,4302.820313,4300.769043,4290.769043,4485.256348,4491.025879,4384.102539,4438.589844,3234.000000,4.000000,85.000000,,,,0.000000,4.000000,4.000000,4.000000,4.000000,4.000000,4.000000,4.000000,4.000000,4.000000,4.000000,4.000000,4.000000,4.000000,4.000000,100.000000,,,,,,,,,,,,,,,,,,,,,,,,,,,,,,,,,,,,,,,,,,,,,,,,,,,,,,,,,,,,,,,,,,,,,,,,,,,,,,,,,,,,,,
1676060256.141339,1676060256.141808,110.000000,0.000000,4293.205078,4334.358887,4313.974121,4311.794922,4181.153809,4295.512695,4296.794922,4304.230957,4298.077148,4296.922852,4470.128418,4477.948730,4370.641113,4427.563965,2740.000000,4.000000,85.000000,,,,0.000000,4.000000,4.000000,4.000000,4.000000,4.000000,4.000000,4.000000,4.000000,4.000000,4.000000,4.000000,4.000000,4.000000,4.000000,100.000000,,,,,,,,,,,,,,,,,3.171516,5.359550,3.192970,1.572269,1.458508,2.152268,2.989458,2.569022,1.555439,1.772703,3.509122,7.393107,3.332211,1.583421,1.530182,2.292806,4.045887,3.091621,1.514795,1.313650,8.945152,1.173004,1.354019,0.630686,0.812486,1.207124,2.029257,1.037042,0.512086,0.608670,1.991136,2.479671,1.801484,0.916853,1.091266,12.542998,2.749391,1.693431,1.073547,1.382559,1.222625,1.778976,1.758156,1.056497,1.539226,0.682001,3.421262,2.057611,1.848293,2.096205,4.988222,6.834133,3.663303,2.126745,2.332053,5.327144,10.572461,4.131743,1.950216,2.394983,2.749252,6.490223,2.679516,1.872479,2.326046,4.513122,7.850202,3.405445,1.949727,2.070851
1676060256.149147,1676060256.149716,111.000000,0.000000,4285.769043,4333.077148,4307.820313,4306.025879,4178.589844,4293.846191,4299.358887,4305.256348,4299.615234,4288.589844,4453.205078,4466.666504,4346.025879,4411.666504,2910.000000,4.000000,85.000000,,,,0.000000,4.000000,4.000000,4.000000,4.000000,4.000000,4.000000,4.000000,4.000000,4.000000,4.000000,4.000000,4.000000,4.000000,4.000000,100.000000,,,,,,,,,,,,,,,,,,,,,,,,,,,,,,,,,,,,,,,,,,,,,,,,,,,,,,,,,,,,,,,,,,,,,,,,,,,,,,,,,,,,,,
1676060256.156955,1676060256.157525,112.000000,0.000000,4264.615234,4313.589844,4286.666504,4284.358887,4161.666504,4282.051270,4291.282227,4290.512695,4291.282227,4274.871582,4430.897461,4445.256348,4321.153809,4389.230957,3127.000000,4.000000,85.000000,,,,0.000000,4.000000,4.000000,4.000000,4.000000,4.000000,4.000000,4.000000,4.000000,4.000000,4.000000,4.000000,4.000000,4.000000,4.000000,100.000000,,,,,,,,,,,,,,,,,,,,,,,,,,,,,,,,,,,,,,,,,,,,,,,,,,,,,,,,,,,,,,,,,,,,,,,,,,,,,,,,,,,,,,
1676060256.164764,1676060256.165333,113.000000,0.000000,4253.846191,4305.384766,4269.871582,4275.897461,4148.974121,4283.974121,4275.897461,4271.538574,4273.461426,4259.871582,4423.717773,4426.922852,4320.384766,4387.051270,3234.000000,4.000000,85.000000,,,,0.000000,4.000000,4.000000,4.000000,4.000000,4.000000,4.000000,4.000000,4.000000,4.000000,4.000000,4.000000,4.000000,4.000000,4.000000,100.000000,,,,,,,,,,,,,,,,,,,,,,,,,,,,,,,,,,,,,,,,,,,,,,,,,,,,,,,,,,,,,,,,,,,,,,,,,,,,,,,,,,,,,,
1676060256.172572,1676060256.173042,114.000000,0.000000,4278.974121,4334.743652,4292.051270,4304.743652,4174.358887,4299.743652,4286.922852,4283.205078,4282.307617,4262.692383,4447.563965,4450.769043,4345.641113,4416.153809,2740.000000,4.000000,85.000000,,,,0.000000,4.000000,4.000000,4.000000,4.000000,4.000000,4.000000,4.000000,4.000000,4.000000,4.000000,4.000000,4.000000,4.000000,4.000000,100.000000,,,,,,,,,,,,,,,,,,,,,,,,,,,,,,,,,,,,,,,,,,,,,,,,,,,,,,,,,,,,,,,,,,,,,,,,,,,,,,,,,,,,,,
1676060256.180380,1676060256.180850,115.000000,0.000000,4307.179688,4368.077148,4320.256348,4331.666504,4194.743652,4301.922852,4303.077148,4301.794922,4305.000000,4288.974121,4470.897461,4479.871582,4367.948730,4438.461426,2910.000000,4.000000,85.000000,,,,0.000000,4.000000,4.000000,4.000000,4.000000,4.000000,4.000000,4.000000,4.000000,4.000000,4.000000,4.000000,4.000000,4.000000,4.000000,100.000000,,,,,,,,,,,,,,,,,,,,,,,,,,,,,,,,,,,,,,,,,,,,,,,,,,,,,,,,,,,,,,,,,,,,,,,,,,,,,,,,,,,,,,
1676060256.188189,1676060256.188559,116.000000,0.000000,4300.512695,4358.974121,4312.820313,4320.769043,4176.666504,4289.358887,4288.846191,4287.820313,4298.333496,4298.333496,4460.512695,4467.307617,4356.922852,4429.743652,3127.000000,4.000000,85.000000,,,,0.000000,4.000000,4.000000,4.000000,4.000000,4.000000,4.000000,4.000000,4.000000,4.000000,4.000000,4.000000,4.000000,4.000000,4.000000,100.000000,,,,,,,,,,,,,,,,,,,,,,,,,,,,,,,,,,,,,,,,,,,,,,,,,,,,,,,,,,,,,,,,,,,,,,,,,,,,,,,,,,,,,,
1676060256.195997,1676060256.196367,117.000000,0.000000,4289.358887,4334.743652,4299.230957,4305.384766,4160.769043,4284.358887,4278.205078,4276.025879,4283.077148,4286.666504,4446.922852,4455.512695,4340.512695,4423.589844,3234.000000,4.000000,85.000000,,,,0.000000,4.000000,4.000000,4.000000,4.000000,4.000000,4.000000,4.000000,4.000000,4.000000,4.000000,4.000000,4.000000,4.000000,4.000000,100.000000,,,,,,,,,,,,,,,,,,,,,,,,,,,,,,,,,,,,,,,,,,,,,,,,,,,,,,,,,,,,,,,,,,,,,,,,,,,,,,,,,,,,,,
1676060256.203806,1676060256.204076,118.000000,0.000000,4293.717773,4338.077148,4299.487305,4306.025879,4157.948730,4280.000000,4281.153809,4281.153809,4281.410156,4279.743652,4447.820313,4457.948730,4343.461426,4431.538574,2740.000000,4.000000,85.000000,,,,0.000000,4.000000,4.000000,4.000000,4.000000,4.000000,4.000000,4.000000,4.000000,4.000000,4.000000,4.000000,4.000000,4.000000,4.000000,100.000000,,,,,,,,,,,,,,,,,,,,,,,,,,,,,,,,,,,,,,,,,,,,,,,,,,,,,,,,,,,,,,,,,,,,,,,,,,,,,,,,,,,,,,
1676060256.211614,1676060256.211984,119.000000,0.000000,4289.102539,4347.820313,4296.025879,4303.589844,4147.436035,4272.563965,4274.230957,4270.256348,4272.179688,4267.307617,4435.512695,4438.974121,4335.000000,4420.897461,2910.000000,4.000000,85.000000,,,,0.000000,4.000000,4.000000,4.000000,4.000000,4.000000,4.000000,4.000000,4.000000,4.000000,4.000000,4.000000,4.000000,4.000000,4.000000,100.000000,,,,,,,,,,,,,,,,,,,,,,,,,,,,,,,,,,,,,,,,,,,,,,,,,,,,,,,,,,,,,,,,,,,,,,,,,,,,,,,,,,,,,,
1676060256.219422,1676060256.219792,120.000000,0.000000,4305.769043,4366.025879,4315.897461,4319.743652,4162.179688,4292.307617,4291.922852,4276.153809,4283.717773,4271.794922,4443.717773,4453.205078,4339.487305,4427.692383,3127.000000,4.000000,85.000000,,,,0.000000,4.000000,4.000000,4.000000,4.000000,4.000000,4.000000,4.000000,4.000000,4.000000,4.000000,4.000000,4.000000,4.000000,4.000000,100.000000,,,,,,,,,,,,,,,,,,,,,,,,,,,,,,,,,,,,,,,,,,,,,,,,,,,,,,,,,,,,,,,,,,,,,,,,,,,,,,,,,,,,,,
1676060256.227231,1676060256.227701,121.000000,0.000000,4334.871582,4385.769043,4340.897461,4343.461426,4188.589844,4315.384766,4319.487305,4299.743652,4306.538574,4295.000000,4468.974121,4490.256348,4363.461426,4458.717773,3234.000000,4.000000,85.000000,,,,0.000000,4.000000,4.000000,4.000000,4.000000,4.000000,4.000000,4.000000,4.000000,4.000000,4.000000,4.000000,4.000000,4.000000,4.000000,100.000000,,,,,,,,,,,,,,,,,,,,,,,,,,,,,,,,,,,,,,,,,,,,,,,,,,,,,,,,,,,,,,,,,,,,,,,,,,,,,,,,,,,,,,
1676060256.235039,1676060256.235509,122.000000,0.000000,4321.538574,4381.666504,4323.974121,4336.538574,4177.948730,4303.461426,4306.153809,4290.512695,4291.538574,4287.307617,4454.743652,4471.794922,4353.333496,4451.538574,2740.000000,4.000000,85.000000,,,,0.000000,4.000000,4.000000,4.000000,4.000000,4.000000,4.000000,4.000000,4.000000,4.000000,4.000000,4.000000,4.000000,4.000000,4.000000,100.000000,,,,,,,,,,,,,,,,,,,,,,,,,,,,,,,,,,,,,,,,,,,,,,,,,,,,,,,,,,,,,,,,,,,,,,,,,,,,,,,,,,,,,,
1676060256.242848,1676060256.243418,123.000000,0.000000,4299.230957,4378.333496,4305.384766,4325.000000,4161.538574,4286.153809,4288.461426,4281.153809,4278.974121,4269.871582,4431.794922,4449.871582,4328.333496,4422.820313,2910.000000,4.000000,85.000000,,,,0.000000,4.000000,4.000000,4.000000,4.000000,4.000000,4.000000,4.000000,4.000000,4.000000,4.000000,4.000000,4.000000,4.000000,4.000000,100.000000,,,,,,,,,,,,,,,,,,,,,,,,,,,,,,,,,,,,,,,,,,,,,,,,,,,,,,,,,,,,,,,,,,,,,,,,,,,,,,,,,,,,,,
1676060256.250656,1676060256.251226,124.000000,0.000000,4312.179688,4390.384766,4319.743652,4337.436035,4165.897461,4296.282227,4302.948730,4303.077148,4304.230957,4283.589844,4443.589844,4474.230957,4333.461426,4425.256348,3127.000000,4.000000,85.000000,,,,0.000000,4.000000,4.000000,4.000000,4.000000,4.000000,4.000000,4.000000,4.000000,4.000000,4.000000,4.000000,4.000000,4.000000,4.000000,100.000000,,,,,,,,,,,,,,,,,,,,,,,,,,,,,,,,,,,,,,,,,,,,,,,,,,,,,,,,,,,,,,,,,,,,,,,,,,,,,,,,,,,,,,
1676060256.258464,1676060256.259134,125.000000,0.000000,4318.461426,4385.641113,4322.692383,4338.205078,4164.358887,4300.256348,4308.333496,4309.615234,4315.000000,4283.717773,4456.025879,4482.563965,4346.282227,4438.333496,3234.000000,4.000000,85.000000,,,,0.000000,4.000000,4.000000,4.000000,4.000000,4.000000,4.000000,4.000000,4.000000,4.000000,4.000000,4.000000,4.000000,4.000000,4.000000,100.000000,,,,,,,,,,,,,,,,,,,,,,,,,,,,,,,,,,,,,,,,,,,,,,,,,,,,,,,,,,,,,,,,,,,,,,,,,,,,,,,,,,,,,,
1676060256.266273,1676060256.266943,126.000000,0.000000,4291.922852,4353.333496,4294.487305,4311.538574,4146.922852,4283.077148,4287.179688,4284.230957,4286.153809,4260.769043,4438.846191,4452.820313,4335.641113,4424.102539,2740.000000,4.000000,85.000000,,,,0.000000,4.000000,4.000000,4.000000,4.000000,4.000000,4.000000,4.000000,4.000000,4.000000,4.000000,4.000000,4.000000,4.000000,4.000000,100.000000,,,,,,,,,,,,,,,,,3.047507,5.187825,2.903527,1.361521,1.437261,2.485135,3.322433,2.333285,1.332334,1.746106,3.579295,7.175260,3.200217,1.340059,1.484375,1.960225,4.311882,2.905190,1.368848,1.295642,6.191462,1.273121,1.488578,0.595229,0.810528,1.373812,1.829759,1.092846,0.558294,0.598310,2.094584,2.472072,1.528962,0.870951,1.081082,9.186116,2.414284,1.422709,1.029683,1.330432,1.284563,1.519017,1.514555,0.902048,1.527464,0.828694,3.350243,1.976495,1.676565,2.051643,6.074314,6.507625,2.992281,2.056626,2.214171,5.996630,9.795758,3.666903,1.806392,2.399244,3.627769,6.236792,2.193059,1.802083,2.188204,4.600121,7.487550,2.862688,1.821679,2.014922
1676060256.274081,1676060256.274651,127.000000,0.000000,4294.230957,4351.025879,4297.051270,4313.333496,4150.384766,4287.436035,4288.461426,4278.717773,4280.512695,4271.794922,4440.256348,4454.102539,4332.563965,4423.974121,85.000000,4.000000,85.000000,,,,0.000000,4.000000,4.000000,4.000000,4.000000,4.000000,4.000000,4.000000,4.000000,4.000000,4.000000,4.000000,4.000000,4.000000,4.000000,100.000000,,,,,,,,,,,,,,,,,,,,,,,,,,,,,,,,,,,,,,,,,,,,,,,,,,,,,,,,,,,,,,,,,,,,,,,,,,,,,,,,,,,,,,
1676060256.281890,1676060256.282460,0.000000,0.000000,4322.436035,4379.871582,4327.307617,4337.692383,4169.743652,4302.692383,4306.410156,4290.000000,4295.512695,4290.897461,4456.410156,4477.051270,4343.974121,4441.153809,2516.000000,4.000000,85.000000,,,,0.000000,4.000000,4.000000,4.000000,4.000000,4.000000,4.000000,4.000000,4.000000,4.000000,4.000000,4.000000,4.000000,4.000000,4.000000,100.000000,,,,,,,,,,,,,,,,,,,,,,,,,,,,,,,,,,,,,,,,,,,,,,,,,,,,,,,,,,,,,,,,,,,,,,,,,,,,,,,,,,,,,,
1676060256.289698,1676060256.290168,1.000000,0.000000,4315.128418,4375.512695,4327.307617,4331.282227,4167.948730,4301.922852,4304.743652,4282.948730,4283.974121,4271.538574,4437.692383,4465.256348,4334.743652,4426.922852,2466.000000,4.000000,85.000000,,,,0.000000,4.000000,4.000000,4.000000,4.000000,4.000000,4.000000,4.000000,4.000000,4.000000,4.000000,4.000000,4.000000,4.000000,4.000000,100.000000,,,,,,,,,,,,,,,,,,,,,,,,,,,,,,,,,,,,,,,,,,,,,,,,,,,,,,,,,,,,,,,,,,,,,,,,,,,,,,,,,,,,,,
1676060256.297506,1676060256.297977,2.000000,0.000000,4289.230957,4343.974121,4308.333496,4311.025879,4150.897461,4294.102539,4292.948730,4269.487305,4266.538574,4246.538574,4407.179688,4439.743652,4306.922852,4402.307617,2388.000000,4.000000,85.000000,,,,0.000000,4.000000,4.000000,4.000000,4.000000,4.000000,4.000000,4.000000,4.000000,4.000000,4.000000,4.000000,4.000000,4.000000,4.000000,100.000000,,,,,,,,,,,,,,,,,,,,,,,,,,,,,,,,,,,,,,,,,,,,,,,,,,,,,,,,,,,,,,,,,,,,,,,,,,,,,,,,,,,,,,
1676060256.305315,1676060256.305685,3.000000,0.000000,4293.333496,4343.589844,4310.256348,4316.153809,4149.487305,4288.717773,4291.410156,4266.153809,4271.666504,4246.153809,4409.871582,4439.102539,4305.897461,4411.153809,2461.000000,4.000000,85.000000,,,,0.000000,4.000000,4.000000,4.000000,4.000000,4.000000,4.000000,4.000000,4.000000,4.000000,4.000000,4.000000,4.000000,4.000000,4.000000,100.000000,,,,,,,,,,,,,,,,,,,,,,,,,,,,,,,,,,,,,,,,,,,,,,,,,,,,,,,,,,,,,,,,,,,,,,,,,,,,,,,,,,,,,,
1676060256.313123,1676060256.313494,4.000000,0.000000,4311.025879,4358.333496,4321.410156,4322.563965,4157.563965,4286.538574,4293.205078,4265.000000,4278.205078,4255.000000,4427.948730,4450.384766,4331.922852,4430.512695,2448.000000,4.000000,85.000000,,,,0.000000,4.000000,4.000000,4.000000,4.000000,4.000000,4.000000,4.000000,4.000000,4.000000,4.000000,4.000000,4.000000,4.000000,4.000000,100.000000,,,,,,,,,,,,,,,,,,,,,,,,,,,,,,,,,,,,,,,,,,,,,,,,,,,,,,,,,,,,,,,,,,,,,,,,,,,,,,,,,,,,,,
1676060256.320932,1676060256.321202,5.000000,0.000000,4311.410156,4343.589844,4320.897461,4311.410156,4152.563965,4287.692383,4293.589844,4269.358887,4276.282227,4259.358887,4440.256348,4456.153809,4349.102539,4434.871582,2364.000000,4.000000,85.000000,,,,0.000000,4.000000,4.000000,4.000000,4.000000,4.000000,4.000000,4.000000,4.000000,4.000000,4.000000,4.000000,4.000000,4.000000,4.000000,100.000000,,,,,,,,,,,,,,,,,,,,,,,,,,,,,,,,,,,,,,,,,,,,,,,,,,,,,,,,,,,,,,,,,,,,,,,,,,,,,,,,,,,,,,
1676060256.328740,1676060256.329011,6.000000,0.000000,4310.769043,4331.282227,4322.820313,4313.589844,4143.974121,4289.102539,4300.128418,4287.948730,4287.307617,4265.256348,4459.230957,4467.948730,4360.897461,4442.436035,2221.000000,4.000000,85.000000,,,,0.000000,4.000000,4.000000,4.000000,4.000000,4.000000,4.000000,4.000000,4.000000,4.000000,4.000000,4.000000,4.000000,4.000000,4.000000,100.000000,,,,,,,,,,,,,,,,,,,,,,,,,,,,,,,,,,,,,,,,,,,,,,,,,,,,,,,,,,,,,,,,,,,,,,,,,,,,,,,,,,,,,,
1676060256.336548,1676060256.336719,7.000000,0.000000,4300.256348,4320.000000,4314.230957,4302.948730,4128.717773,4276.282227,4294.102539,4289.615234,4290.128418,4265.641113,4455.128418,4464.230957,4354.615234,4434.230957,2229.000000,4.000000,85.000000,,,,0.000000,4.000000,4.000000,4.000000,4.000000,4.000000,4.000000,4.000000,4.000000,4.000000,4.000000,4.000000,4.000000,4.000000,4.000000,100.000000,,,,,,,,,,,,,,,,,,,,,,,,,,,,,,,,,,,,,,,,,,,,,,,,,,,,,,,,,,,,,,,,,,,,,,,,,,,,,,,,,,,,,,
1676060256.344357,1676060256.344528,8.000000,0.000000,4280.128418,4289.487305,4299.102539,4272.692383,4116.153809,4268.077148,4284.358887,4279.102539,4282.563965,4266.153809,4435.769043,4451.538574,4340.128418,4413.205078,2277.000000,4.000000,85.000000,,,,0.000000,4.000000,4.000000,4.000000,4.000000,4.000000,4.000000,4.000000,4.000000,4.000000,4.000000,4.000000,4.000000,4.000000,4.000000,100.000000,,,,,,,,,,,,,,,,,,,,,,,,,,,,,,,,,,,,,,,,,,,,,,,,,,,,,,,,,,,,,,,,,,,,,,,,,,,,,,,,,,,,,,
1676060256.352165,1676060256.352236,9.000000,0.000000,4290.256348,4282.179688,4311.922852,4284.230957,4130.384766,4287.563965,4302.948730,4296.922852,4303.205078,4287.307617,4457.948730,4473.974121,4363.717773,4431.410156,2239.000000,4.000000,85.000000,,,,0.000000,4.000000,4.000000,4.000000,4.000000,4.000000,4.000000,4.000000,4.000000,4.000000,4.000000,4.000000,4.000000,4.000000,4.000000,100.000000,,,,,,,,,,,,,,,,,,,,,,,,,,,,,,,,,,,,,,,,,,,,,,,,,,,,,,,,,,,,,,,,,,,,,,,,,,,,,,,,,,,,,,
1676060256.359973,1676060256.360045,10.000000,0.000000,4307.820313,4301.922852,4332.563965,4317.563965,4145.256348,4307.436035,4321.666504,4319.871582,4324.871582,4305.769043,4487.563965,4501.538574,4391.153809,4456.794922,2738.000000,4.000000,85.000000,,,,0.000000,4.000000,4.000000,4.000000,4.000000,4.000000,4.000000,4.000000,4.000000,4.000000,4.000000,4.000000,4.000000,4.000000,4.000000,100.000000,,,,,,,,,,,,,,,,,,,,,,,,,,,,,,,,,,,,,,,,,,,,,,,,,,,,,,,,,,,,,,,,,,,,,,,,,,,,,,,,,,,,,,
1676060256.367782,1676060256.367753,11.000000,0.000000,4301.153809,4304.487305,4328.974121,4318.717773,4140.769043,4299.743652,4311.794922,4309.743652,4308.589844,4289.102539,4475.384766,4495.769043,4380.128418,4444.743652,2912.000000,4.000000,85.000000,,,,0.000000,4.000000,4.000000,4.000000,4.000000,4.000000,4.000000,4.000000,4.000000,4.000000,4.000000,4.000000,4.000000,4.000000,4.000000,100.000000,,,,,,,,,,,,,,,,,,,,,,,,,,,,,,,,,,,,,,,,,,,,,,,,,,,,,,,,,,,,,,,,,,,,,,,,,,,,,,,,,,,,,,
1676060256.375590,1676060256.375562,12.000000,0.000000,4291.410156,4286.922852,4311.538574,4307.051270,4136.794922,4282.563965,4296.153809,4284.743652,4281.666504,4263.461426,4447.692383,4478.077148,4357.307617,4426.410156,3122.000000,4.000000,85.000000,,,,0.000000,4.000000,4.000000,4.000000,4.000000,4.000000,4.000000,4.000000,4.000000,4.000000,4.000000,4.000000,4.000000,4.000000,4.000000,100.000000,,,,,,,,,,,,,,,,,,,,,,,,,,,,,,,,,,,,,,,,,,,,,,,,,,,,,,,,,,,,,,,,,,,,,,,,,,,,,,,,,,,,,,
1676060256.383399,1676060256.383270,13.000000,0.000000,4287.563965,4274.358887,4299.615234,4311.410156,4139.871582,4280.641113,4292.179688,4272.948730,4276.282227,4259.358887,4436.666504,4473.333496,4349.743652,4420.641113,3231.000000,4.000000,85.000000,,,,0.000000,4.000000,4.000000,4.000000,4.000000,4.000000,4.000000,4.000000,4.000000,4.000000,4.000000,4.000000,4.000000,4.000000,4.000000,100.000000,,,,,,,,,,,,,,,,,,,,,,,,,,,,,,,,,,,,,,,,,,,,,,,,,,,,,,,,,,,,,,,,,,,,,,,,,,,,,,,,,,,,,,
1676060256.391207,1676060256.391079,14.000000,0.000000,4284.871582,4277.692383,4304.230957,4319.743652,4142.436035,4283.205078,4293.846191,4276.153809,4283.461426,4261.538574,4446.794922,4480.769043,4363.333496,4422.179688,2738.000000,4.000000,85.000000,,,,0.000000,4.000000,4.000000,4.000000,4.000000,4.000000,4.000000,4.000000,4.000000,4.000000,4.000000,4.000000,4.000000,4.000000,4.000000,100.000000,1.000000,41.666668,4.000000,4.000000,3.000000,4.000000,1.000000,4.000000,4.000000,3.000000,4.000000,4.000000,3.000000,1.000000,3.000000,3.000000,2.846379,5.055911,2.486602,1.216700,1.395515,3.082859,3.704571,2.007526,1.202182,1.674388,3.446536,6.886302,2.927147,1.152358,1.399632,1.689872,4.558630,2.550711,1.261350,1.255983,3.933764,1.363313,1.523077,0.573991,0.795458,1.419241,1.561561,1.085697,0.630763,0.589618,2.047131,2.302974,1.317933,0.859414,1.057073,7.383864,2.705889,1.183441,1.042930,1.247773,1.416015,1.302786,1.303132,0.782441,1.466546,1.052313,3.158002,1.775330,1.441762,1.947771,7.832979,5.933683,2.337687,2.036514,2.039935,6.794283,8.690537,3.122042,1.725387,2.322992,4.788749,5.754356,1.746122,1.762188,1.987293,4.481534,6.958496,2.291141,1.768441,1.907635
1676060256.399015,1676060256.398787,15.000000,0.000000,4297.051270,4292.051270,4320.384766,4331.153809,4144.615234,4282.436035,4303.205078,4288.717773,4293.461426,4261.282227,4462.563965,4498.717773,4382.563965,4436.922852,2912.000000,4.000000,85.000000,,,,0.000000,4.000000,4.000000,4.000000,4.000000,4.000000,4.000000,4.000000,4.000000,4.000000,4.000000,4.000000,4.000000,4.000000,4.000000,100.000000,,,,,,,,,,,,,,,,,,,,,,,,,,,,,,,,,,,,,,,,,,,,,,,,,,,,,,,,,,,,,,,,,,,,,,,,,,,,,,,,,,,,,,
1676060256.406824,1676060256.406596,16.000000,0.000000,4306.025879,4291.153809,4318.205078,4332.692383,4142.436035,4279.743652,4310.512695,4294.358887,4297.307617,4272.820313,4464.743652,4509.743652,4379.102539,4442.436035,0.000000,4.000000,85.000000,,,,0.000000,4.000000,4.000000,4.000000,4.000000,4.000000,4.000000,4.000000,4.000000,4.000000,4.000000,4.000000,4.000000,4.000000,4.000000,100.000000,,,,,,,,,,,,,,,,,,,,,,,,,,,,,,,,,,,,,,,,,,,,,,,,,,,,,,,,,,,,,,,,,,,,,,,,,,,,,,,,,,,,,,
1676060256.414632,1676060256.414304,17.000000,0.000000,4296.538574,4271.538574,4302.563965,4317.948730,4133.974121,4278.717773,4307.948730,4293.077148,4295.897461,4293.333496,4467.436035,4506.153809,4382.051270,4437.563965,0.000000,4.000000,85.000000,,,,0.000000,4.000000,4.000000,4.000000,4.000000,4.000000,4.000000,4.000000,4.000000,4.000000,4.000000,4.000000,4.000000,4.000000,4.000000,100.000000,,,,,,,,,,,,,,,,,,,,,,,,,,,,,,,,,,,,,,,,,,,,,,,,,,,,,,,,,,,,,,,,,,,,,,,,,,,,,,,,,,,,,,
1676060256.422440,1676060256.422213,18.000000,0.000000,4287.820313,4262.436035,4299.743652,4311.922852,4133.589844,4284.487305,4306.025879,4293.717773,4299.230957,4298.461426,4477.948730,4503.846191,4400.384766,4438.077148,0.000000,4.000000,85.000000,,,,0.000000,4.000000,4.000000,4.000000,4.000000,4.000000,4.000000,4.000000,4.000000,4.000000,4.000000,4.000000,4.000000,4.000000,4.000000,100.000000,,,,,,,,,,,,,,,,,,,,,,,,,,,,,,,,,,,,,,,,,,,,,,,,,,,,,,,,,,,,,,,,,,,,,,,,,,,,,,,,,,,,,,
1676060256.430249,1676060256.430021,19.000000,0.000000,4283.077148,4264.743652,4299.358887,4312.948730,4143.589844,4287.563965,4306.666504,4298.333496,4309.615234,4289.743652,4478.205078,4503.974121,4396.153809,4434.615234,0.000000,4.000000,85.000000,,,,0.000000,4.000000,4.000000,4.000000,4.000000,4.000000,4.000000,4.000000,4.000000,4.000000,4.000000,4.000000,4.000000,4.000000,4.000000,100.000000,,,,,,,,,,,,,,,,,,,,,,,,,,,,,,,,,,,,,,,,,,,,,,,,,,,,,,,,,,,,,,,,,,,,,,,,,,,,,,,,,,,,,,
1676060256.438057,1676060256.437929,20.000000,0.000000,4279.615234,4265.897461,4295.897461,4310.512695,4154.743652,4290.128418,4306.666504,4307.307617,4319.487305,4293.333496,4478.333496,4509.615234,4389.871582,4433.589844,0.000000,4.000000,85.000000,,,,0.000000,4.000000,4.000000,4.000000,4.000000,4.000000,4.000000,4.000000,4.000000,4.000000,4.000000,4.000000,4.000000,4.000000,4.000000,100.000000,,,,,,,,,,,,,,,,,,,,,,,,,,,,,,,,,,,,,,,,,,,,,,,,,,,,,,,,,,,,,,,,,,,,,,,,,,,,,,,,,,,,,,
1676060256.445866,1676060256.445738,21.000000,0.000000,4281.922852,4264.615234,4297.436035,4311.153809,4158.333496,4291.922852,4302.948730,4308.077148,4315.512695,4301.666504,4478.717773,4510.641113,4395.512695,4440.128418,0.000000,4.000000,85.000000,,,,0.000000,4.000000,4.000000,4.000000,4.000000,4.000000,4.000000,4.000000,4.000000,4.000000,4.000000,4.000000,4.000000,4.000000,4.000000,100.000000,,,,,,,,,,,,,,,,,,,,,,,,,,,,,,,,,,,,,,,,,,,,,,,,,,,,,,,,,,,,,,,,,,,,,,,,,,,,,,,,,,,,,,
1676060256.453674,1676060256.453646,22.000000,0.000000,4279.615234,4259.615234,4292.436035,4309.743652,4157.948730,4285.769043,4289.358887,4287.692383,4293.589844,4279.871582,4460.000000,4491.666504,4381.153809,4428.333496,0.000000,4.000000,85.000000,,,,0.000000,4.000000,4.000000,4.000000,4.000000,4.000000,4.000000,4.000000,4.000000,4.000000,4.000000,4.000000,4.000000,4.000000,4.000000,100.000000,,,,,,,,,,,,,,,,,,,,,,,,,,,,,,,,,,,,,,,,,,,,,,,,,,,,,,,,,,,,,,,,,,,,,,,,,,,,,,,,,,,,,,
1676060256.461482,1676060256.461455,23.000000,0.000000,4282.692383,4263.333496,4296.922852,4312.563965,4170.769043,4285.256348,4287.948730,4278.589844,4284.358887,4254.487305,4456.922852,4489.743652,4376.282227,4423.589844,0.000000,4.000000,85.000000,,,,0.000000,4.000000,4.000000,4.000000,4.000000,4.000000,4.000000,4.000000,4.000000,4.000000,4.000000,4.000000,4.000000,4.000000,4.000000,100.000000,,,,,,,,,,,,,,,,,,,,,,,,,,,,,,,,,,,,,,,,,,,,,,,,,,,,,,,,,,,,,,,,,,,,,,,,,,,,,,,,,,,,,,
1676060256.469291,1676060256.469363,24.000000,0.000000,4296.025879,4280.512695,4315.256348,4326.538574,4185.128418,4294.102539,4305.641113,4295.128418,4298.333496,4270.512695,4480.641113,4515.256348,4398.589844,4449.102539,0.000000,4.000000,85.000000,,,,0.000000,4.000000,4.000000,4.000000,4.000000,4.000000,4.000000,4.000000,4.000000,4.000000,4.000000,4.000000,4.000000,4.000000,4.000000,100.000000,,,,,,,,,,,,,,,,,,,,,,,,,,,,,,,,,,,,,,,,,,,,,,,,,,,,,,,,,,,,,,,,,,,,,,,,,,,,,,,,,,,,,,
1676060256.477099,1676060256.477171,25.000000,0.000000,4299.743652,4282.948730,4314.743652,4328.333496,4184.615234,4296.538574,4309.102539,4295.512695,4301.025879,4290.384766,4482.051270,4518.333496,4401.538574,4454.487305,0.000000,4.000000,85.000000,,,,0.000000,4.000000,4.000000,4.000000,4.000000,4.000000,4.000000,4.000000,4.000000,4.000000,4.000000,4.000000,4.000000,4.000000,4.000000,100.000000,,,,,,,,,,,,,,,,,,,,,,,,,,,,,,,,,,,,,,,,,,,,,,,,,,,,,,,,,,,,,,,,,,,,,,,,,,,,,,,,,,,,,,
1676060256.484908,1676060256.485080,26.000000,0.000000,4297.820313,4275.641113,4309.871582,4323.589844,4186.922852,4292.307617,4305.000000,4287.820313,4292.820313,4286.153809,4472.307617,4506.153809,4394.487305,4441.282227,0.000000,4.000000,85.000000,,,,0.000000,4.000000,4.000000,4.000000,4.000000,4.000000,4.000000,4.000000,4.000000,4.000000,4.000000,4.000000,4.000000,4.000000,4.000000,100.000000,,,,,,,,,,,,,,,,,,,,,,,,,,,,,,,,,,,,,,,,,,,,,,,,,,,,,,,,,,,,,,,,,,,,,,,,,,,,,,,,,,,,,,
1676060256.492716,1676060256.492888,27.000000,0.000000,4301.153809,4283.461426,4320.256348,4329.487305,4186.025879,4288.205078,4311.794922,4292.692383,4295.128418,4288.461426,4483.077148,4511.666504,4398.974121,4445.256348,0.000000,4.000000,85.000000,,,,0.000000,4.000000,4.000000,4.000000,4.000000,4.000000,4.000000,4.000000,4.000000,4.000000,4.000000,4.000000,4.000000,4.000000,4.000000,100.000000,,,,,,,,,,,,,,,,,,,,,,,,,,,,,,,,,,,,,,,,,,,,,,,,,,,,,,,,,,,,,,,,,,,,,,,,,,,,,,,,,,,,,,
1676060256.500524,1676060256.500597,28.000000,0.000000,4297.051270,4282.948730,4313.205078,4324.358887,4173.461426,4282.436035,4307.436035,4288.333496,4298.846191,4296.666504,4486.282227,4509.871582,4396.153809,4440.897461,0.000000,4.000000,85.000000,,,,0.000000,4.000000,4.000000,4.000000,4.000000,4.000000,4.000000,4.000000,4.000000,4.000000,4.000000,4.000000,4.000000,4.000000,4.000000,100.000000,,,,,,,,,,,,,,,,,,,,,,,,,,,,,,,,,,,,,,,,,,,,,,,,,,,,,,,,,,,,,,,,,,,,,,,,,,,,,,,,,,,,,,
1676060256.508333,1676060256.508405,29.000000,0.000000,4286.794922,4270.512695,4297.179688,4310.769043,4174.743652,4281.282227,4297.692383,4282.948730,4300.641113,4290.769043,4475.769043,4496.153809,4394.358887,4429.615234,0.000000,4.000000,85.000000,,,,0.000000,4.000000,4.000000,4.000000,4.000000,4.000000,4.000000,4.000000,4.000000,4.000000,4.000000,4.000000,4.000000,4.000000,4.000000,100.000000,,,,,,,,,,,,,,,,,,,,,,,,,,,,,,,,,,,,,,,,,,,,,,,,,,,,,,,,,,,,,,,,,,,,,,,,,,,,,,,,,,,,,,
1676060256.516141,1676060256.516114,30.000000,0.000000,4273.974121,4258.846191,4291.025879,4299.230957,4185.000000,4278.846191,4291.153809,4282.307617,4296.153809,4277.307617,4468.846191,4486.410156,4386.666504,4422.436035,0.000000,4.000000,85.000000,,,,0.000000,4.000000,4.000000,4.000000,4.000000,4.000000,4.000000,4.000000,4.000000,4.000000,4.000000,4.000000,4.000000,4.000000,4.000000,100.000000,,,,,,,,,,,,,,,,,2.591402,4.887290,1.971059,1.163210,1.319445,3.870463,4.002279,1.642026,1.188860,1.556930,3.176220,6.409829,2.488392,1.046075,1.275198,1.451469,4.642709,2.074546,1.209396,1.180676,2.256318,1.385649,1.418401,0.580961,0.764634,1.338039,1.274994,1.002648,0.711727,0.578442,1.853438,2.023470,1.199877,0.871864,1.009355,7.508752,3.587416,1.047254,1.103053,1.136996,1.546995,1.111039,1.179966,0.715463,1.355338,1.265738,2.788949,1.517686,1.227305,1.781741,9.944537,5.078894,1.838288,2.078976,1.816299,7.513671,7.289564,2.561536,1.709656,2.146912,5.967760,5.118236,1.444184,1.784081,1.734446,4.179326,6.200004,1.767456,1.802005,1.745388
1676060256.523950,1676060256.523922,31.000000,0.000000,4268.974121,4247.563965,4282.436035,4290.641113,4182.179688,4272.051270,4281.794922,4279.743652,4292.436035,4273.205078,4469.230957,4482.179688,4373.974121,4415.641113,0.000000,4.000000,85.000000,,,,0.000000,4.000000,4.000000,4.000000,4.000000,4.000000,4.000000,4.000000,4.000000,4.000000,4.000000,4.000000,4.000000,4.000000,4.000000,100.000000,,,,,,,,,,,,,,,,,,,,,,,,,,,,,,,,,,,,,,,,,,,,,,,,,,,,,,,,,,,,,,,,,,,,,,,,,,,,,,,,,,,,,,
1676060256.531758,1676060256.531631,32.000000,0.000000,4283.461426,4253.589844,4284.358887,4296.538574,4185.769043,4276.410156,4285.128418,4293.077148,4309.358887,4288.717773,4483.077148,4494.615234,4390.128418,4424.230957,0.000000,4.000000,85.000000,,,,0.000000,4.000000,4.000000,4.000000,4.000000,4.000000,4.000000,4.000000,4.000000,4.000000,4.000000,4.000000,4.000000,4.000000,4.000000,100.000000,,,,,,,,,,,,,,,,,,,,,,,,,,,,,,,,,,,,,,,,,,,,,,,,,,,,,,,,,,,,,,,,,,,,,,,,,,,,,,,,,,,,,,
1676060256.539566,1676060256.539439,33.000000,0.000000,4267.948730,4248.333496,4272.948730,4285.769043,4183.461426,4269.743652,4274.487305,4282.948730,4299.487305,4280.128418,4463.077148,4475.769043,4383.461426,4410.512695,0.000000,4.000000,85.000000,,,,0.000000,4.000000,4.000000,4.000000,4.000000,4.000000,4.000000,4.000000,4.000000,4.000000,4.000000,4.000000,4.000000,4.000000,4.000000,100.000000,,,,,,,,,,,,,,,,,,,,,,,,,,,,,,,,,,,,,,,,,,,,,,,,,,,,,,,,,,,,,,,,,,,,,,,,,,,,,,,,,,,,,,
1676060256.547375,1676060256.547148,34.000000,0.000000,4237.051270,4229.102539,4249.358887,4267.436035,4180.769043,4262.563965,4255.000000,4248.077148,4260.512695,4247.948730,4423.333496,4439.358887,4347.563965,4381.538574,0.000000,4.000000,85.000000,,,,0.000000,4.000000,4.000000,4.000000,4.000000,4.000000,4.000000,4.000000,4.000000,4.000000,4.000000,4.000000,4.000000,4.000000,4.000000,100.000000,,,,,,,,,,,,,,,,,,,,,,,,,,,,,,,,,,,,,,,,,,,,,,,,,,,,,,,,,,,,,,,,,,,,,,,,,,,,,,,,,,,,,,
1676060256.555183,1676060256.555056,35.000000,0.000000,4275.512695,4264.358887,4288.589844,4312.563965,4223.846191,4288.461426,4288.846191,4275.128418,4283.205078,4270.128418,4462.307617,4483.717773,4380.128418,4423.077148,0.000000,4.000000,85.000000,,,,0.000000,4.000000,4.000000,4.000000,4.000000,4.000000,4.000000,4.000000,4.000000,4.000000,4.000000,4.000000,4.000000,4.000000,4.000000,100.000000,,,,,,,,,,,,,,,,,,,,,,,,,,,,,,,,,,,,,,,,,,,,,,,,,,,,,,,,,,,,,,,,,,,,,,,,,,,,,,,,,,,,,,
1676060256.562991,1676060256.562865,36.000000,0.000000,4331.025879,4320.384766,4343.205078,4364.102539,4260.128418,4308.333496,4332.692383,4323.846191,4327.948730,4305.769043,4519.358887,4545.000000,4432.563965,4476.025879,0.000000,4.000000,85.000000,,,,0.000000,4.000000,4.000000,4.000000,4.000000,4.000000,4.000000,4.000000,4.000000,4.000000,4.000000,4.000000,4.000000,4.000000,4.000000,100.000000,,,,,,,,,,,,,,,,,,,,,,,,,,,,,,,,,,,,,,,,,,,,,,,,,,,,,,,,,,,,,,,,,,,,,,,,,,,,,,,,,,,,,,
1676060256.570800,1676060256.570773,37.000000,0.000000,4320.256348,4313.461426,4331.025879,4345.000000,4251.922852,4297.820313,4317.692383,4308.333496,4311.410156,4289.102539,4498.461426,4527.051270,4411.410156,4452.179688,0.000000,4.000000,85.000000,,,,0.000000,4.000000,4.000000,4.000000,4.000000,4.000000,4.000000,4.000000,4.000000,4.000000,4.000000,4.000000,4.000000,4.000000,4.000000,100.000000,,,,,,,,,,,,,,,,,,,,,,,,,,,,,,,,,,,,,,,,,,,,,,,,,,,,,,,,,,,,,,,,,,,,,,,,,,,,,,,,,,,,,,
1676060256.578608,1676060256.578581,38.000000,0.000000,4292.563965,4282.948730,4306.153809,4320.512695,4250.769043,4288.589844,4292.436035,4279.487305,4282.563965,4267.820313,4463.461426,4495.384766,4380.384766,4422.948730,0.000000,4.000000,85.000000,,,,0.000000,4.000000,4.000000,4.000000,4.000000,4.000000,4.000000,4.000000,4.000000,4.000000,4.000000,4.000000,4.000000,4.000000,4.000000,100.000000,,,,,,,,,,,,,,,,,,,,,,,,,,,,,,,,,,,,,,,,,,,,,,,,,,,,,,,,,,,,,,,,,,,,,,,,,,,,,,,,,,,,,,
1676060256.586417,1676060256.586490,39.000000,0.000000,4288.077148,4281.666504,4306.922852,4321.282227,4256.794922,4281.025879,4292.436035,4277.307617,4279.743652,4265.256348,4459.743652,4494.102539,4379.230957,4428.717773,0.000000,4.000000,85.000000,,,,0.000000,4.000000,4.000000,4.000000,4.000000,4.000000,4.000000,4.000000,4.000000,4.000000,4.000000,4.000000,4.000000,4.000000,4.000000,100.000000,,,,,,,,,,,,,,,,,,,,,,,,,,,,,,,,,,,,,,,,,,,,,,,,,,,,,,,,,,,,,,,,,,,,,,,,,,,,,,,,,,,,,,
1676060256.594225,1676060256.594298,40.000000,0.000000,4286.538574,4281.666504,4304.102539,4314.358887,4253.974121,4276.410156,4294.230957,4275.641113,4285.641113,4264.230957,4465.256348,4492.948730,4379.230957,4423.717773,0.000000,4.000000,85.000000,,,,0.000000,4.000000,4.000000,4.000000,4.000000,4.000000,4.000000,4.000000,4.000000,4.000000,4.000000,4.000000,4.000000,4.000000,4.000000,100.000000,,,,,,,,,,,,,,,,,,,,,,,,,,,,,,,,,,,,,,,,,,,,,,,,,,,,,,,,,,,,,,,,,,,,,,,,,,,,,,,,,,,,,,
1676060256.602033,1676060256.602207,41.000000,0.000000,4287.307617,4270.641113,4299.358887,4306.666504,4260.000000,4285.384766,4296.410156,4276.922852,4294.487305,4271.794922,4472.563965,4491.538574,4382.179688,4417.307617,0.000000,4.000000,85.000000,,,,0.000000,4.000000,4.000000,4.000000,4.000000,4.000000,4.000000,4.000000,4.000000,4.000000,4.000000,4.000000,4.000000,4.000000,4.000000,100.000000,,,,,,,,,,,,,,,,,,,,,,,,,,,,,,,,,,,,,,,,,,,,,,,,,,,,,,,,,,,,,,,,,,,,,,,,,,,,,,,,,,,,,,
1676060256.609842,1676060256.610015,42.000000,0.000000,4280.000000,4258.077148,4292.563965,4298.333496,4263.205078,4285.384766,4291.282227,4275.000000,4286.922852,4263.589844,4462.692383,4482.692383,4378.333496,4412.436035,0.000000,4.000000,85.000000,,,,0.000000,4.000000,4.000000,4.000000,4.000000,4.000000,4.000000,4.000000,4.000000,4.000000,4.000000,4.000000,4.000000,4.000000,4.000000,100.000000,,,,,,,,,,,,,,,,,,,,,,,,,,,,,,,,,,,,,,,,,,,,,,,,,,,,,,,,,,,,,,,,,,,,,,,,,,,,,,,,,,,,,,
1676060256.617650,1676060256.617923,43.000000,0.000000,4274.102539,4264.871582,4293.717773,4298.205078,4270.641113,4281.922852,4292.179688,4281.282227,4289.487305,4261.666504,4459.102539,4481.922852,4377.051270,4413.974121,0.000000,4.000000,85.000000,,,,0.000000,4.000000,4.000000,4.000000,4.000000,4.000000,4.000000,4.000000,4.000000,4.000000,4.000000,4.000000,4.000000,4.000000,4.000000,100.000000,,,,,,,,,,,,,,,,,,,,,,,,,,,,,,,,,,,,,,,,,,,,,,,,,,,,,,,,,,,,,,,,,,,,,,,,,,,,,,,,,,,,,,
1676060256.625458,1676060256.625832,44.000000,0.000000,4295.000000,4285.256348,4317.307617,4317.179688,4292.563965,4295.897461,4313.846191,4309.871582,4326.922852,4305.128418,4490.769043,4509.102539,4400.512695,4439.358887,0.000000,4.000000,85.000000,,,,0.000000,4.000000,4.000000,4.000000,4.000000,4.000000,4.000000,4.000000,4.000000,4.000000,4.000000,4.000000,4.000000,4.000000,4.000000,100.000000,,,,,,,,,,,,,,,,,,,,,,,,,,,,,,,,,,,,,,,,,,,,,,,,,,,,,,,,,,,,,,,,,,,,,,,,,,,,,,,,,,,,,,
1676060256.633267,1676060256.633640,45.000000,0.000000,4302.436035,4275.769043,4319.102539,4315.256348,4291.666504,4298.717773,4315.000000,4313.589844,4330.897461,4316.410156,4489.871582,4507.436035,4400.897461,4440.769043,0.000000,4.000000,85.000000,,,,0.000000,4.000000,4.000000,4.000000,4.000000,4.000000,4.000000,4.000000,4.000000,4.000000,4.000000,4.000000,4.000000,4.000000,4.000000,100.000000,,,,,,,,,,,,,,,,,,,,,,,,,,,,,,,,,,,,,,,,,,,,,,,,,,,,,,,,,,,,,,,,,,,,,,,,,,,,,,,,,,,,,,
1676060256.641075,1676060256.641449,46.000000,0.000000,4280.256348,4254.743652,4293.589844,4290.641113,4280.641113,4290.256348,4293.205078,4286.794922,4293.205078,4274.230957,4450.769043,4473.333496,4367.692383,4412.051270,0.000000,4.000000,85.000000,,,,0.000000,4.000000,4.000000,4.000000,4.000000,4.000000,4.000000,4.000000,4.000000,4.000000,4.000000,4.000000,4.000000,4.000000,4.000000,100.000000,,,,,,,,,,,,,,,,,2.355096,4.654345,1.439508,1.196497,1.209757,4.657745,4.116186,1.318956,1.270596,1.413138,2.843080,5.752345,1.960961,1.026477,1.130708,1.321383,4.504938,1.586546,1.210496,1.073394,1.560433,1.339903,1.214879,0.634483,0.719820,1.171106,1.008662,0.868556,0.786095,0.560915,1.576791,1.706278,1.181682,0.896810,0.937155,8.896449,4.732882,1.040684,1.184717,1.011240,1.608140,0.967633,1.157264,0.710693,1.210468,1.390900,2.298775,1.321652,1.111614,1.568252,11.817240,4.080000,1.620733,2.192553,1.571517,7.918047,5.745039,2.083687,1.753611,1.894076,6.826447,4.493885,1.380085,1.890590,1.461854,3.781907,5.293953,1.375611,1.918611,1.543534
1676060256.648884,1676060256.649357,47.000000,0.000000,4273.077148,4256.666504,4290.384766,4289.230957,4293.461426,4293.717773,4291.538574,4276.538574,4284.615234,4257.179688,4446.153809,4470.769043,4362.563965,4407.307617,0.000000,4.000000,85.000000,,,,0.000000,4.000000,4.000000,4.000000,4.000000,4.000000,4.000000,4.000000,4.000000,4.000000,4.000000,4.000000,4.000000,4.000000,4.000000,100.000000,,,,,,,,,,,,,,,,,,,,,,,,,,,,,,,,,,,,,,,,,,,,,,,,,,,,,,,,,,,,,,,,,,,,,,,,,,,,,,,,,,,,,,
1676060256.656692,1676060256.657165,48.000000,0.000000,4288.205078,4265.000000,4311.282227,4304.230957,4306.153809,4298.461426,4308.461426,4288.846191,4303.077148,4274.358887,4467.436035,4495.384766,4384.871582,4427.307617,0.000000,4.000000,85.000000,,,,0.000000,4.000000,4.000000,4.000000,4.000000,4.000000,4.000000,4.000000,4.000000,4.000000,4.000000,4.000000,4.000000,4.000000,4.000000,100.000000,,,,,,,,,,,,,,,,,,,,,,,,,,,,,,,,,,,,,,,,,,,,,,,,,,,,,,,,,,,,,,,,,,,,,,,,,,,,,,,,,,,,,,
1676060256.664500,1676060256.665074,49.000000,0.000000,4298.974121,4264.102539,4323.205078,4309.615234,4306.025879,4296.025879,4315.128418,4297.692383,4307.948730,4283.846191,4475.897461,4509.871582,4393.205078,4440.256348,0.000000,4.000000,85.000000,,,,0.000000,4.000000,4.000000,4.000000,4.000000,4.000000,4.000000,4.000000,4.000000,4.000000,4.000000,4.000000,4.000000,4.000000,4.000000,100.000000,,,,,,,,,,,,,,,,,,,,,,,,,,,,,,,,,,,,,,,,,,,,,,,,,,,,,,,,,,,,,,,,,,,,,,,,,,,,,,,,,,,,,,
1676060256.672309,1676060256.672882,50.000000,0.000000,4297.948730,4264.743652,4320.000000,4312.179688,4307.820313,4295.256348,4308.077148,4291.794922,4294.230957,4274.871582,4470.641113,4508.846191,4386.410156,4438.846191,0.000000,4.000000,85.000000,,,,0.000000,4.000000,4.000000,4.000000,4.000000,4.000000,4.000000,4.000000,4.000000,4.000000,4.000000,4.000000,4.000000,4.000000,4.000000,100.000000,,,,,,,,,,,,,,,,,,,,,,,,,,,,,,,,,,,,,,,,,,,,,,,,,,,,,,,,,,,,,,,,,,,,,,,,,,,,,,,,,,,,,,
1676060256.680117,1676060256.680591,51.000000,0.000000,4295.897461,4274.487305,4321.794922,4317.692383,4310.384766,4294.871582,4303.333496,4281.282227,4280.384766,4261.410156,4461.410156,4501.153809,4379.487305,4435.256348,0.000000,4.000000,85.000000,,,,0.000000,4.000000,4.000000,4.000000,4.000000,4.000000,4.000000,4.000000,4.000000,4.000000,4.000000,4.000000,4.000000,4.000000,4.000000,100.000000,,,,,,,,,,,,,,,,,,,,,,,,,,,,,,,,,,,,,,,,,,,,,,,,,,,,,,,,,,,,,,,,,,,,,,,,,,,,,,,,,,,,,,
1676060256.687925,1676060256.688399,52.000000,0.000000,4299.743652,4280.000000,4329.102539,4319.615234,4310.000000,4293.589844,4307.179688,4278.205078,4280.000000,4259.615234,4459.743652,4497.307617,4379.358887,4435.256348,0.000000,4.000000,85.000000,,,,0.000000,4.000000,4.000000,4.000000,4.000000,4.000000,4.000000,4.000000,4.000000,4.000000,4.000000,4.000000,4.000000,4.000000,4.000000,100.000000,,,,,,,,,,,,,,,,,,,,,,,,,,,,,,,,,,,,,,,,,,,,,,,,,,,,,,,,,,,,,,,,,,,,,,,,,,,,,,,,,,,,,,
1676060256.695734,1676060256.696108,53.000000,0.000000,4304.487305,4280.769043,4329.102539,4321.666504,4310.769043,4293.717773,4309.358887,4281.410156,4287.563965,4269.358887,4466.794922,4501.153809,4383.461426,4437.436035,0.000000,4.000000,85.000000,,,,0.000000,4.000000,4.000000,4.000000,4.000000,4.000000,4.000000,4.000000,4.000000,4.000000,4.000000,4.000000,4.000000,4.000000,4.000000,100.000000,,,,,,,,,,,,,,,,,,,,,,,,,,,,,,,,,,,,,,,,,,,,,,,,,,,,,,,,,,,,,,,,,,,,,,,,,,,,,,,,,,,,,,
1676060256.703542,1676060256.704016,54.000000,0.000000,4312.692383,4289.487305,4333.461426,4329.487305,4308.974121,4297.692383,4313.077148,4294.743652,4306.922852,4287.820313,4484.871582,4518.333496,4394.743652,4447.563965,0.000000,4.000000,85.000000,,,,0.000000,4.000000,4.000000,4.000000,4.000000,4.000000,4.000000,4.000000,4.000000,4.000000,4.000000,4.000000,4.000000,4.000000,4.000000,100.000000,,,,,,,,,,,,,,,,,,,,,,,,,,,,,,,,,,,,,,,,,,,,,,,,,,,,,,,,,,,,,,,,,,,,,,,,,,,,,,,,,,,,,,
1676060256.711351,1676060256.711824,55.000000,0.000000,4315.000000,4293.077148,4338.077148,4325.897461,4300.256348,4297.307617,4315.641113,4308.205078,4320.128418,4302.179688,4498.461426,4526.410156,4403.461426,4457.948730,0.000000,4.000000,85.000000,,,,0.000000,4.000000,4.000000,4.000000,4.000000,4.000000,4.000000,4.000000,4.000000,4.000000,4.000000,4.000000,4.000000,4.000000,4.000000,100.000000,,,,,,,,,,,,,,,,,,,,,,,,,,,,,,,,,,,,,,,,,,,,,,,,,,,,,,,,,,,,,,,,,,,,,,,,,,,,,,,,,,,,,,
1676060256.719159,1676060256.719633,56.000000,0.000000,4301.538574,4276.410156,4320.512695,4307.948730,4292.307617,4291.025879,4304.487305,4299.358887,4304.743652,4290.512695,4478.205078,4502.051270,4386.922852,4438.205078,0.000000,4.000000,85.000000,,,,0.000000,4.000000,4.000000,4.000000,4.000000,4.000000,4.000000,4.000000,4.000000,4.000000,4.000000,4.000000,4.000000,4.000000,4.000000,100.000000,,,,,,,,,,,,,,,,,,,,,,,,,,,,,,,,,,,,,,,,,,,,,,,,,,,,,,,,,,,,,,,,,,,,,,,,,,,,,,,,,,,,,,
1676060256.726967,1676060256.727341,57.000000,0.000000,4295.256348,4268.974121,4306.922852,4303.589844,4292.179688,4287.692383,4294.102539,4288.077148,4293.461426,4277.692383,4453.461426,4483.589844,4366.410156,4414.230957,0.000000,4.000000,85.000000,,,,0.000000,4.000000,4.000000,4.000000,4.000000,4.000000,4.000000,4.000000,4.000000,4.000000,4.000000,4.000000,4.000000,4.000000,4.000000,100.000000,,,,,,,,,,,,,,,,,,,,,,,,,,,,,,,,,,,,,,,,,,,,,,,,,,,,,,,,,,,,,,,,,,,,,,,,,,,,,,,,,,,,,,
1676060256.734776,1676060256.735150,58.000000,0.000000,4309.102539,4283.077148,4318.333496,4313.717773,4293.717773,4293.205078,4303.974121,4300.256348,4309.230957,4293.205078,4471.282227,4500.897461,4386.025879,4438.717773,0.000000,4.000000,85.000000,,,,0.000000,4.000000,4.000000,4.000000,4.000000,4.000000,4.000000,4.000000,4.000000,4.000000,4.000000,4.000000,4.000000,4.000000,4.000000,100.000000,,,,,,,,,,,,,,,,,,,,,,,,,,,,,,,,,,,,,,,,,,,,,,,,,,,,,,,,,,,,,,,,,,,,,,,,,,,,,,,,,,,,,,
1676060256.742584,1676060256.742858,59.000000,0.000000,4318.974121,4286.410156,4327.948730,4316.922852,4297.436035,4303.333496,4317.051270,4314.615234,4323.077148,4304.102539,4502.307617,4516.666504,4419.615234,4466.538574,0.000000,4.000000,85.000000,,,,0.000000,4.000000,4.000000,4.000000,4.000000,4.000000,4.000000,4.000000,4.000000,4.000000,4.000000,4.000000,4.000000,4.000000,4.000000,100.000000,,,,,,,,,,,,,,,,,,,,,,,,,,,,,,,,,,,,,,,,,,,,,,,,,,,,,,,,,,,,,,,,,,,,,,,,,,,,,,,,,,,,,,
1676060256.750393,1676060256.750667,60.000000,0.000000,4303.974121,4272.179688,4315.897461,4305.128418,4294.487305,4302.179688,4305.897461,4300.256348,4306.538574,4285.769043,4488.461426,4496.153809,4406.153809,4440.384766,0.000000,4.000000,85.000000,,,,0.000000,4.000000,4.000000,4.000000,4.000000,4.000000,4.000000,4.000000,4.000000,4.000000,4.000000,4.000000,4.000000,4.000000,4.000000,100.000000,,,,,,,,,,,,,,,,,,,,,,,,,,,,,,,,,,,,,,,,,,,,,,,,,,,,,,,,,,,,,,,,,,,,,,,,,,,,,,,,,,,,,,
1676060256.758201,1676060256.758375,61.000000,0.000000,4289.615234,4258.589844,4302.948730,4290.897461,4281.153809,4292.307617,4291.538574,4280.256348,4290.000000,4278.717773,4465.256348,4480.641113,4384.230957,4419.358887,0.000000,4.000000,85.000000,,,,0.000000,4.000000,4.000000,4.000000,4.000000,4.000000,4.000000,4.000000,4.000000,4.000000,4.000000,4.000000,4.000000,4.000000,4.000000,100.000000,,,,,,,,,,,,,,,,,,,,,,,,,,,,,,,,,,,,,,,,,,,,,,,,,,,,,,,,,,,,,,,,,,,,,,,,,,,,,,,,,,,,,,
1676060256.766009,1676060256.766184,62.000000,0.000000,4299.871582,4250.897461,4309.230957,4289.871582,4278.461426,4292.436035,4298.717773,4285.384766,4300.512695,4297.436035,4483.846191,4499.743652,4409.871582,4450.769043,0.000000,4.000000,85.000000,,,,0.000000,4.000000,4.000000,4.000000,4.000000,4.000000,4.000000,4.000000,4.000000,4.000000,4.000000,4.000000,4.000000,4.000000,4.000000,100.000000,,,,,,,,,,,,,,,,,2.214946,4.396517,0.984662,1.291413,1.085504,5.268386,4.034939,1.129051,1.399845,1.275030,2.531833,5.062524,1.460169,1.077928,1.000190,1.343891,4.211761,1.213386,1.252165,0.957686,1.408744,1.302022,1.006610,0.740498,0.667812,0.987446,0.795655,0.738673,0.842539,0.536007,1.297989,1.429552,1.250241,0.922401,0.851036,10.334491,5.702539,1.143761,1.249742,0.895584,1.557131,0.939544,1.213276,0.759866,1.066246,1.390929,1.836470,1.338255,1.122934,1.342761,12.745719,3.199064,1.731982,2.360554,1.348337,7.833899,4.309162,1.769487,1.839629,1.623029,7.099551,4.053487,1.579082,2.071305,1.214333,3.377152,4.443592,1.159483,2.091869,1.333500
1676060256.773818,1676060256.773892,63.000000,0.000000,4306.666504,4245.000000,4318.589844,4294.230957,4283.717773,4300.769043,4306.410156,4297.179688,4308.077148,4298.461426,4499.615234,4511.153809,4428.077148,4469.487305,0.000000,4.000000,85.000000,,,,0.000000,4.000000,4.000000,4.000000,4.000000,4.000000,4.000000,4.000000,4.000000,4.000000,4.000000,4.000000,4.000000,4.000000,4.000000,100.000000,,,,,,,,,,,,,,,,,,,,,,,,,,,,,,,,,,,,,,,,,,,,,,,,,,,,,,,,,,,,,,,,,,,,,,,,,,,,,,,,,,,,,,
1676060256.781626,1676060256.781801,64.000000,0.000000,4294.358887,4241.153809,4313.974121,4286.153809,4275.897461,4296.153809,4302.179688,4292.948730,4296.282227,4277.948730,4481.025879,4497.563965,4407.436035,4442.563965,2513.000000,4.000000,85.000000,,,,0.000000,4.000000,4.000000,4.000000,4.000000,4.000000,4.000000,4.000000,4.000000,4.000000,4.000000,4.000000,4.000000,4.000000,4.000000,100.000000,,,,,,,,,,,,,,,,,,,,,,,,,,,,,,,,,,,,,,,,,,,,,,,,,,,,,,,,,,,,,,,,,,,,,,,,,,,,,,,,,,,,,,
1676060256.789435,1676060256.789609,65.000000,0.000000,4285.128418,4240.897461,4300.384766,4273.846191,4260.384766,4279.743652,4293.461426,4281.282227,4286.922852,4269.743652,4462.692383,4484.743652,4387.948730,4421.282227,2461.000000,4.000000,85.000000,,,,0.000000,4.000000,4.000000,4.000000,4.000000,4.000000,4.000000,4.000000,4.000000,4.000000,4.000000,4.000000,4.000000,4.000000,4.000000,100.000000,,,,,,,,,,,,,,,,,,,,,,,,,,,,,,,,,,,,,,,,,,,,,,,,,,,,,,,,,,,,,,,,,,,,,,,,,,,,,,,,,,,,,,
1676060256.797243,1676060256.797518,66.000000,0.000000,4293.077148,4245.256348,4306.666504,4281.794922,4258.846191,4279.743652,4292.051270,4286.025879,4297.307617,4285.256348,4473.717773,4493.717773,4391.538574,4431.282227,2389.000000,4.000000,85.000000,,,,0.000000,4.000000,4.000000,4.000000,4.000000,4.000000,4.000000,4.000000,4.000000,4.000000,4.000000,4.000000,4.000000,4.000000,4.000000,100.000000,,,,,,,,,,,,,,,,,,,,,,,,,,,,,,,,,,,,,,,,,,,,,,,,,,,,,,,,,,,,,,,,,,,,,,,,,,,,,,,,,,,,,,
1676060256.805051,1676060256.805326,67.000000,0.000000,4310.000000,4259.487305,4335.256348,4306.025879,4274.102539,4298.589844,4307.051270,4311.025879,4322.307617,4309.743652,4500.512695,4519.615234,4408.205078,4452.563965,2451.000000,4.000000,85.000000,,,,0.000000,4.000000,4.000000,4.000000,4.000000,4.000000,4.000000,4.000000,4.000000,4.000000,4.000000,4.000000,4.000000,4.000000,4.000000,100.000000,,,,,,,,,,,,,,,,,,,,,,,,,,,,,,,,,,,,,,,,,,,,,,,,,,,,,,,,,,,,,,,,,,,,,,,,,,,,,,,,,,,,,,
1676060256.812860,1676060256.813234,68.000000,0.000000,4320.769043,4271.538574,4350.512695,4315.000000,4281.538574,4310.128418,4323.461426,4327.179688,4342.436035,4319.102539,4514.102539,4535.000000,4422.436035,4464.615234,2423.000000,4.000000,85.000000,,,,0.000000,4.000000,4.000000,4.000000,4.000000,4.000000,4.000000,4.000000,4.000000,4.000000,4.000000,4.000000,4.000000,4.000000,4.000000,100.000000,,,,,,,,,,,,,,,,,,,,,,,,,,,,,,,,,,,,,,,,,,,,,,,,,,,,,,,,,,,,,,,,,,,,,,,,,,,,,,,,,,,,,,
1676060256.820668,1676060256.821043,69.000000,0.000000,4317.179688,4270.000000,4333.846191,4302.563965,4268.333496,4301.410156,4314.615234,4313.077148,4328.205078,4306.922852,4501.410156,4517.692383,4415.897461,4457.948730,2358.000000,4.000000,85.000000,,,,0.000000,4.000000,4.000000,4.000000,4.000000,4.000000,4.000000,4.000000,4.000000,4.000000,4.000000,4.000000,4.000000,4.000000,4.000000,100.000000,,,,,,,,,,,,,,,,,,,,,,,,,,,,,,,,,,,,,,,,,,,,,,,,,,,,,,,,,,,,,,,,,,,,,,,,,,,,,,,,,,,,,,
1676060256.828476,1676060256.828951,70.000000,0.000000,4302.563965,4260.000000,4312.948730,4291.282227,4257.436035,4291.922852,4293.589844,4295.641113,4301.282227,4296.538574,4479.871582,4489.102539,4395.128418,4443.205078,2221.000000,4.000000,85.000000,,,,0.000000,4.000000,4.000000,4.000000,4.000000,4.000000,4.000000,4.000000,4.000000,4.000000,4.000000,4.000000,4.000000,4.000000,4.000000,100.000000,,,,,,,,,,,,,,,,,,,,,,,,,,,,,,,,,,,,,,,,,,,,,,,,,,,,,,,,,,,,,,,,,,,,,,,,,,,,,,,,,,,,,,
1676060256.836285,1676060256.836760,71.000000,0.000000,4288.077148,4252.051270,4307.820313,4284.743652,4261.282227,4292.692383,4284.871582,4288.846191,4293.077148,4286.794922,4465.897461,4475.897461,4383.717773,4431.666504,2232.000000,4.000000,85.000000,,,,0.000000,4.000000,4.000000,4.000000,4.000000,4.000000,4.000000,4.000000,4.000000,4.000000,4.000000,4.000000,4.000000,4.000000,4.000000,100.000000,,,,,,,,,,,,,,,,,,,,,,,,,,,,,,,,,,,,,,,,,,,,,,,,,,,,,,,,,,,,,,,,,,,,,,,,,,,,,,,,,,,,,,
1676060256.844093,1676060256.844668,72.000000,0.000000,4286.025879,4253.717773,4305.000000,4279.230957,4262.948730,4293.589844,4282.307617,4276.922852,4284.615234,4268.846191,4454.743652,4471.538574,4378.461426,4422.436035,2282.000000,4.000000,85.000000,,,,0.000000,4.000000,4.000000,4.000000,4.000000,4.000000,4.000000,4.000000,4.000000,4.000000,4.000000,4.000000,4.000000,4.000000,4.000000,100.000000,,,,,,,,,,,,,,,,,,,,,,,,,,,,,,,,,,,,,,,,,,,,,,,,,,,,,,,,,,,,,,,,,,,,,,,,,,,,,,,,,,,,,,
1676060256.851902,1676060256.852476,73.000000,0.000000,4302.436035,4266.666504,4309.743652,4286.153809,4262.051270,4293.846191,4289.230957,4278.717773,4283.974121,4271.538574,4463.974121,4482.179688,4383.077148,4431.538574,2239.000000,4.000000,85.000000,,,,0.000000,4.000000,4.000000,4.000000,4.000000,4.000000,4.000000,4.000000,4.000000,4.000000,4.000000,4.000000,4.000000,4.000000,4.000000,100.000000,,,,,,,,,,,,,,,,,,,,,,,,,,,,,,,,,,,,,,,,,,,,,,,,,,,,,,,,,,,,,,,,,,,,,,,,,,,,,,,,,,,,,,
1676060256.859710,1676060256.860185,74.000000,0.000000,4319.358887,4285.641113,4325.641113,4306.538574,4269.743652,4298.205078,4307.307617,4297.051270,4301.153809,4294.615234,4487.820313,4508.589844,4401.922852,4454.102539,2722.000000,4.000000,85.000000,,,,0.000000,4.000000,4.000000,4.000000,4.000000,4.000000,4.000000,4.000000,4.000000,4.000000,4.000000,4.000000,4.000000,4.000000,4.000000,100.000000,,,,,,,,,,,,,,,,,,,,,,,,,,,,,,,,,,,,,,,,,,,,,,,,,,,,,,,,,,,,,,,,,,,,,,,,,,,,,,,,,,,,,,
1676060256.867518,1676060256.867993,75.000000,0.000000,4323.974121,4300.897461,4340.256348,4321.025879,4278.589844,4305.128418,4318.589844,4307.948730,4311.025879,4302.820313,4496.538574,4524.358887,4411.666504,4465.384766,2910.000000,4.000000,85.000000,,,,0.000000,4.000000,4.000000,4.000000,4.000000,4.000000,4.000000,4.000000,4.000000,4.000000,4.000000,4.000000,4.000000,4.000000,4.000000,100.000000,,,,,,,,,,,,,,,,,,,,,,,,,,,,,,,,,,,,,,,,,,,,,,,,,,,,,,,,,,,,,,,,,,,,,,,,,,,,,,,,,,,,,,
1676060256.875327,1676060256.875702,76.000000,0.000000,4323.589844,4302.436035,4349.230957,4321.025879,4275.384766,4304.615234,4323.846191,4313.846191,4312.692383,4303.717773,4496.538574,4525.512695,4401.666504,4463.077148,3117.000000,4.000000,85.000000,,,,0.000000,4.000000,4.000000,4.000000,4.000000,4.000000,4.000000,4.000000,4.000000,4.000000,4.000000,4.000000,4.000000,4.000000,4.000000,100.000000,,,,,,,,,,,,,,,,,,,,,,,,,,,,,,,,,,,,,,,,,,,,,,,,,,,,,,,,,,,,,,,,,,,,,,,,,,,,,,,,,,,,,,
1676060256.883135,1676060256.883510,77.000000,0.000000,4311.666504,4283.589844,4342.436035,4305.384766,4257.051270,4292.179688,4316.538574,4308.077148,4305.128418,4292.820313,4479.230957,4510.897461,4379.230957,4446.025879,3236.000000,4.000000,85.000000,,,,0.000000,4.000000,4.000000,4.000000,4.000000,4.000000,4.000000,4.000000,4.000000,4.000000,4.000000,4.000000,4.000000,4.000000,4.000000,100.000000,,,,,,,,,,,,,,,,,,,,,,,,,,,,,,,,,,,,,,,,,,,,,,,,,,,,,,,,,,,,,,,,,,,,,,,,,,,,,,,,,,,,,,
1676060256.890943,1676060256.891219,78.000000,0.000000,4295.512695,4262.948730,4324.743652,4286.666504,4243.717773,4284.487305,4300.000000,4287.436035,4284.871582,4256.153809,4443.589844,4484.615234,4357.436035,4419.743652,2722.000000,4.000000,85.000000,,,,0.000000,4.000000,4.000000,4.000000,4.000000,4.000000,4.000000,4.000000,4.000000,4.000000,4.000000,4.000000,4.000000,4.000000,4.000000,100.000000,1.000000,41.666668,4.000000,4.000000,3.000000,4.000000,1.000000,4.000000,4.000000,3.000000,4.000000,4.000000,3.000000,1.000000,4.000000,3.000000,2.139636,4.197753,0.702890,1.416909,0.985053,5.565064,3.864775,1.157886,1.529583,1.178698,2.205986,4.572008,1.111724,1.175761,0.922269,1.584386,3.952540,1.058683,1.319689,0.872341,1.720584,1.377729,0.869528,0.886703,0.619745,0.850503,0.663005,0.667991,0.872959,0.507873,1.080083,1.251908,1.393904,0.940943,0.774608,10.798887,6.173617,1.329705,1.273778,0.824702,1.391616,1.068057,1.319731,0.841903,0.971901,1.264289,1.527658,1.664172,1.224887,1.160226,12.202045,2.655636,2.131675,2.536257,1.203955,7.223896,3.254498,1.677357,1.943505,1.414235,6.621571,3.857812,2.001772,2.275190,1.044500,2.971471,3.859375,1.135013,2.273839,1.163741
1676060256.898752,1676060256.899027,79.000000,0.000000,4294.615234,4263.846191,4318.205078,4284.358887,4246.410156,4290.256348,4298.333496,4285.384766,4280.128418,4244.102539,4432.692383,4476.025879,4346.025879,4411.153809,2910.000000,4.000000,85.000000,,,,0.000000,4.000000,4.000000,4.000000,4.000000,4.000000,4.000000,4.000000,4.000000,4.000000,4.000000,4.000000,4.000000,4.000000,4.000000,100.000000,,,,,,,,,,,,,,,,,,,,,,,,,,,,,,,,,,,,,,,,,,,,,,,,,,,,,,,,,,,,,,,,,,,,,,,,,,,,,,,,,,,,,,
1676060256.906560,1676060256.906736,80.000000,0.000000,4293.974121,4274.615234,4315.384766,4289.358887,4247.051270,4293.205078,4303.077148,4297.307617,4292.948730,4269.230957,4449.230957,4480.512695,4351.794922,4418.205078,3117.000000,4.000000,85.000000,,,,0.000000,4.000000,4.000000,4.000000,4.000000,4.000000,4.000000,4.000000,4.000000,4.000000,4.000000,4.000000,4.000000,4.000000,4.000000,100.000000,,,,,,,,,,,,,,,,,,,,,,,,,,,,,,,,,,,,,,,,,,,,,,,,,,,,,,,,,,,,,,,,,,,,,,,,,,,,,,,,,,,,,,
1676060256.914369,1676060256.914544,81.000000,0.000000,4293.333496,4283.974121,4312.948730,4297.436035,4248.077148,4296.153809,4303.077148,4298.717773,4301.282227,4288.205078,4465.512695,4484.230957,4376.282227,4430.769043,3236.000000,4.000000,85.000000,,,,0.000000,4.000000,4.000000,4.000000,4.000000,4.000000,4.000000,4.000000,4.000000,4.000000,4.000000,4.000000,4.000000,4.000000,4.000000,100.000000,,,,,,,,,,,,,,,,,,,,,,,,,,,,,,,,,,,,,,,,,,,,,,,,,,,,,,,,,,,,,,,,,,,,,,,,,,,,,,,,,,,,,,
1676060256.922177,1676060256.922253,82.000000,0.000000,4293.589844,4279.102539,4308.846191,4292.692383,4248.077148,4296.922852,4294.358887,4289.615234,4295.384766,4283.333496,4461.666504,4475.641113,4378.461426,4429.615234,2722.000000,4.000000,85.000000,,,,0.000000,4.000000,4.000000,4.000000,4.000000,4.000000,4.000000,4.000000,4.000000,4.000000,4.000000,4.000000,4.000000,4.000000,4.000000,100.000000,,,,,,,,,,,,,,,,,,,,,,,,,,,,,,,,,,,,,,,,,,,,,,,,,,,,,,,,,,,,,,,,,,,,,,,,,,,,,,,,,,,,,,
1676060256.929985,1676060256.930061,83.000000,0.000000,4281.794922,4260.000000,4291.410156,4268.717773,4234.358887,4282.692383,4277.563965,4269.487305,4271.025879,4259.102539,4436.153809,4448.461426,4347.179688,4401.538574,2910.000000,4.000000,85.000000,,,,0.000000,4.000000,4.000000,4.000000,4.000000,4.000000,4.000000,4.000000,4.000000,4.000000,4.000000,4.000000,4.000000,4.000000,4.000000,100.000000,,,,,,,,,,,,,,,,,,,,,,,,,,,,,,,,,,,,,,,,,,,,,,,,,,,,,,,,,,,,,,,,,,,,,,,,,,,,,,,,,,,,,,
1676060256.937794,1676060256.937770,84.000000,0.000000,4278.589844,4260.769043,4285.256348,4267.820313,4228.846191,4274.743652,4274.358887,4259.487305,4258.717773,4243.333496,4428.974121,4440.000000,4341.282227,4389.743652,3117.000000,4.000000,85.000000,,,,0.000000,4.000000,4.000000,4.000000,4.000000,4.000000,4.000000,4.000000,4.000000,4.000000,4.000000,4.000000,4.000000,4.000000,4.000000,100.000000,,,,,,,,,,,,,,,,,,,,,,,,,,,,,,,,,,,,,,,,,,,,,,,,,,,,,,,,,,,,,,,,,,,,,,,,,,,,,,,,,,,,,,
1676060256.945602,1676060256.945678,85.000000,0.000000,4317.179688,4307.179688,4328.974121,4316.794922,4254.743652,4300.769043,4306.025879,4297.820313,4301.282227,4281.794922,4479.102539,4491.153809,4386.922852,4439.487305,3236.000000,4.000000,85.000000,,,,0.000000,4.000000,4.000000,4.000000,4.000000,4.000000,4.000000,4.000000,4.000000,4.000000,4.000000,4.000000,4.000000,4.000000,4.000000,100.000000,,,,,,,,,,,,,,,,,,,,,,,,,,,,,,,,,,,,,,,,,,,,,,,,,,,,,,,,,,,,,,,,,,,,,,,,,,,,,,,,,,,,,,
1676060256.953411,1676060256.953487,86.000000,0.000000,4353.974121,4349.487305,4372.563965,4356.794922,4276.410156,4325.897461,4337.307617,4339.615234,4345.256348,4332.692383,4522.436035,4540.897461,4419.102539,4484.615234,2722.000000,4.000000,85.000000,,,,0.000000,4.000000,4.000000,4.000000,4.000000,4.000000,4.000000,4.000000,4.000000,4.000000,4.000000,4.000000,4.000000,4.000000,4.000000,100.000000,,,,,,,,,,,,,,,,,,,,,,,,,,,,,,,,,,,,,,,,,,,,,,,,,,,,,,,,,,,,,,,,,,,,,,,,,,,,,,,,,,,,,,
1676060256.961219,1676060256.961395,87.000000,0.000000,4331.922852,4331.410156,4351.794922,4333.077148,4260.641113,4313.077148,4323.461426,4320.256348,4320.512695,4313.974121,4491.282227,4511.666504,4391.025879,4452.692383,2910.000000,4.000000,85.000000,,,,0.000000,4.000000,4.000000,4.000000,4.000000,4.000000,4.000000,4.000000,4.000000,4.000000,4.000000,4.000000,4.000000,4.000000,4.000000,100.000000,,,,,,,,,,,,,,,,,,,,,,,,,,,,,,,,,,,,,,,,,,,,,,,,,,,,,,,,,,,,,,,,,,,,,,,,,,,,,,,,,,,,,,
1676060256.969027,1676060256.969204,88.000000,0.000000,4301.153809,4305.384766,4318.846191,4300.641113,4236.282227,4293.717773,4297.563965,4287.563965,4282.051270,4269.487305,4450.384766,4468.461426,4356.153809,4414.102539,3117.000000,4.000000,85.000000,,,,0.000000,4.000000,4.000000,4.000000,4.000000,4.000000,4.000000,4.000000,4.000000,4.000000,4.000000,4.000000,4.000000,4.000000,4.000000,100.000000,,,,,,,,,,,,,,,,,,,,,,,,,,,,,,,,,,,,,,,,,,,,,,,,,,,,,,,,,,,,,,,,,,,,,,,,,,,,,,,,,,,,,,
1676060256.976836,1676060256.977112,89.000000,0.000000,4315.641113,4320.769043,4328.333496,4311.666504,4231.794922,4295.000000,4303.589844,4292.436035,4291.922852,4275.000000,4462.051270,4482.307617,4361.794922,4434.230957,3236.000000,4.000000,85.000000,,,,0.000000,4.000000,4.000000,4.000000,4.000000,4.000000,4.000000,4.000000,4.000000,4.000000,4.000000,4.000000,4.000000,4.000000,4.000000,100.000000,,,,,,,,,,,,,,,,,,,,,,,,,,,,,,,,,,,,,,,,,,,,,,,,,,,,,,,,,,,,,,,,,,,,,,,,,,,,,,,,,,,,,,
1676060256.984644,1676060256.984920,90.000000,0.000000,4324.615234,4328.461426,4340.384766,4323.846191,4235.256348,4298.974121,4315.000000,4298.846191,4301.538574,4279.358887,4473.461426,4498.974121,4370.512695,4449.615234,2722.000000,4.000000,85.000000,,,,0.000000,4.000000,4.000000,4.000000,4.000000,4.000000,4.000000,4.000000,4.000000,4.000000,4.000000,4.000000,4.000000,4.000000,4.000000,100.000000,,,,,,,,,,,,,,,,,,,,,,,,,,,,,,,,,,,,,,,,,,,,,,,,,,,,,,,,,,,,,,,,,,,,,,,,,,,,,,,,,,,,,,
1676060256.992453,1676060256.992829,91.000000,0.000000,4303.717773,4308.205078,4326.538574,4307.563965,4235.000000,4293.205078,4304.358887,4294.743652,4284.230957,4252.307617,4456.794922,4487.307617,4358.717773,4430.256348,2910.000000,4.000000,85.000000,,,,0.000000,4.000000,4.000000,4.000000,4.000000,4.000000,4.000000,4.000000,4.000000,4.000000,4.000000,4.000000,4.000000,4.000000,4.000000,100.000000,,,,,,,,,,,,,,,,,,,,,,,,,,,,,,,,,,,,,,,,,,,,,,,,,,,,,,,,,,,,,,,,,,,,,,,,,,,,,,,,,,,,,,
1676060257.000261,1676060257.000637,92.000000,0.000000,4291.922852,4297.948730,4313.717773,4293.461426,4232.692383,4291.410156,4293.974121,4299.230957,4281.666504,4250.128418,4444.743652,4478.077148,4344.358887,4419.615234,3117.000000,4.000000,85.000000,,,,0.000000,4.000000,4.000000,4.000000,4.000000,4.000000,4.000000,4.000000,4.000000,4.000000,4.000000,4.000000,4.000000,4.000000,4.000000,100.000000,,,,,,,,,,,,,,,,,,,,,,,,,,,,,,,,,,,,,,,,,,,,,,,,,,,,,,,,,,,,,,,,,,,,,,,,,,,,,,,,,,,,,,
1676060257.008069,1676060257.008545,93.000000,0.000000,4284.102539,4290.384766,4299.358887,4286.794922,4226.410156,4291.025879,4289.871582,4287.307617,4279.871582,4256.153809,4422.563965,4458.589844,4318.333496,4404.230957,3236.000000,4.000000,85.000000,,,,0.000000,4.000000,4.000000,4.000000,4.000000,4.000000,4.000000,4.000000,4.000000,4.000000,4.000000,4.000000,4.000000,4.000000,4.000000,100.000000,,,,,,,,,,,,,,,,,,,,,,,,,,,,,,,,,,,,,,,,,,,,,,,,,,,,,,,,,,,,,,,,,,,,,,,,,,,,,,,,,,,,,,
1676060257.015878,1676060257.016354,94.000000,0.000000,4277.563965,4280.897461,4288.974121,4282.307617,4230.512695,4293.846191,4290.769043,4276.666504,4273.974121,4252.692383,4402.436035,4440.897461,4301.025879,4384.743652,2722.000000,4.000000,85.000000,,,,0.000000,4.000000,4.000000,4.000000,4.000000,4.000000,4.000000,4.000000,4.000000,4.000000,4.000000,4.000000,4.000000,4.000000,4.000000,100.000000,,,,,,,,,,,,,,,,,2.086781,4.072392,0.673752,1.548733,0.946512,5.581746,3.755304,1.442953,1.635530,1.146065,1.884011,4.394979,1.030934,1.303073,0.921341,2.044118,3.897600,1.189466,1.406049,0.850224,2.077821,1.643933,0.844829,1.045998,0.585717,0.782319,0.629415,0.696119,0.874576,0.483355,0.954871,1.191480,1.623553,0.953083,0.734460,9.966215,6.050170,1.580737,1.262862,0.826679,1.155574,1.338617,1.461788,0.941357,0.969023,1.049840,1.421446,2.301480,1.364059,1.076909,10.201712,2.467393,2.721646,2.679742,1.191250,6.168763,2.686543,1.831324,2.058147,1.336238,5.501822,3.798767,2.559246,2.444728,0.997710,2.545562,3.570190,1.305948,2.421276,1.087823
1676060257.023686,1676060257.024262,95.000000,0.000000,4299.230957,4302.436035,4314.230957,4304.102539,4248.333496,4308.846191,4313.589844,4307.436035,4302.948730,4282.307617,4440.384766,4471.025879,4337.179688,4413.333496,2910.000000,4.000000,85.000000,,,,0.000000,4.000000,4.000000,4.000000,4.000000,4.000000,4.000000,4.000000,4.000000,4.000000,4.000000,4.000000,4.000000,4.000000,4.000000,100.000000,,,,,,,,,,,,,,,,,,,,,,,,,,,,,,,,,,,,,,,,,,,,,,,,,,,,,,,,,,,,,,,,,,,,,,,,,,,,,,,,,,,,,,
1676060257.031494,1676060257.032071,96.000000,0.000000,4314.358887,4328.974121,4333.077148,4327.179688,4248.846191,4309.615234,4325.769043,4325.512695,4324.871582,4306.410156,4475.000000,4496.666504,4367.692383,4439.358887,3117.000000,4.000000,85.000000,,,,0.000000,4.000000,4.000000,4.000000,4.000000,4.000000,4.000000,4.000000,4.000000,4.000000,4.000000,4.000000,4.000000,4.000000,4.000000,100.000000,,,,,,,,,,,,,,,,,,,,,,,,,,,,,,,,,,,,,,,,,,,,,,,,,,,,,,,,,,,,,,,,,,,,,,,,,,,,,,,,,,,,,,
1676060257.039303,1676060257.039779,97.000000,0.000000,4293.205078,4314.358887,4310.512695,4311.922852,4228.461426,4292.436035,4299.615234,4297.307617,4298.717773,4278.846191,4444.615234,4466.282227,4339.230957,4408.461426,3236.000000,4.000000,85.000000,,,,0.000000,4.000000,4.000000,4.000000,4.000000,4.000000,4.000000,4.000000,4.000000,4.000000,4.000000,4.000000,4.000000,4.000000,4.000000,100.000000,,,,,,,,,,,,,,,,,,,,,,,,,,,,,,,,,,,,,,,,,,,,,,,,,,,,,,,,,,,,,,,,,,,,,,,,,,,,,,,,,,,,,,
1676060257.047111,1676060257.047588,98.000000,0.000000,4286.025879,4293.974121,4301.922852,4293.974121,4219.487305,4287.563965,4285.897461,4281.922852,4281.538574,4269.358887,4431.666504,4451.922852,4326.025879,4394.615234,2722.000000,4.000000,85.000000,,,,0.000000,4.000000,4.000000,4.000000,4.000000,4.000000,4.000000,4.000000,4.000000,4.000000,4.000000,4.000000,4.000000,4.000000,4.000000,100.000000,,,,,,,,,,,,,,,,,,,,,,,,,,,,,,,,,,,,,,,,,,,,,,,,,,,,,,,,,,,,,,,,,,,,,,,,,,,,,,,,,,,,,,
1676060257.054920,1676060257.055296,99.000000,0.000000,4316.153809,4313.077148,4330.897461,4311.282227,4225.641113,4294.871582,4301.153809,4298.717773,4303.717773,4303.333496,4474.230957,4487.820313,4368.205078,4441.794922,2910.000000,4.000000,85.000000,,,,0.000000,4.000000,4.000000,4.000000,4.000000,4.000000,4.000000,4.000000,4.000000,4.000000,4.000000,4.000000,4.000000,4.000000,4.000000,100.000000,,,,,,,,,,,,,,,,,,,,,,,,,,,,,,,,,,,,,,,,,,,,,,,,,,,,,,,,,,,,,,,,,,,,,,,,,,,,,,,,,,,,,,
1676060257.062728,1676060257.063105,100.000000,0.000000,4330.769043,4331.410156,4337.820313,4320.897461,4219.102539,4284.743652,4296.153809,4300.256348,4308.974121,4305.384766,4490.000000,4500.897461,4390.897461,4468.717773,3117.000000,4.000000,85.000000,,,,0.000000,4.000000,4.000000,4.000000,4.000000,4.000000,4.000000,4.000000,4.000000,4.000000,4.000000,4.000000,4.000000,4.000000,4.000000,100.000000,,,,,,,,,,,,,,,,,,,,,,,,,,,,,,,,,,,,,,,,,,,,,,,,,,,,,,,,,,,,,,,,,,,,,,,,,,,,,,,,,,,,,,
1676060257.070536,1676060257.070813,101.000000,0.000000,4311.794922,4308.077148,4313.205078,4296.410156,4199.487305,4264.358887,4273.717773,4281.282227,4284.743652,4279.487305,4460.769043,4473.974121,4363.461426,4441.922852,3236.000000,4.000000,85.000000,,,,0.000000,4.000000,4.000000,4.000000,4.000000,4.000000,4.000000,4.000000,4.000000,4.000000,4.000000,4.000000,4.000000,4.000000,4.000000,100.000000,,,,,,,,,,,,,,,,,,,,,,,,,,,,,,,,,,,,,,,,,,,,,,,,,,,,,,,,,,,,,,,,,,,,,,,,,,,,,,,,,,,,,,
1676060257.078345,1676060257.078622,102.000000,0.000000,4304.743652,4295.769043,4309.871582,4288.205078,4195.384766,4265.128418,4276.794922,4278.846191,4274.871582,4273.846191,4453.974121,4469.743652,4352.051270,4430.641113,2722.000000,4.000000,85.000000,,,,0.000000,4.000000,4.000000,4.000000,4.000000,4.000000,4.000000,4.000000,4.000000,4.000000,4.000000,4.000000,4.000000,4.000000,4.000000,100.000000,,,,,,,,,,,,,,,,,,,,,,,,,,,,,,,,,,,,,,,,,,,,,,,,,,,,,,,,,,,,,,,,,,,,,,,,,,,,,,,,,,,,,,
1676060257.086153,1676060257.086330,103.000000,0.000000,4333.717773,4331.922852,4336.410156,4320.000000,4216.025879,4287.563965,4308.205078,4310.256348,4302.948730,4297.179688,4491.794922,4505.769043,4386.666504,4465.769043,2910.000000,4.000000,85.000000,,,,0.000000,4.000000,4.000000,4.000000,4.000000,4.000000,4.000000,4.000000,4.000000,4.000000,4.000000,4.000000,4.000000,4.000000,4.000000,100.000000,,,,,,,,,,,,,,,,,,,,,,,,,,,,,,,,,,,,,,,,,,,,,,,,,,,,,,,,,,,,,,,,,,,,,,,,,,,,,,,,,,,,,,
1676060257.093961,1676060257.094139,104.000000,0.000000,4337.948730,4340.512695,4337.179688,4324.487305,4222.692383,4298.205078,4319.615234,4329.487305,4327.179688,4309.487305,4501.794922,4511.922852,4392.948730,4471.410156,3117.000000,4.000000,85.000000,,,,0.000000,4.000000,4.000000,4.000000,4.000000,4.000000,4.000000,4.000000,4.000000,4.000000,4.000000,4.000000,4.000000,4.000000,4.000000,100.000000,,,,,,,,,,,,,,,,,,,,,,,,,,,,,,,,,,,,,,,,,,,,,,,,,,,,,,,,,,,,,,,,,,,,,,,,,,,,,,,,,,,,,,
1676060257.101770,1676060257.101847,105.000000,0.000000,4296.153809,4295.897461,4296.794922,4279.871582,4201.282227,4285.384766,4299.743652,4307.307617,4309.615234,4285.384766,4457.307617,4467.692383,4347.692383,4421.922852,3236.000000,4.000000,85.000000,,,,0.000000,4.000000,4.000000,4.000000,4.000000,4.000000,4.000000,4.000000,4.000000,4.000000,4.000000,4.000000,4.000000,4.000000,4.000000,100.000000,,,,,,,,,,,,,,,,,,,,,,,,,,,,,,,,,,,,,,,,,,,,,,,,,,,,,,,,,,,,,,,,,,,,,,,,,,,,,,,,,,,,,,
1676060257.109578,1676060257.109656,106.000000,0.000000,4269.615234,4268.333496,4270.769043,4253.205078,4191.794922,4281.538574,4288.333496,4289.871582,4292.051270,4269.487305,4426.025879,4443.589844,4319.487305,4389.743652,2722.000000,4.000000,85.000000,,,,0.000000,4.000000,4.000000,4.000000,4.000000,4.000000,4.000000,4.000000,4.000000,4.000000,4.000000,4.000000,4.000000,4.000000,4.000000,100.000000,,,,,,,,,,,,,,,,,,,,,,,,,,,,,,,,,,,,,,,,,,,,,,,,,,,,,,,,,,,,,,,,,,,,,,,,,,,,,,,,,,,,,,
1676060257.117387,1676060257.117364,107.000000,0.000000,4276.025879,4275.256348,4283.077148,4266.282227,4199.487305,4294.487305,4295.384766,4299.615234,4296.922852,4280.000000,4432.051270,4455.256348,4320.256348,4395.769043,2910.000000,4.000000,85.000000,,,,0.000000,4.000000,4.000000,4.000000,4.000000,4.000000,4.000000,4.000000,4.000000,4.000000,4.000000,4.000000,4.000000,4.000000,4.000000,100.000000,,,,,,,,,,,,,,,,,,,,,,,,,,,,,,,,,,,,,,,,,,,,,,,,,,,,,,,,,,,,,,,,,,,,,,,,,,,,,,,,,,,,,,
1676060257.125195,1676060257.125173,108.000000,0.000000,4288.333496,4288.077148,4301.153809,4283.717773,4201.922852,4294.358887,4296.153809,4301.025879,4298.461426,4276.025879,4433.717773,4457.307617,4320.128418,4404.358887,3117.000000,4.000000,85.000000,,,,0.000000,4.000000,4.000000,4.000000,4.000000,4.000000,4.000000,4.000000,4.000000,4.000000,4.000000,4.000000,4.000000,4.000000,4.000000,100.000000,,,,,,,,,,,,,,,,,,,,,,,,,,,,,,,,,,,,,,,,,,,,,,,,,,,,,,,,,,,,,,,,,,,,,,,,,,,,,,,,,,,,,,
1676060257.133003,1676060257.132881,109.000000,0.000000,4294.102539,4293.974121,4301.025879,4289.230957,4206.282227,4281.794922,4286.538574,4284.230957,4293.077148,4261.794922,4423.077148,4443.717773,4321.538574,4403.974121,3236.000000,4.000000,85.000000,,,,0.000000,4.000000,4.000000,4.000000,4.000000,4.000000,4.000000,4.000000,4.000000,4.000000,4.000000,4.000000,4.000000,4.000000,4.000000,100.000000,,,,,,,,,,,,,,,,,,,,,,,,,,,,,,,,,,,,,,,,,,,,,,,,,,,,,,,,,,,,,,,,,,,,,,,,,,,,,,,,,,,,,,
1676060257.140812,1676060257.140790,110.000000,0.000000,4302.948730,4303.717773,4303.589844,4303.846191,4214.230957,4285.384766,4286.666504,4278.333496,4291.794922,4268.846191,4428.717773,4450.000000,4328.205078,4413.333496,2722.000000,4.000000,85.000000,,,,0.000000,4.000000,4.000000,4.000000,4.000000,4.000000,4.000000,4.000000,4.000000,4.000000,4.000000,4.000000,4.000000,4.000000,4.000000,100.000000,,,,,,,,,,,,,,,,,2.001249,3.977092,0.924696,1.670537,0.982159,5.504491,3.804942,1.958906,1.721423,1.169561,1.572384,4.476223,1.287894,1.445057,0.993213,2.652773,4.081854,1.608659,1.511911,0.898513,2.488904,2.067538,0.917193,1.185242,0.569892,0.767907,0.686297,0.812400,0.852570,0.467154,0.913016,1.219212,1.953575,0.975001,0.744373,7.858686,5.397611,1.900770,1.255194,0.906971,0.912192,1.689255,1.653846,1.067139,1.069930,0.823001,1.494111,3.125502,1.511048,1.118952,7.356565,2.479760,3.349403,2.792760,1.328676,4.888486,2.507966,2.218243,2.201054,1.409076,4.103314,3.708743,3.104025,2.555371,1.085989,2.113500,3.462562,1.639130,2.520358,1.139280
1676060257.148620,1676060257.148598,111.000000,0.000000,4318.205078,4324.615234,4321.794922,4329.487305,4221.282227,4301.282227,4297.820313,4291.538574,4296.794922,4285.256348,4452.948730,4475.000000,4339.743652,4430.769043,2910.000000,4.000000,85.000000,,,,0.000000,4.000000,4.000000,4.000000,4.000000,4.000000,4.000000,4.000000,4.000000,4.000000,4.000000,4.000000,4.000000,4.000000,4.000000,100.000000,,,,,,,,,,,,,,,,,,,,,,,,,,,,,,,,,,,,,,,,,,,,,,,,,,,,,,,,,,,,,,,,,,,,,,,,,,,,,,,,,,,,,,
1676060257.156428,1676060257.156506,112.000000,0.000000,4331.282227,4341.538574,4329.871582,4339.230957,4226.538574,4300.128418,4299.871582,4298.333496,4299.358887,4292.692383,4471.794922,4488.717773,4355.641113,4440.256348,3117.000000,4.000000,85.000000,,,,0.000000,4.000000,4.000000,4.000000,4.000000,4.000000,4.000000,4.000000,4.000000,4.000000,4.000000,4.000000,4.000000,4.000000,4.000000,100.000000,,,,,,,,,,,,,,,,,,,,,,,,,,,,,,,,,,,,,,,,,,,,,,,,,,,,,,,,,,,,,,,,,,,,,,,,,,,,,,,,,,,,,,
1676060257.164237,1676060257.164315,113.000000,0.000000,4337.692383,4337.948730,4328.846191,4338.589844,4226.025879,4291.922852,4291.410156,4294.230957,4297.948730,4292.179688,4479.615234,4493.077148,4368.846191,4450.769043,3236.000000,4.000000,85.000000,,,,0.000000,4.000000,4.000000,4.000000,4.000000,4.000000,4.000000,4.000000,4.000000,4.000000,4.000000,4.000000,4.000000,4.000000,4.000000,100.000000,,,,,,,,,,,,,,,,,,,,,,,,,,,,,,,,,,,,,,,,,,,,,,,,,,,,,,,,,,,,,,,,,,,,,,,,,,,,,,,,,,,,,,
1676060257.172045,1676060257.172123,114.000000,0.000000,4337.692383,4328.589844,4335.000000,4345.769043,4217.820313,4293.846191,4293.974121,4299.615234,4302.820313,4290.256348,4489.358887,4505.641113,4376.794922,4463.589844,2722.000000,4.000000,85.000000,,,,0.000000,4.000000,4.000000,4.000000,4.000000,4.000000,4.000000,4.000000,4.000000,4.000000,4.000000,4.000000,4.000000,4.000000,4.000000,100.000000,,,,,,,,,,,,,,,,,,,,,,,,,,,,,,,,,,,,,,,,,,,,,,,,,,,,,,,,,,,,,,,,,,,,,,,,,,,,,,,,,,,,,,
1676060257.179854,1676060257.179832,115.000000,0.000000,4325.128418,4321.538574,4329.358887,4341.282227,4204.487305,4287.563965,4300.000000,4306.282227,4307.563965,4297.563965,4490.256348,4511.410156,4372.307617,4456.282227,2910.000000,4.000000,85.000000,,,,0.000000,4.000000,4.000000,4.000000,4.000000,4.000000,4.000000,4.000000,4.000000,4.000000,4.000000,4.000000,4.000000,4.000000,4.000000,100.000000,,,,,,,,,,,,,,,,,,,,,,,,,,,,,,,,,,,,,,,,,,,,,,,,,,,,,,,,,,,,,,,,,,,,,,,,,,,,,,,,,,,,,,
1676060257.187662,1676060257.187740,116.000000,0.000000,4305.897461,4304.487305,4307.179688,4321.410156,4192.563965,4276.410156,4290.384766,4301.282227,4303.589844,4304.615234,4475.641113,4499.743652,4358.333496,4433.589844,3117.000000,4.000000,85.000000,,,,0.000000,4.000000,4.000000,4.000000,4.000000,4.000000,4.000000,4.000000,4.000000,4.000000,4.000000,4.000000,4.000000,4.000000,4.000000,100.000000,,,,,,,,,,,,,,,,,,,,,,,,,,,,,,,,,,,,,,,,,,,,,,,,,,,,,,,,,,,,,,,,,,,,,,,,,,,,,,,,,,,,,,
1676060257.195470,1676060257.195549,117.000000,0.000000,4286.538574,4277.692383,4284.102539,4303.589844,4180.512695,4272.563965,4274.871582,4291.025879,4292.307617,4285.384766,4449.743652,4476.282227,4338.846191,4408.589844,3236.000000,4.000000,85.000000,,,,0.000000,4.000000,4.000000,4.000000,4.000000,4.000000,4.000000,4.000000,4.000000,4.000000,4.000000,4.000000,4.000000,4.000000,4.000000,100.000000,,,,,,,,,,,,,,,,,,,,,,,,,,,,,,,,,,,,,,,,,,,,,,,,,,,,,,,,,,,,,,,,,,,,,,,,,,,,,,,,,,,,,,
1676060257.203279,1676060257.203457,118.000000,0.000000,4275.769043,4267.563965,4277.051270,4300.897461,4182.436035,4276.282227,4280.512695,4289.230957,4292.948730,4271.794922,4436.922852,4470.769043,4329.230957,4396.538574,2722.000000,4.000000,85.000000,,,,0.000000,4.000000,4.000000,4.000000,4.000000,4.000000,4.000000,4.000000,4.000000,4.000000,4.000000,4.000000,4.000000,4.000000,4.000000,100.000000,,,,,,,,,,,,,,,,,,,,,,,,,,,,,,,,,,,,,,,,,,,,,,,,,,,,,,,,,,,,,,,,,,,,,,,,,,,,,,,,,,,,,,
1676060257.211087,1676060257.211265,119.000000,0.000000,4297.948730,4290.512695,4302.051270,4323.589844,4205.512695,4294.487305,4308.717773,4308.974121,4316.922852,4300.384766,4469.230957,4506.410156,4354.743652,4424.102539,2910.000000,4.000000,85.000000,,,,0.000000,4.000000,4.000000,4.000000,4.000000,4.000000,4.000000,4.000000,4.000000,4.000000,4.000000,4.000000,4.000000,4.000000,4.000000,100.000000,,,,,,,,,,,,,,,,,,,,,,,,,,,,,,,,,,,,,,,,,,,,,,,,,,,,,,,,,,,,,,,,,,,,,,,,,,,,,,,,,,,,,,
1676060257.218896,1676060257.219174,120.000000,0.000000,4325.128418,4310.641113,4326.794922,4345.000000,4219.102539,4306.410156,4321.794922,4327.692383,4332.563965,4321.794922,4503.974121,4539.230957,4388.205078,4457.051270,3117.000000,4.000000,85.000000,,,,0.000000,4.000000,4.000000,4.000000,4.000000,4.000000,4.000000,4.000000,4.000000,4.000000,4.000000,4.000000,4.000000,4.000000,4.000000,100.000000,,,,,,,,,,,,,,,,,,,,,,,,,,,,,,,,,,,,,,,,,,,,,,,,,,,,,,,,,,,,,,,,,,,,,,,,,,,,,,,,,,,,,,
1676060257.226704,1676060257.226982,121.000000,0.000000,4309.871582,4293.717773,4308.333496,4330.512695,4200.897461,4287.692383,4298.333496,4307.051270,4307.307617,4299.230957,4485.641113,4516.153809,4380.256348,4442.436035,3236.000000,4.000000,85.000000,,,,0.000000,4.000000,4.000000,4.000000,4.000000,4.000000,4.000000,4.000000,4.000000,4.000000,4.000000,4.000000,4.000000,4.000000,4.000000,100.000000,,,,,,,,,,,,,,,,,,,,,,,,,,,,,,,,,,,,,,,,,,,,,,,,,,,,,,,,,,,,,,,,,,,,,,,,,,,,,,,,,,,,,,
1676060257.234512,1676060257.234691,122.000000,0.000000,4287.051270,4265.769043,4282.820313,4312.179688,4179.871582,4269.358887,4274.230957,4272.563965,4275.256348,4273.077148,4458.974121,4483.589844,4358.589844,4417.051270,2722.000000,4.000000,85.000000,,,,0.000000,4.000000,4.000000,4.000000,4.000000,4.000000,4.000000,4.000000,4.000000,4.000000,4.000000,4.000000,4.000000,4.000000,4.000000,100.000000,,,,,,,,,,,,,,,,,,,,,,,,,,,,,,,,,,,,,,,,,,,,,,,,,,,,,,,,,,,,,,,,,,,,,,,,,,,,,,,,,,,,,,
1676060257.242321,1676060257.242599,123.000000,0.000000,4302.692383,4270.512695,4298.461426,4328.717773,4196.666504,4282.692383,4284.487305,4283.846191,4288.974121,4288.461426,4482.948730,4507.051270,4380.897461,4440.256348,2910.000000,4.000000,85.000000,,,,0.000000,4.000000,4.000000,4.000000,4.000000,4.000000,4.000000,4.000000,4.000000,4.000000,4.000000,4.000000,4.000000,4.000000,4.000000,100.000000,,,,,,,,,,,,,,,,,,,,,,,,,,,,,,,,,,,,,,,,,,,,,,,,,,,,,,,,,,,,,,,,,,,,,,,,,,,,,,,,,,,,,,
1676060257.250129,1676060257.250408,124.000000,0.000000,4321.025879,4295.000000,4321.666504,4348.333496,4221.282227,4291.025879,4299.487305,4309.230957,4310.897461,4305.641113,4512.051270,4538.333496,4407.051270,4466.794922,3117.000000,4.000000,85.000000,,,,0.000000,4.000000,4.000000,4.000000,4.000000,4.000000,4.000000,4.000000,4.000000,4.000000,4.000000,4.000000,4.000000,4.000000,4.000000,100.000000,,,,,,,,,,,,,,,,,,,,,,,,,,,,,,,,,,,,,,,,,,,,,,,,,,,,,,,,,,,,,,,,,,,,,,,,,,,,,,,,,,,,,,
1676060257.257938,1676060257.258316,125.000000,0.000000,4318.333496,4297.436035,4318.205078,4345.256348,4217.436035,4281.153809,4293.589844,4303.717773,4304.871582,4295.769043,4509.102539,4530.769043,4393.974121,4452.436035,3236.000000,4.000000,85.000000,,,,0.000000,4.000000,4.000000,4.000000,4.000000,4.000000,4.000000,4.000000,4.000000,4.000000,4.000000,4.000000,4.000000,4.000000,4.000000,100.000000,,,,,,,,,,,,,,,,,,,,,,,,,,,,,,,,,,,,,,,,,,,,,,,,,,,,,,,,,,,,,,,,,,,,,,,,,,,,,,,,,,,,,,
1676060257.265746,1676060257.266124,126.000000,0.000000,4310.128418,4279.615234,4305.512695,4336.025879,4202.948730,4278.333496,4290.384766,4293.846191,4296.025879,4291.410156,4504.102539,4516.410156,4378.333496,4432.563965,2722.000000,4.000000,85.000000,,,,0.000000,4.000000,4.000000,4.000000,4.000000,4.000000,4.000000,4.000000,4.000000,4.000000,4.000000,4.000000,4.000000,4.000000,4.000000,100.000000,,,,,,,,,,,,,,,,,1.891804,3.929911,1.395546,1.771341,1.075070,5.554487,4.103271,2.608367,1.809854,1.222226,1.321688,4.732410,1.863867,1.586542,1.113515,3.276535,4.468855,2.232512,1.640500,1.000384,2.865438,2.521836,1.042766,1.271908,0.569429,0.772610,0.787688,0.968867,0.818441,0.461270,0.897309,1.274328,2.365874,1.027036,0.798764,5.318199,4.428817,2.302729,1.301511,1.045012,0.719693,2.026004,1.937813,1.242488,1.253448,0.632758,1.690763,3.942365,1.680600,1.272766,4.605541,2.571200,3.824984,2.915127,1.593757,3.715407,2.633392,2.766548,2.404026,1.602920,2.845914,3.534503,3.441741,2.623031,1.287027,1.720332,3.479770,2.030968,2.586873,1.323709
1676060257.273554,1676060257.274033,127.000000,0.000000,4301.025879,4275.641113,4296.025879,4327.692383,4195.256348,4280.384766,4292.948730,4296.794922,4295.000000,4288.461426,4513.717773,4513.077148,4382.179688,4433.077148,85.000000,4.000000,85.000000,,,,0.000000,4.000000,4.000000,4.000000,4.000000,4.000000,4.000000,4.000000,4.000000,4.000000,4.000000,4.000000,4.000000,4.000000,4.000000,100.000000,,,,,,,,,,,,,,,,,,,,,,,,,,,,,,,,,,,,,,,,,,,,,,,,,,,,,,,,,,,,,,,,,,,,,,,,,,,,,,,,,,,,,,
1676060257.281363,1676060257.281941,0.000000,0.000000,4295.641113,4280.512695,4290.641113,4319.615234,4191.410156,4279.871582,4286.794922,4297.820313,4299.102539,4280.769043,4522.179688,4507.179688,4383.333496,4434.871582,2531.000000,4.000000,85.000000,,,,0.000000,4.000000,4.000000,4.000000,4.000000,4.000000,4.000000,4.000000,4.000000,4.000000,4.000000,4.000000,4.000000,4.000000,4.000000,100.000000,,,,,,,,,,,,,,,,,,,,,,,,,,,,,,,,,,,,,,,,,,,,,,,,,,,,,,,,,,,,,,,,,,,,,,,,,,,,,,,,,,,,,,
1676060257.289171,1676060257.289749,1.000000,0.000000,4283.974121,4265.384766,4278.077148,4307.051270,4184.615234,4278.205078,4277.307617,4291.153809,4303.846191,4285.512695,4513.974121,4492.179688,4370.384766,4420.000000,2489.000000,4.000000,85.000000,,,,0.000000,4.000000,4.000000,4.000000,4.000000,4.000000,4.000000,4.000000,4.000000,4.000000,4.000000,4.000000,4.000000,4.000000,4.000000,100.000000,,,,,,,,,,,,,,,,,,,,,,,,,,,,,,,,,,,,,,,,,,,,,,,,,,,,,,,,,,,,,,,,,,,,,,,,,,,,,,,,,,,,,,
1676060257.296979,1676060257.297558,2.000000,0.000000,4274.230957,4258.717773,4263.205078,4300.256348,4179.487305,4278.205078,4274.358887,4286.922852,4302.563965,4291.025879,4504.487305,4482.179688,4367.179688,4410.897461,2413.000000,4.000000,85.000000,,,,0.000000,4.000000,4.000000,4.000000,4.000000,4.000000,4.000000,4.000000,4.000000,4.000000,4.000000,4.000000,4.000000,4.000000,4.000000,100.000000,,,,,,,,,,,,,,,,,,,,,,,,,,,,,,,,,,,,,,,,,,,,,,,,,,,,,,,,,,,,,,,,,,,,,,,,,,,,,,,,,,,,,,
1676060257.304788,1676060257.305366,3.000000,0.000000,4286.153809,4278.846191,4270.128418,4310.512695,4185.128418,4279.102539,4280.000000,4290.128418,4296.282227,4282.563965,4503.846191,4483.717773,4364.615234,4410.384766,2493.000000,4.000000,85.000000,,,,0.000000,4.000000,4.000000,4.000000,4.000000,4.000000,4.000000,4.000000,4.000000,4.000000,4.000000,4.000000,4.000000,4.000000,4.000000,100.000000,,,,,,,,,,,,,,,,,,,,,,,,,,,,,,,,,,,,,,,,,,,,,,,,,,,,,,,,,,,,,,,,,,,,,,,,,,,,,,,,,,,,,,
1676060257.312596,1676060257.313075,4.000000,0.000000,4297.179688,4285.897461,4288.589844,4316.410156,4197.563965,4281.153809,4290.641113,4295.256348,4296.025879,4281.282227,4512.179688,4486.922852,4354.358887,4408.846191,2453.000000,4.000000,85.000000,,,,0.000000,4.000000,4.000000,4.000000,4.000000,4.000000,4.000000,4.000000,4.000000,4.000000,4.000000,4.000000,4.000000,4.000000,4.000000,100.000000,,,,,,,,,,,,,,,,,,,,,,,,,,,,,,,,,,,,,,,,,,,,,,,,,,,,,,,,,,,,,,,,,,,,,,,,,,,,,,,,,,,,,,
1676060257.320405,1676060257.320883,5.000000,0.000000,4295.128418,4283.461426,4294.615234,4313.461426,4197.307617,4283.077148,4296.794922,4295.897461,4297.051270,4286.025879,4535.641113,4490.897461,4365.384766,4417.436035,2386.000000,4.000000,85.000000,,,,0.000000,4.000000,4.000000,4.000000,4.000000,4.000000,4.000000,4.000000,4.000000,4.000000,4.000000,4.000000,4.000000,4.000000,4.000000,100.000000,,,,,,,,,,,,,,,,,,,,,,,,,,,,,,,,,,,,,,,,,,,,,,,,,,,,,,,,,,,,,,,,,,,,,,,,,,,,,,,,,,,,,,
1676060257.328213,1676060257.328592,6.000000,0.000000,4300.128418,4294.487305,4292.436035,4318.846191,4185.000000,4282.820313,4293.974121,4292.563965,4294.230957,4282.179688,4562.307617,4500.128418,4385.897461,4431.794922,2244.000000,4.000000,85.000000,,,,0.000000,4.000000,4.000000,4.000000,4.000000,4.000000,4.000000,4.000000,4.000000,4.000000,4.000000,4.000000,4.000000,4.000000,4.000000,100.000000,,,,,,,,,,,,,,,,,,,,,,,,,,,,,,,,,,,,,,,,,,,,,,,,,,,,,,,,,,,,,,,,,,,,,,,,,,,,,,,,,,,,,,
1676060257.336021,1676060257.336500,7.000000,0.000000,4301.538574,4292.820313,4291.410156,4325.128418,4184.615234,4281.410156,4287.307617,4287.436035,4290.512695,4280.128418,4571.025879,4501.666504,4381.794922,4434.230957,2237.000000,4.000000,85.000000,,,,0.000000,4.000000,4.000000,4.000000,4.000000,4.000000,4.000000,4.000000,4.000000,4.000000,4.000000,4.000000,4.000000,4.000000,4.000000,100.000000,,,,,,,,,,,,,,,,,,,,,,,,,,,,,,,,,,,,,,,,,,,,,,,,,,,,,,,,,,,,,,,,,,,,,,,,,,,,,,,,,,,,,,
1676060257.343830,1676060257.344309,8.000000,0.000000,4290.897461,4277.051270,4290.128418,4321.025879,4194.102539,4278.333496,4278.461426,4280.000000,4282.948730,4271.410156,4571.922852,4492.179688,4371.538574,4426.282227,2287.000000,4.000000,85.000000,,,,0.000000,4.000000,4.000000,4.000000,4.000000,4.000000,4.000000,4.000000,4.000000,4.000000,4.000000,4.000000,4.000000,4.000000,4.000000,100.000000,,,,,,,,,,,,,,,,,,,,,,,,,,,,,,,,,,,,,,,,,,,,,,,,,,,,,,,,,,,,,,,,,,,,,,,,,,,,,,,,,,,,,,
1676060257.351638,1676060257.352217,9.000000,0.000000,4296.666504,4277.820313,4293.846191,4319.871582,4196.025879,4275.641113,4272.692383,4279.230957,4279.358887,4265.769043,4578.846191,4492.051270,4374.615234,4423.974121,2259.000000,4.000000,85.000000,,,,0.000000,4.000000,4.000000,4.000000,4.000000,4.000000,4.000000,4.000000,4.000000,4.000000,4.000000,4.000000,4.000000,4.000000,4.000000,100.000000,,,,,,,,,,,,,,,,,,,,,,,,,,,,,,,,,,,,,,,,,,,,,,,,,,,,,,,,,,,,,,,,,,,,,,,,,,,,,,,,,,,,,,
1676060257.359446,1676060257.360025,10.000000,0.000000,4319.230957,4296.410156,4313.717773,4339.487305,4205.512695,4279.487305,4286.794922,4300.384766,4300.128418,4295.128418,4601.153809,4515.000000,4388.717773,4440.897461,2742.000000,4.000000,85.000000,,,,0.000000,4.000000,4.000000,4.000000,4.000000,4.000000,4.000000,4.000000,4.000000,4.000000,4.000000,4.000000,4.000000,4.000000,4.000000,100.000000,,,,,,,,,,,,,,,,,,,,,,,,,,,,,,,,,,,,,,,,,,,,,,,,,,,,,,,,,,,,,,,,,,,,,,,,,,,,,,,,,,,,,,
1676060257.367255,1676060257.367934,11.000000,0.000000,4322.179688,4303.205078,4324.615234,4353.589844,4217.436035,4282.692383,4302.179688,4320.769043,4321.922852,4318.717773,4621.538574,4531.922852,4397.563965,4455.128418,2927.000000,4.000000,85.000000,,,,0.000000,4.000000,4.000000,4.000000,4.000000,4.000000,4.000000,4.000000,4.000000,4.000000,4.000000,4.000000,4.000000,4.000000,4.000000,100.000000,,,,,,,,,,,,,,,,,,,,,,,,,,,,,,,,,,,,,,,,,,,,,,,,,,,,,,,,,,,,,,,,,,,,,,,,,,,,,,,,,,,,,,
1676060257.375063,1676060257.375742,12.000000,0.000000,4306.410156,4293.461426,4311.153809,4339.358887,4215.769043,4284.230957,4296.410156,4315.897461,4315.641113,4300.384766,4613.717773,4517.692383,4385.769043,4440.256348,3132.000000,4.000000,85.000000,,,,0.000000,4.000000,4.000000,4.000000,4.000000,4.000000,4.000000,4.000000,4.000000,4.000000,4.000000,4.000000,4.000000,4.000000,4.000000,100.000000,,,,,,,,,,,,,,,,,,,,,,,,,,,,,,,,,,,,,,,,,,,,,,,,,,,,,,,,,,,,,,,,,,,,,,,,,,,,,,,,,,,,,,
1676060257.382872,1676060257.383651,13.000000,0.000000,4290.256348,4279.102539,4286.538574,4314.230957,4200.384766,4281.282227,4285.769043,4300.897461,4298.589844,4277.436035,4588.846191,4488.461426,4366.025879,4413.461426,3259.000000,4.000000,85.000000,,,,0.000000,4.000000,4.000000,4.000000,4.000000,4.000000,4.000000,4.000000,4.000000,4.000000,4.000000,4.000000,4.000000,4.000000,4.000000,100.000000,,,,,,,,,,,,,,,,,,,,,,,,,,,,,,,,,,,,,,,,,,,,,,,,,,,,,,,,,,,,,,,,,,,,,,,,,,,,,,,,,,,,,,
1676060257.390680,1676060257.391459,14.000000,0.000000,4273.077148,4265.641113,4265.256348,4300.000000,4185.512695,4268.846191,4274.615234,4286.153809,4285.641113,4269.871582,4561.794922,4467.948730,4355.256348,4398.589844,2742.000000,4.000000,85.000000,,,,0.000000,4.000000,4.000000,4.000000,4.000000,4.000000,4.000000,4.000000,4.000000,4.000000,4.000000,4.000000,4.000000,4.000000,4.000000,100.000000,1.000000,25.000000,4.000000,4.000000,1.000000,4.000000,1.000000,4.000000,4.000000,3.000000,4.000000,3.000000,3.000000,1.000000,4.000000,3.000000,1.754255,4.070963,1.962508,1.837425,1.196130,5.633927,4.731776,3.242964,1.917232,1.281675,1.187425,5.148497,2.631199,1.707277,1.257200,3.766469,5.036153,2.913637,1.788134,1.132446,2.993470,2.853582,1.175482,1.288119,0.579251,0.769629,0.881032,1.115722,0.783633,0.467217,0.868649,1.306530,2.816025,1.112267,0.880974,3.015855,3.399994,2.785300,1.421056,1.209293,0.605017,2.258429,2.352494,1.464341,1.480033,0.549752,1.993479,4.571006,1.889244,1.499952,2.570014,2.861262,4.023509,3.076267,1.945537,2.864526,3.055674,3.357118,2.667356,1.868104,2.060877,3.493004,3.456280,2.676155,1.569068,1.435525,3.757613,2.363702,2.638081,1.629362
1676060257.398488,1676060257.399367,15.000000,0.000000,4263.461426,4258.205078,4259.230957,4294.871582,4191.153809,4269.102539,4266.282227,4273.589844,4278.461426,4259.487305,4542.051270,4463.205078,4348.589844,4393.589844,2927.000000,4.000000,85.000000,,,,0.000000,4.000000,4.000000,4.000000,4.000000,4.000000,4.000000,4.000000,4.000000,4.000000,4.000000,4.000000,4.000000,4.000000,4.000000,100.000000,,,,,,,,,,,,,,,,,,,,,,,,,,,,,,,,,,,,,,,,,,,,,,,,,,,,,,,,,,,,,,,,,,,,,,,,,,,,,,,,,,,,,,
1676060257.406297,1676060257.407176,16.000000,0.000000,4268.077148,4265.384766,4269.871582,4294.871582,4203.717773,4285.128418,4277.820313,4280.000000,4288.077148,4258.589844,4544.102539,4469.615234,4349.743652,4398.974121,0.000000,4.000000,85.000000,,,,0.000000,4.000000,4.000000,4.000000,4.000000,4.000000,4.000000,4.000000,4.000000,4.000000,4.000000,4.000000,4.000000,4.000000,4.000000,100.000000,,,,,,,,,,,,,,,,,,,,,,,,,,,,,,,,,,,,,,,,,,,,,,,,,,,,,,,,,,,,,,,,,,,,,,,,,,,,,,,,,,,,,,
1676060257.414105,1676060257.414884,17.000000,0.000000,4282.307617,4286.410156,4282.436035,4307.948730,4206.410156,4287.692383,4291.282227,4296.153809,4305.897461,4274.358887,4557.051270,4480.641113,4365.128418,4412.692383,0.000000,4.000000,85.000000,,,,0.000000,4.000000,4.000000,4.000000,4.000000,4.000000,4.000000,4.000000,4.000000,4.000000,4.000000,4.000000,4.000000,4.000000,4.000000,100.000000,,,,,,,,,,,,,,,,,,,,,,,,,,,,,,,,,,,,,,,,,,,,,,,,,,,,,,,,,,,,,,,,,,,,,,,,,,,,,,,,,,,,,,
1676060257.421914,1676060257.422693,18.000000,0.000000,4289.743652,4300.384766,4285.897461,4314.615234,4204.743652,4274.102539,4281.025879,4290.897461,4307.051270,4279.230957,4550.000000,4481.922852,4369.743652,4418.717773,0.000000,4.000000,85.000000,,,,0.000000,4.000000,4.000000,4.000000,4.000000,4.000000,4.000000,4.000000,4.000000,4.000000,4.000000,4.000000,4.000000,4.000000,4.000000,100.000000,,,,,,,,,,,,,,,,,,,,,,,,,,,,,,,,,,,,,,,,,,,,,,,,,,,,,,,,,,,,,,,,,,,,,,,,,,,,,,,,,,,,,,
1676060257.429722,1676060257.430401,19.000000,0.000000,4298.205078,4318.974121,4301.794922,4324.358887,4216.025879,4279.358887,4282.820313,4292.051270,4311.922852,4283.205078,4547.948730,4491.410156,4368.205078,4428.333496,0.000000,4.000000,85.000000,,,,0.000000,4.000000,4.000000,4.000000,4.000000,4.000000,4.000000,4.000000,4.000000,4.000000,4.000000,4.000000,4.000000,4.000000,4.000000,100.000000,,,,,,,,,,,,,,,,,,,,,,,,,,,,,,,,,,,,,,,,,,,,,,,,,,,,,,,,,,,,,,,,,,,,,,,,,,,,,,,,,,,,,,
1676060257.437530,1676060257.438210,20.000000,0.000000,4309.487305,4340.000000,4318.461426,4344.743652,4228.333496,4292.436035,4300.897461,4306.025879,4324.230957,4291.538574,4556.794922,4508.077148,4371.538574,4436.922852,0.000000,4.000000,85.000000,,,,0.000000,4.000000,4.000000,4.000000,4.000000,4.000000,4.000000,4.000000,4.000000,4.000000,4.000000,4.000000,4.000000,4.000000,4.000000,100.000000,,,,,,,,,,,,,,,,,,,,,,,,,,,,,,,,,,,,,,,,,,,,,,,,,,,,,,,,,,,,,,,,,,,,,,,,,,,,,,,,,,,,,,
1676060257.445339,1676060257.445918,21.000000,0.000000,4308.333496,4343.974121,4315.000000,4350.512695,4230.769043,4289.230957,4298.077148,4300.128418,4318.205078,4287.307617,4542.563965,4505.128418,4362.436035,4430.128418,0.000000,4.000000,85.000000,,,,0.000000,4.000000,4.000000,4.000000,4.000000,4.000000,4.000000,4.000000,4.000000,4.000000,4.000000,4.000000,4.000000,4.000000,4.000000,100.000000,,,,,,,,,,,,,,,,,,,,,,,,,,,,,,,,,,,,,,,,,,,,,,,,,,,,,,,,,,,,,,,,,,,,,,,,,,,,,,,,,,,,,,
1676060257.453147,1676060257.453727,22.000000,0.000000,4314.743652,4357.179688,4321.153809,4355.641113,4237.563965,4292.563965,4294.743652,4294.487305,4315.641113,4284.102539,4536.410156,4506.410156,4360.128418,4436.025879,0.000000,4.000000,85.000000,,,,0.000000,4.000000,4.000000,4.000000,4.000000,4.000000,4.000000,4.000000,4.000000,4.000000,4.000000,4.000000,4.000000,4.000000,4.000000,100.000000,,,,,,,,,,,,,,,,,,,,,,,,,,,,,,,,,,,,,,,,,,,,,,,,,,,,,,,,,,,,,,,,,,,,,,,,,,,,,,,,,,,,,,
1676060257.460956,1676060257.461435,23.000000,0.000000,4325.769043,4371.025879,4333.333496,4365.384766,4240.256348,4296.282227,4300.512695,4305.256348,4322.307617,4281.025879,4541.153809,4516.025879,4364.743652,4447.948730,0.000000,4.000000,85.000000,,,,0.000000,4.000000,4.000000,4.000000,4.000000,4.000000,4.000000,4.000000,4.000000,4.000000,4.000000,4.000000,4.000000,4.000000,4.000000,100.000000,,,,,,,,,,,,,,,,,,,,,,,,,,,,,,,,,,,,,,,,,,,,,,,,,,,,,,,,,,,,,,,,,,,,,,,,,,,,,,,,,,,,,,
1676060257.468764,1676060257.469244,24.000000,0.000000,4311.666504,4352.948730,4315.384766,4354.102539,4234.102539,4284.743652,4286.922852,4299.871582,4314.743652,4267.179688,4516.025879,4499.615234,4343.717773,4429.230957,0.000000,4.000000,85.000000,,,,0.000000,4.000000,4.000000,4.000000,4.000000,4.000000,4.000000,4.000000,4.000000,4.000000,4.000000,4.000000,4.000000,4.000000,4.000000,100.000000,,,,,,,,,,,,,,,,,,,,,,,,,,,,,,,,,,,,,,,,,,,,,,,,,,,,,,,,,,,,,,,,,,,,,,,,,,,,,,,,,,,,,,
1676060257.476572,1676060257.476952,25.000000,0.000000,4287.563965,4328.205078,4289.230957,4330.769043,4227.307617,4273.717773,4271.410156,4278.974121,4301.282227,4262.179688,4483.974121,4468.974121,4320.512695,4398.974121,0.000000,4.000000,85.000000,,,,0.000000,4.000000,4.000000,4.000000,4.000000,4.000000,4.000000,4.000000,4.000000,4.000000,4.000000,4.000000,4.000000,4.000000,4.000000,100.000000,,,,,,,,,,,,,,,,,,,,,,,,,,,,,,,,,,,,,,,,,,,,,,,,,,,,,,,,,,,,,,,,,,,,,,,,,,,,,,,,,,,,,,
1676060257.484381,1676060257.484761,26.000000,0.000000,4295.000000,4337.563965,4298.974121,4334.102539,4231.794922,4280.384766,4284.615234,4285.512695,4311.666504,4278.974121,4491.794922,4473.974121,4336.538574,4403.974121,0.000000,4.000000,85.000000,,,,0.000000,4.000000,4.000000,4.000000,4.000000,4.000000,4.000000,4.000000,4.000000,4.000000,4.000000,4.000000,4.000000,4.000000,4.000000,100.000000,,,,,,,,,,,,,,,,,,,,,,,,,,,,,,,,,,,,,,,,,,,,,,,,,,,,,,,,,,,,,,,,,,,,,,,,,,,,,,,,,,,,,,
1676060257.492189,1676060257.492469,27.000000,0.000000,4301.153809,4338.846191,4304.615234,4336.922852,4232.563965,4287.820313,4292.307617,4298.077148,4322.436035,4280.128418,4497.179688,4482.307617,4343.461426,4412.179688,0.000000,4.000000,85.000000,,,,0.000000,4.000000,4.000000,4.000000,4.000000,4.000000,4.000000,4.000000,4.000000,4.000000,4.000000,4.000000,4.000000,4.000000,4.000000,100.000000,,,,,,,,,,,,,,,,,,,,,,,,,,,,,,,,,,,,,,,,,,,,,,,,,,,,,,,,,,,,,,,,,,,,,,,,,,,,,,,,,,,,,,
1676060257.499998,1676060257.500278,28.000000,0.000000,4268.717773,4302.948730,4270.769043,4308.205078,4215.384766,4275.769043,4267.051270,4275.128418,4300.384766,4252.820313,4461.794922,4447.820313,4307.563965,4377.948730,0.000000,4.000000,85.000000,,,,0.000000,4.000000,4.000000,4.000000,4.000000,4.000000,4.000000,4.000000,4.000000,4.000000,4.000000,4.000000,4.000000,4.000000,4.000000,100.000000,,,,,,,,,,,,,,,,,,,,,,,,,,,,,,,,,,,,,,,,,,,,,,,,,,,,,,,,,,,,,,,,,,,,,,,,,,,,,,,,,,,,,,
1676060257.507806,1676060257.507986,29.000000,0.000000,4252.820313,4293.589844,4257.051270,4298.717773,4209.871582,4268.205078,4257.051270,4261.794922,4291.153809,4245.128418,4449.487305,4429.358887,4300.384766,4358.205078,0.000000,4.000000,85.000000,,,,0.000000,4.000000,4.000000,4.000000,4.000000,4.000000,4.000000,4.000000,4.000000,4.000000,4.000000,4.000000,4.000000,4.000000,4.000000,100.000000,,,,,,,,,,,,,,,,,,,,,,,,,,,,,,,,,,,,,,,,,,,,,,,,,,,,,,,,,,,,,,,,,,,,,,,,,,,,,,,,,,,,,,
1676060257.515614,1676060257.515895,30.000000,0.000000,4271.794922,4318.333496,4277.692383,4316.153809,4217.307617,4274.230957,4272.307617,4281.666504,4313.461426,4265.256348,4474.871582,4454.487305,4326.922852,4384.358887,0.000000,4.000000,85.000000,,,,0.000000,4.000000,4.000000,4.000000,4.000000,4.000000,4.000000,4.000000,4.000000,4.000000,4.000000,4.000000,4.000000,4.000000,4.000000,100.000000,,,,,,,,,,,,,,,,,1.609428,4.607189,2.509190,1.862986,1.318335,5.645992,5.712517,3.730135,2.048972,1.344235,1.206533,5.785590,3.398251,1.796643,1.408153,4.068054,5.765384,3.503295,1.943579,1.274822,3.051378,2.984784,1.299641,1.249189,0.597453,0.764442,0.926584,1.224820,0.757665,0.486376,0.815788,1.290505,3.229153,1.221006,0.972668,1.462257,2.511161,3.306489,1.597000,1.370713,0.554217,2.329393,2.888116,1.699751,1.707769,0.603600,2.401090,4.915916,2.124487,1.754975,1.619139,3.653095,3.968604,3.273117,2.333027,2.442774,3.819644,3.880420,2.952102,2.158223,1.912913,3.959504,3.201164,2.730340,1.893963,1.344045,4.583772,2.592628,2.679924,2.021710
1676060257.523423,1676060257.523703,31.000000,0.000000,4284.615234,4325.256348,4284.743652,4323.589844,4222.051270,4275.641113,4275.512695,4288.717773,4320.256348,4276.922852,4481.153809,4466.922852,4332.692383,4403.077148,0.000000,4.000000,85.000000,,,,0.000000,4.000000,4.000000,4.000000,4.000000,4.000000,4.000000,4.000000,4.000000,4.000000,4.000000,4.000000,4.000000,4.000000,4.000000,100.000000,,,,,,,,,,,,,,,,,,,,,,,,,,,,,,,,,,,,,,,,,,,,,,,,,,,,,,,,,,,,,,,,,,,,,,,,,,,,,,,,,,,,,,
1676060257.531231,1676060257.531611,32.000000,0.000000,4285.128418,4318.205078,4280.384766,4322.436035,4224.871582,4266.282227,4273.717773,4278.205078,4308.717773,4262.307617,4470.256348,4459.102539,4328.846191,4398.461426,0.000000,4.000000,85.000000,,,,0.000000,4.000000,4.000000,4.000000,4.000000,4.000000,4.000000,4.000000,4.000000,4.000000,4.000000,4.000000,4.000000,4.000000,4.000000,100.000000,,,,,,,,,,,,,,,,,,,,,,,,,,,,,,,,,,,,,,,,,,,,,,,,,,,,,,,,,,,,,,,,,,,,,,,,,,,,,,,,,,,,,,
1676060257.539039,1676060257.539420,33.000000,0.000000,4283.205078,4318.077148,4283.461426,4317.051270,4219.615234,4259.743652,4275.512695,4276.282227,4306.025879,4243.461426,4469.358887,4456.538574,4326.153809,4393.717773,0.000000,4.000000,85.000000,,,,0.000000,4.000000,4.000000,4.000000,4.000000,4.000000,4.000000,4.000000,4.000000,4.000000,4.000000,4.000000,4.000000,4.000000,4.000000,100.000000,,,,,,,,,,,,,,,,,,,,,,,,,,,,,,,,,,,,,,,,,,,,,,,,,,,,,,,,,,,,,,,,,,,,,,,,,,,,,,,,,,,,,,
1676060257.546848,1676060257.547328,34.000000,0.000000,4286.025879,4320.128418,4286.538574,4314.358887,4216.410156,4270.256348,4273.589844,4276.282227,4307.179688,4251.922852,4475.769043,4459.871582,4328.461426,4396.282227,0.000000,4.000000,85.000000,,,,0.000000,4.000000,4.000000,4.000000,4.000000,4.000000,4.000000,4.000000,4.000000,4.000000,4.000000,4.000000,4.000000,4.000000,4.000000,100.000000,,,,,,,,,,,,,,,,,,,,,,,,,,,,,,,,,,,,,,,,,,,,,,,,,,,,,,,,,,,,,,,,,,,,,,,,,,,,,,,,,,,,,,
1676060257.554656,1676060257.555137,35.000000,0.000000,4302.179688,4328.333496,4296.922852,4329.615234,4233.461426,4282.948730,4281.282227,4282.692383,4311.794922,4280.897461,4491.153809,4473.974121,4347.692383,4412.948730,0.000000,4.000000,85.000000,,,,0.000000,4.000000,4.000000,4.000000,4.000000,4.000000,4.000000,4.000000,4.000000,4.000000,4.000000,4.000000,4.000000,4.000000,4.000000,100.000000,,,,,,,,,,,,,,,,,,,,,,,,,,,,,,,,,,,,,,,,,,,,,,,,,,,,,,,,,,,,,,,,,,,,,,,,,,,,,,,,,,,,,,
1676060257.562464,1676060257.563045,36.000000,0.000000,4299.230957,4325.512695,4298.333496,4329.871582,4241.153809,4272.948730,4281.025879,4284.743652,4310.128418,4277.179688,4493.461426,4475.384766,4344.743652,4416.153809,0.000000,4.000000,85.000000,,,,0.000000,4.000000,4.000000,4.000000,4.000000,4.000000,4.000000,4.000000,4.000000,4.000000,4.000000,4.000000,4.000000,4.000000,4.000000,100.000000,,,,,,,,,,,,,,,,,,,,,,,,,,,,,,,,,,,,,,,,,,,,,,,,,,,,,,,,,,,,,,,,,,,,,,,,,,,,,,,,,,,,,,
1676060257.570273,1676060257.570854,37.000000,0.000000,4280.769043,4309.487305,4286.025879,4310.512695,4229.743652,4263.461426,4265.897461,4276.794922,4299.871582,4253.974121,4479.230957,4461.666504,4325.128418,4400.641113,0.000000,4.000000,85.000000,,,,0.000000,4.000000,4.000000,4.000000,4.000000,4.000000,4.000000,4.000000,4.000000,4.000000,4.000000,4.000000,4.000000,4.000000,4.000000,100.000000,,,,,,,,,,,,,,,,,,,,,,,,,,,,,,,,,,,,,,,,,,,,,,,,,,,,,,,,,,,,,,,,,,,,,,,,,,,,,,,,,,,,,,
1676060257.578081,1676060257.578762,38.000000,0.000000,4291.025879,4315.256348,4293.589844,4319.615234,4231.666504,4274.871582,4271.025879,4283.717773,4310.256348,4272.563965,4490.769043,4473.333496,4343.717773,4410.641113,0.000000,4.000000,85.000000,,,,0.000000,4.000000,4.000000,4.000000,4.000000,4.000000,4.000000,4.000000,4.000000,4.000000,4.000000,4.000000,4.000000,4.000000,4.000000,100.000000,,,,,,,,,,,,,,,,,,,,,,,,,,,,,,,,,,,,,,,,,,,,,,,,,,,,,,,,,,,,,,,,,,,,,,,,,,,,,,,,,,,,,,
1676060257.585890,1676060257.586570,39.000000,0.000000,4294.743652,4313.077148,4291.794922,4320.000000,4228.077148,4268.846191,4274.487305,4281.282227,4311.153809,4280.769043,4491.666504,4472.436035,4349.743652,4413.461426,0.000000,4.000000,85.000000,,,,0.000000,4.000000,4.000000,4.000000,4.000000,4.000000,4.000000,4.000000,4.000000,4.000000,4.000000,4.000000,4.000000,4.000000,4.000000,100.000000,,,,,,,,,,,,,,,,,,,,,,,,,,,,,,,,,,,,,,,,,,,,,,,,,,,,,,,,,,,,,,,,,,,,,,,,,,,,,,,,,,,,,,
1676060257.593698,1676060257.594379,40.000000,0.000000,4273.205078,4291.666504,4270.769043,4292.563965,4210.897461,4244.358887,4258.846191,4266.922852,4288.333496,4245.256348,4466.282227,4444.743652,4319.615234,4389.487305,0.000000,4.000000,85.000000,,,,0.000000,4.000000,4.000000,4.000000,4.000000,4.000000,4.000000,4.000000,4.000000,4.000000,4.000000,4.000000,4.000000,4.000000,4.000000,100.000000,,,,,,,,,,,,,,,,,,,,,,,,,,,,,,,,,,,,,,,,,,,,,,,,,,,,,,,,,,,,,,,,,,,,,,,,,,,,,,,,,,,,,,
1676060257.601506,1676060257.602187,41.000000,0.000000,4277.179688,4297.563965,4275.128418,4297.692383,4216.282227,4253.461426,4267.948730,4280.384766,4298.461426,4246.538574,4476.794922,4450.897461,4322.436035,4391.282227,0.000000,4.000000,85.000000,,,,0.000000,4.000000,4.000000,4.000000,4.000000,4.000000,4.000000,4.000000,4.000000,4.000000,4.000000,4.000000,4.000000,4.000000,4.000000,100.000000,,,,,,,,,,,,,,,,,,,,,,,,,,,,,,,,,,,,,,,,,,,,,,,,,,,,,,,,,,,,,,,,,,,,,,,,,,,,,,,,,,,,,,
1676060257.609315,1676060257.609896,42.000000,0.000000,4286.666504,4310.128418,4279.871582,4313.589844,4223.974121,4275.000000,4285.512695,4293.205078,4315.512695,4270.384766,4493.333496,4464.358887,4336.794922,4398.589844,0.000000,4.000000,85.000000,,,,0.000000,4.000000,4.000000,4.000000,4.000000,4.000000,4.000000,4.000000,4.000000,4.000000,4.000000,4.000000,4.000000,4.000000,4.000000,100.000000,,,,,,,,,,,,,,,,,,,,,,,,,,,,,,,,,,,,,,,,,,,,,,,,,,,,,,,,,,,,,,,,,,,,,,,,,,,,,,,,,,,,,,
1676060257.617123,1676060257.617704,43.000000,0.000000,4270.256348,4302.307617,4265.000000,4302.307617,4218.461426,4276.410156,4279.102539,4279.615234,4296.666504,4251.410156,4468.846191,4442.692383,4321.794922,4382.692383,0.000000,4.000000,85.000000,,,,0.000000,4.000000,4.000000,4.000000,4.000000,4.000000,4.000000,4.000000,4.000000,4.000000,4.000000,4.000000,4.000000,4.000000,4.000000,100.000000,,,,,,,,,,,,,,,,,,,,,,,,,,,,,,,,,,,,,,,,,,,,,,,,,,,,,,,,,,,,,,,,,,,,,,,,,,,,,,,,,,,,,,
1676060257.624931,1676060257.625413,44.000000,0.000000,4270.641113,4303.333496,4272.436035,4303.717773,4233.461426,4279.615234,4277.692383,4280.256348,4296.153809,4243.589844,4463.717773,4440.128418,4324.487305,4390.000000,0.000000,4.000000,85.000000,,,,0.000000,4.000000,4.000000,4.000000,4.000000,4.000000,4.000000,4.000000,4.000000,4.000000,4.000000,4.000000,4.000000,4.000000,4.000000,100.000000,,,,,,,,,,,,,,,,,,,,,,,,,,,,,,,,,,,,,,,,,,,,,,,,,,,,,,,,,,,,,,,,,,,,,,,,,,,,,,,,,,,,,,
1676060257.632740,1676060257.633221,45.000000,0.000000,4285.256348,4309.230957,4287.179688,4316.666504,4251.666504,4284.743652,4286.410156,4288.717773,4315.000000,4272.051270,4481.666504,4458.974121,4341.153809,4406.025879,0.000000,4.000000,85.000000,,,,0.000000,4.000000,4.000000,4.000000,4.000000,4.000000,4.000000,4.000000,4.000000,4.000000,4.000000,4.000000,4.000000,4.000000,4.000000,100.000000,,,,,,,,,,,,,,,,,,,,,,,,,,,,,,,,,,,,,,,,,,,,,,,,,,,,,,,,,,,,,,,,,,,,,,,,,,,,,,,,,,,,,,
1676060257.640548,1676060257.640930,46.000000,0.000000,4278.333496,4303.846191,4279.230957,4308.846191,4242.820313,4282.051270,4280.256348,4277.179688,4305.769043,4273.974121,4468.846191,4454.743652,4335.000000,4392.051270,0.000000,4.000000,85.000000,,,,0.000000,4.000000,4.000000,4.000000,4.000000,4.000000,4.000000,4.000000,4.000000,4.000000,4.000000,4.000000,4.000000,4.000000,4.000000,100.000000,,,,,,,,,,,,,,,,,1.513466,5.670922,2.935323,1.855768,1.421948,5.628840,6.997177,3.982160,2.193952,1.416697,1.364688,6.717235,3.959915,1.865170,1.552103,4.267076,6.692876,3.887077,2.089470,1.409614,2.866094,2.950248,1.415727,1.196665,0.624865,0.767098,0.913982,1.286265,0.745895,0.518538,0.742171,1.231132,3.512735,1.339867,1.058412,0.719987,1.852021,3.777442,1.782994,1.505313,0.547113,2.225630,3.458504,1.896539,1.897502,0.803419,2.867335,4.965786,2.342559,1.992180,1.734888,5.159246,3.760740,3.462317,2.691828,2.474375,4.947085,4.230901,3.194380,2.430771,2.334811,5.157737,2.825899,2.766632,2.209791,1.447881,6.154501,2.713068,2.695243,2.434381
1676060257.648357,1676060257.648738,47.000000,0.000000,4282.563965,4309.871582,4285.256348,4306.666504,4234.358887,4280.512695,4274.615234,4274.871582,4297.948730,4258.205078,4462.948730,4453.717773,4337.692383,4396.153809,0.000000,4.000000,85.000000,,,,0.000000,4.000000,4.000000,4.000000,4.000000,4.000000,4.000000,4.000000,4.000000,4.000000,4.000000,4.000000,4.000000,4.000000,4.000000,100.000000,,,,,,,,,,,,,,,,,,,,,,,,,,,,,,,,,,,,,,,,,,,,,,,,,,,,,,,,,,,,,,,,,,,,,,,,,,,,,,,,,,,,,,
1676060257.656165,1676060257.656447,48.000000,0.000000,4301.538574,4314.743652,4297.820313,4313.205078,4237.051270,4276.025879,4273.461426,4282.051270,4303.461426,4261.410156,4477.307617,4463.205078,4346.922852,4415.384766,0.000000,4.000000,85.000000,,,,0.000000,4.000000,4.000000,4.000000,4.000000,4.000000,4.000000,4.000000,4.000000,4.000000,4.000000,4.000000,4.000000,4.000000,4.000000,100.000000,,,,,,,,,,,,,,,,,,,,,,,,,,,,,,,,,,,,,,,,,,,,,,,,,,,,,,,,,,,,,,,,,,,,,,,,,,,,,,,,,,,,,,
1676060257.663973,1676060257.664255,49.000000,0.000000,4300.512695,4305.384766,4293.846191,4309.615234,4236.922852,4272.692383,4274.615234,4279.743652,4298.333496,4266.410156,4473.589844,4463.205078,4339.487305,4408.974121,0.000000,4.000000,85.000000,,,,0.000000,4.000000,4.000000,4.000000,4.000000,4.000000,4.000000,4.000000,4.000000,4.000000,4.000000,4.000000,4.000000,4.000000,4.000000,100.000000,,,,,,,,,,,,,,,,,,,,,,,,,,,,,,,,,,,,,,,,,,,,,,,,,,,,,,,,,,,,,,,,,,,,,,,,,,,,,,,,,,,,,,
1676060257.671782,1676060257.671964,50.000000,0.000000,4294.230957,4303.717773,4294.230957,4307.436035,4233.077148,4277.307617,4281.794922,4283.461426,4298.077148,4261.410156,4466.794922,4462.307617,4337.307617,4405.897461,0.000000,4.000000,85.000000,,,,0.000000,4.000000,4.000000,4.000000,4.000000,4.000000,4.000000,4.000000,4.000000,4.000000,4.000000,4.000000,4.000000,4.000000,4.000000,100.000000,,,,,,,,,,,,,,,,,,,,,,,,,,,,,,,,,,,,,,,,,,,,,,,,,,,,,,,,,,,,,,,,,,,,,,,,,,,,,,,,,,,,,,
1676060257.679590,1676060257.679772,51.000000,0.000000,4297.820313,4307.051270,4296.153809,4309.230957,4231.538574,4279.102539,4283.205078,4291.922852,4302.692383,4261.666504,4466.794922,4461.538574,4342.692383,4410.641113,0.000000,4.000000,85.000000,,,,0.000000,4.000000,4.000000,4.000000,4.000000,4.000000,4.000000,4.000000,4.000000,4.000000,4.000000,4.000000,4.000000,4.000000,4.000000,100.000000,,,,,,,,,,,,,,,,,,,,,,,,,,,,,,,,,,,,,,,,,,,,,,,,,,,,,,,,,,,,,,,,,,,,,,,,,,,,,,,,,,,,,,
1676060257.687399,1676060257.687481,52.000000,0.000000,4298.461426,4308.077148,4294.615234,4311.666504,4239.871582,4279.871582,4286.153809,4298.461426,4300.256348,4267.051270,4464.230957,4462.051270,4339.487305,4404.615234,0.000000,4.000000,85.000000,,,,0.000000,4.000000,4.000000,4.000000,4.000000,4.000000,4.000000,4.000000,4.000000,4.000000,4.000000,4.000000,4.000000,4.000000,4.000000,100.000000,,,,,,,,,,,,,,,,,,,,,,,,,,,,,,,,,,,,,,,,,,,,,,,,,,,,,,,,,,,,,,,,,,,,,,,,,,,,,,,,,,,,,,
1676060257.695207,1676060257.695389,53.000000,0.000000,4288.974121,4298.846191,4291.410156,4308.974121,4242.692383,4282.179688,4288.846191,4294.743652,4295.256348,4253.589844,4454.743652,4457.948730,4328.589844,4396.153809,0.000000,4.000000,85.000000,,,,0.000000,4.000000,4.000000,4.000000,4.000000,4.000000,4.000000,4.000000,4.000000,4.000000,4.000000,4.000000,4.000000,4.000000,4.000000,100.000000,,,,,,,,,,,,,,,,,,,,,,,,,,,,,,,,,,,,,,,,,,,,,,,,,,,,,,,,,,,,,,,,,,,,,,,,,,,,,,,,,,,,,,
1676060257.703015,1676060257.703198,54.000000,0.000000,4273.461426,4283.974121,4278.461426,4296.794922,4228.974121,4277.692383,4275.384766,4274.102539,4284.358887,4230.128418,4434.615234,4439.102539,4317.820313,4386.794922,0.000000,4.000000,85.000000,,,,0.000000,4.000000,4.000000,4.000000,4.000000,4.000000,4.000000,4.000000,4.000000,4.000000,4.000000,4.000000,4.000000,4.000000,4.000000,100.000000,,,,,,,,,,,,,,,,,,,,,,,,,,,,,,,,,,,,,,,,,,,,,,,,,,,,,,,,,,,,,,,,,,,,,,,,,,,,,,,,,,,,,,
1676060257.710824,1676060257.711106,55.000000,0.000000,4276.410156,4287.436035,4272.179688,4293.974121,4230.000000,4277.179688,4267.563965,4264.615234,4279.230957,4239.230957,4427.436035,4433.461426,4318.333496,4386.025879,0.000000,4.000000,85.000000,,,,0.000000,4.000000,4.000000,4.000000,4.000000,4.000000,4.000000,4.000000,4.000000,4.000000,4.000000,4.000000,4.000000,4.000000,4.000000,100.000000,,,,,,,,,,,,,,,,,,,,,,,,,,,,,,,,,,,,,,,,,,,,,,,,,,,,,,,,,,,,,,,,,,,,,,,,,,,,,,,,,,,,,,
1676060257.718632,1676060257.718914,56.000000,0.000000,4297.692383,4301.410156,4284.871582,4306.025879,4248.717773,4282.563965,4276.666504,4281.538574,4290.256348,4261.794922,4446.025879,4451.922852,4330.384766,4400.512695,0.000000,4.000000,85.000000,,,,0.000000,4.000000,4.000000,4.000000,4.000000,4.000000,4.000000,4.000000,4.000000,4.000000,4.000000,4.000000,4.000000,4.000000,4.000000,100.000000,,,,,,,,,,,,,,,,,,,,,,,,,,,,,,,,,,,,,,,,,,,,,,,,,,,,,,,,,,,,,,,,,,,,,,,,,,,,,,,,,,,,,,
1676060257.726441,1676060257.726823,57.000000,0.000000,4309.743652,4305.512695,4298.974121,4311.794922,4250.000000,4277.820313,4279.871582,4293.333496,4297.436035,4263.589844,4462.307617,4464.615234,4342.307617,4415.384766,0.000000,4.000000,85.000000,,,,0.000000,4.000000,4.000000,4.000000,4.000000,4.000000,4.000000,4.000000,4.000000,4.000000,4.000000,4.000000,4.000000,4.000000,4.000000,100.000000,,,,,,,,,,,,,,,,,,,,,,,,,,,,,,,,,,,,,,,,,,,,,,,,,,,,,,,,,,,,,,,,,,,,,,,,,,,,,,,,,,,,,,
1676060257.734249,1676060257.734631,58.000000,0.000000,4318.077148,4317.179688,4314.358887,4317.948730,4248.333496,4279.230957,4285.641113,4292.948730,4301.922852,4273.846191,4471.794922,4478.974121,4359.871582,4431.922852,0.000000,4.000000,85.000000,,,,0.000000,4.000000,4.000000,4.000000,4.000000,4.000000,4.000000,4.000000,4.000000,4.000000,4.000000,4.000000,4.000000,4.000000,4.000000,100.000000,,,,,,,,,,,,,,,,,,,,,,,,,,,,,,,,,,,,,,,,,,,,,,,,,,,,,,,,,,,,,,,,,,,,,,,,,,,,,,,,,,,,,,
1676060257.742057,1676060257.742539,59.000000,0.000000,4331.538574,4329.358887,4327.051270,4328.717773,4257.820313,4292.307617,4295.512695,4300.897461,4309.871582,4284.102539,4478.974121,4496.153809,4374.230957,4447.051270,0.000000,4.000000,85.000000,,,,0.000000,4.000000,4.000000,4.000000,4.000000,4.000000,4.000000,4.000000,4.000000,4.000000,4.000000,4.000000,4.000000,4.000000,4.000000,100.000000,,,,,,,,,,,,,,,,,,,,,,,,,,,,,,,,,,,,,,,,,,,,,,,,,,,,,,,,,,,,,,,,,,,,,,,,,,,,,,,,,,,,,,
1676060257.749866,1676060257.750348,60.000000,0.000000,4310.128418,4301.666504,4301.666504,4307.692383,4244.743652,4284.615234,4274.102539,4289.615234,4291.666504,4254.102539,4447.307617,4468.974121,4345.128418,4417.179688,0.000000,4.000000,85.000000,,,,0.000000,4.000000,4.000000,4.000000,4.000000,4.000000,4.000000,4.000000,4.000000,4.000000,4.000000,4.000000,4.000000,4.000000,4.000000,100.000000,,,,,,,,,,,,,,,,,,,,,,,,,,,,,,,,,,,,,,,,,,,,,,,,,,,,,,,,,,,,,,,,,,,,,,,,,,,,,,,,,,,,,,
1676060257.757674,1676060257.758256,61.000000,0.000000,4274.358887,4277.307617,4270.769043,4281.538574,4226.922852,4271.538574,4258.077148,4267.307617,4269.871582,4232.948730,4412.307617,4430.897461,4312.436035,4377.436035,0.000000,4.000000,85.000000,,,,0.000000,4.000000,4.000000,4.000000,4.000000,4.000000,4.000000,4.000000,4.000000,4.000000,4.000000,4.000000,4.000000,4.000000,4.000000,100.000000,,,,,,,,,,,,,,,,,,,,,,,,,,,,,,,,,,,,,,,,,,,,,,,,,,,,,,,,,,,,,,,,,,,,,,,,,,,,,,,,,,,,,,
1676060257.765483,1676060257.766065,62.000000,0.000000,4288.333496,4299.743652,4287.436035,4298.974121,4240.769043,4284.230957,4285.897461,4281.153809,4289.230957,4254.487305,4431.410156,4452.563965,4334.358887,4396.794922,0.000000,4.000000,85.000000,,,,0.000000,4.000000,4.000000,4.000000,4.000000,4.000000,4.000000,4.000000,4.000000,4.000000,4.000000,4.000000,4.000000,4.000000,4.000000,100.000000,,,,,,,,,,,,,,,,,1.502364,7.218848,3.171185,1.826004,1.494883,5.655479,8.469377,3.994966,2.317699,1.501478,1.623883,7.971525,4.166562,1.926130,1.670755,4.449671,7.867738,4.004197,2.195391,1.518200,2.665346,2.872778,1.519400,1.171086,0.660617,0.810890,0.866340,1.297640,0.747341,0.559955,0.687836,1.166933,3.585987,1.452716,1.126068,0.519731,1.429853,4.081445,1.924024,1.594046,0.565141,1.996313,3.920697,2.003747,2.015571,1.107540,3.299303,4.766270,2.472044,2.168143,2.628361,7.354219,3.495903,3.568152,2.955080,2.856546,6.403101,4.316394,3.321843,2.645001,3.084921,6.980121,2.472412,2.735433,2.457729,1.705693,8.405787,2.740319,2.652632,2.781454
1676060257.773291,1676060257.773973,63.000000,0.000000,4316.794922,4320.256348,4312.563965,4320.256348,4254.743652,4293.717773,4305.128418,4306.282227,4309.102539,4271.922852,4458.974121,4485.769043,4361.282227,4429.102539,0.000000,4.000000,85.000000,,,,0.000000,4.000000,4.000000,4.000000,4.000000,4.000000,4.000000,4.000000,4.000000,4.000000,4.000000,4.000000,4.000000,4.000000,4.000000,100.000000,,,,,,,,,,,,,,,,,,,,,,,,,,,,,,,,,,,,,,,,,,,,,,,,,,,,,,,,,,,,,,,,,,,,,,,,,,,,,,,,,,,,,,
1676060257.781099,1676060257.781781,64.000000,0.000000,4305.897461,4302.692383,4300.000000,4302.948730,4240.897461,4281.282227,4283.589844,4294.615234,4289.487305,4260.000000,4443.077148,4467.051270,4341.538574,4412.563965,2523.000000,4.000000,85.000000,,,,0.000000,4.000000,4.000000,4.000000,4.000000,4.000000,4.000000,4.000000,4.000000,4.000000,4.000000,4.000000,4.000000,4.000000,4.000000,100.000000,,,,,,,,,,,,,,,,,,,,,,,,,,,,,,,,,,,,,,,,,,,,,,,,,,,,,,,,,,,,,,,,,,,,,,,,,,,,,,,,,,,,,,
1676060257.788908,1676060257.789490,65.000000,0.000000,4285.897461,4287.179688,4283.717773,4288.205078,4236.025879,4273.077148,4268.589844,4272.179688,4273.846191,4247.692383,4421.025879,4439.102539,4318.461426,4384.743652,2481.000000,4.000000,85.000000,,,,0.000000,4.000000,4.000000,4.000000,4.000000,4.000000,4.000000,4.000000,4.000000,4.000000,4.000000,4.000000,4.000000,4.000000,4.000000,100.000000,,,,,,,,,,,,,,,,,,,,,,,,,,,,,,,,,,,,,,,,,,,,,,,,,,,,,,,,,,,,,,,,,,,,,,,,,,,,,,,,,,,,,,
1676060257.796716,1676060257.797298,66.000000,0.000000,4297.563965,4303.333496,4301.153809,4308.461426,4250.128418,4282.692383,4291.282227,4286.410156,4294.871582,4260.512695,4438.205078,4456.282227,4339.871582,4400.128418,2406.000000,4.000000,85.000000,,,,0.000000,4.000000,4.000000,4.000000,4.000000,4.000000,4.000000,4.000000,4.000000,4.000000,4.000000,4.000000,4.000000,4.000000,4.000000,100.000000,,,,,,,,,,,,,,,,,,,,,,,,,,,,,,,,,,,,,,,,,,,,,,,,,,,,,,,,,,,,,,,,,,,,,,,,,,,,,,,,,,,,,,
1676060257.804524,1676060257.805007,67.000000,0.000000,4301.153809,4301.922852,4304.871582,4310.128418,4242.436035,4282.563965,4294.871582,4291.410156,4298.461426,4264.615234,4442.692383,4464.358887,4348.846191,4411.794922,2468.000000,4.000000,85.000000,,,,0.000000,4.000000,4.000000,4.000000,4.000000,4.000000,4.000000,4.000000,4.000000,4.000000,4.000000,4.000000,4.000000,4.000000,4.000000,100.000000,,,,,,,,,,,,,,,,,,,,,,,,,,,,,,,,,,,,,,,,,,,,,,,,,,,,,,,,,,,,,,,,,,,,,,,,,,,,,,,,,,,,,,
1676060257.812333,1676060257.812815,68.000000,0.000000,4278.333496,4277.179688,4279.102539,4280.000000,4229.871582,4270.256348,4263.717773,4266.666504,4271.153809,4242.948730,4410.769043,4433.974121,4317.563965,4385.384766,2444.000000,4.000000,85.000000,,,,0.000000,4.000000,4.000000,4.000000,4.000000,4.000000,4.000000,4.000000,4.000000,4.000000,4.000000,4.000000,4.000000,4.000000,4.000000,100.000000,,,,,,,,,,,,,,,,,,,,,,,,,,,,,,,,,,,,,,,,,,,,,,,,,,,,,,,,,,,,,,,,,,,,,,,,,,,,,,,,,,,,,,
1676060257.820141,1676060257.820524,69.000000,0.000000,4275.769043,4277.307617,4279.230957,4278.846191,4244.230957,4271.794922,4260.769043,4269.487305,4275.384766,4246.282227,4408.846191,4434.487305,4311.666504,4381.410156,2379.000000,4.000000,85.000000,,,,0.000000,4.000000,4.000000,4.000000,4.000000,4.000000,4.000000,4.000000,4.000000,4.000000,4.000000,4.000000,4.000000,4.000000,4.000000,100.000000,,,,,,,,,,,,,,,,,,,,,,,,,,,,,,,,,,,,,,,,,,,,,,,,,,,,,,,,,,,,,,,,,,,,,,,,,,,,,,,,,,,,,,
1676060257.827949,1676060257.828432,70.000000,0.000000,4286.410156,4286.794922,4297.051270,4298.205078,4250.384766,4277.307617,4280.000000,4287.820313,4295.512695,4262.820313,4430.512695,4459.743652,4330.769043,4398.846191,2221.000000,4.000000,85.000000,,,,0.000000,4.000000,4.000000,4.000000,4.000000,4.000000,4.000000,4.000000,4.000000,4.000000,4.000000,4.000000,4.000000,4.000000,4.000000,100.000000,,,,,,,,,,,,,,,,,,,,,,,,,,,,,,,,,,,,,,,,,,,,,,,,,,,,,,,,,,,,,,,,,,,,,,,,,,,,,,,,,,,,,,
1676060257.835758,1676060257.836241,71.000000,0.000000,4291.153809,4287.436035,4296.538574,4297.820313,4242.051270,4284.230957,4284.487305,4287.948730,4294.358887,4263.461426,4437.307617,4462.692383,4340.512695,4403.717773,2229.000000,4.000000,85.000000,,,,0.000000,4.000000,4.000000,4.000000,4.000000,4.000000,4.000000,4.000000,4.000000,4.000000,4.000000,4.000000,4.000000,4.000000,4.000000,100.000000,,,,,,,,,,,,,,,,,,,,,,,,,,,,,,,,,,,,,,,,,,,,,,,,,,,,,,,,,,,,,,,,,,,,,,,,,,,,,,,,,,,,,,
1676060257.843566,1676060257.844149,72.000000,0.000000,4299.743652,4295.256348,4292.179688,4293.333496,4246.794922,4292.948730,4284.871582,4290.897461,4295.769043,4271.538574,4442.051270,4460.384766,4348.589844,4409.358887,2274.000000,4.000000,85.000000,,,,0.000000,4.000000,4.000000,4.000000,4.000000,4.000000,4.000000,4.000000,4.000000,4.000000,4.000000,4.000000,4.000000,4.000000,4.000000,100.000000,,,,,,,,,,,,,,,,,,,,,,,,,,,,,,,,,,,,,,,,,,,,,,,,,,,,,,,,,,,,,,,,,,,,,,,,,,,,,,,,,,,,,,
1676060257.851375,1676060257.851958,73.000000,0.000000,4301.794922,4295.256348,4295.256348,4295.000000,4250.897461,4288.589844,4286.153809,4297.820313,4300.897461,4276.282227,4442.051270,4458.205078,4346.538574,4409.487305,2259.000000,4.000000,85.000000,,,,0.000000,4.000000,4.000000,4.000000,4.000000,4.000000,4.000000,4.000000,4.000000,4.000000,4.000000,4.000000,4.000000,4.000000,4.000000,100.000000,,,,,,,,,,,,,,,,,,,,,,,,,,,,,,,,,,,,,,,,,,,,,,,,,,,,,,,,,,,,,,,,,,,,,,,,,,,,,,,,,,,,,,
1676060257.859183,1676060257.859766,74.000000,0.000000,4293.974121,4287.820313,4296.025879,4292.820313,4246.282227,4284.487305,4288.461426,4294.358887,4296.538574,4268.077148,4435.256348,4453.461426,4335.000000,4399.615234,2727.000000,4.000000,85.000000,,,,0.000000,4.000000,4.000000,4.000000,4.000000,4.000000,4.000000,4.000000,4.000000,4.000000,4.000000,4.000000,4.000000,4.000000,4.000000,100.000000,,,,,,,,,,,,,,,,,,,,,,,,,,,,,,,,,,,,,,,,,,,,,,,,,,,,,,,,,,,,,,,,,,,,,,,,,,,,,,,,,,,,,,
1676060257.866991,1676060257.867475,75.000000,0.000000,4292.179688,4296.153809,4297.179688,4295.512695,4249.230957,4294.230957,4295.512695,4296.025879,4299.358887,4276.666504,4441.282227,4460.128418,4342.051270,4403.717773,2915.000000,4.000000,85.000000,,,,0.000000,4.000000,4.000000,4.000000,4.000000,4.000000,4.000000,4.000000,4.000000,4.000000,4.000000,4.000000,4.000000,4.000000,4.000000,100.000000,,,,,,,,,,,,,,,,,,,,,,,,,,,,,,,,,,,,,,,,,,,,,,,,,,,,,,,,,,,,,,,,,,,,,,,,,,,,,,,,,,,,,,
1676060257.874800,1676060257.875283,76.000000,0.000000,4288.717773,4296.538574,4293.974121,4297.179688,4252.051270,4297.307617,4290.128418,4298.077148,4298.461426,4276.538574,4438.077148,4457.563965,4346.153809,4403.846191,3124.000000,4.000000,85.000000,,,,0.000000,4.000000,4.000000,4.000000,4.000000,4.000000,4.000000,4.000000,4.000000,4.000000,4.000000,4.000000,4.000000,4.000000,4.000000,100.000000,,,,,,,,,,,,,,,,,,,,,,,,,,,,,,,,,,,,,,,,,,,,,,,,,,,,,,,,,,,,,,,,,,,,,,,,,,,,,,,,,,,,,,
1676060257.882608,1676060257.882992,77.000000,0.000000,4278.589844,4280.384766,4291.666504,4289.743652,4248.461426,4290.897461,4280.128418,4289.358887,4282.307617,4250.256348,4417.948730,4440.000000,4329.230957,4390.256348,3244.000000,4.000000,85.000000,,,,0.000000,4.000000,4.000000,4.000000,4.000000,4.000000,4.000000,4.000000,4.000000,4.000000,4.000000,4.000000,4.000000,4.000000,4.000000,100.000000,,,,,,,,,,,,,,,,,,,,,,,,,,,,,,,,,,,,,,,,,,,,,,,,,,,,,,,,,,,,,,,,,,,,,,,,,,,,,,,,,,,,,,
1676060257.890417,1676060257.890900,78.000000,0.000000,4278.974121,4276.410156,4295.641113,4284.615234,4246.153809,4296.025879,4291.153809,4283.589844,4279.358887,4244.615234,4414.358887,4440.641113,4322.692383,4386.410156,2727.000000,4.000000,85.000000,,,,0.000000,4.000000,4.000000,4.000000,4.000000,4.000000,4.000000,4.000000,4.000000,4.000000,4.000000,4.000000,4.000000,4.000000,4.000000,100.000000,1.000000,58.333332,4.000000,4.000000,3.000000,4.000000,1.000000,4.000000,4.000000,3.000000,4.000000,3.000000,3.000000,3.000000,3.000000,3.000000,1.564290,8.990113,3.184565,1.777466,1.526929,5.762213,9.921650,3.798581,2.370569,1.581006,1.895318,9.440358,3.960408,1.975963,1.738992,4.617757,9.221736,3.838214,2.221462,1.577759,2.457908,2.880820,1.583206,1.182317,0.696303,0.891016,0.814311,1.259297,0.751783,0.601882,0.657925,1.134086,3.407146,1.536159,1.163363,0.524543,1.210270,4.117323,1.974084,1.620786,0.604243,1.725138,4.126820,1.985575,2.036688,1.442675,3.581398,4.395284,2.447639,2.251356,4.139756,9.844069,3.235179,3.513617,3.067617,3.442671,8.031247,4.099861,3.277642,2.758867,3.858362,8.956833,2.233946,2.585085,2.585044,2.055202,10.950001,2.696767,2.518386,2.980536
1676060257.898225,1676060257.898708,79.000000,0.000000,4281.410156,4281.794922,4288.846191,4281.538574,4248.333496,4298.846191,4300.000000,4279.358887,4284.871582,4251.666504,4414.102539,4447.051270,4325.128418,4380.512695,2915.000000,4.000000,85.000000,,,,0.000000,4.000000,4.000000,4.000000,4.000000,4.000000,4.000000,4.000000,4.000000,4.000000,4.000000,4.000000,4.000000,4.000000,4.000000,100.000000,,,,,,,,,,,,,,,,,,,,,,,,,,,,,,,,,,,,,,,,,,,,,,,,,,,,,,,,,,,,,,,,,,,,,,,,,,,,,,,,,,,,,,
1676060257.906033,1676060257.906617,80.000000,0.000000,4275.641113,4279.487305,4277.563965,4278.974121,4248.974121,4292.051270,4286.282227,4275.000000,4276.025879,4245.000000,4402.051270,4436.282227,4320.256348,4373.974121,3124.000000,4.000000,85.000000,,,,0.000000,4.000000,4.000000,4.000000,4.000000,4.000000,4.000000,4.000000,4.000000,4.000000,4.000000,4.000000,4.000000,4.000000,4.000000,100.000000,,,,,,,,,,,,,,,,,,,,,,,,,,,,,,,,,,,,,,,,,,,,,,,,,,,,,,,,,,,,,,,,,,,,,,,,,,,,,,,,,,,,,,
1676060257.913842,1676060257.914425,81.000000,0.000000,4280.128418,4279.487305,4291.025879,4287.948730,4252.179688,4295.769043,4283.589844,4281.922852,4279.615234,4257.179688,4414.871582,4441.538574,4326.922852,4391.666504,3244.000000,4.000000,85.000000,,,,0.000000,4.000000,4.000000,4.000000,4.000000,4.000000,4.000000,4.000000,4.000000,4.000000,4.000000,4.000000,4.000000,4.000000,4.000000,100.000000,,,,,,,,,,,,,,,,,,,,,,,,,,,,,,,,,,,,,,,,,,,,,,,,,,,,,,,,,,,,,,,,,,,,,,,,,,,,,,,,,,,,,,
1676060257.921650,1676060257.922334,82.000000,0.000000,4290.512695,4283.333496,4305.897461,4291.922852,4252.179688,4296.025879,4292.436035,4290.000000,4295.769043,4273.461426,4434.871582,4457.692383,4338.589844,4403.333496,2727.000000,4.000000,85.000000,,,,0.000000,4.000000,4.000000,4.000000,4.000000,4.000000,4.000000,4.000000,4.000000,4.000000,4.000000,4.000000,4.000000,4.000000,4.000000,100.000000,,,,,,,,,,,,,,,,,,,,,,,,,,,,,,,,,,,,,,,,,,,,,,,,,,,,,,,,,,,,,,,,,,,,,,,,,,,,,,,,,,,,,,
1676060257.929459,1676060257.930142,83.000000,0.000000,4282.179688,4269.230957,4285.897461,4269.743652,4236.666504,4282.051270,4283.077148,4278.974121,4285.128418,4253.974121,4413.461426,4441.282227,4326.410156,4379.230957,2915.000000,4.000000,85.000000,,,,0.000000,4.000000,4.000000,4.000000,4.000000,4.000000,4.000000,4.000000,4.000000,4.000000,4.000000,4.000000,4.000000,4.000000,4.000000,100.000000,,,,,,,,,,,,,,,,,,,,,,,,,,,,,,,,,,,,,,,,,,,,,,,,,,,,,,,,,,,,,,,,,,,,,,,,,,,,,,,,,,,,,,
1676060257.937267,1676060257.938050,84.000000,0.000000,4278.333496,4258.077148,4283.205078,4268.205078,4235.769043,4285.256348,4282.179688,4279.102539,4279.102539,4249.358887,4406.153809,4435.641113,4326.025879,4381.922852,3124.000000,4.000000,85.000000,,,,0.000000,4.000000,4.000000,4.000000,4.000000,4.000000,4.000000,4.000000,4.000000,4.000000,4.000000,4.000000,4.000000,4.000000,4.000000,100.000000,,,,,,,,,,,,,,,,,,,,,,,,,,,,,,,,,,,,,,,,,,,,,,,,,,,,,,,,,,,,,,,,,,,,,,,,,,,,,,,,,,,,,,
1676060257.945075,1676060257.945859,85.000000,0.000000,4303.205078,4278.846191,4319.743652,4305.256348,4259.102539,4305.128418,4307.051270,4309.487305,4309.743652,4284.487305,4451.538574,4474.743652,4356.922852,4425.000000,3244.000000,4.000000,85.000000,,,,0.000000,4.000000,4.000000,4.000000,4.000000,4.000000,4.000000,4.000000,4.000000,4.000000,4.000000,4.000000,4.000000,4.000000,4.000000,100.000000,,,,,,,,,,,,,,,,,,,,,,,,,,,,,,,,,,,,,,,,,,,,,,,,,,,,,,,,,,,,,,,,,,,,,,,,,,,,,,,,,,,,,,
1676060257.952884,1676060257.953767,86.000000,0.000000,4320.641113,4292.307617,4330.000000,4314.871582,4260.897461,4299.102539,4312.051270,4317.563965,4314.871582,4287.692383,4464.358887,4487.307617,4363.974121,4428.846191,2727.000000,4.000000,85.000000,,,,0.000000,4.000000,4.000000,4.000000,4.000000,4.000000,4.000000,4.000000,4.000000,4.000000,4.000000,4.000000,4.000000,4.000000,4.000000,100.000000,,,,,,,,,,,,,,,,,,,,,,,,,,,,,,,,,,,,,,,,,,,,,,,,,,,,,,,,,,,,,,,,,,,,,,,,,,,,,,,,,,,,,,
1676060257.960692,1676060257.961675,87.000000,0.000000,4311.538574,4281.922852,4308.461426,4294.743652,4243.717773,4281.025879,4293.205078,4291.666504,4285.128418,4263.205078,4429.871582,4461.025879,4343.717773,4404.102539,2915.000000,4.000000,85.000000,,,,0.000000,4.000000,4.000000,4.000000,4.000000,4.000000,4.000000,4.000000,4.000000,4.000000,4.000000,4.000000,4.000000,4.000000,4.000000,100.000000,,,,,,,,,,,,,,,,,,,,,,,,,,,,,,,,,,,,,,,,,,,,,,,,,,,,,,,,,,,,,,,,,,,,,,,,,,,,,,,,,,,,,,
1676060257.968501,1676060257.969484,88.000000,0.000000,4301.538574,4273.077148,4297.692383,4291.153809,4243.077148,4286.153809,4284.358887,4276.666504,4273.846191,4253.717773,4412.436035,4450.256348,4330.769043,4400.384766,3124.000000,4.000000,85.000000,,,,0.000000,4.000000,4.000000,4.000000,4.000000,4.000000,4.000000,4.000000,4.000000,4.000000,4.000000,4.000000,4.000000,4.000000,4.000000,100.000000,,,,,,,,,,,,,,,,,,,,,,,,,,,,,,,,,,,,,,,,,,,,,,,,,,,,,,,,,,,,,,,,,,,,,,,,,,,,,,,,,,,,,,
1676060257.976309,1676060257.977292,89.000000,0.000000,4294.743652,4266.153809,4293.077148,4294.871582,4247.436035,4294.487305,4279.743652,4275.128418,4273.974121,4244.358887,4408.333496,4449.358887,4321.538574,4396.666504,3244.000000,4.000000,85.000000,,,,0.000000,4.000000,4.000000,4.000000,4.000000,4.000000,4.000000,4.000000,4.000000,4.000000,4.000000,4.000000,4.000000,4.000000,4.000000,100.000000,,,,,,,,,,,,,,,,,,,,,,,,,,,,,,,,,,,,,,,,,,,,,,,,,,,,,,,,,,,,,,,,,,,,,,,,,,,,,,,,,,,,,,
1676060257.984117,1676060257.985001,90.000000,0.000000,4303.717773,4277.820313,4303.717773,4312.820313,4252.051270,4294.743652,4289.230957,4291.794922,4281.794922,4251.538574,4425.384766,4468.333496,4337.948730,4408.333496,2727.000000,4.000000,85.000000,,,,0.000000,4.000000,4.000000,4.000000,4.000000,4.000000,4.000000,4.000000,4.000000,4.000000,4.000000,4.000000,4.000000,4.000000,4.000000,100.000000,,,,,,,,,,,,,,,,,,,,,,,,,,,,,,,,,,,,,,,,,,,,,,,,,,,,,,,,,,,,,,,,,,,,,,,,,,,,,,,,,,,,,,
1676060257.991926,1676060257.992809,91.000000,0.000000,4317.563965,4300.000000,4322.820313,4336.282227,4258.077148,4297.051270,4307.179688,4315.769043,4296.666504,4276.410156,4450.641113,4497.820313,4366.538574,4434.358887,2915.000000,4.000000,85.000000,,,,0.000000,4.000000,4.000000,4.000000,4.000000,4.000000,4.000000,4.000000,4.000000,4.000000,4.000000,4.000000,4.000000,4.000000,4.000000,100.000000,,,,,,,,,,,,,,,,,,,,,,,,,,,,,,,,,,,,,,,,,,,,,,,,,,,,,,,,,,,,,,,,,,,,,,,,,,,,,,,,,,,,,,
1676060257.999734,1676060258.000518,92.000000,0.000000,4300.769043,4283.974121,4304.102539,4319.358887,4245.128418,4295.256348,4294.743652,4300.000000,4282.820313,4267.051270,4428.205078,4482.436035,4347.051270,4412.820313,3124.000000,4.000000,85.000000,,,,0.000000,4.000000,4.000000,4.000000,4.000000,4.000000,4.000000,4.000000,4.000000,4.000000,4.000000,4.000000,4.000000,4.000000,4.000000,100.000000,,,,,,,,,,,,,,,,,,,,,,,,,,,,,,,,,,,,,,,,,,,,,,,,,,,,,,,,,,,,,,,,,,,,,,,,,,,,,,,,,,,,,,
1676060258.007542,1676060258.008326,93.000000,0.000000,4296.153809,4272.692383,4294.871582,4314.743652,4245.769043,4297.179688,4289.358887,4284.871582,4275.256348,4255.256348,4418.717773,4476.153809,4333.461426,4395.384766,3244.000000,4.000000,85.000000,,,,0.000000,4.000000,4.000000,4.000000,4.000000,4.000000,4.000000,4.000000,4.000000,4.000000,4.000000,4.000000,4.000000,4.000000,4.000000,100.000000,,,,,,,,,,,,,,,,,,,,,,,,,,,,,,,,,,,,,,,,,,,,,,,,,,,,,,,,,,,,,,,,,,,,,,,,,,,,,,,,,,,,,,
1676060258.015351,1676060258.016035,94.000000,0.000000,4319.871582,4303.846191,4321.538574,4349.230957,4265.897461,4298.846191,4307.051270,4310.384766,4303.461426,4275.128418,4457.563965,4514.743652,4365.000000,4430.128418,2727.000000,4.000000,85.000000,,,,0.000000,4.000000,4.000000,4.000000,4.000000,4.000000,4.000000,4.000000,4.000000,4.000000,4.000000,4.000000,4.000000,4.000000,4.000000,100.000000,,,,,,,,,,,,,,,,,1.642939,10.555952,2.978454,1.713971,1.509698,6.029747,11.081018,3.431609,2.313052,1.621632,2.099624,10.851003,3.399482,1.998396,1.733909,4.744774,10.506823,3.418689,2.136003,1.568558,2.167708,3.029030,1.567441,1.206165,0.718134,1.001064,0.780985,1.175473,0.741184,0.631930,0.661836,1.144841,2.994261,1.563940,1.162743,0.582173,1.144025,3.832715,1.923196,1.577575,0.651675,1.479728,3.990280,1.843285,1.953684,1.700068,3.626511,3.933310,2.260963,2.232189,6.062959,11.960868,2.982301,3.278262,3.004747,4.060364,9.531054,3.608031,3.057237,2.742500,4.363059,10.431616,2.101670,2.304077,2.565854,2.404543,13.158599,2.576715,2.289392,2.983891
1676060258.023159,1676060258.023843,95.000000,0.000000,4317.563965,4305.384766,4313.461426,4343.974121,4252.948730,4285.256348,4293.589844,4311.538574,4306.794922,4271.666504,4459.487305,4514.743652,4368.461426,4433.846191,2915.000000,4.000000,85.000000,,,,0.000000,4.000000,4.000000,4.000000,4.000000,4.000000,4.000000,4.000000,4.000000,4.000000,4.000000,4.000000,4.000000,4.000000,4.000000,100.000000,,,,,,,,,,,,,,,,,,,,,,,,,,,,,,,,,,,,,,,,,,,,,,,,,,,,,,,,,,,,,,,,,,,,,,,,,,,,,,,,,,,,,,
1676060258.030967,1676060258.031552,96.000000,0.000000,4302.563965,4277.820313,4290.641113,4319.871582,4234.871582,4277.307617,4273.717773,4289.487305,4292.948730,4257.948730,4432.307617,4491.282227,4348.846191,4406.538574,3124.000000,4.000000,85.000000,,,,0.000000,4.000000,4.000000,4.000000,4.000000,4.000000,4.000000,4.000000,4.000000,4.000000,4.000000,4.000000,4.000000,4.000000,4.000000,100.000000,,,,,,,,,,,,,,,,,,,,,,,,,,,,,,,,,,,,,,,,,,,,,,,,,,,,,,,,,,,,,,,,,,,,,,,,,,,,,,,,,,,,,,
1676060258.038776,1676060258.039360,97.000000,0.000000,4313.461426,4281.538574,4304.487305,4332.307617,4245.384766,4283.461426,4284.487305,4300.256348,4313.589844,4276.538574,4444.615234,4507.948730,4358.461426,4416.794922,3244.000000,4.000000,85.000000,,,,0.000000,4.000000,4.000000,4.000000,4.000000,4.000000,4.000000,4.000000,4.000000,4.000000,4.000000,4.000000,4.000000,4.000000,4.000000,100.000000,,,,,,,,,,,,,,,,,,,,,,,,,,,,,,,,,,,,,,,,,,,,,,,,,,,,,,,,,,,,,,,,,,,,,,,,,,,,,,,,,,,,,,
1676060258.046584,1676060258.047069,98.000000,0.000000,4315.512695,4282.307617,4312.692383,4335.641113,4242.563965,4278.077148,4285.769043,4308.717773,4326.025879,4283.589844,4462.051270,4516.666504,4370.000000,4437.692383,2727.000000,4.000000,85.000000,,,,0.000000,4.000000,4.000000,4.000000,4.000000,4.000000,4.000000,4.000000,4.000000,4.000000,4.000000,4.000000,4.000000,4.000000,4.000000,100.000000,,,,,,,,,,,,,,,,,,,,,,,,,,,,,,,,,,,,,,,,,,,,,,,,,,,,,,,,,,,,,,,,,,,,,,,,,,,,,,,,,,,,,,
1676060258.054393,1676060258.054877,99.000000,0.000000,4306.666504,4260.769043,4301.538574,4319.102539,4226.794922,4268.589844,4275.641113,4292.179688,4308.589844,4260.641113,4457.307617,4504.871582,4372.692383,4443.077148,2915.000000,4.000000,85.000000,,,,0.000000,4.000000,4.000000,4.000000,4.000000,4.000000,4.000000,4.000000,4.000000,4.000000,4.000000,4.000000,4.000000,4.000000,4.000000,100.000000,,,,,,,,,,,,,,,,,,,,,,,,,,,,,,,,,,,,,,,,,,,,,,,,,,,,,,,,,,,,,,,,,,,,,,,,,,,,,,,,,,,,,,
1676060258.062201,1676060258.062586,100.000000,0.000000,4324.230957,4263.846191,4307.692383,4327.179688,4237.563965,4273.846191,4289.615234,4292.179688,4311.922852,4260.512695,4467.948730,4518.717773,4391.922852,4455.128418,3124.000000,4.000000,85.000000,,,,0.000000,4.000000,4.000000,4.000000,4.000000,4.000000,4.000000,4.000000,4.000000,4.000000,4.000000,4.000000,4.000000,4.000000,4.000000,100.000000,,,,,,,,,,,,,,,,,,,,,,,,,,,,,,,,,,,,,,,,,,,,,,,,,,,,,,,,,,,,,,,,,,,,,,,,,,,,,,,,,,,,,,
1676060258.070009,1676060258.070394,101.000000,0.000000,4336.410156,4278.717773,4313.589844,4338.846191,4252.179688,4282.948730,4299.230957,4303.846191,4329.102539,4280.897461,4477.948730,4528.205078,4400.384766,4459.487305,3244.000000,4.000000,85.000000,,,,0.000000,4.000000,4.000000,4.000000,4.000000,4.000000,4.000000,4.000000,4.000000,4.000000,4.000000,4.000000,4.000000,4.000000,4.000000,100.000000,,,,,,,,,,,,,,,,,,,,,,,,,,,,,,,,,,,,,,,,,,,,,,,,,,,,,,,,,,,,,,,,,,,,,,,,,,,,,,,,,,,,,,
1676060258.077818,1676060258.078103,102.000000,0.000000,4321.282227,4270.128418,4302.820313,4326.282227,4249.230957,4288.589844,4285.128418,4299.230957,4322.307617,4269.102539,4460.512695,4506.666504,4378.717773,4442.692383,2727.000000,4.000000,85.000000,,,,0.000000,4.000000,4.000000,4.000000,4.000000,4.000000,4.000000,4.000000,4.000000,4.000000,4.000000,4.000000,4.000000,4.000000,4.000000,100.000000,,,,,,,,,,,,,,,,,,,,,,,,,,,,,,,,,,,,,,,,,,,,,,,,,,,,,,,,,,,,,,,,,,,,,,,,,,,,,,,,,,,,,,
1676060258.085626,1676060258.085911,103.000000,0.000000,4307.820313,4253.205078,4287.692383,4311.410156,4246.410156,4286.282227,4277.692383,4283.846191,4302.692383,4241.282227,4438.717773,4486.666504,4358.974121,4425.256348,2915.000000,4.000000,85.000000,,,,0.000000,4.000000,4.000000,4.000000,4.000000,4.000000,4.000000,4.000000,4.000000,4.000000,4.000000,4.000000,4.000000,4.000000,4.000000,100.000000,,,,,,,,,,,,,,,,,,,,,,,,,,,,,,,,,,,,,,,,,,,,,,,,,,,,,,,,,,,,,,,,,,,,,,,,,,,,,,,,,,,,,,
1676060258.093434,1676060258.093620,104.000000,0.000000,4307.307617,4248.461426,4277.820313,4308.333496,4243.205078,4276.025879,4277.179688,4272.692383,4297.563965,4245.256348,4433.461426,4483.974121,4362.563965,4421.922852,3124.000000,4.000000,85.000000,,,,0.000000,4.000000,4.000000,4.000000,4.000000,4.000000,4.000000,4.000000,4.000000,4.000000,4.000000,4.000000,4.000000,4.000000,4.000000,100.000000,,,,,,,,,,,,,,,,,,,,,,,,,,,,,,,,,,,,,,,,,,,,,,,,,,,,,,,,,,,,,,,,,,,,,,,,,,,,,,,,,,,,,,
1676060258.101243,1676060258.101428,105.000000,0.000000,4318.333496,4261.794922,4291.794922,4321.153809,4251.410156,4285.512695,4285.512695,4285.512695,4316.410156,4275.641113,4453.205078,4501.538574,4380.384766,4437.563965,3244.000000,4.000000,85.000000,,,,0.000000,4.000000,4.000000,4.000000,4.000000,4.000000,4.000000,4.000000,4.000000,4.000000,4.000000,4.000000,4.000000,4.000000,4.000000,100.000000,,,,,,,,,,,,,,,,,,,,,,,,,,,,,,,,,,,,,,,,,,,,,,,,,,,,,,,,,,,,,,,,,,,,,,,,,,,,,,,,,,,,,,
1676060258.109051,1676060258.109137,106.000000,0.000000,4337.820313,4285.512695,4322.179688,4345.512695,4276.025879,4312.692383,4310.384766,4315.128418,4341.025879,4293.589844,4485.000000,4531.922852,4402.307617,4460.000000,2727.000000,4.000000,85.000000,,,,0.000000,4.000000,4.000000,4.000000,4.000000,4.000000,4.000000,4.000000,4.000000,4.000000,4.000000,4.000000,4.000000,4.000000,4.000000,100.000000,,,,,,,,,,,,,,,,,,,,,,,,,,,,,,,,,,,,,,,,,,,,,,,,,,,,,,,,,,,,,,,,,,,,,,,,,,,,,,,,,,,,,,
1676060258.116860,1676060258.117045,107.000000,0.000000,4348.205078,4293.333496,4331.538574,4355.128418,4283.589844,4313.717773,4320.128418,4325.897461,4345.128418,4292.820313,4495.769043,4546.025879,4414.358887,4467.948730,2915.000000,4.000000,85.000000,,,,0.000000,4.000000,4.000000,4.000000,4.000000,4.000000,4.000000,4.000000,4.000000,4.000000,4.000000,4.000000,4.000000,4.000000,4.000000,100.000000,,,,,,,,,,,,,,,,,,,,,,,,,,,,,,,,,,,,,,,,,,,,,,,,,,,,,,,,,,,,,,,,,,,,,,,,,,,,,,,,,,,,,,
1676060258.124668,1676060258.124854,108.000000,0.000000,4338.717773,4281.538574,4322.692383,4341.282227,4266.282227,4295.128418,4305.384766,4319.358887,4339.358887,4294.871582,4480.641113,4538.077148,4404.615234,4462.436035,3124.000000,4.000000,85.000000,,,,0.000000,4.000000,4.000000,4.000000,4.000000,4.000000,4.000000,4.000000,4.000000,4.000000,4.000000,4.000000,4.000000,4.000000,4.000000,100.000000,,,,,,,,,,,,,,,,,,,,,,,,,,,,,,,,,,,,,,,,,,,,,,,,,,,,,,,,,,,,,,,,,,,,,,,,,,,,,,,,,,,,,,
1676060258.132476,1676060258.132762,109.000000,0.000000,4318.974121,4269.358887,4307.179688,4324.743652,4249.358887,4285.384766,4290.641113,4308.717773,4331.666504,4291.025879,4459.743652,4520.897461,4383.589844,4446.410156,3244.000000,4.000000,85.000000,,,,0.000000,4.000000,4.000000,4.000000,4.000000,4.000000,4.000000,4.000000,4.000000,4.000000,4.000000,4.000000,4.000000,4.000000,4.000000,100.000000,,,,,,,,,,,,,,,,,,,,,,,,,,,,,,,,,,,,,,,,,,,,,,,,,,,,,,,,,,,,,,,,,,,,,,,,,,,,,,,,,,,,,,
1676060258.140285,1676060258.140570,110.000000,0.000000,4302.307617,4259.102539,4290.769043,4315.384766,4247.820313,4278.589844,4280.769043,4294.102539,4316.666504,4267.179688,4439.487305,4499.358887,4362.820313,4419.102539,2727.000000,4.000000,85.000000,,,,0.000000,4.000000,4.000000,4.000000,4.000000,4.000000,4.000000,4.000000,4.000000,4.000000,4.000000,4.000000,4.000000,4.000000,4.000000,100.000000,,,,,,,,,,,,,,,,,1.716729,11.505942,2.622883,1.646139,1.442424,6.394441,11.648168,2.956964,2.142601,1.594397,2.214515,11.853512,2.663998,1.977680,1.649589,4.744851,11.345089,2.838024,1.940452,1.487993,1.985589,3.253336,1.452226,1.204142,0.715071,1.107164,0.770396,1.052463,0.701607,0.639385,0.680277,1.181845,2.432345,1.526329,1.126812,0.641050,1.177897,3.284963,1.799320,1.470665,0.685769,1.310505,3.534328,1.619277,1.784779,1.789245,3.441747,3.436540,1.971661,2.126972,8.087996,13.118141,2.719411,2.917787,2.786114,4.481347,10.569706,2.947974,2.719945,2.595950,4.426887,10.914502,1.997927,1.938810,2.414622,2.678487,14.441441,2.382411,2.008184,2.800432
1676060258.148093,1676060258.148479,111.000000,0.000000,4311.666504,4266.025879,4306.410156,4323.333496,4256.538574,4281.922852,4286.666504,4301.153809,4318.589844,4258.589844,4448.717773,4505.256348,4367.692383,4420.384766,2915.000000,4.000000,85.000000,,,,0.000000,4.000000,4.000000,4.000000,4.000000,4.000000,4.000000,4.000000,4.000000,4.000000,4.000000,4.000000,4.000000,4.000000,4.000000,100.000000,,,,,,,,,,,,,,,,,,,,,,,,,,,,,,,,,,,,,,,,,,,,,,,,,,,,,,,,,,,,,,,,,,,,,,,,,,,,,,,,,,,,,,
1676060258.155902,1676060258.156287,112.000000,0.000000,4341.538574,4296.282227,4342.307617,4348.974121,4264.358887,4295.769043,4309.487305,4323.077148,4341.025879,4291.922852,4492.820313,4541.025879,4403.846191,4455.769043,3124.000000,4.000000,85.000000,,,,0.000000,4.000000,4.000000,4.000000,4.000000,4.000000,4.000000,4.000000,4.000000,4.000000,4.000000,4.000000,4.000000,4.000000,4.000000,100.000000,,,,,,,,,,,,,,,,,,,,,,,,,,,,,,,,,,,,,,,,,,,,,,,,,,,,,,,,,,,,,,,,,,,,,,,,,,,,,,,,,,,,,,
1676060258.163710,1676060258.164196,113.000000,0.000000,4342.948730,4297.179688,4338.846191,4350.128418,4262.563965,4290.128418,4309.230957,4313.717773,4333.974121,4304.230957,4501.410156,4538.846191,4407.563965,4459.487305,3244.000000,4.000000,85.000000,,,,0.000000,4.000000,4.000000,4.000000,4.000000,4.000000,4.000000,4.000000,4.000000,4.000000,4.000000,4.000000,4.000000,4.000000,4.000000,100.000000,,,,,,,,,,,,,,,,,,,,,,,,,,,,,,,,,,,,,,,,,,,,,,,,,,,,,,,,,,,,,,,,,,,,,,,,,,,,,,,,,,,,,,
1676060258.171518,1676060258.172004,114.000000,0.000000,4312.563965,4261.538574,4305.897461,4318.846191,4257.948730,4278.077148,4286.794922,4283.205078,4300.000000,4268.333496,4470.000000,4496.538574,4363.974121,4422.179688,2727.000000,4.000000,85.000000,,,,0.000000,4.000000,4.000000,4.000000,4.000000,4.000000,4.000000,4.000000,4.000000,4.000000,4.000000,4.000000,4.000000,4.000000,4.000000,100.000000,,,,,,,,,,,,,,,,,,,,,,,,,,,,,,,,,,,,,,,,,,,,,,,,,,,,,,,,,,,,,,,,,,,,,,,,,,,,,,,,,,,,,,
1676060258.179327,1676060258.179912,115.000000,0.000000,4305.384766,4256.410156,4305.256348,4313.846191,4265.384766,4293.974121,4292.820313,4284.743652,4298.589844,4257.307617,4472.436035,4495.256348,4352.307617,4410.769043,2915.000000,4.000000,85.000000,,,,0.000000,4.000000,4.000000,4.000000,4.000000,4.000000,4.000000,4.000000,4.000000,4.000000,4.000000,4.000000,4.000000,4.000000,4.000000,100.000000,,,,,,,,,,,,,,,,,,,,,,,,,,,,,,,,,,,,,,,,,,,,,,,,,,,,,,,,,,,,,,,,,,,,,,,,,,,,,,,,,,,,,,
1676060258.187135,1676060258.187721,116.000000,0.000000,4328.333496,4282.563965,4327.307617,4336.794922,4279.230957,4311.794922,4315.128418,4308.333496,4325.128418,4281.666504,4501.410156,4527.179688,4384.487305,4435.000000,3124.000000,4.000000,85.000000,,,,0.000000,4.000000,4.000000,4.000000,4.000000,4.000000,4.000000,4.000000,4.000000,4.000000,4.000000,4.000000,4.000000,4.000000,4.000000,100.000000,,,,,,,,,,,,,,,,,,,,,,,,,,,,,,,,,,,,,,,,,,,,,,,,,,,,,,,,,,,,,,,,,,,,,,,,,,,,,,,,,,,,,,
1676060258.194944,1676060258.195429,117.000000,0.000000,4330.256348,4282.820313,4321.410156,4335.256348,4278.077148,4301.153809,4306.410156,4306.153809,4322.948730,4274.743652,4494.102539,4519.102539,4386.410156,4440.256348,3244.000000,4.000000,85.000000,,,,0.000000,4.000000,4.000000,4.000000,4.000000,4.000000,4.000000,4.000000,4.000000,4.000000,4.000000,4.000000,4.000000,4.000000,4.000000,100.000000,,,,,,,,,,,,,,,,,,,,,,,,,,,,,,,,,,,,,,,,,,,,,,,,,,,,,,,,,,,,,,,,,,,,,,,,,,,,,,,,,,,,,,
1676060258.202752,1676060258.203238,118.000000,0.000000,4315.769043,4271.538574,4305.769043,4321.538574,4268.974121,4293.589844,4293.077148,4293.333496,4308.461426,4260.769043,4469.871582,4497.051270,4366.922852,4426.410156,2727.000000,4.000000,85.000000,,,,0.000000,4.000000,4.000000,4.000000,4.000000,4.000000,4.000000,4.000000,4.000000,4.000000,4.000000,4.000000,4.000000,4.000000,4.000000,100.000000,,,,,,,,,,,,,,,,,,,,,,,,,,,,,,,,,,,,,,,,,,,,,,,,,,,,,,,,,,,,,,,,,,,,,,,,,,,,,,,,,,,,,,
1676060258.210560,1676060258.210946,119.000000,0.000000,4322.307617,4282.820313,4312.820313,4326.153809,4271.666504,4305.000000,4305.000000,4301.410156,4317.820313,4278.205078,4477.051270,4506.666504,4378.461426,4431.538574,2915.000000,4.000000,85.000000,,,,0.000000,4.000000,4.000000,4.000000,4.000000,4.000000,4.000000,4.000000,4.000000,4.000000,4.000000,4.000000,4.000000,4.000000,4.000000,100.000000,,,,,,,,,,,,,,,,,,,,,,,,,,,,,,,,,,,,,,,,,,,,,,,,,,,,,,,,,,,,,,,,,,,,,,,,,,,,,,,,,,,,,,
1676060258.218369,1676060258.218755,120.000000,0.000000,4318.846191,4278.077148,4309.487305,4320.897461,4266.282227,4301.025879,4303.333496,4298.205078,4315.769043,4271.282227,4474.871582,4497.948730,4381.538574,4426.153809,3124.000000,4.000000,85.000000,,,,0.000000,4.000000,4.000000,4.000000,4.000000,4.000000,4.000000,4.000000,4.000000,4.000000,4.000000,4.000000,4.000000,4.000000,4.000000,100.000000,,,,,,,,,,,,,,,,,,,,,,,,,,,,,,,,,,,,,,,,,,,,,,,,,,,,,,,,,,,,,,,,,,,,,,,,,,,,,,,,,,,,,,
1676060258.226177,1676060258.226463,121.000000,0.000000,4300.256348,4257.948730,4292.179688,4306.282227,4248.846191,4282.563965,4288.205078,4284.358887,4300.384766,4252.307617,4456.922852,4476.794922,4364.871582,4408.717773,3244.000000,4.000000,85.000000,,,,0.000000,4.000000,4.000000,4.000000,4.000000,4.000000,4.000000,4.000000,4.000000,4.000000,4.000000,4.000000,4.000000,4.000000,4.000000,100.000000,,,,,,,,,,,,,,,,,,,,,,,,,,,,,,,,,,,,,,,,,,,,,,,,,,,,,,,,,,,,,,,,,,,,,,,,,,,,,,,,,,,,,,
1676060258.233986,1676060258.234272,122.000000,0.000000,4304.102539,4262.563965,4290.384766,4306.025879,4247.179688,4277.692383,4290.256348,4297.563965,4310.512695,4274.102539,4469.615234,4489.230957,4374.615234,4419.871582,2727.000000,4.000000,85.000000,,,,0.000000,4.000000,4.000000,4.000000,4.000000,4.000000,4.000000,4.000000,4.000000,4.000000,4.000000,4.000000,4.000000,4.000000,4.000000,100.000000,,,,,,,,,,,,,,,,,,,,,,,,,,,,,,,,,,,,,,,,,,,,,,,,,,,,,,,,,,,,,,,,,,,,,,,,,,,,,,,,,,,,,,
1676060258.241794,1676060258.241980,123.000000,0.000000,4309.487305,4267.179688,4289.230957,4304.102539,4251.410156,4280.256348,4288.717773,4307.307617,4316.794922,4286.666504,4477.051270,4493.846191,4382.948730,4427.692383,2915.000000,4.000000,85.000000,,,,0.000000,4.000000,4.000000,4.000000,4.000000,4.000000,4.000000,4.000000,4.000000,4.000000,4.000000,4.000000,4.000000,4.000000,4.000000,100.000000,,,,,,,,,,,,,,,,,,,,,,,,,,,,,,,,,,,,,,,,,,,,,,,,,,,,,,,,,,,,,,,,,,,,,,,,,,,,,,,,,,,,,,
1676060258.249602,1676060258.249789,124.000000,0.000000,4303.077148,4256.922852,4281.410156,4299.743652,4248.717773,4276.153809,4279.487305,4293.717773,4306.794922,4272.179688,4457.820313,4477.563965,4368.846191,4409.230957,3124.000000,4.000000,85.000000,,,,0.000000,4.000000,4.000000,4.000000,4.000000,4.000000,4.000000,4.000000,4.000000,4.000000,4.000000,4.000000,4.000000,4.000000,4.000000,100.000000,,,,,,,,,,,,,,,,,,,,,,,,,,,,,,,,,,,,,,,,,,,,,,,,,,,,,,,,,,,,,,,,,,,,,,,,,,,,,,,,,,,,,,
1676060258.257411,1676060258.257497,125.000000,0.000000,4310.769043,4268.077148,4292.436035,4310.000000,4256.282227,4280.897461,4288.589844,4296.794922,4313.589844,4279.358887,4462.692383,4488.205078,4373.589844,4413.333496,3244.000000,4.000000,85.000000,,,,0.000000,4.000000,4.000000,4.000000,4.000000,4.000000,4.000000,4.000000,4.000000,4.000000,4.000000,4.000000,4.000000,4.000000,4.000000,100.000000,,,,,,,,,,,,,,,,,,,,,,,,,,,,,,,,,,,,,,,,,,,,,,,,,,,,,,,,,,,,,,,,,,,,,,,,,,,,,,,,,,,,,,
1676060258.265219,1676060258.265406,126.000000,0.000000,4318.077148,4282.436035,4306.794922,4316.794922,4268.717773,4293.717773,4301.410156,4309.230957,4322.436035,4288.717773,4478.333496,4505.000000,4388.333496,4432.820313,2727.000000,4.000000,85.000000,,,,0.000000,4.000000,4.000000,4.000000,4.000000,4.000000,4.000000,4.000000,4.000000,4.000000,4.000000,4.000000,4.000000,4.000000,4.000000,100.000000,,,,,,,,,,,,,,,,,1.755212,11.551546,2.219903,1.581571,1.336020,6.675511,11.392436,2.435441,1.890036,1.496277,2.238155,12.077875,1.964826,1.902634,1.507684,4.507236,11.356800,2.208413,1.669075,1.361068,1.809495,3.400409,1.249458,1.146535,0.686658,1.206047,0.777207,0.903748,0.630682,0.621254,0.715604,1.207903,1.841052,1.429294,1.068863,0.677894,1.250602,2.623705,1.642855,1.324608,0.683264,1.249847,2.879593,1.369955,1.571572,1.662325,3.117822,2.943208,1.675799,1.973023,9.708374,13.016758,2.459938,2.532256,2.477220,4.486847,10.861434,2.271273,2.357677,2.357635,4.040485,10.303346,1.869709,1.576681,2.183079,2.790000,14.456200,2.149817,1.740268,2.496717
1676060258.273027,1676060258.273214,127.000000,0.000000,4307.948730,4271.410156,4301.666504,4309.615234,4268.461426,4296.794922,4302.563965,4301.922852,4312.692383,4277.948730,4465.641113,4495.897461,4377.692383,4423.974121,85.000000,4.000000,85.000000,,,,0.000000,4.000000,4.000000,4.000000,4.000000,4.000000,4.000000,4.000000,4.000000,4.000000,4.000000,4.000000,4.000000,4.000000,4.000000,100.000000,,,,,,,,,,,,,,,,,,,,,,,,,,,,,,,,,,,,,,,,,,,,,,,,,,,,,,,,,,,,,,,,,,,,,,,,,,,,,,,,,,,,,,
1676060258.280836,1676060258.281122,0.000000,0.000000,4308.589844,4268.589844,4297.179688,4310.512695,4266.153809,4298.846191,4300.384766,4296.025879,4304.230957,4271.794922,4454.230957,4489.230957,4365.512695,4412.307617,2520.000000,4.000000,85.000000,,,,0.000000,4.000000,4.000000,4.000000,4.000000,4.000000,4.000000,4.000000,4.000000,4.000000,4.000000,4.000000,4.000000,4.000000,4.000000,100.000000,,,,,,,,,,,,,,,,,,,,,,,,,,,,,,,,,,,,,,,,,,,,,,,,,,,,,,,,,,,,,,,,,,,,,,,,,,,,,,,,,,,,,,
1676060258.288644,1676060258.288931,1.000000,0.000000,4310.256348,4276.153809,4299.230957,4311.153809,4268.077148,4296.666504,4288.077148,4292.692383,4297.307617,4257.179688,4449.487305,4486.794922,4364.615234,4411.282227,2476.000000,4.000000,85.000000,,,,0.000000,4.000000,4.000000,4.000000,4.000000,4.000000,4.000000,4.000000,4.000000,4.000000,4.000000,4.000000,4.000000,4.000000,4.000000,100.000000,,,,,,,,,,,,,,,,,,,,,,,,,,,,,,,,,,,,,,,,,,,,,,,,,,,,,,,,,,,,,,,,,,,,,,,,,,,,,,,,,,,,,,
1676060258.296452,1676060258.296839,2.000000,0.000000,4295.897461,4261.922852,4290.128418,4296.282227,4262.307617,4282.692383,4272.307617,4278.717773,4286.794922,4238.974121,4429.871582,4467.948730,4352.948730,4396.410156,2398.000000,4.000000,85.000000,,,,0.000000,4.000000,4.000000,4.000000,4.000000,4.000000,4.000000,4.000000,4.000000,4.000000,4.000000,4.000000,4.000000,4.000000,4.000000,100.000000,,,,,,,,,,,,,,,,,,,,,,,,,,,,,,,,,,,,,,,,,,,,,,,,,,,,,,,,,,,,,,,,,,,,,,,,,,,,,,,,,,,,,,
1676060258.304261,1676060258.304648,3.000000,0.000000,4296.666504,4256.410156,4287.436035,4291.153809,4259.871582,4281.025879,4281.410156,4285.128418,4295.512695,4256.538574,4433.333496,4469.102539,4353.077148,4397.179688,2484.000000,4.000000,85.000000,,,,0.000000,4.000000,4.000000,4.000000,4.000000,4.000000,4.000000,4.000000,4.000000,4.000000,4.000000,4.000000,4.000000,4.000000,4.000000,100.000000,,,,,,,,,,,,,,,,,,,,,,,,,,,,,,,,,,,,,,,,,,,,,,,,,,,,,,,,,,,,,,,,,,,,,,,,,,,,,,,,,,,,,,
1676060258.312069,1676060258.312556,4.000000,0.000000,4313.846191,4274.615234,4301.410156,4306.025879,4267.563965,4296.153809,4299.871582,4306.282227,4313.461426,4286.666504,4459.102539,4497.948730,4374.871582,4423.846191,2444.000000,4.000000,85.000000,,,,0.000000,4.000000,4.000000,4.000000,4.000000,4.000000,4.000000,4.000000,4.000000,4.000000,4.000000,4.000000,4.000000,4.000000,4.000000,100.000000,,,,,,,,,,,,,,,,,,,,,,,,,,,,,,,,,,,,,,,,,,,,,,,,,,,,,,,,,,,,,,,,,,,,,,,,,,,,,,,,,,,,,,
1676060258.319878,1676060258.320365,5.000000,0.000000,4316.794922,4277.820313,4307.179688,4314.871582,4270.128418,4298.333496,4299.487305,4308.205078,4315.000000,4287.307617,4463.589844,4507.436035,4383.846191,4429.743652,2379.000000,4.000000,85.000000,,,,0.000000,4.000000,4.000000,4.000000,4.000000,4.000000,4.000000,4.000000,4.000000,4.000000,4.000000,4.000000,4.000000,4.000000,4.000000,100.000000,,,,,,,,,,,,,,,,,,,,,,,,,,,,,,,,,,,,,,,,,,,,,,,,,,,,,,,,,,,,,,,,,,,,,,,,,,,,,,,,,,,,,,
1676060258.327686,1676060258.328273,6.000000,0.000000,4312.436035,4267.948730,4301.666504,4309.487305,4267.436035,4291.666504,4290.641113,4302.307617,4310.769043,4275.384766,4460.256348,4494.102539,4379.358887,4418.974121,2221.000000,4.000000,85.000000,,,,0.000000,4.000000,4.000000,4.000000,4.000000,4.000000,4.000000,4.000000,4.000000,4.000000,4.000000,4.000000,4.000000,4.000000,4.000000,100.000000,,,,,,,,,,,,,,,,,,,,,,,,,,,,,,,,,,,,,,,,,,,,,,,,,,,,,,,,,,,,,,,,,,,,,,,,,,,,,,,,,,,,,,
1676060258.335494,1676060258.336081,7.000000,0.000000,4326.410156,4278.589844,4313.333496,4315.641113,4272.820313,4296.794922,4299.358887,4310.769043,4318.461426,4279.743652,4474.871582,4503.846191,4390.897461,4435.512695,2222.000000,4.000000,85.000000,,,,0.000000,4.000000,4.000000,4.000000,4.000000,4.000000,4.000000,4.000000,4.000000,4.000000,4.000000,4.000000,4.000000,4.000000,4.000000,100.000000,,,,,,,,,,,,,,,,,,,,,,,,,,,,,,,,,,,,,,,,,,,,,,,,,,,,,,,,,,,,,,,,,,,,,,,,,,,,,,,,,,,,,,
1676060258.343303,1676060258.343990,8.000000,0.000000,4342.307617,4295.000000,4330.512695,4330.000000,4282.307617,4299.743652,4313.717773,4319.743652,4329.743652,4292.307617,4487.307617,4526.025879,4405.641113,4457.179688,2269.000000,4.000000,85.000000,,,,0.000000,4.000000,4.000000,4.000000,4.000000,4.000000,4.000000,4.000000,4.000000,4.000000,4.000000,4.000000,4.000000,4.000000,4.000000,100.000000,,,,,,,,,,,,,,,,,,,,,,,,,,,,,,,,,,,,,,,,,,,,,,,,,,,,,,,,,,,,,,,,,,,,,,,,,,,,,,,,,,,,,,
1676060258.351111,1676060258.351798,9.000000,0.000000,4337.051270,4290.512695,4323.333496,4327.820313,4282.563965,4296.794922,4309.230957,4314.615234,4326.153809,4290.256348,4477.179688,4517.692383,4397.948730,4446.794922,2242.000000,4.000000,85.000000,,,,0.000000,4.000000,4.000000,4.000000,4.000000,4.000000,4.000000,4.000000,4.000000,4.000000,4.000000,4.000000,4.000000,4.000000,4.000000,100.000000,,,,,,,,,,,,,,,,,,,,,,,,,,,,,,,,,,,,,,,,,,,,,,,,,,,,,,,,,,,,,,,,,,,,,,,,,,,,,,,,,,,,,,
1676060258.358920,1676060258.359507,10.000000,0.000000,4321.794922,4272.051270,4310.641113,4311.538574,4271.538574,4293.461426,4296.538574,4303.077148,4311.922852,4274.230957,4463.461426,4494.871582,4383.333496,4428.717773,2727.000000,4.000000,85.000000,,,,0.000000,4.000000,4.000000,4.000000,4.000000,4.000000,4.000000,4.000000,4.000000,4.000000,4.000000,4.000000,4.000000,4.000000,4.000000,100.000000,,,,,,,,,,,,,,,,,,,,,,,,,,,,,,,,,,,,,,,,,,,,,,,,,,,,,,,,,,,,,,,,,,,,,,,,,,,,,,,,,,,,,,
1676060258.366728,1676060258.367315,11.000000,0.000000,4311.922852,4265.897461,4308.077148,4298.974121,4261.794922,4286.153809,4290.000000,4293.333496,4296.922852,4261.282227,4453.333496,4483.461426,4373.205078,4422.948730,2914.000000,4.000000,85.000000,,,,0.000000,4.000000,4.000000,4.000000,4.000000,4.000000,4.000000,4.000000,4.000000,4.000000,4.000000,4.000000,4.000000,4.000000,4.000000,100.000000,,,,,,,,,,,,,,,,,,,,,,,,,,,,,,,,,,,,,,,,,,,,,,,,,,,,,,,,,,,,,,,,,,,,,,,,,,,,,,,,,,,,,,
1676060258.374536,1676060258.375024,12.000000,0.000000,4315.000000,4275.512695,4308.333496,4302.436035,4269.230957,4292.179688,4293.077148,4295.384766,4295.641113,4260.769043,4446.794922,4481.025879,4374.102539,4424.102539,3122.000000,4.000000,85.000000,,,,0.000000,4.000000,4.000000,4.000000,4.000000,4.000000,4.000000,4.000000,4.000000,4.000000,4.000000,4.000000,4.000000,4.000000,4.000000,100.000000,,,,,,,,,,,,,,,,,,,,,,,,,,,,,,,,,,,,,,,,,,,,,,,,,,,,,,,,,,,,,,,,,,,,,,,,,,,,,,,,,,,,,,
1676060258.382345,1676060258.382832,13.000000,0.000000,4314.358887,4274.230957,4300.000000,4303.461426,4278.077148,4303.077148,4295.512695,4298.205078,4301.282227,4265.769043,4445.897461,4478.974121,4375.769043,4416.922852,3233.000000,4.000000,85.000000,,,,0.000000,4.000000,4.000000,4.000000,4.000000,4.000000,4.000000,4.000000,4.000000,4.000000,4.000000,4.000000,4.000000,4.000000,4.000000,100.000000,,,,,,,,,,,,,,,,,,,,,,,,,,,,,,,,,,,,,,,,,,,,,,,,,,,,,,,,,,,,,,,,,,,,,,,,,,,,,,,,,,,,,,
1676060258.390153,1676060258.390541,14.000000,0.000000,4299.743652,4258.205078,4283.205078,4291.153809,4268.205078,4295.897461,4289.615234,4292.179688,4300.641113,4271.922852,4438.974121,4470.384766,4360.000000,4400.256348,2727.000000,4.000000,85.000000,,,,0.000000,4.000000,4.000000,4.000000,4.000000,4.000000,4.000000,4.000000,4.000000,4.000000,4.000000,4.000000,4.000000,4.000000,4.000000,100.000000,1.000000,25.000000,4.000000,4.000000,1.000000,4.000000,3.000000,4.000000,4.000000,4.000000,4.000000,3.000000,3.000000,1.000000,3.000000,1.000000,1.737431,10.631095,1.836170,1.539274,1.214790,6.572169,10.277607,1.909900,1.623869,1.357229,2.174005,11.316757,1.431629,1.797198,1.354528,4.034655,10.363631,1.621737,1.397940,1.233613,1.718578,3.329667,1.007924,1.038096,0.645349,1.288978,0.805401,0.758222,0.544431,0.586867,0.759638,1.193209,1.332276,1.305965,1.009744,0.697125,1.330335,2.014220,1.498644,1.178483,0.652881,1.310552,2.192310,1.151368,1.367343,1.374426,2.782980,2.489024,1.474658,1.814983,10.394481,11.760897,2.250452,2.245208,2.168095,4.038624,10.301435,1.703923,2.076356,2.095900,3.328052,8.854198,1.702375,1.331028,1.941157,2.687553,13.208719,1.910551,1.563122,2.170175
1676060258.397962,1676060258.398449,15.000000,0.000000,4298.974121,4260.769043,4286.282227,4290.384766,4261.282227,4291.153809,4291.538574,4297.692383,4303.846191,4279.102539,4439.871582,4472.436035,4359.871582,4403.846191,2914.000000,4.000000,85.000000,,,,0.000000,4.000000,4.000000,4.000000,4.000000,4.000000,4.000000,4.000000,4.000000,4.000000,4.000000,4.000000,4.000000,4.000000,4.000000,100.000000,,,,,,,,,,,,,,,,,,,,,,,,,,,,,,,,,,,,,,,,,,,,,,,,,,,,,,,,,,,,,,,,,,,,,,,,,,,,,,,,,,,,,,
1676060258.405770,1676060258.406257,16.000000,0.000000,4310.512695,4268.077148,4301.410156,4296.666504,4266.410156,4297.820313,4299.615234,4307.307617,4306.538574,4276.025879,4451.666504,4483.589844,4378.717773,4420.512695,0.000000,4.000000,85.000000,,,,0.000000,4.000000,4.000000,4.000000,4.000000,4.000000,4.000000,4.000000,4.000000,4.000000,4.000000,4.000000,4.000000,4.000000,4.000000,100.000000,,,,,,,,,,,,,,,,,,,,,,,,,,,,,,,,,,,,,,,,,,,,,,,,,,,,,,,,,,,,,,,,,,,,,,,,,,,,,,,,,,,,,,
1676060258.413578,1676060258.414166,17.000000,0.000000,4297.692383,4249.743652,4290.000000,4282.948730,4263.461426,4289.615234,4289.230957,4296.794922,4293.974121,4260.769043,4440.641113,4470.641113,4365.769043,4407.820313,0.000000,4.000000,85.000000,,,,0.000000,4.000000,4.000000,4.000000,4.000000,4.000000,4.000000,4.000000,4.000000,4.000000,4.000000,4.000000,4.000000,4.000000,4.000000,100.000000,,,,,,,,,,,,,,,,,,,,,,,,,,,,,,,,,,,,,,,,,,,,,,,,,,,,,,,,,,,,,,,,,,,,,,,,,,,,,,,,,,,,,,
1676060258.421387,1676060258.421974,18.000000,0.000000,4284.358887,4239.230957,4272.051270,4271.666504,4258.846191,4277.179688,4275.384766,4283.974121,4285.769043,4261.410156,4423.205078,4450.769043,4347.307617,4391.410156,0.000000,4.000000,85.000000,,,,0.000000,4.000000,4.000000,4.000000,4.000000,4.000000,4.000000,4.000000,4.000000,4.000000,4.000000,4.000000,4.000000,4.000000,4.000000,100.000000,,,,,,,,,,,,,,,,,,,,,,,,,,,,,,,,,,,,,,,,,,,,,,,,,,,,,,,,,,,,,,,,,,,,,,,,,,,,,,,,,,,,,,
1676060258.429195,1676060258.429783,19.000000,0.000000,4299.743652,4258.333496,4282.051270,4286.282227,4262.051270,4281.282227,4284.230957,4291.794922,4299.487305,4283.205078,4441.153809,4461.666504,4367.436035,4410.641113,0.000000,4.000000,85.000000,,,,0.000000,4.000000,4.000000,4.000000,4.000000,4.000000,4.000000,4.000000,4.000000,4.000000,4.000000,4.000000,4.000000,4.000000,4.000000,100.000000,,,,,,,,,,,,,,,,,,,,,,,,,,,,,,,,,,,,,,,,,,,,,,,,,,,,,,,,,,,,,,,,,,,,,,,,,,,,,,,,,,,,,,
1676060258.437003,1676060258.437491,20.000000,0.000000,4313.846191,4270.769043,4298.205078,4295.897461,4265.769043,4290.128418,4296.282227,4305.000000,4313.717773,4286.922852,4464.102539,4481.153809,4387.948730,4428.333496,0.000000,4.000000,85.000000,,,,0.000000,4.000000,4.000000,4.000000,4.000000,4.000000,4.000000,4.000000,4.000000,4.000000,4.000000,4.000000,4.000000,4.000000,4.000000,100.000000,,,,,,,,,,,,,,,,,,,,,,,,,,,,,,,,,,,,,,,,,,,,,,,,,,,,,,,,,,,,,,,,,,,,,,,,,,,,,,,,,,,,,,
1676060258.444812,1676060258.445300,21.000000,0.000000,4321.025879,4273.846191,4305.384766,4299.358887,4275.897461,4299.102539,4299.358887,4310.128418,4313.717773,4275.000000,4463.461426,4488.846191,4387.948730,4429.743652,0.000000,4.000000,85.000000,,,,0.000000,4.000000,4.000000,4.000000,4.000000,4.000000,4.000000,4.000000,4.000000,4.000000,4.000000,4.000000,4.000000,4.000000,4.000000,100.000000,,,,,,,,,,,,,,,,,,,,,,,,,,,,,,,,,,,,,,,,,,,,,,,,,,,,,,,,,,,,,,,,,,,,,,,,,,,,,,,,,,,,,,
1676060258.452620,1676060258.453008,22.000000,0.000000,4320.897461,4274.230957,4305.769043,4300.384766,4280.256348,4300.641113,4298.589844,4304.230957,4303.077148,4275.384766,4453.974121,4486.794922,4377.051270,4428.461426,0.000000,4.000000,85.000000,,,,0.000000,4.000000,4.000000,4.000000,4.000000,4.000000,4.000000,4.000000,4.000000,4.000000,4.000000,4.000000,4.000000,4.000000,4.000000,100.000000,,,,,,,,,,,,,,,,,,,,,,,,,,,,,,,,,,,,,,,,,,,,,,,,,,,,,,,,,,,,,,,,,,,,,,,,,,,,,,,,,,,,,,
1676060258.460429,1676060258.460917,23.000000,0.000000,4303.589844,4265.256348,4297.307617,4289.487305,4268.589844,4293.589844,4295.641113,4294.743652,4293.589844,4279.102539,4443.846191,4474.743652,4366.666504,4417.051270,0.000000,4.000000,85.000000,,,,0.000000,4.000000,4.000000,4.000000,4.000000,4.000000,4.000000,4.000000,4.000000,4.000000,4.000000,4.000000,4.000000,4.000000,4.000000,100.000000,,,,,,,,,,,,,,,,,,,,,,,,,,,,,,,,,,,,,,,,,,,,,,,,,,,,,,,,,,,,,,,,,,,,,,,,,,,,,,,,,,,,,,
1676060258.468237,1676060258.468725,24.000000,0.000000,4295.512695,4259.743652,4293.717773,4285.769043,4266.025879,4294.358887,4295.897461,4294.487305,4294.615234,4275.256348,4439.487305,4469.743652,4371.922852,4407.948730,0.000000,4.000000,85.000000,,,,0.000000,4.000000,4.000000,4.000000,4.000000,4.000000,4.000000,4.000000,4.000000,4.000000,4.000000,4.000000,4.000000,4.000000,4.000000,100.000000,,,,,,,,,,,,,,,,,,,,,,,,,,,,,,,,,,,,,,,,,,,,,,,,,,,,,,,,,,,,,,,,,,,,,,,,,,,,,,,,,,,,,,
1676060258.476045,1676060258.476533,25.000000,0.000000,4307.051270,4268.077148,4297.563965,4297.436035,4278.077148,4298.333496,4300.000000,4300.000000,4297.307617,4278.846191,4443.461426,4479.743652,4379.102539,4413.974121,0.000000,4.000000,85.000000,,,,0.000000,4.000000,4.000000,4.000000,4.000000,4.000000,4.000000,4.000000,4.000000,4.000000,4.000000,4.000000,4.000000,4.000000,4.000000,100.000000,,,,,,,,,,,,,,,,,,,,,,,,,,,,,,,,,,,,,,,,,,,,,,,,,,,,,,,,,,,,,,,,,,,,,,,,,,,,,,,,,,,,,,
1676060258.483854,1676060258.484242,26.000000,0.000000,4313.461426,4278.077148,4300.897461,4301.666504,4280.897461,4295.512695,4299.743652,4302.436035,4295.512695,4281.410156,4446.153809,4482.692383,4376.410156,4418.333496,0.000000,4.000000,85.000000,,,,0.000000,4.000000,4.000000,4.000000,4.000000,4.000000,4.000000,4.000000,4.000000,4.000000,4.000000,4.000000,4.000000,4.000000,4.000000,100.000000,,,,,,,,,,,,,,,,,,,,,,,,,,,,,,,,,,,,,,,,,,,,,,,,,,,,,,,,,,,,,,,,,,,,,,,,,,,,,,,,,,,,,,
1676060258.491662,1676060258.492150,27.000000,0.000000,4309.358887,4279.358887,4305.384766,4294.102539,4276.538574,4293.461426,4296.794922,4297.051270,4291.153809,4268.077148,4447.307617,4474.871582,4373.333496,4412.692383,0.000000,4.000000,85.000000,,,,0.000000,4.000000,4.000000,4.000000,4.000000,4.000000,4.000000,4.000000,4.000000,4.000000,4.000000,4.000000,4.000000,4.000000,4.000000,100.000000,,,,,,,,,,,,,,,,,,,,,,,,,,,,,,,,,,,,,,,,,,,,,,,,,,,,,,,,,,,,,,,,,,,,,,,,,,,,,,,,,,,,,,
1676060258.499471,1676060258.499959,28.000000,0.000000,4309.230957,4275.769043,4307.820313,4292.692383,4277.051270,4295.512695,4296.538574,4295.256348,4292.436035,4268.077148,4463.461426,4474.230957,4373.205078,4410.512695,0.000000,4.000000,85.000000,,,,0.000000,4.000000,4.000000,4.000000,4.000000,4.000000,4.000000,4.000000,4.000000,4.000000,4.000000,4.000000,4.000000,4.000000,4.000000,100.000000,,,,,,,,,,,,,,,,,,,,,,,,,,,,,,,,,,,,,,,,,,,,,,,,,,,,,,,,,,,,,,,,,,,,,,,,,,,,,,,,,,,,,,
1676060258.507279,1676060258.507867,29.000000,0.000000,4314.102539,4273.077148,4305.256348,4299.358887,4281.153809,4297.692383,4300.000000,4305.384766,4303.589844,4282.692383,4491.025879,4480.384766,4374.871582,4415.256348,0.000000,4.000000,85.000000,,,,0.000000,4.000000,4.000000,4.000000,4.000000,4.000000,4.000000,4.000000,4.000000,4.000000,4.000000,4.000000,4.000000,4.000000,4.000000,100.000000,,,,,,,,,,,,,,,,,,,,,,,,,,,,,,,,,,,,,,,,,,,,,,,,,,,,,,,,,,,,,,,,,,,,,,,,,,,,,,,,,,,,,,
1676060258.515087,1676060258.515676,30.000000,0.000000,4312.179688,4272.563965,4298.717773,4297.436035,4278.589844,4297.820313,4298.846191,4309.358887,4305.256348,4278.846191,4501.666504,4477.948730,4374.487305,4415.256348,0.000000,4.000000,85.000000,,,,0.000000,4.000000,4.000000,4.000000,4.000000,4.000000,4.000000,4.000000,4.000000,4.000000,4.000000,4.000000,4.000000,4.000000,4.000000,100.000000,,,,,,,,,,,,,,,,,1.654297,8.976785,1.511573,1.543073,1.106423,6.010729,8.527503,1.430691,1.422341,1.224821,2.092428,9.662855,1.110012,1.709912,1.238877,3.453633,8.537562,1.152049,1.210773,1.148669,1.536211,3.016232,0.794629,0.906668,0.607799,1.342011,0.882106,0.651331,0.467433,0.552874,0.809738,1.123556,0.985620,1.204489,0.967414,0.707822,1.402279,1.573831,1.404974,1.069774,0.635416,1.471815,1.626348,1.007170,1.216818,1.049805,2.557443,2.135999,1.418591,1.689007,9.879916,9.777925,2.151689,2.154913,1.937584,3.325842,9.030201,1.335547,1.957844,1.881027,2.537961,7.046840,1.520429,1.296453,1.751345,2.413141,11.078510,1.703712,1.539371,1.908857
1676060258.522896,1676060258.523584,31.000000,0.000000,4298.461426,4262.436035,4281.794922,4280.512695,4266.282227,4292.051270,4284.487305,4293.333496,4284.487305,4260.256348,4478.333496,4456.538574,4357.051270,4399.871582,0.000000,4.000000,85.000000,,,,0.000000,4.000000,4.000000,4.000000,4.000000,4.000000,4.000000,4.000000,4.000000,4.000000,4.000000,4.000000,4.000000,4.000000,4.000000,100.000000,,,,,,,,,,,,,,,,,,,,,,,,,,,,,,,,,,,,,,,,,,,,,,,,,,,,,,,,,,,,,,,,,,,,,,,,,,,,,,,,,,,,,,
1676060258.530704,1676060258.531392,32.000000,0.000000,4300.384766,4255.897461,4283.974121,4281.538574,4270.256348,4293.846191,4287.692383,4291.666504,4285.000000,4265.897461,4471.025879,4457.948730,4353.461426,4398.461426,0.000000,4.000000,85.000000,,,,0.000000,4.000000,4.000000,4.000000,4.000000,4.000000,4.000000,4.000000,4.000000,4.000000,4.000000,4.000000,4.000000,4.000000,4.000000,100.000000,,,,,,,,,,,,,,,,,,,,,,,,,,,,,,,,,,,,,,,,,,,,,,,,,,,,,,,,,,,,,,,,,,,,,,,,,,,,,,,,,,,,,,
1676060258.538512,1676060258.539301,33.000000,0.000000,4315.512695,4267.948730,4298.589844,4299.743652,4283.974121,4299.358887,4303.589844,4307.436035,4307.051270,4282.692383,4491.922852,4478.846191,4376.538574,4418.333496,0.000000,4.000000,85.000000,,,,0.000000,4.000000,4.000000,4.000000,4.000000,4.000000,4.000000,4.000000,4.000000,4.000000,4.000000,4.000000,4.000000,4.000000,4.000000,100.000000,,,,,,,,,,,,,,,,,,,,,,,,,,,,,,,,,,,,,,,,,,,,,,,,,,,,,,,,,,,,,,,,,,,,,,,,,,,,,,,,,,,,,,
1676060258.546321,1676060258.547109,34.000000,0.000000,4302.179688,4265.641113,4286.282227,4290.769043,4272.179688,4289.615234,4292.051270,4296.025879,4296.025879,4271.410156,4480.384766,4466.794922,4372.948730,4414.102539,0.000000,4.000000,85.000000,,,,0.000000,4.000000,4.000000,4.000000,4.000000,4.000000,4.000000,4.000000,4.000000,4.000000,4.000000,4.000000,4.000000,4.000000,4.000000,100.000000,,,,,,,,,,,,,,,,,,,,,,,,,,,,,,,,,,,,,,,,,,,,,,,,,,,,,,,,,,,,,,,,,,,,,,,,,,,,,,,,,,,,,,
1676060258.554129,1676060258.554818,35.000000,0.000000,4285.769043,4249.102539,4278.077148,4273.205078,4258.589844,4282.563965,4277.948730,4280.000000,4273.846191,4260.384766,4452.307617,4446.282227,4350.641113,4397.820313,0.000000,4.000000,85.000000,,,,0.000000,4.000000,4.000000,4.000000,4.000000,4.000000,4.000000,4.000000,4.000000,4.000000,4.000000,4.000000,4.000000,4.000000,4.000000,100.000000,,,,,,,,,,,,,,,,,,,,,,,,,,,,,,,,,,,,,,,,,,,,,,,,,,,,,,,,,,,,,,,,,,,,,,,,,,,,,,,,,,,,,,
1676060258.561937,1676060258.562626,36.000000,0.000000,4300.128418,4250.512695,4291.922852,4277.179688,4267.307617,4289.487305,4286.410156,4284.487305,4278.333496,4260.769043,4454.102539,4454.230957,4352.820313,4406.666504,0.000000,4.000000,85.000000,,,,0.000000,4.000000,4.000000,4.000000,4.000000,4.000000,4.000000,4.000000,4.000000,4.000000,4.000000,4.000000,4.000000,4.000000,4.000000,100.000000,,,,,,,,,,,,,,,,,,,,,,,,,,,,,,,,,,,,,,,,,,,,,,,,,,,,,,,,,,,,,,,,,,,,,,,,,,,,,,,,,,,,,,
1676060258.569746,1676060258.570335,37.000000,0.000000,4318.717773,4262.820313,4305.641113,4290.000000,4279.230957,4296.282227,4297.563965,4294.102539,4290.256348,4261.538574,4470.769043,4474.743652,4371.794922,4427.948730,0.000000,4.000000,85.000000,,,,0.000000,4.000000,4.000000,4.000000,4.000000,4.000000,4.000000,4.000000,4.000000,4.000000,4.000000,4.000000,4.000000,4.000000,4.000000,100.000000,,,,,,,,,,,,,,,,,,,,,,,,,,,,,,,,,,,,,,,,,,,,,,,,,,,,,,,,,,,,,,,,,,,,,,,,,,,,,,,,,,,,,,
1676060258.577554,1676060258.578143,38.000000,0.000000,4327.692383,4271.666504,4318.461426,4300.000000,4285.128418,4298.846191,4307.051270,4306.410156,4296.666504,4273.589844,4486.153809,4490.769043,4384.358887,4443.333496,0.000000,4.000000,85.000000,,,,0.000000,4.000000,4.000000,4.000000,4.000000,4.000000,4.000000,4.000000,4.000000,4.000000,4.000000,4.000000,4.000000,4.000000,4.000000,100.000000,,,,,,,,,,,,,,,,,,,,,,,,,,,,,,,,,,,,,,,,,,,,,,,,,,,,,,,,,,,,,,,,,,,,,,,,,,,,,,,,,,,,,,
1676060258.585363,1676060258.585852,39.000000,0.000000,4332.436035,4275.256348,4325.128418,4305.256348,4286.538574,4301.410156,4312.948730,4312.563965,4293.461426,4285.000000,4489.871582,4496.538574,4383.589844,4448.717773,0.000000,4.000000,85.000000,,,,0.000000,4.000000,4.000000,4.000000,4.000000,4.000000,4.000000,4.000000,4.000000,4.000000,4.000000,4.000000,4.000000,4.000000,4.000000,100.000000,,,,,,,,,,,,,,,,,,,,,,,,,,,,,,,,,,,,,,,,,,,,,,,,,,,,,,,,,,,,,,,,,,,,,,,,,,,,,,,,,,,,,,
1676060258.593171,1676060258.593660,40.000000,0.000000,4334.743652,4280.384766,4318.333496,4306.666504,4283.205078,4300.512695,4303.461426,4303.077148,4284.615234,4283.461426,4482.051270,4494.102539,4386.025879,4449.743652,0.000000,4.000000,85.000000,,,,0.000000,4.000000,4.000000,4.000000,4.000000,4.000000,4.000000,4.000000,4.000000,4.000000,4.000000,4.000000,4.000000,4.000000,4.000000,100.000000,,,,,,,,,,,,,,,,,,,,,,,,,,,,,,,,,,,,,,,,,,,,,,,,,,,,,,,,,,,,,,,,,,,,,,,,,,,,,,,,,,,,,,
1676060258.600979,1676060258.601369,41.000000,0.000000,4329.871582,4279.871582,4313.077148,4302.692383,4274.615234,4291.538574,4293.717773,4295.384766,4285.641113,4280.512695,4475.769043,4487.692383,4388.333496,4444.743652,0.000000,4.000000,85.000000,,,,0.000000,4.000000,4.000000,4.000000,4.000000,4.000000,4.000000,4.000000,4.000000,4.000000,4.000000,4.000000,4.000000,4.000000,4.000000,100.000000,,,,,,,,,,,,,,,,,,,,,,,,,,,,,,,,,,,,,,,,,,,,,,,,,,,,,,,,,,,,,,,,,,,,,,,,,,,,,,,,,,,,,,
1676060258.608788,1676060258.609177,42.000000,0.000000,4324.615234,4278.846191,4313.974121,4297.692383,4267.051270,4286.666504,4296.410156,4302.820313,4293.717773,4282.436035,4473.205078,4481.410156,4376.794922,4436.410156,0.000000,4.000000,85.000000,,,,0.000000,4.000000,4.000000,4.000000,4.000000,4.000000,4.000000,4.000000,4.000000,4.000000,4.000000,4.000000,4.000000,4.000000,4.000000,100.000000,,,,,,,,,,,,,,,,,,,,,,,,,,,,,,,,,,,,,,,,,,,,,,,,,,,,,,,,,,,,,,,,,,,,,,,,,,,,,,,,,,,,,,
1676060258.616596,1676060258.616886,43.000000,0.000000,4322.436035,4290.128418,4309.871582,4298.461426,4273.461426,4292.692383,4298.846191,4309.230957,4292.051270,4278.461426,4464.230957,4477.563965,4363.589844,4429.487305,0.000000,4.000000,85.000000,,,,0.000000,4.000000,4.000000,4.000000,4.000000,4.000000,4.000000,4.000000,4.000000,4.000000,4.000000,4.000000,4.000000,4.000000,4.000000,100.000000,,,,,,,,,,,,,,,,,,,,,,,,,,,,,,,,,,,,,,,,,,,,,,,,,,,,,,,,,,,,,,,,,,,,,,,,,,,,,,,,,,,,,,
1676060258.624405,1676060258.624694,44.000000,0.000000,4304.230957,4289.230957,4299.743652,4291.410156,4278.077148,4294.102539,4293.077148,4300.128418,4280.897461,4265.512695,4444.487305,4467.436035,4350.897461,4409.358887,0.000000,4.000000,85.000000,,,,0.000000,4.000000,4.000000,4.000000,4.000000,4.000000,4.000000,4.000000,4.000000,4.000000,4.000000,4.000000,4.000000,4.000000,4.000000,100.000000,,,,,,,,,,,,,,,,,,,,,,,,,,,,,,,,,,,,,,,,,,,,,,,,,,,,,,,,,,,,,,,,,,,,,,,,,,,,,,,,,,,,,,
1676060258.632213,1676060258.632403,45.000000,0.000000,4288.205078,4277.307617,4289.743652,4283.205078,4271.794922,4289.615234,4289.358887,4290.384766,4276.025879,4257.179688,4432.307617,4454.871582,4343.205078,4391.666504,0.000000,4.000000,85.000000,,,,0.000000,4.000000,4.000000,4.000000,4.000000,4.000000,4.000000,4.000000,4.000000,4.000000,4.000000,4.000000,4.000000,4.000000,4.000000,100.000000,,,,,,,,,,,,,,,,,,,,,,,,,,,,,,,,,,,,,,,,,,,,,,,,,,,,,,,,,,,,,,,,,,,,,,,,,,,,,,,,,,,,,,
1676060258.640021,1676060258.640211,46.000000,0.000000,4306.666504,4287.948730,4295.384766,4297.051270,4277.051270,4298.589844,4293.974121,4296.794922,4283.077148,4262.179688,4447.692383,4464.358887,4360.512695,4409.615234,0.000000,4.000000,85.000000,,,,0.000000,4.000000,4.000000,4.000000,4.000000,4.000000,4.000000,4.000000,4.000000,4.000000,4.000000,4.000000,4.000000,4.000000,4.000000,100.000000,,,,,,,,,,,,,,,,,1.547139,6.993948,1.271877,1.594588,1.027978,5.104785,6.511153,1.050349,1.331417,1.137513,2.098779,7.472336,0.980218,1.678776,1.186042,2.927485,6.312593,0.852181,1.154568,1.122250,1.382117,2.557611,0.664312,0.787595,0.584856,1.365450,1.037876,0.604694,0.421695,0.532223,0.860367,1.018523,0.834222,1.161932,0.948077,0.724442,1.471142,1.338488,1.374073,1.017991,0.665823,1.693809,1.271298,0.951127,1.138009,0.794248,2.497291,1.936822,1.478908,1.612776,8.325097,7.607077,2.222035,2.264126,1.820736,2.620825,7.343744,1.211224,2.013249,1.754844,1.890228,5.359286,1.376648,1.478833,1.642091,2.071048,8.632080,1.576332,1.663440,1.755507
1676060258.647830,1676060258.647920,47.000000,0.000000,4325.769043,4307.307617,4309.871582,4309.615234,4288.461426,4309.615234,4297.051270,4307.563965,4287.692383,4266.538574,4463.205078,4480.512695,4374.615234,4434.358887,0.000000,4.000000,85.000000,,,,0.000000,4.000000,4.000000,4.000000,4.000000,4.000000,4.000000,4.000000,4.000000,4.000000,4.000000,4.000000,4.000000,4.000000,4.000000,100.000000,,,,,,,,,,,,,,,,,,,,,,,,,,,,,,,,,,,,,,,,,,,,,,,,,,,,,,,,,,,,,,,,,,,,,,,,,,,,,,,,,,,,,,
1676060258.655638,1676060258.655728,48.000000,0.000000,4310.897461,4296.922852,4309.487305,4295.256348,4279.102539,4304.487305,4295.128418,4298.974121,4281.794922,4261.410156,4452.436035,4475.128418,4361.153809,4423.077148,0.000000,4.000000,85.000000,,,,0.000000,4.000000,4.000000,4.000000,4.000000,4.000000,4.000000,4.000000,4.000000,4.000000,4.000000,4.000000,4.000000,4.000000,4.000000,100.000000,,,,,,,,,,,,,,,,,,,,,,,,,,,,,,,,,,,,,,,,,,,,,,,,,,,,,,,,,,,,,,,,,,,,,,,,,,,,,,,,,,,,,,
1676060258.663447,1676060258.663437,49.000000,0.000000,4309.871582,4293.717773,4309.743652,4293.589844,4278.077148,4307.692383,4303.077148,4292.948730,4288.077148,4273.205078,4451.794922,4474.487305,4363.846191,4412.436035,0.000000,4.000000,85.000000,,,,0.000000,4.000000,4.000000,4.000000,4.000000,4.000000,4.000000,4.000000,4.000000,4.000000,4.000000,4.000000,4.000000,4.000000,4.000000,100.000000,,,,,,,,,,,,,,,,,,,,,,,,,,,,,,,,,,,,,,,,,,,,,,,,,,,,,,,,,,,,,,,,,,,,,,,,,,,,,,,,,,,,,,
1676060258.671255,1676060258.671345,50.000000,0.000000,4324.102539,4309.102539,4314.102539,4306.025879,4293.077148,4317.948730,4307.820313,4302.820313,4295.641113,4288.846191,4465.769043,4481.666504,4382.179688,4424.871582,0.000000,4.000000,85.000000,,,,0.000000,4.000000,4.000000,4.000000,4.000000,4.000000,4.000000,4.000000,4.000000,4.000000,4.000000,4.000000,4.000000,4.000000,4.000000,100.000000,,,,,,,,,,,,,,,,,,,,,,,,,,,,,,,,,,,,,,,,,,,,,,,,,,,,,,,,,,,,,,,,,,,,,,,,,,,,,,,,,,,,,,
1676060258.679063,1676060258.679153,51.000000,0.000000,4312.179688,4301.410156,4305.769043,4298.846191,4288.589844,4312.692383,4297.692383,4302.051270,4282.692383,4279.230957,4457.307617,4473.205078,4374.743652,4427.307617,0.000000,4.000000,85.000000,,,,0.000000,4.000000,4.000000,4.000000,4.000000,4.000000,4.000000,4.000000,4.000000,4.000000,4.000000,4.000000,4.000000,4.000000,4.000000,100.000000,,,,,,,,,,,,,,,,,,,,,,,,,,,,,,,,,,,,,,,,,,,,,,,,,,,,,,,,,,,,,,,,,,,,,,,,,,,,,,,,,,,,,,
1676060258.686872,1676060258.687062,52.000000,0.000000,4312.436035,4302.692383,4306.922852,4301.538574,4285.641113,4308.077148,4300.000000,4302.948730,4284.743652,4277.563965,4458.974121,4477.179688,4373.974121,4427.436035,0.000000,4.000000,85.000000,,,,0.000000,4.000000,4.000000,4.000000,4.000000,4.000000,4.000000,4.000000,4.000000,4.000000,4.000000,4.000000,4.000000,4.000000,4.000000,100.000000,,,,,,,,,,,,,,,,,,,,,,,,,,,,,,,,,,,,,,,,,,,,,,,,,,,,,,,,,,,,,,,,,,,,,,,,,,,,,,,,,,,,,,
1676060258.694680,1676060258.694870,53.000000,0.000000,4330.384766,4318.846191,4320.512695,4315.769043,4295.384766,4312.307617,4308.589844,4311.794922,4300.128418,4285.512695,4476.922852,4494.358887,4394.743652,4435.256348,0.000000,4.000000,85.000000,,,,0.000000,4.000000,4.000000,4.000000,4.000000,4.000000,4.000000,4.000000,4.000000,4.000000,4.000000,4.000000,4.000000,4.000000,4.000000,100.000000,,,,,,,,,,,,,,,,,,,,,,,,,,,,,,,,,,,,,,,,,,,,,,,,,,,,,,,,,,,,,,,,,,,,,,,,,,,,,,,,,,,,,,
1676060258.702489,1676060258.702779,54.000000,0.000000,4319.102539,4311.666504,4321.153809,4312.436035,4291.794922,4310.641113,4301.922852,4305.256348,4291.153809,4272.948730,4467.307617,4489.487305,4390.128418,4431.666504,0.000000,4.000000,85.000000,,,,0.000000,4.000000,4.000000,4.000000,4.000000,4.000000,4.000000,4.000000,4.000000,4.000000,4.000000,4.000000,4.000000,4.000000,4.000000,100.000000,,,,,,,,,,,,,,,,,,,,,,,,,,,,,,,,,,,,,,,,,,,,,,,,,,,,,,,,,,,,,,,,,,,,,,,,,,,,,,,,,,,,,,
1676060258.710297,1676060258.710587,55.000000,0.000000,4295.641113,4296.282227,4308.974121,4297.307617,4279.615234,4306.794922,4290.769043,4291.922852,4273.205078,4260.256348,4441.922852,4467.563965,4361.410156,4410.384766,0.000000,4.000000,85.000000,,,,0.000000,4.000000,4.000000,4.000000,4.000000,4.000000,4.000000,4.000000,4.000000,4.000000,4.000000,4.000000,4.000000,4.000000,4.000000,100.000000,,,,,,,,,,,,,,,,,,,,,,,,,,,,,,,,,,,,,,,,,,,,,,,,,,,,,,,,,,,,,,,,,,,,,,,,,,,,,,,,,,,,,,
1676060258.718105,1676060258.718495,56.000000,0.000000,4287.051270,4286.666504,4293.589844,4282.436035,4276.025879,4306.922852,4284.102539,4289.230957,4274.743652,4265.897461,4433.461426,4452.692383,4352.051270,4393.077148,0.000000,4.000000,85.000000,,,,0.000000,4.000000,4.000000,4.000000,4.000000,4.000000,4.000000,4.000000,4.000000,4.000000,4.000000,4.000000,4.000000,4.000000,4.000000,100.000000,,,,,,,,,,,,,,,,,,,,,,,,,,,,,,,,,,,,,,,,,,,,,,,,,,,,,,,,,,,,,,,,,,,,,,,,,,,,,,,,,,,,,,
1676060258.725914,1676060258.726304,57.000000,0.000000,4288.333496,4285.512695,4288.717773,4280.512695,4281.666504,4309.871582,4287.307617,4297.051270,4289.358887,4277.563965,4447.179688,4460.000000,4371.025879,4401.153809,0.000000,4.000000,85.000000,,,,0.000000,4.000000,4.000000,4.000000,4.000000,4.000000,4.000000,4.000000,4.000000,4.000000,4.000000,4.000000,4.000000,4.000000,4.000000,100.000000,,,,,,,,,,,,,,,,,,,,,,,,,,,,,,,,,,,,,,,,,,,,,,,,,,,,,,,,,,,,,,,,,,,,,,,,,,,,,,,,,,,,,,
1676060258.733722,1676060258.734212,58.000000,0.000000,4302.179688,4299.487305,4302.307617,4295.000000,4288.077148,4314.871582,4297.051270,4305.256348,4296.794922,4287.820313,4464.102539,4476.153809,4387.563965,4418.077148,0.000000,4.000000,85.000000,,,,0.000000,4.000000,4.000000,4.000000,4.000000,4.000000,4.000000,4.000000,4.000000,4.000000,4.000000,4.000000,4.000000,4.000000,4.000000,100.000000,,,,,,,,,,,,,,,,,,,,,,,,,,,,,,,,,,,,,,,,,,,,,,,,,,,,,,,,,,,,,,,,,,,,,,,,,,,,,,,,,,,,,,
1676060258.741530,1676060258.742021,59.000000,0.000000,4304.743652,4300.256348,4300.000000,4296.538574,4285.384766,4314.102539,4289.743652,4296.282227,4287.820313,4283.589844,4451.666504,4463.974121,4372.563965,4408.205078,0.000000,4.000000,85.000000,,,,0.000000,4.000000,4.000000,4.000000,4.000000,4.000000,4.000000,4.000000,4.000000,4.000000,4.000000,4.000000,4.000000,4.000000,4.000000,100.000000,,,,,,,,,,,,,,,,,,,,,,,,,,,,,,,,,,,,,,,,,,,,,,,,,,,,,,,,,,,,,,,,,,,,,,,,,,,,,,,,,,,,,,
1676060258.749339,1676060258.749729,60.000000,0.000000,4282.820313,4278.077148,4278.461426,4278.461426,4277.051270,4308.333496,4276.794922,4281.025879,4274.487305,4266.538574,4425.384766,4438.974121,4352.820313,4383.333496,0.000000,4.000000,85.000000,,,,0.000000,4.000000,4.000000,4.000000,4.000000,4.000000,4.000000,4.000000,4.000000,4.000000,4.000000,4.000000,4.000000,4.000000,4.000000,100.000000,,,,,,,,,,,,,,,,,,,,,,,,,,,,,,,,,,,,,,,,,,,,,,,,,,,,,,,,,,,,,,,,,,,,,,,,,,,,,,,,,,,,,,
1676060258.757147,1676060258.757538,61.000000,0.000000,4280.512695,4281.922852,4283.077148,4279.230957,4278.333496,4310.000000,4287.692383,4287.948730,4277.436035,4262.051270,4431.410156,4452.948730,4362.692383,4392.436035,0.000000,4.000000,85.000000,,,,0.000000,4.000000,4.000000,4.000000,4.000000,4.000000,4.000000,4.000000,4.000000,4.000000,4.000000,4.000000,4.000000,4.000000,4.000000,100.000000,,,,,,,,,,,,,,,,,,,,,,,,,,,,,,,,,,,,,,,,,,,,,,,,,,,,,,,,,,,,,,,,,,,,,,,,,,,,,,,,,,,,,,
1676060258.764956,1676060258.765246,62.000000,0.000000,4298.333496,4298.974121,4300.384766,4294.358887,4281.538574,4312.948730,4299.230957,4300.128418,4284.102539,4266.538574,4449.230957,4478.205078,4373.974121,4416.410156,0.000000,4.000000,85.000000,,,,0.000000,4.000000,4.000000,4.000000,4.000000,4.000000,4.000000,4.000000,4.000000,4.000000,4.000000,4.000000,4.000000,4.000000,4.000000,100.000000,,,,,,,,,,,,,,,,,1.468715,5.111495,1.144875,1.676951,0.980788,4.077420,4.612812,0.814090,1.351416,1.104502,2.279130,5.232815,0.984027,1.708121,1.185670,2.581040,4.204753,0.737326,1.218713,1.136209,1.308022,2.099828,0.640054,0.704327,0.576241,1.348986,1.262373,0.616533,0.414958,0.526610,0.914385,0.907399,0.840698,1.181393,0.943776,0.752912,1.544639,1.266678,1.385374,1.016416,0.763675,1.922391,1.123747,0.967320,1.118765,0.659062,2.566559,1.893260,1.580013,1.581005,6.269897,5.732461,2.492071,2.488285,1.799490,2.181947,5.610630,1.319778,2.179565,1.714312,1.500971,4.107557,1.325758,1.794681,1.600547,1.799435,6.436678,1.570400,1.868266,1.695745
1676060258.772764,1676060258.773055,63.000000,0.000000,4302.436035,4291.410156,4299.871582,4297.436035,4280.512695,4309.358887,4296.282227,4298.717773,4283.846191,4267.436035,4450.128418,4475.641113,4370.128418,4415.128418,0.000000,4.000000,85.000000,,,,0.000000,4.000000,4.000000,4.000000,4.000000,4.000000,4.000000,4.000000,4.000000,4.000000,4.000000,4.000000,4.000000,4.000000,4.000000,100.000000,,,,,,,,,,,,,,,,,,,,,,,,,,,,,,,,,,,,,,,,,,,,,,,,,,,,,,,,,,,,,,,,,,,,,,,,,,,,,,,,,,,,,,
1676060258.780572,1676060258.780763,64.000000,0.000000,4290.512695,4274.230957,4292.436035,4286.666504,4275.128418,4303.717773,4289.358887,4295.128418,4280.512695,4266.025879,4440.897461,4459.358887,4363.717773,4398.589844,2526.000000,4.000000,85.000000,,,,0.000000,4.000000,4.000000,4.000000,4.000000,4.000000,4.000000,4.000000,4.000000,4.000000,4.000000,4.000000,4.000000,4.000000,4.000000,100.000000,,,,,,,,,,,,,,,,,,,,,,,,,,,,,,,,,,,,,,,,,,,,,,,,,,,,,,,,,,,,,,,,,,,,,,,,,,,,,,,,,,,,,,
1676060258.788381,1676060258.788572,65.000000,0.000000,4280.384766,4262.307617,4288.589844,4277.179688,4261.666504,4305.128418,4283.461426,4289.487305,4272.820313,4260.897461,4423.717773,4450.256348,4351.025879,4387.692383,2483.000000,4.000000,85.000000,,,,0.000000,4.000000,4.000000,4.000000,4.000000,4.000000,4.000000,4.000000,4.000000,4.000000,4.000000,4.000000,4.000000,4.000000,4.000000,100.000000,,,,,,,,,,,,,,,,,,,,,,,,,,,,,,,,,,,,,,,,,,,,,,,,,,,,,,,,,,,,,,,,,,,,,,,,,,,,,,,,,,,,,,
1676060258.796189,1676060258.796280,66.000000,0.000000,4292.051270,4277.692383,4304.102539,4302.948730,4268.205078,4320.000000,4295.256348,4301.025879,4287.051270,4271.282227,4436.794922,4477.820313,4359.102539,4405.512695,2401.000000,4.000000,85.000000,,,,0.000000,4.000000,4.000000,4.000000,4.000000,4.000000,4.000000,4.000000,4.000000,4.000000,4.000000,4.000000,4.000000,4.000000,4.000000,100.000000,,,,,,,,,,,,,,,,,,,,,,,,,,,,,,,,,,,,,,,,,,,,,,,,,,,,,,,,,,,,,,,,,,,,,,,,,,,,,,,,,,,,,,
1676060258.803997,1676060258.804089,67.000000,0.000000,4309.358887,4300.769043,4322.692383,4334.102539,4288.461426,4323.846191,4309.102539,4319.871582,4306.794922,4290.641113,4464.743652,4511.794922,4384.871582,4428.589844,2488.000000,4.000000,85.000000,,,,0.000000,4.000000,4.000000,4.000000,4.000000,4.000000,4.000000,4.000000,4.000000,4.000000,4.000000,4.000000,4.000000,4.000000,4.000000,100.000000,,,,,,,,,,,,,,,,,,,,,,,,,,,,,,,,,,,,,,,,,,,,,,,,,,,,,,,,,,,,,,,,,,,,,,,,,,,,,,,,,,,,,,
1676060258.811806,1676060258.811797,68.000000,0.000000,4299.358887,4286.410156,4306.922852,4320.512695,4283.333496,4310.512695,4297.563965,4307.307617,4290.641113,4280.000000,4445.256348,4497.179688,4374.230957,4410.256348,2446.000000,4.000000,85.000000,,,,0.000000,4.000000,4.000000,4.000000,4.000000,4.000000,4.000000,4.000000,4.000000,4.000000,4.000000,4.000000,4.000000,4.000000,4.000000,100.000000,,,,,,,,,,,,,,,,,,,,,,,,,,,,,,,,,,,,,,,,,,,,,,,,,,,,,,,,,,,,,,,,,,,,,,,,,,,,,,,,,,,,,,
1676060258.819614,1676060258.819606,69.000000,0.000000,4288.461426,4270.769043,4289.487305,4308.333496,4273.205078,4312.820313,4286.922852,4289.871582,4272.436035,4254.871582,4423.846191,4482.307617,4352.820313,4391.666504,2384.000000,4.000000,85.000000,,,,0.000000,4.000000,4.000000,4.000000,4.000000,4.000000,4.000000,4.000000,4.000000,4.000000,4.000000,4.000000,4.000000,4.000000,4.000000,100.000000,,,,,,,,,,,,,,,,,,,,,,,,,,,,,,,,,,,,,,,,,,,,,,,,,,,,,,,,,,,,,,,,,,,,,,,,,,,,,,,,,,,,,,
1676060258.827423,1676060258.827314,70.000000,0.000000,4297.179688,4285.641113,4296.025879,4327.692383,4280.512695,4322.820313,4293.333496,4295.897461,4280.512695,4259.487305,4442.563965,4501.794922,4365.384766,4409.487305,2229.000000,4.000000,85.000000,,,,0.000000,4.000000,4.000000,4.000000,4.000000,4.000000,4.000000,4.000000,4.000000,4.000000,4.000000,4.000000,4.000000,4.000000,4.000000,100.000000,,,,,,,,,,,,,,,,,,,,,,,,,,,,,,,,,,,,,,,,,,,,,,,,,,,,,,,,,,,,,,,,,,,,,,,,,,,,,,,,,,,,,,
1676060258.835231,1676060258.835223,71.000000,0.000000,4294.358887,4292.563965,4292.948730,4331.153809,4283.077148,4314.615234,4293.205078,4301.538574,4282.307617,4277.179688,4445.384766,4504.871582,4373.717773,4413.205078,2241.000000,4.000000,85.000000,,,,0.000000,4.000000,4.000000,4.000000,4.000000,4.000000,4.000000,4.000000,4.000000,4.000000,4.000000,4.000000,4.000000,4.000000,4.000000,100.000000,,,,,,,,,,,,,,,,,,,,,,,,,,,,,,,,,,,,,,,,,,,,,,,,,,,,,,,,,,,,,,,,,,,,,,,,,,,,,,,,,,,,,,
1676060258.843039,1676060258.843031,72.000000,0.000000,4279.871582,4277.563965,4278.717773,4312.436035,4275.256348,4303.461426,4284.358887,4291.922852,4270.769043,4271.410156,4422.179688,4480.000000,4352.307617,4384.615234,2286.000000,4.000000,85.000000,,,,0.000000,4.000000,4.000000,4.000000,4.000000,4.000000,4.000000,4.000000,4.000000,4.000000,4.000000,4.000000,4.000000,4.000000,4.000000,100.000000,,,,,,,,,,,,,,,,,,,,,,,,,,,,,,,,,,,,,,,,,,,,,,,,,,,,,,,,,,,,,,,,,,,,,,,,,,,,,,,,,,,,,,
1676060258.850848,1676060258.850939,73.000000,0.000000,4272.307617,4273.461426,4273.205078,4307.436035,4276.282227,4308.589844,4284.230957,4283.717773,4271.410156,4258.974121,4417.820313,4472.436035,4344.743652,4372.692383,2251.000000,4.000000,85.000000,,,,0.000000,4.000000,4.000000,4.000000,4.000000,4.000000,4.000000,4.000000,4.000000,4.000000,4.000000,4.000000,4.000000,4.000000,4.000000,100.000000,,,,,,,,,,,,,,,,,,,,,,,,,,,,,,,,,,,,,,,,,,,,,,,,,,,,,,,,,,,,,,,,,,,,,,,,,,,,,,,,,,,,,,
1676060258.858656,1676060258.858748,74.000000,0.000000,4275.256348,4287.948730,4279.358887,4319.871582,4285.641113,4322.179688,4295.769043,4294.487305,4282.307617,4270.384766,4434.615234,4494.102539,4367.692383,4394.487305,2743.000000,4.000000,85.000000,,,,0.000000,4.000000,4.000000,4.000000,4.000000,4.000000,4.000000,4.000000,4.000000,4.000000,4.000000,4.000000,4.000000,4.000000,4.000000,100.000000,,,,,,,,,,,,,,,,,,,,,,,,,,,,,,,,,,,,,,,,,,,,,,,,,,,,,,,,,,,,,,,,,,,,,,,,,,,,,,,,,,,,,,
1676060258.866465,1676060258.866656,75.000000,0.000000,4289.487305,4300.897461,4293.717773,4331.153809,4290.384766,4324.487305,4307.307617,4314.487305,4292.820313,4286.794922,4452.692383,4514.871582,4386.410156,4414.358887,2942.000000,4.000000,85.000000,,,,0.000000,4.000000,4.000000,4.000000,4.000000,4.000000,4.000000,4.000000,4.000000,4.000000,4.000000,4.000000,4.000000,4.000000,4.000000,100.000000,,,,,,,,,,,,,,,,,,,,,,,,,,,,,,,,,,,,,,,,,,,,,,,,,,,,,,,,,,,,,,,,,,,,,,,,,,,,,,,,,,,,,,
1676060258.874273,1676060258.874465,76.000000,0.000000,4285.384766,4287.179688,4289.615234,4318.077148,4280.128418,4309.743652,4296.538574,4306.794922,4284.871582,4268.589844,4441.025879,4498.205078,4366.410156,4396.794922,3154.000000,4.000000,85.000000,,,,0.000000,4.000000,4.000000,4.000000,4.000000,4.000000,4.000000,4.000000,4.000000,4.000000,4.000000,4.000000,4.000000,4.000000,4.000000,100.000000,,,,,,,,,,,,,,,,,,,,,,,,,,,,,,,,,,,,,,,,,,,,,,,,,,,,,,,,,,,,,,,,,,,,,,,,,,,,,,,,,,,,,,
1676060258.882081,1676060258.882373,77.000000,0.000000,4260.384766,4264.743652,4267.051270,4294.102539,4266.666504,4301.410156,4279.358887,4279.230957,4263.846191,4243.717773,4407.051270,4466.538574,4335.897461,4365.128418,3259.000000,4.000000,85.000000,,,,0.000000,4.000000,4.000000,4.000000,4.000000,4.000000,4.000000,4.000000,4.000000,4.000000,4.000000,4.000000,4.000000,4.000000,4.000000,100.000000,,,,,,,,,,,,,,,,,,,,,,,,,,,,,,,,,,,,,,,,,,,,,,,,,,,,,,,,,,,,,,,,,,,,,,,,,,,,,,,,,,,,,,
1676060258.889890,1676060258.890181,78.000000,0.000000,4257.692383,4269.743652,4268.077148,4299.358887,4272.307617,4311.410156,4283.846191,4284.102539,4268.333496,4251.025879,4409.358887,4472.820313,4342.563965,4370.256348,2743.000000,4.000000,85.000000,,,,0.000000,4.000000,4.000000,4.000000,4.000000,4.000000,4.000000,4.000000,4.000000,4.000000,4.000000,4.000000,4.000000,4.000000,4.000000,100.000000,1.000000,58.333332,4.000000,4.000000,3.000000,4.000000,4.000000,4.000000,4.000000,4.000000,4.000000,3.000000,3.000000,1.000000,3.000000,3.000000,1.471264,3.638630,1.133474,1.750216,0.947503,3.229383,3.097313,0.713122,1.432807,1.099054,2.650748,3.389363,1.053313,1.762170,1.194642,2.460826,2.593036,0.763360,1.340500,1.145936,1.300086,1.751945,0.703337,0.660170,0.570808,1.288964,1.494066,0.667588,0.438937,0.525725,0.965097,0.818979,0.923219,1.232911,0.932986,0.784175,1.611306,1.280230,1.401734,1.031608,0.902798,2.102133,1.123538,1.023021,1.120426,0.622859,2.663504,1.969920,1.649935,1.563528,4.420902,4.427937,2.930528,2.700336,1.809881,2.157824,4.159846,1.584923,2.354447,1.708718,1.375466,3.388234,1.364975,2.114456,1.580158,1.732609,4.868694,1.674062,2.057883,1.669685
1676060258.897698,1676060258.898090,79.000000,0.000000,4286.538574,4287.179688,4296.538574,4322.563965,4289.358887,4320.641113,4297.692383,4310.897461,4290.769043,4269.358887,4447.563965,4507.436035,4372.563965,4403.717773,2942.000000,4.000000,85.000000,,,,0.000000,4.000000,4.000000,4.000000,4.000000,4.000000,4.000000,4.000000,4.000000,4.000000,4.000000,4.000000,4.000000,4.000000,4.000000,100.000000,,,,,,,,,,,,,,,,,,,,,,,,,,,,,,,,,,,,,,,,,,,,,,,,,,,,,,,,,,,,,,,,,,,,,,,,,,,,,,,,,,,,,,
1676060258.905506,1676060258.905898,80.000000,0.000000,4307.820313,4302.307617,4315.641113,4333.589844,4297.563965,4320.641113,4303.717773,4320.769043,4298.205078,4281.538574,4472.820313,4531.794922,4394.102539,4428.846191,3154.000000,4.000000,85.000000,,,,0.000000,4.000000,4.000000,4.000000,4.000000,4.000000,4.000000,4.000000,4.000000,4.000000,4.000000,4.000000,4.000000,4.000000,4.000000,100.000000,,,,,,,,,,,,,,,,,,,,,,,,,,,,,,,,,,,,,,,,,,,,,,,,,,,,,,,,,,,,,,,,,,,,,,,,,,,,,,,,,,,,,,
1676060258.913315,1676060258.913806,81.000000,0.000000,4299.743652,4301.794922,4306.794922,4325.769043,4288.205078,4314.743652,4298.205078,4304.615234,4282.307617,4278.846191,4458.077148,4517.820313,4381.922852,4420.256348,3259.000000,4.000000,85.000000,,,,0.000000,4.000000,4.000000,4.000000,4.000000,4.000000,4.000000,4.000000,4.000000,4.000000,4.000000,4.000000,4.000000,4.000000,4.000000,100.000000,,,,,,,,,,,,,,,,,,,,,,,,,,,,,,,,,,,,,,,,,,,,,,,,,,,,,,,,,,,,,,,,,,,,,,,,,,,,,,,,,,,,,,
1676060258.921123,1676060258.921615,82.000000,0.000000,4284.871582,4280.512695,4288.589844,4312.436035,4277.563965,4307.948730,4290.256348,4289.102539,4265.641113,4265.000000,4429.743652,4487.948730,4355.256348,4395.384766,2743.000000,4.000000,85.000000,,,,0.000000,4.000000,4.000000,4.000000,4.000000,4.000000,4.000000,4.000000,4.000000,4.000000,4.000000,4.000000,4.000000,4.000000,4.000000,100.000000,,,,,,,,,,,,,,,,,,,,,,,,,,,,,,,,,,,,,,,,,,,,,,,,,,,,,,,,,,,,,,,,,,,,,,,,,,,,,,,,,,,,,,
1676060258.928932,1676060258.929523,83.000000,0.000000,4294.615234,4283.589844,4293.974121,4321.025879,4285.769043,4311.410156,4296.282227,4300.256348,4275.000000,4271.025879,4436.794922,4495.000000,4370.512695,4411.922852,2942.000000,4.000000,85.000000,,,,0.000000,4.000000,4.000000,4.000000,4.000000,4.000000,4.000000,4.000000,4.000000,4.000000,4.000000,4.000000,4.000000,4.000000,4.000000,100.000000,,,,,,,,,,,,,,,,,,,,,,,,,,,,,,,,,,,,,,,,,,,,,,,,,,,,,,,,,,,,,,,,,,,,,,,,,,,,,,,,,,,,,,
1676060258.936740,1676060258.937332,84.000000,0.000000,4309.487305,4303.333496,4305.000000,4336.153809,4298.333496,4317.820313,4306.410156,4311.794922,4289.230957,4289.871582,4456.794922,4514.487305,4390.769043,4436.922852,3154.000000,4.000000,85.000000,,,,0.000000,4.000000,4.000000,4.000000,4.000000,4.000000,4.000000,4.000000,4.000000,4.000000,4.000000,4.000000,4.000000,4.000000,4.000000,100.000000,,,,,,,,,,,,,,,,,,,,,,,,,,,,,,,,,,,,,,,,,,,,,,,,,,,,,,,,,,,,,,,,,,,,,,,,,,,,,,,,,,,,,,
1676060258.944548,1676060258.945040,85.000000,0.000000,4287.436035,4279.615234,4285.641113,4316.025879,4294.230957,4313.717773,4298.461426,4295.384766,4276.922852,4273.589844,4431.282227,4489.358887,4353.846191,4402.307617,3259.000000,4.000000,85.000000,,,,0.000000,4.000000,4.000000,4.000000,4.000000,4.000000,4.000000,4.000000,4.000000,4.000000,4.000000,4.000000,4.000000,4.000000,4.000000,100.000000,,,,,,,,,,,,,,,,,,,,,,,,,,,,,,,,,,,,,,,,,,,,,,,,,,,,,,,,,,,,,,,,,,,,,,,,,,,,,,,,,,,,,,
1676060258.952357,1676060258.952849,86.000000,0.000000,4269.487305,4255.384766,4269.743652,4297.051270,4291.025879,4309.358887,4288.846191,4283.333496,4267.051270,4243.974121,4405.769043,4463.846191,4325.512695,4373.717773,2743.000000,4.000000,85.000000,,,,0.000000,4.000000,4.000000,4.000000,4.000000,4.000000,4.000000,4.000000,4.000000,4.000000,4.000000,4.000000,4.000000,4.000000,4.000000,100.000000,,,,,,,,,,,,,,,,,,,,,,,,,,,,,,,,,,,,,,,,,,,,,,,,,,,,,,,,,,,,,,,,,,,,,,,,,,,,,,,,,,,,,,
1676060258.960165,1676060258.960557,87.000000,0.000000,4293.461426,4285.897461,4289.871582,4320.384766,4302.692383,4313.205078,4298.205078,4300.000000,4287.563965,4255.384766,4437.179688,4489.871582,4363.077148,4411.153809,2942.000000,4.000000,85.000000,,,,0.000000,4.000000,4.000000,4.000000,4.000000,4.000000,4.000000,4.000000,4.000000,4.000000,4.000000,4.000000,4.000000,4.000000,4.000000,100.000000,,,,,,,,,,,,,,,,,,,,,,,,,,,,,,,,,,,,,,,,,,,,,,,,,,,,,,,,,,,,,,,,,,,,,,,,,,,,,,,,,,,,,,
1676060258.967974,1676060258.968366,88.000000,0.000000,4308.846191,4311.922852,4305.000000,4336.538574,4305.000000,4314.487305,4302.179688,4307.307617,4300.256348,4281.410156,4468.461426,4515.384766,4393.077148,4441.538574,3154.000000,4.000000,85.000000,,,,0.000000,4.000000,4.000000,4.000000,4.000000,4.000000,4.000000,4.000000,4.000000,4.000000,4.000000,4.000000,4.000000,4.000000,4.000000,100.000000,,,,,,,,,,,,,,,,,,,,,,,,,,,,,,,,,,,,,,,,,,,,,,,,,,,,,,,,,,,,,,,,,,,,,,,,,,,,,,,,,,,,,,
1676060258.975782,1676060258.976074,89.000000,0.000000,4302.436035,4304.487305,4297.179688,4325.641113,4296.538574,4312.307617,4293.974121,4298.333496,4295.128418,4283.077148,4462.692383,4508.589844,4384.230957,4432.436035,3259.000000,4.000000,85.000000,,,,0.000000,4.000000,4.000000,4.000000,4.000000,4.000000,4.000000,4.000000,4.000000,4.000000,4.000000,4.000000,4.000000,4.000000,4.000000,100.000000,,,,,,,,,,,,,,,,,,,,,,,,,,,,,,,,,,,,,,,,,,,,,,,,,,,,,,,,,,,,,,,,,,,,,,,,,,,,,,,,,,,,,,
1676060258.983590,1676060258.983983,90.000000,0.000000,4303.717773,4299.871582,4294.871582,4318.077148,4294.102539,4313.077148,4291.922852,4295.512695,4293.333496,4269.487305,4449.358887,4498.974121,4375.897461,4422.436035,2743.000000,4.000000,85.000000,,,,0.000000,4.000000,4.000000,4.000000,4.000000,4.000000,4.000000,4.000000,4.000000,4.000000,4.000000,4.000000,4.000000,4.000000,4.000000,100.000000,,,,,,,,,,,,,,,,,,,,,,,,,,,,,,,,,,,,,,,,,,,,,,,,,,,,,,,,,,,,,,,,,,,,,,,,,,,,,,,,,,,,,,
1676060258.991399,1676060258.991791,91.000000,0.000000,4303.589844,4296.282227,4301.282227,4317.436035,4294.871582,4313.974121,4294.487305,4296.538574,4292.179688,4262.692383,4443.974121,4496.666504,4373.717773,4421.666504,2942.000000,4.000000,85.000000,,,,0.000000,4.000000,4.000000,4.000000,4.000000,4.000000,4.000000,4.000000,4.000000,4.000000,4.000000,4.000000,4.000000,4.000000,4.000000,100.000000,,,,,,,,,,,,,,,,,,,,,,,,,,,,,,,,,,,,,,,,,,,,,,,,,,,,,,,,,,,,,,,,,,,,,,,,,,,,,,,,,,,,,,
1676060258.999207,1676060258.999600,92.000000,0.000000,4291.282227,4287.436035,4297.563965,4312.820313,4293.461426,4310.000000,4295.256348,4300.000000,4296.153809,4270.256348,4448.333496,4491.282227,4373.077148,4421.538574,3154.000000,4.000000,85.000000,,,,0.000000,4.000000,4.000000,4.000000,4.000000,4.000000,4.000000,4.000000,4.000000,4.000000,4.000000,4.000000,4.000000,4.000000,4.000000,100.000000,,,,,,,,,,,,,,,,,,,,,,,,,,,,,,,,,,,,,,,,,,,,,,,,,,,,,,,,,,,,,,,,,,,,,,,,,,,,,,,,,,,,,,
1676060259.007015,1676060259.007308,93.000000,0.000000,4293.846191,4291.922852,4292.820313,4311.025879,4292.820313,4311.282227,4295.897461,4301.922852,4302.948730,4279.358887,4458.461426,4490.897461,4380.256348,4427.692383,3259.000000,4.000000,85.000000,,,,0.000000,4.000000,4.000000,4.000000,4.000000,4.000000,4.000000,4.000000,4.000000,4.000000,4.000000,4.000000,4.000000,4.000000,4.000000,100.000000,,,,,,,,,,,,,,,,,,,,,,,,,,,,,,,,,,,,,,,,,,,,,,,,,,,,,,,,,,,,,,,,,,,,,,,,,,,,,,,,,,,,,,
1676060259.014824,1676060259.015117,94.000000,0.000000,4308.717773,4299.102539,4300.769043,4315.384766,4297.820313,4317.436035,4299.743652,4300.512695,4301.282227,4280.897461,4463.461426,4500.769043,4391.025879,4440.897461,2743.000000,4.000000,85.000000,,,,0.000000,4.000000,4.000000,4.000000,4.000000,4.000000,4.000000,4.000000,4.000000,4.000000,4.000000,4.000000,4.000000,4.000000,4.000000,100.000000,,,,,,,,,,,,,,,,,1.576417,2.723017,1.223543,1.771472,0.909831,2.764015,2.064593,0.698569,1.504633,1.083542,3.140577,2.226902,1.141058,1.780074,1.167406,2.493935,1.623367,0.854201,1.440708,1.113737,1.326705,1.534557,0.805021,0.639356,0.555813,1.176089,1.647627,0.731502,0.472220,0.515475,1.007141,0.783888,1.002519,1.265215,0.894949,0.797535,1.649753,1.298908,1.378324,1.025691,1.015344,2.180556,1.189761,1.072336,1.103508,0.624065,2.700006,2.101641,1.636992,1.522884,3.300604,3.726159,3.449966,2.775486,1.787225,2.467528,3.220704,1.907089,2.438411,1.680449,1.404897,3.128447,1.450080,2.312705,1.536214,1.878630,4.068659,1.838831,2.148463,1.618438
1676060259.022632,1676060259.022825,95.000000,0.000000,4299.358887,4285.256348,4299.358887,4307.948730,4294.743652,4315.641113,4294.487305,4296.666504,4295.000000,4278.846191,4458.333496,4498.717773,4388.205078,4438.846191,2942.000000,4.000000,85.000000,,,,0.000000,4.000000,4.000000,4.000000,4.000000,4.000000,4.000000,4.000000,4.000000,4.000000,4.000000,4.000000,4.000000,4.000000,4.000000,100.000000,,,,,,,,,,,,,,,,,,,,,,,,,,,,,,,,,,,,,,,,,,,,,,,,,,,,,,,,,,,,,,,,,,,,,,,,,,,,,,,,,,,,,,
1676060259.030441,1676060259.030633,96.000000,0.000000,4285.128418,4272.051270,4285.384766,4295.769043,4285.897461,4307.307617,4283.717773,4292.563965,4292.307617,4275.384766,4456.538574,4485.512695,4381.794922,4426.410156,3154.000000,4.000000,85.000000,,,,0.000000,4.000000,4.000000,4.000000,4.000000,4.000000,4.000000,4.000000,4.000000,4.000000,4.000000,4.000000,4.000000,4.000000,4.000000,100.000000,,,,,,,,,,,,,,,,,,,,,,,,,,,,,,,,,,,,,,,,,,,,,,,,,,,,,,,,,,,,,,,,,,,,,,,,,,,,,,,,,,,,,,
1676060259.038249,1676060259.038342,97.000000,0.000000,4296.922852,4285.769043,4288.333496,4303.974121,4290.128418,4307.692383,4287.307617,4296.666504,4295.128418,4274.871582,4466.666504,4488.846191,4391.025879,4434.743652,3259.000000,4.000000,85.000000,,,,0.000000,4.000000,4.000000,4.000000,4.000000,4.000000,4.000000,4.000000,4.000000,4.000000,4.000000,4.000000,4.000000,4.000000,4.000000,100.000000,,,,,,,,,,,,,,,,,,,,,,,,,,,,,,,,,,,,,,,,,,,,,,,,,,,,,,,,,,,,,,,,,,,,,,,,,,,,,,,,,,,,,,
1676060259.046057,1676060259.046250,98.000000,0.000000,4316.538574,4304.487305,4308.974121,4326.153809,4303.717773,4321.025879,4304.358887,4312.692383,4310.256348,4282.948730,4478.846191,4508.974121,4404.615234,4453.077148,2743.000000,4.000000,85.000000,,,,0.000000,4.000000,4.000000,4.000000,4.000000,4.000000,4.000000,4.000000,4.000000,4.000000,4.000000,4.000000,4.000000,4.000000,4.000000,100.000000,,,,,,,,,,,,,,,,,,,,,,,,,,,,,,,,,,,,,,,,,,,,,,,,,,,,,,,,,,,,,,,,,,,,,,,,,,,,,,,,,,,,,,
1676060259.053866,1676060259.054059,99.000000,0.000000,4316.666504,4302.820313,4318.717773,4330.128418,4308.333496,4330.769043,4311.922852,4323.589844,4323.974121,4285.384766,4479.358887,4515.000000,4401.153809,4449.487305,2942.000000,4.000000,85.000000,,,,0.000000,4.000000,4.000000,4.000000,4.000000,4.000000,4.000000,4.000000,4.000000,4.000000,4.000000,4.000000,4.000000,4.000000,4.000000,100.000000,,,,,,,,,,,,,,,,,,,,,,,,,,,,,,,,,,,,,,,,,,,,,,,,,,,,,,,,,,,,,,,,,,,,,,,,,,,,,,,,,,,,,,
1676060259.061674,1676060259.061967,100.000000,0.000000,4308.846191,4293.974121,4310.128418,4315.128418,4300.897461,4323.589844,4301.666504,4314.487305,4319.230957,4279.487305,4473.077148,4503.846191,4395.256348,4441.794922,3154.000000,4.000000,85.000000,,,,0.000000,4.000000,4.000000,4.000000,4.000000,4.000000,4.000000,4.000000,4.000000,4.000000,4.000000,4.000000,4.000000,4.000000,4.000000,100.000000,,,,,,,,,,,,,,,,,,,,,,,,,,,,,,,,,,,,,,,,,,,,,,,,,,,,,,,,,,,,,,,,,,,,,,,,,,,,,,,,,,,,,,
1676060259.069482,1676060259.069776,101.000000,0.000000,4304.358887,4285.256348,4296.153809,4301.666504,4287.563965,4307.948730,4287.692383,4298.205078,4307.436035,4278.589844,4464.487305,4489.615234,4394.358887,4441.666504,3259.000000,4.000000,85.000000,,,,0.000000,4.000000,4.000000,4.000000,4.000000,4.000000,4.000000,4.000000,4.000000,4.000000,4.000000,4.000000,4.000000,4.000000,4.000000,100.000000,,,,,,,,,,,,,,,,,,,,,,,,,,,,,,,,,,,,,,,,,,,,,,,,,,,,,,,,,,,,,,,,,,,,,,,,,,,,,,,,,,,,,,
1676060259.077291,1676060259.077684,102.000000,0.000000,4304.743652,4280.384766,4294.102539,4299.743652,4283.205078,4310.512695,4287.436035,4296.794922,4309.102539,4282.307617,4461.794922,4486.282227,4391.282227,4436.922852,2743.000000,4.000000,85.000000,,,,0.000000,4.000000,4.000000,4.000000,4.000000,4.000000,4.000000,4.000000,4.000000,4.000000,4.000000,4.000000,4.000000,4.000000,4.000000,100.000000,,,,,,,,,,,,,,,,,,,,,,,,,,,,,,,,,,,,,,,,,,,,,,,,,,,,,,,,,,,,,,,,,,,,,,,,,,,,,,,,,,,,,,
1676060259.085099,1676060259.085492,103.000000,0.000000,4317.179688,4294.230957,4310.769043,4317.179688,4297.179688,4321.025879,4300.769043,4311.794922,4325.000000,4286.922852,4477.051270,4506.794922,4401.153809,4443.717773,2942.000000,4.000000,85.000000,,,,0.000000,4.000000,4.000000,4.000000,4.000000,4.000000,4.000000,4.000000,4.000000,4.000000,4.000000,4.000000,4.000000,4.000000,4.000000,100.000000,,,,,,,,,,,,,,,,,,,,,,,,,,,,,,,,,,,,,,,,,,,,,,,,,,,,,,,,,,,,,,,,,,,,,,,,,,,,,,,,,,,,,,
1676060259.092908,1676060259.093401,104.000000,0.000000,4311.922852,4293.333496,4308.846191,4319.743652,4294.102539,4307.692383,4294.487305,4307.820313,4320.512695,4279.358887,4477.948730,4508.077148,4404.102539,4448.077148,3154.000000,4.000000,85.000000,,,,0.000000,4.000000,4.000000,4.000000,4.000000,4.000000,4.000000,4.000000,4.000000,4.000000,4.000000,4.000000,4.000000,4.000000,4.000000,100.000000,,,,,,,,,,,,,,,,,,,,,,,,,,,,,,,,,,,,,,,,,,,,,,,,,,,,,,,,,,,,,,,,,,,,,,,,,,,,,,,,,,,,,,
1676060259.100716,1676060259.101309,105.000000,0.000000,4297.051270,4269.358887,4291.922852,4300.512695,4276.410156,4297.051270,4278.205078,4289.743652,4305.256348,4275.384766,4467.948730,4487.820313,4396.153809,4439.743652,3259.000000,4.000000,85.000000,,,,0.000000,4.000000,4.000000,4.000000,4.000000,4.000000,4.000000,4.000000,4.000000,4.000000,4.000000,4.000000,4.000000,4.000000,4.000000,100.000000,,,,,,,,,,,,,,,,,,,,,,,,,,,,,,,,,,,,,,,,,,,,,,,,,,,,,,,,,,,,,,,,,,,,,,,,,,,,,,,,,,,,,,
1676060259.108524,1676060259.109118,106.000000,0.000000,4307.563965,4264.615234,4299.871582,4303.974121,4283.974121,4309.358887,4286.922852,4297.692383,4317.307617,4287.820313,4478.589844,4495.256348,4406.794922,4440.641113,2743.000000,4.000000,85.000000,,,,0.000000,4.000000,4.000000,4.000000,4.000000,4.000000,4.000000,4.000000,4.000000,4.000000,4.000000,4.000000,4.000000,4.000000,4.000000,100.000000,,,,,,,,,,,,,,,,,,,,,,,,,,,,,,,,,,,,,,,,,,,,,,,,,,,,,,,,,,,,,,,,,,,,,,,,,,,,,,,,,,,,,,
1676060259.116333,1676060259.116926,107.000000,0.000000,4318.589844,4275.769043,4315.128418,4320.128418,4299.102539,4319.230957,4298.717773,4307.820313,4327.820313,4283.333496,4483.461426,4512.436035,4416.282227,4448.589844,2942.000000,4.000000,85.000000,,,,0.000000,4.000000,4.000000,4.000000,4.000000,4.000000,4.000000,4.000000,4.000000,4.000000,4.000000,4.000000,4.000000,4.000000,4.000000,100.000000,,,,,,,,,,,,,,,,,,,,,,,,,,,,,,,,,,,,,,,,,,,,,,,,,,,,,,,,,,,,,,,,,,,,,,,,,,,,,,,,,,,,,,
1676060259.124141,1676060259.124635,108.000000,0.000000,4308.461426,4270.256348,4313.077148,4316.025879,4297.307617,4313.974121,4292.563965,4295.000000,4315.769043,4266.153809,4478.717773,4506.410156,4410.769043,4453.717773,3154.000000,4.000000,85.000000,,,,0.000000,4.000000,4.000000,4.000000,4.000000,4.000000,4.000000,4.000000,4.000000,4.000000,4.000000,4.000000,4.000000,4.000000,4.000000,100.000000,,,,,,,,,,,,,,,,,,,,,,,,,,,,,,,,,,,,,,,,,,,,,,,,,,,,,,,,,,,,,,,,,,,,,,,,,,,,,,,,,,,,,,
1676060259.131950,1676060259.132443,109.000000,0.000000,4301.410156,4262.179688,4307.820313,4307.436035,4293.846191,4304.487305,4288.717773,4291.410156,4315.000000,4272.563965,4487.563965,4501.025879,4413.717773,4451.282227,3259.000000,4.000000,85.000000,,,,0.000000,4.000000,4.000000,4.000000,4.000000,4.000000,4.000000,4.000000,4.000000,4.000000,4.000000,4.000000,4.000000,4.000000,4.000000,100.000000,,,,,,,,,,,,,,,,,,,,,,,,,,,,,,,,,,,,,,,,,,,,,,,,,,,,,,,,,,,,,,,,,,,,,,,,,,,,,,,,,,,,,,
1676060259.139758,1676060259.140152,110.000000,0.000000,4308.717773,4270.641113,4312.307617,4311.538574,4299.230957,4303.205078,4295.769043,4304.871582,4330.641113,4292.179688,4492.948730,4507.179688,4417.820313,4444.487305,2743.000000,4.000000,85.000000,,,,0.000000,4.000000,4.000000,4.000000,4.000000,4.000000,4.000000,4.000000,4.000000,4.000000,4.000000,4.000000,4.000000,4.000000,4.000000,100.000000,,,,,,,,,,,,,,,,,1.718716,2.342138,1.396309,1.714057,0.867905,2.649143,1.457407,0.712548,1.502940,1.042066,3.526570,1.814789,1.225423,1.708652,1.088562,2.556729,1.229175,0.943555,1.453176,1.037655,1.364891,1.390081,0.890831,0.617711,0.526394,1.034356,1.648327,0.784095,0.489177,0.487175,1.011164,0.810401,1.034555,1.227847,0.825226,0.770934,1.625231,1.270474,1.283708,0.981777,1.038625,2.112613,1.241249,1.071373,1.052008,0.600685,2.639365,2.232459,1.521351,1.438617,2.928310,3.473219,3.958783,2.641370,1.713056,2.901114,2.854852,2.201741,2.370618,1.611850,1.446690,3.163893,1.547133,2.314726,1.461307,2.128778,3.950098,2.023635,2.098824,1.531510
1676060259.147566,1676060259.147960,111.000000,0.000000,4313.333496,4280.256348,4315.256348,4313.846191,4302.179688,4313.205078,4299.615234,4313.461426,4334.743652,4294.230957,4488.077148,4508.077148,4413.333496,4448.846191,2942.000000,4.000000,85.000000,,,,0.000000,4.000000,4.000000,4.000000,4.000000,4.000000,4.000000,4.000000,4.000000,4.000000,4.000000,4.000000,4.000000,4.000000,4.000000,100.000000,,,,,,,,,,,,,,,,,,,,,,,,,,,,,,,,,,,,,,,,,,,,,,,,,,,,,,,,,,,,,,,,,,,,,,,,,,,,,,,,,,,,,,
1676060259.155375,1676060259.155669,112.000000,0.000000,4310.897461,4278.589844,4306.410156,4309.743652,4298.461426,4313.205078,4297.436035,4320.384766,4332.307617,4286.666504,4491.410156,4507.307617,4419.358887,4456.794922,3154.000000,4.000000,85.000000,,,,0.000000,4.000000,4.000000,4.000000,4.000000,4.000000,4.000000,4.000000,4.000000,4.000000,4.000000,4.000000,4.000000,4.000000,4.000000,100.000000,,,,,,,,,,,,,,,,,,,,,,,,,,,,,,,,,,,,,,,,,,,,,,,,,,,,,,,,,,,,,,,,,,,,,,,,,,,,,,,,,,,,,,
1676060259.163183,1676060259.163477,113.000000,0.000000,4301.922852,4272.692383,4297.307617,4304.358887,4295.128418,4299.102539,4295.769043,4332.692383,4336.666504,4282.948730,4496.794922,4505.000000,4424.102539,4450.128418,3259.000000,4.000000,85.000000,,,,0.000000,4.000000,4.000000,4.000000,4.000000,4.000000,4.000000,4.000000,4.000000,4.000000,4.000000,4.000000,4.000000,4.000000,4.000000,100.000000,,,,,,,,,,,,,,,,,,,,,,,,,,,,,,,,,,,,,,,,,,,,,,,,,,,,,,,,,,,,,,,,,,,,,,,,,,,,,,,,,,,,,,
1676060259.170992,1676060259.171186,114.000000,0.000000,4284.487305,4265.641113,4290.641113,4288.205078,4294.102539,4294.743652,4292.692383,4340.641113,4334.230957,4273.717773,4482.436035,4493.077148,4405.256348,4432.307617,2743.000000,4.000000,85.000000,,,,0.000000,4.000000,4.000000,4.000000,4.000000,4.000000,4.000000,4.000000,4.000000,4.000000,4.000000,4.000000,4.000000,4.000000,4.000000,100.000000,,,,,,,,,,,,,,,,,,,,,,,,,,,,,,,,,,,,,,,,,,,,,,,,,,,,,,,,,,,,,,,,,,,,,,,,,,,,,,,,,,,,,,
1676060259.178800,1676060259.178994,115.000000,0.000000,4276.410156,4261.282227,4284.230957,4275.769043,4293.077148,4296.666504,4291.666504,4350.897461,4326.153809,4270.384766,4471.666504,4491.666504,4392.436035,4424.615234,2942.000000,4.000000,85.000000,,,,0.000000,4.000000,4.000000,4.000000,4.000000,4.000000,4.000000,4.000000,4.000000,4.000000,4.000000,4.000000,4.000000,4.000000,4.000000,100.000000,,,,,,,,,,,,,,,,,,,,,,,,,,,,,,,,,,,,,,,,,,,,,,,,,,,,,,,,,,,,,,,,,,,,,,,,,,,,,,,,,,,,,,
1676060259.186608,1676060259.186703,116.000000,0.000000,4291.538574,4271.282227,4291.666504,4285.897461,4293.333496,4295.256348,4297.051270,4370.769043,4333.205078,4286.410156,4490.897461,4513.205078,4411.794922,4438.333496,3154.000000,4.000000,85.000000,,,,0.000000,4.000000,4.000000,4.000000,4.000000,4.000000,4.000000,4.000000,4.000000,4.000000,4.000000,4.000000,4.000000,4.000000,4.000000,100.000000,,,,,,,,,,,,,,,,,,,,,,,,,,,,,,,,,,,,,,,,,,,,,,,,,,,,,,,,,,,,,,,,,,,,,,,,,,,,,,,,,,,,,,
1676060259.194417,1676060259.194511,117.000000,0.000000,4305.384766,4281.538574,4310.384766,4299.487305,4300.384766,4296.410156,4300.897461,4387.436035,4348.205078,4300.256348,4512.436035,4528.077148,4427.948730,4452.692383,3259.000000,4.000000,85.000000,,,,0.000000,4.000000,4.000000,4.000000,4.000000,4.000000,4.000000,4.000000,4.000000,4.000000,4.000000,4.000000,4.000000,4.000000,4.000000,100.000000,,,,,,,,,,,,,,,,,,,,,,,,,,,,,,,,,,,,,,,,,,,,,,,,,,,,,,,,,,,,,,,,,,,,,,,,,,,,,,,,,,,,,,
1676060259.202225,1676060259.202220,118.000000,0.000000,4292.820313,4270.512695,4306.410156,4289.871582,4295.000000,4292.307617,4292.307617,4385.641113,4340.256348,4284.358887,4501.282227,4515.384766,4411.666504,4440.897461,2743.000000,4.000000,85.000000,,,,0.000000,4.000000,4.000000,4.000000,4.000000,4.000000,4.000000,4.000000,4.000000,4.000000,4.000000,4.000000,4.000000,4.000000,4.000000,100.000000,,,,,,,,,,,,,,,,,,,,,,,,,,,,,,,,,,,,,,,,,,,,,,,,,,,,,,,,,,,,,,,,,,,,,,,,,,,,,,,,,,,,,,
1676060259.210033,1676060259.210028,119.000000,0.000000,4278.717773,4263.077148,4287.179688,4275.256348,4279.230957,4290.512695,4282.051270,4377.179688,4325.641113,4274.743652,4483.077148,4500.000000,4397.948730,4425.897461,2942.000000,4.000000,85.000000,,,,0.000000,4.000000,4.000000,4.000000,4.000000,4.000000,4.000000,4.000000,4.000000,4.000000,4.000000,4.000000,4.000000,4.000000,4.000000,100.000000,,,,,,,,,,,,,,,,,,,,,,,,,,,,,,,,,,,,,,,,,,,,,,,,,,,,,,,,,,,,,,,,,,,,,,,,,,,,,,,,,,,,,,
1676060259.217842,1676060259.217737,120.000000,0.000000,4274.230957,4265.512695,4280.641113,4277.436035,4279.615234,4295.897461,4277.948730,4369.487305,4321.410156,4270.897461,4478.205078,4490.256348,4398.333496,4424.615234,3154.000000,4.000000,85.000000,,,,0.000000,4.000000,4.000000,4.000000,4.000000,4.000000,4.000000,4.000000,4.000000,4.000000,4.000000,4.000000,4.000000,4.000000,4.000000,100.000000,,,,,,,,,,,,,,,,,,,,,,,,,,,,,,,,,,,,,,,,,,,,,,,,,,,,,,,,,,,,,,,,,,,,,,,,,,,,,,,,,,,,,,
1676060259.225650,1676060259.225645,121.000000,0.000000,4266.410156,4262.948730,4278.205078,4279.615234,4292.820313,4296.538574,4277.436035,4358.589844,4319.230957,4248.461426,4472.436035,4481.538574,4392.179688,4421.794922,3259.000000,4.000000,85.000000,,,,0.000000,4.000000,4.000000,4.000000,4.000000,4.000000,4.000000,4.000000,4.000000,4.000000,4.000000,4.000000,4.000000,4.000000,4.000000,100.000000,,,,,,,,,,,,,,,,,,,,,,,,,,,,,,,,,,,,,,,,,,,,,,,,,,,,,,,,,,,,,,,,,,,,,,,,,,,,,,,,,,,,,,
1676060259.233459,1676060259.233453,122.000000,0.000000,4266.025879,4264.487305,4279.871582,4279.615234,4295.512695,4292.948730,4279.871582,4351.282227,4325.897461,4251.410156,4474.102539,4486.538574,4390.384766,4422.563965,2743.000000,4.000000,85.000000,,,,0.000000,4.000000,4.000000,4.000000,4.000000,4.000000,4.000000,4.000000,4.000000,4.000000,4.000000,4.000000,4.000000,4.000000,4.000000,100.000000,,,,,,,,,,,,,,,,,,,,,,,,,,,,,,,,,,,,,,,,,,,,,,,,,,,,,,,,,,,,,,,,,,,,,,,,,,,,,,,,,,,,,,
1676060259.241267,1676060259.241362,123.000000,0.000000,4277.563965,4277.436035,4290.384766,4285.384766,4288.461426,4287.948730,4278.589844,4350.641113,4336.538574,4280.897461,4480.384766,4495.641113,4400.769043,4430.128418,2942.000000,4.000000,85.000000,,,,0.000000,4.000000,4.000000,4.000000,4.000000,4.000000,4.000000,4.000000,4.000000,4.000000,4.000000,4.000000,4.000000,4.000000,4.000000,100.000000,,,,,,,,,,,,,,,,,,,,,,,,,,,,,,,,,,,,,,,,,,,,,,,,,,,,,,,,,,,,,,,,,,,,,,,,,,,,,,,,,,,,,,
1676060259.249075,1676060259.249170,124.000000,0.000000,4283.589844,4279.230957,4293.717773,4284.230957,4284.230957,4280.769043,4273.846191,4348.589844,4338.333496,4285.384766,4475.897461,4488.717773,4398.717773,4426.153809,3154.000000,4.000000,85.000000,,,,0.000000,4.000000,4.000000,4.000000,4.000000,4.000000,4.000000,4.000000,4.000000,4.000000,4.000000,4.000000,4.000000,4.000000,4.000000,100.000000,,,,,,,,,,,,,,,,,,,,,,,,,,,,,,,,,,,,,,,,,,,,,,,,,,,,,,,,,,,,,,,,,,,,,,,,,,,,,,,,,,,,,,
1676060259.256884,1676060259.257078,125.000000,0.000000,4285.769043,4273.333496,4295.384766,4283.461426,4288.589844,4282.307617,4281.538574,4351.922852,4342.436035,4276.794922,4477.692383,4488.077148,4397.436035,4427.563965,3259.000000,4.000000,85.000000,,,,0.000000,4.000000,4.000000,4.000000,4.000000,4.000000,4.000000,4.000000,4.000000,4.000000,4.000000,4.000000,4.000000,4.000000,4.000000,100.000000,,,,,,,,,,,,,,,,,,,,,,,,,,,,,,,,,,,,,,,,,,,,,,,,,,,,,,,,,,,,,,,,,,,,,,,,,,,,,,,,,,,,,,
1676060259.264692,1676060259.264887,126.000000,0.000000,4293.461426,4282.436035,4306.025879,4292.692383,4295.256348,4286.666504,4297.820313,4362.692383,4353.846191,4284.487305,4493.205078,4505.256348,4411.538574,4447.051270,2743.000000,4.000000,85.000000,,,,0.000000,4.000000,4.000000,4.000000,4.000000,4.000000,4.000000,4.000000,4.000000,4.000000,4.000000,4.000000,4.000000,4.000000,4.000000,100.000000,,,,,,,,,,,,,,,,,1.817524,2.366579,1.608247,1.578550,0.842599,2.729615,1.151342,0.732974,1.408558,0.993582,3.611032,2.013197,1.285562,1.535351,0.982088,2.600065,1.238244,0.993702,1.361223,0.954778,1.333013,1.247817,0.915200,0.583691,0.489355,0.866108,1.474888,0.803100,0.475031,0.443627,0.955825,0.871005,0.994830,1.103005,0.738277,0.694264,1.517979,1.168970,1.120660,0.915151,0.949805,1.895969,1.219788,1.002374,0.980103,0.538645,2.479301,2.304923,1.327198,1.321008,3.043195,3.451047,4.344030,2.323320,1.627622,3.242588,2.941487,2.390874,2.161726,1.538820,1.432869,3.315268,1.632821,2.135641,1.395834,2.328779,4.274759,2.184986,1.927136,1.456661
1676060259.272500,1676060259.272795,127.000000,0.000000,4291.794922,4287.692383,4308.333496,4292.563965,4289.743652,4282.692383,4299.102539,4363.717773,4357.563965,4285.128418,4496.794922,4507.820313,4411.666504,4447.436035,85.000000,4.000000,85.000000,,,,0.000000,4.000000,4.000000,4.000000,4.000000,4.000000,4.000000,4.000000,4.000000,4.000000,4.000000,4.000000,4.000000,4.000000,4.000000,100.000000,,,,,,,,,,,,,,,,,,,,,,,,,,,,,,,,,,,,,,,,,,,,,,,,,,,,,,,,,,,,,,,,,,,,,,,,,,,,,,,,,,,,,,
1676060259.280309,1676060259.280604,0.000000,0.000000,4271.153809,4262.948730,4287.820313,4272.436035,4275.897461,4276.538574,4281.794922,4343.205078,4340.512695,4267.692383,4469.743652,4475.256348,4387.179688,4413.717773,2535.000000,4.000000,85.000000,,,,0.000000,4.000000,4.000000,4.000000,4.000000,4.000000,4.000000,4.000000,4.000000,4.000000,4.000000,4.000000,4.000000,4.000000,4.000000,100.000000,,,,,,,,,,,,,,,,,,,,,,,,,,,,,,,,,,,,,,,,,,,,,,,,,,,,,,,,,,,,,,,,,,,,,,,,,,,,,,,,,,,,,,
1676060259.288117,1676060259.288512,1.000000,0.000000,4260.128418,4248.461426,4273.333496,4264.615234,4278.717773,4275.512695,4272.307617,4326.282227,4325.384766,4260.256348,4452.179688,4454.487305,4377.563965,4395.641113,2498.000000,4.000000,85.000000,,,,0.000000,4.000000,4.000000,4.000000,4.000000,4.000000,4.000000,4.000000,4.000000,4.000000,4.000000,4.000000,4.000000,4.000000,4.000000,100.000000,,,,,,,,,,,,,,,,,,,,,,,,,,,,,,,,,,,,,,,,,,,,,,,,,,,,,,,,,,,,,,,,,,,,,,,,,,,,,,,,,,,,,,
1676060259.295926,1676060259.296320,2.000000,0.000000,4276.410156,4277.820313,4290.641113,4286.025879,4296.538574,4277.948730,4285.641113,4335.641113,4341.794922,4274.615234,4478.974121,4482.179688,4402.948730,4422.051270,2416.000000,4.000000,85.000000,,,,0.000000,4.000000,4.000000,4.000000,4.000000,4.000000,4.000000,4.000000,4.000000,4.000000,4.000000,4.000000,4.000000,4.000000,4.000000,100.000000,,,,,,,,,,,,,,,,,,,,,,,,,,,,,,,,,,,,,,,,,,,,,,,,,,,,,,,,,,,,,,,,,,,,,,,,,,,,,,,,,,,,,,
1676060259.303734,1676060259.304229,3.000000,0.000000,4285.128418,4290.256348,4302.051270,4293.077148,4298.461426,4280.769043,4290.384766,4339.487305,4353.974121,4283.333496,4493.333496,4496.666504,4416.410156,4437.051270,2494.000000,4.000000,85.000000,,,,0.000000,4.000000,4.000000,4.000000,4.000000,4.000000,4.000000,4.000000,4.000000,4.000000,4.000000,4.000000,4.000000,4.000000,4.000000,100.000000,,,,,,,,,,,,,,,,,,,,,,,,,,,,,,,,,,,,,,,,,,,,,,,,,,,,,,,,,,,,,,,,,,,,,,,,,,,,,,,,,,,,,,
1676060259.311542,1676060259.312037,4.000000,0.000000,4278.077148,4270.384766,4294.743652,4280.641113,4291.282227,4283.333496,4281.282227,4326.153809,4335.769043,4277.436035,4476.794922,4478.589844,4403.974121,4419.615234,2453.000000,4.000000,85.000000,,,,0.000000,4.000000,4.000000,4.000000,4.000000,4.000000,4.000000,4.000000,4.000000,4.000000,4.000000,4.000000,4.000000,4.000000,4.000000,100.000000,,,,,,,,,,,,,,,,,,,,,,,,,,,,,,,,,,,,,,,,,,,,,,,,,,,,,,,,,,,,,,,,,,,,,,,,,,,,,,,,,,,,,,
1676060259.319351,1676060259.319746,5.000000,0.000000,4279.615234,4276.282227,4295.256348,4283.717773,4297.692383,4285.512695,4284.358887,4322.692383,4329.358887,4280.384766,4473.461426,4473.077148,4400.512695,4414.102539,2394.000000,4.000000,85.000000,,,,0.000000,4.000000,4.000000,4.000000,4.000000,4.000000,4.000000,4.000000,4.000000,4.000000,4.000000,4.000000,4.000000,4.000000,4.000000,100.000000,,,,,,,,,,,,,,,,,,,,,,,,,,,,,,,,,,,,,,,,,,,,,,,,,,,,,,,,,,,,,,,,,,,,,,,,,,,,,,,,,,,,,,
1676060259.327159,1676060259.327554,6.000000,0.000000,4275.256348,4280.256348,4291.025879,4284.743652,4295.256348,4281.666504,4286.282227,4318.717773,4333.461426,4275.641113,4465.897461,4467.563965,4391.922852,4411.922852,2241.000000,4.000000,85.000000,,,,0.000000,4.000000,4.000000,4.000000,4.000000,4.000000,4.000000,4.000000,4.000000,4.000000,4.000000,4.000000,4.000000,4.000000,4.000000,100.000000,,,,,,,,,,,,,,,,,,,,,,,,,,,,,,,,,,,,,,,,,,,,,,,,,,,,,,,,,,,,,,,,,,,,,,,,,,,,,,,,,,,,,,
1676060259.334967,1676060259.335263,7.000000,0.000000,4257.563965,4252.179688,4273.974121,4264.358887,4278.077148,4274.743652,4276.282227,4306.282227,4323.077148,4254.871582,4439.230957,4449.358887,4368.717773,4392.948730,2227.000000,4.000000,85.000000,,,,0.000000,4.000000,4.000000,4.000000,4.000000,4.000000,4.000000,4.000000,4.000000,4.000000,4.000000,4.000000,4.000000,4.000000,4.000000,100.000000,,,,,,,,,,,,,,,,,,,,,,,,,,,,,,,,,,,,,,,,,,,,,,,,,,,,,,,,,,,,,,,,,,,,,,,,,,,,,,,,,,,,,,
1676060259.342776,1676060259.343071,8.000000,0.000000,4258.333496,4250.000000,4275.384766,4261.153809,4281.794922,4278.717773,4279.871582,4316.666504,4331.410156,4255.384766,4447.563965,4453.589844,4374.358887,4392.820313,2272.000000,4.000000,85.000000,,,,0.000000,4.000000,4.000000,4.000000,4.000000,4.000000,4.000000,4.000000,4.000000,4.000000,4.000000,4.000000,4.000000,4.000000,4.000000,100.000000,,,,,,,,,,,,,,,,,,,,,,,,,,,,,,,,,,,,,,,,,,,,,,,,,,,,,,,,,,,,,,,,,,,,,,,,,,,,,,,,,,,,,,
1676060259.350584,1676060259.350780,9.000000,0.000000,4265.769043,4267.563965,4282.948730,4270.769043,4292.051270,4280.641113,4285.128418,4333.589844,4354.102539,4272.307617,4468.461426,4459.102539,4390.769043,4405.769043,2239.000000,4.000000,85.000000,,,,0.000000,4.000000,4.000000,4.000000,4.000000,4.000000,4.000000,4.000000,4.000000,4.000000,4.000000,4.000000,4.000000,4.000000,4.000000,100.000000,,,,,,,,,,,,,,,,,,,,,,,,,,,,,,,,,,,,,,,,,,,,,,,,,,,,,,,,,,,,,,,,,,,,,,,,,,,,,,,,,,,,,,
1676060259.358393,1676060259.358588,10.000000,0.000000,4260.384766,4255.000000,4273.846191,4263.333496,4283.077148,4275.641113,4277.307617,4322.307617,4352.179688,4274.487305,4454.358887,4442.436035,4376.922852,4398.205078,2740.000000,4.000000,85.000000,,,,0.000000,4.000000,4.000000,4.000000,4.000000,4.000000,4.000000,4.000000,4.000000,4.000000,4.000000,4.000000,4.000000,4.000000,4.000000,100.000000,,,,,,,,,,,,,,,,,,,,,,,,,,,,,,,,,,,,,,,,,,,,,,,,,,,,,,,,,,,,,,,,,,,,,,,,,,,,,,,,,,,,,,
1676060259.366201,1676060259.366297,11.000000,0.000000,4267.307617,4253.205078,4278.589844,4265.897461,4284.871582,4286.153809,4288.333496,4321.538574,4354.615234,4272.820313,4455.769043,4454.102539,4378.205078,4404.487305,2927.000000,4.000000,85.000000,,,,0.000000,4.000000,4.000000,4.000000,4.000000,4.000000,4.000000,4.000000,4.000000,4.000000,4.000000,4.000000,4.000000,4.000000,4.000000,100.000000,,,,,,,,,,,,,,,,,,,,,,,,,,,,,,,,,,,,,,,,,,,,,,,,,,,,,,,,,,,,,,,,,,,,,,,,,,,,,,,,,,,,,,
1676060259.374009,1676060259.374105,12.000000,0.000000,4283.717773,4277.307617,4298.717773,4285.384766,4300.897461,4299.871582,4307.692383,4340.000000,4372.820313,4279.230957,4483.461426,4485.256348,4406.666504,4432.563965,3124.000000,4.000000,85.000000,,,,0.000000,4.000000,4.000000,4.000000,4.000000,4.000000,4.000000,4.000000,4.000000,4.000000,4.000000,4.000000,4.000000,4.000000,4.000000,100.000000,,,,,,,,,,,,,,,,,,,,,,,,,,,,,,,,,,,,,,,,,,,,,,,,,,,,,,,,,,,,,,,,,,,,,,,,,,,,,,,,,,,,,,
1676060259.381818,1676060259.381814,13.000000,0.000000,4280.769043,4277.563965,4301.538574,4286.922852,4298.717773,4297.692383,4299.230957,4336.153809,4365.384766,4283.974121,4481.666504,4480.897461,4406.538574,4434.487305,3238.000000,4.000000,85.000000,,,,0.000000,4.000000,4.000000,4.000000,4.000000,4.000000,4.000000,4.000000,4.000000,4.000000,4.000000,4.000000,4.000000,4.000000,4.000000,100.000000,,,,,,,,,,,,,,,,,,,,,,,,,,,,,,,,,,,,,,,,,,,,,,,,,,,,,,,,,,,,,,,,,,,,,,,,,,,,,,,,,,,,,,
1676060259.389626,1676060259.389622,14.000000,0.000000,4263.717773,4260.128418,4286.410156,4268.333496,4283.974121,4287.820313,4281.282227,4310.128418,4333.846191,4270.769043,4451.666504,4451.410156,4376.538574,4407.692383,2740.000000,4.000000,85.000000,,,,0.000000,4.000000,4.000000,4.000000,4.000000,4.000000,4.000000,4.000000,4.000000,4.000000,4.000000,4.000000,4.000000,4.000000,4.000000,100.000000,1.000000,75.000000,4.000000,4.000000,3.000000,4.000000,4.000000,4.000000,4.000000,4.000000,4.000000,3.000000,4.000000,3.000000,4.000000,3.000000,1.842425,2.569296,1.794497,1.394774,0.854906,2.793084,0.987391,0.764678,1.252513,0.972439,3.330765,2.514783,1.308701,1.296044,0.890915,2.654698,1.404363,0.990110,1.199127,0.912949,1.263738,1.072548,0.857099,0.544023,0.458685,0.711138,1.175483,0.775532,0.430155,0.397757,0.835834,0.935063,0.884446,0.915893,0.657835,0.637905,1.366628,1.004270,0.924570,0.858481,0.761619,1.586029,1.111064,0.881846,0.916752,0.445281,2.231565,2.275048,1.107479,1.198972,3.194496,3.431618,4.473812,1.929622,1.589102,3.372011,3.218297,2.426324,1.886835,1.517473,1.339241,3.401571,1.683534,1.860440,1.389057,2.386255,4.701320,2.269509,1.699371,1.453698
1676060259.397435,1676060259.397331,15.000000,0.000000,4260.641113,4256.794922,4278.846191,4260.128418,4281.282227,4289.487305,4283.077148,4298.717773,4322.820313,4252.692383,4441.410156,4441.794922,4368.205078,4395.384766,2927.000000,4.000000,85.000000,,,,0.000000,4.000000,4.000000,4.000000,4.000000,4.000000,4.000000,4.000000,4.000000,4.000000,4.000000,4.000000,4.000000,4.000000,4.000000,100.000000,,,,,,,,,,,,,,,,,,,,,,,,,,,,,,,,,,,,,,,,,,,,,,,,,,,,,,,,,,,,,,,,,,,,,,,,,,,,,,,,,,,,,,
1676060259.405243,1676060259.405239,16.000000,0.000000,4265.897461,4255.256348,4281.666504,4263.846191,4283.205078,4295.256348,4283.974121,4296.794922,4327.820313,4250.641113,4444.615234,4447.948730,4375.128418,4400.000000,0.000000,4.000000,85.000000,,,,0.000000,4.000000,4.000000,4.000000,4.000000,4.000000,4.000000,4.000000,4.000000,4.000000,4.000000,4.000000,4.000000,4.000000,4.000000,100.000000,,,,,,,,,,,,,,,,,,,,,,,,,,,,,,,,,,,,,,,,,,,,,,,,,,,,,,,,,,,,,,,,,,,,,,,,,,,,,,,,,,,,,,
1676060259.413051,1676060259.413048,17.000000,0.000000,4256.153809,4244.102539,4277.820313,4259.102539,4277.692383,4286.922852,4268.717773,4284.102539,4320.641113,4252.948730,4433.846191,4439.743652,4365.256348,4394.358887,0.000000,4.000000,85.000000,,,,0.000000,4.000000,4.000000,4.000000,4.000000,4.000000,4.000000,4.000000,4.000000,4.000000,4.000000,4.000000,4.000000,4.000000,4.000000,100.000000,,,,,,,,,,,,,,,,,,,,,,,,,,,,,,,,,,,,,,,,,,,,,,,,,,,,,,,,,,,,,,,,,,,,,,,,,,,,,,,,,,,,,,
1676060259.420860,1676060259.420956,18.000000,0.000000,4257.051270,4250.512695,4283.205078,4263.077148,4282.436035,4287.692383,4270.769043,4290.256348,4329.615234,4264.358887,4441.666504,4443.205078,4368.333496,4397.436035,0.000000,4.000000,85.000000,,,,0.000000,4.000000,4.000000,4.000000,4.000000,4.000000,4.000000,4.000000,4.000000,4.000000,4.000000,4.000000,4.000000,4.000000,4.000000,100.000000,,,,,,,,,,,,,,,,,,,,,,,,,,,,,,,,,,,,,,,,,,,,,,,,,,,,,,,,,,,,,,,,,,,,,,,,,,,,,,,,,,,,,,
1676060259.428668,1676060259.428764,19.000000,0.000000,4281.153809,4276.538574,4301.538574,4282.051270,4298.846191,4307.820313,4292.051270,4320.000000,4361.282227,4290.769043,4472.692383,4470.256348,4396.153809,4421.282227,0.000000,4.000000,85.000000,,,,0.000000,4.000000,4.000000,4.000000,4.000000,4.000000,4.000000,4.000000,4.000000,4.000000,4.000000,4.000000,4.000000,4.000000,4.000000,100.000000,,,,,,,,,,,,,,,,,,,,,,,,,,,,,,,,,,,,,,,,,,,,,,,,,,,,,,,,,,,,,,,,,,,,,,,,,,,,,,,,,,,,,,
1676060259.436477,1676060259.436673,20.000000,0.000000,4286.922852,4279.743652,4302.692383,4284.871582,4306.153809,4315.128418,4298.589844,4332.436035,4371.025879,4294.487305,4481.794922,4480.769043,4406.410156,4432.948730,0.000000,4.000000,85.000000,,,,0.000000,4.000000,4.000000,4.000000,4.000000,4.000000,4.000000,4.000000,4.000000,4.000000,4.000000,4.000000,4.000000,4.000000,4.000000,100.000000,,,,,,,,,,,,,,,,,,,,,,,,,,,,,,,,,,,,,,,,,,,,,,,,,,,,,,,,,,,,,,,,,,,,,,,,,,,,,,,,,,,,,,
1676060259.444285,1676060259.444481,21.000000,0.000000,4280.000000,4272.563965,4295.128418,4280.384766,4306.282227,4311.794922,4294.743652,4329.615234,4366.794922,4280.769043,4477.051270,4476.922852,4399.743652,4431.025879,0.000000,4.000000,85.000000,,,,0.000000,4.000000,4.000000,4.000000,4.000000,4.000000,4.000000,4.000000,4.000000,4.000000,4.000000,4.000000,4.000000,4.000000,4.000000,100.000000,,,,,,,,,,,,,,,,,,,,,,,,,,,,,,,,,,,,,,,,,,,,,,,,,,,,,,,,,,,,,,,,,,,,,,,,,,,,,,,,,,,,,,
1676060259.452093,1676060259.452390,22.000000,0.000000,4280.512695,4277.563965,4298.846191,4284.358887,4305.000000,4318.461426,4291.922852,4329.102539,4366.666504,4282.179688,4474.615234,4473.461426,4393.846191,4428.717773,0.000000,4.000000,85.000000,,,,0.000000,4.000000,4.000000,4.000000,4.000000,4.000000,4.000000,4.000000,4.000000,4.000000,4.000000,4.000000,4.000000,4.000000,4.000000,100.000000,,,,,,,,,,,,,,,,,,,,,,,,,,,,,,,,,,,,,,,,,,,,,,,,,,,,,,,,,,,,,,,,,,,,,,,,,,,,,,,,,,,,,,
1676060259.459902,1676060259.460198,23.000000,0.000000,4256.922852,4261.282227,4280.512695,4264.871582,4288.846191,4313.077148,4276.025879,4310.256348,4345.256348,4272.307617,4443.974121,4446.025879,4367.948730,4400.897461,0.000000,4.000000,85.000000,,,,0.000000,4.000000,4.000000,4.000000,4.000000,4.000000,4.000000,4.000000,4.000000,4.000000,4.000000,4.000000,4.000000,4.000000,4.000000,100.000000,,,,,,,,,,,,,,,,,,,,,,,,,,,,,,,,,,,,,,,,,,,,,,,,,,,,,,,,,,,,,,,,,,,,,,,,,,,,,,,,,,,,,,
1676060259.467710,1676060259.468106,24.000000,0.000000,4249.615234,4250.769043,4271.666504,4258.333496,4286.538574,4308.717773,4281.794922,4303.717773,4339.230957,4265.897461,4433.589844,4441.410156,4366.794922,4396.025879,0.000000,4.000000,85.000000,,,,0.000000,4.000000,4.000000,4.000000,4.000000,4.000000,4.000000,4.000000,4.000000,4.000000,4.000000,4.000000,4.000000,4.000000,4.000000,100.000000,,,,,,,,,,,,,,,,,,,,,,,,,,,,,,,,,,,,,,,,,,,,,,,,,,,,,,,,,,,,,,,,,,,,,,,,,,,,,,,,,,,,,,
1676060259.475518,1676060259.475915,25.000000,0.000000,4291.794922,4280.641113,4303.589844,4289.615234,4306.794922,4322.948730,4312.179688,4329.743652,4369.487305,4289.230957,4472.563965,4478.974121,4402.692383,4438.205078,0.000000,4.000000,85.000000,,,,0.000000,4.000000,4.000000,4.000000,4.000000,4.000000,4.000000,4.000000,4.000000,4.000000,4.000000,4.000000,4.000000,4.000000,4.000000,100.000000,,,,,,,,,,,,,,,,,,,,,,,,,,,,,,,,,,,,,,,,,,,,,,,,,,,,,,,,,,,,,,,,,,,,,,,,,,,,,,,,,,,,,,
1676060259.483327,1676060259.483823,26.000000,0.000000,4299.871582,4289.743652,4307.948730,4293.589844,4305.256348,4321.922852,4305.256348,4321.153809,4361.282227,4284.102539,4477.948730,4473.717773,4397.051270,4439.615234,0.000000,4.000000,85.000000,,,,0.000000,4.000000,4.000000,4.000000,4.000000,4.000000,4.000000,4.000000,4.000000,4.000000,4.000000,4.000000,4.000000,4.000000,4.000000,100.000000,,,,,,,,,,,,,,,,,,,,,,,,,,,,,,,,,,,,,,,,,,,,,,,,,,,,,,,,,,,,,,,,,,,,,,,,,,,,,,,,,,,,,,
1676060259.491135,1676060259.491632,27.000000,0.000000,4286.666504,4281.922852,4295.512695,4285.512695,4300.641113,4322.179688,4291.538574,4299.230957,4336.153809,4265.384766,4468.974121,4452.307617,4382.436035,4422.051270,0.000000,4.000000,85.000000,,,,0.000000,4.000000,4.000000,4.000000,4.000000,4.000000,4.000000,4.000000,4.000000,4.000000,4.000000,4.000000,4.000000,4.000000,4.000000,100.000000,,,,,,,,,,,,,,,,,,,,,,,,,,,,,,,,,,,,,,,,,,,,,,,,,,,,,,,,,,,,,,,,,,,,,,,,,,,,,,,,,,,,,,
1676060259.498944,1676060259.499540,28.000000,0.000000,4298.589844,4288.717773,4308.974121,4293.717773,4311.922852,4331.794922,4303.077148,4313.333496,4349.230957,4278.974121,4498.461426,4472.948730,4398.461426,4440.128418,0.000000,4.000000,85.000000,,,,0.000000,4.000000,4.000000,4.000000,4.000000,4.000000,4.000000,4.000000,4.000000,4.000000,4.000000,4.000000,4.000000,4.000000,4.000000,100.000000,,,,,,,,,,,,,,,,,,,,,,,,,,,,,,,,,,,,,,,,,,,,,,,,,,,,,,,,,,,,,,,,,,,,,,,,,,,,,,,,,,,,,,
1676060259.506752,1676060259.507348,29.000000,0.000000,4284.358887,4269.615234,4301.410156,4273.846191,4301.282227,4320.128418,4293.717773,4321.410156,4346.666504,4279.487305,4508.974121,4472.051270,4386.794922,4434.871582,0.000000,4.000000,85.000000,,,,0.000000,4.000000,4.000000,4.000000,4.000000,4.000000,4.000000,4.000000,4.000000,4.000000,4.000000,4.000000,4.000000,4.000000,4.000000,100.000000,,,,,,,,,,,,,,,,,,,,,,,,,,,,,,,,,,,,,,,,,,,,,,,,,,,,,,,,,,,,,,,,,,,,,,,,,,,,,,,,,,,,,,
1676060259.514560,1676060259.515057,30.000000,0.000000,4266.410156,4256.153809,4282.563965,4257.436035,4289.230957,4315.384766,4279.487305,4317.307617,4325.641113,4258.205078,4499.102539,4450.769043,4362.436035,4411.025879,0.000000,4.000000,85.000000,,,,0.000000,4.000000,4.000000,4.000000,4.000000,4.000000,4.000000,4.000000,4.000000,4.000000,4.000000,4.000000,4.000000,4.000000,4.000000,100.000000,,,,,,,,,,,,,,,,,1.756181,2.697593,1.887275,1.210641,0.906529,2.676978,0.842118,0.813223,1.088735,0.999692,2.750741,2.978008,1.301888,1.055793,0.846291,2.684128,1.526414,0.940071,1.021791,0.935871,1.106896,0.868569,0.728412,0.509580,0.445127,0.576809,0.836398,0.704821,0.365882,0.363619,0.679081,0.971510,0.727585,0.716179,0.601112,0.822955,1.251305,0.821559,0.743913,0.834568,0.529907,1.275898,0.947865,0.749625,0.881358,0.345063,1.925923,2.134308,0.932536,1.098939,3.034371,3.240772,4.266505,1.586788,1.623621,3.200657,3.414673,2.314861,1.635714,1.574512,1.148338,3.269677,1.679710,1.592604,1.456947,2.213788,4.884416,2.227548,1.491848,1.543216
1676060259.522369,1676060259.522865,31.000000,0.000000,4286.410156,4288.077148,4299.358887,4279.615234,4303.717773,4329.615234,4293.333496,4331.922852,4337.948730,4259.487305,4525.128418,4466.538574,4375.128418,4421.025879,0.000000,4.000000,85.000000,,,,0.000000,4.000000,4.000000,4.000000,4.000000,4.000000,4.000000,4.000000,4.000000,4.000000,4.000000,4.000000,4.000000,4.000000,4.000000,100.000000,,,,,,,,,,,,,,,,,,,,,,,,,,,,,,,,,,,,,,,,,,,,,,,,,,,,,,,,,,,,,,,,,,,,,,,,,,,,,,,,,,,,,,
1676060259.530177,1676060259.530574,32.000000,0.000000,4291.153809,4299.871582,4312.563965,4287.307617,4308.333496,4322.563965,4299.230957,4340.000000,4356.410156,4270.512695,4561.666504,4482.436035,4389.102539,4432.563965,0.000000,4.000000,85.000000,,,,0.000000,4.000000,4.000000,4.000000,4.000000,4.000000,4.000000,4.000000,4.000000,4.000000,4.000000,4.000000,4.000000,4.000000,4.000000,100.000000,,,,,,,,,,,,,,,,,,,,,,,,,,,,,,,,,,,,,,,,,,,,,,,,,,,,,,,,,,,,,,,,,,,,,,,,,,,,,,,,,,,,,,
1676060259.537985,1676060259.538482,33.000000,0.000000,4280.897461,4286.666504,4305.384766,4281.794922,4301.538574,4309.871582,4291.153809,4334.358887,4355.000000,4277.436035,4580.769043,4475.641113,4387.307617,4436.794922,0.000000,4.000000,85.000000,,,,0.000000,4.000000,4.000000,4.000000,4.000000,4.000000,4.000000,4.000000,4.000000,4.000000,4.000000,4.000000,4.000000,4.000000,4.000000,100.000000,,,,,,,,,,,,,,,,,,,,,,,,,,,,,,,,,,,,,,,,,,,,,,,,,,,,,,,,,,,,,,,,,,,,,,,,,,,,,,,,,,,,,,
1676060259.545794,1676060259.546291,34.000000,0.000000,4291.025879,4296.410156,4307.179688,4291.410156,4306.025879,4314.358887,4294.615234,4334.743652,4351.282227,4282.820313,4587.307617,4472.436035,4382.436035,4441.794922,0.000000,4.000000,85.000000,,,,0.000000,4.000000,4.000000,4.000000,4.000000,4.000000,4.000000,4.000000,4.000000,4.000000,4.000000,4.000000,4.000000,4.000000,4.000000,100.000000,,,,,,,,,,,,,,,,,,,,,,,,,,,,,,,,,,,,,,,,,,,,,,,,,,,,,,,,,,,,,,,,,,,,,,,,,,,,,,,,,,,,,,
1676060259.553602,1676060259.554199,35.000000,0.000000,4300.000000,4313.205078,4315.256348,4300.128418,4313.077148,4318.974121,4303.974121,4335.000000,4349.871582,4278.717773,4575.128418,4473.333496,4366.666504,4428.717773,0.000000,4.000000,85.000000,,,,0.000000,4.000000,4.000000,4.000000,4.000000,4.000000,4.000000,4.000000,4.000000,4.000000,4.000000,4.000000,4.000000,4.000000,4.000000,100.000000,,,,,,,,,,,,,,,,,,,,,,,,,,,,,,,,,,,,,,,,,,,,,,,,,,,,,,,,,,,,,,,,,,,,,,,,,,,,,,,,,,,,,,
1676060259.561411,1676060259.562007,36.000000,0.000000,4304.230957,4319.487305,4329.230957,4312.948730,4320.769043,4325.897461,4318.846191,4342.307617,4357.051270,4282.563965,4569.230957,4486.282227,4365.897461,4430.000000,0.000000,4.000000,85.000000,,,,0.000000,4.000000,4.000000,4.000000,4.000000,4.000000,4.000000,4.000000,4.000000,4.000000,4.000000,4.000000,4.000000,4.000000,4.000000,100.000000,,,,,,,,,,,,,,,,,,,,,,,,,,,,,,,,,,,,,,,,,,,,,,,,,,,,,,,,,,,,,,,,,,,,,,,,,,,,,,,,,,,,,,
1676060259.569219,1676060259.569816,37.000000,0.000000,4303.974121,4315.897461,4331.922852,4321.282227,4323.077148,4326.153809,4322.948730,4343.589844,4360.897461,4286.282227,4578.205078,4495.128418,4383.974121,4449.615234,0.000000,4.000000,85.000000,,,,0.000000,4.000000,4.000000,4.000000,4.000000,4.000000,4.000000,4.000000,4.000000,4.000000,4.000000,4.000000,4.000000,4.000000,4.000000,100.000000,,,,,,,,,,,,,,,,,,,,,,,,,,,,,,,,,,,,,,,,,,,,,,,,,,,,,,,,,,,,,,,,,,,,,,,,,,,,,,,,,,,,,,
1676060259.577027,1676060259.577524,38.000000,0.000000,4292.948730,4310.384766,4313.205078,4310.256348,4309.871582,4307.179688,4302.307617,4320.512695,4340.769043,4265.897461,4563.717773,4478.333496,4384.743652,4444.358887,0.000000,4.000000,85.000000,,,,0.000000,4.000000,4.000000,4.000000,4.000000,4.000000,4.000000,4.000000,4.000000,4.000000,4.000000,4.000000,4.000000,4.000000,4.000000,100.000000,,,,,,,,,,,,,,,,,,,,,,,,,,,,,,,,,,,,,,,,,,,,,,,,,,,,,,,,,,,,,,,,,,,,,,,,,,,,,,,,,,,,,,
1676060259.584836,1676060259.585333,39.000000,0.000000,4292.051270,4313.205078,4302.307617,4310.897461,4301.922852,4301.538574,4291.282227,4303.077148,4327.692383,4253.077148,4528.846191,4467.820313,4365.000000,4427.563965,0.000000,4.000000,85.000000,,,,0.000000,4.000000,4.000000,4.000000,4.000000,4.000000,4.000000,4.000000,4.000000,4.000000,4.000000,4.000000,4.000000,4.000000,4.000000,100.000000,,,,,,,,,,,,,,,,,,,,,,,,,,,,,,,,,,,,,,,,,,,,,,,,,,,,,,,,,,,,,,,,,,,,,,,,,,,,,,,,,,,,,,
1676060259.592644,1676060259.593041,40.000000,0.000000,4290.000000,4306.025879,4300.256348,4319.487305,4302.820313,4313.077148,4294.487305,4302.436035,4331.922852,4262.563965,4506.922852,4475.641113,4341.666504,4417.820313,0.000000,4.000000,85.000000,,,,0.000000,4.000000,4.000000,4.000000,4.000000,4.000000,4.000000,4.000000,4.000000,4.000000,4.000000,4.000000,4.000000,4.000000,4.000000,100.000000,,,,,,,,,,,,,,,,,,,,,,,,,,,,,,,,,,,,,,,,,,,,,,,,,,,,,,,,,,,,,,,,,,,,,,,,,,,,,,,,,,,,,,
1676060259.600453,1676060259.600850,41.000000,0.000000,4284.615234,4298.461426,4298.077148,4320.512695,4301.025879,4305.384766,4289.230957,4305.000000,4330.000000,4266.025879,4506.153809,4482.820313,4341.282227,4417.563965,0.000000,4.000000,85.000000,,,,0.000000,4.000000,4.000000,4.000000,4.000000,4.000000,4.000000,4.000000,4.000000,4.000000,4.000000,4.000000,4.000000,4.000000,4.000000,100.000000,,,,,,,,,,,,,,,,,,,,,,,,,,,,,,,,,,,,,,,,,,,,,,,,,,,,,,,,,,,,,,,,,,,,,,,,,,,,,,,,,,,,,,
1676060259.608261,1676060259.608558,42.000000,0.000000,4300.256348,4316.538574,4307.692383,4334.102539,4304.102539,4289.871582,4288.077148,4313.333496,4335.769043,4265.512695,4517.948730,4498.717773,4366.153809,4439.487305,0.000000,4.000000,85.000000,,,,0.000000,4.000000,4.000000,4.000000,4.000000,4.000000,4.000000,4.000000,4.000000,4.000000,4.000000,4.000000,4.000000,4.000000,4.000000,100.000000,,,,,,,,,,,,,,,,,,,,,,,,,,,,,,,,,,,,,,,,,,,,,,,,,,,,,,,,,,,,,,,,,,,,,,,,,,,,,,,,,,,,,,
1676060259.616069,1676060259.616467,43.000000,0.000000,4325.512695,4339.615234,4326.153809,4356.666504,4313.461426,4297.820313,4306.922852,4330.128418,4360.256348,4280.128418,4534.743652,4528.333496,4388.205078,4465.512695,0.000000,4.000000,85.000000,,,,0.000000,4.000000,4.000000,4.000000,4.000000,4.000000,4.000000,4.000000,4.000000,4.000000,4.000000,4.000000,4.000000,4.000000,4.000000,100.000000,,,,,,,,,,,,,,,,,,,,,,,,,,,,,,,,,,,,,,,,,,,,,,,,,,,,,,,,,,,,,,,,,,,,,,,,,,,,,,,,,,,,,,
1676060259.623878,1676060259.624275,44.000000,0.000000,4326.410156,4340.769043,4330.769043,4361.666504,4316.025879,4306.922852,4316.410156,4341.922852,4367.820313,4284.230957,4534.102539,4536.410156,4381.922852,4462.307617,0.000000,4.000000,85.000000,,,,0.000000,4.000000,4.000000,4.000000,4.000000,4.000000,4.000000,4.000000,4.000000,4.000000,4.000000,4.000000,4.000000,4.000000,4.000000,100.000000,,,,,,,,,,,,,,,,,,,,,,,,,,,,,,,,,,,,,,,,,,,,,,,,,,,,,,,,,,,,,,,,,,,,,,,,,,,,,,,,,,,,,,
1676060259.631686,1676060259.632184,45.000000,0.000000,4303.077148,4321.025879,4315.128418,4342.948730,4303.333496,4292.436035,4300.128418,4340.641113,4349.487305,4268.205078,4506.666504,4513.205078,4351.794922,4437.563965,0.000000,4.000000,85.000000,,,,0.000000,4.000000,4.000000,4.000000,4.000000,4.000000,4.000000,4.000000,4.000000,4.000000,4.000000,4.000000,4.000000,4.000000,4.000000,100.000000,,,,,,,,,,,,,,,,,,,,,,,,,,,,,,,,,,,,,,,,,,,,,,,,,,,,,,,,,,,,,,,,,,,,,,,,,,,,,,,,,,,,,,
1676060259.639495,1676060259.639992,46.000000,0.000000,4289.743652,4306.410156,4303.974121,4327.820313,4293.974121,4283.461426,4288.333496,4332.948730,4335.897461,4256.410156,4491.666504,4500.512695,4338.077148,4425.769043,0.000000,4.000000,85.000000,,,,0.000000,4.000000,4.000000,4.000000,4.000000,4.000000,4.000000,4.000000,4.000000,4.000000,4.000000,4.000000,4.000000,4.000000,4.000000,100.000000,,,,,,,,,,,,,,,,,1.566538,2.616415,1.857349,1.075852,0.978078,2.343512,0.711988,0.889430,0.968241,1.071676,2.041201,3.176174,1.290116,0.879610,0.852542,2.687650,1.525571,0.878808,0.880481,1.011071,0.945530,0.680211,0.579323,0.486640,0.450632,0.468844,0.545801,0.613619,0.299959,0.349243,0.526793,0.971247,0.561442,0.554437,0.573196,1.512208,1.264578,0.696001,0.620753,0.844558,0.330001,1.079789,0.794910,0.651840,0.875215,0.266014,1.607493,1.910545,0.868629,1.032271,2.584391,2.861087,3.785415,1.382748,1.710933,2.737730,3.370027,2.134690,1.474961,1.691852,0.903690,2.882743,1.632522,1.410812,1.573318,1.810763,4.649317,2.065308,1.361397,1.694160
1676060259.647303,1676060259.647900,47.000000,0.000000,4305.897461,4318.077148,4317.307617,4340.769043,4305.128418,4295.512695,4295.256348,4337.307617,4343.717773,4266.666504,4505.641113,4516.794922,4358.974121,4441.153809,0.000000,4.000000,85.000000,,,,0.000000,4.000000,4.000000,4.000000,4.000000,4.000000,4.000000,4.000000,4.000000,4.000000,4.000000,4.000000,4.000000,4.000000,4.000000,100.000000,,,,,,,,,,,,,,,,,,,,,,,,,,,,,,,,,,,,,,,,,,,,,,,,,,,,,,,,,,,,,,,,,,,,,,,,,,,,,,,,,,,,,,
1676060259.655111,1676060259.655709,48.000000,0.000000,4320.769043,4332.563965,4330.000000,4354.743652,4313.461426,4299.743652,4298.974121,4345.256348,4356.666504,4285.128418,4512.436035,4528.717773,4372.563965,4454.871582,0.000000,4.000000,85.000000,,,,0.000000,4.000000,4.000000,4.000000,4.000000,4.000000,4.000000,4.000000,4.000000,4.000000,4.000000,4.000000,4.000000,4.000000,4.000000,100.000000,,,,,,,,,,,,,,,,,,,,,,,,,,,,,,,,,,,,,,,,,,,,,,,,,,,,,,,,,,,,,,,,,,,,,,,,,,,,,,,,,,,,,,
1676060259.662920,1676060259.663617,49.000000,0.000000,4316.153809,4326.410156,4324.743652,4349.358887,4310.769043,4294.358887,4295.000000,4335.512695,4358.077148,4289.102539,4505.000000,4524.487305,4363.589844,4451.922852,0.000000,4.000000,85.000000,,,,0.000000,4.000000,4.000000,4.000000,4.000000,4.000000,4.000000,4.000000,4.000000,4.000000,4.000000,4.000000,4.000000,4.000000,4.000000,100.000000,,,,,,,,,,,,,,,,,,,,,,,,,,,,,,,,,,,,,,,,,,,,,,,,,,,,,,,,,,,,,,,,,,,,,,,,,,,,,,,,,,,,,,
1676060259.670728,1676060259.671526,50.000000,0.000000,4305.897461,4313.974121,4317.307617,4336.538574,4309.487305,4291.410156,4295.641113,4325.256348,4350.128418,4278.205078,4503.077148,4516.794922,4365.128418,4445.128418,0.000000,4.000000,85.000000,,,,0.000000,4.000000,4.000000,4.000000,4.000000,4.000000,4.000000,4.000000,4.000000,4.000000,4.000000,4.000000,4.000000,4.000000,4.000000,100.000000,,,,,,,,,,,,,,,,,,,,,,,,,,,,,,,,,,,,,,,,,,,,,,,,,,,,,,,,,,,,,,,,,,,,,,,,,,,,,,,,,,,,,,
1676060259.678536,1676060259.679334,51.000000,0.000000,4296.922852,4303.846191,4304.743652,4322.820313,4305.256348,4286.282227,4289.615234,4320.256348,4336.410156,4262.179688,4497.307617,4502.179688,4371.282227,4436.922852,0.000000,4.000000,85.000000,,,,0.000000,4.000000,4.000000,4.000000,4.000000,4.000000,4.000000,4.000000,4.000000,4.000000,4.000000,4.000000,4.000000,4.000000,4.000000,100.000000,,,,,,,,,,,,,,,,,,,,,,,,,,,,,,,,,,,,,,,,,,,,,,,,,,,,,,,,,,,,,,,,,,,,,,,,,,,,,,,,,,,,,,
1676060259.686345,1676060259.687142,52.000000,0.000000,4292.179688,4293.589844,4291.922852,4316.538574,4300.128418,4280.512695,4280.769043,4304.871582,4325.512695,4258.077148,4485.128418,4486.666504,4365.512695,4430.769043,0.000000,4.000000,85.000000,,,,0.000000,4.000000,4.000000,4.000000,4.000000,4.000000,4.000000,4.000000,4.000000,4.000000,4.000000,4.000000,4.000000,4.000000,4.000000,100.000000,,,,,,,,,,,,,,,,,,,,,,,,,,,,,,,,,,,,,,,,,,,,,,,,,,,,,,,,,,,,,,,,,,,,,,,,,,,,,,,,,,,,,,
1676060259.694153,1676060259.694851,53.000000,0.000000,4292.948730,4292.820313,4294.615234,4324.615234,4305.769043,4280.897461,4284.743652,4298.461426,4327.563965,4267.307617,4482.436035,4488.077148,4360.769043,4433.717773,0.000000,4.000000,85.000000,,,,0.000000,4.000000,4.000000,4.000000,4.000000,4.000000,4.000000,4.000000,4.000000,4.000000,4.000000,4.000000,4.000000,4.000000,4.000000,100.000000,,,,,,,,,,,,,,,,,,,,,,,,,,,,,,,,,,,,,,,,,,,,,,,,,,,,,,,,,,,,,,,,,,,,,,,,,,,,,,,,,,,,,,
1676060259.701962,1676060259.702659,54.000000,0.000000,4299.230957,4303.974121,4305.384766,4334.230957,4312.179688,4286.538574,4296.410156,4319.487305,4342.692383,4272.692383,4490.769043,4504.743652,4362.820313,4441.025879,0.000000,4.000000,85.000000,,,,0.000000,4.000000,4.000000,4.000000,4.000000,4.000000,4.000000,4.000000,4.000000,4.000000,4.000000,4.000000,4.000000,4.000000,4.000000,100.000000,,,,,,,,,,,,,,,,,,,,,,,,,,,,,,,,,,,,,,,,,,,,,,,,,,,,,,,,,,,,,,,,,,,,,,,,,,,,,,,,,,,,,,
1676060259.709770,1676060259.710368,55.000000,0.000000,4312.563965,4319.487305,4313.717773,4338.846191,4315.512695,4293.974121,4303.974121,4334.487305,4355.000000,4276.538574,4504.615234,4521.153809,4375.000000,4452.051270,0.000000,4.000000,85.000000,,,,0.000000,4.000000,4.000000,4.000000,4.000000,4.000000,4.000000,4.000000,4.000000,4.000000,4.000000,4.000000,4.000000,4.000000,4.000000,100.000000,,,,,,,,,,,,,,,,,,,,,,,,,,,,,,,,,,,,,,,,,,,,,,,,,,,,,,,,,,,,,,,,,,,,,,,,,,,,,,,,,,,,,,
1676060259.717578,1676060259.718176,56.000000,0.000000,4328.974121,4330.897461,4324.871582,4345.384766,4319.358887,4296.794922,4302.436035,4328.974121,4355.512695,4287.436035,4511.282227,4530.000000,4392.436035,4467.948730,0.000000,4.000000,85.000000,,,,0.000000,4.000000,4.000000,4.000000,4.000000,4.000000,4.000000,4.000000,4.000000,4.000000,4.000000,4.000000,4.000000,4.000000,4.000000,100.000000,,,,,,,,,,,,,,,,,,,,,,,,,,,,,,,,,,,,,,,,,,,,,,,,,,,,,,,,,,,,,,,,,,,,,,,,,,,,,,,,,,,,,,
1676060259.725387,1676060259.725885,57.000000,0.000000,4336.025879,4333.077148,4338.333496,4352.563965,4321.922852,4292.436035,4298.205078,4331.538574,4354.615234,4298.461426,4507.436035,4536.153809,4388.333496,4472.948730,0.000000,4.000000,85.000000,,,,0.000000,4.000000,4.000000,4.000000,4.000000,4.000000,4.000000,4.000000,4.000000,4.000000,4.000000,4.000000,4.000000,4.000000,4.000000,100.000000,,,,,,,,,,,,,,,,,,,,,,,,,,,,,,,,,,,,,,,,,,,,,,,,,,,,,,,,,,,,,,,,,,,,,,,,,,,,,,,,,,,,,,
1676060259.733195,1676060259.733693,58.000000,0.000000,4330.000000,4331.922852,4344.358887,4357.307617,4323.589844,4288.589844,4300.641113,4339.743652,4363.461426,4303.205078,4512.179688,4544.487305,4377.692383,4470.256348,0.000000,4.000000,85.000000,,,,0.000000,4.000000,4.000000,4.000000,4.000000,4.000000,4.000000,4.000000,4.000000,4.000000,4.000000,4.000000,4.000000,4.000000,4.000000,100.000000,,,,,,,,,,,,,,,,,,,,,,,,,,,,,,,,,,,,,,,,,,,,,,,,,,,,,,,,,,,,,,,,,,,,,,,,,,,,,,,,,,,,,,
1676060259.741003,1676060259.741402,59.000000,0.000000,4312.179688,4317.948730,4326.666504,4340.384766,4314.230957,4279.230957,4294.743652,4319.743652,4352.436035,4290.256348,4510.512695,4521.794922,4371.538574,4454.615234,0.000000,4.000000,85.000000,,,,0.000000,4.000000,4.000000,4.000000,4.000000,4.000000,4.000000,4.000000,4.000000,4.000000,4.000000,4.000000,4.000000,4.000000,4.000000,100.000000,,,,,,,,,,,,,,,,,,,,,,,,,,,,,,,,,,,,,,,,,,,,,,,,,,,,,,,,,,,,,,,,,,,,,,,,,,,,,,,,,,,,,,
1676060259.748812,1676060259.749210,60.000000,0.000000,4305.256348,4305.641113,4309.358887,4320.641113,4304.358887,4275.512695,4286.794922,4297.692383,4325.000000,4266.538574,4497.948730,4488.333496,4360.000000,4435.769043,0.000000,4.000000,85.000000,,,,0.000000,4.000000,4.000000,4.000000,4.000000,4.000000,4.000000,4.000000,4.000000,4.000000,4.000000,4.000000,4.000000,4.000000,4.000000,100.000000,,,,,,,,,,,,,,,,,,,,,,,,,,,,,,,,,,,,,,,,,,,,,,,,,,,,,,,,,,,,,,,,,,,,,,,,,,,,,,,,,,,,,,
1676060259.756620,1676060259.756919,61.000000,0.000000,4321.153809,4318.461426,4323.461426,4339.358887,4316.666504,4292.948730,4301.410156,4315.769043,4337.307617,4274.487305,4513.077148,4504.487305,4366.025879,4450.256348,0.000000,4.000000,85.000000,,,,0.000000,4.000000,4.000000,4.000000,4.000000,4.000000,4.000000,4.000000,4.000000,4.000000,4.000000,4.000000,4.000000,4.000000,4.000000,100.000000,,,,,,,,,,,,,,,,,,,,,,,,,,,,,,,,,,,,,,,,,,,,,,,,,,,,,,,,,,,,,,,,,,,,,,,,,,,,,,,,,,,,,,
1676060259.764429,1676060259.764727,62.000000,0.000000,4309.487305,4314.487305,4320.384766,4340.769043,4315.897461,4289.615234,4299.487305,4321.025879,4348.333496,4287.307617,4515.384766,4509.487305,4366.282227,4447.692383,0.000000,4.000000,85.000000,,,,0.000000,4.000000,4.000000,4.000000,4.000000,4.000000,4.000000,4.000000,4.000000,4.000000,4.000000,4.000000,4.000000,4.000000,4.000000,100.000000,,,,,,,,,,,,,,,,,1.341373,2.303218,1.720665,1.038868,1.037464,1.866713,0.621668,0.998750,0.933834,1.158950,1.412964,3.025892,1.294641,0.815776,0.886382,2.671052,1.396861,0.848261,0.817081,1.095856,0.775481,0.552007,0.474996,0.480735,0.468380,0.368306,0.356996,0.534081,0.250894,0.353020,0.409326,0.949317,0.432970,0.468839,0.567632,2.704236,1.494302,0.693207,0.581199,0.867447,0.192881,1.113680,0.721671,0.632444,0.884642,0.230972,1.326650,1.646532,0.953946,0.991727,2.210121,2.397653,3.171900,1.361275,1.797357,2.131337,3.026949,1.974343,1.441244,1.815616,0.685749,2.305548,1.573889,1.362163,1.683383,1.312042,4.008630,1.833662,1.346194,1.838610
1676060259.772237,1676060259.772436,63.000000,0.000000,4282.820313,4290.000000,4296.538574,4309.358887,4295.000000,4263.205078,4279.615234,4301.538574,4327.051270,4267.563965,4492.820313,4479.871582,4350.641113,4415.769043,0.000000,4.000000,85.000000,,,,0.000000,4.000000,4.000000,4.000000,4.000000,4.000000,4.000000,4.000000,4.000000,4.000000,4.000000,4.000000,4.000000,4.000000,4.000000,100.000000,,,,,,,,,,,,,,,,,,,,,,,,,,,,,,,,,,,,,,,,,,,,,,,,,,,,,,,,,,,,,,,,,,,,,,,,,,,,,,,,,,,,,,
1676060259.780045,1676060259.780244,64.000000,0.000000,4295.128418,4295.384766,4308.461426,4314.487305,4298.974121,4265.769043,4292.563965,4314.743652,4334.102539,4262.436035,4513.077148,4493.717773,4367.051270,4429.230957,2505.000000,4.000000,85.000000,,,,0.000000,4.000000,4.000000,4.000000,4.000000,4.000000,4.000000,4.000000,4.000000,4.000000,4.000000,4.000000,4.000000,4.000000,4.000000,100.000000,,,,,,,,,,,,,,,,,,,,,,,,,,,,,,,,,,,,,,,,,,,,,,,,,,,,,,,,,,,,,,,,,,,,,,,,,,,,,,,,,,,,,,
1676060259.787854,1676060259.787953,65.000000,0.000000,4318.205078,4313.589844,4333.974121,4338.461426,4316.666504,4286.922852,4311.025879,4337.692383,4359.230957,4286.153809,4551.153809,4534.487305,4395.512695,4469.230957,2471.000000,4.000000,85.000000,,,,0.000000,4.000000,4.000000,4.000000,4.000000,4.000000,4.000000,4.000000,4.000000,4.000000,4.000000,4.000000,4.000000,4.000000,4.000000,100.000000,,,,,,,,,,,,,,,,,,,,,,,,,,,,,,,,,,,,,,,,,,,,,,,,,,,,,,,,,,,,,,,,,,,,,,,,,,,,,,,,,,,,,,
1676060259.795662,1676060259.795861,66.000000,0.000000,4315.256348,4307.692383,4330.641113,4332.179688,4314.615234,4285.000000,4300.512695,4330.512695,4349.615234,4297.307617,4546.282227,4527.692383,4391.666504,4467.051270,2389.000000,4.000000,85.000000,,,,0.000000,4.000000,4.000000,4.000000,4.000000,4.000000,4.000000,4.000000,4.000000,4.000000,4.000000,4.000000,4.000000,4.000000,4.000000,100.000000,,,,,,,,,,,,,,,,,,,,,,,,,,,,,,,,,,,,,,,,,,,,,,,,,,,,,,,,,,,,,,,,,,,,,,,,,,,,,,,,,,,,,,
1676060259.803470,1676060259.803670,67.000000,0.000000,4309.102539,4298.974121,4325.128418,4320.641113,4308.077148,4273.717773,4291.025879,4320.128418,4336.025879,4293.589844,4531.025879,4504.615234,4384.230957,4448.077148,2471.000000,4.000000,85.000000,,,,0.000000,4.000000,4.000000,4.000000,4.000000,4.000000,4.000000,4.000000,4.000000,4.000000,4.000000,4.000000,4.000000,4.000000,4.000000,100.000000,,,,,,,,,,,,,,,,,,,,,,,,,,,,,,,,,,,,,,,,,,,,,,,,,,,,,,,,,,,,,,,,,,,,,,,,,,,,,,,,,,,,,,
1676060259.811279,1676060259.811578,68.000000,0.000000,4310.769043,4299.487305,4326.410156,4320.641113,4311.153809,4274.743652,4293.333496,4318.333496,4344.743652,4288.205078,4530.384766,4505.897461,4387.692383,4447.948730,2429.000000,4.000000,85.000000,,,,0.000000,4.000000,4.000000,4.000000,4.000000,4.000000,4.000000,4.000000,4.000000,4.000000,4.000000,4.000000,4.000000,4.000000,4.000000,100.000000,,,,,,,,,,,,,,,,,,,,,,,,,,,,,,,,,,,,,,,,,,,,,,,,,,,,,,,,,,,,,,,,,,,,,,,,,,,,,,,,,,,,,,
1676060259.819087,1676060259.819387,69.000000,0.000000,4305.128418,4293.717773,4313.077148,4315.128418,4311.410156,4278.717773,4291.666504,4308.077148,4342.563965,4281.025879,4519.743652,4505.128418,4382.820313,4444.871582,2373.000000,4.000000,85.000000,,,,0.000000,4.000000,4.000000,4.000000,4.000000,4.000000,4.000000,4.000000,4.000000,4.000000,4.000000,4.000000,4.000000,4.000000,4.000000,100.000000,,,,,,,,,,,,,,,,,,,,,,,,,,,,,,,,,,,,,,,,,,,,,,,,,,,,,,,,,,,,,,,,,,,,,,,,,,,,,,,,,,,,,,
1676060259.826896,1676060259.827295,70.000000,0.000000,4301.410156,4292.436035,4308.461426,4318.077148,4312.692383,4283.846191,4296.410156,4309.871582,4335.512695,4277.563965,4520.256348,4502.948730,4390.000000,4445.512695,2219.000000,4.000000,85.000000,,,,0.000000,4.000000,4.000000,4.000000,4.000000,4.000000,4.000000,4.000000,4.000000,4.000000,4.000000,4.000000,4.000000,4.000000,4.000000,100.000000,,,,,,,,,,,,,,,,,,,,,,,,,,,,,,,,,,,,,,,,,,,,,,,,,,,,,,,,,,,,,,,,,,,,,,,,,,,,,,,,,,,,,,
1676060259.834704,1676060259.835103,71.000000,0.000000,4302.692383,4297.692383,4316.410156,4323.846191,4314.615234,4280.897461,4300.128418,4322.307617,4339.871582,4280.256348,4529.230957,4502.563965,4398.589844,4452.692383,2217.000000,4.000000,85.000000,,,,0.000000,4.000000,4.000000,4.000000,4.000000,4.000000,4.000000,4.000000,4.000000,4.000000,4.000000,4.000000,4.000000,4.000000,4.000000,100.000000,,,,,,,,,,,,,,,,,,,,,,,,,,,,,,,,,,,,,,,,,,,,,,,,,,,,,,,,,,,,,,,,,,,,,,,,,,,,,,,,,,,,,,
1676060259.842512,1676060259.843012,72.000000,0.000000,4291.282227,4287.563965,4306.922852,4306.538574,4302.307617,4264.871582,4286.666504,4316.025879,4334.743652,4277.307617,4506.025879,4487.051270,4379.102539,4437.051270,2257.000000,4.000000,85.000000,,,,0.000000,4.000000,4.000000,4.000000,4.000000,4.000000,4.000000,4.000000,4.000000,4.000000,4.000000,4.000000,4.000000,4.000000,4.000000,100.000000,,,,,,,,,,,,,,,,,,,,,,,,,,,,,,,,,,,,,,,,,,,,,,,,,,,,,,,,,,,,,,,,,,,,,,,,,,,,,,,,,,,,,,
1676060259.850321,1676060259.850820,73.000000,0.000000,4278.717773,4274.230957,4290.384766,4293.205078,4291.282227,4261.410156,4281.025879,4305.641113,4319.487305,4271.282227,4483.077148,4476.410156,4365.256348,4420.384766,2239.000000,4.000000,85.000000,,,,0.000000,4.000000,4.000000,4.000000,4.000000,4.000000,4.000000,4.000000,4.000000,4.000000,4.000000,4.000000,4.000000,4.000000,4.000000,100.000000,,,,,,,,,,,,,,,,,,,,,,,,,,,,,,,,,,,,,,,,,,,,,,,,,,,,,,,,,,,,,,,,,,,,,,,,,,,,,,,,,,,,,,
1676060259.858129,1676060259.858728,74.000000,0.000000,4286.153809,4281.410156,4295.897461,4305.769043,4297.563965,4273.205078,4290.769043,4311.794922,4318.333496,4274.102539,4495.512695,4486.410156,4377.563965,4433.846191,2725.000000,4.000000,85.000000,,,,0.000000,4.000000,4.000000,4.000000,4.000000,4.000000,4.000000,4.000000,4.000000,4.000000,4.000000,4.000000,4.000000,4.000000,4.000000,100.000000,,,,,,,,,,,,,,,,,,,,,,,,,,,,,,,,,,,,,,,,,,,,,,,,,,,,,,,,,,,,,,,,,,,,,,,,,,,,,,,,,,,,,,
1676060259.865938,1676060259.866537,75.000000,0.000000,4297.692383,4291.538574,4311.153809,4314.615234,4303.846191,4273.333496,4298.974121,4321.922852,4328.589844,4285.769043,4510.641113,4498.974121,4387.436035,4448.333496,2910.000000,4.000000,85.000000,,,,0.000000,4.000000,4.000000,4.000000,4.000000,4.000000,4.000000,4.000000,4.000000,4.000000,4.000000,4.000000,4.000000,4.000000,4.000000,100.000000,,,,,,,,,,,,,,,,,,,,,,,,,,,,,,,,,,,,,,,,,,,,,,,,,,,,,,,,,,,,,,,,,,,,,,,,,,,,,,,,,,,,,,
1676060259.873746,1676060259.874445,76.000000,0.000000,4286.282227,4285.641113,4306.922852,4302.179688,4296.922852,4263.461426,4296.794922,4314.615234,4319.743652,4283.974121,4493.846191,4495.897461,4378.974121,4435.512695,3119.000000,4.000000,85.000000,,,,0.000000,4.000000,4.000000,4.000000,4.000000,4.000000,4.000000,4.000000,4.000000,4.000000,4.000000,4.000000,4.000000,4.000000,4.000000,100.000000,,,,,,,,,,,,,,,,,,,,,,,,,,,,,,,,,,,,,,,,,,,,,,,,,,,,,,,,,,,,,,,,,,,,,,,,,,,,,,,,,,,,,,
1676060259.881554,1676060259.882254,77.000000,0.000000,4268.974121,4274.487305,4291.666504,4290.897461,4288.846191,4265.641113,4290.000000,4297.563965,4298.077148,4268.461426,4469.743652,4482.179688,4366.282227,4419.358887,3231.000000,4.000000,85.000000,,,,0.000000,4.000000,4.000000,4.000000,4.000000,4.000000,4.000000,4.000000,4.000000,4.000000,4.000000,4.000000,4.000000,4.000000,4.000000,100.000000,,,,,,,,,,,,,,,,,,,,,,,,,,,,,,,,,,,,,,,,,,,,,,,,,,,,,,,,,,,,,,,,,,,,,,,,,,,,,,,,,,,,,,
1676060259.889363,1676060259.889962,78.000000,0.000000,4276.153809,4272.820313,4292.563965,4296.922852,4293.846191,4278.205078,4289.102539,4296.538574,4298.205078,4271.153809,4472.179688,4477.948730,4367.307617,4423.589844,2725.000000,4.000000,85.000000,,,,0.000000,4.000000,4.000000,4.000000,4.000000,4.000000,4.000000,4.000000,4.000000,4.000000,4.000000,4.000000,4.000000,4.000000,4.000000,100.000000,1.000000,75.000000,4.000000,4.000000,3.000000,4.000000,4.000000,4.000000,4.000000,4.000000,4.000000,3.000000,4.000000,3.000000,4.000000,3.000000,1.147957,1.827177,1.523470,1.135482,1.056140,1.362000,0.586269,1.123830,1.009580,1.221677,1.009539,2.589172,1.322383,0.885150,0.911825,2.600909,1.180538,0.869331,0.855534,1.141907,0.664831,0.492341,0.455169,0.497757,0.486661,0.288967,0.271438,0.490903,0.228711,0.366617,0.348288,0.933338,0.380803,0.475286,0.574453,4.202075,2.015887,0.825483,0.630774,0.875012,0.132468,1.457453,0.758587,0.720997,0.892791,0.255589,1.132853,1.372564,1.184569,0.957949,2.515900,2.114273,2.606370,1.525733,1.827287,1.555154,2.487584,1.871910,1.546862,1.884642,0.596278,1.667976,1.524765,1.464080,1.734451,0.890341,3.132057,1.595165,1.467353,1.907035
1676060259.897171,1676060259.897771,79.000000,0.000000,4293.461426,4286.922852,4309.743652,4308.589844,4305.769043,4282.820313,4295.641113,4313.333496,4315.512695,4287.179688,4491.410156,4493.717773,4383.717773,4439.102539,2910.000000,4.000000,85.000000,,,,0.000000,4.000000,4.000000,4.000000,4.000000,4.000000,4.000000,4.000000,4.000000,4.000000,4.000000,4.000000,4.000000,4.000000,4.000000,100.000000,,,,,,,,,,,,,,,,,,,,,,,,,,,,,,,,,,,,,,,,,,,,,,,,,,,,,,,,,,,,,,,,,,,,,,,,,,,,,,,,,,,,,,
1676060259.904980,1676060259.905479,80.000000,0.000000,4291.794922,4297.436035,4312.307617,4311.025879,4311.025879,4276.794922,4299.230957,4322.179688,4325.000000,4289.358887,4495.128418,4500.384766,4393.333496,4444.487305,3119.000000,4.000000,85.000000,,,,0.000000,4.000000,4.000000,4.000000,4.000000,4.000000,4.000000,4.000000,4.000000,4.000000,4.000000,4.000000,4.000000,4.000000,4.000000,100.000000,,,,,,,,,,,,,,,,,,,,,,,,,,,,,,,,,,,,,,,,,,,,,,,,,,,,,,,,,,,,,,,,,,,,,,,,,,,,,,,,,,,,,,
1676060259.912788,1676060259.913288,81.000000,0.000000,4280.256348,4285.128418,4298.077148,4304.871582,4306.538574,4272.051270,4289.871582,4307.692383,4317.307617,4282.948730,4475.769043,4479.230957,4377.948730,4428.077148,3231.000000,4.000000,85.000000,,,,0.000000,4.000000,4.000000,4.000000,4.000000,4.000000,4.000000,4.000000,4.000000,4.000000,4.000000,4.000000,4.000000,4.000000,4.000000,100.000000,,,,,,,,,,,,,,,,,,,,,,,,,,,,,,,,,,,,,,,,,,,,,,,,,,,,,,,,,,,,,,,,,,,,,,,,,,,,,,,,,,,,,,
1676060259.920596,1676060259.920996,82.000000,0.000000,4283.589844,4278.974121,4301.153809,4306.153809,4306.922852,4278.461426,4288.461426,4299.487305,4309.743652,4276.025879,4468.077148,4472.692383,4368.846191,4422.436035,2725.000000,4.000000,85.000000,,,,0.000000,4.000000,4.000000,4.000000,4.000000,4.000000,4.000000,4.000000,4.000000,4.000000,4.000000,4.000000,4.000000,4.000000,4.000000,100.000000,,,,,,,,,,,,,,,,,,,,,,,,,,,,,,,,,,,,,,,,,,,,,,,,,,,,,,,,,,,,,,,,,,,,,,,,,,,,,,,,,,,,,,
1676060259.928405,1676060259.928905,83.000000,0.000000,4294.230957,4290.897461,4315.128418,4312.179688,4313.846191,4283.461426,4301.025879,4311.410156,4310.256348,4266.922852,4480.128418,4492.692383,4384.358887,4440.769043,2910.000000,4.000000,85.000000,,,,0.000000,4.000000,4.000000,4.000000,4.000000,4.000000,4.000000,4.000000,4.000000,4.000000,4.000000,4.000000,4.000000,4.000000,4.000000,100.000000,,,,,,,,,,,,,,,,,,,,,,,,,,,,,,,,,,,,,,,,,,,,,,,,,,,,,,,,,,,,,,,,,,,,,,,,,,,,,,,,,,,,,,
1676060259.936213,1676060259.936713,84.000000,0.000000,4288.333496,4288.205078,4312.820313,4307.436035,4312.948730,4278.589844,4306.538574,4313.205078,4306.538574,4263.589844,4477.948730,4492.948730,4386.538574,4441.794922,3119.000000,4.000000,85.000000,,,,0.000000,4.000000,4.000000,4.000000,4.000000,4.000000,4.000000,4.000000,4.000000,4.000000,4.000000,4.000000,4.000000,4.000000,4.000000,100.000000,,,,,,,,,,,,,,,,,,,,,,,,,,,,,,,,,,,,,,,,,,,,,,,,,,,,,,,,,,,,,,,,,,,,,,,,,,,,,,,,,,,,,,
1676060259.944021,1676060259.944521,85.000000,0.000000,4281.410156,4275.384766,4306.922852,4302.948730,4311.410156,4280.128418,4302.948730,4304.743652,4302.051270,4275.000000,4462.436035,4479.358887,4369.487305,4425.384766,3231.000000,4.000000,85.000000,,,,0.000000,4.000000,4.000000,4.000000,4.000000,4.000000,4.000000,4.000000,4.000000,4.000000,4.000000,4.000000,4.000000,4.000000,4.000000,100.000000,,,,,,,,,,,,,,,,,,,,,,,,,,,,,,,,,,,,,,,,,,,,,,,,,,,,,,,,,,,,,,,,,,,,,,,,,,,,,,,,,,,,,,
1676060259.951830,1676060259.952230,86.000000,0.000000,4288.717773,4276.538574,4311.282227,4308.589844,4311.922852,4283.077148,4298.589844,4305.641113,4303.205078,4281.025879,4458.461426,4481.025879,4366.410156,4425.641113,2725.000000,4.000000,85.000000,,,,0.000000,4.000000,4.000000,4.000000,4.000000,4.000000,4.000000,4.000000,4.000000,4.000000,4.000000,4.000000,4.000000,4.000000,4.000000,100.000000,,,,,,,,,,,,,,,,,,,,,,,,,,,,,,,,,,,,,,,,,,,,,,,,,,,,,,,,,,,,,,,,,,,,,,,,,,,,,,,,,,,,,,
1676060259.959638,1676060259.960038,87.000000,0.000000,4298.974121,4292.179688,4321.794922,4316.153809,4312.436035,4282.948730,4305.128418,4317.436035,4309.358887,4278.461426,4472.948730,4492.179688,4382.436035,4442.179688,2910.000000,4.000000,85.000000,,,,0.000000,4.000000,4.000000,4.000000,4.000000,4.000000,4.000000,4.000000,4.000000,4.000000,4.000000,4.000000,4.000000,4.000000,4.000000,100.000000,,,,,,,,,,,,,,,,,,,,,,,,,,,,,,,,,,,,,,,,,,,,,,,,,,,,,,,,,,,,,,,,,,,,,,,,,,,,,,,,,,,,,,
1676060259.967447,1676060259.967747,88.000000,0.000000,4301.922852,4300.897461,4329.358887,4318.333496,4314.743652,4282.692383,4312.820313,4325.128418,4315.641113,4284.358887,4482.692383,4496.666504,4388.205078,4451.282227,3119.000000,4.000000,85.000000,,,,0.000000,4.000000,4.000000,4.000000,4.000000,4.000000,4.000000,4.000000,4.000000,4.000000,4.000000,4.000000,4.000000,4.000000,4.000000,100.000000,,,,,,,,,,,,,,,,,,,,,,,,,,,,,,,,,,,,,,,,,,,,,,,,,,,,,,,,,,,,,,,,,,,,,,,,,,,,,,,,,,,,,,
1676060259.975255,1676060259.975655,89.000000,0.000000,4294.358887,4283.461426,4317.307617,4303.717773,4310.128418,4270.897461,4300.384766,4315.512695,4310.897461,4282.051270,4466.025879,4485.769043,4375.897461,4440.769043,3231.000000,4.000000,85.000000,,,,0.000000,4.000000,4.000000,4.000000,4.000000,4.000000,4.000000,4.000000,4.000000,4.000000,4.000000,4.000000,4.000000,4.000000,4.000000,100.000000,,,,,,,,,,,,,,,,,,,,,,,,,,,,,,,,,,,,,,,,,,,,,,,,,,,,,,,,,,,,,,,,,,,,,,,,,,,,,,,,,,,,,,
1676060259.983063,1676060259.983464,90.000000,0.000000,4296.282227,4277.692383,4312.179688,4299.743652,4308.333496,4268.205078,4291.538574,4311.153809,4308.846191,4276.794922,4463.333496,4485.000000,4376.794922,4440.769043,2725.000000,4.000000,85.000000,,,,0.000000,4.000000,4.000000,4.000000,4.000000,4.000000,4.000000,4.000000,4.000000,4.000000,4.000000,4.000000,4.000000,4.000000,4.000000,100.000000,,,,,,,,,,,,,,,,,,,,,,,,,,,,,,,,,,,,,,,,,,,,,,,,,,,,,,,,,,,,,,,,,,,,,,,,,,,,,,,,,,,,,,
1676060259.990872,1676060259.991372,91.000000,0.000000,4301.794922,4292.692383,4325.897461,4310.256348,4311.282227,4277.307617,4298.974121,4322.563965,4315.512695,4283.846191,4479.358887,4494.871582,4386.410156,4448.461426,2910.000000,4.000000,85.000000,,,,0.000000,4.000000,4.000000,4.000000,4.000000,4.000000,4.000000,4.000000,4.000000,4.000000,4.000000,4.000000,4.000000,4.000000,4.000000,100.000000,,,,,,,,,,,,,,,,,,,,,,,,,,,,,,,,,,,,,,,,,,,,,,,,,,,,,,,,,,,,,,,,,,,,,,,,,,,,,,,,,,,,,,
1676060259.998680,1676060259.999181,92.000000,0.000000,4289.615234,4287.820313,4317.307617,4298.589844,4304.615234,4271.922852,4298.205078,4317.820313,4309.230957,4286.538574,4461.025879,4479.102539,4370.128418,4428.974121,3119.000000,4.000000,85.000000,,,,0.000000,4.000000,4.000000,4.000000,4.000000,4.000000,4.000000,4.000000,4.000000,4.000000,4.000000,4.000000,4.000000,4.000000,4.000000,100.000000,,,,,,,,,,,,,,,,,,,,,,,,,,,,,,,,,,,,,,,,,,,,,,,,,,,,,,,,,,,,,,,,,,,,,,,,,,,,,,,,,,,,,,
1676060260.006488,1676060260.007089,93.000000,0.000000,4273.974121,4271.153809,4295.641113,4281.025879,4296.538574,4267.692383,4289.487305,4298.717773,4291.410156,4273.846191,4430.384766,4454.871582,4348.717773,4408.077148,3231.000000,4.000000,85.000000,,,,0.000000,4.000000,4.000000,4.000000,4.000000,4.000000,4.000000,4.000000,4.000000,4.000000,4.000000,4.000000,4.000000,4.000000,4.000000,100.000000,,,,,,,,,,,,,,,,,,,,,,,,,,,,,,,,,,,,,,,,,,,,,,,,,,,,,,,,,,,,,,,,,,,,,,,,,,,,,,,,,,,,,,
1676060260.014297,1676060260.014897,94.000000,0.000000,4273.717773,4272.307617,4301.153809,4289.615234,4305.512695,4282.948730,4292.692383,4300.000000,4288.333496,4265.512695,4438.205078,4461.025879,4356.538574,4419.358887,2725.000000,4.000000,85.000000,,,,0.000000,4.000000,4.000000,4.000000,4.000000,4.000000,4.000000,4.000000,4.000000,4.000000,4.000000,4.000000,4.000000,4.000000,4.000000,100.000000,,,,,,,,,,,,,,,,,1.014021,1.351401,1.336649,1.363903,1.023735,0.969345,0.628879,1.241877,1.188852,1.228797,0.854117,2.053851,1.382572,1.071573,0.901691,2.477202,0.968980,0.939109,0.991069,1.121600,0.596146,0.482773,0.516641,0.539568,0.494265,0.250479,0.258233,0.489325,0.233051,0.382088,0.333144,0.949065,0.424215,0.562511,0.584674,5.535625,2.851928,1.071556,0.750628,0.850409,0.122534,2.104185,0.892820,0.917352,0.888602,0.324860,1.067343,1.126572,1.505047,0.911404,4.252389,2.291299,2.221753,1.834645,1.770590,1.097168,2.000470,1.840093,1.776472,1.861225,0.640980,1.131891,1.494653,1.698236,1.698601,0.627368,2.290359,1.417424,1.717576,1.862341
1676060260.022105,1676060260.022806,95.000000,0.000000,4291.282227,4288.717773,4321.922852,4310.769043,4321.794922,4297.692383,4309.230957,4319.102539,4305.512695,4279.487305,4464.102539,4488.461426,4380.128418,4440.897461,2910.000000,4.000000,85.000000,,,,0.000000,4.000000,4.000000,4.000000,4.000000,4.000000,4.000000,4.000000,4.000000,4.000000,4.000000,4.000000,4.000000,4.000000,4.000000,100.000000,,,,,,,,,,,,,,,,,,,,,,,,,,,,,,,,,,,,,,,,,,,,,,,,,,,,,,,,,,,,,,,,,,,,,,,,,,,,,,,,,,,,,,
1676060260.029914,1676060260.030614,96.000000,0.000000,4308.974121,4297.179688,4328.205078,4315.128418,4323.077148,4296.794922,4318.717773,4322.692383,4316.794922,4293.974121,4469.615234,4497.179688,4389.358887,4449.871582,3119.000000,4.000000,85.000000,,,,0.000000,4.000000,4.000000,4.000000,4.000000,4.000000,4.000000,4.000000,4.000000,4.000000,4.000000,4.000000,4.000000,4.000000,4.000000,100.000000,,,,,,,,,,,,,,,,,,,,,,,,,,,,,,,,,,,,,,,,,,,,,,,,,,,,,,,,,,,,,,,,,,,,,,,,,,,,,,,,,,,,,,
1676060260.037722,1676060260.038523,97.000000,0.000000,4301.410156,4286.153809,4316.282227,4301.282227,4312.179688,4285.384766,4302.051270,4301.666504,4299.358887,4284.615234,4451.153809,4475.384766,4372.307617,4441.282227,3231.000000,4.000000,85.000000,,,,0.000000,4.000000,4.000000,4.000000,4.000000,4.000000,4.000000,4.000000,4.000000,4.000000,4.000000,4.000000,4.000000,4.000000,4.000000,100.000000,,,,,,,,,,,,,,,,,,,,,,,,,,,,,,,,,,,,,,,,,,,,,,,,,,,,,,,,,,,,,,,,,,,,,,,,,,,,,,,,,,,,,,
1676060260.045530,1676060260.046331,98.000000,0.000000,4291.025879,4280.256348,4316.025879,4298.461426,4309.871582,4275.769043,4293.461426,4296.666504,4287.051270,4274.102539,4448.974121,4468.717773,4367.179688,4437.820313,2725.000000,4.000000,85.000000,,,,0.000000,4.000000,4.000000,4.000000,4.000000,4.000000,4.000000,4.000000,4.000000,4.000000,4.000000,4.000000,4.000000,4.000000,4.000000,100.000000,,,,,,,,,,,,,,,,,,,,,,,,,,,,,,,,,,,,,,,,,,,,,,,,,,,,,,,,,,,,,,,,,,,,,,,,,,,,,,,,,,,,,,
1676060260.053339,1676060260.054239,99.000000,0.000000,4307.307617,4296.922852,4336.025879,4316.153809,4315.256348,4279.230957,4312.179688,4321.794922,4303.846191,4280.897461,4477.436035,4495.897461,4389.871582,4455.512695,2910.000000,4.000000,85.000000,,,,0.000000,4.000000,4.000000,4.000000,4.000000,4.000000,4.000000,4.000000,4.000000,4.000000,4.000000,4.000000,4.000000,4.000000,4.000000,100.000000,,,,,,,,,,,,,,,,,,,,,,,,,,,,,,,,,,,,,,,,,,,,,,,,,,,,,,,,,,,,,,,,,,,,,,,,,,,,,,,,,,,,,,
1676060260.061147,1676060260.062048,100.000000,0.000000,4314.487305,4301.282227,4341.666504,4320.128418,4312.692383,4283.205078,4313.205078,4330.256348,4311.794922,4288.205078,4493.717773,4506.025879,4395.000000,4464.871582,3119.000000,4.000000,85.000000,,,,0.000000,4.000000,4.000000,4.000000,4.000000,4.000000,4.000000,4.000000,4.000000,4.000000,4.000000,4.000000,4.000000,4.000000,4.000000,100.000000,,,,,,,,,,,,,,,,,,,,,,,,,,,,,,,,,,,,,,,,,,,,,,,,,,,,,,,,,,,,,,,,,,,,,,,,,,,,,,,,,,,,,,
1676060260.068956,1676060260.069956,101.000000,0.000000,4296.538574,4283.974121,4321.282227,4299.358887,4305.641113,4275.000000,4291.025879,4310.000000,4294.230957,4283.077148,4477.692383,4480.256348,4377.692383,4448.717773,3231.000000,4.000000,85.000000,,,,0.000000,4.000000,4.000000,4.000000,4.000000,4.000000,4.000000,4.000000,4.000000,4.000000,4.000000,4.000000,4.000000,4.000000,4.000000,100.000000,,,,,,,,,,,,,,,,,,,,,,,,,,,,,,,,,,,,,,,,,,,,,,,,,,,,,,,,,,,,,,,,,,,,,,,,,,,,,,,,,,,,,,
1676060260.076764,1676060260.077765,102.000000,0.000000,4288.589844,4276.538574,4309.871582,4291.794922,4306.410156,4274.358887,4288.461426,4301.794922,4285.512695,4277.948730,4457.948730,4459.615234,4359.230957,4424.358887,2725.000000,4.000000,85.000000,,,,0.000000,4.000000,4.000000,4.000000,4.000000,4.000000,4.000000,4.000000,4.000000,4.000000,4.000000,4.000000,4.000000,4.000000,4.000000,100.000000,,,,,,,,,,,,,,,,,,,,,,,,,,,,,,,,,,,,,,,,,,,,,,,,,,,,,,,,,,,,,,,,,,,,,,,,,,,,,,,,,,,,,,
1676060260.084572,1676060260.085473,103.000000,0.000000,4296.025879,4277.563965,4317.692383,4301.025879,4313.846191,4287.051270,4305.000000,4314.230957,4290.897461,4278.077148,4459.102539,4463.974121,4350.128418,4417.563965,2910.000000,4.000000,85.000000,,,,0.000000,4.000000,4.000000,4.000000,4.000000,4.000000,4.000000,4.000000,4.000000,4.000000,4.000000,4.000000,4.000000,4.000000,4.000000,100.000000,,,,,,,,,,,,,,,,,,,,,,,,,,,,,,,,,,,,,,,,,,,,,,,,,,,,,,,,,,,,,,,,,,,,,,,,,,,,,,,,,,,,,,
1676060260.092381,1676060260.093282,104.000000,0.000000,4300.641113,4274.487305,4320.897461,4298.846191,4315.384766,4290.384766,4306.922852,4316.153809,4288.077148,4274.743652,4474.487305,4476.282227,4368.846191,4435.000000,3119.000000,4.000000,85.000000,,,,0.000000,4.000000,4.000000,4.000000,4.000000,4.000000,4.000000,4.000000,4.000000,4.000000,4.000000,4.000000,4.000000,4.000000,4.000000,100.000000,,,,,,,,,,,,,,,,,,,,,,,,,,,,,,,,,,,,,,,,,,,,,,,,,,,,,,,,,,,,,,,,,,,,,,,,,,,,,,,,,,,,,,
1676060260.100189,1676060260.100990,105.000000,0.000000,4291.410156,4257.563965,4306.410156,4278.461426,4300.512695,4274.871582,4290.128418,4296.153809,4274.102539,4268.205078,4478.077148,4469.230957,4394.102539,4441.538574,3231.000000,4.000000,85.000000,,,,0.000000,4.000000,4.000000,4.000000,4.000000,4.000000,4.000000,4.000000,4.000000,4.000000,4.000000,4.000000,4.000000,4.000000,4.000000,100.000000,,,,,,,,,,,,,,,,,,,,,,,,,,,,,,,,,,,,,,,,,,,,,,,,,,,,,,,,,,,,,,,,,,,,,,,,,,,,,,,,,,,,,,
1676060260.107998,1676060260.108898,106.000000,0.000000,4294.230957,4241.282227,4306.410156,4276.153809,4301.153809,4276.025879,4291.410156,4293.974121,4277.051270,4280.128418,4488.846191,4472.436035,4413.077148,4447.051270,2725.000000,4.000000,85.000000,,,,0.000000,4.000000,4.000000,4.000000,4.000000,4.000000,4.000000,4.000000,4.000000,4.000000,4.000000,4.000000,4.000000,4.000000,4.000000,100.000000,,,,,,,,,,,,,,,,,,,,,,,,,,,,,,,,,,,,,,,,,,,,,,,,,,,,,,,,,,,,,,,,,,,,,,,,,,,,,,,,,,,,,,
1676060260.115806,1676060260.116707,107.000000,0.000000,4323.974121,4248.333496,4337.948730,4300.897461,4325.897461,4295.128418,4318.846191,4325.000000,4302.179688,4306.153809,4541.666504,4514.487305,4456.025879,4487.307617,2910.000000,4.000000,85.000000,,,,0.000000,4.000000,4.000000,4.000000,4.000000,4.000000,4.000000,4.000000,4.000000,4.000000,4.000000,4.000000,4.000000,4.000000,4.000000,100.000000,,,,,,,,,,,,,,,,,,,,,,,,,,,,,,,,,,,,,,,,,,,,,,,,,,,,,,,,,,,,,,,,,,,,,,,,,,,,,,,,,,,,,,
1676060260.123614,1676060260.124515,108.000000,0.000000,4332.179688,4245.769043,4345.897461,4297.948730,4323.461426,4290.000000,4320.769043,4337.563965,4308.333496,4310.897461,4578.333496,4531.282227,4491.410156,4510.512695,3119.000000,4.000000,85.000000,,,,0.000000,4.000000,4.000000,4.000000,4.000000,4.000000,4.000000,4.000000,4.000000,4.000000,4.000000,4.000000,4.000000,4.000000,4.000000,100.000000,,,,,,,,,,,,,,,,,,,,,,,,,,,,,,,,,,,,,,,,,,,,,,,,,,,,,,,,,,,,,,,,,,,,,,,,,,,,,,,,,,,,,,
1676060260.131423,1676060260.132224,109.000000,0.000000,4296.922852,4209.102539,4311.025879,4261.153809,4296.410156,4271.538574,4292.948730,4310.512695,4279.743652,4293.461426,4547.563965,4493.589844,4471.794922,4474.230957,3231.000000,4.000000,85.000000,,,,0.000000,4.000000,4.000000,4.000000,4.000000,4.000000,4.000000,4.000000,4.000000,4.000000,4.000000,4.000000,4.000000,4.000000,4.000000,100.000000,,,,,,,,,,,,,,,,,,,,,,,,,,,,,,,,,,,,,,,,,,,,,,,,,,,,,,,,,,,,,,,,,,,,,,,,,,,,,,,,,,,,,,
1676060260.139231,1676060260.140032,110.000000,0.000000,4285.512695,4192.563965,4300.256348,4253.846191,4297.692383,4277.692383,4296.153809,4302.563965,4272.179688,4296.666504,4532.051270,4479.743652,4455.641113,4457.563965,2725.000000,4.000000,85.000000,,,,0.000000,4.000000,4.000000,4.000000,4.000000,4.000000,4.000000,4.000000,4.000000,4.000000,4.000000,4.000000,4.000000,4.000000,4.000000,100.000000,,,,,,,,,,,,,,,,,0.932776,1.044955,1.219431,1.675548,0.954183,0.792801,0.765327,1.326970,1.434646,1.174298,0.886104,1.632717,1.481529,1.324097,0.854142,2.373225,0.856551,1.026458,1.191855,1.043201,0.588859,0.505494,0.611301,0.600130,0.486928,0.266280,0.277540,0.509271,0.255554,0.398178,0.344619,0.996805,0.546927,0.698976,0.592256,6.267001,3.886168,1.370440,0.906178,0.799796,0.144304,2.930473,1.059225,1.188792,0.872018,0.407118,1.140338,0.950247,1.825835,0.846528,7.466018,3.025456,2.039184,2.219989,1.643404,0.877447,1.818489,1.881234,2.086998,1.752459,0.767302,0.826468,1.472771,2.017444,1.586713,0.524200,1.729034,1.345808,2.055934,1.722154
1676060260.147040,1676060260.147741,111.000000,0.000000,4311.025879,4221.666504,4321.282227,4282.179688,4317.051270,4290.641113,4317.948730,4326.794922,4297.179688,4318.333496,4559.487305,4500.256348,4471.666504,4478.589844,2910.000000,4.000000,85.000000,,,,0.000000,4.000000,4.000000,4.000000,4.000000,4.000000,4.000000,4.000000,4.000000,4.000000,4.000000,4.000000,4.000000,4.000000,4.000000,100.000000,,,,,,,,,,,,,,,,,,,,,,,,,,,,,,,,,,,,,,,,,,,,,,,,,,,,,,,,,,,,,,,,,,,,,,,,,,,,,,,,,,,,,,
1676060260.154848,1676060260.155549,112.000000,0.000000,4312.051270,4240.769043,4322.948730,4289.743652,4316.025879,4285.128418,4311.282227,4334.743652,4302.307617,4316.922852,4564.358887,4498.846191,4470.384766,4475.000000,3119.000000,4.000000,85.000000,,,,0.000000,4.000000,4.000000,4.000000,4.000000,4.000000,4.000000,4.000000,4.000000,4.000000,4.000000,4.000000,4.000000,4.000000,4.000000,100.000000,,,,,,,,,,,,,,,,,,,,,,,,,,,,,,,,,,,,,,,,,,,,,,,,,,,,,,,,,,,,,,,,,,,,,,,,,,,,,,,,,,,,,,
1676060260.162656,1676060260.163258,113.000000,0.000000,4279.487305,4213.461426,4293.461426,4258.077148,4295.769043,4272.563965,4287.051270,4306.025879,4275.641113,4286.794922,4530.128418,4468.077148,4444.230957,4445.256348,3231.000000,4.000000,85.000000,,,,0.000000,4.000000,4.000000,4.000000,4.000000,4.000000,4.000000,4.000000,4.000000,4.000000,4.000000,4.000000,4.000000,4.000000,4.000000,100.000000,,,,,,,,,,,,,,,,,,,,,,,,,,,,,,,,,,,,,,,,,,,,,,,,,,,,,,,,,,,,,,,,,,,,,,,,,,,,,,,,,,,,,,
1676060260.170465,1676060260.171066,114.000000,0.000000,4272.692383,4200.897461,4286.538574,4247.436035,4290.384766,4277.051270,4289.358887,4292.051270,4270.000000,4283.589844,4521.282227,4461.666504,4436.922852,4437.692383,2725.000000,4.000000,85.000000,,,,0.000000,4.000000,4.000000,4.000000,4.000000,4.000000,4.000000,4.000000,4.000000,4.000000,4.000000,4.000000,4.000000,4.000000,4.000000,100.000000,,,,,,,,,,,,,,,,,,,,,,,,,,,,,,,,,,,,,,,,,,,,,,,,,,,,,,,,,,,,,,,,,,,,,,,,,,,,,,,,,,,,,,
1676060260.178273,1676060260.178775,115.000000,0.000000,4289.871582,4225.128418,4310.384766,4272.563965,4305.897461,4283.461426,4303.333496,4310.512695,4286.794922,4298.846191,4536.153809,4479.358887,4441.666504,4449.743652,2910.000000,4.000000,85.000000,,,,0.000000,4.000000,4.000000,4.000000,4.000000,4.000000,4.000000,4.000000,4.000000,4.000000,4.000000,4.000000,4.000000,4.000000,4.000000,100.000000,,,,,,,,,,,,,,,,,,,,,,,,,,,,,,,,,,,,,,,,,,,,,,,,,,,,,,,,,,,,,,,,,,,,,,,,,,,,,,,,,,,,,,
1676060260.186081,1676060260.186583,116.000000,0.000000,4275.256348,4221.538574,4303.333496,4264.358887,4299.615234,4267.436035,4283.846191,4298.461426,4269.871582,4273.717773,4509.743652,4458.205078,4413.846191,4432.179688,3119.000000,4.000000,85.000000,,,,0.000000,4.000000,4.000000,4.000000,4.000000,4.000000,4.000000,4.000000,4.000000,4.000000,4.000000,4.000000,4.000000,4.000000,4.000000,100.000000,,,,,,,,,,,,,,,,,,,,,,,,,,,,,,,,,,,,,,,,,,,,,,,,,,,,,,,,,,,,,,,,,,,,,,,,,,,,,,,,,,,,,,
1676060260.193890,1676060260.194292,117.000000,0.000000,4266.666504,4209.615234,4290.769043,4246.153809,4285.256348,4263.717773,4277.692383,4284.487305,4261.538574,4259.871582,4494.615234,4446.410156,4402.692383,4423.333496,3231.000000,4.000000,85.000000,,,,0.000000,4.000000,4.000000,4.000000,4.000000,4.000000,4.000000,4.000000,4.000000,4.000000,4.000000,4.000000,4.000000,4.000000,4.000000,100.000000,,,,,,,,,,,,,,,,,,,,,,,,,,,,,,,,,,,,,,,,,,,,,,,,,,,,,,,,,,,,,,,,,,,,,,,,,,,,,,,,,,,,,,
1676060260.201698,1676060260.202200,118.000000,0.000000,4291.794922,4228.077148,4312.563965,4268.333496,4298.846191,4284.230957,4307.563965,4315.000000,4297.179688,4293.974121,4531.282227,4484.358887,4433.333496,4452.179688,2725.000000,4.000000,85.000000,,,,0.000000,4.000000,4.000000,4.000000,4.000000,4.000000,4.000000,4.000000,4.000000,4.000000,4.000000,4.000000,4.000000,4.000000,4.000000,100.000000,,,,,,,,,,,,,,,,,,,,,,,,,,,,,,,,,,,,,,,,,,,,,,,,,,,,,,,,,,,,,,,,,,,,,,,,,,,,,,,,,,,,,,
1676060260.209506,1676060260.210009,119.000000,0.000000,4297.692383,4238.974121,4319.615234,4281.666504,4308.974121,4286.538574,4313.846191,4328.077148,4307.820313,4309.487305,4546.794922,4495.256348,4441.922852,4464.615234,2910.000000,4.000000,85.000000,,,,0.000000,4.000000,4.000000,4.000000,4.000000,4.000000,4.000000,4.000000,4.000000,4.000000,4.000000,4.000000,4.000000,4.000000,4.000000,100.000000,,,,,,,,,,,,,,,,,,,,,,,,,,,,,,,,,,,,,,,,,,,,,,,,,,,,,,,,,,,,,,,,,,,,,,,,,,,,,,,,,,,,,,
1676060260.217315,1676060260.217917,120.000000,0.000000,4295.897461,4239.230957,4316.153809,4277.820313,4302.948730,4280.897461,4303.205078,4313.717773,4288.589844,4289.487305,4538.717773,4484.102539,4433.461426,4461.666504,3119.000000,4.000000,85.000000,,,,0.000000,4.000000,4.000000,4.000000,4.000000,4.000000,4.000000,4.000000,4.000000,4.000000,4.000000,4.000000,4.000000,4.000000,4.000000,100.000000,,,,,,,,,,,,,,,,,,,,,,,,,,,,,,,,,,,,,,,,,,,,,,,,,,,,,,,,,,,,,,,,,,,,,,,,,,,,,,,,,,,,,,
1676060260.225123,1676060260.225725,121.000000,0.000000,4316.025879,4255.384766,4337.307617,4294.743652,4313.974121,4289.743652,4319.743652,4323.974121,4295.769043,4287.307617,4554.871582,4505.769043,4451.922852,4476.922852,3231.000000,4.000000,85.000000,,,,0.000000,4.000000,4.000000,4.000000,4.000000,4.000000,4.000000,4.000000,4.000000,4.000000,4.000000,4.000000,4.000000,4.000000,4.000000,100.000000,,,,,,,,,,,,,,,,,,,,,,,,,,,,,,,,,,,,,,,,,,,,,,,,,,,,,,,,,,,,,,,,,,,,,,,,,,,,,,,,,,,,,,
1676060260.232932,1676060260.233634,122.000000,0.000000,4312.179688,4256.153809,4333.205078,4294.487305,4321.153809,4288.846191,4321.538574,4329.743652,4303.717773,4297.692383,4551.410156,4504.615234,4448.205078,4473.077148,2725.000000,4.000000,85.000000,,,,0.000000,4.000000,4.000000,4.000000,4.000000,4.000000,4.000000,4.000000,4.000000,4.000000,4.000000,4.000000,4.000000,4.000000,4.000000,100.000000,,,,,,,,,,,,,,,,,,,,,,,,,,,,,,,,,,,,,,,,,,,,,,,,,,,,,,,,,,,,,,,,,,,,,,,,,,,,,,,,,,,,,,
1676060260.240740,1676060260.241442,123.000000,0.000000,4278.077148,4230.512695,4291.410156,4262.692383,4302.692383,4275.641113,4285.897461,4298.333496,4280.384766,4293.333496,4512.948730,4461.025879,4409.487305,4437.051270,2910.000000,4.000000,85.000000,,,,0.000000,4.000000,4.000000,4.000000,4.000000,4.000000,4.000000,4.000000,4.000000,4.000000,4.000000,4.000000,4.000000,4.000000,4.000000,100.000000,,,,,,,,,,,,,,,,,,,,,,,,,,,,,,,,,,,,,,,,,,,,,,,,,,,,,,,,,,,,,,,,,,,,,,,,,,,,,,,,,,,,,,
1676060260.248548,1676060260.249351,124.000000,0.000000,4273.589844,4226.153809,4290.897461,4258.333496,4296.538574,4274.102539,4280.256348,4291.794922,4274.230957,4292.179688,4516.282227,4460.000000,4411.922852,4433.846191,3119.000000,4.000000,85.000000,,,,0.000000,4.000000,4.000000,4.000000,4.000000,4.000000,4.000000,4.000000,4.000000,4.000000,4.000000,4.000000,4.000000,4.000000,4.000000,100.000000,,,,,,,,,,,,,,,,,,,,,,,,,,,,,,,,,,,,,,,,,,,,,,,,,,,,,,,,,,,,,,,,,,,,,,,,,,,,,,,,,,,,,,
1676060260.256357,1676060260.257159,125.000000,0.000000,4286.410156,4234.358887,4313.205078,4269.743652,4301.666504,4270.256348,4294.871582,4308.974121,4286.538574,4285.641113,4538.077148,4480.769043,4432.436035,4450.384766,3231.000000,4.000000,85.000000,,,,0.000000,4.000000,4.000000,4.000000,4.000000,4.000000,4.000000,4.000000,4.000000,4.000000,4.000000,4.000000,4.000000,4.000000,4.000000,100.000000,,,,,,,,,,,,,,,,,,,,,,,,,,,,,,,,,,,,,,,,,,,,,,,,,,,,,,,,,,,,,,,,,,,,,,,,,,,,,,,,,,,,,,
1676060260.264165,1676060260.265067,126.000000,0.000000,4280.256348,4233.333496,4301.922852,4264.358887,4295.000000,4260.000000,4283.589844,4302.307617,4282.436035,4276.153809,4526.538574,4467.307617,4417.563965,4441.153809,2725.000000,4.000000,85.000000,,,,0.000000,4.000000,4.000000,4.000000,4.000000,4.000000,4.000000,4.000000,4.000000,4.000000,4.000000,4.000000,4.000000,4.000000,4.000000,100.000000,,,,,,,,,,,,,,,,,0.867810,0.984592,1.206512,1.984372,0.877204,0.873078,0.999232,1.359170,1.683354,1.078578,1.006446,1.446313,1.628465,1.569633,0.791418,2.290414,0.902018,1.094756,1.402688,0.941774,0.619395,0.561952,0.681359,0.663063,0.467480,0.333993,0.312002,0.531041,0.283733,0.419235,0.361345,1.052435,0.708537,0.838505,0.596531,6.130682,4.872330,1.646895,1.054802,0.747913,0.188638,3.704867,1.187244,1.473799,0.850780,0.469547,1.314278,0.874066,2.055702,0.773982,11.490306,4.120883,2.027555,2.595073,1.495729,0.848960,2.040344,2.015760,2.407686,1.603502,0.904563,0.787124,1.472881,2.351152,1.439321,0.499352,1.538888,1.422973,2.407521,1.542262
1676060260.271973,1676060260.272876,127.000000,0.000000,4273.717773,4238.846191,4288.205078,4264.871582,4293.333496,4264.743652,4275.128418,4291.025879,4276.282227,4287.051270,4522.563965,4456.282227,4410.000000,4431.025879,85.000000,4.000000,85.000000,,,,0.000000,4.000000,4.000000,4.000000,4.000000,4.000000,4.000000,4.000000,4.000000,4.000000,4.000000,4.000000,4.000000,4.000000,4.000000,100.000000,,,,,,,,,,,,,,,,,,,,,,,,,,,,,,,,,,,,,,,,,,,,,,,,,,,,,,,,,,,,,,,,,,,,,,,,,,,,,,,,,,,,,,
1676060260.279782,1676060260.280584,0.000000,0.000000,4284.615234,4248.077148,4301.410156,4276.666504,4306.153809,4277.436035,4293.717773,4306.922852,4282.692383,4301.666504,4545.256348,4473.589844,4427.948730,4443.717773,2528.000000,4.000000,85.000000,,,,0.000000,4.000000,4.000000,4.000000,4.000000,4.000000,4.000000,4.000000,4.000000,4.000000,4.000000,4.000000,4.000000,4.000000,4.000000,100.000000,,,,,,,,,,,,,,,,,,,,,,,,,,,,,,,,,,,,,,,,,,,,,,,,,,,,,,,,,,,,,,,,,,,,,,,,,,,,,,,,,,,,,,
1676060260.287590,1676060260.288393,1.000000,0.000000,4294.615234,4250.897461,4315.512695,4282.179688,4312.820313,4281.282227,4306.282227,4323.205078,4288.333496,4293.589844,4558.717773,4491.025879,4432.563965,4457.692383,2486.000000,4.000000,85.000000,,,,0.000000,4.000000,4.000000,4.000000,4.000000,4.000000,4.000000,4.000000,4.000000,4.000000,4.000000,4.000000,4.000000,4.000000,4.000000,100.000000,,,,,,,,,,,,,,,,,,,,,,,,,,,,,,,,,,,,,,,,,,,,,,,,,,,,,,,,,,,,,,,,,,,,,,,,,,,,,,,,,,,,,,
1676060260.295399,1676060260.296101,2.000000,0.000000,4299.230957,4258.461426,4316.282227,4282.179688,4308.589844,4279.743652,4300.128418,4321.538574,4293.974121,4296.410156,4568.846191,4494.487305,4434.487305,4462.051270,2418.000000,4.000000,85.000000,,,,0.000000,4.000000,4.000000,4.000000,4.000000,4.000000,4.000000,4.000000,4.000000,4.000000,4.000000,4.000000,4.000000,4.000000,4.000000,100.000000,,,,,,,,,,,,,,,,,,,,,,,,,,,,,,,,,,,,,,,,,,,,,,,,,,,,,,,,,,,,,,,,,,,,,,,,,,,,,,,,,,,,,,
1676060260.303207,1676060260.303910,3.000000,0.000000,4293.846191,4253.974121,4307.820313,4274.743652,4299.743652,4275.000000,4289.358887,4308.205078,4287.307617,4307.948730,4569.871582,4477.436035,4432.307617,4451.282227,2481.000000,4.000000,85.000000,,,,0.000000,4.000000,4.000000,4.000000,4.000000,4.000000,4.000000,4.000000,4.000000,4.000000,4.000000,4.000000,4.000000,4.000000,4.000000,100.000000,,,,,,,,,,,,,,,,,,,,,,,,,,,,,,,,,,,,,,,,,,,,,,,,,,,,,,,,,,,,,,,,,,,,,,,,,,,,,,,,,,,,,,
1676060260.311015,1676060260.311618,4.000000,0.000000,4270.512695,4230.641113,4289.102539,4257.948730,4291.025879,4266.922852,4275.641113,4283.589844,4253.974121,4279.871582,4536.666504,4442.179688,4400.000000,4424.615234,2439.000000,4.000000,85.000000,,,,0.000000,4.000000,4.000000,4.000000,4.000000,4.000000,4.000000,4.000000,4.000000,4.000000,4.000000,4.000000,4.000000,4.000000,4.000000,100.000000,,,,,,,,,,,,,,,,,,,,,,,,,,,,,,,,,,,,,,,,,,,,,,,,,,,,,,,,,,,,,,,,,,,,,,,,,,,,,,,,,,,,,,
1676060260.318824,1676060260.319427,5.000000,0.000000,4268.205078,4242.051270,4295.128418,4265.128418,4300.641113,4274.487305,4282.307617,4282.179688,4244.487305,4262.948730,4524.743652,4445.641113,4394.615234,4426.410156,2381.000000,4.000000,85.000000,,,,0.000000,4.000000,4.000000,4.000000,4.000000,4.000000,4.000000,4.000000,4.000000,4.000000,4.000000,4.000000,4.000000,4.000000,4.000000,100.000000,,,,,,,,,,,,,,,,,,,,,,,,,,,,,,,,,,,,,,,,,,,,,,,,,,,,,,,,,,,,,,,,,,,,,,,,,,,,,,,,,,,,,,
1676060260.326632,1676060260.327135,6.000000,0.000000,4301.282227,4275.641113,4329.615234,4293.077148,4314.615234,4289.871582,4307.948730,4310.000000,4269.743652,4289.743652,4554.358887,4487.179688,4429.230957,4458.846191,2227.000000,4.000000,85.000000,,,,0.000000,4.000000,4.000000,4.000000,4.000000,4.000000,4.000000,4.000000,4.000000,4.000000,4.000000,4.000000,4.000000,4.000000,4.000000,100.000000,,,,,,,,,,,,,,,,,,,,,,,,,,,,,,,,,,,,,,,,,,,,,,,,,,,,,,,,,,,,,,,,,,,,,,,,,,,,,,,,,,,,,,
1676060260.334441,1676060260.334944,7.000000,0.000000,4316.794922,4272.179688,4331.794922,4299.230957,4313.333496,4286.538574,4310.256348,4315.897461,4272.820313,4303.846191,4557.563965,4492.307617,4435.256348,4467.307617,2229.000000,4.000000,85.000000,,,,0.000000,4.000000,4.000000,4.000000,4.000000,4.000000,4.000000,4.000000,4.000000,4.000000,4.000000,4.000000,4.000000,4.000000,4.000000,100.000000,,,,,,,,,,,,,,,,,,,,,,,,,,,,,,,,,,,,,,,,,,,,,,,,,,,,,,,,,,,,,,,,,,,,,,,,,,,,,,,,,,,,,,
1676060260.342249,1676060260.342652,8.000000,0.000000,4302.563965,4260.512695,4312.563965,4290.512695,4311.025879,4280.897461,4299.871582,4308.205078,4260.512695,4294.102539,4538.846191,4475.897461,4419.871582,4454.743652,2286.000000,4.000000,85.000000,,,,0.000000,4.000000,4.000000,4.000000,4.000000,4.000000,4.000000,4.000000,4.000000,4.000000,4.000000,4.000000,4.000000,4.000000,4.000000,100.000000,,,,,,,,,,,,,,,,,,,,,,,,,,,,,,,,,,,,,,,,,,,,,,,,,,,,,,,,,,,,,,,,,,,,,,,,,,,,,,,,,,,,,,
1676060260.350057,1676060260.350461,9.000000,0.000000,4287.948730,4266.282227,4308.333496,4284.230957,4306.666504,4277.692383,4297.051270,4311.538574,4264.102539,4287.948730,4527.563965,4471.025879,4415.000000,4447.436035,2246.000000,4.000000,85.000000,,,,0.000000,4.000000,4.000000,4.000000,4.000000,4.000000,4.000000,4.000000,4.000000,4.000000,4.000000,4.000000,4.000000,4.000000,4.000000,100.000000,,,,,,,,,,,,,,,,,,,,,,,,,,,,,,,,,,,,,,,,,,,,,,,,,,,,,,,,,,,,,,,,,,,,,,,,,,,,,,,,,,,,,,
1676060260.357866,1676060260.358169,10.000000,0.000000,4276.666504,4257.307617,4298.717773,4278.333496,4289.487305,4263.846191,4284.615234,4303.077148,4262.179688,4279.743652,4508.974121,4460.128418,4404.358887,4435.000000,2738.000000,4.000000,85.000000,,,,0.000000,4.000000,4.000000,4.000000,4.000000,4.000000,4.000000,4.000000,4.000000,4.000000,4.000000,4.000000,4.000000,4.000000,4.000000,100.000000,,,,,,,,,,,,,,,,,,,,,,,,,,,,,,,,,,,,,,,,,,,,,,,,,,,,,,,,,,,,,,,,,,,,,,,,,,,,,,,,,,,,,,
1676060260.365674,1676060260.365978,11.000000,0.000000,4284.615234,4258.205078,4300.256348,4296.538574,4293.974121,4271.282227,4283.333496,4300.384766,4261.153809,4286.153809,4508.589844,4466.794922,4407.820313,4440.000000,2922.000000,4.000000,85.000000,,,,0.000000,4.000000,4.000000,4.000000,4.000000,4.000000,4.000000,4.000000,4.000000,4.000000,4.000000,4.000000,4.000000,4.000000,4.000000,100.000000,,,,,,,,,,,,,,,,,,,,,,,,,,,,,,,,,,,,,,,,,,,,,,,,,,,,,,,,,,,,,,,,,,,,,,,,,,,,,,,,,,,,,,
1676060260.373483,1676060260.373686,12.000000,0.000000,4300.897461,4277.436035,4319.743652,4322.307617,4312.436035,4289.871582,4297.436035,4312.948730,4269.615234,4303.077148,4528.333496,4491.794922,4427.820313,4459.743652,3124.000000,4.000000,85.000000,,,,0.000000,4.000000,4.000000,4.000000,4.000000,4.000000,4.000000,4.000000,4.000000,4.000000,4.000000,4.000000,4.000000,4.000000,4.000000,100.000000,,,,,,,,,,,,,,,,,,,,,,,,,,,,,,,,,,,,,,,,,,,,,,,,,,,,,,,,,,,,,,,,,,,,,,,,,,,,,,,,,,,,,,
1676060260.381291,1676060260.381495,13.000000,0.000000,4297.179688,4274.487305,4320.641113,4319.743652,4308.205078,4276.922852,4297.820313,4310.384766,4267.820313,4290.897461,4523.077148,4499.358887,4423.461426,4454.871582,3251.000000,4.000000,85.000000,,,,0.000000,4.000000,4.000000,4.000000,4.000000,4.000000,4.000000,4.000000,4.000000,4.000000,4.000000,4.000000,4.000000,4.000000,4.000000,100.000000,,,,,,,,,,,,,,,,,,,,,,,,,,,,,,,,,,,,,,,,,,,,,,,,,,,,,,,,,,,,,,,,,,,,,,,,,,,,,,,,,,,,,,
1676060260.389099,1676060260.389203,14.000000,0.000000,4294.487305,4265.384766,4315.769043,4321.410156,4301.794922,4265.000000,4296.666504,4305.769043,4262.436035,4282.948730,4510.128418,4504.615234,4411.025879,4448.974121,2738.000000,4.000000,85.000000,,,,0.000000,4.000000,4.000000,4.000000,4.000000,4.000000,4.000000,4.000000,4.000000,4.000000,4.000000,4.000000,4.000000,4.000000,4.000000,100.000000,1.000000,75.000000,4.000000,4.000000,3.000000,4.000000,4.000000,3.000000,4.000000,4.000000,4.000000,3.000000,4.000000,3.000000,4.000000,3.000000,0.808303,1.148185,1.302887,2.187156,0.827048,1.235470,1.295168,1.333186,1.858087,0.980040,1.136331,1.482201,1.833176,1.726336,0.750776,2.206364,1.090880,1.125433,1.555144,0.864492,0.669383,0.654471,0.692018,0.703268,0.445654,0.423604,0.366340,0.552987,0.305398,0.450326,0.368639,1.090188,0.862878,0.928105,0.606215,5.186826,5.527688,1.844343,1.149106,0.728628,0.262854,4.187994,1.237218,1.697335,0.837413,0.498150,1.532234,0.905764,2.131038,0.714576,15.081646,5.268682,2.138437,2.858573,1.391646,0.898760,2.595943,2.271664,2.643683,1.479316,1.170704,1.082962,1.557364,2.608525,1.308391,0.505661,1.710392,1.686671,2.673448,1.391500
1676060260.396908,1676060260.397112,15.000000,0.000000,4295.256348,4266.794922,4318.846191,4332.436035,4307.692383,4275.512695,4300.769043,4302.948730,4248.333496,4289.102539,4507.820313,4511.410156,4409.230957,4453.846191,2922.000000,4.000000,85.000000,,,,0.000000,4.000000,4.000000,4.000000,4.000000,4.000000,4.000000,4.000000,4.000000,4.000000,4.000000,4.000000,4.000000,4.000000,4.000000,100.000000,,,,,,,,,,,,,,,,,,,,,,,,,,,,,,,,,,,,,,,,,,,,,,,,,,,,,,,,,,,,,,,,,,,,,,,,,,,,,,,,,,,,,,
1676060260.404716,1676060260.404920,16.000000,0.000000,4293.846191,4271.538574,4320.128418,4332.179688,4317.820313,4281.410156,4303.717773,4300.128418,4235.000000,4281.666504,4504.102539,4513.461426,4410.897461,4458.333496,0.000000,4.000000,85.000000,,,,0.000000,4.000000,4.000000,4.000000,4.000000,4.000000,4.000000,4.000000,4.000000,4.000000,4.000000,4.000000,4.000000,4.000000,4.000000,100.000000,,,,,,,,,,,,,,,,,,,,,,,,,,,,,,,,,,,,,,,,,,,,,,,,,,,,,,,,,,,,,,,,,,,,,,,,,,,,,,,,,,,,,,
1676060260.412524,1676060260.412828,17.000000,0.000000,4306.538574,4279.615234,4324.743652,4340.128418,4330.128418,4284.487305,4310.512695,4309.743652,4247.436035,4285.256348,4509.102539,4526.025879,4417.948730,4467.307617,0.000000,4.000000,85.000000,,,,0.000000,4.000000,4.000000,4.000000,4.000000,4.000000,4.000000,4.000000,4.000000,4.000000,4.000000,4.000000,4.000000,4.000000,4.000000,100.000000,,,,,,,,,,,,,,,,,,,,,,,,,,,,,,,,,,,,,,,,,,,,,,,,,,,,,,,,,,,,,,,,,,,,,,,,,,,,,,,,,,,,,,
1676060260.420333,1676060260.420637,18.000000,0.000000,4308.846191,4279.871582,4322.820313,4345.256348,4333.333496,4287.563965,4307.563965,4313.077148,4261.025879,4299.102539,4511.153809,4525.512695,4417.948730,4468.589844,0.000000,4.000000,85.000000,,,,0.000000,4.000000,4.000000,4.000000,4.000000,4.000000,4.000000,4.000000,4.000000,4.000000,4.000000,4.000000,4.000000,4.000000,4.000000,100.000000,,,,,,,,,,,,,,,,,,,,,,,,,,,,,,,,,,,,,,,,,,,,,,,,,,,,,,,,,,,,,,,,,,,,,,,,,,,,,,,,,,,,,,
1676060260.428141,1676060260.428545,19.000000,0.000000,4283.333496,4256.794922,4296.666504,4318.333496,4322.820313,4277.692383,4282.307617,4293.846191,4246.153809,4283.589844,4485.769043,4494.230957,4400.512695,4447.051270,0.000000,4.000000,85.000000,,,,0.000000,4.000000,4.000000,4.000000,4.000000,4.000000,4.000000,4.000000,4.000000,4.000000,4.000000,4.000000,4.000000,4.000000,4.000000,100.000000,,,,,,,,,,,,,,,,,,,,,,,,,,,,,,,,,,,,,,,,,,,,,,,,,,,,,,,,,,,,,,,,,,,,,,,,,,,,,,,,,,,,,,
1676060260.435950,1676060260.436354,20.000000,0.000000,4277.820313,4247.948730,4286.922852,4305.256348,4323.974121,4273.461426,4273.205078,4288.717773,4238.846191,4267.948730,4472.051270,4485.384766,4392.051270,4436.410156,0.000000,4.000000,85.000000,,,,0.000000,4.000000,4.000000,4.000000,4.000000,4.000000,4.000000,4.000000,4.000000,4.000000,4.000000,4.000000,4.000000,4.000000,4.000000,100.000000,,,,,,,,,,,,,,,,,,,,,,,,,,,,,,,,,,,,,,,,,,,,,,,,,,,,,,,,,,,,,,,,,,,,,,,,,,,,,,,,,,,,,,
1676060260.443758,1676060260.444262,21.000000,0.000000,4296.922852,4271.666504,4305.769043,4326.666504,4337.307617,4276.666504,4286.410156,4303.717773,4255.641113,4291.666504,4487.820313,4506.025879,4397.563965,4448.846191,0.000000,4.000000,85.000000,,,,0.000000,4.000000,4.000000,4.000000,4.000000,4.000000,4.000000,4.000000,4.000000,4.000000,4.000000,4.000000,4.000000,4.000000,4.000000,100.000000,,,,,,,,,,,,,,,,,,,,,,,,,,,,,,,,,,,,,,,,,,,,,,,,,,,,,,,,,,,,,,,,,,,,,,,,,,,,,,,,,,,,,,
1676060260.451566,1676060260.452071,22.000000,0.000000,4298.205078,4276.666504,4307.179688,4326.922852,4336.922852,4268.717773,4286.410156,4307.436035,4260.512695,4307.051270,4489.358887,4508.077148,4397.179688,4453.974121,0.000000,4.000000,85.000000,,,,0.000000,4.000000,4.000000,4.000000,4.000000,4.000000,4.000000,4.000000,4.000000,4.000000,4.000000,4.000000,4.000000,4.000000,4.000000,100.000000,,,,,,,,,,,,,,,,,,,,,,,,,,,,,,,,,,,,,,,,,,,,,,,,,,,,,,,,,,,,,,,,,,,,,,,,,,,,,,,,,,,,,,
1676060260.459375,1676060260.459979,23.000000,0.000000,4293.333496,4263.077148,4297.179688,4312.692383,4330.769043,4261.794922,4277.179688,4298.205078,4246.025879,4289.358887,4477.692383,4494.487305,4397.436035,4455.897461,0.000000,4.000000,85.000000,,,,0.000000,4.000000,4.000000,4.000000,4.000000,4.000000,4.000000,4.000000,4.000000,4.000000,4.000000,4.000000,4.000000,4.000000,4.000000,100.000000,,,,,,,,,,,,,,,,,,,,,,,,,,,,,,,,,,,,,,,,,,,,,,,,,,,,,,,,,,,,,,,,,,,,,,,,,,,,,,,,,,,,,,
1676060260.467183,1676060260.467787,24.000000,0.000000,4291.153809,4263.846191,4296.794922,4314.358887,4333.333496,4259.871582,4273.333496,4283.205078,4225.000000,4269.102539,4468.077148,4481.538574,4383.589844,4444.358887,0.000000,4.000000,85.000000,,,,0.000000,4.000000,4.000000,4.000000,4.000000,4.000000,4.000000,4.000000,4.000000,4.000000,4.000000,4.000000,4.000000,4.000000,4.000000,100.000000,,,,,,,,,,,,,,,,,,,,,,,,,,,,,,,,,,,,,,,,,,,,,,,,,,,,,,,,,,,,,,,,,,,,,,,,,,,,,,,,,,,,,,
1676060260.474991,1676060260.475496,25.000000,0.000000,4299.743652,4286.794922,4315.769043,4333.589844,4352.179688,4268.589844,4289.871582,4292.307617,4230.769043,4275.897461,4477.692383,4498.589844,4373.077148,4439.615234,0.000000,4.000000,85.000000,,,,0.000000,4.000000,4.000000,4.000000,4.000000,4.000000,4.000000,4.000000,4.000000,4.000000,4.000000,4.000000,4.000000,4.000000,4.000000,100.000000,,,,,,,,,,,,,,,,,,,,,,,,,,,,,,,,,,,,,,,,,,,,,,,,,,,,,,,,,,,,,,,,,,,,,,,,,,,,,,,,,,,,,,
1676060260.482800,1676060260.483304,26.000000,0.000000,4335.000000,4318.077148,4347.820313,4361.410156,4377.820313,4290.641113,4317.692383,4325.256348,4262.436035,4305.769043,4517.436035,4545.641113,4409.358887,4481.282227,0.000000,4.000000,85.000000,,,,0.000000,4.000000,4.000000,4.000000,4.000000,4.000000,4.000000,4.000000,4.000000,4.000000,4.000000,4.000000,4.000000,4.000000,4.000000,100.000000,,,,,,,,,,,,,,,,,,,,,,,,,,,,,,,,,,,,,,,,,,,,,,,,,,,,,,,,,,,,,,,,,,,,,,,,,,,,,,,,,,,,,,
1676060260.490608,1676060260.491013,27.000000,0.000000,4349.230957,4317.948730,4354.615234,4366.025879,4391.410156,4301.153809,4324.102539,4327.563965,4264.230957,4311.922852,4537.692383,4558.717773,4439.743652,4511.282227,0.000000,4.000000,85.000000,,,,0.000000,4.000000,4.000000,4.000000,4.000000,4.000000,4.000000,4.000000,4.000000,4.000000,4.000000,4.000000,4.000000,4.000000,4.000000,100.000000,,,,,,,,,,,,,,,,,,,,,,,,,,,,,,,,,,,,,,,,,,,,,,,,,,,,,,,,,,,,,,,,,,,,,,,,,,,,,,,,,,,,,,
1676060260.498417,1676060260.498821,28.000000,0.000000,4327.179688,4294.487305,4337.436035,4350.384766,4394.743652,4290.897461,4309.230957,4308.717773,4242.051270,4290.256348,4520.769043,4534.487305,4421.282227,4494.358887,0.000000,4.000000,85.000000,,,,0.000000,4.000000,4.000000,4.000000,4.000000,4.000000,4.000000,4.000000,4.000000,4.000000,4.000000,4.000000,4.000000,4.000000,4.000000,100.000000,,,,,,,,,,,,,,,,,,,,,,,,,,,,,,,,,,,,,,,,,,,,,,,,,,,,,,,,,,,,,,,,,,,,,,,,,,,,,,,,,,,,,,
1676060260.506225,1676060260.506530,29.000000,0.000000,4329.487305,4300.897461,4341.025879,4354.487305,4400.641113,4285.384766,4301.410156,4314.230957,4247.948730,4291.794922,4519.487305,4534.615234,4415.769043,4490.769043,0.000000,4.000000,85.000000,,,,0.000000,4.000000,4.000000,4.000000,4.000000,4.000000,4.000000,4.000000,4.000000,4.000000,4.000000,4.000000,4.000000,4.000000,4.000000,100.000000,,,,,,,,,,,,,,,,,,,,,,,,,,,,,,,,,,,,,,,,,,,,,,,,,,,,,,,,,,,,,,,,,,,,,,,,,,,,,,,,,,,,,,
1676060260.514033,1676060260.514338,30.000000,0.000000,4336.410156,4311.153809,4341.666504,4353.846191,4400.128418,4282.563965,4294.743652,4313.974121,4255.128418,4302.563965,4508.205078,4528.974121,4414.487305,4487.692383,0.000000,4.000000,85.000000,,,,0.000000,4.000000,4.000000,4.000000,4.000000,4.000000,4.000000,4.000000,4.000000,4.000000,4.000000,4.000000,4.000000,4.000000,4.000000,100.000000,,,,,,,,,,,,,,,,,0.778906,1.458296,1.490905,2.210915,0.828980,1.867919,1.580057,1.268196,1.900619,0.917405,1.264112,1.661712,2.084329,1.735401,0.768613,2.167348,1.338290,1.131863,1.597507,0.850917,0.728655,0.769784,0.641541,0.701910,0.435206,0.503475,0.443638,0.580913,0.314525,0.491249,0.368611,1.113137,0.979346,0.933404,0.636463,3.782877,5.651404,1.975687,1.158976,0.769062,0.383256,4.235338,1.252369,1.801193,0.844579,0.506232,1.741140,1.050544,2.040004,0.687658,17.475792,6.222582,2.389902,2.936840,1.380055,1.008569,3.321479,2.671717,2.717435,1.434972,1.836277,1.831918,1.825520,2.714104,1.232922,0.561848,2.199657,2.160654,2.769931,1.318368
1676060260.521842,1676060260.522047,31.000000,0.000000,4310.897461,4289.871582,4309.615234,4330.000000,4397.307617,4268.205078,4278.589844,4289.615234,4231.410156,4280.641113,4463.846191,4492.948730,4376.922852,4450.256348,0.000000,4.000000,85.000000,,,,0.000000,4.000000,4.000000,4.000000,4.000000,4.000000,4.000000,4.000000,4.000000,4.000000,4.000000,4.000000,4.000000,4.000000,4.000000,100.000000,,,,,,,,,,,,,,,,,,,,,,,,,,,,,,,,,,,,,,,,,,,,,,,,,,,,,,,,,,,,,,,,,,,,,,,,,,,,,,,,,,,,,,
1676060260.529650,1676060260.529855,32.000000,0.000000,4310.000000,4293.589844,4311.794922,4339.102539,4416.282227,4270.256348,4284.871582,4294.358887,4230.897461,4272.692383,4466.153809,4497.692383,4374.230957,4446.794922,0.000000,4.000000,85.000000,,,,0.000000,4.000000,4.000000,4.000000,4.000000,4.000000,4.000000,4.000000,4.000000,4.000000,4.000000,4.000000,4.000000,4.000000,4.000000,100.000000,,,,,,,,,,,,,,,,,,,,,,,,,,,,,,,,,,,,,,,,,,,,,,,,,,,,,,,,,,,,,,,,,,,,,,,,,,,,,,,,,,,,,,
1676060260.537459,1676060260.537564,33.000000,0.000000,4337.436035,4322.820313,4349.102539,4368.077148,4442.563965,4291.922852,4312.436035,4325.000000,4262.436035,4306.410156,4511.025879,4540.128418,4420.128418,4487.051270,0.000000,4.000000,85.000000,,,,0.000000,4.000000,4.000000,4.000000,4.000000,4.000000,4.000000,4.000000,4.000000,4.000000,4.000000,4.000000,4.000000,4.000000,4.000000,100.000000,,,,,,,,,,,,,,,,,,,,,,,,,,,,,,,,,,,,,,,,,,,,,,,,,,,,,,,,,,,,,,,,,,,,,,,,,,,,,,,,,,,,,,
1676060260.545267,1676060260.545472,34.000000,0.000000,4337.436035,4318.077148,4348.589844,4361.153809,4448.077148,4298.846191,4321.922852,4335.641113,4275.128418,4326.282227,4521.025879,4550.000000,4437.051270,4501.922852,0.000000,4.000000,85.000000,,,,0.000000,4.000000,4.000000,4.000000,4.000000,4.000000,4.000000,4.000000,4.000000,4.000000,4.000000,4.000000,4.000000,4.000000,4.000000,100.000000,,,,,,,,,,,,,,,,,,,,,,,,,,,,,,,,,,,,,,,,,,,,,,,,,,,,,,,,,,,,,,,,,,,,,,,,,,,,,,,,,,,,,,
1676060260.553075,1676060260.553281,35.000000,0.000000,4317.563965,4295.897461,4318.717773,4336.153809,4437.436035,4284.230957,4303.974121,4318.846191,4257.692383,4298.589844,4491.794922,4522.307617,4407.179688,4477.179688,0.000000,4.000000,85.000000,,,,0.000000,4.000000,4.000000,4.000000,4.000000,4.000000,4.000000,4.000000,4.000000,4.000000,4.000000,4.000000,4.000000,4.000000,4.000000,100.000000,,,,,,,,,,,,,,,,,,,,,,,,,,,,,,,,,,,,,,,,,,,,,,,,,,,,,,,,,,,,,,,,,,,,,,,,,,,,,,,,,,,,,,
1676060260.560884,1676060260.561189,36.000000,0.000000,4301.153809,4286.025879,4305.512695,4323.589844,4432.692383,4275.000000,4289.102539,4296.153809,4233.077148,4261.025879,4454.230957,4489.871582,4368.333496,4438.461426,0.000000,4.000000,85.000000,,,,0.000000,4.000000,4.000000,4.000000,4.000000,4.000000,4.000000,4.000000,4.000000,4.000000,4.000000,4.000000,4.000000,4.000000,4.000000,100.000000,,,,,,,,,,,,,,,,,,,,,,,,,,,,,,,,,,,,,,,,,,,,,,,,,,,,,,,,,,,,,,,,,,,,,,,,,,,,,,,,,,,,,,
1676060260.568692,1676060260.568997,37.000000,0.000000,4292.436035,4287.307617,4312.179688,4324.487305,4440.769043,4279.102539,4294.871582,4295.256348,4227.179688,4262.820313,4439.743652,4484.102539,4355.128418,4423.717773,0.000000,4.000000,85.000000,,,,0.000000,4.000000,4.000000,4.000000,4.000000,4.000000,4.000000,4.000000,4.000000,4.000000,4.000000,4.000000,4.000000,4.000000,4.000000,100.000000,,,,,,,,,,,,,,,,,,,,,,,,,,,,,,,,,,,,,,,,,,,,,,,,,,,,,,,,,,,,,,,,,,,,,,,,,,,,,,,,,,,,,,
1676060260.576501,1676060260.576906,38.000000,0.000000,4302.307617,4304.102539,4322.051270,4335.384766,4457.563965,4283.461426,4302.948730,4310.512695,4241.025879,4290.128418,4456.410156,4503.461426,4375.512695,4446.025879,0.000000,4.000000,85.000000,,,,0.000000,4.000000,4.000000,4.000000,4.000000,4.000000,4.000000,4.000000,4.000000,4.000000,4.000000,4.000000,4.000000,4.000000,4.000000,100.000000,,,,,,,,,,,,,,,,,,,,,,,,,,,,,,,,,,,,,,,,,,,,,,,,,,,,,,,,,,,,,,,,,,,,,,,,,,,,,,,,,,,,,,
1676060260.584309,1676060260.584714,39.000000,0.000000,4317.179688,4321.282227,4327.948730,4345.641113,4469.871582,4288.717773,4304.102539,4315.512695,4250.512695,4297.692383,4473.205078,4513.205078,4396.794922,4465.897461,0.000000,4.000000,85.000000,,,,0.000000,4.000000,4.000000,4.000000,4.000000,4.000000,4.000000,4.000000,4.000000,4.000000,4.000000,4.000000,4.000000,4.000000,4.000000,100.000000,,,,,,,,,,,,,,,,,,,,,,,,,,,,,,,,,,,,,,,,,,,,,,,,,,,,,,,,,,,,,,,,,,,,,,,,,,,,,,,,,,,,,,
1676060260.592117,1676060260.592623,40.000000,0.000000,4311.666504,4316.538574,4326.666504,4344.358887,4474.487305,4293.333496,4303.846191,4312.307617,4245.769043,4287.692383,4473.333496,4506.282227,4397.436035,4462.948730,0.000000,4.000000,85.000000,,,,0.000000,4.000000,4.000000,4.000000,4.000000,4.000000,4.000000,4.000000,4.000000,4.000000,4.000000,4.000000,4.000000,4.000000,4.000000,100.000000,,,,,,,,,,,,,,,,,,,,,,,,,,,,,,,,,,,,,,,,,,,,,,,,,,,,,,,,,,,,,,,,,,,,,,,,,,,,,,,,,,,,,,
1676060260.599926,1676060260.600431,41.000000,0.000000,4310.128418,4316.282227,4329.743652,4344.230957,4485.512695,4298.077148,4306.282227,4320.641113,4251.410156,4298.205078,4482.948730,4510.384766,4407.179688,4466.922852,0.000000,4.000000,85.000000,,,,0.000000,4.000000,4.000000,4.000000,4.000000,4.000000,4.000000,4.000000,4.000000,4.000000,4.000000,4.000000,4.000000,4.000000,4.000000,100.000000,,,,,,,,,,,,,,,,,,,,,,,,,,,,,,,,,,,,,,,,,,,,,,,,,,,,,,,,,,,,,,,,,,,,,,,,,,,,,,,,,,,,,,
1676060260.607734,1676060260.608339,42.000000,0.000000,4315.128418,4322.179688,4328.077148,4342.436035,4488.461426,4293.077148,4301.794922,4321.666504,4254.615234,4301.794922,4480.128418,4507.692383,4406.538574,4460.641113,0.000000,4.000000,85.000000,,,,0.000000,4.000000,4.000000,4.000000,4.000000,4.000000,4.000000,4.000000,4.000000,4.000000,4.000000,4.000000,4.000000,4.000000,4.000000,100.000000,,,,,,,,,,,,,,,,,,,,,,,,,,,,,,,,,,,,,,,,,,,,,,,,,,,,,,,,,,,,,,,,,,,,,,,,,,,,,,,,,,,,,,
1676060260.615543,1676060260.616148,43.000000,0.000000,4300.641113,4304.487305,4309.871582,4330.384766,4476.538574,4281.794922,4291.538574,4302.051270,4237.692383,4271.922852,4448.333496,4481.410156,4371.666504,4431.025879,0.000000,4.000000,85.000000,,,,0.000000,4.000000,4.000000,4.000000,4.000000,4.000000,4.000000,4.000000,4.000000,4.000000,4.000000,4.000000,4.000000,4.000000,4.000000,100.000000,,,,,,,,,,,,,,,,,,,,,,,,,,,,,,,,,,,,,,,,,,,,,,,,,,,,,,,,,,,,,,,,,,,,,,,,,,,,,,,,,,,,,,
1676060260.623351,1676060260.624056,44.000000,0.000000,4288.717773,4289.871582,4301.922852,4321.282227,4474.615234,4278.846191,4286.922852,4292.436035,4232.179688,4262.563965,4434.871582,4467.563965,4359.102539,4424.358887,0.000000,4.000000,85.000000,,,,0.000000,4.000000,4.000000,4.000000,4.000000,4.000000,4.000000,4.000000,4.000000,4.000000,4.000000,4.000000,4.000000,4.000000,4.000000,100.000000,,,,,,,,,,,,,,,,,,,,,,,,,,,,,,,,,,,,,,,,,,,,,,,,,,,,,,,,,,,,,,,,,,,,,,,,,,,,,,,,,,,,,,
1676060260.631159,1676060260.631865,45.000000,0.000000,4297.051270,4301.666504,4314.358887,4327.051270,4487.563965,4281.282227,4292.436035,4307.820313,4246.153809,4286.282227,4451.794922,4485.641113,4379.871582,4443.717773,0.000000,4.000000,85.000000,,,,0.000000,4.000000,4.000000,4.000000,4.000000,4.000000,4.000000,4.000000,4.000000,4.000000,4.000000,4.000000,4.000000,4.000000,4.000000,100.000000,,,,,,,,,,,,,,,,,,,,,,,,,,,,,,,,,,,,,,,,,,,,,,,,,,,,,,,,,,,,,,,,,,,,,,,,,,,,,,,,,,,,,,
1676060260.638968,1676060260.639773,46.000000,0.000000,4303.205078,4313.717773,4327.563965,4338.333496,4496.410156,4288.974121,4305.641113,4328.333496,4257.436035,4303.205078,4470.000000,4509.615234,4390.256348,4452.307617,0.000000,4.000000,85.000000,,,,0.000000,4.000000,4.000000,4.000000,4.000000,4.000000,4.000000,4.000000,4.000000,4.000000,4.000000,4.000000,4.000000,4.000000,4.000000,100.000000,,,,,,,,,,,,,,,,,0.813072,1.827771,1.720869,2.055783,0.890276,2.760709,1.772076,1.196159,1.799380,0.911830,1.384378,1.907099,2.321894,1.596427,0.863139,2.154463,1.561338,1.130895,1.522807,0.913615,0.791332,0.886445,0.554571,0.659880,0.446832,0.539081,0.545248,0.618831,0.313372,0.534442,0.369085,1.156864,1.046427,0.860538,0.699106,2.368373,5.199360,2.073989,1.091186,0.874998,0.549372,3.834586,1.308341,1.763443,0.880190,0.519960,1.895452,1.277230,1.821028,0.702506,18.005348,6.821525,2.789292,2.824935,1.472536,1.155721,4.052280,3.149620,2.621489,1.492276,3.117490,3.061365,2.306617,2.650347,1.225749,0.696331,2.934294,2.779511,2.679016,1.331336
1676060260.646776,1676060260.647581,47.000000,0.000000,4298.333496,4306.153809,4325.256348,4336.538574,4494.487305,4292.692383,4307.179688,4328.846191,4255.769043,4297.820313,4471.922852,4510.641113,4387.820313,4448.589844,0.000000,4.000000,85.000000,,,,0.000000,4.000000,4.000000,4.000000,4.000000,4.000000,4.000000,4.000000,4.000000,4.000000,4.000000,4.000000,4.000000,4.000000,4.000000,100.000000,,,,,,,,,,,,,,,,,,,,,,,,,,,,,,,,,,,,,,,,,,,,,,,,,,,,,,,,,,,,,,,,,,,,,,,,,,,,,,,,,,,,,,
1676060260.654584,1676060260.655290,48.000000,0.000000,4293.717773,4296.410156,4313.077148,4323.846191,4490.384766,4284.615234,4293.846191,4313.717773,4247.820313,4286.153809,4461.153809,4496.025879,4390.256348,4445.897461,0.000000,4.000000,85.000000,,,,0.000000,4.000000,4.000000,4.000000,4.000000,4.000000,4.000000,4.000000,4.000000,4.000000,4.000000,4.000000,4.000000,4.000000,4.000000,100.000000,,,,,,,,,,,,,,,,,,,,,,,,,,,,,,,,,,,,,,,,,,,,,,,,,,,,,,,,,,,,,,,,,,,,,,,,,,,,,,,,,,,,,,
1676060260.662393,1676060260.663098,49.000000,0.000000,4293.205078,4301.025879,4309.615234,4322.948730,4494.871582,4284.871582,4292.820313,4310.769043,4243.461426,4285.384766,4456.410156,4493.205078,4391.922852,4447.692383,0.000000,4.000000,85.000000,,,,0.000000,4.000000,4.000000,4.000000,4.000000,4.000000,4.000000,4.000000,4.000000,4.000000,4.000000,4.000000,4.000000,4.000000,4.000000,100.000000,,,,,,,,,,,,,,,,,,,,,,,,,,,,,,,,,,,,,,,,,,,,,,,,,,,,,,,,,,,,,,,,,,,,,,,,,,,,,,,,,,,,,,
1676060260.670201,1676060260.670807,50.000000,0.000000,4306.025879,4317.307617,4325.384766,4339.358887,4508.974121,4298.589844,4310.128418,4324.487305,4252.307617,4299.358887,4470.384766,4509.743652,4394.487305,4457.948730,0.000000,4.000000,85.000000,,,,0.000000,4.000000,4.000000,4.000000,4.000000,4.000000,4.000000,4.000000,4.000000,4.000000,4.000000,4.000000,4.000000,4.000000,4.000000,100.000000,,,,,,,,,,,,,,,,,,,,,,,,,,,,,,,,,,,,,,,,,,,,,,,,,,,,,,,,,,,,,,,,,,,,,,,,,,,,,,,,,,,,,,
1676060260.678009,1676060260.678615,51.000000,0.000000,4322.307617,4323.846191,4333.205078,4344.487305,4514.230957,4302.948730,4315.128418,4326.538574,4256.794922,4298.717773,4473.205078,4517.436035,4392.948730,4458.974121,0.000000,4.000000,85.000000,,,,0.000000,4.000000,4.000000,4.000000,4.000000,4.000000,4.000000,4.000000,4.000000,4.000000,4.000000,4.000000,4.000000,4.000000,4.000000,100.000000,,,,,,,,,,,,,,,,,,,,,,,,,,,,,,,,,,,,,,,,,,,,,,,,,,,,,,,,,,,,,,,,,,,,,,,,,,,,,,,,,,,,,,
1676060260.685818,1676060260.686324,52.000000,0.000000,4309.871582,4310.256348,4317.179688,4330.769043,4505.769043,4294.487305,4301.025879,4306.922852,4239.615234,4272.436035,4447.948730,4498.589844,4376.282227,4437.179688,0.000000,4.000000,85.000000,,,,0.000000,4.000000,4.000000,4.000000,4.000000,4.000000,4.000000,4.000000,4.000000,4.000000,4.000000,4.000000,4.000000,4.000000,4.000000,100.000000,,,,,,,,,,,,,,,,,,,,,,,,,,,,,,,,,,,,,,,,,,,,,,,,,,,,,,,,,,,,,,,,,,,,,,,,,,,,,,,,,,,,,,
1676060260.693626,1676060260.694132,53.000000,0.000000,4293.974121,4307.051270,4312.307617,4328.717773,4504.615234,4287.179688,4293.077148,4300.256348,4233.333496,4272.820313,4446.538574,4492.436035,4380.128418,4436.282227,0.000000,4.000000,85.000000,,,,0.000000,4.000000,4.000000,4.000000,4.000000,4.000000,4.000000,4.000000,4.000000,4.000000,4.000000,4.000000,4.000000,4.000000,4.000000,100.000000,,,,,,,,,,,,,,,,,,,,,,,,,,,,,,,,,,,,,,,,,,,,,,,,,,,,,,,,,,,,,,,,,,,,,,,,,,,,,,,,,,,,,,
1676060260.701435,1676060260.701841,54.000000,0.000000,4298.589844,4314.230957,4320.512695,4335.256348,4505.769043,4280.384766,4297.436035,4311.538574,4249.615234,4297.820313,4466.794922,4506.666504,4400.128418,4452.692383,0.000000,4.000000,85.000000,,,,0.000000,4.000000,4.000000,4.000000,4.000000,4.000000,4.000000,4.000000,4.000000,4.000000,4.000000,4.000000,4.000000,4.000000,4.000000,100.000000,,,,,,,,,,,,,,,,,,,,,,,,,,,,,,,,,,,,,,,,,,,,,,,,,,,,,,,,,,,,,,,,,,,,,,,,,,,,,,,,,,,,,,
1676060260.709243,1676060260.709649,55.000000,0.000000,4292.948730,4304.102539,4315.128418,4324.230957,4497.179688,4284.487305,4301.025879,4315.897461,4256.153809,4298.717773,4462.692383,4501.025879,4396.410156,4442.820313,0.000000,4.000000,85.000000,,,,0.000000,4.000000,4.000000,4.000000,4.000000,4.000000,4.000000,4.000000,4.000000,4.000000,4.000000,4.000000,4.000000,4.000000,4.000000,100.000000,,,,,,,,,,,,,,,,,,,,,,,,,,,,,,,,,,,,,,,,,,,,,,,,,,,,,,,,,,,,,,,,,,,,,,,,,,,,,,,,,,,,,,
1676060260.717051,1676060260.717358,56.000000,0.000000,4270.384766,4285.641113,4298.846191,4308.077148,4489.743652,4295.641113,4294.102539,4304.871582,4239.102539,4281.282227,4443.077148,4477.820313,4382.051270,4424.102539,0.000000,4.000000,85.000000,,,,0.000000,4.000000,4.000000,4.000000,4.000000,4.000000,4.000000,4.000000,4.000000,4.000000,4.000000,4.000000,4.000000,4.000000,4.000000,100.000000,,,,,,,,,,,,,,,,,,,,,,,,,,,,,,,,,,,,,,,,,,,,,,,,,,,,,,,,,,,,,,,,,,,,,,,,,,,,,,,,,,,,,,
1676060260.724860,1676060260.725166,57.000000,0.000000,4264.358887,4282.948730,4287.692383,4305.769043,4490.384766,4295.641113,4287.692383,4294.358887,4229.230957,4274.102539,4433.974121,4468.333496,4378.205078,4422.948730,0.000000,4.000000,85.000000,,,,0.000000,4.000000,4.000000,4.000000,4.000000,4.000000,4.000000,4.000000,4.000000,4.000000,4.000000,4.000000,4.000000,4.000000,4.000000,100.000000,,,,,,,,,,,,,,,,,,,,,,,,,,,,,,,,,,,,,,,,,,,,,,,,,,,,,,,,,,,,,,,,,,,,,,,,,,,,,,,,,,,,,,
1676060260.732668,1676060260.732875,58.000000,0.000000,4275.769043,4297.436035,4297.563965,4311.794922,4493.205078,4293.974121,4297.307617,4306.282227,4247.179688,4280.128418,4437.692383,4473.974121,4379.615234,4426.410156,0.000000,4.000000,85.000000,,,,0.000000,4.000000,4.000000,4.000000,4.000000,4.000000,4.000000,4.000000,4.000000,4.000000,4.000000,4.000000,4.000000,4.000000,4.000000,100.000000,,,,,,,,,,,,,,,,,,,,,,,,,,,,,,,,,,,,,,,,,,,,,,,,,,,,,,,,,,,,,,,,,,,,,,,,,,,,,,,,,,,,,,
1676060260.740476,1676060260.740683,59.000000,0.000000,4285.256348,4311.922852,4313.717773,4317.436035,4492.820313,4298.205078,4306.666504,4322.563965,4263.333496,4290.256348,4442.436035,4477.051270,4375.641113,4426.282227,0.000000,4.000000,85.000000,,,,0.000000,4.000000,4.000000,4.000000,4.000000,4.000000,4.000000,4.000000,4.000000,4.000000,4.000000,4.000000,4.000000,4.000000,4.000000,100.000000,,,,,,,,,,,,,,,,,,,,,,,,,,,,,,,,,,,,,,,,,,,,,,,,,,,,,,,,,,,,,,,,,,,,,,,,,,,,,,,,,,,,,,
1676060260.748285,1676060260.748392,60.000000,0.000000,4285.512695,4314.230957,4309.615234,4319.615234,4488.589844,4299.102539,4300.769043,4321.153809,4262.179688,4298.589844,4446.922852,4480.641113,4377.436035,4428.974121,0.000000,4.000000,85.000000,,,,0.000000,4.000000,4.000000,4.000000,4.000000,4.000000,4.000000,4.000000,4.000000,4.000000,4.000000,4.000000,4.000000,4.000000,4.000000,100.000000,,,,,,,,,,,,,,,,,,,,,,,,,,,,,,,,,,,,,,,,,,,,,,,,,,,,,,,,,,,,,,,,,,,,,,,,,,,,,,,,,,,,,,
1676060260.756093,1676060260.756200,61.000000,0.000000,4268.589844,4295.769043,4290.000000,4305.897461,4472.436035,4286.025879,4289.743652,4310.384766,4249.743652,4280.256348,4436.410156,4468.717773,4370.769043,4416.922852,0.000000,4.000000,85.000000,,,,0.000000,4.000000,4.000000,4.000000,4.000000,4.000000,4.000000,4.000000,4.000000,4.000000,4.000000,4.000000,4.000000,4.000000,4.000000,100.000000,,,,,,,,,,,,,,,,,,,,,,,,,,,,,,,,,,,,,,,,,,,,,,,,,,,,,,,,,,,,,,,,,,,,,,,,,,,,,,,,,,,,,,
1676060260.763902,1676060260.763909,62.000000,0.000000,4259.487305,4279.358887,4289.871582,4289.743652,4456.666504,4277.948730,4288.974121,4305.641113,4241.794922,4255.128418,4424.871582,4453.974121,4357.692383,4403.846191,0.000000,4.000000,85.000000,,,,0.000000,4.000000,4.000000,4.000000,4.000000,4.000000,4.000000,4.000000,4.000000,4.000000,4.000000,4.000000,4.000000,4.000000,4.000000,100.000000,,,,,,,,,,,,,,,,,0.942119,2.180958,1.940834,1.802230,0.999275,3.844079,1.822292,1.142887,1.601527,0.962945,1.520640,2.180688,2.476018,1.378286,1.024269,2.155869,1.732394,1.138926,1.380101,1.033949,0.832483,0.992855,0.474285,0.604441,0.481501,0.513657,0.676627,0.672503,0.317202,0.568129,0.381935,1.281253,1.099466,0.760774,0.793190,1.310867,4.318958,2.181509,0.994107,1.027317,0.728993,3.114432,1.460931,1.617663,0.945789,0.566811,1.963398,1.530223,1.559904,0.762308,16.925383,7.093835,3.327758,2.619255,1.638244,1.308429,4.703765,3.611890,2.443760,1.633645,4.943757,4.624265,2.942336,2.498171,1.271856,0.947638,3.809088,3.428788,2.486853,1.400810
1676060260.771710,1676060260.771817,63.000000,0.000000,4282.051270,4297.563965,4312.820313,4305.769043,4462.563965,4292.436035,4299.358887,4311.153809,4248.077148,4273.974121,4439.615234,4471.922852,4369.230957,4423.205078,0.000000,4.000000,85.000000,,,,0.000000,4.000000,4.000000,4.000000,4.000000,4.000000,4.000000,4.000000,4.000000,4.000000,4.000000,4.000000,4.000000,4.000000,4.000000,100.000000,,,,,,,,,,,,,,,,,,,,,,,,,,,,,,,,,,,,,,,,,,,,,,,,,,,,,,,,,,,,,,,,,,,,,,,,,,,,,,,,,,,,,,
1676060260.779518,1676060260.779626,64.000000,0.000000,4291.153809,4312.948730,4311.794922,4321.410156,4464.615234,4296.538574,4292.820313,4303.461426,4238.974121,4290.384766,4433.846191,4474.230957,4365.769043,4426.794922,2531.000000,4.000000,85.000000,,,,0.000000,4.000000,4.000000,4.000000,4.000000,4.000000,4.000000,4.000000,4.000000,4.000000,4.000000,4.000000,4.000000,4.000000,4.000000,100.000000,,,,,,,,,,,,,,,,,,,,,,,,,,,,,,,,,,,,,,,,,,,,,,,,,,,,,,,,,,,,,,,,,,,,,,,,,,,,,,,,,,,,,,
1676060260.787327,1676060260.787534,65.000000,0.000000,4271.922852,4304.615234,4291.153809,4310.000000,4456.153809,4287.436035,4275.512695,4284.102539,4212.563965,4263.717773,4399.615234,4438.205078,4332.948730,4393.205078,2483.000000,4.000000,85.000000,,,,0.000000,4.000000,4.000000,4.000000,4.000000,4.000000,4.000000,4.000000,4.000000,4.000000,4.000000,4.000000,4.000000,4.000000,4.000000,100.000000,,,,,,,,,,,,,,,,,,,,,,,,,,,,,,,,,,,,,,,,,,,,,,,,,,,,,,,,,,,,,,,,,,,,,,,,,,,,,,,,,,,,,,
1676060260.795135,1676060260.795342,66.000000,0.000000,4282.179688,4321.025879,4309.615234,4320.769043,4468.077148,4300.256348,4295.128418,4300.384766,4232.436035,4266.410156,4416.153809,4449.230957,4342.692383,4400.128418,2418.000000,4.000000,85.000000,,,,0.000000,4.000000,4.000000,4.000000,4.000000,4.000000,4.000000,4.000000,4.000000,4.000000,4.000000,4.000000,4.000000,4.000000,4.000000,100.000000,,,,,,,,,,,,,,,,,,,,,,,,,,,,,,,,,,,,,,,,,,,,,,,,,,,,,,,,,,,,,,,,,,,,,,,,,,,,,,,,,,,,,,
1676060260.802944,1676060260.803251,67.000000,0.000000,4309.102539,4345.769043,4338.077148,4343.333496,4479.871582,4317.436035,4326.922852,4335.641113,4277.820313,4310.512695,4467.563965,4501.025879,4387.948730,4444.743652,2486.000000,4.000000,85.000000,,,,0.000000,4.000000,4.000000,4.000000,4.000000,4.000000,4.000000,4.000000,4.000000,4.000000,4.000000,4.000000,4.000000,4.000000,4.000000,100.000000,,,,,,,,,,,,,,,,,,,,,,,,,,,,,,,,,,,,,,,,,,,,,,,,,,,,,,,,,,,,,,,,,,,,,,,,,,,,,,,,,,,,,,
1676060260.810752,1676060260.811059,68.000000,0.000000,4296.153809,4329.871582,4316.282227,4326.538574,4457.307617,4306.025879,4309.743652,4324.102539,4268.461426,4310.897461,4458.461426,4490.128418,4386.153809,4441.666504,2433.000000,4.000000,85.000000,,,,0.000000,4.000000,4.000000,4.000000,4.000000,4.000000,4.000000,4.000000,4.000000,4.000000,4.000000,4.000000,4.000000,4.000000,4.000000,100.000000,,,,,,,,,,,,,,,,,,,,,,,,,,,,,,,,,,,,,,,,,,,,,,,,,,,,,,,,,,,,,,,,,,,,,,,,,,,,,,,,,,,,,,
1676060260.818560,1676060260.818968,69.000000,0.000000,4274.102539,4317.436035,4293.846191,4311.410156,4438.717773,4295.897461,4286.153809,4301.794922,4238.461426,4278.205078,4423.974121,4450.641113,4360.384766,4412.948730,2391.000000,4.000000,85.000000,,,,0.000000,4.000000,4.000000,4.000000,4.000000,4.000000,4.000000,4.000000,4.000000,4.000000,4.000000,4.000000,4.000000,4.000000,4.000000,100.000000,,,,,,,,,,,,,,,,,,,,,,,,,,,,,,,,,,,,,,,,,,,,,,,,,,,,,,,,,,,,,,,,,,,,,,,,,,,,,,,,,,,,,,
1676060260.826369,1676060260.826776,70.000000,0.000000,4281.922852,4337.307617,4314.743652,4329.615234,4449.743652,4302.179688,4302.948730,4321.666504,4249.743652,4275.512695,4430.256348,4460.128418,4360.897461,4414.615234,2237.000000,4.000000,85.000000,,,,0.000000,4.000000,4.000000,4.000000,4.000000,4.000000,4.000000,4.000000,4.000000,4.000000,4.000000,4.000000,4.000000,4.000000,4.000000,100.000000,,,,,,,,,,,,,,,,,,,,,,,,,,,,,,,,,,,,,,,,,,,,,,,,,,,,,,,,,,,,,,,,,,,,,,,,,,,,,,,,,,,,,,
1676060260.834177,1676060260.834684,71.000000,0.000000,4289.358887,4330.769043,4316.025879,4324.230957,4442.307617,4298.077148,4305.256348,4328.974121,4258.461426,4284.358887,4433.589844,4472.307617,4355.641113,4415.000000,2231.000000,4.000000,85.000000,,,,0.000000,4.000000,4.000000,4.000000,4.000000,4.000000,4.000000,4.000000,4.000000,4.000000,4.000000,4.000000,4.000000,4.000000,4.000000,100.000000,,,,,,,,,,,,,,,,,,,,,,,,,,,,,,,,,,,,,,,,,,,,,,,,,,,,,,,,,,,,,,,,,,,,,,,,,,,,,,,,,,,,,,
1676060260.841986,1676060260.842493,72.000000,0.000000,4275.128418,4295.641113,4290.128418,4291.410156,4416.794922,4289.230957,4277.436035,4298.974121,4234.230957,4277.051270,4412.563965,4452.948730,4340.256348,4399.230957,2286.000000,4.000000,85.000000,,,,0.000000,4.000000,4.000000,4.000000,4.000000,4.000000,4.000000,4.000000,4.000000,4.000000,4.000000,4.000000,4.000000,4.000000,4.000000,100.000000,,,,,,,,,,,,,,,,,,,,,,,,,,,,,,,,,,,,,,,,,,,,,,,,,,,,,,,,,,,,,,,,,,,,,,,,,,,,,,,,,,,,,,
1676060260.849794,1676060260.850301,73.000000,0.000000,4276.922852,4297.948730,4299.102539,4292.563965,4419.102539,4293.846191,4281.410156,4298.717773,4232.436035,4281.538574,4416.410156,4453.974121,4348.846191,4405.769043,2236.000000,4.000000,85.000000,,,,0.000000,4.000000,4.000000,4.000000,4.000000,4.000000,4.000000,4.000000,4.000000,4.000000,4.000000,4.000000,4.000000,4.000000,4.000000,100.000000,,,,,,,,,,,,,,,,,,,,,,,,,,,,,,,,,,,,,,,,,,,,,,,,,,,,,,,,,,,,,,,,,,,,,,,,,,,,,,,,,,,,,,
1676060260.857602,1676060260.858110,74.000000,0.000000,4291.538574,4319.615234,4325.128418,4310.384766,4427.692383,4297.051270,4305.000000,4327.948730,4260.384766,4302.948730,4449.487305,4481.794922,4374.487305,4428.846191,2728.000000,4.000000,85.000000,,,,0.000000,4.000000,4.000000,4.000000,4.000000,4.000000,4.000000,4.000000,4.000000,4.000000,4.000000,4.000000,4.000000,4.000000,4.000000,100.000000,,,,,,,,,,,,,,,,,,,,,,,,,,,,,,,,,,,,,,,,,,,,,,,,,,,,,,,,,,,,,,,,,,,,,,,,,,,,,,,,,,,,,,
1676060260.865411,1676060260.865818,75.000000,0.000000,4287.051270,4311.538574,4318.205078,4301.025879,4413.717773,4292.820313,4303.461426,4326.025879,4262.563965,4302.307617,4463.205078,4486.410156,4384.102539,4432.820313,2924.000000,4.000000,85.000000,,,,0.000000,4.000000,4.000000,4.000000,4.000000,4.000000,4.000000,4.000000,4.000000,4.000000,4.000000,4.000000,4.000000,4.000000,4.000000,100.000000,,,,,,,,,,,,,,,,,,,,,,,,,,,,,,,,,,,,,,,,,,,,,,,,,,,,,,,,,,,,,,,,,,,,,,,,,,,,,,,,,,,,,,
1676060260.873219,1676060260.873627,76.000000,0.000000,4281.410156,4303.589844,4306.666504,4295.512695,4409.487305,4298.461426,4302.436035,4309.871582,4249.743652,4291.538574,4466.410156,4476.922852,4382.820313,4428.077148,3131.000000,4.000000,85.000000,,,,0.000000,4.000000,4.000000,4.000000,4.000000,4.000000,4.000000,4.000000,4.000000,4.000000,4.000000,4.000000,4.000000,4.000000,4.000000,100.000000,,,,,,,,,,,,,,,,,,,,,,,,,,,,,,,,,,,,,,,,,,,,,,,,,,,,,,,,,,,,,,,,,,,,,,,,,,,,,,,,,,,,,,
1676060260.881028,1676060260.881335,77.000000,0.000000,4286.025879,4316.794922,4313.846191,4312.563965,4415.769043,4304.487305,4309.487305,4314.487305,4253.974121,4293.846191,4485.128418,4478.205078,4383.333496,4428.077148,3249.000000,4.000000,85.000000,,,,0.000000,4.000000,4.000000,4.000000,4.000000,4.000000,4.000000,4.000000,4.000000,4.000000,4.000000,4.000000,4.000000,4.000000,4.000000,100.000000,,,,,,,,,,,,,,,,,,,,,,,,,,,,,,,,,,,,,,,,,,,,,,,,,,,,,,,,,,,,,,,,,,,,,,,,,,,,,,,,,,,,,,
1676060260.888836,1676060260.889144,78.000000,0.000000,4282.948730,4318.077148,4307.820313,4315.384766,4402.820313,4296.794922,4299.102539,4310.128418,4253.461426,4286.538574,4494.871582,4466.922852,4372.436035,4418.333496,2728.000000,4.000000,85.000000,,,,0.000000,4.000000,4.000000,4.000000,4.000000,4.000000,4.000000,4.000000,4.000000,4.000000,4.000000,4.000000,4.000000,4.000000,4.000000,100.000000,1.000000,75.000000,4.000000,4.000000,3.000000,4.000000,3.000000,4.000000,4.000000,4.000000,4.000000,3.000000,3.000000,3.000000,4.000000,3.000000,1.195627,2.461905,2.089863,1.568497,1.128349,4.929591,1.750767,1.135096,1.395339,1.053532,1.679489,2.467182,2.486304,1.189560,1.217079,2.209404,1.878654,1.165839,1.254409,1.171796,0.779843,1.084719,0.445977,0.581048,0.528540,0.445282,0.832041,0.748127,0.352509,0.581712,0.418882,1.513967,1.188031,0.707507,0.901187,0.732157,3.264065,2.286543,0.942943,1.188918,0.888115,2.281481,1.684501,1.446912,1.034352,0.646671,1.930571,1.735596,1.371584,0.868251,14.875942,7.157918,3.872710,2.504882,1.819373,1.524242,5.229319,3.921362,2.342853,1.814478,6.949235,6.190697,3.554988,2.431640,1.342890,1.308268,4.667583,3.932360,2.367685,1.481792
1676060260.896644,1676060260.896852,79.000000,0.000000,4275.384766,4311.794922,4294.102539,4304.487305,4393.589844,4295.384766,4289.743652,4295.000000,4246.922852,4279.743652,4492.051270,4447.948730,4364.487305,4407.051270,2924.000000,4.000000,85.000000,,,,0.000000,4.000000,4.000000,4.000000,4.000000,4.000000,4.000000,4.000000,4.000000,4.000000,4.000000,4.000000,4.000000,4.000000,4.000000,100.000000,,,,,,,,,,,,,,,,,,,,,,,,,,,,,,,,,,,,,,,,,,,,,,,,,,,,,,,,,,,,,,,,,,,,,,,,,,,,,,,,,,,,,,
1676060260.904453,1676060260.904661,80.000000,0.000000,4271.666504,4308.717773,4289.487305,4302.692383,4394.487305,4299.102539,4288.589844,4294.487305,4245.512695,4276.025879,4488.717773,4444.871582,4367.051270,4404.102539,3131.000000,4.000000,85.000000,,,,0.000000,4.000000,4.000000,4.000000,4.000000,4.000000,4.000000,4.000000,4.000000,4.000000,4.000000,4.000000,4.000000,4.000000,4.000000,100.000000,,,,,,,,,,,,,,,,,,,,,,,,,,,,,,,,,,,,,,,,,,,,,,,,,,,,,,,,,,,,,,,,,,,,,,,,,,,,,,,,,,,,,,
1676060260.912261,1676060260.912369,81.000000,0.000000,4261.282227,4296.794922,4277.051270,4295.384766,4382.692383,4295.384766,4278.589844,4293.205078,4230.897461,4258.974121,4475.769043,4437.820313,4354.230957,4392.948730,3249.000000,4.000000,85.000000,,,,0.000000,4.000000,4.000000,4.000000,4.000000,4.000000,4.000000,4.000000,4.000000,4.000000,4.000000,4.000000,4.000000,4.000000,4.000000,100.000000,,,,,,,,,,,,,,,,,,,,,,,,,,,,,,,,,,,,,,,,,,,,,,,,,,,,,,,,,,,,,,,,,,,,,,,,,,,,,,,,,,,,,,
1676060260.920069,1676060260.920178,82.000000,0.000000,4264.743652,4300.512695,4282.179688,4297.051270,4383.333496,4300.384766,4284.871582,4299.358887,4234.102539,4270.641113,4480.128418,4440.256348,4358.077148,4397.948730,2728.000000,4.000000,85.000000,,,,0.000000,4.000000,4.000000,4.000000,4.000000,4.000000,4.000000,4.000000,4.000000,4.000000,4.000000,4.000000,4.000000,4.000000,4.000000,100.000000,,,,,,,,,,,,,,,,,,,,,,,,,,,,,,,,,,,,,,,,,,,,,,,,,,,,,,,,,,,,,,,,,,,,,,,,,,,,,,,,,,,,,,
1676060260.927878,1676060260.927886,83.000000,0.000000,4291.794922,4323.461426,4315.769043,4316.922852,4398.589844,4310.256348,4309.743652,4325.641113,4267.692383,4308.717773,4510.000000,4472.051270,4392.436035,4426.922852,2924.000000,4.000000,85.000000,,,,0.000000,4.000000,4.000000,4.000000,4.000000,4.000000,4.000000,4.000000,4.000000,4.000000,4.000000,4.000000,4.000000,4.000000,4.000000,100.000000,,,,,,,,,,,,,,,,,,,,,,,,,,,,,,,,,,,,,,,,,,,,,,,,,,,,,,,,,,,,,,,,,,,,,,,,,,,,,,,,,,,,,,
1676060260.935686,1676060260.935695,84.000000,0.000000,4301.538574,4321.153809,4328.589844,4319.743652,4395.128418,4310.897461,4313.846191,4332.307617,4273.846191,4308.717773,4510.769043,4486.282227,4398.077148,4436.282227,3131.000000,4.000000,85.000000,,,,0.000000,4.000000,4.000000,4.000000,4.000000,4.000000,4.000000,4.000000,4.000000,4.000000,4.000000,4.000000,4.000000,4.000000,4.000000,100.000000,,,,,,,,,,,,,,,,,,,,,,,,,,,,,,,,,,,,,,,,,,,,,,,,,,,,,,,,,,,,,,,,,,,,,,,,,,,,,,,,,,,,,,
1676060260.943494,1676060260.943403,85.000000,0.000000,4288.461426,4301.538574,4311.025879,4309.102539,4382.051270,4311.282227,4302.179688,4318.333496,4254.615234,4289.871582,4492.692383,4469.230957,4383.717773,4428.205078,3249.000000,4.000000,85.000000,,,,0.000000,4.000000,4.000000,4.000000,4.000000,4.000000,4.000000,4.000000,4.000000,4.000000,4.000000,4.000000,4.000000,4.000000,4.000000,100.000000,,,,,,,,,,,,,,,,,,,,,,,,,,,,,,,,,,,,,,,,,,,,,,,,,,,,,,,,,,,,,,,,,,,,,,,,,,,,,,,,,,,,,,
1676060260.951303,1676060260.951312,86.000000,0.000000,4278.333496,4295.384766,4297.436035,4299.871582,4376.025879,4308.333496,4295.128418,4314.230957,4245.897461,4286.282227,4489.487305,4459.743652,4383.974121,4424.358887,2728.000000,4.000000,85.000000,,,,0.000000,4.000000,4.000000,4.000000,4.000000,4.000000,4.000000,4.000000,4.000000,4.000000,4.000000,4.000000,4.000000,4.000000,4.000000,100.000000,,,,,,,,,,,,,,,,,,,,,,,,,,,,,,,,,,,,,,,,,,,,,,,,,,,,,,,,,,,,,,,,,,,,,,,,,,,,,,,,,,,,,,
1676060260.959111,1676060260.959120,87.000000,0.000000,4277.436035,4294.871582,4296.153809,4287.820313,4368.333496,4302.179688,4291.794922,4307.307617,4243.461426,4279.230957,4481.282227,4460.256348,4380.256348,4417.563965,2924.000000,4.000000,85.000000,,,,0.000000,4.000000,4.000000,4.000000,4.000000,4.000000,4.000000,4.000000,4.000000,4.000000,4.000000,4.000000,4.000000,4.000000,4.000000,100.000000,,,,,,,,,,,,,,,,,,,,,,,,,,,,,,,,,,,,,,,,,,,,,,,,,,,,,,,,,,,,,,,,,,,,,,,,,,,,,,,,,,,,,,
1676060260.966920,1676060260.967028,88.000000,0.000000,4274.615234,4289.487305,4295.641113,4282.820313,4359.743652,4306.922852,4289.871582,4293.717773,4243.846191,4279.487305,4469.743652,4457.307617,4373.077148,4410.000000,3131.000000,4.000000,85.000000,,,,0.000000,4.000000,4.000000,4.000000,4.000000,4.000000,4.000000,4.000000,4.000000,4.000000,4.000000,4.000000,4.000000,4.000000,4.000000,100.000000,,,,,,,,,,,,,,,,,,,,,,,,,,,,,,,,,,,,,,,,,,,,,,,,,,,,,,,,,,,,,,,,,,,,,,,,,,,,,,,,,,,,,,
1676060260.974728,1676060260.974837,89.000000,0.000000,4277.563965,4291.538574,4294.615234,4292.563965,4358.461426,4318.846191,4293.461426,4299.743652,4250.641113,4290.128418,4473.077148,4458.077148,4377.179688,4413.846191,3249.000000,4.000000,85.000000,,,,0.000000,4.000000,4.000000,4.000000,4.000000,4.000000,4.000000,4.000000,4.000000,4.000000,4.000000,4.000000,4.000000,4.000000,4.000000,100.000000,,,,,,,,,,,,,,,,,,,,,,,,,,,,,,,,,,,,,,,,,,,,,,,,,,,,,,,,,,,,,,,,,,,,,,,,,,,,,,,,,,,,,,
1676060260.982536,1676060260.982745,90.000000,0.000000,4280.641113,4294.102539,4294.615234,4292.692383,4353.461426,4315.641113,4298.205078,4314.743652,4251.794922,4278.205078,4470.512695,4458.461426,4371.794922,4411.666504,2728.000000,4.000000,85.000000,,,,0.000000,4.000000,4.000000,4.000000,4.000000,4.000000,4.000000,4.000000,4.000000,4.000000,4.000000,4.000000,4.000000,4.000000,4.000000,100.000000,,,,,,,,,,,,,,,,,,,,,,,,,,,,,,,,,,,,,,,,,,,,,,,,,,,,,,,,,,,,,,,,,,,,,,,,,,,,,,,,,,,,,,
1676060260.990345,1676060260.990554,91.000000,0.000000,4270.256348,4284.102539,4290.641113,4275.897461,4343.846191,4308.717773,4297.307617,4314.487305,4245.897461,4266.794922,4464.615234,4455.641113,4368.077148,4403.077148,2924.000000,4.000000,85.000000,,,,0.000000,4.000000,4.000000,4.000000,4.000000,4.000000,4.000000,4.000000,4.000000,4.000000,4.000000,4.000000,4.000000,4.000000,4.000000,100.000000,,,,,,,,,,,,,,,,,,,,,,,,,,,,,,,,,,,,,,,,,,,,,,,,,,,,,,,,,,,,,,,,,,,,,,,,,,,,,,,,,,,,,,
1676060260.998153,1676060260.998462,92.000000,0.000000,4267.051270,4279.615234,4287.563965,4275.897461,4344.230957,4314.871582,4296.410156,4307.692383,4245.512695,4282.692383,4470.384766,4455.641113,4381.025879,4407.436035,3131.000000,4.000000,85.000000,,,,0.000000,4.000000,4.000000,4.000000,4.000000,4.000000,4.000000,4.000000,4.000000,4.000000,4.000000,4.000000,4.000000,4.000000,4.000000,100.000000,,,,,,,,,,,,,,,,,,,,,,,,,,,,,,,,,,,,,,,,,,,,,,,,,,,,,,,,,,,,,,,,,,,,,,,,,,,,,,,,,,,,,,
1676060261.005962,1676060261.006270,93.000000,0.000000,4280.512695,4293.717773,4296.922852,4299.102539,4354.615234,4323.077148,4303.077148,4313.589844,4256.922852,4300.128418,4473.974121,4458.077148,4382.948730,4413.333496,3249.000000,4.000000,85.000000,,,,0.000000,4.000000,4.000000,4.000000,4.000000,4.000000,4.000000,4.000000,4.000000,4.000000,4.000000,4.000000,4.000000,4.000000,4.000000,100.000000,,,,,,,,,,,,,,,,,,,,,,,,,,,,,,,,,,,,,,,,,,,,,,,,,,,,,,,,,,,,,,,,,,,,,,,,,,,,,,,,,,,,,,
1676060261.013770,1676060261.014179,94.000000,0.000000,4291.282227,4313.205078,4312.948730,4317.563965,4363.717773,4324.358887,4313.205078,4324.743652,4266.538574,4299.615234,4475.641113,4463.333496,4379.358887,4414.871582,2728.000000,4.000000,85.000000,,,,0.000000,4.000000,4.000000,4.000000,4.000000,4.000000,4.000000,4.000000,4.000000,4.000000,4.000000,4.000000,4.000000,4.000000,4.000000,100.000000,,,,,,,,,,,,,,,,,1.579224,2.639963,2.125598,1.441972,1.244898,5.775752,1.639435,1.193401,1.262129,1.157050,1.882997,2.745876,2.324012,1.117283,1.397395,2.321352,2.039986,1.209202,1.215516,1.283085,0.785505,1.156553,0.491204,0.624286,0.570277,0.357459,0.986261,0.850429,0.438881,0.571333,0.483127,1.817380,1.348546,0.749308,0.995943,0.539519,2.292735,2.341701,0.989219,1.321573,0.967920,1.541071,1.897177,1.334928,1.132682,0.737671,1.793158,1.834644,1.338781,1.021313,12.767508,7.111543,4.264205,2.641318,1.959686,1.876889,5.592550,3.979304,2.447176,1.985356,8.557396,7.341156,3.951979,2.608516,1.413313,1.767859,5.316269,4.141185,2.469423,1.540848
1676060261.021578,1676060261.021987,95.000000,0.000000,4287.436035,4318.077148,4311.538574,4313.589844,4357.307617,4319.871582,4310.256348,4319.102539,4256.153809,4288.589844,4478.205078,4461.666504,4383.974121,4415.512695,2924.000000,4.000000,85.000000,,,,0.000000,4.000000,4.000000,4.000000,4.000000,4.000000,4.000000,4.000000,4.000000,4.000000,4.000000,4.000000,4.000000,4.000000,4.000000,100.000000,,,,,,,,,,,,,,,,,,,,,,,,,,,,,,,,,,,,,,,,,,,,,,,,,,,,,,,,,,,,,,,,,,,,,,,,,,,,,,,,,,,,,,
1676060261.029387,1676060261.029896,96.000000,0.000000,4265.897461,4290.641113,4282.307617,4286.794922,4332.436035,4304.871582,4282.051270,4288.077148,4230.512695,4268.461426,4456.538574,4434.615234,4369.487305,4398.589844,3131.000000,4.000000,85.000000,,,,0.000000,4.000000,4.000000,4.000000,4.000000,4.000000,4.000000,4.000000,4.000000,4.000000,4.000000,4.000000,4.000000,4.000000,4.000000,100.000000,,,,,,,,,,,,,,,,,,,,,,,,,,,,,,,,,,,,,,,,,,,,,,,,,,,,,,,,,,,,,,,,,,,,,,,,,,,,,,,,,,,,,,
1676060261.037195,1676060261.037704,97.000000,0.000000,4253.717773,4266.153809,4266.538574,4270.384766,4316.538574,4292.692383,4262.563965,4270.897461,4218.205078,4248.077148,4430.769043,4415.384766,4348.461426,4379.743652,3249.000000,4.000000,85.000000,,,,0.000000,4.000000,4.000000,4.000000,4.000000,4.000000,4.000000,4.000000,4.000000,4.000000,4.000000,4.000000,4.000000,4.000000,4.000000,100.000000,,,,,,,,,,,,,,,,,,,,,,,,,,,,,,,,,,,,,,,,,,,,,,,,,,,,,,,,,,,,,,,,,,,,,,,,,,,,,,,,,,,,,,
1676060261.045004,1676060261.045413,98.000000,0.000000,4289.743652,4299.102539,4309.102539,4303.589844,4337.948730,4313.589844,4296.282227,4309.230957,4247.948730,4273.846191,4470.128418,4462.563965,4381.794922,4418.461426,2728.000000,4.000000,85.000000,,,,0.000000,4.000000,4.000000,4.000000,4.000000,4.000000,4.000000,4.000000,4.000000,4.000000,4.000000,4.000000,4.000000,4.000000,4.000000,100.000000,,,,,,,,,,,,,,,,,,,,,,,,,,,,,,,,,,,,,,,,,,,,,,,,,,,,,,,,,,,,,,,,,,,,,,,,,,,,,,,,,,,,,,
1676060261.052812,1676060261.053221,99.000000,0.000000,4323.077148,4335.128418,4348.077148,4333.205078,4355.769043,4333.846191,4330.384766,4346.410156,4280.769043,4314.102539,4520.897461,4512.051270,4425.769043,4465.512695,2924.000000,4.000000,85.000000,,,,0.000000,4.000000,4.000000,4.000000,4.000000,4.000000,4.000000,4.000000,4.000000,4.000000,4.000000,4.000000,4.000000,4.000000,4.000000,100.000000,,,,,,,,,,,,,,,,,,,,,,,,,,,,,,,,,,,,,,,,,,,,,,,,,,,,,,,,,,,,,,,,,,,,,,,,,,,,,,,,,,,,,,
1676060261.060620,1676060261.060930,100.000000,0.000000,4295.000000,4301.922852,4316.794922,4297.692383,4330.897461,4317.692383,4306.794922,4319.102539,4261.794922,4293.077148,4485.769043,4480.256348,4397.179688,4431.153809,3131.000000,4.000000,85.000000,,,,0.000000,4.000000,4.000000,4.000000,4.000000,4.000000,4.000000,4.000000,4.000000,4.000000,4.000000,4.000000,4.000000,4.000000,4.000000,100.000000,,,,,,,,,,,,,,,,,,,,,,,,,,,,,,,,,,,,,,,,,,,,,,,,,,,,,,,,,,,,,,,,,,,,,,,,,,,,,,,,,,,,,,
1676060261.068429,1676060261.068738,101.000000,0.000000,4268.461426,4266.922852,4291.025879,4267.820313,4311.538574,4304.615234,4282.307617,4287.563965,4234.615234,4260.384766,4441.282227,4440.897461,4360.384766,4393.077148,3249.000000,4.000000,85.000000,,,,0.000000,4.000000,4.000000,4.000000,4.000000,4.000000,4.000000,4.000000,4.000000,4.000000,4.000000,4.000000,4.000000,4.000000,4.000000,100.000000,,,,,,,,,,,,,,,,,,,,,,,,,,,,,,,,,,,,,,,,,,,,,,,,,,,,,,,,,,,,,,,,,,,,,,,,,,,,,,,,,,,,,,
1676060261.076237,1676060261.076447,102.000000,0.000000,4286.282227,4284.871582,4317.692383,4289.615234,4322.948730,4314.358887,4299.230957,4311.922852,4250.769043,4278.589844,4472.179688,4465.256348,4382.307617,4423.846191,2728.000000,4.000000,85.000000,,,,0.000000,4.000000,4.000000,4.000000,4.000000,4.000000,4.000000,4.000000,4.000000,4.000000,4.000000,4.000000,4.000000,4.000000,4.000000,100.000000,,,,,,,,,,,,,,,,,,,,,,,,,,,,,,,,,,,,,,,,,,,,,,,,,,,,,,,,,,,,,,,,,,,,,,,,,,,,,,,,,,,,,,
1676060261.084046,1676060261.084255,103.000000,0.000000,4284.487305,4281.666504,4309.743652,4285.769043,4314.871582,4312.307617,4303.461426,4323.846191,4257.820313,4289.743652,4487.179688,4472.820313,4393.461426,4431.025879,2924.000000,4.000000,85.000000,,,,0.000000,4.000000,4.000000,4.000000,4.000000,4.000000,4.000000,4.000000,4.000000,4.000000,4.000000,4.000000,4.000000,4.000000,4.000000,100.000000,,,,,,,,,,,,,,,,,,,,,,,,,,,,,,,,,,,,,,,,,,,,,,,,,,,,,,,,,,,,,,,,,,,,,,,,,,,,,,,,,,,,,,
1676060261.091854,1676060261.091964,104.000000,0.000000,4257.948730,4248.333496,4269.871582,4253.333496,4291.025879,4302.948730,4285.512695,4293.846191,4237.563965,4270.128418,4451.153809,4438.461426,4371.153809,4394.230957,3131.000000,4.000000,85.000000,,,,0.000000,4.000000,4.000000,4.000000,4.000000,4.000000,4.000000,4.000000,4.000000,4.000000,4.000000,4.000000,4.000000,4.000000,4.000000,100.000000,,,,,,,,,,,,,,,,,,,,,,,,,,,,,,,,,,,,,,,,,,,,,,,,,,,,,,,,,,,,,,,,,,,,,,,,,,,,,,,,,,,,,,
1676060261.099662,1676060261.099772,105.000000,0.000000,4268.333496,4251.666504,4288.333496,4264.230957,4301.538574,4312.820313,4292.948730,4298.333496,4252.436035,4286.282227,4463.717773,4451.410156,4383.077148,4406.282227,3249.000000,4.000000,85.000000,,,,0.000000,4.000000,4.000000,4.000000,4.000000,4.000000,4.000000,4.000000,4.000000,4.000000,4.000000,4.000000,4.000000,4.000000,4.000000,100.000000,,,,,,,,,,,,,,,,,,,,,,,,,,,,,,,,,,,,,,,,,,,,,,,,,,,,,,,,,,,,,,,,,,,,,,,,,,,,,,,,,,,,,,
1676060261.107471,1676060261.107481,106.000000,0.000000,4290.128418,4271.025879,4326.025879,4290.384766,4322.948730,4320.897461,4309.230957,4329.102539,4277.563965,4308.589844,4499.230957,4484.743652,4409.358887,4439.743652,2728.000000,4.000000,85.000000,,,,0.000000,4.000000,4.000000,4.000000,4.000000,4.000000,4.000000,4.000000,4.000000,4.000000,4.000000,4.000000,4.000000,4.000000,4.000000,100.000000,,,,,,,,,,,,,,,,,,,,,,,,,,,,,,,,,,,,,,,,,,,,,,,,,,,,,,,,,,,,,,,,,,,,,,,,,,,,,,,,,,,,,,
1676060261.115279,1676060261.115389,107.000000,0.000000,4281.153809,4268.589844,4317.948730,4284.743652,4311.666504,4313.974121,4301.282227,4321.025879,4262.179688,4288.589844,4484.871582,4470.128418,4400.128418,4426.922852,2924.000000,4.000000,85.000000,,,,0.000000,4.000000,4.000000,4.000000,4.000000,4.000000,4.000000,4.000000,4.000000,4.000000,4.000000,4.000000,4.000000,4.000000,4.000000,100.000000,,,,,,,,,,,,,,,,,,,,,,,,,,,,,,,,,,,,,,,,,,,,,,,,,,,,,,,,,,,,,,,,,,,,,,,,,,,,,,,,,,,,,,
1676060261.123087,1676060261.123197,108.000000,0.000000,4269.358887,4257.948730,4301.922852,4273.589844,4293.205078,4307.307617,4285.128418,4296.794922,4242.307617,4272.436035,4465.769043,4447.948730,4383.461426,4407.692383,3131.000000,4.000000,85.000000,,,,0.000000,4.000000,4.000000,4.000000,4.000000,4.000000,4.000000,4.000000,4.000000,4.000000,4.000000,4.000000,4.000000,4.000000,4.000000,100.000000,,,,,,,,,,,,,,,,,,,,,,,,,,,,,,,,,,,,,,,,,,,,,,,,,,,,,,,,,,,,,,,,,,,,,,,,,,,,,,,,,,,,,,
1676060261.130896,1676060261.131106,109.000000,0.000000,4273.589844,4250.128418,4305.769043,4276.153809,4297.436035,4308.205078,4281.025879,4293.077148,4243.974121,4280.000000,4470.897461,4451.410156,4385.256348,4413.974121,3249.000000,4.000000,85.000000,,,,0.000000,4.000000,4.000000,4.000000,4.000000,4.000000,4.000000,4.000000,4.000000,4.000000,4.000000,4.000000,4.000000,4.000000,4.000000,100.000000,,,,,,,,,,,,,,,,,,,,,,,,,,,,,,,,,,,,,,,,,,,,,,,,,,,,,,,,,,,,,,,,,,,,,,,,,,,,,,,,,,,,,,
1676060261.138704,1676060261.138914,110.000000,0.000000,4280.128418,4254.743652,4309.743652,4284.230957,4305.128418,4310.000000,4283.846191,4296.538574,4245.641113,4282.307617,4480.000000,4457.563965,4397.179688,4426.410156,2728.000000,4.000000,85.000000,,,,0.000000,4.000000,4.000000,4.000000,4.000000,4.000000,4.000000,4.000000,4.000000,4.000000,4.000000,4.000000,4.000000,4.000000,4.000000,100.000000,,,,,,,,,,,,,,,,,2.049433,2.696639,2.032544,1.429862,1.322886,6.111755,1.567411,1.294921,1.228226,1.248114,2.100031,2.965554,2.023895,1.176170,1.530921,2.474316,2.223582,1.240195,1.271678,1.337429,0.743361,1.199846,0.602414,0.730117,0.591958,0.292410,1.099898,0.977877,0.569696,0.540863,0.561174,2.084050,1.578332,0.879595,1.054973,0.520823,1.557666,2.294314,1.129956,1.402048,0.951070,1.008291,2.018613,1.326311,1.228503,0.805890,1.554197,1.807990,1.464013,1.216655,11.181864,6.933668,4.357049,3.049619,2.026396,2.361545,5.708611,3.760060,2.760711,2.108718,9.270620,7.704974,4.009510,3.052049,1.465001,2.257964,5.562603,3.995922,2.805509,1.564667
1676060261.146513,1676060261.146823,111.000000,0.000000,4282.179688,4268.846191,4307.051270,4292.820313,4297.948730,4304.871582,4284.358887,4302.820313,4251.666504,4279.743652,4488.333496,4466.922852,4405.512695,4432.436035,2924.000000,4.000000,85.000000,,,,0.000000,4.000000,4.000000,4.000000,4.000000,4.000000,4.000000,4.000000,4.000000,4.000000,4.000000,4.000000,4.000000,4.000000,4.000000,100.000000,,,,,,,,,,,,,,,,,,,,,,,,,,,,,,,,,,,,,,,,,,,,,,,,,,,,,,,,,,,,,,,,,,,,,,,,,,,,,,,,,,,,,,
1676060261.154321,1676060261.154631,112.000000,0.000000,4280.769043,4264.487305,4297.820313,4293.205078,4279.871582,4291.794922,4276.794922,4306.922852,4259.102539,4282.948730,4482.820313,4471.538574,4393.205078,4418.205078,3131.000000,4.000000,85.000000,,,,0.000000,4.000000,4.000000,4.000000,4.000000,4.000000,4.000000,4.000000,4.000000,4.000000,4.000000,4.000000,4.000000,4.000000,4.000000,100.000000,,,,,,,,,,,,,,,,,,,,,,,,,,,,,,,,,,,,,,,,,,,,,,,,,,,,,,,,,,,,,,,,,,,,,,,,,,,,,,,,,,,,,,
1676060261.162129,1676060261.162539,113.000000,0.000000,4284.615234,4260.512695,4298.333496,4298.846191,4274.487305,4286.410156,4279.358887,4302.820313,4256.794922,4281.794922,4474.615234,4472.948730,4382.820313,4414.871582,3249.000000,4.000000,85.000000,,,,0.000000,4.000000,4.000000,4.000000,4.000000,4.000000,4.000000,4.000000,4.000000,4.000000,4.000000,4.000000,4.000000,4.000000,4.000000,100.000000,,,,,,,,,,,,,,,,,,,,,,,,,,,,,,,,,,,,,,,,,,,,,,,,,,,,,,,,,,,,,,,,,,,,,,,,,,,,,,,,,,,,,,
1676060261.169938,1676060261.170348,114.000000,0.000000,4299.871582,4281.666504,4320.384766,4322.563965,4289.230957,4304.487305,4301.025879,4311.666504,4261.794922,4283.589844,4492.436035,4495.641113,4399.615234,4443.077148,2728.000000,4.000000,85.000000,,,,0.000000,4.000000,4.000000,4.000000,4.000000,4.000000,4.000000,4.000000,4.000000,4.000000,4.000000,4.000000,4.000000,4.000000,4.000000,100.000000,,,,,,,,,,,,,,,,,,,,,,,,,,,,,,,,,,,,,,,,,,,,,,,,,,,,,,,,,,,,,,,,,,,,,,,,,,,,,,,,,,,,,,
1676060261.177746,1676060261.178256,115.000000,0.000000,4298.846191,4286.025879,4326.794922,4332.179688,4292.179688,4315.512695,4306.922852,4313.846191,4258.974121,4280.512695,4500.769043,4505.000000,4401.282227,4441.025879,2924.000000,4.000000,85.000000,,,,0.000000,4.000000,4.000000,4.000000,4.000000,4.000000,4.000000,4.000000,4.000000,4.000000,4.000000,4.000000,4.000000,4.000000,4.000000,100.000000,,,,,,,,,,,,,,,,,,,,,,,,,,,,,,,,,,,,,,,,,,,,,,,,,,,,,,,,,,,,,,,,,,,,,,,,,,,,,,,,,,,,,,
1676060261.185554,1676060261.186065,116.000000,0.000000,4283.974121,4266.153809,4306.922852,4318.717773,4278.846191,4303.333496,4292.051270,4295.384766,4241.666504,4273.717773,4483.333496,4489.615234,4379.615234,4411.410156,3131.000000,4.000000,85.000000,,,,0.000000,4.000000,4.000000,4.000000,4.000000,4.000000,4.000000,4.000000,4.000000,4.000000,4.000000,4.000000,4.000000,4.000000,4.000000,100.000000,,,,,,,,,,,,,,,,,,,,,,,,,,,,,,,,,,,,,,,,,,,,,,,,,,,,,,,,,,,,,,,,,,,,,,,,,,,,,,,,,,,,,,
1676060261.193363,1676060261.193973,117.000000,0.000000,4285.641113,4258.589844,4301.538574,4318.077148,4278.333496,4303.461426,4293.974121,4303.974121,4250.128418,4286.666504,4491.153809,4499.230957,4380.641113,4420.256348,3249.000000,4.000000,85.000000,,,,0.000000,4.000000,4.000000,4.000000,4.000000,4.000000,4.000000,4.000000,4.000000,4.000000,4.000000,4.000000,4.000000,4.000000,4.000000,100.000000,,,,,,,,,,,,,,,,,,,,,,,,,,,,,,,,,,,,,,,,,,,,,,,,,,,,,,,,,,,,,,,,,,,,,,,,,,,,,,,,,,,,,,
1676060261.201171,1676060261.201781,118.000000,0.000000,4291.922852,4262.563965,4306.410156,4325.256348,4287.307617,4315.000000,4301.666504,4323.461426,4265.128418,4292.179688,4507.307617,4514.487305,4388.461426,4433.974121,2728.000000,4.000000,85.000000,,,,0.000000,4.000000,4.000000,4.000000,4.000000,4.000000,4.000000,4.000000,4.000000,4.000000,4.000000,4.000000,4.000000,4.000000,4.000000,100.000000,,,,,,,,,,,,,,,,,,,,,,,,,,,,,,,,,,,,,,,,,,,,,,,,,,,,,,,,,,,,,,,,,,,,,,,,,,,,,,,,,,,,,,
1676060261.208979,1676060261.209690,119.000000,0.000000,4282.307617,4262.051270,4293.461426,4318.846191,4277.563965,4305.128418,4289.487305,4309.230957,4252.436035,4278.333496,4496.666504,4497.948730,4375.128418,4416.794922,2924.000000,4.000000,85.000000,,,,0.000000,4.000000,4.000000,4.000000,4.000000,4.000000,4.000000,4.000000,4.000000,4.000000,4.000000,4.000000,4.000000,4.000000,4.000000,100.000000,,,,,,,,,,,,,,,,,,,,,,,,,,,,,,,,,,,,,,,,,,,,,,,,,,,,,,,,,,,,,,,,,,,,,,,,,,,,,,,,,,,,,,
1676060261.216788,1676060261.217498,120.000000,0.000000,4264.230957,4252.820313,4276.153809,4306.666504,4262.563965,4292.051270,4281.538574,4296.794922,4243.717773,4279.230957,4486.538574,4484.102539,4368.205078,4404.615234,3131.000000,4.000000,85.000000,,,,0.000000,4.000000,4.000000,4.000000,4.000000,4.000000,4.000000,4.000000,4.000000,4.000000,4.000000,4.000000,4.000000,4.000000,4.000000,100.000000,,,,,,,,,,,,,,,,,,,,,,,,,,,,,,,,,,,,,,,,,,,,,,,,,,,,,,,,,,,,,,,,,,,,,,,,,,,,,,,,,,,,,,
1676060261.224596,1676060261.225207,121.000000,0.000000,4260.769043,4249.743652,4277.436035,4307.307617,4263.077148,4298.333496,4285.128418,4305.128418,4252.692383,4288.717773,4493.205078,4490.897461,4375.128418,4407.307617,3249.000000,4.000000,85.000000,,,,0.000000,4.000000,4.000000,4.000000,4.000000,4.000000,4.000000,4.000000,4.000000,4.000000,4.000000,4.000000,4.000000,4.000000,4.000000,100.000000,,,,,,,,,,,,,,,,,,,,,,,,,,,,,,,,,,,,,,,,,,,,,,,,,,,,,,,,,,,,,,,,,,,,,,,,,,,,,,,,,,,,,,
1676060261.232405,1676060261.233015,122.000000,0.000000,4278.205078,4263.589844,4291.153809,4324.102539,4268.974121,4297.563965,4282.820313,4302.179688,4252.692383,4281.794922,4497.179688,4494.871582,4370.769043,4408.589844,2728.000000,4.000000,85.000000,,,,0.000000,4.000000,4.000000,4.000000,4.000000,4.000000,4.000000,4.000000,4.000000,4.000000,4.000000,4.000000,4.000000,4.000000,4.000000,100.000000,,,,,,,,,,,,,,,,,,,,,,,,,,,,,,,,,,,,,,,,,,,,,,,,,,,,,,,,,,,,,,,,,,,,,,,,,,,,,,,,,,,,,,
1676060261.240213,1676060261.240724,123.000000,0.000000,4280.897461,4266.025879,4292.820313,4327.051270,4262.307617,4283.717773,4276.538574,4290.384766,4243.461426,4272.820313,4483.333496,4485.384766,4354.487305,4401.410156,2924.000000,4.000000,85.000000,,,,0.000000,4.000000,4.000000,4.000000,4.000000,4.000000,4.000000,4.000000,4.000000,4.000000,4.000000,4.000000,4.000000,4.000000,4.000000,100.000000,,,,,,,,,,,,,,,,,,,,,,,,,,,,,,,,,,,,,,,,,,,,,,,,,,,,,,,,,,,,,,,,,,,,,,,,,,,,,,,,,,,,,,
1676060261.248021,1676060261.248632,124.000000,0.000000,4274.230957,4261.410156,4296.794922,4318.846191,4258.846191,4286.794922,4285.384766,4300.128418,4250.512695,4280.128418,4488.461426,4495.000000,4363.461426,4406.282227,3131.000000,4.000000,85.000000,,,,0.000000,4.000000,4.000000,4.000000,4.000000,4.000000,4.000000,4.000000,4.000000,4.000000,4.000000,4.000000,4.000000,4.000000,4.000000,100.000000,,,,,,,,,,,,,,,,,,,,,,,,,,,,,,,,,,,,,,,,,,,,,,,,,,,,,,,,,,,,,,,,,,,,,,,,,,,,,,,,,,,,,,
1676060261.255830,1676060261.256440,125.000000,0.000000,4296.025879,4285.769043,4321.153809,4337.692383,4278.461426,4304.615234,4307.948730,4324.358887,4271.153809,4289.230957,4523.589844,4532.051270,4397.436035,4437.692383,3249.000000,4.000000,85.000000,,,,0.000000,4.000000,4.000000,4.000000,4.000000,4.000000,4.000000,4.000000,4.000000,4.000000,4.000000,4.000000,4.000000,4.000000,4.000000,100.000000,,,,,,,,,,,,,,,,,,,,,,,,,,,,,,,,,,,,,,,,,,,,,,,,,,,,,,,,,,,,,,,,,,,,,,,,,,,,,,,,,,,,,,
1676060261.263638,1676060261.264349,126.000000,0.000000,4315.384766,4306.410156,4328.333496,4356.794922,4289.487305,4315.641113,4315.384766,4328.717773,4272.820313,4288.589844,4530.384766,4542.948730,4397.692383,4451.282227,2728.000000,4.000000,85.000000,,,,0.000000,4.000000,4.000000,4.000000,4.000000,4.000000,4.000000,4.000000,4.000000,4.000000,4.000000,4.000000,4.000000,4.000000,4.000000,100.000000,,,,,,,,,,,,,,,,,2.500922,2.628646,1.867433,1.478972,1.350433,5.910536,1.599992,1.427692,1.267072,1.312459,2.292871,3.056059,1.713368,1.320461,1.606130,2.626196,2.419220,1.255471,1.378691,1.331726,0.752524,1.217081,0.759851,0.861042,0.590524,0.261653,1.137206,1.118908,0.713571,0.499763,0.628953,2.192743,1.845885,1.051765,1.072298,0.538007,1.097559,2.156223,1.322623,1.431134,0.818259,0.691043,2.032122,1.422904,1.313486,0.831054,1.238407,1.731846,1.687186,1.434406,10.329267,6.498490,4.145201,3.603942,2.019049,2.934704,5.489058,3.373146,3.175878,2.167512,8.894999,7.143291,3.764695,3.637694,1.488077,2.687906,5.304512,3.597202,3.254101,1.557672
1676060261.271447,1676060261.272157,127.000000,0.000000,4302.820313,4300.641113,4313.205078,4343.974121,4282.307617,4317.436035,4309.358887,4313.333496,4261.025879,4286.666504,4506.153809,4520.897461,4373.333496,4432.436035,85.000000,4.000000,85.000000,,,,0.000000,4.000000,4.000000,4.000000,4.000000,4.000000,4.000000,4.000000,4.000000,4.000000,4.000000,4.000000,4.000000,4.000000,4.000000,100.000000,,,,,,,,,,,,,,,,,,,,,,,,,,,,,,,,,,,,,,,,,,,,,,,,,,,,,,,,,,,,,,,,,,,,,,,,,,,,,,,,,,,,,,
1676060261.279255,1676060261.279966,0.000000,0.000000,4298.974121,4305.512695,4311.410156,4338.333496,4280.641113,4318.205078,4310.641113,4308.974121,4262.563965,4294.358887,4501.538574,4513.205078,4378.205078,4424.615234,2536.000000,4.000000,85.000000,,,,0.000000,4.000000,4.000000,4.000000,4.000000,4.000000,4.000000,4.000000,4.000000,4.000000,4.000000,4.000000,4.000000,4.000000,4.000000,100.000000,,,,,,,,,,,,,,,,,,,,,,,,,,,,,,,,,,,,,,,,,,,,,,,,,,,,,,,,,,,,,,,,,,,,,,,,,,,,,,,,,,,,,,
1676060261.287063,1676060261.287674,1.000000,0.000000,4299.615234,4312.820313,4307.820313,4342.179688,4275.641113,4310.897461,4302.563965,4305.641113,4260.256348,4295.000000,4495.384766,4504.743652,4375.897461,4420.641113,2471.000000,4.000000,85.000000,,,,0.000000,4.000000,4.000000,4.000000,4.000000,4.000000,4.000000,4.000000,4.000000,4.000000,4.000000,4.000000,4.000000,4.000000,4.000000,100.000000,,,,,,,,,,,,,,,,,,,,,,,,,,,,,,,,,,,,,,,,,,,,,,,,,,,,,,,,,,,,,,,,,,,,,,,,,,,,,,,,,,,,,,
1676060261.294872,1676060261.295483,2.000000,0.000000,4283.205078,4304.615234,4290.897461,4333.333496,4263.846191,4299.871582,4282.436035,4291.666504,4244.358887,4277.436035,4471.794922,4480.769043,4347.179688,4404.743652,2409.000000,4.000000,85.000000,,,,0.000000,4.000000,4.000000,4.000000,4.000000,4.000000,4.000000,4.000000,4.000000,4.000000,4.000000,4.000000,4.000000,4.000000,4.000000,100.000000,,,,,,,,,,,,,,,,,,,,,,,,,,,,,,,,,,,,,,,,,,,,,,,,,,,,,,,,,,,,,,,,,,,,,,,,,,,,,,,,,,,,,,
1676060261.302680,1676060261.303191,3.000000,0.000000,4283.974121,4309.743652,4295.641113,4335.641113,4262.692383,4298.333496,4283.974121,4296.666504,4249.358887,4272.563965,4475.897461,4486.282227,4342.948730,4406.153809,2473.000000,4.000000,85.000000,,,,0.000000,4.000000,4.000000,4.000000,4.000000,4.000000,4.000000,4.000000,4.000000,4.000000,4.000000,4.000000,4.000000,4.000000,4.000000,100.000000,,,,,,,,,,,,,,,,,,,,,,,,,,,,,,,,,,,,,,,,,,,,,,,,,,,,,,,,,,,,,,,,,,,,,,,,,,,,,,,,,,,,,,
1676060261.310489,1676060261.311000,4.000000,0.000000,4306.282227,4329.871582,4315.384766,4350.128418,4266.666504,4301.153809,4298.333496,4313.589844,4265.897461,4289.743652,4493.333496,4508.205078,4358.461426,4416.153809,2446.000000,4.000000,85.000000,,,,0.000000,4.000000,4.000000,4.000000,4.000000,4.000000,4.000000,4.000000,4.000000,4.000000,4.000000,4.000000,4.000000,4.000000,4.000000,100.000000,,,,,,,,,,,,,,,,,,,,,,,,,,,,,,,,,,,,,,,,,,,,,,,,,,,,,,,,,,,,,,,,,,,,,,,,,,,,,,,,,,,,,,
1676060261.318297,1676060261.318708,5.000000,0.000000,4315.512695,4342.051270,4325.000000,4361.025879,4271.794922,4305.512695,4306.666504,4320.128418,4267.179688,4298.974121,4492.948730,4511.153809,4360.384766,4419.230957,2381.000000,4.000000,85.000000,,,,0.000000,4.000000,4.000000,4.000000,4.000000,4.000000,4.000000,4.000000,4.000000,4.000000,4.000000,4.000000,4.000000,4.000000,4.000000,100.000000,,,,,,,,,,,,,,,,,,,,,,,,,,,,,,,,,,,,,,,,,,,,,,,,,,,,,,,,,,,,,,,,,,,,,,,,,,,,,,,,,,,,,,
1676060261.326105,1676060261.326517,6.000000,0.000000,4304.743652,4343.333496,4323.846191,4364.615234,4275.897461,4308.461426,4307.436035,4320.769043,4265.256348,4284.230957,4483.589844,4503.461426,4350.897461,4418.205078,2229.000000,4.000000,85.000000,,,,0.000000,4.000000,4.000000,4.000000,4.000000,4.000000,4.000000,4.000000,4.000000,4.000000,4.000000,4.000000,4.000000,4.000000,4.000000,100.000000,,,,,,,,,,,,,,,,,,,,,,,,,,,,,,,,,,,,,,,,,,,,,,,,,,,,,,,,,,,,,,,,,,,,,,,,,,,,,,,,,,,,,,
1676060261.333914,1676060261.334225,7.000000,0.000000,4295.512695,4338.333496,4317.948730,4355.897461,4268.846191,4304.743652,4301.025879,4315.512695,4262.692383,4264.102539,4474.230957,4493.974121,4342.436035,4410.512695,2227.000000,4.000000,85.000000,,,,0.000000,4.000000,4.000000,4.000000,4.000000,4.000000,4.000000,4.000000,4.000000,4.000000,4.000000,4.000000,4.000000,4.000000,4.000000,100.000000,,,,,,,,,,,,,,,,,,,,,,,,,,,,,,,,,,,,,,,,,,,,,,,,,,,,,,,,,,,,,,,,,,,,,,,,,,,,,,,,,,,,,,
1676060261.341722,1676060261.342034,8.000000,0.000000,4300.256348,4333.077148,4312.692383,4347.179688,4264.871582,4301.153809,4297.307617,4306.025879,4255.897461,4265.769043,4465.769043,4486.538574,4338.589844,4405.512695,2281.000000,4.000000,85.000000,,,,0.000000,4.000000,4.000000,4.000000,4.000000,4.000000,4.000000,4.000000,4.000000,4.000000,4.000000,4.000000,4.000000,4.000000,4.000000,100.000000,,,,,,,,,,,,,,,,,,,,,,,,,,,,,,,,,,,,,,,,,,,,,,,,,,,,,,,,,,,,,,,,,,,,,,,,,,,,,,,,,,,,,,
1676060261.349531,1676060261.349742,9.000000,0.000000,4288.077148,4314.743652,4294.102539,4336.538574,4261.153809,4296.666504,4289.615234,4289.487305,4239.358887,4266.794922,4443.461426,4464.615234,4320.769043,4385.512695,2244.000000,4.000000,85.000000,,,,0.000000,4.000000,4.000000,4.000000,4.000000,4.000000,4.000000,4.000000,4.000000,4.000000,4.000000,4.000000,4.000000,4.000000,4.000000,100.000000,,,,,,,,,,,,,,,,,,,,,,,,,,,,,,,,,,,,,,,,,,,,,,,,,,,,,,,,,,,,,,,,,,,,,,,,,,,,,,,,,,,,,,
1676060261.357339,1676060261.357651,10.000000,0.000000,4264.358887,4292.051270,4272.307617,4317.820313,4250.256348,4292.692383,4273.077148,4269.102539,4221.153809,4252.051270,4421.794922,4437.563965,4296.922852,4356.666504,2737.000000,4.000000,85.000000,,,,0.000000,4.000000,4.000000,4.000000,4.000000,4.000000,4.000000,4.000000,4.000000,4.000000,4.000000,4.000000,4.000000,4.000000,4.000000,100.000000,,,,,,,,,,,,,,,,,,,,,,,,,,,,,,,,,,,,,,,,,,,,,,,,,,,,,,,,,,,,,,,,,,,,,,,,,,,,,,,,,,,,,,
1676060261.365147,1676060261.365459,11.000000,0.000000,4281.410156,4309.743652,4291.538574,4329.743652,4265.000000,4300.641113,4282.948730,4284.102539,4238.077148,4265.384766,4454.615234,4458.333496,4319.487305,4374.102539,2925.000000,4.000000,85.000000,,,,0.000000,4.000000,4.000000,4.000000,4.000000,4.000000,4.000000,4.000000,4.000000,4.000000,4.000000,4.000000,4.000000,4.000000,4.000000,100.000000,,,,,,,,,,,,,,,,,,,,,,,,,,,,,,,,,,,,,,,,,,,,,,,,,,,,,,,,,,,,,,,,,,,,,,,,,,,,,,,,,,,,,,
1676060261.372956,1676060261.373367,12.000000,0.000000,4322.051270,4346.666504,4331.922852,4366.922852,4293.846191,4313.589844,4317.051270,4323.077148,4272.179688,4295.000000,4512.051270,4511.538574,4366.282227,4420.384766,3124.000000,4.000000,85.000000,,,,0.000000,4.000000,4.000000,4.000000,4.000000,4.000000,4.000000,4.000000,4.000000,4.000000,4.000000,4.000000,4.000000,4.000000,4.000000,100.000000,,,,,,,,,,,,,,,,,,,,,,,,,,,,,,,,,,,,,,,,,,,,,,,,,,,,,,,,,,,,,,,,,,,,,,,,,,,,,,,,,,,,,,
1676060261.380764,1676060261.381176,13.000000,0.000000,4316.538574,4342.692383,4326.666504,4362.307617,4290.256348,4313.974121,4320.256348,4322.948730,4266.153809,4287.179688,4511.025879,4510.256348,4363.461426,4421.025879,3239.000000,4.000000,85.000000,,,,0.000000,4.000000,4.000000,4.000000,4.000000,4.000000,4.000000,4.000000,4.000000,4.000000,4.000000,4.000000,4.000000,4.000000,4.000000,100.000000,,,,,,,,,,,,,,,,,,,,,,,,,,,,,,,,,,,,,,,,,,,,,,,,,,,,,,,,,,,,,,,,,,,,,,,,,,,,,,,,,,,,,,
1676060261.388572,1676060261.389084,14.000000,0.000000,4293.205078,4324.358887,4298.077148,4340.512695,4275.769043,4312.179688,4300.641113,4299.615234,4243.589844,4269.358887,4487.948730,4477.179688,4347.820313,4402.051270,2737.000000,4.000000,85.000000,,,,0.000000,4.000000,4.000000,4.000000,4.000000,4.000000,4.000000,4.000000,4.000000,4.000000,4.000000,4.000000,4.000000,4.000000,4.000000,100.000000,1.000000,25.000000,4.000000,4.000000,1.000000,4.000000,1.000000,4.000000,3.000000,3.000000,4.000000,1.000000,3.000000,1.000000,3.000000,3.000000,2.840550,2.461280,1.710129,1.524197,1.336632,5.334453,1.761722,1.572039,1.331996,1.356968,2.401801,2.960820,1.534979,1.490673,1.642962,2.759605,2.603750,1.258416,1.477154,1.295022,0.756393,1.210556,0.941469,0.969651,0.579084,0.264953,1.080634,1.249171,0.828265,0.459849,0.659946,2.075931,2.103244,1.212584,1.063521,0.572592,0.866648,2.002754,1.514758,1.436918,0.655607,0.532396,1.977950,1.596990,1.385022,0.807636,0.899792,1.725981,1.934859,1.642576,10.002674,5.707176,3.741432,4.102101,1.976826,3.435506,4.928543,2.991404,3.542774,2.176582,7.583518,5.829749,3.369391,4.157531,1.488938,2.953783,4.598850,3.128629,3.626738,1.548499
1676060261.396381,1676060261.396893,15.000000,0.000000,4295.769043,4323.461426,4295.641113,4340.769043,4273.846191,4305.256348,4295.512695,4296.282227,4248.974121,4277.948730,4493.333496,4473.205078,4353.974121,4404.230957,2925.000000,4.000000,85.000000,,,,0.000000,4.000000,4.000000,4.000000,4.000000,4.000000,4.000000,4.000000,4.000000,4.000000,4.000000,4.000000,4.000000,4.000000,4.000000,100.000000,,,,,,,,,,,,,,,,,,,,,,,,,,,,,,,,,,,,,,,,,,,,,,,,,,,,,,,,,,,,,,,,,,,,,,,,,,,,,,,,,,,,,,
1676060261.404189,1676060261.404801,16.000000,0.000000,4292.436035,4318.205078,4297.051270,4333.846191,4267.051270,4293.205078,4295.641113,4298.077148,4253.077148,4272.307617,4492.820313,4471.666504,4346.025879,4393.205078,0.000000,4.000000,85.000000,,,,0.000000,4.000000,4.000000,4.000000,4.000000,4.000000,4.000000,4.000000,4.000000,4.000000,4.000000,4.000000,4.000000,4.000000,4.000000,100.000000,,,,,,,,,,,,,,,,,,,,,,,,,,,,,,,,,,,,,,,,,,,,,,,,,,,,,,,,,,,,,,,,,,,,,,,,,,,,,,,,,,,,,,
1676060261.411998,1676060261.412609,17.000000,0.000000,4281.153809,4314.487305,4289.358887,4322.692383,4261.410156,4299.871582,4294.615234,4294.230957,4244.230957,4247.307617,4481.282227,4457.692383,4332.436035,4377.307617,0.000000,4.000000,85.000000,,,,0.000000,4.000000,4.000000,4.000000,4.000000,4.000000,4.000000,4.000000,4.000000,4.000000,4.000000,4.000000,4.000000,4.000000,4.000000,100.000000,,,,,,,,,,,,,,,,,,,,,,,,,,,,,,,,,,,,,,,,,,,,,,,,,,,,,,,,,,,,,,,,,,,,,,,,,,,,,,,,,,,,,,
1676060261.419806,1676060261.420318,18.000000,0.000000,4286.538574,4316.282227,4290.000000,4326.410156,4265.000000,4312.051270,4293.461426,4293.717773,4244.358887,4248.846191,4485.897461,4457.692383,4332.948730,4388.717773,0.000000,4.000000,85.000000,,,,0.000000,4.000000,4.000000,4.000000,4.000000,4.000000,4.000000,4.000000,4.000000,4.000000,4.000000,4.000000,4.000000,4.000000,4.000000,100.000000,,,,,,,,,,,,,,,,,,,,,,,,,,,,,,,,,,,,,,,,,,,,,,,,,,,,,,,,,,,,,,,,,,,,,,,,,,,,,,,,,,,,,,
1676060261.427614,1676060261.428126,19.000000,0.000000,4297.563965,4312.307617,4294.871582,4328.333496,4264.230957,4298.846191,4289.487305,4294.871582,4248.461426,4270.769043,4501.922852,4467.051270,4339.487305,4398.846191,0.000000,4.000000,85.000000,,,,0.000000,4.000000,4.000000,4.000000,4.000000,4.000000,4.000000,4.000000,4.000000,4.000000,4.000000,4.000000,4.000000,4.000000,4.000000,100.000000,,,,,,,,,,,,,,,,,,,,,,,,,,,,,,,,,,,,,,,,,,,,,,,,,,,,,,,,,,,,,,,,,,,,,,,,,,,,,,,,,,,,,,
1676060261.435423,1676060261.435835,20.000000,0.000000,4300.512695,4317.179688,4298.974121,4327.820313,4261.282227,4287.179688,4293.589844,4301.666504,4255.512695,4283.333496,4515.769043,4472.436035,4351.410156,4397.820313,0.000000,4.000000,85.000000,,,,0.000000,4.000000,4.000000,4.000000,4.000000,4.000000,4.000000,4.000000,4.000000,4.000000,4.000000,4.000000,4.000000,4.000000,4.000000,100.000000,,,,,,,,,,,,,,,,,,,,,,,,,,,,,,,,,,,,,,,,,,,,,,,,,,,,,,,,,,,,,,,,,,,,,,,,,,,,,,,,,,,,,,
1676060261.443231,1676060261.443643,21.000000,0.000000,4305.000000,4330.769043,4307.307617,4338.333496,4265.897461,4300.769043,4302.563965,4308.974121,4262.307617,4282.307617,4526.282227,4482.692383,4362.051270,4407.563965,0.000000,4.000000,85.000000,,,,0.000000,4.000000,4.000000,4.000000,4.000000,4.000000,4.000000,4.000000,4.000000,4.000000,4.000000,4.000000,4.000000,4.000000,4.000000,100.000000,,,,,,,,,,,,,,,,,,,,,,,,,,,,,,,,,,,,,,,,,,,,,,,,,,,,,,,,,,,,,,,,,,,,,,,,,,,,,,,,,,,,,,
1676060261.451039,1676060261.451352,22.000000,0.000000,4310.512695,4323.333496,4311.410156,4340.256348,4266.538574,4308.974121,4298.589844,4303.717773,4258.205078,4275.256348,4529.230957,4489.615234,4358.461426,4415.769043,0.000000,4.000000,85.000000,,,,0.000000,4.000000,4.000000,4.000000,4.000000,4.000000,4.000000,4.000000,4.000000,4.000000,4.000000,4.000000,4.000000,4.000000,4.000000,100.000000,,,,,,,,,,,,,,,,,,,,,,,,,,,,,,,,,,,,,,,,,,,,,,,,,,,,,,,,,,,,,,,,,,,,,,,,,,,,,,,,,,,,,,
1676060261.458848,1676060261.459160,23.000000,0.000000,4311.410156,4315.000000,4314.487305,4335.128418,4266.282227,4301.922852,4296.282227,4302.051270,4255.641113,4278.461426,4538.205078,4489.230957,4363.205078,4415.897461,0.000000,4.000000,85.000000,,,,0.000000,4.000000,4.000000,4.000000,4.000000,4.000000,4.000000,4.000000,4.000000,4.000000,4.000000,4.000000,4.000000,4.000000,4.000000,100.000000,,,,,,,,,,,,,,,,,,,,,,,,,,,,,,,,,,,,,,,,,,,,,,,,,,,,,,,,,,,,,,,,,,,,,,,,,,,,,,,,,,,,,,
1676060261.466656,1676060261.466869,24.000000,0.000000,4306.025879,4319.871582,4315.897461,4333.589844,4265.897461,4302.307617,4301.410156,4304.871582,4257.948730,4278.333496,4545.384766,4484.230957,4368.333496,4412.307617,0.000000,4.000000,85.000000,,,,0.000000,4.000000,4.000000,4.000000,4.000000,4.000000,4.000000,4.000000,4.000000,4.000000,4.000000,4.000000,4.000000,4.000000,4.000000,100.000000,,,,,,,,,,,,,,,,,,,,,,,,,,,,,,,,,,,,,,,,,,,,,,,,,,,,,,,,,,,,,,,,,,,,,,,,,,,,,,,,,,,,,,
1676060261.474465,1676060261.474677,25.000000,0.000000,4281.794922,4302.179688,4293.333496,4315.897461,4253.974121,4306.922852,4287.692383,4286.538574,4242.307617,4250.641113,4516.025879,4456.666504,4331.153809,4378.717773,0.000000,4.000000,85.000000,,,,0.000000,4.000000,4.000000,4.000000,4.000000,4.000000,4.000000,4.000000,4.000000,4.000000,4.000000,4.000000,4.000000,4.000000,4.000000,100.000000,,,,,,,,,,,,,,,,,,,,,,,,,,,,,,,,,,,,,,,,,,,,,,,,,,,,,,,,,,,,,,,,,,,,,,,,,,,,,,,,,,,,,,
1676060261.482273,1676060261.482386,26.000000,0.000000,4283.589844,4297.307617,4291.410156,4314.102539,4252.692383,4310.384766,4285.641113,4286.282227,4241.410156,4252.692383,4519.871582,4455.769043,4322.436035,4372.179688,0.000000,4.000000,85.000000,,,,0.000000,4.000000,4.000000,4.000000,4.000000,4.000000,4.000000,4.000000,4.000000,4.000000,4.000000,4.000000,4.000000,4.000000,4.000000,100.000000,,,,,,,,,,,,,,,,,,,,,,,,,,,,,,,,,,,,,,,,,,,,,,,,,,,,,,,,,,,,,,,,,,,,,,,,,,,,,,,,,,,,,,
1676060261.490081,1676060261.490194,27.000000,0.000000,4315.000000,4326.410156,4327.436035,4341.410156,4272.820313,4312.948730,4314.358887,4321.025879,4276.666504,4301.153809,4587.179688,4498.461426,4378.717773,4424.743652,0.000000,4.000000,85.000000,,,,0.000000,4.000000,4.000000,4.000000,4.000000,4.000000,4.000000,4.000000,4.000000,4.000000,4.000000,4.000000,4.000000,4.000000,4.000000,100.000000,,,,,,,,,,,,,,,,,,,,,,,,,,,,,,,,,,,,,,,,,,,,,,,,,,,,,,,,,,,,,,,,,,,,,,,,,,,,,,,,,,,,,,
1676060261.497890,1676060261.497903,28.000000,0.000000,4310.000000,4327.307617,4322.436035,4340.000000,4271.666504,4303.974121,4311.153809,4317.051270,4278.333496,4304.230957,4598.205078,4497.820313,4391.922852,4428.846191,0.000000,4.000000,85.000000,,,,0.000000,4.000000,4.000000,4.000000,4.000000,4.000000,4.000000,4.000000,4.000000,4.000000,4.000000,4.000000,4.000000,4.000000,4.000000,100.000000,,,,,,,,,,,,,,,,,,,,,,,,,,,,,,,,,,,,,,,,,,,,,,,,,,,,,,,,,,,,,,,,,,,,,,,,,,,,,,,,,,,,,,
1676060261.505698,1676060261.505711,29.000000,0.000000,4290.128418,4308.589844,4292.563965,4321.538574,4252.692383,4296.153809,4283.333496,4282.820313,4249.871582,4266.410156,4546.538574,4461.025879,4355.000000,4388.461426,0.000000,4.000000,85.000000,,,,0.000000,4.000000,4.000000,4.000000,4.000000,4.000000,4.000000,4.000000,4.000000,4.000000,4.000000,4.000000,4.000000,4.000000,4.000000,100.000000,,,,,,,,,,,,,,,,,,,,,,,,,,,,,,,,,,,,,,,,,,,,,,,,,,,,,,,,,,,,,,,,,,,,,,,,,,,,,,,,,,,,,,
1676060261.513507,1676060261.513420,30.000000,0.000000,4290.897461,4305.384766,4297.179688,4320.897461,4250.128418,4293.717773,4277.179688,4277.692383,4243.333496,4254.743652,4529.871582,4454.358887,4350.641113,4388.205078,0.000000,4.000000,85.000000,,,,0.000000,4.000000,4.000000,4.000000,4.000000,4.000000,4.000000,4.000000,4.000000,4.000000,4.000000,4.000000,4.000000,4.000000,4.000000,100.000000,,,,,,,,,,,,,,,,,2.987319,2.265162,1.636776,1.520009,1.305737,4.764678,2.038027,1.708335,1.380695,1.401336,2.408172,2.704375,1.615098,1.635681,1.676734,2.871531,2.756741,1.285329,1.522052,1.270260,0.739662,1.187458,1.134830,1.021703,0.579369,0.293789,0.949654,1.351533,0.881794,0.431047,0.641856,1.771665,2.324821,1.324436,1.054621,0.593794,0.772618,1.930342,1.662109,1.456326,0.455953,0.456338,1.926592,1.796499,1.442887,0.745761,0.603181,1.852561,2.137073,1.802745,9.741867,4.633150,3.347291,4.356557,1.955862,3.698678,4.159619,2.813881,3.732966,2.169863,5.853030,4.188671,3.020379,4.409467,1.487021,2.977720,3.666672,2.798177,3.758308,1.574348
1676060261.521315,1676060261.521228,31.000000,0.000000,4283.333496,4289.230957,4292.307617,4309.487305,4244.102539,4281.794922,4270.128418,4276.153809,4236.666504,4252.948730,4527.820313,4449.102539,4356.410156,4388.846191,0.000000,4.000000,85.000000,,,,0.000000,4.000000,4.000000,4.000000,4.000000,4.000000,4.000000,4.000000,4.000000,4.000000,4.000000,4.000000,4.000000,4.000000,4.000000,100.000000,,,,,,,,,,,,,,,,,,,,,,,,,,,,,,,,,,,,,,,,,,,,,,,,,,,,,,,,,,,,,,,,,,,,,,,,,,,,,,,,,,,,,,
1676060261.529123,1676060261.528937,32.000000,0.000000,4279.743652,4279.487305,4281.794922,4297.051270,4237.436035,4279.102539,4266.538574,4273.333496,4235.384766,4257.948730,4522.179688,4448.717773,4355.897461,4383.461426,0.000000,4.000000,85.000000,,,,0.000000,4.000000,4.000000,4.000000,4.000000,4.000000,4.000000,4.000000,4.000000,4.000000,4.000000,4.000000,4.000000,4.000000,4.000000,100.000000,,,,,,,,,,,,,,,,,,,,,,,,,,,,,,,,,,,,,,,,,,,,,,,,,,,,,,,,,,,,,,,,,,,,,,,,,,,,,,,,,,,,,,
1676060261.536932,1676060261.536845,33.000000,0.000000,4308.846191,4302.563965,4310.769043,4316.922852,4255.000000,4295.256348,4289.615234,4301.025879,4263.461426,4283.461426,4550.384766,4485.256348,4385.897461,4420.128418,0.000000,4.000000,85.000000,,,,0.000000,4.000000,4.000000,4.000000,4.000000,4.000000,4.000000,4.000000,4.000000,4.000000,4.000000,4.000000,4.000000,4.000000,4.000000,100.000000,,,,,,,,,,,,,,,,,,,,,,,,,,,,,,,,,,,,,,,,,,,,,,,,,,,,,,,,,,,,,,,,,,,,,,,,,,,,,,,,,,,,,,
1676060261.544740,1676060261.544654,34.000000,0.000000,4319.487305,4306.153809,4324.615234,4327.179688,4266.922852,4302.436035,4302.948730,4318.461426,4274.743652,4291.666504,4561.025879,4501.666504,4402.948730,4438.333496,0.000000,4.000000,85.000000,,,,0.000000,4.000000,4.000000,4.000000,4.000000,4.000000,4.000000,4.000000,4.000000,4.000000,4.000000,4.000000,4.000000,4.000000,4.000000,100.000000,,,,,,,,,,,,,,,,,,,,,,,,,,,,,,,,,,,,,,,,,,,,,,,,,,,,,,,,,,,,,,,,,,,,,,,,,,,,,,,,,,,,,,
1676060261.552549,1676060261.552562,35.000000,0.000000,4301.025879,4292.692383,4308.077148,4313.589844,4261.153809,4296.025879,4298.846191,4307.692383,4261.794922,4276.922852,4537.179688,4486.025879,4382.436035,4413.846191,0.000000,4.000000,85.000000,,,,0.000000,4.000000,4.000000,4.000000,4.000000,4.000000,4.000000,4.000000,4.000000,4.000000,4.000000,4.000000,4.000000,4.000000,4.000000,100.000000,,,,,,,,,,,,,,,,,,,,,,,,,,,,,,,,,,,,,,,,,,,,,,,,,,,,,,,,,,,,,,,,,,,,,,,,,,,,,,,,,,,,,,
1676060261.560357,1676060261.560370,36.000000,0.000000,4299.871582,4299.230957,4309.615234,4312.179688,4260.641113,4297.436035,4307.307617,4307.820313,4266.282227,4268.974121,4534.871582,4488.589844,4376.538574,4410.512695,0.000000,4.000000,85.000000,,,,0.000000,4.000000,4.000000,4.000000,4.000000,4.000000,4.000000,4.000000,4.000000,4.000000,4.000000,4.000000,4.000000,4.000000,4.000000,100.000000,,,,,,,,,,,,,,,,,,,,,,,,,,,,,,,,,,,,,,,,,,,,,,,,,,,,,,,,,,,,,,,,,,,,,,,,,,,,,,,,,,,,,,
1676060261.568165,1676060261.568279,37.000000,0.000000,4300.256348,4293.461426,4308.974121,4313.333496,4261.794922,4301.538574,4307.820313,4307.692383,4266.666504,4267.820313,4527.051270,4485.000000,4374.615234,4411.153809,0.000000,4.000000,85.000000,,,,0.000000,4.000000,4.000000,4.000000,4.000000,4.000000,4.000000,4.000000,4.000000,4.000000,4.000000,4.000000,4.000000,4.000000,4.000000,100.000000,,,,,,,,,,,,,,,,,,,,,,,,,,,,,,,,,,,,,,,,,,,,,,,,,,,,,,,,,,,,,,,,,,,,,,,,,,,,,,,,,,,,,,
1676060261.575974,1676060261.576087,38.000000,0.000000,4289.358887,4279.743652,4297.692383,4307.563965,4257.820313,4304.102539,4296.538574,4293.205078,4254.102539,4274.743652,4505.897461,4467.563965,4361.025879,4400.000000,0.000000,4.000000,85.000000,,,,0.000000,4.000000,4.000000,4.000000,4.000000,4.000000,4.000000,4.000000,4.000000,4.000000,4.000000,4.000000,4.000000,4.000000,4.000000,100.000000,,,,,,,,,,,,,,,,,,,,,,,,,,,,,,,,,,,,,,,,,,,,,,,,,,,,,,,,,,,,,,,,,,,,,,,,,,,,,,,,,,,,,,
1676060261.583782,1676060261.583996,39.000000,0.000000,4295.000000,4290.897461,4307.948730,4311.282227,4263.077148,4309.102539,4300.641113,4292.948730,4259.358887,4283.589844,4514.358887,4475.512695,4368.333496,4410.384766,0.000000,4.000000,85.000000,,,,0.000000,4.000000,4.000000,4.000000,4.000000,4.000000,4.000000,4.000000,4.000000,4.000000,4.000000,4.000000,4.000000,4.000000,4.000000,100.000000,,,,,,,,,,,,,,,,,,,,,,,,,,,,,,,,,,,,,,,,,,,,,,,,,,,,,,,,,,,,,,,,,,,,,,,,,,,,,,,,,,,,,,
1676060261.591590,1676060261.591804,40.000000,0.000000,4310.384766,4301.538574,4322.563965,4319.358887,4269.230957,4307.051270,4307.436035,4309.487305,4274.743652,4283.461426,4532.179688,4496.410156,4386.794922,4424.871582,0.000000,4.000000,85.000000,,,,0.000000,4.000000,4.000000,4.000000,4.000000,4.000000,4.000000,4.000000,4.000000,4.000000,4.000000,4.000000,4.000000,4.000000,4.000000,100.000000,,,,,,,,,,,,,,,,,,,,,,,,,,,,,,,,,,,,,,,,,,,,,,,,,,,,,,,,,,,,,,,,,,,,,,,,,,,,,,,,,,,,,,
1676060261.599399,1676060261.599712,41.000000,0.000000,4303.205078,4288.974121,4312.820313,4311.153809,4255.256348,4296.922852,4298.333496,4310.000000,4271.410156,4280.769043,4519.358887,4489.615234,4380.512695,4413.974121,0.000000,4.000000,85.000000,,,,0.000000,4.000000,4.000000,4.000000,4.000000,4.000000,4.000000,4.000000,4.000000,4.000000,4.000000,4.000000,4.000000,4.000000,4.000000,100.000000,,,,,,,,,,,,,,,,,,,,,,,,,,,,,,,,,,,,,,,,,,,,,,,,,,,,,,,,,,,,,,,,,,,,,,,,,,,,,,,,,,,,,,
1676060261.607207,1676060261.607521,42.000000,0.000000,4295.256348,4283.589844,4302.563965,4301.282227,4242.179688,4291.538574,4288.846191,4301.153809,4260.256348,4280.897461,4500.128418,4470.641113,4366.025879,4404.871582,0.000000,4.000000,85.000000,,,,0.000000,4.000000,4.000000,4.000000,4.000000,4.000000,4.000000,4.000000,4.000000,4.000000,4.000000,4.000000,4.000000,4.000000,4.000000,100.000000,,,,,,,,,,,,,,,,,,,,,,,,,,,,,,,,,,,,,,,,,,,,,,,,,,,,,,,,,,,,,,,,,,,,,,,,,,,,,,,,,,,,,,
1676060261.615016,1676060261.615229,43.000000,0.000000,4320.128418,4303.974121,4324.102539,4318.974121,4255.769043,4301.025879,4299.743652,4318.589844,4275.384766,4289.871582,4515.641113,4487.692383,4382.563965,4428.205078,0.000000,4.000000,85.000000,,,,0.000000,4.000000,4.000000,4.000000,4.000000,4.000000,4.000000,4.000000,4.000000,4.000000,4.000000,4.000000,4.000000,4.000000,4.000000,100.000000,,,,,,,,,,,,,,,,,,,,,,,,,,,,,,,,,,,,,,,,,,,,,,,,,,,,,,,,,,,,,,,,,,,,,,,,,,,,,,,,,,,,,,
1676060261.622824,1676060261.623038,44.000000,0.000000,4322.179688,4301.794922,4333.717773,4319.743652,4259.743652,4302.307617,4305.769043,4326.794922,4280.384766,4289.358887,4526.922852,4500.128418,4392.436035,4434.487305,0.000000,4.000000,85.000000,,,,0.000000,4.000000,4.000000,4.000000,4.000000,4.000000,4.000000,4.000000,4.000000,4.000000,4.000000,4.000000,4.000000,4.000000,4.000000,100.000000,,,,,,,,,,,,,,,,,,,,,,,,,,,,,,,,,,,,,,,,,,,,,,,,,,,,,,,,,,,,,,,,,,,,,,,,,,,,,,,,,,,,,,
1676060261.630632,1676060261.630746,45.000000,0.000000,4293.333496,4279.230957,4310.769043,4295.256348,4243.461426,4292.563965,4295.000000,4304.871582,4256.282227,4272.948730,4506.282227,4477.051270,4370.128418,4408.974121,0.000000,4.000000,85.000000,,,,0.000000,4.000000,4.000000,4.000000,4.000000,4.000000,4.000000,4.000000,4.000000,4.000000,4.000000,4.000000,4.000000,4.000000,4.000000,100.000000,,,,,,,,,,,,,,,,,,,,,,,,,,,,,,,,,,,,,,,,,,,,,,,,,,,,,,,,,,,,,,,,,,,,,,,,,,,,,,,,,,,,,,
1676060261.638441,1676060261.638555,46.000000,0.000000,4301.410156,4296.282227,4310.512695,4307.436035,4252.307617,4296.794922,4295.769043,4302.179688,4260.256348,4270.128418,4498.333496,4476.282227,4367.820313,4411.025879,0.000000,4.000000,85.000000,,,,0.000000,4.000000,4.000000,4.000000,4.000000,4.000000,4.000000,4.000000,4.000000,4.000000,4.000000,4.000000,4.000000,4.000000,4.000000,100.000000,,,,,,,,,,,,,,,,,2.891412,2.110275,1.685640,1.477517,1.284869,4.383370,2.362328,1.820051,1.412163,1.458225,2.302317,2.368165,2.005648,1.748678,1.732066,2.957070,2.845830,1.381421,1.517182,1.286707,0.687363,1.165669,1.324412,1.020620,0.606499,0.326890,0.801315,1.417899,0.871060,0.418139,0.577707,1.403007,2.505347,1.393633,1.064240,0.587616,0.737887,1.996801,1.770038,1.509637,0.326968,0.412281,1.920468,1.985090,1.484155,0.673995,0.401197,2.080268,2.258160,1.884072,9.276103,3.493144,3.152677,4.325916,1.996297,3.661234,3.394051,2.962452,3.734889,2.176837,4.185440,2.703566,2.858249,4.322426,1.505557,2.759458,2.796576,2.728128,3.620233,1.656761
1676060261.646249,1676060261.646263,47.000000,0.000000,4326.538574,4328.717773,4329.487305,4333.717773,4270.512695,4302.179688,4301.410156,4314.487305,4282.563965,4279.615234,4509.102539,4495.897461,4383.717773,4432.436035,0.000000,4.000000,85.000000,,,,0.000000,4.000000,4.000000,4.000000,4.000000,4.000000,4.000000,4.000000,4.000000,4.000000,4.000000,4.000000,4.000000,4.000000,4.000000,100.000000,,,,,,,,,,,,,,,,,,,,,,,,,,,,,,,,,,,,,,,,,,,,,,,,,,,,,,,,,,,,,,,,,,,,,,,,,,,,,,,,,,,,,,
1676060261.654057,1676060261.654072,48.000000,0.000000,4324.871582,4332.179688,4330.000000,4330.128418,4267.948730,4303.974121,4304.102539,4312.692383,4283.333496,4290.769043,4514.487305,4497.307617,4385.000000,4436.153809,0.000000,4.000000,85.000000,,,,0.000000,4.000000,4.000000,4.000000,4.000000,4.000000,4.000000,4.000000,4.000000,4.000000,4.000000,4.000000,4.000000,4.000000,4.000000,100.000000,,,,,,,,,,,,,,,,,,,,,,,,,,,,,,,,,,,,,,,,,,,,,,,,,,,,,,,,,,,,,,,,,,,,,,,,,,,,,,,,,,,,,,
1676060261.661866,1676060261.661780,49.000000,0.000000,4314.743652,4324.743652,4321.922852,4320.128418,4263.717773,4308.846191,4307.820313,4308.333496,4278.205078,4290.128418,4503.974121,4484.358887,4371.666504,4420.641113,0.000000,4.000000,85.000000,,,,0.000000,4.000000,4.000000,4.000000,4.000000,4.000000,4.000000,4.000000,4.000000,4.000000,4.000000,4.000000,4.000000,4.000000,4.000000,100.000000,,,,,,,,,,,,,,,,,,,,,,,,,,,,,,,,,,,,,,,,,,,,,,,,,,,,,,,,,,,,,,,,,,,,,,,,,,,,,,,,,,,,,,
1676060261.669674,1676060261.669589,50.000000,0.000000,4303.974121,4320.384766,4311.153809,4315.384766,4260.000000,4307.307617,4301.153809,4299.358887,4266.922852,4271.666504,4474.487305,4465.256348,4349.487305,4395.512695,0.000000,4.000000,85.000000,,,,0.000000,4.000000,4.000000,4.000000,4.000000,4.000000,4.000000,4.000000,4.000000,4.000000,4.000000,4.000000,4.000000,4.000000,4.000000,100.000000,,,,,,,,,,,,,,,,,,,,,,,,,,,,,,,,,,,,,,,,,,,,,,,,,,,,,,,,,,,,,,,,,,,,,,,,,,,,,,,,,,,,,,
1676060261.677482,1676060261.677297,51.000000,0.000000,4294.102539,4319.871582,4300.384766,4310.256348,4252.692383,4298.974121,4292.179688,4290.897461,4254.102539,4266.666504,4456.922852,4452.563965,4335.641113,4384.871582,0.000000,4.000000,85.000000,,,,0.000000,4.000000,4.000000,4.000000,4.000000,4.000000,4.000000,4.000000,4.000000,4.000000,4.000000,4.000000,4.000000,4.000000,4.000000,100.000000,,,,,,,,,,,,,,,,,,,,,,,,,,,,,,,,,,,,,,,,,,,,,,,,,,,,,,,,,,,,,,,,,,,,,,,,,,,,,,,,,,,,,,
1676060261.685291,1676060261.685206,52.000000,0.000000,4299.871582,4336.666504,4309.871582,4319.615234,4255.512695,4299.102539,4299.615234,4299.871582,4264.487305,4277.692383,4468.974121,4459.871582,4342.436035,4393.846191,0.000000,4.000000,85.000000,,,,0.000000,4.000000,4.000000,4.000000,4.000000,4.000000,4.000000,4.000000,4.000000,4.000000,4.000000,4.000000,4.000000,4.000000,4.000000,100.000000,,,,,,,,,,,,,,,,,,,,,,,,,,,,,,,,,,,,,,,,,,,,,,,,,,,,,,,,,,,,,,,,,,,,,,,,,,,,,,,,,,,,,,
1676060261.693099,1676060261.693014,53.000000,0.000000,4300.000000,4348.461426,4314.102539,4326.410156,4255.128418,4299.230957,4301.025879,4302.948730,4272.563965,4272.820313,4466.538574,4458.974121,4332.179688,4383.717773,0.000000,4.000000,85.000000,,,,0.000000,4.000000,4.000000,4.000000,4.000000,4.000000,4.000000,4.000000,4.000000,4.000000,4.000000,4.000000,4.000000,4.000000,4.000000,100.000000,,,,,,,,,,,,,,,,,,,,,,,,,,,,,,,,,,,,,,,,,,,,,,,,,,,,,,,,,,,,,,,,,,,,,,,,,,,,,,,,,,,,,,
1676060261.700908,1676060261.700923,54.000000,0.000000,4285.512695,4338.461426,4294.743652,4315.769043,4245.128418,4288.974121,4288.846191,4293.461426,4260.512695,4261.794922,4445.384766,4442.436035,4305.256348,4362.948730,0.000000,4.000000,85.000000,,,,0.000000,4.000000,4.000000,4.000000,4.000000,4.000000,4.000000,4.000000,4.000000,4.000000,4.000000,4.000000,4.000000,4.000000,4.000000,100.000000,,,,,,,,,,,,,,,,,,,,,,,,,,,,,,,,,,,,,,,,,,,,,,,,,,,,,,,,,,,,,,,,,,,,,,,,,,,,,,,,,,,,,,
1676060261.708716,1676060261.708731,55.000000,0.000000,4298.717773,4344.487305,4303.974121,4323.717773,4255.512695,4292.692383,4300.256348,4303.205078,4264.871582,4273.333496,4461.153809,4455.128418,4319.230957,4382.692383,0.000000,4.000000,85.000000,,,,0.000000,4.000000,4.000000,4.000000,4.000000,4.000000,4.000000,4.000000,4.000000,4.000000,4.000000,4.000000,4.000000,4.000000,4.000000,100.000000,,,,,,,,,,,,,,,,,,,,,,,,,,,,,,,,,,,,,,,,,,,,,,,,,,,,,,,,,,,,,,,,,,,,,,,,,,,,,,,,,,,,,,
1676060261.716524,1676060261.716639,56.000000,0.000000,4325.641113,4365.384766,4336.282227,4342.436035,4273.077148,4307.051270,4320.128418,4322.051270,4282.948730,4283.846191,4495.641113,4484.230957,4354.358887,4414.743652,0.000000,4.000000,85.000000,,,,0.000000,4.000000,4.000000,4.000000,4.000000,4.000000,4.000000,4.000000,4.000000,4.000000,4.000000,4.000000,4.000000,4.000000,4.000000,100.000000,,,,,,,,,,,,,,,,,,,,,,,,,,,,,,,,,,,,,,,,,,,,,,,,,,,,,,,,,,,,,,,,,,,,,,,,,,,,,,,,,,,,,,
1676060261.724333,1676060261.724448,57.000000,0.000000,4325.897461,4363.846191,4340.000000,4341.538574,4269.615234,4306.282227,4315.769043,4321.153809,4281.538574,4283.589844,4494.743652,4488.077148,4355.384766,4414.230957,0.000000,4.000000,85.000000,,,,0.000000,4.000000,4.000000,4.000000,4.000000,4.000000,4.000000,4.000000,4.000000,4.000000,4.000000,4.000000,4.000000,4.000000,4.000000,100.000000,,,,,,,,,,,,,,,,,,,,,,,,,,,,,,,,,,,,,,,,,,,,,,,,,,,,,,,,,,,,,,,,,,,,,,,,,,,,,,,,,,,,,,
1676060261.732141,1676060261.732356,58.000000,0.000000,4311.794922,4342.692383,4325.384766,4328.461426,4265.769043,4298.974121,4304.615234,4306.538574,4268.717773,4285.769043,4471.025879,4472.948730,4335.769043,4402.307617,0.000000,4.000000,85.000000,,,,0.000000,4.000000,4.000000,4.000000,4.000000,4.000000,4.000000,4.000000,4.000000,4.000000,4.000000,4.000000,4.000000,4.000000,4.000000,100.000000,,,,,,,,,,,,,,,,,,,,,,,,,,,,,,,,,,,,,,,,,,,,,,,,,,,,,,,,,,,,,,,,,,,,,,,,,,,,,,,,,,,,,,
1676060261.739950,1676060261.740165,59.000000,0.000000,4297.692383,4324.743652,4316.282227,4313.205078,4260.256348,4299.230957,4296.794922,4292.948730,4258.589844,4276.538574,4454.102539,4458.974121,4325.128418,4392.820313,0.000000,4.000000,85.000000,,,,0.000000,4.000000,4.000000,4.000000,4.000000,4.000000,4.000000,4.000000,4.000000,4.000000,4.000000,4.000000,4.000000,4.000000,4.000000,100.000000,,,,,,,,,,,,,,,,,,,,,,,,,,,,,,,,,,,,,,,,,,,,,,,,,,,,,,,,,,,,,,,,,,,,,,,,,,,,,,,,,,,,,,
1676060261.747758,1676060261.748073,60.000000,0.000000,4293.077148,4321.410156,4316.794922,4307.948730,4250.128418,4303.717773,4294.615234,4292.563965,4259.358887,4271.282227,4453.461426,4455.128418,4324.743652,4388.717773,0.000000,4.000000,85.000000,,,,0.000000,4.000000,4.000000,4.000000,4.000000,4.000000,4.000000,4.000000,4.000000,4.000000,4.000000,4.000000,4.000000,4.000000,4.000000,100.000000,,,,,,,,,,,,,,,,,,,,,,,,,,,,,,,,,,,,,,,,,,,,,,,,,,,,,,,,,,,,,,,,,,,,,,,,,,,,,,,,,,,,,,
1676060261.755566,1676060261.755881,61.000000,0.000000,4310.128418,4334.487305,4328.077148,4321.922852,4259.487305,4309.102539,4308.461426,4312.820313,4279.871582,4293.461426,4467.436035,4468.589844,4339.743652,4401.025879,0.000000,4.000000,85.000000,,,,0.000000,4.000000,4.000000,4.000000,4.000000,4.000000,4.000000,4.000000,4.000000,4.000000,4.000000,4.000000,4.000000,4.000000,4.000000,100.000000,,,,,,,,,,,,,,,,,,,,,,,,,,,,,,,,,,,,,,,,,,,,,,,,,,,,,,,,,,,,,,,,,,,,,,,,,,,,,,,,,,,,,,
1676060261.763375,1676060261.763790,62.000000,0.000000,4304.230957,4329.871582,4316.922852,4315.641113,4261.666504,4303.077148,4303.717773,4310.256348,4281.666504,4291.153809,4457.692383,4458.205078,4338.974121,4395.512695,0.000000,4.000000,85.000000,,,,0.000000,4.000000,4.000000,4.000000,4.000000,4.000000,4.000000,4.000000,4.000000,4.000000,4.000000,4.000000,4.000000,4.000000,4.000000,100.000000,,,,,,,,,,,,,,,,,2.590806,2.029945,1.835986,1.448022,1.286409,4.270765,2.644319,1.899041,1.458696,1.518123,2.115204,2.042842,2.630365,1.859168,1.802133,3.040273,2.843938,1.568340,1.503203,1.339086,0.571912,1.163045,1.478452,0.997738,0.656910,0.347012,0.706169,1.437135,0.817825,0.419384,0.491808,1.108483,2.638323,1.456555,1.088500,0.558392,0.717523,2.175382,1.880268,1.583792,0.245223,0.371241,1.942364,2.146676,1.497743,0.617711,0.316574,2.297559,2.317863,1.874705,8.668335,2.565214,3.181706,4.128600,2.095332,3.363183,2.823040,3.391731,3.647500,2.198256,2.964330,1.698176,2.889379,3.982105,1.552426,2.387750,2.196793,2.891265,3.324227,1.782445
1676060261.771183,1676060261.771598,63.000000,0.000000,4268.461426,4300.128418,4278.846191,4279.487305,4238.974121,4287.179688,4275.000000,4278.461426,4249.487305,4253.333496,4418.846191,4417.436035,4309.102539,4361.025879,0.000000,4.000000,85.000000,,,,0.000000,4.000000,4.000000,4.000000,4.000000,4.000000,4.000000,4.000000,4.000000,4.000000,4.000000,4.000000,4.000000,4.000000,4.000000,100.000000,,,,,,,,,,,,,,,,,,,,,,,,,,,,,,,,,,,,,,,,,,,,,,,,,,,,,,,,,,,,,,,,,,,,,,,,,,,,,,,,,,,,,,
1676060261.778992,1676060261.779506,64.000000,0.000000,4277.051270,4306.538574,4286.153809,4285.000000,4247.051270,4298.077148,4289.102539,4286.410156,4252.436035,4254.743652,4424.230957,4430.256348,4315.641113,4368.974121,2536.000000,4.000000,85.000000,,,,0.000000,4.000000,4.000000,4.000000,4.000000,4.000000,4.000000,4.000000,4.000000,4.000000,4.000000,4.000000,4.000000,4.000000,4.000000,100.000000,,,,,,,,,,,,,,,,,,,,,,,,,,,,,,,,,,,,,,,,,,,,,,,,,,,,,,,,,,,,,,,,,,,,,,,,,,,,,,,,,,,,,,
1676060261.786800,1676060261.787315,65.000000,0.000000,4312.307617,4341.794922,4323.846191,4322.820313,4276.538574,4318.461426,4327.692383,4327.051270,4291.538574,4286.153809,4470.512695,4480.769043,4354.487305,4410.000000,2476.000000,4.000000,85.000000,,,,0.000000,4.000000,4.000000,4.000000,4.000000,4.000000,4.000000,4.000000,4.000000,4.000000,4.000000,4.000000,4.000000,4.000000,4.000000,100.000000,,,,,,,,,,,,,,,,,,,,,,,,,,,,,,,,,,,,,,,,,,,,,,,,,,,,,,,,,,,,,,,,,,,,,,,,,,,,,,,,,,,,,,
1676060261.794608,1676060261.795023,66.000000,0.000000,4302.563965,4334.615234,4315.256348,4314.102539,4265.256348,4305.641113,4318.077148,4326.538574,4290.000000,4284.615234,4467.563965,4474.230957,4349.615234,4399.358887,2408.000000,4.000000,85.000000,,,,0.000000,4.000000,4.000000,4.000000,4.000000,4.000000,4.000000,4.000000,4.000000,4.000000,4.000000,4.000000,4.000000,4.000000,4.000000,100.000000,,,,,,,,,,,,,,,,,,,,,,,,,,,,,,,,,,,,,,,,,,,,,,,,,,,,,,,,,,,,,,,,,,,,,,,,,,,,,,,,,,,,,,
1676060261.802417,1676060261.802832,67.000000,0.000000,4276.282227,4305.000000,4290.769043,4283.717773,4246.410156,4291.794922,4295.000000,4300.897461,4261.410156,4273.077148,4428.461426,4444.102539,4318.333496,4369.358887,2473.000000,4.000000,85.000000,,,,0.000000,4.000000,4.000000,4.000000,4.000000,4.000000,4.000000,4.000000,4.000000,4.000000,4.000000,4.000000,4.000000,4.000000,4.000000,100.000000,,,,,,,,,,,,,,,,,,,,,,,,,,,,,,,,,,,,,,,,,,,,,,,,,,,,,,,,,,,,,,,,,,,,,,,,,,,,,,,,,,,,,,
1676060261.810225,1676060261.810540,68.000000,0.000000,4265.641113,4293.846191,4284.487305,4277.563965,4249.102539,4296.794922,4294.743652,4293.333496,4252.179688,4269.102539,4415.641113,4442.436035,4309.871582,4365.769043,2448.000000,4.000000,85.000000,,,,0.000000,4.000000,4.000000,4.000000,4.000000,4.000000,4.000000,4.000000,4.000000,4.000000,4.000000,4.000000,4.000000,4.000000,4.000000,100.000000,,,,,,,,,,,,,,,,,,,,,,,,,,,,,,,,,,,,,,,,,,,,,,,,,,,,,,,,,,,,,,,,,,,,,,,,,,,,,,,,,,,,,,
1676060261.818034,1676060261.818449,69.000000,0.000000,4263.333496,4291.666504,4279.871582,4279.743652,4246.794922,4291.153809,4287.820313,4293.333496,4255.128418,4262.820313,4418.974121,4439.358887,4309.615234,4361.153809,2386.000000,4.000000,85.000000,,,,0.000000,4.000000,4.000000,4.000000,4.000000,4.000000,4.000000,4.000000,4.000000,4.000000,4.000000,4.000000,4.000000,4.000000,4.000000,100.000000,,,,,,,,,,,,,,,,,,,,,,,,,,,,,,,,,,,,,,,,,,,,,,,,,,,,,,,,,,,,,,,,,,,,,,,,,,,,,,,,,,,,,,
1676060261.825842,1676060261.826257,70.000000,0.000000,4283.589844,4306.538574,4292.692383,4291.666504,4251.153809,4291.922852,4289.487305,4303.846191,4268.333496,4276.025879,4431.922852,4448.717773,4323.717773,4371.410156,2234.000000,4.000000,85.000000,,,,0.000000,4.000000,4.000000,4.000000,4.000000,4.000000,4.000000,4.000000,4.000000,4.000000,4.000000,4.000000,4.000000,4.000000,4.000000,100.000000,,,,,,,,,,,,,,,,,,,,,,,,,,,,,,,,,,,,,,,,,,,,,,,,,,,,,,,,,,,,,,,,,,,,,,,,,,,,,,,,,,,,,,
1676060261.833650,1676060261.834066,71.000000,0.000000,4309.102539,4328.717773,4313.974121,4311.666504,4266.153809,4305.897461,4303.589844,4311.410156,4275.256348,4289.743652,4450.512695,4472.820313,4353.333496,4401.025879,2236.000000,4.000000,85.000000,,,,0.000000,4.000000,4.000000,4.000000,4.000000,4.000000,4.000000,4.000000,4.000000,4.000000,4.000000,4.000000,4.000000,4.000000,4.000000,100.000000,,,,,,,,,,,,,,,,,,,,,,,,,,,,,,,,,,,,,,,,,,,,,,,,,,,,,,,,,,,,,,,,,,,,,,,,,,,,,,,,,,,,,,
1676060261.841459,1676060261.841774,72.000000,0.000000,4309.871582,4329.743652,4315.641113,4317.179688,4269.615234,4305.512695,4302.051270,4299.102539,4264.102539,4279.358887,4451.282227,4469.102539,4357.436035,4410.000000,2289.000000,4.000000,85.000000,,,,0.000000,4.000000,4.000000,4.000000,4.000000,4.000000,4.000000,4.000000,4.000000,4.000000,4.000000,4.000000,4.000000,4.000000,4.000000,100.000000,,,,,,,,,,,,,,,,,,,,,,,,,,,,,,,,,,,,,,,,,,,,,,,,,,,,,,,,,,,,,,,,,,,,,,,,,,,,,,,,,,,,,,
1676060261.849267,1676060261.849583,73.000000,0.000000,4299.871582,4321.025879,4310.769043,4311.538574,4262.820313,4296.794922,4296.153809,4293.461426,4261.410156,4278.974121,4442.820313,4453.589844,4341.538574,4397.563965,2257.000000,4.000000,85.000000,,,,0.000000,4.000000,4.000000,4.000000,4.000000,4.000000,4.000000,4.000000,4.000000,4.000000,4.000000,4.000000,4.000000,4.000000,4.000000,100.000000,,,,,,,,,,,,,,,,,,,,,,,,,,,,,,,,,,,,,,,,,,,,,,,,,,,,,,,,,,,,,,,,,,,,,,,,,,,,,,,,,,,,,,
1676060261.857075,1676060261.857291,74.000000,0.000000,4304.487305,4321.794922,4315.256348,4311.410156,4260.512695,4300.512695,4303.077148,4306.538574,4271.153809,4288.333496,4443.717773,4460.897461,4343.589844,4396.794922,2732.000000,4.000000,85.000000,,,,0.000000,4.000000,4.000000,4.000000,4.000000,4.000000,4.000000,4.000000,4.000000,4.000000,4.000000,4.000000,4.000000,4.000000,4.000000,100.000000,,,,,,,,,,,,,,,,,,,,,,,,,,,,,,,,,,,,,,,,,,,,,,,,,,,,,,,,,,,,,,,,,,,,,,,,,,,,,,,,,,,,,,
1676060261.864884,1676060261.865100,75.000000,0.000000,4313.717773,4329.871582,4318.077148,4315.256348,4265.128418,4306.538574,4311.794922,4316.538574,4277.563965,4276.282227,4449.871582,4472.820313,4354.487305,4407.179688,2929.000000,4.000000,85.000000,,,,0.000000,4.000000,4.000000,4.000000,4.000000,4.000000,4.000000,4.000000,4.000000,4.000000,4.000000,4.000000,4.000000,4.000000,4.000000,100.000000,,,,,,,,,,,,,,,,,,,,,,,,,,,,,,,,,,,,,,,,,,,,,,,,,,,,,,,,,,,,,,,,,,,,,,,,,,,,,,,,,,,,,,
1676060261.872692,1676060261.872808,76.000000,0.000000,4301.538574,4326.282227,4309.871582,4307.563965,4259.358887,4300.384766,4306.282227,4313.077148,4274.743652,4263.589844,4443.974121,4462.563965,4344.743652,4401.666504,3132.000000,4.000000,85.000000,,,,0.000000,4.000000,4.000000,4.000000,4.000000,4.000000,4.000000,4.000000,4.000000,4.000000,4.000000,4.000000,4.000000,4.000000,4.000000,100.000000,,,,,,,,,,,,,,,,,,,,,,,,,,,,,,,,,,,,,,,,,,,,,,,,,,,,,,,,,,,,,,,,,,,,,,,,,,,,,,,,,,,,,,
1676060261.880501,1676060261.880617,77.000000,0.000000,4295.897461,4320.641113,4309.487305,4303.846191,4255.256348,4294.230957,4308.589844,4316.794922,4276.794922,4281.922852,4439.871582,4461.025879,4341.282227,4396.666504,3251.000000,4.000000,85.000000,,,,0.000000,4.000000,4.000000,4.000000,4.000000,4.000000,4.000000,4.000000,4.000000,4.000000,4.000000,4.000000,4.000000,4.000000,4.000000,100.000000,,,,,,,,,,,,,,,,,,,,,,,,,,,,,,,,,,,,,,,,,,,,,,,,,,,,,,,,,,,,,,,,,,,,,,,,,,,,,,,,,,,,,,
1676060261.888309,1676060261.888325,78.000000,0.000000,4311.922852,4328.461426,4323.077148,4311.025879,4264.871582,4306.025879,4318.461426,4330.000000,4288.205078,4303.077148,4450.000000,4480.128418,4355.512695,4405.512695,2732.000000,4.000000,85.000000,,,,0.000000,4.000000,4.000000,4.000000,4.000000,4.000000,4.000000,4.000000,4.000000,4.000000,4.000000,4.000000,4.000000,4.000000,4.000000,100.000000,1.000000,25.000000,4.000000,4.000000,1.000000,4.000000,1.000000,4.000000,3.000000,3.000000,4.000000,1.000000,3.000000,1.000000,3.000000,3.000000,2.180905,2.019684,2.011020,1.477636,1.304770,4.391465,2.790836,1.935869,1.546697,1.554890,1.907785,1.795752,3.311752,1.993676,1.854383,3.101500,2.723181,1.816066,1.517038,1.392715,0.453856,1.194447,1.556997,0.987571,0.710368,0.345694,0.717684,1.400130,0.756589,0.427358,0.418777,0.980655,2.702027,1.545729,1.103783,0.529856,0.687976,2.385032,2.033887,1.639951,0.251228,0.331360,1.935805,2.276901,1.470893,0.585801,0.340699,2.382597,2.365387,1.784743,7.998453,2.029041,3.332474,3.965758,2.214120,2.886184,2.552123,3.929161,3.609014,2.210359,2.274334,1.272993,2.988258,3.568485,1.618895,1.973138,1.943405,3.135142,3.047024,1.913654
1676060261.896117,1676060261.896134,79.000000,0.000000,4303.717773,4324.743652,4320.384766,4306.794922,4261.666504,4321.666504,4309.871582,4326.922852,4285.769043,4288.974121,4446.282227,4480.384766,4347.436035,4401.410156,2929.000000,4.000000,85.000000,,,,0.000000,4.000000,4.000000,4.000000,4.000000,4.000000,4.000000,4.000000,4.000000,4.000000,4.000000,4.000000,4.000000,4.000000,4.000000,100.000000,,,,,,,,,,,,,,,,,,,,,,,,,,,,,,,,,,,,,,,,,,,,,,,,,,,,,,,,,,,,,,,,,,,,,,,,,,,,,,,,,,,,,,
1676060261.903926,1676060261.903842,80.000000,0.000000,4274.102539,4300.256348,4299.358887,4289.358887,4245.897461,4318.717773,4290.897461,4302.820313,4262.436035,4263.333496,4424.871582,4455.256348,4324.487305,4381.025879,3132.000000,4.000000,85.000000,,,,0.000000,4.000000,4.000000,4.000000,4.000000,4.000000,4.000000,4.000000,4.000000,4.000000,4.000000,4.000000,4.000000,4.000000,4.000000,100.000000,,,,,,,,,,,,,,,,,,,,,,,,,,,,,,,,,,,,,,,,,,,,,,,,,,,,,,,,,,,,,,,,,,,,,,,,,,,,,,,,,,,,,,
1676060261.911734,1676060261.911751,81.000000,0.000000,4283.333496,4298.205078,4301.794922,4288.589844,4249.871582,4312.948730,4293.205078,4292.820313,4255.769043,4268.205078,4425.641113,4451.410156,4333.461426,4385.384766,3251.000000,4.000000,85.000000,,,,0.000000,4.000000,4.000000,4.000000,4.000000,4.000000,4.000000,4.000000,4.000000,4.000000,4.000000,4.000000,4.000000,4.000000,4.000000,100.000000,,,,,,,,,,,,,,,,,,,,,,,,,,,,,,,,,,,,,,,,,,,,,,,,,,,,,,,,,,,,,,,,,,,,,,,,,,,,,,,,,,,,,,
1676060261.919542,1676060261.919559,82.000000,0.000000,4317.563965,4325.000000,4322.820313,4306.666504,4266.282227,4323.846191,4309.487305,4307.307617,4276.025879,4290.128418,4447.563965,4475.769043,4358.974121,4412.692383,2732.000000,4.000000,85.000000,,,,0.000000,4.000000,4.000000,4.000000,4.000000,4.000000,4.000000,4.000000,4.000000,4.000000,4.000000,4.000000,4.000000,4.000000,4.000000,100.000000,,,,,,,,,,,,,,,,,,,,,,,,,,,,,,,,,,,,,,,,,,,,,,,,,,,,,,,,,,,,,,,,,,,,,,,,,,,,,,,,,,,,,,
1676060261.927351,1676060261.927467,83.000000,0.000000,4322.820313,4331.922852,4325.769043,4313.333496,4267.692383,4325.384766,4306.922852,4313.589844,4283.974121,4291.794922,4451.153809,4480.128418,4359.615234,4420.384766,2929.000000,4.000000,85.000000,,,,0.000000,4.000000,4.000000,4.000000,4.000000,4.000000,4.000000,4.000000,4.000000,4.000000,4.000000,4.000000,4.000000,4.000000,4.000000,100.000000,,,,,,,,,,,,,,,,,,,,,,,,,,,,,,,,,,,,,,,,,,,,,,,,,,,,,,,,,,,,,,,,,,,,,,,,,,,,,,,,,,,,,,
1676060261.935159,1676060261.935276,84.000000,0.000000,4303.461426,4315.897461,4311.282227,4302.563965,4257.563965,4311.153809,4292.948730,4303.333496,4271.153809,4279.230957,4435.897461,4460.897461,4344.230957,4404.487305,3132.000000,4.000000,85.000000,,,,0.000000,4.000000,4.000000,4.000000,4.000000,4.000000,4.000000,4.000000,4.000000,4.000000,4.000000,4.000000,4.000000,4.000000,4.000000,100.000000,,,,,,,,,,,,,,,,,,,,,,,,,,,,,,,,,,,,,,,,,,,,,,,,,,,,,,,,,,,,,,,,,,,,,,,,,,,,,,,,,,,,,,
1676060261.942968,1676060261.943184,85.000000,0.000000,4291.922852,4310.256348,4299.358887,4290.512695,4250.512695,4306.666504,4286.282227,4293.846191,4262.179688,4266.538574,4426.538574,4446.538574,4339.871582,4391.922852,3251.000000,4.000000,85.000000,,,,0.000000,4.000000,4.000000,4.000000,4.000000,4.000000,4.000000,4.000000,4.000000,4.000000,4.000000,4.000000,4.000000,4.000000,4.000000,100.000000,,,,,,,,,,,,,,,,,,,,,,,,,,,,,,,,,,,,,,,,,,,,,,,,,,,,,,,,,,,,,,,,,,,,,,,,,,,,,,,,,,,,,,
1676060261.950776,1676060261.950993,86.000000,0.000000,4297.820313,4308.077148,4298.205078,4290.256348,4249.230957,4311.922852,4293.461426,4295.128418,4265.512695,4254.102539,4425.384766,4444.615234,4342.563965,4396.922852,2732.000000,4.000000,85.000000,,,,0.000000,4.000000,4.000000,4.000000,4.000000,4.000000,4.000000,4.000000,4.000000,4.000000,4.000000,4.000000,4.000000,4.000000,4.000000,100.000000,,,,,,,,,,,,,,,,,,,,,,,,,,,,,,,,,,,,,,,,,,,,,,,,,,,,,,,,,,,,,,,,,,,,,,,,,,,,,,,,,,,,,,
1676060261.958584,1676060261.958901,87.000000,0.000000,4297.436035,4297.307617,4298.974121,4296.282227,4250.897461,4310.000000,4301.153809,4301.410156,4269.102539,4260.641113,4423.333496,4446.410156,4335.512695,4400.128418,2929.000000,4.000000,85.000000,,,,0.000000,4.000000,4.000000,4.000000,4.000000,4.000000,4.000000,4.000000,4.000000,4.000000,4.000000,4.000000,4.000000,4.000000,4.000000,100.000000,,,,,,,,,,,,,,,,,,,,,,,,,,,,,,,,,,,,,,,,,,,,,,,,,,,,,,,,,,,,,,,,,,,,,,,,,,,,,,,,,,,,,,
1676060261.966393,1676060261.966709,88.000000,0.000000,4288.589844,4296.282227,4293.461426,4300.128418,4247.436035,4307.563965,4295.128418,4301.410156,4265.256348,4272.820313,4415.128418,4448.333496,4327.948730,4393.717773,3132.000000,4.000000,85.000000,,,,0.000000,4.000000,4.000000,4.000000,4.000000,4.000000,4.000000,4.000000,4.000000,4.000000,4.000000,4.000000,4.000000,4.000000,4.000000,100.000000,,,,,,,,,,,,,,,,,,,,,,,,,,,,,,,,,,,,,,,,,,,,,,,,,,,,,,,,,,,,,,,,,,,,,,,,,,,,,,,,,,,,,,
1676060261.974201,1676060261.974618,89.000000,0.000000,4292.436035,4306.282227,4292.179688,4307.820313,4247.948730,4311.538574,4295.769043,4298.846191,4261.666504,4267.692383,4412.820313,4452.820313,4336.666504,4397.307617,3251.000000,4.000000,85.000000,,,,0.000000,4.000000,4.000000,4.000000,4.000000,4.000000,4.000000,4.000000,4.000000,4.000000,4.000000,4.000000,4.000000,4.000000,4.000000,100.000000,,,,,,,,,,,,,,,,,,,,,,,,,,,,,,,,,,,,,,,,,,,,,,,,,,,,,,,,,,,,,,,,,,,,,,,,,,,,,,,,,,,,,,
1676060261.982010,1676060261.982426,90.000000,0.000000,4308.077148,4308.589844,4308.333496,4322.692383,4256.922852,4313.974121,4308.333496,4307.307617,4264.871582,4270.641113,4424.102539,4469.743652,4349.230957,4412.692383,2732.000000,4.000000,85.000000,,,,0.000000,4.000000,4.000000,4.000000,4.000000,4.000000,4.000000,4.000000,4.000000,4.000000,4.000000,4.000000,4.000000,4.000000,4.000000,100.000000,,,,,,,,,,,,,,,,,,,,,,,,,,,,,,,,,,,,,,,,,,,,,,,,,,,,,,,,,,,,,,,,,,,,,,,,,,,,,,,,,,,,,,
1676060261.989818,1676060261.990135,91.000000,0.000000,4319.102539,4307.948730,4320.256348,4340.769043,4255.384766,4310.641113,4308.846191,4312.948730,4268.846191,4275.512695,4426.666504,4490.256348,4347.051270,4420.000000,2929.000000,4.000000,85.000000,,,,0.000000,4.000000,4.000000,4.000000,4.000000,4.000000,4.000000,4.000000,4.000000,4.000000,4.000000,4.000000,4.000000,4.000000,4.000000,100.000000,,,,,,,,,,,,,,,,,,,,,,,,,,,,,,,,,,,,,,,,,,,,,,,,,,,,,,,,,,,,,,,,,,,,,,,,,,,,,,,,,,,,,,
1676060261.997626,1676060261.997943,92.000000,0.000000,4315.641113,4311.025879,4312.179688,4350.769043,4250.128418,4307.820313,4296.538574,4300.641113,4261.282227,4265.769043,4411.794922,4489.615234,4333.461426,4410.256348,3132.000000,4.000000,85.000000,,,,0.000000,4.000000,4.000000,4.000000,4.000000,4.000000,4.000000,4.000000,4.000000,4.000000,4.000000,4.000000,4.000000,4.000000,4.000000,100.000000,,,,,,,,,,,,,,,,,,,,,,,,,,,,,,,,,,,,,,,,,,,,,,,,,,,,,,,,,,,,,,,,,,,,,,,,,,,,,,,,,,,,,,
1676060262.005435,1676060262.005652,93.000000,0.000000,4314.230957,4315.897461,4311.666504,4356.025879,4253.589844,4307.820313,4293.461426,4296.153809,4257.307617,4267.563965,4412.948730,4489.358887,4333.461426,4406.410156,3251.000000,4.000000,85.000000,,,,0.000000,4.000000,4.000000,4.000000,4.000000,4.000000,4.000000,4.000000,4.000000,4.000000,4.000000,4.000000,4.000000,4.000000,4.000000,100.000000,,,,,,,,,,,,,,,,,,,,,,,,,,,,,,,,,,,,,,,,,,,,,,,,,,,,,,,,,,,,,,,,,,,,,,,,,,,,,,,,,,,,,,
1676060262.013243,1676060262.013460,94.000000,0.000000,4329.615234,4318.589844,4324.615234,4360.769043,4257.051270,4310.769043,4300.769043,4308.461426,4268.846191,4281.666504,4435.128418,4511.410156,4355.384766,4423.205078,2732.000000,4.000000,85.000000,,,,0.000000,4.000000,4.000000,4.000000,4.000000,4.000000,4.000000,4.000000,4.000000,4.000000,4.000000,4.000000,4.000000,4.000000,4.000000,100.000000,,,,,,,,,,,,,,,,,1.753689,2.024659,2.124797,1.574587,1.326271,4.650831,2.714524,1.927051,1.669968,1.545505,1.727925,1.644392,3.825301,2.143232,1.855500,3.072783,2.449906,2.050854,1.563425,1.408861,0.341756,1.253669,1.538617,1.004326,0.742769,0.329190,0.841744,1.301900,0.710926,0.432950,0.385004,1.018234,2.665150,1.660359,1.085321,0.523012,0.635900,2.527479,2.235841,1.640213,0.303452,0.294815,1.847134,2.370534,1.402347,0.574350,0.430177,2.259850,2.439387,1.643505,7.364626,1.895908,3.445392,3.988950,2.308511,2.378080,2.536905,4.361342,3.694269,2.187316,2.003075,1.312171,3.004977,3.249387,1.689446,1.631600,1.966564,3.290445,2.921003,2.011717
1676060262.021052,1676060262.021169,95.000000,0.000000,4342.051270,4316.922852,4330.384766,4362.436035,4259.871582,4312.051270,4304.358887,4312.307617,4279.230957,4286.666504,4449.615234,4526.794922,4372.820313,4441.410156,2929.000000,4.000000,85.000000,,,,0.000000,4.000000,4.000000,4.000000,4.000000,4.000000,4.000000,4.000000,4.000000,4.000000,4.000000,4.000000,4.000000,4.000000,4.000000,100.000000,,,,,,,,,,,,,,,,,,,,,,,,,,,,,,,,,,,,,,,,,,,,,,,,,,,,,,,,,,,,,,,,,,,,,,,,,,,,,,,,,,,,,,
1676060262.028860,1676060262.028977,96.000000,0.000000,4334.743652,4311.025879,4330.641113,4362.307617,4261.922852,4304.230957,4301.410156,4311.666504,4279.871582,4282.563965,4455.256348,4524.615234,4377.436035,4448.205078,3132.000000,4.000000,85.000000,,,,0.000000,4.000000,4.000000,4.000000,4.000000,4.000000,4.000000,4.000000,4.000000,4.000000,4.000000,4.000000,4.000000,4.000000,4.000000,100.000000,,,,,,,,,,,,,,,,,,,,,,,,,,,,,,,,,,,,,,,,,,,,,,,,,,,,,,,,,,,,,,,,,,,,,,,,,,,,,,,,,,,,,,
1676060262.036668,1676060262.036686,97.000000,0.000000,4326.282227,4295.769043,4329.102539,4353.461426,4255.384766,4294.487305,4295.512695,4311.666504,4272.563965,4273.461426,4462.051270,4526.282227,4388.846191,4448.589844,3251.000000,4.000000,85.000000,,,,0.000000,4.000000,4.000000,4.000000,4.000000,4.000000,4.000000,4.000000,4.000000,4.000000,4.000000,4.000000,4.000000,4.000000,4.000000,100.000000,,,,,,,,,,,,,,,,,,,,,,,,,,,,,,,,,,,,,,,,,,,,,,,,,,,,,,,,,,,,,,,,,,,,,,,,,,,,,,,,,,,,,,
1676060262.044477,1676060262.044494,98.000000,0.000000,4326.538574,4273.077148,4319.102539,4335.641113,4243.717773,4296.538574,4295.641113,4303.589844,4266.282227,4272.692383,4462.820313,4524.487305,4400.512695,4441.922852,2732.000000,4.000000,85.000000,,,,0.000000,4.000000,4.000000,4.000000,4.000000,4.000000,4.000000,4.000000,4.000000,4.000000,4.000000,4.000000,4.000000,4.000000,4.000000,100.000000,,,,,,,,,,,,,,,,,,,,,,,,,,,,,,,,,,,,,,,,,,,,,,,,,,,,,,,,,,,,,,,,,,,,,,,,,,,,,,,,,,,,,,
1676060262.052285,1676060262.052203,99.000000,0.000000,4317.563965,4256.794922,4306.410156,4323.205078,4240.512695,4297.179688,4294.871582,4295.897461,4266.538574,4285.512695,4453.589844,4512.436035,4393.589844,4432.051270,2929.000000,4.000000,85.000000,,,,0.000000,4.000000,4.000000,4.000000,4.000000,4.000000,4.000000,4.000000,4.000000,4.000000,4.000000,4.000000,4.000000,4.000000,4.000000,100.000000,,,,,,,,,,,,,,,,,,,,,,,,,,,,,,,,,,,,,,,,,,,,,,,,,,,,,,,,,,,,,,,,,,,,,,,,,,,,,,,,,,,,,,
1676060262.060093,1676060262.060011,100.000000,0.000000,4301.282227,4250.384766,4293.717773,4315.000000,4233.717773,4284.102539,4282.436035,4295.897461,4266.410156,4279.743652,4443.717773,4504.102539,4380.769043,4426.282227,3132.000000,4.000000,85.000000,,,,0.000000,4.000000,4.000000,4.000000,4.000000,4.000000,4.000000,4.000000,4.000000,4.000000,4.000000,4.000000,4.000000,4.000000,4.000000,100.000000,,,,,,,,,,,,,,,,,,,,,,,,,,,,,,,,,,,,,,,,,,,,,,,,,,,,,,,,,,,,,,,,,,,,,,,,,,,,,,,,,,,,,,
1676060262.067902,1676060262.067720,101.000000,0.000000,4296.153809,4242.436035,4289.871582,4307.179688,4222.563965,4276.666504,4281.538574,4302.436035,4266.025879,4260.769043,4445.128418,4505.641113,4384.615234,4423.974121,3251.000000,4.000000,85.000000,,,,0.000000,4.000000,4.000000,4.000000,4.000000,4.000000,4.000000,4.000000,4.000000,4.000000,4.000000,4.000000,4.000000,4.000000,4.000000,100.000000,,,,,,,,,,,,,,,,,,,,,,,,,,,,,,,,,,,,,,,,,,,,,,,,,,,,,,,,,,,,,,,,,,,,,,,,,,,,,,,,,,,,,,
1676060262.075710,1676060262.075528,102.000000,0.000000,4312.179688,4245.512695,4312.948730,4318.461426,4236.538574,4290.769043,4304.102539,4320.641113,4278.205078,4271.794922,4465.000000,4524.615234,4403.717773,4437.307617,2732.000000,4.000000,85.000000,,,,0.000000,4.000000,4.000000,4.000000,4.000000,4.000000,4.000000,4.000000,4.000000,4.000000,4.000000,4.000000,4.000000,4.000000,4.000000,100.000000,,,,,,,,,,,,,,,,,,,,,,,,,,,,,,,,,,,,,,,,,,,,,,,,,,,,,,,,,,,,,,,,,,,,,,,,,,,,,,,,,,,,,,
1676060262.083519,1676060262.083237,103.000000,0.000000,4318.461426,4256.025879,4326.922852,4329.871582,4254.102539,4302.948730,4314.230957,4330.641113,4286.025879,4292.820313,4472.051270,4537.179688,4408.461426,4445.641113,2929.000000,4.000000,85.000000,,,,0.000000,4.000000,4.000000,4.000000,4.000000,4.000000,4.000000,4.000000,4.000000,4.000000,4.000000,4.000000,4.000000,4.000000,4.000000,100.000000,,,,,,,,,,,,,,,,,,,,,,,,,,,,,,,,,,,,,,,,,,,,,,,,,,,,,,,,,,,,,,,,,,,,,,,,,,,,,,,,,,,,,,
1676060262.091327,1676060262.091045,104.000000,0.000000,4281.282227,4228.846191,4287.436035,4297.436035,4231.922852,4282.692383,4282.051270,4299.743652,4254.102539,4261.922852,4423.717773,4494.487305,4364.743652,4399.743652,3132.000000,4.000000,85.000000,,,,0.000000,4.000000,4.000000,4.000000,4.000000,4.000000,4.000000,4.000000,4.000000,4.000000,4.000000,4.000000,4.000000,4.000000,4.000000,100.000000,,,,,,,,,,,,,,,,,,,,,,,,,,,,,,,,,,,,,,,,,,,,,,,,,,,,,,,,,,,,,,,,,,,,,,,,,,,,,,,,,,,,,,
1676060262.099135,1676060262.098754,105.000000,0.000000,4275.512695,4216.282227,4274.230957,4284.230957,4218.333496,4264.230957,4267.436035,4283.461426,4242.179688,4235.000000,4406.025879,4472.692383,4346.410156,4381.282227,3251.000000,4.000000,85.000000,,,,0.000000,4.000000,4.000000,4.000000,4.000000,4.000000,4.000000,4.000000,4.000000,4.000000,4.000000,4.000000,4.000000,4.000000,4.000000,100.000000,,,,,,,,,,,,,,,,,,,,,,,,,,,,,,,,,,,,,,,,,,,,,,,,,,,,,,,,,,,,,,,,,,,,,,,,,,,,,,,,,,,,,,
1676060262.106944,1676060262.106562,106.000000,0.000000,4328.589844,4266.794922,4328.461426,4331.922852,4251.666504,4280.769043,4300.128418,4314.871582,4283.846191,4280.256348,4465.000000,4530.128418,4400.000000,4443.846191,2732.000000,4.000000,85.000000,,,,0.000000,4.000000,4.000000,4.000000,4.000000,4.000000,4.000000,4.000000,4.000000,4.000000,4.000000,4.000000,4.000000,4.000000,4.000000,100.000000,,,,,,,,,,,,,,,,,,,,,,,,,,,,,,,,,,,,,,,,,,,,,,,,,,,,,,,,,,,,,,,,,,,,,,,,,,,,,,,,,,,,,,
1676060262.114752,1676060262.114271,107.000000,0.000000,4335.512695,4286.922852,4342.692383,4343.974121,4261.282227,4291.794922,4305.256348,4318.974121,4292.051270,4307.692383,4484.102539,4548.717773,4420.769043,4462.948730,2929.000000,4.000000,85.000000,,,,0.000000,4.000000,4.000000,4.000000,4.000000,4.000000,4.000000,4.000000,4.000000,4.000000,4.000000,4.000000,4.000000,4.000000,4.000000,100.000000,,,,,,,,,,,,,,,,,,,,,,,,,,,,,,,,,,,,,,,,,,,,,,,,,,,,,,,,,,,,,,,,,,,,,,,,,,,,,,,,,,,,,,
1676060262.122560,1676060262.122179,108.000000,0.000000,4298.974121,4251.922852,4303.205078,4307.692383,4234.487305,4280.000000,4274.871582,4293.846191,4263.461426,4278.846191,4446.025879,4504.871582,4386.025879,4423.846191,3132.000000,4.000000,85.000000,,,,0.000000,4.000000,4.000000,4.000000,4.000000,4.000000,4.000000,4.000000,4.000000,4.000000,4.000000,4.000000,4.000000,4.000000,4.000000,100.000000,,,,,,,,,,,,,,,,,,,,,,,,,,,,,,,,,,,,,,,,,,,,,,,,,,,,,,,,,,,,,,,,,,,,,,,,,,,,,,,,,,,,,,
1676060262.130369,1676060262.129988,109.000000,0.000000,4304.743652,4252.948730,4301.153809,4310.000000,4240.256348,4278.205078,4276.666504,4298.333496,4268.077148,4272.307617,4444.102539,4501.794922,4380.512695,4427.307617,3251.000000,4.000000,85.000000,,,,0.000000,4.000000,4.000000,4.000000,4.000000,4.000000,4.000000,4.000000,4.000000,4.000000,4.000000,4.000000,4.000000,4.000000,4.000000,100.000000,,,,,,,,,,,,,,,,,,,,,,,,,,,,,,,,,,,,,,,,,,,,,,,,,,,,,,,,,,,,,,,,,,,,,,,,,,,,,,,,,,,,,,
1676060262.138177,1676060262.137896,110.000000,0.000000,4331.153809,4286.153809,4334.743652,4340.000000,4264.743652,4298.205078,4308.846191,4322.307617,4286.666504,4289.358887,4473.846191,4535.128418,4407.051270,4453.717773,2732.000000,4.000000,85.000000,,,,0.000000,4.000000,4.000000,4.000000,4.000000,4.000000,4.000000,4.000000,4.000000,4.000000,4.000000,4.000000,4.000000,4.000000,4.000000,100.000000,,,,,,,,,,,,,,,,,1.407618,1.992622,2.137939,1.717490,1.343654,4.898176,2.389315,1.891413,1.799564,1.488701,1.633366,1.569911,3.994253,2.271182,1.794153,2.956722,2.031482,2.202607,1.621006,1.370285,0.278060,1.312566,1.432891,1.037759,0.740291,0.299593,1.033483,1.147179,0.685789,0.430530,0.397567,1.138785,2.516849,1.764136,1.026562,0.554975,0.571861,2.530424,2.438996,1.573829,0.386980,0.257334,1.660382,2.414532,1.311020,0.575845,0.528277,1.934002,2.545054,1.491800,6.718875,2.054946,3.434253,4.212937,2.352665,1.981067,2.632773,4.518568,3.873190,2.122198,1.900873,1.613863,2.882530,3.106699,1.751642,1.444022,2.139156,3.275454,2.973088,2.053338
1676060262.145986,1676060262.145704,111.000000,0.000000,4331.153809,4290.000000,4341.538574,4342.436035,4268.205078,4315.384766,4322.307617,4331.538574,4287.948730,4289.743652,4478.077148,4540.000000,4413.461426,4453.333496,2929.000000,4.000000,85.000000,,,,0.000000,4.000000,4.000000,4.000000,4.000000,4.000000,4.000000,4.000000,4.000000,4.000000,4.000000,4.000000,4.000000,4.000000,4.000000,100.000000,,,,,,,,,,,,,,,,,,,,,,,,,,,,,,,,,,,,,,,,,,,,,,,,,,,,,,,,,,,,,,,,,,,,,,,,,,,,,,,,,,,,,,
1676060262.153794,1676060262.153613,112.000000,0.000000,4317.179688,4279.102539,4322.436035,4330.897461,4262.307617,4310.256348,4311.794922,4327.307617,4285.256348,4286.922852,4462.563965,4522.820313,4399.230957,4440.512695,3132.000000,4.000000,85.000000,,,,0.000000,4.000000,4.000000,4.000000,4.000000,4.000000,4.000000,4.000000,4.000000,4.000000,4.000000,4.000000,4.000000,4.000000,4.000000,100.000000,,,,,,,,,,,,,,,,,,,,,,,,,,,,,,,,,,,,,,,,,,,,,,,,,,,,,,,,,,,,,,,,,,,,,,,,,,,,,,,,,,,,,,
1676060262.161602,1676060262.161421,113.000000,0.000000,4299.358887,4269.743652,4307.563965,4320.897461,4256.794922,4296.666504,4300.641113,4318.077148,4274.487305,4276.153809,4444.358887,4506.282227,4376.282227,4420.128418,3251.000000,4.000000,85.000000,,,,0.000000,4.000000,4.000000,4.000000,4.000000,4.000000,4.000000,4.000000,4.000000,4.000000,4.000000,4.000000,4.000000,4.000000,4.000000,100.000000,,,,,,,,,,,,,,,,,,,,,,,,,,,,,,,,,,,,,,,,,,,,,,,,,,,,,,,,,,,,,,,,,,,,,,,,,,,,,,,,,,,,,,
1676060262.169411,1676060262.169329,114.000000,0.000000,4294.487305,4263.461426,4310.128418,4311.410156,4251.282227,4296.666504,4303.717773,4314.230957,4264.487305,4260.000000,4432.307617,4504.358887,4363.333496,4407.436035,2732.000000,4.000000,85.000000,,,,0.000000,4.000000,4.000000,4.000000,4.000000,4.000000,4.000000,4.000000,4.000000,4.000000,4.000000,4.000000,4.000000,4.000000,4.000000,100.000000,,,,,,,,,,,,,,,,,,,,,,,,,,,,,,,,,,,,,,,,,,,,,,,,,,,,,,,,,,,,,,,,,,,,,,,,,,,,,,,,,,,,,,
1676060262.177219,1676060262.177138,115.000000,0.000000,4302.436035,4264.743652,4312.179688,4310.000000,4247.948730,4301.025879,4308.205078,4311.922852,4268.077148,4266.538574,4430.384766,4506.153809,4369.871582,4411.410156,2929.000000,4.000000,85.000000,,,,0.000000,4.000000,4.000000,4.000000,4.000000,4.000000,4.000000,4.000000,4.000000,4.000000,4.000000,4.000000,4.000000,4.000000,4.000000,100.000000,,,,,,,,,,,,,,,,,,,,,,,,,,,,,,,,,,,,,,,,,,,,,,,,,,,,,,,,,,,,,,,,,,,,,,,,,,,,,,,,,,,,,,
1676060262.185027,1676060262.185046,116.000000,0.000000,4300.641113,4265.384766,4305.128418,4313.717773,4251.666504,4299.871582,4300.897461,4306.410156,4269.615234,4276.025879,4430.897461,4500.384766,4371.666504,4411.922852,3132.000000,4.000000,85.000000,,,,0.000000,4.000000,4.000000,4.000000,4.000000,4.000000,4.000000,4.000000,4.000000,4.000000,4.000000,4.000000,4.000000,4.000000,4.000000,100.000000,,,,,,,,,,,,,,,,,,,,,,,,,,,,,,,,,,,,,,,,,,,,,,,,,,,,,,,,,,,,,,,,,,,,,,,,,,,,,,,,,,,,,,
1676060262.192836,1676060262.192855,117.000000,0.000000,4305.384766,4275.256348,4315.384766,4321.025879,4262.307617,4303.333496,4303.205078,4317.307617,4276.538574,4281.282227,4448.077148,4514.230957,4381.410156,4423.333496,3251.000000,4.000000,85.000000,,,,0.000000,4.000000,4.000000,4.000000,4.000000,4.000000,4.000000,4.000000,4.000000,4.000000,4.000000,4.000000,4.000000,4.000000,4.000000,100.000000,,,,,,,,,,,,,,,,,,,,,,,,,,,,,,,,,,,,,,,,,,,,,,,,,,,,,,,,,,,,,,,,,,,,,,,,,,,,,,,,,,,,,,
1676060262.200644,1676060262.200563,118.000000,0.000000,4304.230957,4268.717773,4313.333496,4308.974121,4256.282227,4298.461426,4296.922852,4312.436035,4275.000000,4277.051270,4448.589844,4511.282227,4379.358887,4422.563965,2732.000000,4.000000,85.000000,,,,0.000000,4.000000,4.000000,4.000000,4.000000,4.000000,4.000000,4.000000,4.000000,4.000000,4.000000,4.000000,4.000000,4.000000,4.000000,100.000000,,,,,,,,,,,,,,,,,,,,,,,,,,,,,,,,,,,,,,,,,,,,,,,,,,,,,,,,,,,,,,,,,,,,,,,,,,,,,,,,,,,,,,
1676060262.208453,1676060262.208372,119.000000,0.000000,4286.153809,4243.205078,4288.589844,4287.820313,4243.077148,4291.153809,4275.641113,4285.384766,4257.051270,4265.384766,4430.256348,4478.461426,4356.538574,4397.948730,2929.000000,4.000000,85.000000,,,,0.000000,4.000000,4.000000,4.000000,4.000000,4.000000,4.000000,4.000000,4.000000,4.000000,4.000000,4.000000,4.000000,4.000000,4.000000,100.000000,,,,,,,,,,,,,,,,,,,,,,,,,,,,,,,,,,,,,,,,,,,,,,,,,,,,,,,,,,,,,,,,,,,,,,,,,,,,,,,,,,,,,,
1676060262.216261,1676060262.216080,120.000000,0.000000,4295.384766,4255.897461,4296.922852,4302.307617,4251.410156,4299.358887,4285.256348,4295.641113,4265.897461,4268.717773,4450.256348,4486.282227,4366.794922,4409.358887,3132.000000,4.000000,85.000000,,,,0.000000,4.000000,4.000000,4.000000,4.000000,4.000000,4.000000,4.000000,4.000000,4.000000,4.000000,4.000000,4.000000,4.000000,4.000000,100.000000,,,,,,,,,,,,,,,,,,,,,,,,,,,,,,,,,,,,,,,,,,,,,,,,,,,,,,,,,,,,,,,,,,,,,,,,,,,,,,,,,,,,,,
1676060262.224069,1676060262.223889,121.000000,0.000000,4326.025879,4286.153809,4330.128418,4328.589844,4266.282227,4302.563965,4311.025879,4327.820313,4292.051270,4280.384766,4484.743652,4523.974121,4401.153809,4446.666504,3251.000000,4.000000,85.000000,,,,0.000000,4.000000,4.000000,4.000000,4.000000,4.000000,4.000000,4.000000,4.000000,4.000000,4.000000,4.000000,4.000000,4.000000,4.000000,100.000000,,,,,,,,,,,,,,,,,,,,,,,,,,,,,,,,,,,,,,,,,,,,,,,,,,,,,,,,,,,,,,,,,,,,,,,,,,,,,,,,,,,,,,
1676060262.231878,1676060262.231597,122.000000,0.000000,4333.717773,4288.461426,4340.897461,4330.897461,4274.102539,4301.410156,4316.282227,4332.307617,4300.256348,4293.205078,4486.153809,4532.436035,4406.153809,4454.102539,2732.000000,4.000000,85.000000,,,,0.000000,4.000000,4.000000,4.000000,4.000000,4.000000,4.000000,4.000000,4.000000,4.000000,4.000000,4.000000,4.000000,4.000000,4.000000,100.000000,,,,,,,,,,,,,,,,,,,,,,,,,,,,,,,,,,,,,,,,,,,,,,,,,,,,,,,,,,,,,,,,,,,,,,,,,,,,,,,,,,,,,,
1676060262.239686,1676060262.239506,123.000000,0.000000,4323.717773,4283.974121,4332.307617,4327.307617,4279.102539,4309.487305,4313.333496,4321.922852,4293.205078,4299.358887,4471.282227,4515.769043,4390.128418,4438.717773,2929.000000,4.000000,85.000000,,,,0.000000,4.000000,4.000000,4.000000,4.000000,4.000000,4.000000,4.000000,4.000000,4.000000,4.000000,4.000000,4.000000,4.000000,4.000000,100.000000,,,,,,,,,,,,,,,,,,,,,,,,,,,,,,,,,,,,,,,,,,,,,,,,,,,,,,,,,,,,,,,,,,,,,,,,,,,,,,,,,,,,,,
1676060262.247495,1676060262.247314,124.000000,0.000000,4322.948730,4289.487305,4329.871582,4332.820313,4275.128418,4306.794922,4310.384766,4320.897461,4285.256348,4293.589844,4470.000000,4511.025879,4388.974121,4433.461426,3132.000000,4.000000,85.000000,,,,0.000000,4.000000,4.000000,4.000000,4.000000,4.000000,4.000000,4.000000,4.000000,4.000000,4.000000,4.000000,4.000000,4.000000,4.000000,100.000000,,,,,,,,,,,,,,,,,,,,,,,,,,,,,,,,,,,,,,,,,,,,,,,,,,,,,,,,,,,,,,,,,,,,,,,,,,,,,,,,,,,,,,
1676060262.255303,1676060262.255222,125.000000,0.000000,4314.871582,4279.743652,4324.487305,4324.230957,4261.153809,4286.922852,4297.179688,4318.333496,4280.384766,4283.974121,4466.025879,4507.179688,4383.846191,4428.205078,3251.000000,4.000000,85.000000,,,,0.000000,4.000000,4.000000,4.000000,4.000000,4.000000,4.000000,4.000000,4.000000,4.000000,4.000000,4.000000,4.000000,4.000000,4.000000,100.000000,,,,,,,,,,,,,,,,,,,,,,,,,,,,,,,,,,,,,,,,,,,,,,,,,,,,,,,,,,,,,,,,,,,,,,,,,,,,,,,,,,,,,,
1676060262.263111,1676060262.263031,126.000000,0.000000,4286.794922,4252.692383,4299.358887,4295.512695,4244.487305,4273.077148,4277.948730,4299.102539,4266.025879,4265.512695,4434.230957,4478.461426,4355.512695,4399.615234,2732.000000,4.000000,85.000000,,,,0.000000,4.000000,4.000000,4.000000,4.000000,4.000000,4.000000,4.000000,4.000000,4.000000,4.000000,4.000000,4.000000,4.000000,4.000000,100.000000,,,,,,,,,,,,,,,,,1.242460,1.915902,2.052965,1.854669,1.361457,5.150533,1.865792,1.855099,1.891354,1.403653,1.672390,1.542069,3.744999,2.318296,1.687568,2.912731,1.546798,2.225662,1.646801,1.290037,0.262765,1.336499,1.271275,1.058382,0.707166,0.285261,1.215729,0.953033,0.666968,0.421217,0.445177,1.245022,2.262320,1.804037,0.945520,0.634747,0.537126,2.372122,2.557463,1.461393,0.471922,0.222767,1.402689,2.382645,1.226243,0.601467,0.598212,1.486872,2.636543,1.365604,6.112552,2.338794,3.288529,4.493814,2.342285,1.869554,2.719100,4.317900,4.015522,2.030049,1.956219,2.010386,2.641095,3.098619,1.796365,1.469330,2.368210,3.092575,3.113581,2.036294
1676060262.270920,1676060262.270939,127.000000,0.000000,4276.153809,4247.563965,4283.333496,4286.153809,4241.794922,4279.487305,4272.436035,4286.153809,4258.205078,4253.846191,4414.102539,4463.717773,4342.179688,4383.589844,85.000000,4.000000,85.000000,,,,0.000000,4.000000,4.000000,4.000000,4.000000,4.000000,4.000000,4.000000,4.000000,4.000000,4.000000,4.000000,4.000000,4.000000,4.000000,100.000000,,,,,,,,,,,,,,,,,,,,,,,,,,,,,,,,,,,,,,,,,,,,,,,,,,,,,,,,,,,,,,,,,,,,,,,,,,,,,,,,,,,,,,
1676060262.278728,1676060262.278748,0.000000,0.000000,4302.436035,4273.589844,4300.769043,4312.820313,4258.974121,4294.615234,4290.128418,4305.384766,4280.128418,4275.000000,4445.897461,4492.948730,4372.692383,4413.846191,2508.000000,4.000000,85.000000,,,,0.000000,4.000000,4.000000,4.000000,4.000000,4.000000,4.000000,4.000000,4.000000,4.000000,4.000000,4.000000,4.000000,4.000000,4.000000,100.000000,,,,,,,,,,,,,,,,,,,,,,,,,,,,,,,,,,,,,,,,,,,,,,,,,,,,,,,,,,,,,,,,,,,,,,,,,,,,,,,,,,,,,,
1676060262.286537,1676060262.286556,1.000000,0.000000,4325.384766,4291.666504,4319.358887,4331.538574,4270.769043,4299.102539,4308.461426,4330.897461,4303.846191,4302.436035,4480.897461,4519.230957,4406.794922,4450.256348,2461.000000,4.000000,85.000000,,,,0.000000,4.000000,4.000000,4.000000,4.000000,4.000000,4.000000,4.000000,4.000000,4.000000,4.000000,4.000000,4.000000,4.000000,4.000000,100.000000,,,,,,,,,,,,,,,,,,,,,,,,,,,,,,,,,,,,,,,,,,,,,,,,,,,,,,,,,,,,,,,,,,,,,,,,,,,,,,,,,,,,,,
1676060262.294345,1676060262.294265,2.000000,0.000000,4316.922852,4282.563965,4309.871582,4316.282227,4260.128418,4285.000000,4299.358887,4327.051270,4299.230957,4296.922852,4467.051270,4508.461426,4395.641113,4457.051270,2399.000000,4.000000,85.000000,,,,0.000000,4.000000,4.000000,4.000000,4.000000,4.000000,4.000000,4.000000,4.000000,4.000000,4.000000,4.000000,4.000000,4.000000,4.000000,100.000000,,,,,,,,,,,,,,,,,,,,,,,,,,,,,,,,,,,,,,,,,,,,,,,,,,,,,,,,,,,,,,,,,,,,,,,,,,,,,,,,,,,,,,
1676060262.302153,1676060262.302173,3.000000,0.000000,4307.563965,4277.307617,4305.128418,4309.743652,4253.974121,4278.846191,4290.384766,4317.948730,4290.769043,4285.512695,4454.102539,4500.641113,4376.025879,4464.871582,2456.000000,4.000000,85.000000,,,,0.000000,4.000000,4.000000,4.000000,4.000000,4.000000,4.000000,4.000000,4.000000,4.000000,4.000000,4.000000,4.000000,4.000000,4.000000,100.000000,,,,,,,,,,,,,,,,,,,,,,,,,,,,,,,,,,,,,,,,,,,,,,,,,,,,,,,,,,,,,,,,,,,,,,,,,,,,,,,,,,,,,,
1676060262.309962,1676060262.309981,4.000000,0.000000,4317.692383,4286.538574,4321.922852,4323.974121,4267.179688,4290.384766,4304.102539,4325.769043,4293.205078,4285.512695,4478.461426,4512.820313,4389.102539,4486.794922,2439.000000,4.000000,85.000000,,,,0.000000,4.000000,4.000000,4.000000,4.000000,4.000000,4.000000,4.000000,4.000000,4.000000,4.000000,4.000000,4.000000,4.000000,4.000000,100.000000,,,,,,,,,,,,,,,,,,,,,,,,,,,,,,,,,,,,,,,,,,,,,,,,,,,,,,,,,,,,,,,,,,,,,,,,,,,,,,,,,,,,,,
1676060262.317770,1676060262.317890,5.000000,0.000000,4316.922852,4282.692383,4325.641113,4318.974121,4272.179688,4290.128418,4306.025879,4323.205078,4281.025879,4276.538574,4484.743652,4509.487305,4394.102539,4481.794922,2366.000000,4.000000,85.000000,,,,0.000000,4.000000,4.000000,4.000000,4.000000,4.000000,4.000000,4.000000,4.000000,4.000000,4.000000,4.000000,4.000000,4.000000,4.000000,100.000000,,,,,,,,,,,,,,,,,,,,,,,,,,,,,,,,,,,,,,,,,,,,,,,,,,,,,,,,,,,,,,,,,,,,,,,,,,,,,,,,,,,,,,
1676060262.325578,1676060262.325698,6.000000,0.000000,4299.102539,4273.205078,4308.846191,4301.282227,4261.410156,4280.512695,4291.282227,4305.897461,4263.077148,4272.051270,4460.128418,4490.256348,4369.358887,4453.974121,2222.000000,4.000000,85.000000,,,,0.000000,4.000000,4.000000,4.000000,4.000000,4.000000,4.000000,4.000000,4.000000,4.000000,4.000000,4.000000,4.000000,4.000000,4.000000,100.000000,,,,,,,,,,,,,,,,,,,,,,,,,,,,,,,,,,,,,,,,,,,,,,,,,,,,,,,,,,,,,,,,,,,,,,,,,,,,,,,,,,,,,,
1676060262.333387,1676060262.333607,7.000000,0.000000,4299.102539,4277.948730,4306.025879,4305.256348,4262.948730,4290.641113,4295.769043,4301.666504,4263.205078,4280.256348,4453.589844,4488.717773,4363.589844,4450.769043,2227.000000,4.000000,85.000000,,,,0.000000,4.000000,4.000000,4.000000,4.000000,4.000000,4.000000,4.000000,4.000000,4.000000,4.000000,4.000000,4.000000,4.000000,4.000000,100.000000,,,,,,,,,,,,,,,,,,,,,,,,,,,,,,,,,,,,,,,,,,,,,,,,,,,,,,,,,,,,,,,,,,,,,,,,,,,,,,,,,,,,,,
1676060262.341195,1676060262.341415,8.000000,0.000000,4316.153809,4284.871582,4320.256348,4317.820313,4276.025879,4306.666504,4312.051270,4312.820313,4273.974121,4283.974121,4464.615234,4503.974121,4381.410156,4464.487305,2274.000000,4.000000,85.000000,,,,0.000000,4.000000,4.000000,4.000000,4.000000,4.000000,4.000000,4.000000,4.000000,4.000000,4.000000,4.000000,4.000000,4.000000,4.000000,100.000000,,,,,,,,,,,,,,,,,,,,,,,,,,,,,,,,,,,,,,,,,,,,,,,,,,,,,,,,,,,,,,,,,,,,,,,,,,,,,,,,,,,,,,
1676060262.349004,1676060262.349323,9.000000,0.000000,4315.512695,4279.615234,4320.128418,4310.641113,4272.692383,4302.307617,4307.436035,4318.717773,4281.666504,4282.307617,4462.307617,4506.410156,4383.205078,4458.333496,2244.000000,4.000000,85.000000,,,,0.000000,4.000000,4.000000,4.000000,4.000000,4.000000,4.000000,4.000000,4.000000,4.000000,4.000000,4.000000,4.000000,4.000000,4.000000,100.000000,,,,,,,,,,,,,,,,,,,,,,,,,,,,,,,,,,,,,,,,,,,,,,,,,,,,,,,,,,,,,,,,,,,,,,,,,,,,,,,,,,,,,,
1676060262.356812,1676060262.357132,10.000000,0.000000,4305.897461,4275.641113,4311.794922,4302.051270,4261.666504,4291.025879,4293.589844,4322.948730,4290.769043,4286.538574,4465.769043,4503.077148,4381.794922,4450.641113,2727.000000,4.000000,85.000000,,,,0.000000,4.000000,4.000000,4.000000,4.000000,4.000000,4.000000,4.000000,4.000000,4.000000,4.000000,4.000000,4.000000,4.000000,4.000000,100.000000,,,,,,,,,,,,,,,,,,,,,,,,,,,,,,,,,,,,,,,,,,,,,,,,,,,,,,,,,,,,,,,,,,,,,,,,,,,,,,,,,,,,,,
1676060262.364620,1676060262.365040,11.000000,0.000000,4309.487305,4281.153809,4316.153809,4305.128418,4262.179688,4287.948730,4297.820313,4330.256348,4300.384766,4293.589844,4476.794922,4509.743652,4390.384766,4458.461426,2910.000000,4.000000,85.000000,,,,0.000000,4.000000,4.000000,4.000000,4.000000,4.000000,4.000000,4.000000,4.000000,4.000000,4.000000,4.000000,4.000000,4.000000,4.000000,100.000000,,,,,,,,,,,,,,,,,,,,,,,,,,,,,,,,,,,,,,,,,,,,,,,,,,,,,,,,,,,,,,,,,,,,,,,,,,,,,,,,,,,,,,
1676060262.372429,1676060262.372849,12.000000,0.000000,4310.128418,4276.794922,4312.436035,4301.025879,4262.692383,4283.461426,4297.820313,4321.794922,4294.743652,4285.512695,4459.230957,4498.461426,4382.051270,4451.922852,3126.000000,4.000000,85.000000,,,,0.000000,4.000000,4.000000,4.000000,4.000000,4.000000,4.000000,4.000000,4.000000,4.000000,4.000000,4.000000,4.000000,4.000000,4.000000,100.000000,,,,,,,,,,,,,,,,,,,,,,,,,,,,,,,,,,,,,,,,,,,,,,,,,,,,,,,,,,,,,,,,,,,,,,,,,,,,,,,,,,,,,,
1676060262.380237,1676060262.380557,13.000000,0.000000,4298.077148,4261.922852,4294.230957,4288.205078,4259.230957,4276.410156,4283.333496,4302.948730,4279.358887,4267.179688,4435.512695,4474.743652,4362.820313,4434.102539,3234.000000,4.000000,85.000000,,,,0.000000,4.000000,4.000000,4.000000,4.000000,4.000000,4.000000,4.000000,4.000000,4.000000,4.000000,4.000000,4.000000,4.000000,4.000000,100.000000,,,,,,,,,,,,,,,,,,,,,,,,,,,,,,,,,,,,,,,,,,,,,,,,,,,,,,,,,,,,,,,,,,,,,,,,,,,,,,,,,,,,,,
1676060262.388045,1676060262.388366,14.000000,0.000000,4298.589844,4259.743652,4295.000000,4291.282227,4261.025879,4284.871582,4287.307617,4305.512695,4280.384766,4267.436035,4444.615234,4481.410156,4361.153809,4432.820313,2727.000000,4.000000,85.000000,,,,0.000000,4.000000,4.000000,4.000000,4.000000,4.000000,4.000000,4.000000,4.000000,4.000000,4.000000,4.000000,4.000000,4.000000,4.000000,100.000000,1.000000,25.000000,4.000000,4.000000,1.000000,4.000000,1.000000,4.000000,3.000000,3.000000,4.000000,1.000000,3.000000,1.000000,3.000000,3.000000,1.314474,1.860926,1.913022,1.939522,1.395736,5.622898,1.341913,1.844855,1.915796,1.324204,1.877372,1.571517,3.163095,2.257370,1.581623,3.246032,1.160595,2.132675,1.613301,1.206807,0.304254,1.309158,1.101146,1.041719,0.664040,0.332627,1.317180,0.757334,0.636683,0.413296,0.515422,1.277914,1.945670,1.751065,0.878618,0.754645,0.574580,2.107830,2.528926,1.342811,0.542487,0.212036,1.143642,2.259609,1.174412,0.666893,0.642553,1.047336,2.651074,1.289852,5.518793,2.642044,3.061207,4.634706,2.298132,2.189384,2.769768,3.811945,3.993595,1.948629,2.279656,2.417936,2.355245,3.115709,1.828126,1.713118,2.637280,2.810376,3.211261,1.985525
1676060262.395854,1676060262.396074,15.000000,0.000000,4301.410156,4266.538574,4305.000000,4296.922852,4262.820313,4297.307617,4304.102539,4315.512695,4285.000000,4280.128418,4447.563965,4490.769043,4358.205078,4428.846191,2910.000000,4.000000,85.000000,,,,0.000000,4.000000,4.000000,4.000000,4.000000,4.000000,4.000000,4.000000,4.000000,4.000000,4.000000,4.000000,4.000000,4.000000,4.000000,100.000000,,,,,,,,,,,,,,,,,,,,,,,,,,,,,,,,,,,,,,,,,,,,,,,,,,,,,,,,,,,,,,,,,,,,,,,,,,,,,,,,,,,,,,
1676060262.403662,1676060262.403883,16.000000,0.000000,4282.563965,4258.589844,4288.846191,4280.769043,4257.307617,4285.769043,4296.153809,4303.717773,4268.846191,4267.307617,4422.692383,4464.358887,4341.025879,4409.358887,0.000000,4.000000,85.000000,,,,0.000000,4.000000,4.000000,4.000000,4.000000,4.000000,4.000000,4.000000,4.000000,4.000000,4.000000,4.000000,4.000000,4.000000,4.000000,100.000000,,,,,,,,,,,,,,,,,,,,,,,,,,,,,,,,,,,,,,,,,,,,,,,,,,,,,,,,,,,,,,,,,,,,,,,,,,,,,,,,,,,,,,
1676060262.411471,1676060262.411591,17.000000,0.000000,4277.307617,4257.307617,4280.769043,4275.897461,4260.256348,4277.436035,4287.563965,4298.717773,4263.333496,4254.358887,4420.000000,4452.948730,4342.179688,4409.358887,0.000000,4.000000,85.000000,,,,0.000000,4.000000,4.000000,4.000000,4.000000,4.000000,4.000000,4.000000,4.000000,4.000000,4.000000,4.000000,4.000000,4.000000,4.000000,100.000000,,,,,,,,,,,,,,,,,,,,,,,,,,,,,,,,,,,,,,,,,,,,,,,,,,,,,,,,,,,,,,,,,,,,,,,,,,,,,,,,,,,,,,
1676060262.419279,1676060262.419400,18.000000,0.000000,4310.256348,4290.256348,4310.256348,4305.641113,4274.871582,4290.512695,4303.846191,4317.948730,4289.487305,4279.743652,4451.410156,4486.025879,4371.666504,4437.692383,0.000000,4.000000,85.000000,,,,0.000000,4.000000,4.000000,4.000000,4.000000,4.000000,4.000000,4.000000,4.000000,4.000000,4.000000,4.000000,4.000000,4.000000,4.000000,100.000000,,,,,,,,,,,,,,,,,,,,,,,,,,,,,,,,,,,,,,,,,,,,,,,,,,,,,,,,,,,,,,,,,,,,,,,,,,,,,,,,,,,,,,
1676060262.427087,1676060262.427108,19.000000,0.000000,4327.948730,4307.948730,4327.307617,4318.974121,4277.307617,4293.461426,4310.000000,4325.641113,4297.948730,4295.897461,4463.333496,4502.436035,4385.256348,4450.769043,0.000000,4.000000,85.000000,,,,0.000000,4.000000,4.000000,4.000000,4.000000,4.000000,4.000000,4.000000,4.000000,4.000000,4.000000,4.000000,4.000000,4.000000,4.000000,100.000000,,,,,,,,,,,,,,,,,,,,,,,,,,,,,,,,,,,,,,,,,,,,,,,,,,,,,,,,,,,,,,,,,,,,,,,,,,,,,,,,,,,,,,
1676060262.434896,1676060262.434917,20.000000,0.000000,4307.436035,4278.717773,4307.948730,4292.563965,4261.538574,4277.563965,4289.871582,4307.179688,4280.128418,4276.025879,4443.333496,4479.487305,4369.358887,4433.333496,0.000000,4.000000,85.000000,,,,0.000000,4.000000,4.000000,4.000000,4.000000,4.000000,4.000000,4.000000,4.000000,4.000000,4.000000,4.000000,4.000000,4.000000,4.000000,100.000000,,,,,,,,,,,,,,,,,,,,,,,,,,,,,,,,,,,,,,,,,,,,,,,,,,,,,,,,,,,,,,,,,,,,,,,,,,,,,,,,,,,,,,
1676060262.442704,1676060262.442625,21.000000,0.000000,4296.282227,4262.051270,4295.897461,4281.025879,4253.077148,4269.102539,4280.000000,4296.538574,4276.025879,4267.563965,4435.512695,4467.179688,4365.897461,4423.974121,0.000000,4.000000,85.000000,,,,0.000000,4.000000,4.000000,4.000000,4.000000,4.000000,4.000000,4.000000,4.000000,4.000000,4.000000,4.000000,4.000000,4.000000,4.000000,100.000000,,,,,,,,,,,,,,,,,,,,,,,,,,,,,,,,,,,,,,,,,,,,,,,,,,,,,,,,,,,,,,,,,,,,,,,,,,,,,,,,,,,,,,
1676060262.450513,1676060262.450434,22.000000,0.000000,4288.717773,4267.051270,4287.820313,4278.717773,4248.589844,4263.333496,4276.538574,4292.179688,4268.974121,4257.692383,4433.589844,4461.666504,4366.666504,4417.692383,0.000000,4.000000,85.000000,,,,0.000000,4.000000,4.000000,4.000000,4.000000,4.000000,4.000000,4.000000,4.000000,4.000000,4.000000,4.000000,4.000000,4.000000,4.000000,100.000000,,,,,,,,,,,,,,,,,,,,,,,,,,,,,,,,,,,,,,,,,,,,,,,,,,,,,,,,,,,,,,,,,,,,,,,,,,,,,,,,,,,,,,
1676060262.458321,1676060262.458142,23.000000,0.000000,4273.333496,4259.743652,4278.333496,4265.256348,4243.461426,4264.358887,4274.358887,4286.666504,4259.615234,4245.769043,4421.922852,4452.563965,4356.153809,4406.025879,0.000000,4.000000,85.000000,,,,0.000000,4.000000,4.000000,4.000000,4.000000,4.000000,4.000000,4.000000,4.000000,4.000000,4.000000,4.000000,4.000000,4.000000,4.000000,100.000000,,,,,,,,,,,,,,,,,,,,,,,,,,,,,,,,,,,,,,,,,,,,,,,,,,,,,,,,,,,,,,,,,,,,,,,,,,,,,,,,,,,,,,
1676060262.466129,1676060262.465951,24.000000,0.000000,4286.538574,4269.487305,4296.282227,4282.563965,4261.410156,4286.666504,4298.077148,4309.743652,4285.769043,4277.179688,4437.692383,4470.641113,4369.358887,4419.102539,0.000000,4.000000,85.000000,,,,0.000000,4.000000,4.000000,4.000000,4.000000,4.000000,4.000000,4.000000,4.000000,4.000000,4.000000,4.000000,4.000000,4.000000,4.000000,100.000000,,,,,,,,,,,,,,,,,,,,,,,,,,,,,,,,,,,,,,,,,,,,,,,,,,,,,,,,,,,,,,,,,,,,,,,,,,,,,,,,,,,,,,
1676060262.473938,1676060262.473659,25.000000,0.000000,4303.846191,4290.512695,4311.025879,4305.641113,4280.000000,4296.538574,4318.846191,4334.358887,4307.436035,4304.358887,4459.358887,4489.358887,4388.077148,4432.563965,0.000000,4.000000,85.000000,,,,0.000000,4.000000,4.000000,4.000000,4.000000,4.000000,4.000000,4.000000,4.000000,4.000000,4.000000,4.000000,4.000000,4.000000,4.000000,100.000000,,,,,,,,,,,,,,,,,,,,,,,,,,,,,,,,,,,,,,,,,,,,,,,,,,,,,,,,,,,,,,,,,,,,,,,,,,,,,,,,,,,,,,
1676060262.481746,1676060262.481567,26.000000,0.000000,4291.794922,4281.153809,4300.000000,4291.538574,4272.563965,4284.615234,4312.179688,4325.000000,4296.538574,4283.589844,4448.461426,4478.077148,4378.461426,4420.000000,0.000000,4.000000,85.000000,,,,0.000000,4.000000,4.000000,4.000000,4.000000,4.000000,4.000000,4.000000,4.000000,4.000000,4.000000,4.000000,4.000000,4.000000,4.000000,100.000000,,,,,,,,,,,,,,,,,,,,,,,,,,,,,,,,,,,,,,,,,,,,,,,,,,,,,,,,,,,,,,,,,,,,,,,,,,,,,,,,,,,,,,
1676060262.489555,1676060262.489376,27.000000,0.000000,4276.025879,4266.025879,4292.692383,4276.922852,4264.615234,4281.025879,4307.179688,4312.820313,4289.102539,4271.538574,4434.615234,4465.128418,4363.974121,4407.948730,0.000000,4.000000,85.000000,,,,0.000000,4.000000,4.000000,4.000000,4.000000,4.000000,4.000000,4.000000,4.000000,4.000000,4.000000,4.000000,4.000000,4.000000,4.000000,100.000000,,,,,,,,,,,,,,,,,,,,,,,,,,,,,,,,,,,,,,,,,,,,,,,,,,,,,,,,,,,,,,,,,,,,,,,,,,,,,,,,,,,,,,
1676060262.497363,1676060262.497284,28.000000,0.000000,4268.717773,4262.179688,4285.256348,4273.333496,4262.051270,4281.153809,4302.948730,4308.333496,4285.897461,4274.743652,4422.563965,4452.692383,4350.641113,4396.025879,0.000000,4.000000,85.000000,,,,0.000000,4.000000,4.000000,4.000000,4.000000,4.000000,4.000000,4.000000,4.000000,4.000000,4.000000,4.000000,4.000000,4.000000,4.000000,100.000000,,,,,,,,,,,,,,,,,,,,,,,,,,,,,,,,,,,,,,,,,,,,,,,,,,,,,,,,,,,,,,,,,,,,,,,,,,,,,,,,,,,,,,
1676060262.505171,1676060262.505093,29.000000,0.000000,4262.820313,4257.307617,4271.025879,4264.743652,4259.615234,4278.717773,4293.077148,4294.230957,4271.282227,4260.256348,4402.563965,4434.230957,4332.307617,4380.000000,0.000000,4.000000,85.000000,,,,0.000000,4.000000,4.000000,4.000000,4.000000,4.000000,4.000000,4.000000,4.000000,4.000000,4.000000,4.000000,4.000000,4.000000,4.000000,100.000000,,,,,,,,,,,,,,,,,,,,,,,,,,,,,,,,,,,,,,,,,,,,,,,,,,,,,,,,,,,,,,,,,,,,,,,,,,,,,,,,,,,,,,
1676060262.512980,1676060262.513001,30.000000,0.000000,4276.282227,4276.025879,4287.179688,4281.538574,4270.512695,4291.538574,4307.820313,4300.769043,4276.410156,4267.436035,4416.666504,4447.692383,4350.128418,4396.153809,0.000000,4.000000,85.000000,,,,0.000000,4.000000,4.000000,4.000000,4.000000,4.000000,4.000000,4.000000,4.000000,4.000000,4.000000,4.000000,4.000000,4.000000,4.000000,100.000000,,,,,,,,,,,,,,,,,1.602977,1.939092,1.786382,1.947655,1.460560,6.442595,1.060549,1.860864,1.866900,1.281485,2.213481,1.722588,2.460221,2.099673,1.525908,4.174967,1.063599,1.981035,1.518733,1.162480,0.404358,1.248393,0.969394,0.983661,0.635427,0.494799,1.311807,0.605849,0.589204,0.417720,0.603498,1.238546,1.645665,1.613637,0.858998,0.896279,0.696658,1.840904,2.343295,1.253868,0.599164,0.249441,0.959852,2.056665,1.163714,0.766239,0.690588,0.722671,2.553106,1.269938,5.050613,2.986805,2.827402,4.486304,2.251678,2.979128,2.838628,3.170635,3.749299,1.918173,2.897228,2.800817,2.118026,3.049528,1.861252,2.122675,2.998575,2.550481,3.165612,1.939426
1676060262.520788,1676060262.520809,31.000000,0.000000,4291.922852,4295.897461,4310.000000,4301.410156,4276.153809,4297.820313,4325.128418,4317.051270,4288.717773,4283.205078,4441.794922,4474.487305,4375.512695,4418.077148,0.000000,4.000000,85.000000,,,,0.000000,4.000000,4.000000,4.000000,4.000000,4.000000,4.000000,4.000000,4.000000,4.000000,4.000000,4.000000,4.000000,4.000000,4.000000,100.000000,,,,,,,,,,,,,,,,,,,,,,,,,,,,,,,,,,,,,,,,,,,,,,,,,,,,,,,,,,,,,,,,,,,,,,,,,,,,,,,,,,,,,,
1676060262.528597,1676060262.528718,32.000000,0.000000,4279.615234,4271.282227,4294.615234,4280.384766,4262.948730,4281.922852,4307.436035,4296.794922,4268.205078,4252.692383,4420.256348,4458.461426,4351.922852,4398.974121,0.000000,4.000000,85.000000,,,,0.000000,4.000000,4.000000,4.000000,4.000000,4.000000,4.000000,4.000000,4.000000,4.000000,4.000000,4.000000,4.000000,4.000000,4.000000,100.000000,,,,,,,,,,,,,,,,,,,,,,,,,,,,,,,,,,,,,,,,,,,,,,,,,,,,,,,,,,,,,,,,,,,,,,,,,,,,,,,,,,,,,,
1676060262.536405,1676060262.536526,33.000000,0.000000,4278.846191,4262.692383,4293.333496,4274.230957,4269.871582,4284.358887,4300.256348,4290.769043,4262.051270,4243.461426,4418.461426,4453.333496,4345.641113,4399.102539,0.000000,4.000000,85.000000,,,,0.000000,4.000000,4.000000,4.000000,4.000000,4.000000,4.000000,4.000000,4.000000,4.000000,4.000000,4.000000,4.000000,4.000000,4.000000,100.000000,,,,,,,,,,,,,,,,,,,,,,,,,,,,,,,,,,,,,,,,,,,,,,,,,,,,,,,,,,,,,,,,,,,,,,,,,,,,,,,,,,,,,,
1676060262.544213,1676060262.544435,34.000000,0.000000,4299.358887,4290.897461,4322.307617,4296.410156,4285.512695,4296.922852,4313.077148,4318.077148,4291.538574,4285.256348,4455.256348,4486.410156,4381.282227,4429.743652,0.000000,4.000000,85.000000,,,,0.000000,4.000000,4.000000,4.000000,4.000000,4.000000,4.000000,4.000000,4.000000,4.000000,4.000000,4.000000,4.000000,4.000000,4.000000,100.000000,,,,,,,,,,,,,,,,,,,,,,,,,,,,,,,,,,,,,,,,,,,,,,,,,,,,,,,,,,,,,,,,,,,,,,,,,,,,,,,,,,,,,,
1676060262.552022,1676060262.552243,35.000000,0.000000,4303.333496,4292.436035,4326.538574,4298.205078,4280.769043,4290.641113,4313.589844,4324.358887,4302.563965,4297.948730,4458.461426,4495.128418,4386.025879,4429.487305,0.000000,4.000000,85.000000,,,,0.000000,4.000000,4.000000,4.000000,4.000000,4.000000,4.000000,4.000000,4.000000,4.000000,4.000000,4.000000,4.000000,4.000000,4.000000,100.000000,,,,,,,,,,,,,,,,,,,,,,,,,,,,,,,,,,,,,,,,,,,,,,,,,,,,,,,,,,,,,,,,,,,,,,,,,,,,,,,,,,,,,,
1676060262.559830,1676060262.560151,36.000000,0.000000,4295.769043,4281.282227,4315.000000,4291.666504,4279.230957,4289.358887,4315.384766,4322.436035,4296.538574,4282.563965,4445.000000,4485.384766,4368.717773,4417.820313,0.000000,4.000000,85.000000,,,,0.000000,4.000000,4.000000,4.000000,4.000000,4.000000,4.000000,4.000000,4.000000,4.000000,4.000000,4.000000,4.000000,4.000000,4.000000,100.000000,,,,,,,,,,,,,,,,,,,,,,,,,,,,,,,,,,,,,,,,,,,,,,,,,,,,,,,,,,,,,,,,,,,,,,,,,,,,,,,,,,,,,,
1676060262.567638,1676060262.567960,37.000000,0.000000,4275.641113,4274.102539,4298.717773,4277.436035,4275.000000,4287.179688,4306.153809,4318.461426,4286.538574,4270.897461,4429.743652,4467.948730,4354.230957,4405.384766,0.000000,4.000000,85.000000,,,,0.000000,4.000000,4.000000,4.000000,4.000000,4.000000,4.000000,4.000000,4.000000,4.000000,4.000000,4.000000,4.000000,4.000000,4.000000,100.000000,,,,,,,,,,,,,,,,,,,,,,,,,,,,,,,,,,,,,,,,,,,,,,,,,,,,,,,,,,,,,,,,,,,,,,,,,,,,,,,,,,,,,,
1676060262.575447,1676060262.575668,38.000000,0.000000,4248.846191,4252.436035,4270.769043,4253.333496,4258.589844,4270.256348,4284.487305,4294.487305,4268.717773,4250.512695,4400.256348,4436.282227,4329.102539,4376.922852,0.000000,4.000000,85.000000,,,,0.000000,4.000000,4.000000,4.000000,4.000000,4.000000,4.000000,4.000000,4.000000,4.000000,4.000000,4.000000,4.000000,4.000000,4.000000,100.000000,,,,,,,,,,,,,,,,,,,,,,,,,,,,,,,,,,,,,,,,,,,,,,,,,,,,,,,,,,,,,,,,,,,,,,,,,,,,,,,,,,,,,,
1676060262.583255,1676060262.583477,39.000000,0.000000,4256.025879,4253.461426,4269.487305,4259.358887,4264.230957,4276.538574,4296.538574,4294.102539,4273.717773,4250.769043,4401.794922,4435.641113,4331.410156,4373.461426,0.000000,4.000000,85.000000,,,,0.000000,4.000000,4.000000,4.000000,4.000000,4.000000,4.000000,4.000000,4.000000,4.000000,4.000000,4.000000,4.000000,4.000000,4.000000,100.000000,,,,,,,,,,,,,,,,,,,,,,,,,,,,,,,,,,,,,,,,,,,,,,,,,,,,,,,,,,,,,,,,,,,,,,,,,,,,,,,,,,,,,,
1676060262.591063,1676060262.591185,40.000000,0.000000,4279.230957,4280.769043,4292.436035,4279.871582,4280.384766,4297.948730,4316.153809,4311.538574,4292.179688,4274.358887,4429.871582,4461.410156,4360.256348,4396.410156,0.000000,4.000000,85.000000,,,,0.000000,4.000000,4.000000,4.000000,4.000000,4.000000,4.000000,4.000000,4.000000,4.000000,4.000000,4.000000,4.000000,4.000000,4.000000,100.000000,,,,,,,,,,,,,,,,,,,,,,,,,,,,,,,,,,,,,,,,,,,,,,,,,,,,,,,,,,,,,,,,,,,,,,,,,,,,,,,,,,,,,,
1676060262.598872,1676060262.598994,41.000000,0.000000,4278.077148,4284.487305,4292.307617,4277.563965,4275.256348,4292.692383,4302.692383,4302.563965,4281.922852,4271.410156,4430.384766,4459.230957,4361.153809,4403.461426,0.000000,4.000000,85.000000,,,,0.000000,4.000000,4.000000,4.000000,4.000000,4.000000,4.000000,4.000000,4.000000,4.000000,4.000000,4.000000,4.000000,4.000000,4.000000,100.000000,,,,,,,,,,,,,,,,,,,,,,,,,,,,,,,,,,,,,,,,,,,,,,,,,,,,,,,,,,,,,,,,,,,,,,,,,,,,,,,,,,,,,,
1676060262.606680,1676060262.606702,42.000000,0.000000,4278.846191,4278.077148,4289.615234,4275.000000,4267.307617,4278.461426,4298.461426,4300.256348,4276.538574,4257.948730,4428.846191,4453.846191,4359.230957,4407.436035,0.000000,4.000000,85.000000,,,,0.000000,4.000000,4.000000,4.000000,4.000000,4.000000,4.000000,4.000000,4.000000,4.000000,4.000000,4.000000,4.000000,4.000000,4.000000,100.000000,,,,,,,,,,,,,,,,,,,,,,,,,,,,,,,,,,,,,,,,,,,,,,,,,,,,,,,,,,,,,,,,,,,,,,,,,,,,,,,,,,,,,,
1676060262.614489,1676060262.614511,43.000000,0.000000,4285.512695,4278.974121,4297.563965,4274.615234,4261.153809,4274.487305,4305.256348,4307.948730,4288.205078,4262.948730,4436.025879,4464.230957,4364.487305,4408.717773,0.000000,4.000000,85.000000,,,,0.000000,4.000000,4.000000,4.000000,4.000000,4.000000,4.000000,4.000000,4.000000,4.000000,4.000000,4.000000,4.000000,4.000000,4.000000,100.000000,,,,,,,,,,,,,,,,,,,,,,,,,,,,,,,,,,,,,,,,,,,,,,,,,,,,,,,,,,,,,,,,,,,,,,,,,,,,,,,,,,,,,,
1676060262.622297,1676060262.622219,44.000000,0.000000,4283.205078,4276.410156,4291.666504,4267.051270,4256.153809,4269.487305,4292.820313,4293.333496,4284.615234,4271.025879,4427.179688,4462.563965,4355.769043,4398.589844,0.000000,4.000000,85.000000,,,,0.000000,4.000000,4.000000,4.000000,4.000000,4.000000,4.000000,4.000000,4.000000,4.000000,4.000000,4.000000,4.000000,4.000000,4.000000,100.000000,,,,,,,,,,,,,,,,,,,,,,,,,,,,,,,,,,,,,,,,,,,,,,,,,,,,,,,,,,,,,,,,,,,,,,,,,,,,,,,,,,,,,,
1676060262.630105,1676060262.630028,45.000000,0.000000,4305.769043,4294.358887,4304.487305,4285.512695,4276.666504,4273.974121,4296.922852,4297.820313,4290.384766,4292.307617,4445.256348,4479.102539,4374.743652,4425.769043,0.000000,4.000000,85.000000,,,,0.000000,4.000000,4.000000,4.000000,4.000000,4.000000,4.000000,4.000000,4.000000,4.000000,4.000000,4.000000,4.000000,4.000000,4.000000,100.000000,,,,,,,,,,,,,,,,,,,,,,,,,,,,,,,,,,,,,,,,,,,,,,,,,,,,,,,,,,,,,,,,,,,,,,,,,,,,,,,,,,,,,,
1676060262.637914,1676060262.637736,46.000000,0.000000,4326.025879,4313.077148,4332.051270,4308.589844,4296.282227,4290.897461,4317.436035,4324.615234,4309.487305,4312.179688,4477.051270,4507.179688,4406.153809,4460.897461,0.000000,4.000000,85.000000,,,,0.000000,4.000000,4.000000,4.000000,4.000000,4.000000,4.000000,4.000000,4.000000,4.000000,4.000000,4.000000,4.000000,4.000000,4.000000,100.000000,,,,,,,,,,,,,,,,,2.018180,2.215380,1.727130,1.899418,1.554953,7.513463,1.176798,1.879210,1.780030,1.287842,2.582800,2.038618,1.854466,1.902293,1.546168,5.568200,1.339096,1.833099,1.404362,1.180552,0.543582,1.197577,0.900240,0.909795,0.636282,0.791106,1.220122,0.539409,0.543505,0.442787,0.700992,1.173385,1.439559,1.444426,0.898373,1.025077,0.875041,1.669142,2.059605,1.210590,0.636514,0.354975,0.917136,1.825437,1.181640,0.876394,0.773346,0.560980,2.367430,1.292364,4.709208,3.440440,2.660182,4.052279,2.231918,4.072105,2.965929,2.588986,3.346316,1.959691,3.703526,3.136829,2.015252,2.884685,1.908975,2.692074,3.516554,2.438904,2.987041,1.927052
1676060262.645722,1676060262.645645,47.000000,0.000000,4292.692383,4291.282227,4309.615234,4283.461426,4278.717773,4289.615234,4304.358887,4313.717773,4299.230957,4285.897461,4451.410156,4482.307617,4381.025879,4427.820313,0.000000,4.000000,85.000000,,,,0.000000,4.000000,4.000000,4.000000,4.000000,4.000000,4.000000,4.000000,4.000000,4.000000,4.000000,4.000000,4.000000,4.000000,4.000000,100.000000,,,,,,,,,,,,,,,,,,,,,,,,,,,,,,,,,,,,,,,,,,,,,,,,,,,,,,,,,,,,,,,,,,,,,,,,,,,,,,,,,,,,,,
1676060262.653530,1676060262.653453,48.000000,0.000000,4265.897461,4273.333496,4271.666504,4256.922852,4266.153809,4280.128418,4286.025879,4291.153809,4281.922852,4258.333496,4412.948730,4445.769043,4344.102539,4387.179688,0.000000,4.000000,85.000000,,,,0.000000,4.000000,4.000000,4.000000,4.000000,4.000000,4.000000,4.000000,4.000000,4.000000,4.000000,4.000000,4.000000,4.000000,4.000000,100.000000,,,,,,,,,,,,,,,,,,,,,,,,,,,,,,,,,,,,,,,,,,,,,,,,,,,,,,,,,,,,,,,,,,,,,,,,,,,,,,,,,,,,,,
1676060262.661339,1676060262.661362,49.000000,0.000000,4285.128418,4286.410156,4281.922852,4275.128418,4284.102539,4288.974121,4298.846191,4303.333496,4290.769043,4269.358887,4425.897461,4457.307617,4358.589844,4407.179688,0.000000,4.000000,85.000000,,,,0.000000,4.000000,4.000000,4.000000,4.000000,4.000000,4.000000,4.000000,4.000000,4.000000,4.000000,4.000000,4.000000,4.000000,4.000000,100.000000,,,,,,,,,,,,,,,,,,,,,,,,,,,,,,,,,,,,,,,,,,,,,,,,,,,,,,,,,,,,,,,,,,,,,,,,,,,,,,,,,,,,,,
1676060262.669147,1676060262.669170,50.000000,0.000000,4301.922852,4303.077148,4312.948730,4295.000000,4293.846191,4300.641113,4317.820313,4325.512695,4306.410156,4280.384766,4456.922852,4483.589844,4386.538574,4438.461426,0.000000,4.000000,85.000000,,,,0.000000,4.000000,4.000000,4.000000,4.000000,4.000000,4.000000,4.000000,4.000000,4.000000,4.000000,4.000000,4.000000,4.000000,4.000000,100.000000,,,,,,,,,,,,,,,,,,,,,,,,,,,,,,,,,,,,,,,,,,,,,,,,,,,,,,,,,,,,,,,,,,,,,,,,,,,,,,,,,,,,,,
1676060262.676956,1676060262.677078,51.000000,0.000000,4298.333496,4300.128418,4312.436035,4283.589844,4282.307617,4294.230957,4313.974121,4324.615234,4306.410156,4276.410156,4457.051270,4481.282227,4384.743652,4430.512695,0.000000,4.000000,85.000000,,,,0.000000,4.000000,4.000000,4.000000,4.000000,4.000000,4.000000,4.000000,4.000000,4.000000,4.000000,4.000000,4.000000,4.000000,4.000000,100.000000,,,,,,,,,,,,,,,,,,,,,,,,,,,,,,,,,,,,,,,,,,,,,,,,,,,,,,,,,,,,,,,,,,,,,,,,,,,,,,,,,,,,,,
1676060262.684764,1676060262.684887,52.000000,0.000000,4290.384766,4283.333496,4295.128418,4271.538574,4273.846191,4282.948730,4296.666504,4306.538574,4293.589844,4274.615234,4437.436035,4463.974121,4364.871582,4411.666504,0.000000,4.000000,85.000000,,,,0.000000,4.000000,4.000000,4.000000,4.000000,4.000000,4.000000,4.000000,4.000000,4.000000,4.000000,4.000000,4.000000,4.000000,4.000000,100.000000,,,,,,,,,,,,,,,,,,,,,,,,,,,,,,,,,,,,,,,,,,,,,,,,,,,,,,,,,,,,,,,,,,,,,,,,,,,,,,,,,,,,,,
1676060262.692572,1676060262.692795,53.000000,0.000000,4290.641113,4280.641113,4297.948730,4282.692383,4280.512695,4283.846191,4295.512695,4305.256348,4292.820313,4279.743652,4439.615234,4464.102539,4361.153809,4416.153809,0.000000,4.000000,85.000000,,,,0.000000,4.000000,4.000000,4.000000,4.000000,4.000000,4.000000,4.000000,4.000000,4.000000,4.000000,4.000000,4.000000,4.000000,4.000000,100.000000,,,,,,,,,,,,,,,,,,,,,,,,,,,,,,,,,,,,,,,,,,,,,,,,,,,,,,,,,,,,,,,,,,,,,,,,,,,,,,,,,,,,,,
1676060262.700381,1676060262.700604,54.000000,0.000000,4303.333496,4295.897461,4312.820313,4292.820313,4288.077148,4285.256348,4304.871582,4315.897461,4302.051270,4284.358887,4462.563965,4475.128418,4376.794922,4429.743652,0.000000,4.000000,85.000000,,,,0.000000,4.000000,4.000000,4.000000,4.000000,4.000000,4.000000,4.000000,4.000000,4.000000,4.000000,4.000000,4.000000,4.000000,4.000000,100.000000,,,,,,,,,,,,,,,,,,,,,,,,,,,,,,,,,,,,,,,,,,,,,,,,,,,,,,,,,,,,,,,,,,,,,,,,,,,,,,,,,,,,,,
1676060262.708189,1676060262.708512,55.000000,0.000000,4314.102539,4300.000000,4319.358887,4292.948730,4288.077148,4290.897461,4306.410156,4309.871582,4302.563965,4286.922852,4476.922852,4482.307617,4384.871582,4438.589844,0.000000,4.000000,85.000000,,,,0.000000,4.000000,4.000000,4.000000,4.000000,4.000000,4.000000,4.000000,4.000000,4.000000,4.000000,4.000000,4.000000,4.000000,4.000000,100.000000,,,,,,,,,,,,,,,,,,,,,,,,,,,,,,,,,,,,,,,,,,,,,,,,,,,,,,,,,,,,,,,,,,,,,,,,,,,,,,,,,,,,,,
1676060262.715998,1676060262.716320,56.000000,0.000000,4309.487305,4293.974121,4321.282227,4293.461426,4288.589844,4296.410156,4302.692383,4301.666504,4297.307617,4283.846191,4481.794922,4488.077148,4381.922852,4444.358887,0.000000,4.000000,85.000000,,,,0.000000,4.000000,4.000000,4.000000,4.000000,4.000000,4.000000,4.000000,4.000000,4.000000,4.000000,4.000000,4.000000,4.000000,4.000000,100.000000,,,,,,,,,,,,,,,,,,,,,,,,,,,,,,,,,,,,,,,,,,,,,,,,,,,,,,,,,,,,,,,,,,,,,,,,,,,,,,,,,,,,,,
1676060262.723806,1676060262.724229,57.000000,0.000000,4306.922852,4299.615234,4325.769043,4296.666504,4289.615234,4288.205078,4299.358887,4306.794922,4292.948730,4278.589844,4489.230957,4488.461426,4382.436035,4444.615234,0.000000,4.000000,85.000000,,,,0.000000,4.000000,4.000000,4.000000,4.000000,4.000000,4.000000,4.000000,4.000000,4.000000,4.000000,4.000000,4.000000,4.000000,4.000000,100.000000,,,,,,,,,,,,,,,,,,,,,,,,,,,,,,,,,,,,,,,,,,,,,,,,,,,,,,,,,,,,,,,,,,,,,,,,,,,,,,,,,,,,,,
1676060262.731614,1676060262.732037,58.000000,0.000000,4315.512695,4306.025879,4327.179688,4298.974121,4287.051270,4285.000000,4297.820313,4306.666504,4293.846191,4280.000000,4487.820313,4482.948730,4385.512695,4438.717773,0.000000,4.000000,85.000000,,,,0.000000,4.000000,4.000000,4.000000,4.000000,4.000000,4.000000,4.000000,4.000000,4.000000,4.000000,4.000000,4.000000,4.000000,4.000000,100.000000,,,,,,,,,,,,,,,,,,,,,,,,,,,,,,,,,,,,,,,,,,,,,,,,,,,,,,,,,,,,,,,,,,,,,,,,,,,,,,,,,,,,,,
1676060262.739423,1676060262.739746,59.000000,0.000000,4313.589844,4300.897461,4321.922852,4292.692383,4284.743652,4296.025879,4299.871582,4300.128418,4294.743652,4280.000000,4474.358887,4476.410156,4378.333496,4429.743652,0.000000,4.000000,85.000000,,,,0.000000,4.000000,4.000000,4.000000,4.000000,4.000000,4.000000,4.000000,4.000000,4.000000,4.000000,4.000000,4.000000,4.000000,4.000000,100.000000,,,,,,,,,,,,,,,,,,,,,,,,,,,,,,,,,,,,,,,,,,,,,,,,,,,,,,,,,,,,,,,,,,,,,,,,,,,,,,,,,,,,,,
1676060262.747231,1676060262.747554,60.000000,0.000000,4296.538574,4285.641113,4309.487305,4276.922852,4280.000000,4291.794922,4295.769043,4291.538574,4284.615234,4274.743652,4467.692383,4462.563965,4361.153809,4416.025879,0.000000,4.000000,85.000000,,,,0.000000,4.000000,4.000000,4.000000,4.000000,4.000000,4.000000,4.000000,4.000000,4.000000,4.000000,4.000000,4.000000,4.000000,4.000000,100.000000,,,,,,,,,,,,,,,,,,,,,,,,,,,,,,,,,,,,,,,,,,,,,,,,,,,,,,,,,,,,,,,,,,,,,,,,,,,,,,,,,,,,,,
1676060262.755040,1676060262.755263,61.000000,0.000000,4288.589844,4273.077148,4299.743652,4270.897461,4273.717773,4277.692383,4290.769043,4287.692383,4276.538574,4271.410156,4497.820313,4452.179688,4352.563965,4408.589844,0.000000,4.000000,85.000000,,,,0.000000,4.000000,4.000000,4.000000,4.000000,4.000000,4.000000,4.000000,4.000000,4.000000,4.000000,4.000000,4.000000,4.000000,4.000000,100.000000,,,,,,,,,,,,,,,,,,,,,,,,,,,,,,,,,,,,,,,,,,,,,,,,,,,,,,,,,,,,,,,,,,,,,,,,,,,,,,,,,,,,,,
1676060262.762848,1676060262.763071,62.000000,0.000000,4301.410156,4288.205078,4309.487305,4288.974121,4278.846191,4284.230957,4305.512695,4309.871582,4296.282227,4283.333496,4580.384766,4471.025879,4367.692383,4425.128418,0.000000,4.000000,85.000000,,,,0.000000,4.000000,4.000000,4.000000,4.000000,4.000000,4.000000,4.000000,4.000000,4.000000,4.000000,4.000000,4.000000,4.000000,4.000000,100.000000,,,,,,,,,,,,,,,,,2.401079,2.649514,1.767751,1.860017,1.655181,8.536592,1.648645,1.881263,1.728420,1.329139,2.842594,2.482226,1.500920,1.756075,1.627831,7.012554,1.872378,1.737582,1.346426,1.252653,0.733623,1.187364,0.897732,0.866071,0.663482,1.179256,1.086747,0.578280,0.533581,0.487955,0.799221,1.130530,1.374737,1.320712,0.980251,1.097049,1.051928,1.674141,1.793685,1.203943,0.651204,0.533872,1.069361,1.647372,1.202619,0.955260,0.903700,0.585520,2.181221,1.338083,4.360483,4.034967,2.659041,3.495145,2.248387,5.100856,3.134638,2.249171,2.949767,2.058578,4.457695,3.433653,2.117671,2.705547,1.971020,3.350829,4.204593,2.589959,2.793309,1.948249
1676060262.770656,1676060262.770780,63.000000,0.000000,4304.871582,4300.512695,4309.743652,4297.307617,4282.436035,4289.615234,4310.128418,4319.871582,4305.897461,4288.461426,4651.025879,4477.820313,4374.230957,4429.487305,0.000000,4.000000,85.000000,,,,0.000000,4.000000,4.000000,4.000000,4.000000,4.000000,4.000000,4.000000,4.000000,4.000000,4.000000,4.000000,4.000000,4.000000,4.000000,100.000000,,,,,,,,,,,,,,,,,,,,,,,,,,,,,,,,,,,,,,,,,,,,,,,,,,,,,,,,,,,,,,,,,,,,,,,,,,,,,,,,,,,,,,
1676060262.778465,1676060262.778588,64.000000,0.000000,4293.205078,4287.179688,4293.717773,4291.153809,4276.538574,4283.461426,4294.358887,4296.794922,4282.948730,4269.871582,4675.769043,4455.512695,4360.128418,4411.153809,2520.000000,4.000000,85.000000,,,,0.000000,4.000000,4.000000,4.000000,4.000000,4.000000,4.000000,4.000000,4.000000,4.000000,4.000000,4.000000,4.000000,4.000000,4.000000,100.000000,,,,,,,,,,,,,,,,,,,,,,,,,,,,,,,,,,,,,,,,,,,,,,,,,,,,,,,,,,,,,,,,,,,,,,,,,,,,,,,,,,,,,,
1676060262.786273,1676060262.786297,65.000000,0.000000,4292.436035,4282.692383,4292.820313,4301.153809,4277.820313,4284.487305,4295.128418,4291.410156,4276.538574,4262.563965,4689.230957,4455.641113,4357.179688,4409.230957,2468.000000,4.000000,85.000000,,,,0.000000,4.000000,4.000000,4.000000,4.000000,4.000000,4.000000,4.000000,4.000000,4.000000,4.000000,4.000000,4.000000,4.000000,4.000000,100.000000,,,,,,,,,,,,,,,,,,,,,,,,,,,,,,,,,,,,,,,,,,,,,,,,,,,,,,,,,,,,,,,,,,,,,,,,,,,,,,,,,,,,,,
1676060262.794081,1676060262.794105,66.000000,0.000000,4280.769043,4280.512695,4290.000000,4307.179688,4277.563965,4283.333496,4294.358887,4295.128418,4282.436035,4266.025879,4671.282227,4462.436035,4349.871582,4405.897461,2399.000000,4.000000,85.000000,,,,0.000000,4.000000,4.000000,4.000000,4.000000,4.000000,4.000000,4.000000,4.000000,4.000000,4.000000,4.000000,4.000000,4.000000,4.000000,100.000000,,,,,,,,,,,,,,,,,,,,,,,,,,,,,,,,,,,,,,,,,,,,,,,,,,,,,,,,,,,,,,,,,,,,,,,,,,,,,,,,,,,,,,
1676060262.801890,1676060262.801814,67.000000,0.000000,4262.563965,4266.153809,4278.077148,4300.256348,4270.128418,4277.948730,4282.179688,4279.230957,4272.563965,4252.051270,4622.051270,4454.487305,4331.538574,4387.948730,2453.000000,4.000000,85.000000,,,,0.000000,4.000000,4.000000,4.000000,4.000000,4.000000,4.000000,4.000000,4.000000,4.000000,4.000000,4.000000,4.000000,4.000000,4.000000,100.000000,,,,,,,,,,,,,,,,,,,,,,,,,,,,,,,,,,,,,,,,,,,,,,,,,,,,,,,,,,,,,,,,,,,,,,,,,,,,,,,,,,,,,,
1676060262.809698,1676060262.809722,68.000000,0.000000,4281.153809,4277.307617,4291.794922,4316.153809,4277.692383,4282.692383,4289.487305,4284.102539,4277.692383,4247.051270,4608.205078,4474.743652,4349.358887,4397.948730,2433.000000,4.000000,85.000000,,,,0.000000,4.000000,4.000000,4.000000,4.000000,4.000000,4.000000,4.000000,4.000000,4.000000,4.000000,4.000000,4.000000,4.000000,4.000000,100.000000,,,,,,,,,,,,,,,,,,,,,,,,,,,,,,,,,,,,,,,,,,,,,,,,,,,,,,,,,,,,,,,,,,,,,,,,,,,,,,,,,,,,,,
1676060262.817507,1676060262.817530,69.000000,0.000000,4305.000000,4300.000000,4308.974121,4339.615234,4288.717773,4285.512695,4300.000000,4306.538574,4298.205078,4276.410156,4617.820313,4507.948730,4374.871582,4422.051270,2369.000000,4.000000,85.000000,,,,0.000000,4.000000,4.000000,4.000000,4.000000,4.000000,4.000000,4.000000,4.000000,4.000000,4.000000,4.000000,4.000000,4.000000,4.000000,100.000000,,,,,,,,,,,,,,,,,,,,,,,,,,,,,,,,,,,,,,,,,,,,,,,,,,,,,,,,,,,,,,,,,,,,,,,,,,,,,,,,,,,,,,
1676060262.825315,1676060262.825439,70.000000,0.000000,4298.589844,4294.743652,4300.128418,4335.000000,4282.179688,4278.461426,4289.615234,4305.769043,4298.077148,4297.307617,4600.256348,4508.461426,4361.410156,4416.922852,2226.000000,4.000000,85.000000,,,,0.000000,4.000000,4.000000,4.000000,4.000000,4.000000,4.000000,4.000000,4.000000,4.000000,4.000000,4.000000,4.000000,4.000000,4.000000,100.000000,,,,,,,,,,,,,,,,,,,,,,,,,,,,,,,,,,,,,,,,,,,,,,,,,,,,,,,,,,,,,,,,,,,,,,,,,,,,,,,,,,,,,,
1676060262.833123,1676060262.833247,71.000000,0.000000,4295.128418,4288.589844,4301.025879,4326.666504,4278.846191,4281.153809,4289.871582,4303.589844,4295.512695,4290.384766,4585.512695,4507.563965,4357.051270,4412.692383,2226.000000,4.000000,85.000000,,,,0.000000,4.000000,4.000000,4.000000,4.000000,4.000000,4.000000,4.000000,4.000000,4.000000,4.000000,4.000000,4.000000,4.000000,4.000000,100.000000,,,,,,,,,,,,,,,,,,,,,,,,,,,,,,,,,,,,,,,,,,,,,,,,,,,,,,,,,,,,,,,,,,,,,,,,,,,,,,,,,,,,,,
1676060262.840932,1676060262.841156,72.000000,0.000000,4291.410156,4291.538574,4305.512695,4324.487305,4283.589844,4285.512695,4300.000000,4306.153809,4299.102539,4278.205078,4576.538574,4513.461426,4369.230957,4416.538574,2274.000000,4.000000,85.000000,,,,0.000000,4.000000,4.000000,4.000000,4.000000,4.000000,4.000000,4.000000,4.000000,4.000000,4.000000,4.000000,4.000000,4.000000,4.000000,100.000000,,,,,,,,,,,,,,,,,,,,,,,,,,,,,,,,,,,,,,,,,,,,,,,,,,,,,,,,,,,,,,,,,,,,,,,,,,,,,,,,,,,,,,
1676060262.848740,1676060262.848964,73.000000,0.000000,4276.153809,4276.666504,4287.307617,4314.230957,4279.102539,4282.563965,4297.179688,4300.641113,4289.615234,4271.025879,4551.794922,4498.077148,4358.077148,4403.333496,2241.000000,4.000000,85.000000,,,,0.000000,4.000000,4.000000,4.000000,4.000000,4.000000,4.000000,4.000000,4.000000,4.000000,4.000000,4.000000,4.000000,4.000000,4.000000,100.000000,,,,,,,,,,,,,,,,,,,,,,,,,,,,,,,,,,,,,,,,,,,,,,,,,,,,,,,,,,,,,,,,,,,,,,,,,,,,,,,,,,,,,,
1676060262.856548,1676060262.856872,74.000000,0.000000,4272.820313,4263.461426,4275.641113,4307.436035,4274.871582,4283.333496,4294.358887,4298.461426,4283.461426,4270.769043,4535.769043,4483.333496,4345.769043,4392.948730,2725.000000,4.000000,85.000000,,,,0.000000,4.000000,4.000000,4.000000,4.000000,4.000000,4.000000,4.000000,4.000000,4.000000,4.000000,4.000000,4.000000,4.000000,4.000000,100.000000,,,,,,,,,,,,,,,,,,,,,,,,,,,,,,,,,,,,,,,,,,,,,,,,,,,,,,,,,,,,,,,,,,,,,,,,,,,,,,,,,,,,,,
1676060262.864357,1676060262.864681,75.000000,0.000000,4270.000000,4265.512695,4280.897461,4307.563965,4277.820313,4287.179688,4298.077148,4300.000000,4289.743652,4275.641113,4531.922852,4488.974121,4346.153809,4397.179688,2907.000000,4.000000,85.000000,,,,0.000000,4.000000,4.000000,4.000000,4.000000,4.000000,4.000000,4.000000,4.000000,4.000000,4.000000,4.000000,4.000000,4.000000,4.000000,100.000000,,,,,,,,,,,,,,,,,,,,,,,,,,,,,,,,,,,,,,,,,,,,,,,,,,,,,,,,,,,,,,,,,,,,,,,,,,,,,,,,,,,,,,
1676060262.872165,1676060262.872589,76.000000,0.000000,4260.897461,4262.692383,4276.538574,4305.897461,4274.102539,4282.051270,4293.333496,4295.769043,4287.179688,4266.282227,4516.922852,4486.025879,4341.153809,4393.461426,3109.000000,4.000000,85.000000,,,,0.000000,4.000000,4.000000,4.000000,4.000000,4.000000,4.000000,4.000000,4.000000,4.000000,4.000000,4.000000,4.000000,4.000000,4.000000,100.000000,,,,,,,,,,,,,,,,,,,,,,,,,,,,,,,,,,,,,,,,,,,,,,,,,,,,,,,,,,,,,,,,,,,,,,,,,,,,,,,,,,,,,,
1676060262.879974,1676060262.880398,77.000000,0.000000,4271.025879,4258.333496,4271.410156,4307.179688,4271.538574,4278.461426,4287.179688,4295.897461,4281.025879,4249.487305,4503.333496,4477.051270,4341.153809,4390.641113,3224.000000,4.000000,85.000000,,,,0.000000,4.000000,4.000000,4.000000,4.000000,4.000000,4.000000,4.000000,4.000000,4.000000,4.000000,4.000000,4.000000,4.000000,4.000000,100.000000,,,,,,,,,,,,,,,,,,,,,,,,,,,,,,,,,,,,,,,,,,,,,,,,,,,,,,,,,,,,,,,,,,,,,,,,,,,,,,,,,,,,,,
1676060262.887782,1676060262.888306,78.000000,0.000000,4287.820313,4263.974121,4284.743652,4312.563965,4279.102539,4285.256348,4293.333496,4306.922852,4290.000000,4257.820313,4512.436035,4485.128418,4350.384766,4406.153809,2725.000000,4.000000,85.000000,,,,0.000000,4.000000,4.000000,4.000000,4.000000,4.000000,4.000000,4.000000,4.000000,4.000000,4.000000,4.000000,4.000000,4.000000,4.000000,100.000000,1.000000,25.000000,4.000000,4.000000,1.000000,4.000000,3.000000,4.000000,4.000000,4.000000,4.000000,1.000000,1.000000,1.000000,3.000000,3.000000,2.583302,3.151914,1.904411,1.888141,1.726855,9.048745,2.288406,1.853778,1.772647,1.376805,2.857690,2.984098,1.441728,1.726939,1.727408,7.998823,2.446334,1.702486,1.401133,1.346995,0.852380,1.216348,0.939381,0.885460,0.700678,1.571845,0.953151,0.707098,0.582537,0.544044,0.894150,1.125549,1.438122,1.290578,1.071192,1.082993,1.161975,1.865585,1.639117,1.209758,0.639486,0.759092,1.427828,1.575456,1.203180,0.971353,1.064850,0.796352,2.074571,1.390495,4.112584,4.711477,2.883420,3.018958,2.288796,5.707450,3.306885,2.238915,2.708067,2.172497,4.891182,3.690220,2.435799,2.602195,2.034491,3.955730,4.994855,3.033268,2.701119,1.982016
1676060262.895590,1676060262.896114,79.000000,0.000000,4288.077148,4269.487305,4294.871582,4311.794922,4280.641113,4287.820313,4298.333496,4310.256348,4296.538574,4274.487305,4522.436035,4495.512695,4353.589844,4413.846191,2907.000000,4.000000,85.000000,,,,0.000000,4.000000,4.000000,4.000000,4.000000,4.000000,4.000000,4.000000,4.000000,4.000000,4.000000,4.000000,4.000000,4.000000,4.000000,100.000000,,,,,,,,,,,,,,,,,,,,,,,,,,,,,,,,,,,,,,,,,,,,,,,,,,,,,,,,,,,,,,,,,,,,,,,,,,,,,,,,,,,,,,
1676060262.903399,1676060262.904023,80.000000,0.000000,4295.512695,4280.641113,4298.974121,4317.692383,4285.128418,4292.692383,4299.358887,4307.436035,4294.871582,4278.846191,4521.922852,4502.179688,4363.589844,4418.974121,3109.000000,4.000000,85.000000,,,,0.000000,4.000000,4.000000,4.000000,4.000000,4.000000,4.000000,4.000000,4.000000,4.000000,4.000000,4.000000,4.000000,4.000000,4.000000,100.000000,,,,,,,,,,,,,,,,,,,,,,,,,,,,,,,,,,,,,,,,,,,,,,,,,,,,,,,,,,,,,,,,,,,,,,,,,,,,,,,,,,,,,,
1676060262.911207,1676060262.911831,81.000000,0.000000,4310.769043,4293.205078,4308.717773,4332.820313,4296.922852,4299.487305,4305.897461,4311.025879,4298.846191,4285.769043,4536.282227,4511.922852,4381.410156,4437.563965,3224.000000,4.000000,85.000000,,,,0.000000,4.000000,4.000000,4.000000,4.000000,4.000000,4.000000,4.000000,4.000000,4.000000,4.000000,4.000000,4.000000,4.000000,4.000000,100.000000,,,,,,,,,,,,,,,,,,,,,,,,,,,,,,,,,,,,,,,,,,,,,,,,,,,,,,,,,,,,,,,,,,,,,,,,,,,,,,,,,,,,,,
1676060262.919016,1676060262.919540,82.000000,0.000000,4307.436035,4287.436035,4309.743652,4331.282227,4292.563965,4290.000000,4301.025879,4309.871582,4296.410156,4283.846191,4568.717773,4510.128418,4378.589844,4438.461426,2725.000000,4.000000,85.000000,,,,0.000000,4.000000,4.000000,4.000000,4.000000,4.000000,4.000000,4.000000,4.000000,4.000000,4.000000,4.000000,4.000000,4.000000,4.000000,100.000000,,,,,,,,,,,,,,,,,,,,,,,,,,,,,,,,,,,,,,,,,,,,,,,,,,,,,,,,,,,,,,,,,,,,,,,,,,,,,,,,,,,,,,
1676060262.926824,1676060262.927348,83.000000,0.000000,4296.794922,4280.769043,4297.307617,4315.641113,4279.743652,4279.871582,4284.230957,4294.358887,4286.025879,4270.512695,4586.666504,4494.615234,4364.487305,4419.743652,2907.000000,4.000000,85.000000,,,,0.000000,4.000000,4.000000,4.000000,4.000000,4.000000,4.000000,4.000000,4.000000,4.000000,4.000000,4.000000,4.000000,4.000000,4.000000,100.000000,,,,,,,,,,,,,,,,,,,,,,,,,,,,,,,,,,,,,,,,,,,,,,,,,,,,,,,,,,,,,,,,,,,,,,,,,,,,,,,,,,,,,,
1676060262.934632,1676060262.935057,84.000000,0.000000,4293.077148,4275.000000,4284.743652,4307.436035,4278.205078,4279.487305,4276.922852,4278.589844,4278.205078,4264.871582,4566.538574,4478.333496,4351.282227,4405.384766,3109.000000,4.000000,85.000000,,,,0.000000,4.000000,4.000000,4.000000,4.000000,4.000000,4.000000,4.000000,4.000000,4.000000,4.000000,4.000000,4.000000,4.000000,4.000000,100.000000,,,,,,,,,,,,,,,,,,,,,,,,,,,,,,,,,,,,,,,,,,,,,,,,,,,,,,,,,,,,,,,,,,,,,,,,,,,,,,,,,,,,,,
1676060262.942441,1676060262.942965,85.000000,0.000000,4287.436035,4258.461426,4280.384766,4305.128418,4276.282227,4276.666504,4278.717773,4278.717773,4275.897461,4262.692383,4537.436035,4468.077148,4340.769043,4405.000000,3224.000000,4.000000,85.000000,,,,0.000000,4.000000,4.000000,4.000000,4.000000,4.000000,4.000000,4.000000,4.000000,4.000000,4.000000,4.000000,4.000000,4.000000,4.000000,100.000000,,,,,,,,,,,,,,,,,,,,,,,,,,,,,,,,,,,,,,,,,,,,,,,,,,,,,,,,,,,,,,,,,,,,,,,,,,,,,,,,,,,,,,
1676060262.950249,1676060262.950774,86.000000,0.000000,4291.538574,4266.282227,4291.025879,4313.333496,4279.358887,4280.128418,4289.615234,4299.358887,4289.102539,4264.358887,4540.384766,4483.461426,4353.461426,4432.692383,2725.000000,4.000000,85.000000,,,,0.000000,4.000000,4.000000,4.000000,4.000000,4.000000,4.000000,4.000000,4.000000,4.000000,4.000000,4.000000,4.000000,4.000000,4.000000,100.000000,,,,,,,,,,,,,,,,,,,,,,,,,,,,,,,,,,,,,,,,,,,,,,,,,,,,,,,,,,,,,,,,,,,,,,,,,,,,,,,,,,,,,,
1676060262.958058,1676060262.958682,87.000000,0.000000,4305.897461,4288.205078,4303.974121,4326.282227,4289.871582,4287.179688,4303.846191,4316.153809,4301.794922,4270.256348,4550.641113,4508.205078,4369.487305,4462.563965,2907.000000,4.000000,85.000000,,,,0.000000,4.000000,4.000000,4.000000,4.000000,4.000000,4.000000,4.000000,4.000000,4.000000,4.000000,4.000000,4.000000,4.000000,4.000000,100.000000,,,,,,,,,,,,,,,,,,,,,,,,,,,,,,,,,,,,,,,,,,,,,,,,,,,,,,,,,,,,,,,,,,,,,,,,,,,,,,,,,,,,,,
1676060262.965866,1676060262.966490,88.000000,0.000000,4297.179688,4271.794922,4292.820313,4314.358887,4282.948730,4281.410156,4296.922852,4302.948730,4287.307617,4252.179688,4522.051270,4495.897461,4351.153809,4446.666504,3109.000000,4.000000,85.000000,,,,0.000000,4.000000,4.000000,4.000000,4.000000,4.000000,4.000000,4.000000,4.000000,4.000000,4.000000,4.000000,4.000000,4.000000,4.000000,100.000000,,,,,,,,,,,,,,,,,,,,,,,,,,,,,,,,,,,,,,,,,,,,,,,,,,,,,,,,,,,,,,,,,,,,,,,,,,,,,,,,,,,,,,
1676060262.973674,1676060262.974299,89.000000,0.000000,4291.538574,4260.256348,4288.717773,4307.307617,4278.589844,4285.256348,4290.256348,4296.922852,4281.666504,4245.384766,4507.051270,4485.128418,4343.589844,4436.410156,3224.000000,4.000000,85.000000,,,,0.000000,4.000000,4.000000,4.000000,4.000000,4.000000,4.000000,4.000000,4.000000,4.000000,4.000000,4.000000,4.000000,4.000000,4.000000,100.000000,,,,,,,,,,,,,,,,,,,,,,,,,,,,,,,,,,,,,,,,,,,,,,,,,,,,,,,,,,,,,,,,,,,,,,,,,,,,,,,,,,,,,,
1676060262.981483,1676060262.982007,90.000000,0.000000,4317.563965,4287.307617,4311.922852,4332.692383,4295.000000,4301.922852,4307.820313,4320.128418,4302.307617,4279.871582,4533.974121,4511.538574,4370.128418,4467.179688,2725.000000,4.000000,85.000000,,,,0.000000,4.000000,4.000000,4.000000,4.000000,4.000000,4.000000,4.000000,4.000000,4.000000,4.000000,4.000000,4.000000,4.000000,4.000000,100.000000,,,,,,,,,,,,,,,,,,,,,,,,,,,,,,,,,,,,,,,,,,,,,,,,,,,,,,,,,,,,,,,,,,,,,,,,,,,,,,,,,,,,,,
1676060262.989291,1676060262.989816,91.000000,0.000000,4321.538574,4283.589844,4317.179688,4332.436035,4298.717773,4298.333496,4315.897461,4326.538574,4305.000000,4293.846191,4535.000000,4520.000000,4364.230957,4465.769043,2907.000000,4.000000,85.000000,,,,0.000000,4.000000,4.000000,4.000000,4.000000,4.000000,4.000000,4.000000,4.000000,4.000000,4.000000,4.000000,4.000000,4.000000,4.000000,100.000000,,,,,,,,,,,,,,,,,,,,,,,,,,,,,,,,,,,,,,,,,,,,,,,,,,,,,,,,,,,,,,,,,,,,,,,,,,,,,,,,,,,,,,
1676060262.997100,1676060262.997524,92.000000,0.000000,4305.641113,4264.358887,4308.974121,4306.922852,4291.025879,4291.410156,4307.820313,4313.589844,4294.102539,4276.538574,4516.153809,4505.769043,4350.769043,4445.897461,3109.000000,4.000000,85.000000,,,,0.000000,4.000000,4.000000,4.000000,4.000000,4.000000,4.000000,4.000000,4.000000,4.000000,4.000000,4.000000,4.000000,4.000000,4.000000,100.000000,,,,,,,,,,,,,,,,,,,,,,,,,,,,,,,,,,,,,,,,,,,,,,,,,,,,,,,,,,,,,,,,,,,,,,,,,,,,,,,,,,,,,,
1676060263.004908,1676060263.005333,93.000000,0.000000,4317.692383,4284.743652,4319.871582,4316.794922,4295.512695,4298.333496,4306.153809,4311.666504,4296.922852,4277.179688,4524.230957,4510.384766,4375.512695,4460.641113,3224.000000,4.000000,85.000000,,,,0.000000,4.000000,4.000000,4.000000,4.000000,4.000000,4.000000,4.000000,4.000000,4.000000,4.000000,4.000000,4.000000,4.000000,4.000000,100.000000,,,,,,,,,,,,,,,,,,,,,,,,,,,,,,,,,,,,,,,,,,,,,,,,,,,,,,,,,,,,,,,,,,,,,,,,,,,,,,,,,,,,,,
1676060263.012716,1676060263.013041,94.000000,0.000000,4325.769043,4298.077148,4325.512695,4338.077148,4299.102539,4295.384766,4301.666504,4307.563965,4297.948730,4283.846191,4523.333496,4509.487305,4381.282227,4464.230957,2725.000000,4.000000,85.000000,,,,0.000000,4.000000,4.000000,4.000000,4.000000,4.000000,4.000000,4.000000,4.000000,4.000000,4.000000,4.000000,4.000000,4.000000,4.000000,100.000000,,,,,,,,,,,,,,,,,2.476784,3.598104,2.086592,1.995382,1.741072,8.791270,2.854518,1.781667,1.920788,1.402978,2.610837,3.449735,1.609453,1.822172,1.794650,8.068646,2.848251,1.697007,1.569003,1.425143,0.959860,1.254930,0.989418,0.965160,0.727841,1.886883,0.843238,0.874859,0.685576,0.595532,0.981526,1.136861,1.556217,1.351592,1.135627,0.992872,1.174268,2.164995,1.625758,1.204170,0.603346,0.974580,1.914608,1.610453,1.172958,0.912797,1.215381,1.161862,2.073705,1.435989,4.629717,5.363132,3.462143,2.816704,2.324909,5.666955,3.439435,2.497966,2.681110,2.248723,4.823784,3.869556,2.867846,2.623528,2.077682,4.335161,5.737494,3.645527,2.761702,2.000136
1676060263.020525,1676060263.020950,95.000000,0.000000,4309.743652,4284.615234,4314.487305,4326.666504,4300.000000,4291.922852,4297.307617,4299.358887,4293.717773,4278.461426,4506.794922,4495.641113,4367.948730,4445.256348,2907.000000,4.000000,85.000000,,,,0.000000,4.000000,4.000000,4.000000,4.000000,4.000000,4.000000,4.000000,4.000000,4.000000,4.000000,4.000000,4.000000,4.000000,4.000000,100.000000,,,,,,,,,,,,,,,,,,,,,,,,,,,,,,,,,,,,,,,,,,,,,,,,,,,,,,,,,,,,,,,,,,,,,,,,,,,,,,,,,,,,,,
1676060263.028333,1676060263.028758,96.000000,0.000000,4303.974121,4282.563965,4310.769043,4310.128418,4304.230957,4296.025879,4295.256348,4294.743652,4287.948730,4278.717773,4505.641113,4492.563965,4376.922852,4446.282227,3109.000000,4.000000,85.000000,,,,0.000000,4.000000,4.000000,4.000000,4.000000,4.000000,4.000000,4.000000,4.000000,4.000000,4.000000,4.000000,4.000000,4.000000,4.000000,100.000000,,,,,,,,,,,,,,,,,,,,,,,,,,,,,,,,,,,,,,,,,,,,,,,,,,,,,,,,,,,,,,,,,,,,,,,,,,,,,,,,,,,,,,
1676060263.036141,1676060263.036666,97.000000,0.000000,4301.410156,4285.512695,4304.102539,4310.512695,4297.692383,4284.230957,4282.179688,4281.282227,4273.846191,4269.615234,4493.846191,4483.077148,4373.077148,4440.512695,3224.000000,4.000000,85.000000,,,,0.000000,4.000000,4.000000,4.000000,4.000000,4.000000,4.000000,4.000000,4.000000,4.000000,4.000000,4.000000,4.000000,4.000000,4.000000,100.000000,,,,,,,,,,,,,,,,,,,,,,,,,,,,,,,,,,,,,,,,,,,,,,,,,,,,,,,,,,,,,,,,,,,,,,,,,,,,,,,,,,,,,,
1676060263.043950,1676060263.044475,98.000000,0.000000,4293.974121,4279.230957,4291.025879,4312.307617,4290.512695,4273.589844,4280.256348,4280.128418,4269.230957,4249.615234,4468.974121,4468.974121,4348.077148,4412.436035,2725.000000,4.000000,85.000000,,,,0.000000,4.000000,4.000000,4.000000,4.000000,4.000000,4.000000,4.000000,4.000000,4.000000,4.000000,4.000000,4.000000,4.000000,4.000000,100.000000,,,,,,,,,,,,,,,,,,,,,,,,,,,,,,,,,,,,,,,,,,,,,,,,,,,,,,,,,,,,,,,,,,,,,,,,,,,,,,,,,,,,,,
1676060263.051758,1676060263.052383,99.000000,0.000000,4292.051270,4281.666504,4292.563965,4306.922852,4299.230957,4290.000000,4296.794922,4300.000000,4280.769043,4254.743652,4474.743652,4478.717773,4352.692383,4411.922852,2907.000000,4.000000,85.000000,,,,0.000000,4.000000,4.000000,4.000000,4.000000,4.000000,4.000000,4.000000,4.000000,4.000000,4.000000,4.000000,4.000000,4.000000,4.000000,100.000000,,,,,,,,,,,,,,,,,,,,,,,,,,,,,,,,,,,,,,,,,,,,,,,,,,,,,,,,,,,,,,,,,,,,,,,,,,,,,,,,,,,,,,
1676060263.059566,1676060263.060192,100.000000,0.000000,4277.692383,4280.769043,4291.282227,4296.025879,4295.512695,4296.153809,4291.538574,4303.077148,4283.205078,4272.436035,4481.153809,4481.282227,4363.333496,4421.538574,3109.000000,4.000000,85.000000,,,,0.000000,4.000000,4.000000,4.000000,4.000000,4.000000,4.000000,4.000000,4.000000,4.000000,4.000000,4.000000,4.000000,4.000000,4.000000,100.000000,,,,,,,,,,,,,,,,,,,,,,,,,,,,,,,,,,,,,,,,,,,,,,,,,,,,,,,,,,,,,,,,,,,,,,,,,,,,,,,,,,,,,,
1676060263.067375,1676060263.068100,101.000000,0.000000,4262.563965,4272.563965,4275.384766,4292.820313,4277.820313,4278.333496,4274.230957,4286.794922,4274.871582,4265.897461,4455.000000,4456.794922,4343.589844,4403.333496,3224.000000,4.000000,85.000000,,,,0.000000,4.000000,4.000000,4.000000,4.000000,4.000000,4.000000,4.000000,4.000000,4.000000,4.000000,4.000000,4.000000,4.000000,4.000000,100.000000,,,,,,,,,,,,,,,,,,,,,,,,,,,,,,,,,,,,,,,,,,,,,,,,,,,,,,,,,,,,,,,,,,,,,,,,,,,,,,,,,,,,,,
1676060263.075183,1676060263.075908,102.000000,0.000000,4282.051270,4292.436035,4281.666504,4313.333496,4288.077148,4281.410156,4287.948730,4297.436035,4283.589844,4257.436035,4451.153809,4461.794922,4336.025879,4400.000000,2725.000000,4.000000,85.000000,,,,0.000000,4.000000,4.000000,4.000000,4.000000,4.000000,4.000000,4.000000,4.000000,4.000000,4.000000,4.000000,4.000000,4.000000,4.000000,100.000000,,,,,,,,,,,,,,,,,,,,,,,,,,,,,,,,,,,,,,,,,,,,,,,,,,,,,,,,,,,,,,,,,,,,,,,,,,,,,,,,,,,,,,
1676060263.082992,1676060263.083817,103.000000,0.000000,4296.922852,4314.230957,4302.436035,4329.102539,4306.922852,4297.179688,4304.358887,4316.794922,4298.205078,4272.563965,4476.282227,4492.051270,4351.410156,4417.563965,2907.000000,4.000000,85.000000,,,,0.000000,4.000000,4.000000,4.000000,4.000000,4.000000,4.000000,4.000000,4.000000,4.000000,4.000000,4.000000,4.000000,4.000000,4.000000,100.000000,,,,,,,,,,,,,,,,,,,,,,,,,,,,,,,,,,,,,,,,,,,,,,,,,,,,,,,,,,,,,,,,,,,,,,,,,,,,,,,,,,,,,,
1676060263.090800,1676060263.091625,104.000000,0.000000,4284.743652,4305.384766,4302.436035,4320.000000,4300.641113,4295.000000,4299.487305,4306.666504,4297.051270,4284.230957,4477.692383,4492.563965,4357.820313,4418.461426,3109.000000,4.000000,85.000000,,,,0.000000,4.000000,4.000000,4.000000,4.000000,4.000000,4.000000,4.000000,4.000000,4.000000,4.000000,4.000000,4.000000,4.000000,4.000000,100.000000,,,,,,,,,,,,,,,,,,,,,,,,,,,,,,,,,,,,,,,,,,,,,,,,,,,,,,,,,,,,,,,,,,,,,,,,,,,,,,,,,,,,,,
1676060263.098608,1676060263.099534,105.000000,0.000000,4278.461426,4292.563965,4294.743652,4310.000000,4292.051270,4288.846191,4290.641113,4292.051270,4292.692383,4272.307617,4458.717773,4474.230957,4346.922852,4407.948730,3224.000000,4.000000,85.000000,,,,0.000000,4.000000,4.000000,4.000000,4.000000,4.000000,4.000000,4.000000,4.000000,4.000000,4.000000,4.000000,4.000000,4.000000,4.000000,100.000000,,,,,,,,,,,,,,,,,,,,,,,,,,,,,,,,,,,,,,,,,,,,,,,,,,,,,,,,,,,,,,,,,,,,,,,,,,,,,,,,,,,,,,
1676060263.106417,1676060263.107342,106.000000,0.000000,4281.922852,4291.410156,4292.179688,4309.615234,4295.769043,4286.153809,4283.205078,4291.666504,4285.897461,4259.487305,4454.230957,4472.051270,4341.538574,4406.282227,2725.000000,4.000000,85.000000,,,,0.000000,4.000000,4.000000,4.000000,4.000000,4.000000,4.000000,4.000000,4.000000,4.000000,4.000000,4.000000,4.000000,4.000000,4.000000,100.000000,,,,,,,,,,,,,,,,,,,,,,,,,,,,,,,,,,,,,,,,,,,,,,,,,,,,,,,,,,,,,,,,,,,,,,,,,,,,,,,,,,,,,,
1676060263.114225,1676060263.115051,107.000000,0.000000,4285.000000,4298.846191,4293.589844,4312.307617,4296.153809,4282.179688,4282.436035,4294.743652,4277.307617,4262.436035,4463.717773,4481.922852,4350.641113,4412.820313,2907.000000,4.000000,85.000000,,,,0.000000,4.000000,4.000000,4.000000,4.000000,4.000000,4.000000,4.000000,4.000000,4.000000,4.000000,4.000000,4.000000,4.000000,4.000000,100.000000,,,,,,,,,,,,,,,,,,,,,,,,,,,,,,,,,,,,,,,,,,,,,,,,,,,,,,,,,,,,,,,,,,,,,,,,,,,,,,,,,,,,,,
1676060263.122033,1676060263.122859,108.000000,0.000000,4296.410156,4314.487305,4305.000000,4319.743652,4298.846191,4289.230957,4295.256348,4300.512695,4290.769043,4283.717773,4474.871582,4492.307617,4363.974121,4423.846191,3109.000000,4.000000,85.000000,,,,0.000000,4.000000,4.000000,4.000000,4.000000,4.000000,4.000000,4.000000,4.000000,4.000000,4.000000,4.000000,4.000000,4.000000,4.000000,100.000000,,,,,,,,,,,,,,,,,,,,,,,,,,,,,,,,,,,,,,,,,,,,,,,,,,,,,,,,,,,,,,,,,,,,,,,,,,,,,,,,,,,,,,
1676060263.129842,1676060263.130568,109.000000,0.000000,4302.436035,4316.922852,4312.820313,4325.641113,4305.384766,4297.563965,4301.794922,4306.922852,4305.897461,4299.102539,4480.641113,4497.820313,4371.153809,4425.512695,3224.000000,4.000000,85.000000,,,,0.000000,4.000000,4.000000,4.000000,4.000000,4.000000,4.000000,4.000000,4.000000,4.000000,4.000000,4.000000,4.000000,4.000000,4.000000,100.000000,,,,,,,,,,,,,,,,,,,,,,,,,,,,,,,,,,,,,,,,,,,,,,,,,,,,,,,,,,,,,,,,,,,,,,,,,,,,,,,,,,,,,,
1676060263.137650,1676060263.138376,110.000000,0.000000,4282.179688,4294.615234,4293.717773,4310.256348,4297.948730,4287.179688,4283.717773,4296.794922,4286.666504,4280.384766,4462.179688,4477.820313,4358.333496,4407.179688,2725.000000,4.000000,85.000000,,,,0.000000,4.000000,4.000000,4.000000,4.000000,4.000000,4.000000,4.000000,4.000000,4.000000,4.000000,4.000000,4.000000,4.000000,4.000000,100.000000,,,,,,,,,,,,,,,,,2.121825,3.904438,2.249050,2.149947,1.688506,7.689727,3.164451,1.655196,2.127958,1.394013,2.205114,3.824853,1.871777,1.998180,1.796231,7.170961,2.995640,1.665439,1.800496,1.461029,0.996525,1.264540,1.016329,1.071725,0.732061,2.025499,0.757971,1.021982,0.811083,0.627659,1.051973,1.133594,1.657605,1.460440,1.151269,0.864529,1.117302,2.471406,1.717526,1.177110,0.572821,1.132502,2.387183,1.705957,1.116354,0.804833,1.336982,1.642592,2.152454,1.465929,7.380101,6.041005,4.613596,2.996404,2.324723,4.981549,3.582064,2.874836,2.826735,2.246258,4.275943,3.943186,3.249017,2.747180,2.079383,4.348902,6.278773,4.207824,2.941510,1.981581
1676060263.145459,1676060263.146085,111.000000,0.000000,4263.461426,4287.307617,4276.153809,4294.615234,4290.256348,4273.846191,4271.666504,4286.153809,4271.410156,4259.615234,4440.769043,4455.512695,4340.256348,4392.948730,2907.000000,4.000000,85.000000,,,,0.000000,4.000000,4.000000,4.000000,4.000000,4.000000,4.000000,4.000000,4.000000,4.000000,4.000000,4.000000,4.000000,4.000000,4.000000,100.000000,,,,,,,,,,,,,,,,,,,,,,,,,,,,,,,,,,,,,,,,,,,,,,,,,,,,,,,,,,,,,,,,,,,,,,,,,,,,,,,,,,,,,,
1676060263.153267,1676060263.153893,112.000000,0.000000,4271.794922,4299.102539,4287.948730,4303.077148,4294.743652,4277.436035,4285.128418,4293.846191,4285.256348,4266.025879,4442.179688,4463.846191,4339.358887,4398.717773,3109.000000,4.000000,85.000000,,,,0.000000,4.000000,4.000000,4.000000,4.000000,4.000000,4.000000,4.000000,4.000000,4.000000,4.000000,4.000000,4.000000,4.000000,4.000000,100.000000,,,,,,,,,,,,,,,,,,,,,,,,,,,,,,,,,,,,,,,,,,,,,,,,,,,,,,,,,,,,,,,,,,,,,,,,,,,,,,,,,,,,,,
1676060263.161075,1676060263.161602,113.000000,0.000000,4287.179688,4298.846191,4297.948730,4313.205078,4297.820313,4293.846191,4298.077148,4296.282227,4290.769043,4269.743652,4449.743652,4477.563965,4348.333496,4405.897461,3224.000000,4.000000,85.000000,,,,0.000000,4.000000,4.000000,4.000000,4.000000,4.000000,4.000000,4.000000,4.000000,4.000000,4.000000,4.000000,4.000000,4.000000,4.000000,100.000000,,,,,,,,,,,,,,,,,,,,,,,,,,,,,,,,,,,,,,,,,,,,,,,,,,,,,,,,,,,,,,,,,,,,,,,,,,,,,,,,,,,,,,
1676060263.168884,1676060263.169410,114.000000,0.000000,4290.128418,4298.077148,4294.358887,4310.897461,4297.436035,4298.205078,4292.948730,4295.384766,4285.000000,4261.282227,4451.666504,4476.410156,4354.871582,4409.743652,2725.000000,4.000000,85.000000,,,,0.000000,4.000000,4.000000,4.000000,4.000000,4.000000,4.000000,4.000000,4.000000,4.000000,4.000000,4.000000,4.000000,4.000000,4.000000,100.000000,,,,,,,,,,,,,,,,,,,,,,,,,,,,,,,,,,,,,,,,,,,,,,,,,,,,,,,,,,,,,,,,,,,,,,,,,,,,,,,,,,,,,,
1676060263.176692,1676060263.177119,115.000000,0.000000,4290.000000,4307.307617,4298.589844,4308.717773,4300.128418,4284.743652,4288.589844,4303.077148,4290.897461,4270.769043,4458.077148,4476.922852,4360.512695,4420.641113,2907.000000,4.000000,85.000000,,,,0.000000,4.000000,4.000000,4.000000,4.000000,4.000000,4.000000,4.000000,4.000000,4.000000,4.000000,4.000000,4.000000,4.000000,4.000000,100.000000,,,,,,,,,,,,,,,,,,,,,,,,,,,,,,,,,,,,,,,,,,,,,,,,,,,,,,,,,,,,,,,,,,,,,,,,,,,,,,,,,,,,,,
1676060263.184501,1676060263.184927,116.000000,0.000000,4301.410156,4316.282227,4307.948730,4317.179688,4303.717773,4280.256348,4298.717773,4309.230957,4300.384766,4289.871582,4465.769043,4486.538574,4366.922852,4428.974121,3109.000000,4.000000,85.000000,,,,0.000000,4.000000,4.000000,4.000000,4.000000,4.000000,4.000000,4.000000,4.000000,4.000000,4.000000,4.000000,4.000000,4.000000,4.000000,100.000000,,,,,,,,,,,,,,,,,,,,,,,,,,,,,,,,,,,,,,,,,,,,,,,,,,,,,,,,,,,,,,,,,,,,,,,,,,,,,,,,,,,,,,
1676060263.192309,1676060263.192636,117.000000,0.000000,4292.692383,4304.102539,4293.589844,4307.179688,4296.538574,4285.256348,4289.743652,4296.794922,4284.615234,4273.205078,4443.589844,4470.384766,4351.153809,4410.512695,3224.000000,4.000000,85.000000,,,,0.000000,4.000000,4.000000,4.000000,4.000000,4.000000,4.000000,4.000000,4.000000,4.000000,4.000000,4.000000,4.000000,4.000000,4.000000,100.000000,,,,,,,,,,,,,,,,,,,,,,,,,,,,,,,,,,,,,,,,,,,,,,,,,,,,,,,,,,,,,,,,,,,,,,,,,,,,,,,,,,,,,,
1676060263.200117,1676060263.200444,118.000000,0.000000,4267.948730,4278.205078,4270.128418,4280.769043,4285.769043,4277.051270,4261.794922,4276.922852,4256.153809,4240.897461,4413.461426,4438.717773,4327.692383,4386.666504,2725.000000,4.000000,85.000000,,,,0.000000,4.000000,4.000000,4.000000,4.000000,4.000000,4.000000,4.000000,4.000000,4.000000,4.000000,4.000000,4.000000,4.000000,4.000000,100.000000,,,,,,,,,,,,,,,,,,,,,,,,,,,,,,,,,,,,,,,,,,,,,,,,,,,,,,,,,,,,,,,,,,,,,,,,,,,,,,,,,,,,,,
1676060263.207926,1676060263.208153,119.000000,0.000000,4277.051270,4283.333496,4279.871582,4286.666504,4292.179688,4273.589844,4267.051270,4284.230957,4265.384766,4246.922852,4425.128418,4449.871582,4335.512695,4403.333496,2907.000000,4.000000,85.000000,,,,0.000000,4.000000,4.000000,4.000000,4.000000,4.000000,4.000000,4.000000,4.000000,4.000000,4.000000,4.000000,4.000000,4.000000,4.000000,100.000000,,,,,,,,,,,,,,,,,,,,,,,,,,,,,,,,,,,,,,,,,,,,,,,,,,,,,,,,,,,,,,,,,,,,,,,,,,,,,,,,,,,,,,
1676060263.215734,1676060263.215961,120.000000,0.000000,4299.615234,4309.871582,4300.000000,4306.538574,4302.692383,4288.846191,4292.563965,4303.077148,4297.820313,4278.589844,4449.871582,4478.205078,4354.358887,4425.384766,3109.000000,4.000000,85.000000,,,,0.000000,4.000000,4.000000,4.000000,4.000000,4.000000,4.000000,4.000000,4.000000,4.000000,4.000000,4.000000,4.000000,4.000000,4.000000,100.000000,,,,,,,,,,,,,,,,,,,,,,,,,,,,,,,,,,,,,,,,,,,,,,,,,,,,,,,,,,,,,,,,,,,,,,,,,,,,,,,,,,,,,,
1676060263.223543,1676060263.223670,121.000000,0.000000,4293.333496,4315.897461,4297.563965,4303.589844,4302.051270,4299.102539,4291.538574,4299.871582,4303.461426,4284.871582,4445.769043,4475.641113,4356.410156,4418.717773,3224.000000,4.000000,85.000000,,,,0.000000,4.000000,4.000000,4.000000,4.000000,4.000000,4.000000,4.000000,4.000000,4.000000,4.000000,4.000000,4.000000,4.000000,4.000000,100.000000,,,,,,,,,,,,,,,,,,,,,,,,,,,,,,,,,,,,,,,,,,,,,,,,,,,,,,,,,,,,,,,,,,,,,,,,,,,,,,,,,,,,,,
1676060263.231351,1676060263.231478,122.000000,0.000000,4289.102539,4308.077148,4293.333496,4299.615234,4300.128418,4294.358887,4287.948730,4292.307617,4290.256348,4268.461426,4438.717773,4465.256348,4358.974121,4418.333496,2725.000000,4.000000,85.000000,,,,0.000000,4.000000,4.000000,4.000000,4.000000,4.000000,4.000000,4.000000,4.000000,4.000000,4.000000,4.000000,4.000000,4.000000,4.000000,100.000000,,,,,,,,,,,,,,,,,,,,,,,,,,,,,,,,,,,,,,,,,,,,,,,,,,,,,,,,,,,,,,,,,,,,,,,,,,,,,,,,,,,,,,
1676060263.239159,1676060263.239187,123.000000,0.000000,4300.897461,4308.589844,4297.948730,4304.102539,4302.436035,4288.205078,4297.051270,4298.333496,4285.512695,4263.077148,4445.128418,4465.128418,4364.487305,4426.282227,2907.000000,4.000000,85.000000,,,,0.000000,4.000000,4.000000,4.000000,4.000000,4.000000,4.000000,4.000000,4.000000,4.000000,4.000000,4.000000,4.000000,4.000000,4.000000,100.000000,,,,,,,,,,,,,,,,,,,,,,,,,,,,,,,,,,,,,,,,,,,,,,,,,,,,,,,,,,,,,,,,,,,,,,,,,,,,,,,,,,,,,,
1676060263.246968,1676060263.246995,124.000000,0.000000,4284.743652,4301.922852,4287.051270,4290.128418,4295.897461,4287.563965,4290.256348,4298.974121,4283.846191,4267.692383,4429.102539,4452.692383,4345.641113,4403.717773,3109.000000,4.000000,85.000000,,,,0.000000,4.000000,4.000000,4.000000,4.000000,4.000000,4.000000,4.000000,4.000000,4.000000,4.000000,4.000000,4.000000,4.000000,4.000000,100.000000,,,,,,,,,,,,,,,,,,,,,,,,,,,,,,,,,,,,,,,,,,,,,,,,,,,,,,,,,,,,,,,,,,,,,,,,,,,,,,,,,,,,,,
1676060263.254776,1676060263.254704,125.000000,0.000000,4260.128418,4282.820313,4264.615234,4273.077148,4288.461426,4288.717773,4278.717773,4289.487305,4276.794922,4263.077148,4400.384766,4433.717773,4319.615234,4369.615234,3224.000000,4.000000,85.000000,,,,0.000000,4.000000,4.000000,4.000000,4.000000,4.000000,4.000000,4.000000,4.000000,4.000000,4.000000,4.000000,4.000000,4.000000,4.000000,100.000000,,,,,,,,,,,,,,,,,,,,,,,,,,,,,,,,,,,,,,,,,,,,,,,,,,,,,,,,,,,,,,,,,,,,,,,,,,,,,,,,,,,,,,
1676060263.262585,1676060263.262612,126.000000,0.000000,4266.666504,4275.769043,4266.025879,4277.436035,4291.794922,4292.051270,4284.102539,4293.333496,4278.846191,4259.230957,4401.282227,4437.692383,4322.307617,4376.794922,2725.000000,4.000000,85.000000,,,,0.000000,4.000000,4.000000,4.000000,4.000000,4.000000,4.000000,4.000000,4.000000,4.000000,4.000000,4.000000,4.000000,4.000000,4.000000,100.000000,,,,,,,,,,,,,,,,,1.672709,4.066278,2.336997,2.274337,1.578653,5.923049,3.182354,1.476841,2.305874,1.350425,1.823563,4.096052,2.076462,2.159299,1.721145,5.642712,2.940619,1.552324,2.001971,1.445376,0.972463,1.216904,0.992092,1.152599,0.710126,1.973547,0.688890,1.096431,0.911873,0.631255,1.096124,1.098042,1.668717,1.543219,1.112664,0.749759,1.047953,2.662321,1.821205,1.131618,0.561080,1.203786,2.683513,1.775468,1.043273,0.690925,1.441486,2.159245,2.235312,1.473952,14.090708,6.936672,6.444863,3.496095,2.267636,3.947298,3.802500,3.177293,3.005323,2.148369,3.398267,3.900758,3.415977,2.870528,2.025440,4.023771,6.471590,4.490922,3.123525,1.920753
1676060263.270393,1676060263.270420,127.000000,0.000000,4272.051270,4282.179688,4276.666504,4280.256348,4288.717773,4289.102539,4284.615234,4296.410156,4280.769043,4266.025879,4417.948730,4447.179688,4340.256348,4400.128418,85.000000,4.000000,85.000000,,,,0.000000,4.000000,4.000000,4.000000,4.000000,4.000000,4.000000,4.000000,4.000000,4.000000,4.000000,4.000000,4.000000,4.000000,4.000000,100.000000,,,,,,,,,,,,,,,,,,,,,,,,,,,,,,,,,,,,,,,,,,,,,,,,,,,,,,,,,,,,,,,,,,,,,,,,,,,,,,,,,,,,,,
1676060263.278201,1676060263.278329,0.000000,0.000000,4262.436035,4277.179688,4268.077148,4270.384766,4277.692383,4280.256348,4274.102539,4285.000000,4269.871582,4255.897461,4413.333496,4436.794922,4341.666504,4393.974121,2546.000000,4.000000,85.000000,,,,0.000000,4.000000,4.000000,4.000000,4.000000,4.000000,4.000000,4.000000,4.000000,4.000000,4.000000,4.000000,4.000000,4.000000,4.000000,100.000000,,,,,,,,,,,,,,,,,,,,,,,,,,,,,,,,,,,,,,,,,,,,,,,,,,,,,,,,,,,,,,,,,,,,,,,,,,,,,,,,,,,,,,
1676060263.286010,1676060263.286137,1.000000,0.000000,4272.179688,4269.230957,4266.666504,4270.128418,4276.153809,4283.974121,4274.871582,4282.820313,4269.230957,4236.282227,4405.000000,4430.000000,4334.871582,4385.512695,2503.000000,4.000000,85.000000,,,,0.000000,4.000000,4.000000,4.000000,4.000000,4.000000,4.000000,4.000000,4.000000,4.000000,4.000000,4.000000,4.000000,4.000000,4.000000,100.000000,,,,,,,,,,,,,,,,,,,,,,,,,,,,,,,,,,,,,,,,,,,,,,,,,,,,,,,,,,,,,,,,,,,,,,,,,,,,,,,,,,,,,,
1676060263.293818,1676060263.294045,2.000000,0.000000,4305.256348,4287.179688,4297.179688,4290.384766,4291.282227,4298.589844,4288.589844,4302.051270,4292.436035,4260.128418,4433.717773,4461.153809,4360.128418,4420.128418,2423.000000,4.000000,85.000000,,,,0.000000,4.000000,4.000000,4.000000,4.000000,4.000000,4.000000,4.000000,4.000000,4.000000,4.000000,4.000000,4.000000,4.000000,4.000000,100.000000,,,,,,,,,,,,,,,,,,,,,,,,,,,,,,,,,,,,,,,,,,,,,,,,,,,,,,,,,,,,,,,,,,,,,,,,,,,,,,,,,,,,,,
1676060263.301626,1676060263.301854,3.000000,0.000000,4330.128418,4309.615234,4330.641113,4314.615234,4306.666504,4307.692383,4299.615234,4317.179688,4310.128418,4302.563965,4474.102539,4501.025879,4400.641113,4468.589844,2483.000000,4.000000,85.000000,,,,0.000000,4.000000,4.000000,4.000000,4.000000,4.000000,4.000000,4.000000,4.000000,4.000000,4.000000,4.000000,4.000000,4.000000,4.000000,100.000000,,,,,,,,,,,,,,,,,,,,,,,,,,,,,,,,,,,,,,,,,,,,,,,,,,,,,,,,,,,,,,,,,,,,,,,,,,,,,,,,,,,,,,
1676060263.309435,1676060263.309762,4.000000,0.000000,4329.487305,4306.538574,4332.563965,4313.717773,4303.974121,4307.692383,4296.153809,4308.589844,4302.820313,4297.948730,4472.307617,4495.512695,4402.307617,4470.769043,2458.000000,4.000000,85.000000,,,,0.000000,4.000000,4.000000,4.000000,4.000000,4.000000,4.000000,4.000000,4.000000,4.000000,4.000000,4.000000,4.000000,4.000000,4.000000,100.000000,,,,,,,,,,,,,,,,,,,,,,,,,,,,,,,,,,,,,,,,,,,,,,,,,,,,,,,,,,,,,,,,,,,,,,,,,,,,,,,,,,,,,,
1676060263.317243,1676060263.317571,5.000000,0.000000,4323.077148,4306.922852,4323.205078,4301.153809,4296.282227,4309.230957,4292.692383,4297.436035,4293.846191,4275.769043,4450.897461,4478.461426,4384.871582,4454.230957,2396.000000,4.000000,85.000000,,,,0.000000,4.000000,4.000000,4.000000,4.000000,4.000000,4.000000,4.000000,4.000000,4.000000,4.000000,4.000000,4.000000,4.000000,4.000000,100.000000,,,,,,,,,,,,,,,,,,,,,,,,,,,,,,,,,,,,,,,,,,,,,,,,,,,,,,,,,,,,,,,,,,,,,,,,,,,,,,,,,,,,,,
1676060263.325051,1676060263.325279,6.000000,0.000000,4322.948730,4314.102539,4317.820313,4300.384766,4297.179688,4303.846191,4294.102539,4293.461426,4286.282227,4274.230957,4439.743652,4474.358887,4375.128418,4448.717773,2247.000000,4.000000,85.000000,,,,0.000000,4.000000,4.000000,4.000000,4.000000,4.000000,4.000000,4.000000,4.000000,4.000000,4.000000,4.000000,4.000000,4.000000,4.000000,100.000000,,,,,,,,,,,,,,,,,,,,,,,,,,,,,,,,,,,,,,,,,,,,,,,,,,,,,,,,,,,,,,,,,,,,,,,,,,,,,,,,,,,,,,
1676060263.332860,1676060263.333088,7.000000,0.000000,4312.948730,4300.128418,4304.102539,4293.205078,4294.743652,4296.282227,4287.692383,4287.307617,4274.743652,4268.974121,4417.820313,4456.153809,4352.179688,4428.461426,2244.000000,4.000000,85.000000,,,,0.000000,4.000000,4.000000,4.000000,4.000000,4.000000,4.000000,4.000000,4.000000,4.000000,4.000000,4.000000,4.000000,4.000000,4.000000,100.000000,,,,,,,,,,,,,,,,,,,,,,,,,,,,,,,,,,,,,,,,,,,,,,,,,,,,,,,,,,,,,,,,,,,,,,,,,,,,,,,,,,,,,,
1676060263.340668,1676060263.340796,8.000000,0.000000,4299.871582,4298.205078,4298.205078,4287.179688,4288.974121,4300.384766,4288.077148,4291.794922,4279.102539,4259.743652,4400.769043,4445.128418,4333.461426,4408.974121,2306.000000,4.000000,85.000000,,,,0.000000,4.000000,4.000000,4.000000,4.000000,4.000000,4.000000,4.000000,4.000000,4.000000,4.000000,4.000000,4.000000,4.000000,4.000000,100.000000,,,,,,,,,,,,,,,,,,,,,,,,,,,,,,,,,,,,,,,,,,,,,,,,,,,,,,,,,,,,,,,,,,,,,,,,,,,,,,,,,,,,,,
1676060263.348477,1676060263.348605,9.000000,0.000000,4311.666504,4327.563965,4312.692383,4307.948730,4299.487305,4313.589844,4304.871582,4309.102539,4293.077148,4259.487305,4413.846191,4464.102539,4342.820313,4424.358887,2277.000000,4.000000,85.000000,,,,0.000000,4.000000,4.000000,4.000000,4.000000,4.000000,4.000000,4.000000,4.000000,4.000000,4.000000,4.000000,4.000000,4.000000,4.000000,100.000000,,,,,,,,,,,,,,,,,,,,,,,,,,,,,,,,,,,,,,,,,,,,,,,,,,,,,,,,,,,,,,,,,,,,,,,,,,,,,,,,,,,,,,
1676060263.356285,1676060263.356313,10.000000,0.000000,4333.589844,4341.153809,4329.871582,4327.179688,4317.179688,4325.384766,4317.820313,4325.512695,4306.666504,4271.794922,4429.871582,4487.179688,4355.256348,4448.077148,2760.000000,4.000000,85.000000,,,,0.000000,4.000000,4.000000,4.000000,4.000000,4.000000,4.000000,4.000000,4.000000,4.000000,4.000000,4.000000,4.000000,4.000000,4.000000,100.000000,,,,,,,,,,,,,,,,,,,,,,,,,,,,,,,,,,,,,,,,,,,,,,,,,,,,,,,,,,,,,,,,,,,,,,,,,,,,,,,,,,,,,,
1676060263.364093,1676060263.364122,11.000000,0.000000,4324.487305,4326.794922,4325.256348,4312.948730,4313.077148,4318.205078,4310.128418,4327.179688,4312.307617,4284.871582,4428.589844,4482.692383,4353.974121,4445.128418,2939.000000,4.000000,85.000000,,,,0.000000,4.000000,4.000000,4.000000,4.000000,4.000000,4.000000,4.000000,4.000000,4.000000,4.000000,4.000000,4.000000,4.000000,4.000000,100.000000,,,,,,,,,,,,,,,,,,,,,,,,,,,,,,,,,,,,,,,,,,,,,,,,,,,,,,,,,,,,,,,,,,,,,,,,,,,,,,,,,,,,,,
1676060263.371902,1676060263.371830,12.000000,0.000000,4315.384766,4328.205078,4324.230957,4309.358887,4302.692383,4311.025879,4306.922852,4327.820313,4311.282227,4282.692383,4435.384766,4480.384766,4361.922852,4442.179688,3154.000000,4.000000,85.000000,,,,0.000000,4.000000,4.000000,4.000000,4.000000,4.000000,4.000000,4.000000,4.000000,4.000000,4.000000,4.000000,4.000000,4.000000,4.000000,100.000000,,,,,,,,,,,,,,,,,,,,,,,,,,,,,,,,,,,,,,,,,,,,,,,,,,,,,,,,,,,,,,,,,,,,,,,,,,,,,,,,,,,,,,
1676060263.379710,1676060263.379639,13.000000,0.000000,4317.307617,4328.205078,4330.897461,4315.256348,4302.051270,4312.051270,4306.282227,4325.000000,4301.538574,4266.153809,4433.717773,4485.256348,4359.487305,4441.153809,3268.000000,4.000000,85.000000,,,,0.000000,4.000000,4.000000,4.000000,4.000000,4.000000,4.000000,4.000000,4.000000,4.000000,4.000000,4.000000,4.000000,4.000000,4.000000,100.000000,,,,,,,,,,,,,,,,,,,,,,,,,,,,,,,,,,,,,,,,,,,,,,,,,,,,,,,,,,,,,,,,,,,,,,,,,,,,,,,,,,,,,,
1676060263.387519,1676060263.387347,14.000000,0.000000,4299.358887,4301.153809,4311.666504,4289.871582,4294.358887,4302.948730,4288.205078,4304.487305,4284.102539,4258.205078,4405.128418,4467.307617,4333.461426,4420.641113,2760.000000,4.000000,85.000000,,,,0.000000,4.000000,4.000000,4.000000,4.000000,4.000000,4.000000,4.000000,4.000000,4.000000,4.000000,4.000000,4.000000,4.000000,4.000000,100.000000,1.000000,41.666668,4.000000,4.000000,3.000000,4.000000,4.000000,4.000000,4.000000,4.000000,4.000000,1.000000,1.000000,3.000000,3.000000,3.000000,1.328765,4.113816,2.346479,2.291417,1.431432,3.969303,2.976360,1.287168,2.369880,1.278958,1.613040,4.271404,2.158117,2.210754,1.576888,3.975570,2.802961,1.361139,2.082440,1.380633,0.909273,1.114809,0.916629,1.159218,0.665780,1.749068,0.640116,1.088417,0.945642,0.606829,1.104033,1.050946,1.582738,1.537508,1.029595,0.685253,1.042165,2.680094,1.843569,1.072346,0.599746,1.202895,2.727742,1.743815,0.962335,0.612501,1.560487,2.624622,2.234220,1.454883,25.060049,8.180662,8.804709,4.114123,2.146150,3.041152,4.145237,3.330795,3.071446,1.964309,2.465477,3.777023,3.320853,2.889250,1.912729,3.624218,6.286160,4.433988,3.190892,1.821422
1676060263.395327,1676060263.395256,15.000000,0.000000,4296.025879,4302.179688,4299.871582,4283.974121,4294.102539,4303.077148,4286.025879,4297.692383,4287.948730,4273.974121,4399.615234,4457.051270,4332.307617,4418.974121,2939.000000,4.000000,85.000000,,,,0.000000,4.000000,4.000000,4.000000,4.000000,4.000000,4.000000,4.000000,4.000000,4.000000,4.000000,4.000000,4.000000,4.000000,4.000000,100.000000,,,,,,,,,,,,,,,,,,,,,,,,,,,,,,,,,,,,,,,,,,,,,,,,,,,,,,,,,,,,,,,,,,,,,,,,,,,,,,,,,,,,,,
1676060263.403135,1676060263.403064,16.000000,0.000000,4313.846191,4322.563965,4311.922852,4304.871582,4302.051270,4311.025879,4297.179688,4305.384766,4294.102539,4279.230957,4408.974121,4463.077148,4341.282227,4427.179688,0.000000,4.000000,85.000000,,,,0.000000,4.000000,4.000000,4.000000,4.000000,4.000000,4.000000,4.000000,4.000000,4.000000,4.000000,4.000000,4.000000,4.000000,4.000000,100.000000,,,,,,,,,,,,,,,,,,,,,,,,,,,,,,,,,,,,,,,,,,,,,,,,,,,,,,,,,,,,,,,,,,,,,,,,,,,,,,,,,,,,,,
1676060263.410944,1676060263.410972,17.000000,0.000000,4312.820313,4315.384766,4312.948730,4299.358887,4296.410156,4303.333496,4289.358887,4292.820313,4272.436035,4260.256348,4392.307617,4457.307617,4328.077148,4416.153809,0.000000,4.000000,85.000000,,,,0.000000,4.000000,4.000000,4.000000,4.000000,4.000000,4.000000,4.000000,4.000000,4.000000,4.000000,4.000000,4.000000,4.000000,4.000000,100.000000,,,,,,,,,,,,,,,,,,,,,,,,,,,,,,,,,,,,,,,,,,,,,,,,,,,,,,,,,,,,,,,,,,,,,,,,,,,,,,,,,,,,,,
1676060263.418752,1676060263.418781,18.000000,0.000000,4308.077148,4312.692383,4305.384766,4292.179688,4293.461426,4300.641113,4285.897461,4283.717773,4262.563965,4254.358887,4385.769043,4458.717773,4327.692383,4417.692383,0.000000,4.000000,85.000000,,,,0.000000,4.000000,4.000000,4.000000,4.000000,4.000000,4.000000,4.000000,4.000000,4.000000,4.000000,4.000000,4.000000,4.000000,4.000000,100.000000,,,,,,,,,,,,,,,,,,,,,,,,,,,,,,,,,,,,,,,,,,,,,,,,,,,,,,,,,,,,,,,,,,,,,,,,,,,,,,,,,,,,,,
1676060263.426561,1676060263.426689,19.000000,0.000000,4316.538574,4328.077148,4311.410156,4308.333496,4304.102539,4313.717773,4298.461426,4297.436035,4280.000000,4264.615234,4403.333496,4473.717773,4345.769043,4434.358887,0.000000,4.000000,85.000000,,,,0.000000,4.000000,4.000000,4.000000,4.000000,4.000000,4.000000,4.000000,4.000000,4.000000,4.000000,4.000000,4.000000,4.000000,4.000000,100.000000,,,,,,,,,,,,,,,,,,,,,,,,,,,,,,,,,,,,,,,,,,,,,,,,,,,,,,,,,,,,,,,,,,,,,,,,,,,,,,,,,,,,,,
1676060263.434369,1676060263.434498,20.000000,0.000000,4315.000000,4324.102539,4313.846191,4306.282227,4303.461426,4313.461426,4296.025879,4299.102539,4284.230957,4268.461426,4404.102539,4466.538574,4345.128418,4431.922852,0.000000,4.000000,85.000000,,,,0.000000,4.000000,4.000000,4.000000,4.000000,4.000000,4.000000,4.000000,4.000000,4.000000,4.000000,4.000000,4.000000,4.000000,4.000000,100.000000,,,,,,,,,,,,,,,,,,,,,,,,,,,,,,,,,,,,,,,,,,,,,,,,,,,,,,,,,,,,,,,,,,,,,,,,,,,,,,,,,,,,,,
1676060263.442177,1676060263.442406,21.000000,0.000000,4315.384766,4316.538574,4308.717773,4293.974121,4294.102539,4305.000000,4287.563965,4293.461426,4278.717773,4263.974121,4399.230957,4461.410156,4342.179688,4430.641113,0.000000,4.000000,85.000000,,,,0.000000,4.000000,4.000000,4.000000,4.000000,4.000000,4.000000,4.000000,4.000000,4.000000,4.000000,4.000000,4.000000,4.000000,4.000000,100.000000,,,,,,,,,,,,,,,,,,,,,,,,,,,,,,,,,,,,,,,,,,,,,,,,,,,,,,,,,,,,,,,,,,,,,,,,,,,,,,,,,,,,,,
1676060263.449986,1676060263.450214,22.000000,0.000000,4317.692383,4319.358887,4303.974121,4296.025879,4292.179688,4299.230957,4285.897461,4295.512695,4280.897461,4251.538574,4400.897461,4469.615234,4346.794922,4432.820313,0.000000,4.000000,85.000000,,,,0.000000,4.000000,4.000000,4.000000,4.000000,4.000000,4.000000,4.000000,4.000000,4.000000,4.000000,4.000000,4.000000,4.000000,4.000000,100.000000,,,,,,,,,,,,,,,,,,,,,,,,,,,,,,,,,,,,,,,,,,,,,,,,,,,,,,,,,,,,,,,,,,,,,,,,,,,,,,,,,,,,,,
1676060263.457794,1676060263.458123,23.000000,0.000000,4307.948730,4319.615234,4302.307617,4298.333496,4295.769043,4299.743652,4284.615234,4296.666504,4282.307617,4251.666504,4395.897461,4465.256348,4342.692383,4420.384766,0.000000,4.000000,85.000000,,,,0.000000,4.000000,4.000000,4.000000,4.000000,4.000000,4.000000,4.000000,4.000000,4.000000,4.000000,4.000000,4.000000,4.000000,4.000000,100.000000,,,,,,,,,,,,,,,,,,,,,,,,,,,,,,,,,,,,,,,,,,,,,,,,,,,,,,,,,,,,,,,,,,,,,,,,,,,,,,,,,,,,,,
1676060263.465603,1676060263.465931,24.000000,0.000000,4307.436035,4323.846191,4309.102539,4302.051270,4303.461426,4315.128418,4294.230957,4305.384766,4289.615234,4278.077148,4402.307617,4466.282227,4347.436035,4422.307617,0.000000,4.000000,85.000000,,,,0.000000,4.000000,4.000000,4.000000,4.000000,4.000000,4.000000,4.000000,4.000000,4.000000,4.000000,4.000000,4.000000,4.000000,4.000000,100.000000,,,,,,,,,,,,,,,,,,,,,,,,,,,,,,,,,,,,,,,,,,,,,,,,,,,,,,,,,,,,,,,,,,,,,,,,,,,,,,,,,,,,,,
1676060263.473411,1676060263.473840,25.000000,0.000000,4305.256348,4321.410156,4306.666504,4302.436035,4303.461426,4314.743652,4296.538574,4309.615234,4290.641113,4280.256348,4406.153809,4466.025879,4352.051270,4424.615234,0.000000,4.000000,85.000000,,,,0.000000,4.000000,4.000000,4.000000,4.000000,4.000000,4.000000,4.000000,4.000000,4.000000,4.000000,4.000000,4.000000,4.000000,4.000000,100.000000,,,,,,,,,,,,,,,,,,,,,,,,,,,,,,,,,,,,,,,,,,,,,,,,,,,,,,,,,,,,,,,,,,,,,,,,,,,,,,,,,,,,,,
1676060263.481219,1676060263.481648,26.000000,0.000000,4295.384766,4312.051270,4293.333496,4292.307617,4293.333496,4295.769043,4281.794922,4295.128418,4279.871582,4262.436035,4392.051270,4450.384766,4341.282227,4408.846191,0.000000,4.000000,85.000000,,,,0.000000,4.000000,4.000000,4.000000,4.000000,4.000000,4.000000,4.000000,4.000000,4.000000,4.000000,4.000000,4.000000,4.000000,4.000000,100.000000,,,,,,,,,,,,,,,,,,,,,,,,,,,,,,,,,,,,,,,,,,,,,,,,,,,,,,,,,,,,,,,,,,,,,,,,,,,,,,,,,,,,,,
1676060263.489028,1676060263.489556,27.000000,0.000000,4291.153809,4307.307617,4286.025879,4282.948730,4286.153809,4291.025879,4273.717773,4281.922852,4274.615234,4265.000000,4381.025879,4441.282227,4331.538574,4401.794922,0.000000,4.000000,85.000000,,,,0.000000,4.000000,4.000000,4.000000,4.000000,4.000000,4.000000,4.000000,4.000000,4.000000,4.000000,4.000000,4.000000,4.000000,4.000000,100.000000,,,,,,,,,,,,,,,,,,,,,,,,,,,,,,,,,,,,,,,,,,,,,,,,,,,,,,,,,,,,,,,,,,,,,,,,,,,,,,,,,,,,,,
1676060263.496836,1676060263.497365,28.000000,0.000000,4281.666504,4296.794922,4280.256348,4276.794922,4281.025879,4292.820313,4270.384766,4277.051270,4265.256348,4257.436035,4373.205078,4437.307617,4323.461426,4397.563965,0.000000,4.000000,85.000000,,,,0.000000,4.000000,4.000000,4.000000,4.000000,4.000000,4.000000,4.000000,4.000000,4.000000,4.000000,4.000000,4.000000,4.000000,4.000000,100.000000,,,,,,,,,,,,,,,,,,,,,,,,,,,,,,,,,,,,,,,,,,,,,,,,,,,,,,,,,,,,,,,,,,,,,,,,,,,,,,,,,,,,,,
1676060263.504644,1676060263.505073,29.000000,0.000000,4278.846191,4294.230957,4282.692383,4277.820313,4281.922852,4293.717773,4272.307617,4279.358887,4265.128418,4247.179688,4372.948730,4437.436035,4323.589844,4396.666504,0.000000,4.000000,85.000000,,,,0.000000,4.000000,4.000000,4.000000,4.000000,4.000000,4.000000,4.000000,4.000000,4.000000,4.000000,4.000000,4.000000,4.000000,4.000000,100.000000,,,,,,,,,,,,,,,,,,,,,,,,,,,,,,,,,,,,,,,,,,,,,,,,,,,,,,,,,,,,,,,,,,,,,,,,,,,,,,,,,,,,,,
1676060263.512453,1676060263.512882,30.000000,0.000000,4301.282227,4319.615234,4303.077148,4294.487305,4293.846191,4303.461426,4291.794922,4297.179688,4290.641113,4267.820313,4396.282227,4460.128418,4347.179688,4421.666504,0.000000,4.000000,85.000000,,,,0.000000,4.000000,4.000000,4.000000,4.000000,4.000000,4.000000,4.000000,4.000000,4.000000,4.000000,4.000000,4.000000,4.000000,4.000000,100.000000,,,,,,,,,,,,,,,,,1.235808,4.101583,2.317546,2.176911,1.272866,2.334000,2.684726,1.159618,2.295381,1.191405,1.623752,4.374485,2.154749,2.120035,1.389689,2.614367,2.687108,1.166864,2.012510,1.280647,0.811884,0.984397,0.814394,1.077128,0.607116,1.409626,0.611876,1.020081,0.896964,0.564510,1.062707,1.015194,1.436543,1.432046,0.924658,0.693963,1.129717,2.535311,1.754268,1.005033,0.680399,1.165656,2.554558,1.604527,0.883705,0.592894,1.715236,2.960834,2.121601,1.413665,38.393040,9.618042,11.224850,4.618383,1.976056,2.616263,4.560595,3.377894,2.971953,1.732733,1.770442,3.630483,3.057581,2.763012,1.753577,3.462719,5.837355,4.151792,3.095894,1.698941
1676060263.520261,1676060263.520590,31.000000,0.000000,4304.743652,4323.717773,4307.051270,4299.743652,4296.282227,4304.102539,4301.025879,4303.077148,4295.512695,4277.436035,4403.846191,4470.512695,4355.384766,4433.589844,0.000000,4.000000,85.000000,,,,0.000000,4.000000,4.000000,4.000000,4.000000,4.000000,4.000000,4.000000,4.000000,4.000000,4.000000,4.000000,4.000000,4.000000,4.000000,100.000000,,,,,,,,,,,,,,,,,,,,,,,,,,,,,,,,,,,,,,,,,,,,,,,,,,,,,,,,,,,,,,,,,,,,,,,,,,,,,,,,,,,,,,
1676060263.528070,1676060263.528499,32.000000,0.000000,4289.358887,4296.922852,4293.717773,4286.282227,4288.077148,4296.666504,4289.230957,4291.794922,4274.487305,4259.871582,4385.128418,4454.102539,4333.846191,4410.769043,0.000000,4.000000,85.000000,,,,0.000000,4.000000,4.000000,4.000000,4.000000,4.000000,4.000000,4.000000,4.000000,4.000000,4.000000,4.000000,4.000000,4.000000,4.000000,100.000000,,,,,,,,,,,,,,,,,,,,,,,,,,,,,,,,,,,,,,,,,,,,,,,,,,,,,,,,,,,,,,,,,,,,,,,,,,,,,,,,,,,,,,
1676060263.535878,1676060263.536307,33.000000,0.000000,4302.307617,4304.871582,4302.307617,4293.205078,4293.717773,4305.128418,4292.563965,4301.410156,4283.205078,4259.102539,4388.974121,4458.974121,4336.025879,4411.153809,0.000000,4.000000,85.000000,,,,0.000000,4.000000,4.000000,4.000000,4.000000,4.000000,4.000000,4.000000,4.000000,4.000000,4.000000,4.000000,4.000000,4.000000,4.000000,100.000000,,,,,,,,,,,,,,,,,,,,,,,,,,,,,,,,,,,,,,,,,,,,,,,,,,,,,,,,,,,,,,,,,,,,,,,,,,,,,,,,,,,,,,
1676060263.543686,1676060263.544116,34.000000,0.000000,4316.282227,4327.307617,4312.051270,4308.461426,4299.102539,4308.974121,4302.948730,4315.769043,4301.538574,4273.717773,4405.000000,4474.358887,4356.666504,4431.922852,0.000000,4.000000,85.000000,,,,0.000000,4.000000,4.000000,4.000000,4.000000,4.000000,4.000000,4.000000,4.000000,4.000000,4.000000,4.000000,4.000000,4.000000,4.000000,100.000000,,,,,,,,,,,,,,,,,,,,,,,,,,,,,,,,,,,,,,,,,,,,,,,,,,,,,,,,,,,,,,,,,,,,,,,,,,,,,,,,,,,,,,
1676060263.551495,1676060263.551824,35.000000,0.000000,4295.384766,4309.358887,4293.205078,4300.512695,4285.897461,4295.000000,4288.717773,4303.974121,4287.307617,4272.692383,4393.461426,4463.077148,4345.256348,4421.794922,0.000000,4.000000,85.000000,,,,0.000000,4.000000,4.000000,4.000000,4.000000,4.000000,4.000000,4.000000,4.000000,4.000000,4.000000,4.000000,4.000000,4.000000,4.000000,100.000000,,,,,,,,,,,,,,,,,,,,,,,,,,,,,,,,,,,,,,,,,,,,,,,,,,,,,,,,,,,,,,,,,,,,,,,,,,,,,,,,,,,,,,
1676060263.559303,1676060263.559633,36.000000,0.000000,4278.846191,4290.384766,4279.615234,4297.692383,4274.743652,4287.820313,4276.025879,4295.256348,4272.692383,4261.666504,4377.563965,4452.307617,4323.717773,4403.974121,0.000000,4.000000,85.000000,,,,0.000000,4.000000,4.000000,4.000000,4.000000,4.000000,4.000000,4.000000,4.000000,4.000000,4.000000,4.000000,4.000000,4.000000,4.000000,100.000000,,,,,,,,,,,,,,,,,,,,,,,,,,,,,,,,,,,,,,,,,,,,,,,,,,,,,,,,,,,,,,,,,,,,,,,,,,,,,,,,,,,,,,
1676060263.567111,1676060263.567341,37.000000,0.000000,4287.307617,4298.589844,4288.846191,4314.358887,4277.563965,4288.717773,4277.948730,4297.436035,4277.948730,4256.666504,4376.538574,4460.641113,4328.205078,4407.436035,0.000000,4.000000,85.000000,,,,0.000000,4.000000,4.000000,4.000000,4.000000,4.000000,4.000000,4.000000,4.000000,4.000000,4.000000,4.000000,4.000000,4.000000,4.000000,100.000000,,,,,,,,,,,,,,,,,,,,,,,,,,,,,,,,,,,,,,,,,,,,,,,,,,,,,,,,,,,,,,,,,,,,,,,,,,,,,,,,,,,,,,
1676060263.574920,1676060263.575150,38.000000,0.000000,4297.179688,4303.205078,4293.974121,4325.641113,4280.128418,4290.897461,4281.282227,4296.410156,4282.307617,4267.563965,4381.410156,4472.179688,4341.025879,4416.922852,0.000000,4.000000,85.000000,,,,0.000000,4.000000,4.000000,4.000000,4.000000,4.000000,4.000000,4.000000,4.000000,4.000000,4.000000,4.000000,4.000000,4.000000,4.000000,100.000000,,,,,,,,,,,,,,,,,,,,,,,,,,,,,,,,,,,,,,,,,,,,,,,,,,,,,,,,,,,,,,,,,,,,,,,,,,,,,,,,,,,,,,
1676060263.582728,1676060263.582858,39.000000,0.000000,4301.666504,4298.461426,4296.153809,4329.615234,4281.025879,4297.436035,4287.563965,4302.948730,4283.846191,4273.077148,4383.461426,4485.512695,4336.922852,4416.282227,0.000000,4.000000,85.000000,,,,0.000000,4.000000,4.000000,4.000000,4.000000,4.000000,4.000000,4.000000,4.000000,4.000000,4.000000,4.000000,4.000000,4.000000,4.000000,100.000000,,,,,,,,,,,,,,,,,,,,,,,,,,,,,,,,,,,,,,,,,,,,,,,,,,,,,,,,,,,,,,,,,,,,,,,,,,,,,,,,,,,,,,
1676060263.590536,1676060263.590766,40.000000,0.000000,4290.128418,4285.000000,4294.358887,4323.461426,4276.410156,4292.692383,4285.897461,4303.589844,4279.102539,4252.692383,4372.179688,4488.717773,4316.153809,4403.589844,0.000000,4.000000,85.000000,,,,0.000000,4.000000,4.000000,4.000000,4.000000,4.000000,4.000000,4.000000,4.000000,4.000000,4.000000,4.000000,4.000000,4.000000,4.000000,100.000000,,,,,,,,,,,,,,,,,,,,,,,,,,,,,,,,,,,,,,,,,,,,,,,,,,,,,,,,,,,,,,,,,,,,,,,,,,,,,,,,,,,,,,
1676060263.598345,1676060263.598575,41.000000,0.000000,4282.179688,4276.025879,4290.769043,4319.615234,4272.820313,4288.333496,4284.230957,4295.897461,4277.307617,4250.384766,4376.025879,4492.820313,4328.589844,4409.487305,0.000000,4.000000,85.000000,,,,0.000000,4.000000,4.000000,4.000000,4.000000,4.000000,4.000000,4.000000,4.000000,4.000000,4.000000,4.000000,4.000000,4.000000,4.000000,100.000000,,,,,,,,,,,,,,,,,,,,,,,,,,,,,,,,,,,,,,,,,,,,,,,,,,,,,,,,,,,,,,,,,,,,,,,,,,,,,,,,,,,,,,
1676060263.606153,1676060263.606483,42.000000,0.000000,4310.128418,4299.487305,4310.256348,4343.205078,4288.589844,4306.538574,4301.922852,4311.794922,4301.153809,4286.794922,4414.230957,4527.563965,4379.615234,4447.307617,0.000000,4.000000,85.000000,,,,0.000000,4.000000,4.000000,4.000000,4.000000,4.000000,4.000000,4.000000,4.000000,4.000000,4.000000,4.000000,4.000000,4.000000,4.000000,100.000000,,,,,,,,,,,,,,,,,,,,,,,,,,,,,,,,,,,,,,,,,,,,,,,,,,,,,,,,,,,,,,,,,,,,,,,,,,,,,,,,,,,,,,
1676060263.613962,1676060263.614292,43.000000,0.000000,4325.897461,4321.025879,4322.563965,4358.717773,4301.666504,4312.948730,4310.512695,4324.102539,4312.563965,4297.436035,4422.179688,4543.077148,4379.487305,4455.897461,0.000000,4.000000,85.000000,,,,0.000000,4.000000,4.000000,4.000000,4.000000,4.000000,4.000000,4.000000,4.000000,4.000000,4.000000,4.000000,4.000000,4.000000,4.000000,100.000000,,,,,,,,,,,,,,,,,,,,,,,,,,,,,,,,,,,,,,,,,,,,,,,,,,,,,,,,,,,,,,,,,,,,,,,,,,,,,,,,,,,,,,
1676060263.621770,1676060263.622200,44.000000,0.000000,4298.974121,4307.692383,4300.512695,4343.974121,4292.051270,4297.307617,4292.051270,4300.384766,4282.051270,4259.743652,4376.153809,4505.000000,4327.563965,4415.000000,0.000000,4.000000,85.000000,,,,0.000000,4.000000,4.000000,4.000000,4.000000,4.000000,4.000000,4.000000,4.000000,4.000000,4.000000,4.000000,4.000000,4.000000,4.000000,100.000000,,,,,,,,,,,,,,,,,,,,,,,,,,,,,,,,,,,,,,,,,,,,,,,,,,,,,,,,,,,,,,,,,,,,,,,,,,,,,,,,,,,,,,
1676060263.629578,1676060263.630009,45.000000,0.000000,4291.025879,4304.358887,4292.820313,4341.282227,4294.615234,4300.641113,4288.717773,4292.692383,4271.666504,4251.025879,4363.846191,4488.717773,4326.922852,4403.717773,0.000000,4.000000,85.000000,,,,0.000000,4.000000,4.000000,4.000000,4.000000,4.000000,4.000000,4.000000,4.000000,4.000000,4.000000,4.000000,4.000000,4.000000,4.000000,100.000000,,,,,,,,,,,,,,,,,,,,,,,,,,,,,,,,,,,,,,,,,,,,,,,,,,,,,,,,,,,,,,,,,,,,,,,,,,,,,,,,,,,,,,
1676060263.637387,1676060263.637917,46.000000,0.000000,4312.051270,4319.871582,4308.205078,4351.794922,4312.179688,4315.897461,4305.897461,4315.897461,4300.128418,4283.205078,4398.717773,4513.461426,4363.846191,4433.461426,0.000000,4.000000,85.000000,,,,0.000000,4.000000,4.000000,4.000000,4.000000,4.000000,4.000000,4.000000,4.000000,4.000000,4.000000,4.000000,4.000000,4.000000,4.000000,100.000000,,,,,,,,,,,,,,,,,1.452356,4.093312,2.293540,1.963171,1.126138,1.296663,2.446678,1.137950,2.114027,1.101344,1.823806,4.417290,2.144917,1.915136,1.194639,1.862918,2.645161,1.051325,1.825863,1.165300,0.707714,0.865294,0.716605,0.931779,0.543302,1.046160,0.606725,0.928742,0.789829,0.517799,0.982291,1.012974,1.281679,1.263235,0.823237,0.768413,1.289818,2.290555,1.580831,0.933926,0.808108,1.124572,2.277879,1.410813,0.815540,0.625955,1.895085,3.114735,1.955051,1.364989,50.524117,10.896749,13.097956,4.838855,1.789830,2.737325,4.920683,3.402173,2.743296,1.503336,1.445476,3.509520,2.818536,2.525388,1.571845,3.695610,5.313498,3.851632,2.866170,1.575640
1676060263.645195,1676060263.645825,47.000000,0.000000,4301.794922,4306.025879,4300.128418,4339.102539,4307.179688,4310.512695,4301.922852,4313.717773,4300.000000,4282.179688,4396.153809,4511.282227,4353.846191,4429.743652,0.000000,4.000000,85.000000,,,,0.000000,4.000000,4.000000,4.000000,4.000000,4.000000,4.000000,4.000000,4.000000,4.000000,4.000000,4.000000,4.000000,4.000000,4.000000,100.000000,,,,,,,,,,,,,,,,,,,,,,,,,,,,,,,,,,,,,,,,,,,,,,,,,,,,,,,,,,,,,,,,,,,,,,,,,,,,,,,,,,,,,,
1676060263.653004,1676060263.653634,48.000000,0.000000,4274.871582,4277.563965,4277.692383,4320.384766,4291.025879,4296.922852,4283.589844,4295.256348,4273.205078,4256.538574,4368.461426,4488.589844,4331.153809,4402.563965,0.000000,4.000000,85.000000,,,,0.000000,4.000000,4.000000,4.000000,4.000000,4.000000,4.000000,4.000000,4.000000,4.000000,4.000000,4.000000,4.000000,4.000000,4.000000,100.000000,,,,,,,,,,,,,,,,,,,,,,,,,,,,,,,,,,,,,,,,,,,,,,,,,,,,,,,,,,,,,,,,,,,,,,,,,,,,,,,,,,,,,,
1676060263.660812,1676060263.661442,49.000000,0.000000,4275.641113,4281.410156,4275.128418,4317.820313,4296.025879,4293.846191,4284.871582,4298.461426,4277.307617,4258.589844,4370.128418,4488.333496,4340.512695,4403.717773,0.000000,4.000000,85.000000,,,,0.000000,4.000000,4.000000,4.000000,4.000000,4.000000,4.000000,4.000000,4.000000,4.000000,4.000000,4.000000,4.000000,4.000000,4.000000,100.000000,,,,,,,,,,,,,,,,,,,,,,,,,,,,,,,,,,,,,,,,,,,,,,,,,,,,,,,,,,,,,,,,,,,,,,,,,,,,,,,,,,,,,,
1676060263.668620,1676060263.669350,50.000000,0.000000,4295.769043,4306.410156,4291.025879,4325.641113,4313.717773,4300.512695,4302.692383,4313.333496,4296.410156,4278.333496,4388.461426,4506.153809,4355.512695,4422.051270,0.000000,4.000000,85.000000,,,,0.000000,4.000000,4.000000,4.000000,4.000000,4.000000,4.000000,4.000000,4.000000,4.000000,4.000000,4.000000,4.000000,4.000000,4.000000,100.000000,,,,,,,,,,,,,,,,,,,,,,,,,,,,,,,,,,,,,,,,,,,,,,,,,,,,,,,,,,,,,,,,,,,,,,,,,,,,,,,,,,,,,,
1676060263.676429,1676060263.677159,51.000000,0.000000,4301.153809,4307.307617,4299.102539,4328.589844,4319.871582,4306.666504,4302.948730,4313.717773,4290.128418,4281.922852,4389.230957,4509.743652,4357.179688,4419.102539,0.000000,4.000000,85.000000,,,,0.000000,4.000000,4.000000,4.000000,4.000000,4.000000,4.000000,4.000000,4.000000,4.000000,4.000000,4.000000,4.000000,4.000000,4.000000,100.000000,,,,,,,,,,,,,,,,,,,,,,,,,,,,,,,,,,,,,,,,,,,,,,,,,,,,,,,,,,,,,,,,,,,,,,,,,,,,,,,,,,,,,,
1676060263.684237,1676060263.684867,52.000000,0.000000,4291.794922,4295.256348,4293.717773,4325.384766,4321.410156,4306.666504,4293.589844,4307.820313,4284.102539,4277.563965,4380.512695,4499.102539,4351.410156,4411.410156,0.000000,4.000000,85.000000,,,,0.000000,4.000000,4.000000,4.000000,4.000000,4.000000,4.000000,4.000000,4.000000,4.000000,4.000000,4.000000,4.000000,4.000000,4.000000,100.000000,,,,,,,,,,,,,,,,,,,,,,,,,,,,,,,,,,,,,,,,,,,,,,,,,,,,,,,,,,,,,,,,,,,,,,,,,,,,,,,,,,,,,,
1676060263.692046,1676060263.692676,53.000000,0.000000,4295.769043,4304.358887,4299.358887,4329.871582,4330.769043,4305.256348,4302.051270,4309.102539,4294.615234,4278.974121,4385.256348,4500.769043,4350.384766,4423.077148,0.000000,4.000000,85.000000,,,,0.000000,4.000000,4.000000,4.000000,4.000000,4.000000,4.000000,4.000000,4.000000,4.000000,4.000000,4.000000,4.000000,4.000000,4.000000,100.000000,,,,,,,,,,,,,,,,,,,,,,,,,,,,,,,,,,,,,,,,,,,,,,,,,,,,,,,,,,,,,,,,,,,,,,,,,,,,,,,,,,,,,,
1676060263.699854,1676060263.700384,54.000000,0.000000,4309.871582,4317.563965,4314.230957,4336.794922,4336.794922,4301.922852,4307.563965,4311.538574,4297.692383,4283.717773,4397.307617,4512.307617,4361.794922,4433.589844,0.000000,4.000000,85.000000,,,,0.000000,4.000000,4.000000,4.000000,4.000000,4.000000,4.000000,4.000000,4.000000,4.000000,4.000000,4.000000,4.000000,4.000000,4.000000,100.000000,,,,,,,,,,,,,,,,,,,,,,,,,,,,,,,,,,,,,,,,,,,,,,,,,,,,,,,,,,,,,,,,,,,,,,,,,,,,,,,,,,,,,,
1676060263.707662,1676060263.708193,55.000000,0.000000,4310.000000,4308.461426,4315.769043,4335.641113,4341.282227,4305.897461,4303.717773,4312.179688,4294.487305,4283.333496,4402.051270,4514.230957,4372.179688,4431.794922,0.000000,4.000000,85.000000,,,,0.000000,4.000000,4.000000,4.000000,4.000000,4.000000,4.000000,4.000000,4.000000,4.000000,4.000000,4.000000,4.000000,4.000000,4.000000,100.000000,,,,,,,,,,,,,,,,,,,,,,,,,,,,,,,,,,,,,,,,,,,,,,,,,,,,,,,,,,,,,,,,,,,,,,,,,,,,,,,,,,,,,,
1676060263.715471,1676060263.715901,56.000000,0.000000,4301.538574,4296.666504,4309.358887,4334.230957,4351.153809,4313.205078,4306.025879,4312.692383,4294.615234,4269.230957,4391.666504,4509.358887,4360.512695,4427.179688,0.000000,4.000000,85.000000,,,,0.000000,4.000000,4.000000,4.000000,4.000000,4.000000,4.000000,4.000000,4.000000,4.000000,4.000000,4.000000,4.000000,4.000000,4.000000,100.000000,,,,,,,,,,,,,,,,,,,,,,,,,,,,,,,,,,,,,,,,,,,,,,,,,,,,,,,,,,,,,,,,,,,,,,,,,,,,,,,,,,,,,,
1676060263.723279,1676060263.723710,57.000000,0.000000,4306.025879,4306.282227,4312.563965,4337.051270,4359.871582,4307.948730,4304.743652,4312.436035,4290.512695,4265.256348,4385.769043,4508.205078,4351.794922,4427.563965,0.000000,4.000000,85.000000,,,,0.000000,4.000000,4.000000,4.000000,4.000000,4.000000,4.000000,4.000000,4.000000,4.000000,4.000000,4.000000,4.000000,4.000000,4.000000,100.000000,,,,,,,,,,,,,,,,,,,,,,,,,,,,,,,,,,,,,,,,,,,,,,,,,,,,,,,,,,,,,,,,,,,,,,,,,,,,,,,,,,,,,,
1676060263.731088,1676060263.731418,58.000000,0.000000,4312.563965,4319.230957,4317.948730,4338.205078,4362.948730,4302.948730,4300.384766,4313.205078,4289.615234,4280.512695,4393.589844,4508.333496,4365.128418,4429.230957,0.000000,4.000000,85.000000,,,,0.000000,4.000000,4.000000,4.000000,4.000000,4.000000,4.000000,4.000000,4.000000,4.000000,4.000000,4.000000,4.000000,4.000000,4.000000,100.000000,,,,,,,,,,,,,,,,,,,,,,,,,,,,,,,,,,,,,,,,,,,,,,,,,,,,,,,,,,,,,,,,,,,,,,,,,,,,,,,,,,,,,,
1676060263.738896,1676060263.739227,59.000000,0.000000,4304.358887,4313.974121,4311.794922,4334.487305,4365.128418,4308.461426,4301.410156,4311.282227,4291.282227,4283.717773,4389.102539,4504.487305,4364.230957,4426.538574,0.000000,4.000000,85.000000,,,,0.000000,4.000000,4.000000,4.000000,4.000000,4.000000,4.000000,4.000000,4.000000,4.000000,4.000000,4.000000,4.000000,4.000000,4.000000,100.000000,,,,,,,,,,,,,,,,,,,,,,,,,,,,,,,,,,,,,,,,,,,,,,,,,,,,,,,,,,,,,,,,,,,,,,,,,,,,,,,,,,,,,,
1676060263.746704,1676060263.746935,60.000000,0.000000,4302.436035,4308.333496,4307.820313,4336.153809,4374.102539,4307.692383,4304.358887,4309.743652,4285.897461,4276.922852,4385.000000,4504.102539,4355.769043,4427.692383,0.000000,4.000000,85.000000,,,,0.000000,4.000000,4.000000,4.000000,4.000000,4.000000,4.000000,4.000000,4.000000,4.000000,4.000000,4.000000,4.000000,4.000000,4.000000,100.000000,,,,,,,,,,,,,,,,,,,,,,,,,,,,,,,,,,,,,,,,,,,,,,,,,,,,,,,,,,,,,,,,,,,,,,,,,,,,,,,,,,,,,,
1676060263.754513,1676060263.754744,61.000000,0.000000,4312.436035,4312.436035,4314.487305,4337.179688,4381.666504,4296.282227,4304.615234,4310.769043,4280.769043,4278.333496,4394.871582,4508.205078,4364.743652,4432.307617,0.000000,4.000000,85.000000,,,,0.000000,4.000000,4.000000,4.000000,4.000000,4.000000,4.000000,4.000000,4.000000,4.000000,4.000000,4.000000,4.000000,4.000000,4.000000,100.000000,,,,,,,,,,,,,,,,,,,,,,,,,,,,,,,,,,,,,,,,,,,,,,,,,,,,,,,,,,,,,,,,,,,,,,,,,,,,,,,,,,,,,,
1676060263.762321,1676060263.762452,62.000000,0.000000,4310.769043,4309.487305,4313.461426,4326.666504,4381.538574,4294.743652,4302.051270,4309.230957,4279.743652,4277.436035,4390.641113,4505.512695,4365.512695,4427.563965,0.000000,4.000000,85.000000,,,,0.000000,4.000000,4.000000,4.000000,4.000000,4.000000,4.000000,4.000000,4.000000,4.000000,4.000000,4.000000,4.000000,4.000000,4.000000,100.000000,,,,,,,,,,,,,,,,,1.923621,4.104757,2.300148,1.722160,1.004543,0.897437,2.325110,1.203508,1.890575,1.021494,2.143520,4.366524,2.205748,1.666831,1.019732,1.729492,2.631333,1.051920,1.596391,1.052139,0.616788,0.779599,0.639408,0.770653,0.481155,0.742851,0.617688,0.842002,0.669528,0.476653,0.904183,1.047378,1.160161,1.090795,0.740416,0.894688,1.474760,2.039880,1.382056,0.858886,0.953115,1.090065,2.043347,1.240056,0.761305,0.687700,2.040577,3.068638,1.820010,1.320537,57.022575,11.533734,13.927224,4.707870,1.614193,3.260199,5.057863,3.488775,2.475115,1.310172,1.479236,3.427455,2.794173,2.254759,1.390786,4.247083,4.890605,3.750219,2.584291,1.465329
1676060263.770129,1676060263.770261,63.000000,0.000000,4307.563965,4310.256348,4309.615234,4325.897461,4390.641113,4308.589844,4303.205078,4312.307617,4287.820313,4280.897461,4384.487305,4507.051270,4357.436035,4424.487305,0.000000,4.000000,85.000000,,,,0.000000,4.000000,4.000000,4.000000,4.000000,4.000000,4.000000,4.000000,4.000000,4.000000,4.000000,4.000000,4.000000,4.000000,4.000000,100.000000,,,,,,,,,,,,,,,,,,,,,,,,,,,,,,,,,,,,,,,,,,,,,,,,,,,,,,,,,,,,,,,,,,,,,,,,,,,,,,,,,,,,,,
1676060263.777938,1676060263.777969,64.000000,0.000000,4313.589844,4315.384766,4310.128418,4331.282227,4399.743652,4310.897461,4299.487305,4312.307617,4293.717773,4283.077148,4391.025879,4507.179688,4363.205078,4427.179688,2533.000000,4.000000,85.000000,,,,0.000000,4.000000,4.000000,4.000000,4.000000,4.000000,4.000000,4.000000,4.000000,4.000000,4.000000,4.000000,4.000000,4.000000,4.000000,100.000000,,,,,,,,,,,,,,,,,,,,,,,,,,,,,,,,,,,,,,,,,,,,,,,,,,,,,,,,,,,,,,,,,,,,,,,,,,,,,,,,,,,,,,
1676060263.785746,1676060263.785878,65.000000,0.000000,4305.641113,4311.666504,4303.461426,4323.717773,4396.410156,4303.333496,4292.051270,4303.205078,4282.948730,4265.000000,4387.820313,4495.384766,4367.051270,4423.333496,2484.000000,4.000000,85.000000,,,,0.000000,4.000000,4.000000,4.000000,4.000000,4.000000,4.000000,4.000000,4.000000,4.000000,4.000000,4.000000,4.000000,4.000000,4.000000,100.000000,,,,,,,,,,,,,,,,,,,,,,,,,,,,,,,,,,,,,,,,,,,,,,,,,,,,,,,,,,,,,,,,,,,,,,,,,,,,,,,,,,,,,,
1676060263.793555,1676060263.793686,66.000000,0.000000,4295.128418,4312.179688,4304.743652,4321.153809,4402.307617,4307.307617,4298.205078,4306.410156,4277.820313,4264.102539,4388.205078,4496.410156,4366.666504,4423.205078,2413.000000,4.000000,85.000000,,,,0.000000,4.000000,4.000000,4.000000,4.000000,4.000000,4.000000,4.000000,4.000000,4.000000,4.000000,4.000000,4.000000,4.000000,4.000000,100.000000,,,,,,,,,,,,,,,,,,,,,,,,,,,,,,,,,,,,,,,,,,,,,,,,,,,,,,,,,,,,,,,,,,,,,,,,,,,,,,,,,,,,,,
1676060263.801363,1676060263.801595,67.000000,0.000000,4294.487305,4304.230957,4308.333496,4318.846191,4408.846191,4304.871582,4301.025879,4307.948730,4282.307617,4281.025879,4391.922852,4498.205078,4364.358887,4417.563965,2466.000000,4.000000,85.000000,,,,0.000000,4.000000,4.000000,4.000000,4.000000,4.000000,4.000000,4.000000,4.000000,4.000000,4.000000,4.000000,4.000000,4.000000,4.000000,100.000000,,,,,,,,,,,,,,,,,,,,,,,,,,,,,,,,,,,,,,,,,,,,,,,,,,,,,,,,,,,,,,,,,,,,,,,,,,,,,,,,,,,,,,
1676060263.809171,1676060263.809403,68.000000,0.000000,4288.077148,4285.000000,4295.384766,4306.410156,4397.307617,4288.333496,4287.051270,4291.025879,4277.051270,4277.051270,4372.948730,4479.871582,4344.358887,4401.153809,2439.000000,4.000000,85.000000,,,,0.000000,4.000000,4.000000,4.000000,4.000000,4.000000,4.000000,4.000000,4.000000,4.000000,4.000000,4.000000,4.000000,4.000000,4.000000,100.000000,,,,,,,,,,,,,,,,,,,,,,,,,,,,,,,,,,,,,,,,,,,,,,,,,,,,,,,,,,,,,,,,,,,,,,,,,,,,,,,,,,,,,,
1676060263.816980,1676060263.817311,69.000000,0.000000,4294.743652,4297.820313,4301.153809,4316.282227,4403.717773,4294.615234,4291.025879,4297.692383,4284.102539,4276.282227,4381.282227,4492.051270,4351.538574,4419.743652,2386.000000,4.000000,85.000000,,,,0.000000,4.000000,4.000000,4.000000,4.000000,4.000000,4.000000,4.000000,4.000000,4.000000,4.000000,4.000000,4.000000,4.000000,4.000000,100.000000,,,,,,,,,,,,,,,,,,,,,,,,,,,,,,,,,,,,,,,,,,,,,,,,,,,,,,,,,,,,,,,,,,,,,,,,,,,,,,,,,,,,,,
1676060263.824788,1676060263.825120,70.000000,0.000000,4314.871582,4323.974121,4323.974121,4334.743652,4420.128418,4308.717773,4306.153809,4324.358887,4305.384766,4292.307617,4421.153809,4528.717773,4388.717773,4452.436035,2232.000000,4.000000,85.000000,,,,0.000000,4.000000,4.000000,4.000000,4.000000,4.000000,4.000000,4.000000,4.000000,4.000000,4.000000,4.000000,4.000000,4.000000,4.000000,100.000000,,,,,,,,,,,,,,,,,,,,,,,,,,,,,,,,,,,,,,,,,,,,,,,,,,,,,,,,,,,,,,,,,,,,,,,,,,,,,,,,,,,,,,
1676060263.832596,1676060263.833028,71.000000,0.000000,4306.666504,4308.717773,4312.563965,4321.538574,4408.205078,4296.538574,4295.128418,4316.666504,4298.589844,4284.358887,4410.384766,4515.512695,4379.743652,4432.436035,2226.000000,4.000000,85.000000,,,,0.000000,4.000000,4.000000,4.000000,4.000000,4.000000,4.000000,4.000000,4.000000,4.000000,4.000000,4.000000,4.000000,4.000000,4.000000,100.000000,,,,,,,,,,,,,,,,,,,,,,,,,,,,,,,,,,,,,,,,,,,,,,,,,,,,,,,,,,,,,,,,,,,,,,,,,,,,,,,,,,,,,,
1676060263.840405,1676060263.840837,72.000000,0.000000,4301.794922,4304.102539,4303.589844,4323.077148,4410.641113,4301.025879,4297.948730,4309.487305,4292.051270,4273.717773,4394.743652,4500.384766,4363.589844,4419.358887,2279.000000,4.000000,85.000000,,,,0.000000,4.000000,4.000000,4.000000,4.000000,4.000000,4.000000,4.000000,4.000000,4.000000,4.000000,4.000000,4.000000,4.000000,4.000000,100.000000,,,,,,,,,,,,,,,,,,,,,,,,,,,,,,,,,,,,,,,,,,,,,,,,,,,,,,,,,,,,,,,,,,,,,,,,,,,,,,,,,,,,,,
1676060263.848213,1676060263.848745,73.000000,0.000000,4324.358887,4332.820313,4325.256348,4345.897461,4431.666504,4323.333496,4319.871582,4328.077148,4305.641113,4286.922852,4421.538574,4521.922852,4388.333496,4448.717773,2239.000000,4.000000,85.000000,,,,0.000000,4.000000,4.000000,4.000000,4.000000,4.000000,4.000000,4.000000,4.000000,4.000000,4.000000,4.000000,4.000000,4.000000,4.000000,100.000000,,,,,,,,,,,,,,,,,,,,,,,,,,,,,,,,,,,,,,,,,,,,,,,,,,,,,,,,,,,,,,,,,,,,,,,,,,,,,,,,,,,,,,
1676060263.856022,1676060263.856553,74.000000,0.000000,4323.333496,4322.692383,4323.205078,4330.897461,4417.051270,4310.641113,4308.205078,4316.922852,4296.794922,4284.487305,4420.897461,4514.487305,4386.410156,4445.512695,2717.000000,4.000000,85.000000,,,,0.000000,4.000000,4.000000,4.000000,4.000000,4.000000,4.000000,4.000000,4.000000,4.000000,4.000000,4.000000,4.000000,4.000000,4.000000,100.000000,,,,,,,,,,,,,,,,,,,,,,,,,,,,,,,,,,,,,,,,,,,,,,,,,,,,,,,,,,,,,,,,,,,,,,,,,,,,,,,,,,,,,,
1676060263.863830,1676060263.864462,75.000000,0.000000,4303.974121,4291.025879,4303.461426,4305.641113,4392.307617,4287.948730,4288.589844,4293.717773,4282.563965,4272.307617,4401.025879,4494.487305,4355.256348,4418.846191,2922.000000,4.000000,85.000000,,,,0.000000,4.000000,4.000000,4.000000,4.000000,4.000000,4.000000,4.000000,4.000000,4.000000,4.000000,4.000000,4.000000,4.000000,4.000000,100.000000,,,,,,,,,,,,,,,,,,,,,,,,,,,,,,,,,,,,,,,,,,,,,,,,,,,,,,,,,,,,,,,,,,,,,,,,,,,,,,,,,,,,,,
1676060263.871638,1676060263.872270,76.000000,0.000000,4308.205078,4298.846191,4306.922852,4313.461426,4397.051270,4295.769043,4298.974121,4305.128418,4292.436035,4275.384766,4417.051270,4505.256348,4358.974121,4424.230957,3134.000000,4.000000,85.000000,,,,0.000000,4.000000,4.000000,4.000000,4.000000,4.000000,4.000000,4.000000,4.000000,4.000000,4.000000,4.000000,4.000000,4.000000,4.000000,100.000000,,,,,,,,,,,,,,,,,,,,,,,,,,,,,,,,,,,,,,,,,,,,,,,,,,,,,,,,,,,,,,,,,,,,,,,,,,,,,,,,,,,,,,
1676060263.879447,1676060263.879979,77.000000,0.000000,4319.487305,4320.897461,4319.487305,4327.820313,4408.461426,4306.538574,4309.615234,4323.717773,4302.563965,4280.897461,4447.179688,4517.820313,4378.846191,4440.384766,3229.000000,4.000000,85.000000,,,,0.000000,4.000000,4.000000,4.000000,4.000000,4.000000,4.000000,4.000000,4.000000,4.000000,4.000000,4.000000,4.000000,4.000000,4.000000,100.000000,,,,,,,,,,,,,,,,,,,,,,,,,,,,,,,,,,,,,,,,,,,,,,,,,,,,,,,,,,,,,,,,,,,,,,,,,,,,,,,,,,,,,,
1676060263.887255,1676060263.887787,78.000000,0.000000,4308.205078,4312.307617,4309.871582,4321.666504,4401.410156,4297.051270,4298.974121,4312.563965,4294.871582,4274.230957,4446.538574,4505.000000,4368.205078,4431.922852,2717.000000,4.000000,85.000000,,,,0.000000,4.000000,4.000000,4.000000,4.000000,4.000000,4.000000,4.000000,4.000000,4.000000,4.000000,4.000000,4.000000,4.000000,4.000000,100.000000,1.000000,41.666668,4.000000,4.000000,3.000000,4.000000,4.000000,4.000000,4.000000,4.000000,4.000000,1.000000,1.000000,3.000000,3.000000,3.000000,2.492365,4.093038,2.354837,1.521970,0.916413,0.994847,2.291224,1.322584,1.687076,0.964763,2.491064,4.175716,2.384119,1.449550,0.881398,2.059817,2.548789,1.162753,1.399930,0.953482,0.556337,0.728309,0.598375,0.640352,0.426366,0.530063,0.631521,0.777760,0.579107,0.446403,0.857506,1.106921,1.103537,0.962744,0.680759,1.047042,1.634674,1.869207,1.214100,0.782039,1.092686,1.056647,1.971169,1.146970,0.727319,0.740259,2.068898,2.859258,1.766423,1.289865,55.794147,11.168371,13.558675,4.264977,1.468148,3.888480,4.862226,3.706529,2.250837,1.169202,1.765877,3.338120,3.093218,2.030004,1.239854,4.899845,4.641368,3.975420,2.332569,1.375959
1676060263.895064,1676060263.895496,79.000000,0.000000,4290.641113,4292.051270,4287.948730,4305.897461,4387.820313,4290.641113,4288.077148,4292.948730,4280.897461,4259.487305,4425.384766,4486.153809,4345.897461,4411.538574,2922.000000,4.000000,85.000000,,,,0.000000,4.000000,4.000000,4.000000,4.000000,4.000000,4.000000,4.000000,4.000000,4.000000,4.000000,4.000000,4.000000,4.000000,4.000000,100.000000,,,,,,,,,,,,,,,,,,,,,,,,,,,,,,,,,,,,,,,,,,,,,,,,,,,,,,,,,,,,,,,,,,,,,,,,,,,,,,,,,,,,,,
1676060263.902872,1676060263.903304,80.000000,0.000000,4295.769043,4299.230957,4294.358887,4307.436035,4388.846191,4299.358887,4294.871582,4300.384766,4283.205078,4263.077148,4429.102539,4491.282227,4351.922852,4413.205078,3134.000000,4.000000,85.000000,,,,0.000000,4.000000,4.000000,4.000000,4.000000,4.000000,4.000000,4.000000,4.000000,4.000000,4.000000,4.000000,4.000000,4.000000,4.000000,100.000000,,,,,,,,,,,,,,,,,,,,,,,,,,,,,,,,,,,,,,,,,,,,,,,,,,,,,,,,,,,,,,,,,,,,,,,,,,,,,,,,,,,,,,
1676060263.910680,1676060263.911013,81.000000,0.000000,4309.358887,4316.538574,4313.974121,4319.102539,4397.948730,4306.153809,4303.846191,4313.333496,4293.077148,4273.846191,4444.102539,4506.794922,4367.948730,4428.333496,3229.000000,4.000000,85.000000,,,,0.000000,4.000000,4.000000,4.000000,4.000000,4.000000,4.000000,4.000000,4.000000,4.000000,4.000000,4.000000,4.000000,4.000000,4.000000,100.000000,,,,,,,,,,,,,,,,,,,,,,,,,,,,,,,,,,,,,,,,,,,,,,,,,,,,,,,,,,,,,,,,,,,,,,,,,,,,,,,,,,,,,,
1676060263.918489,1676060263.918821,82.000000,0.000000,4300.128418,4305.384766,4304.230957,4307.820313,4390.256348,4301.922852,4295.128418,4299.871582,4281.025879,4251.922852,4423.974121,4495.256348,4355.384766,4417.179688,2717.000000,4.000000,85.000000,,,,0.000000,4.000000,4.000000,4.000000,4.000000,4.000000,4.000000,4.000000,4.000000,4.000000,4.000000,4.000000,4.000000,4.000000,4.000000,100.000000,,,,,,,,,,,,,,,,,,,,,,,,,,,,,,,,,,,,,,,,,,,,,,,,,,,,,,,,,,,,,,,,,,,,,,,,,,,,,,,,,,,,,,
1676060263.926297,1676060263.926530,83.000000,0.000000,4286.282227,4286.410156,4293.461426,4296.666504,4378.717773,4301.538574,4291.410156,4291.538574,4268.461426,4239.615234,4405.384766,4480.000000,4344.487305,4402.051270,2922.000000,4.000000,85.000000,,,,0.000000,4.000000,4.000000,4.000000,4.000000,4.000000,4.000000,4.000000,4.000000,4.000000,4.000000,4.000000,4.000000,4.000000,4.000000,100.000000,,,,,,,,,,,,,,,,,,,,,,,,,,,,,,,,,,,,,,,,,,,,,,,,,,,,,,,,,,,,,,,,,,,,,,,,,,,,,,,,,,,,,,
1676060263.934106,1676060263.934338,84.000000,0.000000,4299.358887,4296.410156,4315.384766,4312.820313,4383.717773,4306.794922,4308.589844,4316.410156,4293.333496,4276.410156,4431.282227,4498.077148,4364.102539,4423.717773,3134.000000,4.000000,85.000000,,,,0.000000,4.000000,4.000000,4.000000,4.000000,4.000000,4.000000,4.000000,4.000000,4.000000,4.000000,4.000000,4.000000,4.000000,4.000000,100.000000,,,,,,,,,,,,,,,,,,,,,,,,,,,,,,,,,,,,,,,,,,,,,,,,,,,,,,,,,,,,,,,,,,,,,,,,,,,,,,,,,,,,,,
1676060263.941914,1676060263.942047,85.000000,0.000000,4302.820313,4297.692383,4316.538574,4309.102539,4377.051270,4297.436035,4306.282227,4322.051270,4301.538574,4288.077148,4433.846191,4495.384766,4361.666504,4428.974121,3229.000000,4.000000,85.000000,,,,0.000000,4.000000,4.000000,4.000000,4.000000,4.000000,4.000000,4.000000,4.000000,4.000000,4.000000,4.000000,4.000000,4.000000,4.000000,100.000000,,,,,,,,,,,,,,,,,,,,,,,,,,,,,,,,,,,,,,,,,,,,,,,,,,,,,,,,,,,,,,,,,,,,,,,,,,,,,,,,,,,,,,
1676060263.949722,1676060263.949955,86.000000,0.000000,4289.102539,4279.743652,4293.461426,4286.922852,4362.436035,4287.051270,4291.794922,4303.205078,4279.743652,4259.230957,4407.436035,4470.128418,4341.025879,4407.307617,2717.000000,4.000000,85.000000,,,,0.000000,4.000000,4.000000,4.000000,4.000000,4.000000,4.000000,4.000000,4.000000,4.000000,4.000000,4.000000,4.000000,4.000000,4.000000,100.000000,,,,,,,,,,,,,,,,,,,,,,,,,,,,,,,,,,,,,,,,,,,,,,,,,,,,,,,,,,,,,,,,,,,,,,,,,,,,,,,,,,,,,,
1676060263.957531,1676060263.957763,87.000000,0.000000,4292.820313,4283.333496,4300.000000,4293.461426,4369.358887,4296.922852,4301.922852,4307.436035,4287.051270,4263.717773,4421.153809,4480.384766,4351.666504,4415.256348,2922.000000,4.000000,85.000000,,,,0.000000,4.000000,4.000000,4.000000,4.000000,4.000000,4.000000,4.000000,4.000000,4.000000,4.000000,4.000000,4.000000,4.000000,4.000000,100.000000,,,,,,,,,,,,,,,,,,,,,,,,,,,,,,,,,,,,,,,,,,,,,,,,,,,,,,,,,,,,,,,,,,,,,,,,,,,,,,,,,,,,,,
1676060263.965339,1676060263.965672,88.000000,0.000000,4306.794922,4301.025879,4317.563965,4309.358887,4378.974121,4307.051270,4312.948730,4324.743652,4308.589844,4291.794922,4448.589844,4504.358887,4375.897461,4438.717773,3134.000000,4.000000,85.000000,,,,0.000000,4.000000,4.000000,4.000000,4.000000,4.000000,4.000000,4.000000,4.000000,4.000000,4.000000,4.000000,4.000000,4.000000,4.000000,100.000000,,,,,,,,,,,,,,,,,,,,,,,,,,,,,,,,,,,,,,,,,,,,,,,,,,,,,,,,,,,,,,,,,,,,,,,,,,,,,,,,,,,,,,
1676060263.973147,1676060263.973480,89.000000,0.000000,4304.615234,4299.743652,4307.820313,4302.051270,4370.128418,4301.282227,4301.922852,4324.487305,4301.153809,4284.102539,4436.538574,4494.230957,4372.051270,4431.922852,3229.000000,4.000000,85.000000,,,,0.000000,4.000000,4.000000,4.000000,4.000000,4.000000,4.000000,4.000000,4.000000,4.000000,4.000000,4.000000,4.000000,4.000000,4.000000,100.000000,,,,,,,,,,,,,,,,,,,,,,,,,,,,,,,,,,,,,,,,,,,,,,,,,,,,,,,,,,,,,,,,,,,,,,,,,,,,,,,,,,,,,,
1676060263.980956,1676060263.981389,90.000000,0.000000,4283.333496,4285.128418,4289.487305,4284.358887,4356.794922,4293.205078,4291.282227,4310.641113,4284.358887,4255.128418,4408.717773,4470.000000,4344.358887,4407.179688,2717.000000,4.000000,85.000000,,,,0.000000,4.000000,4.000000,4.000000,4.000000,4.000000,4.000000,4.000000,4.000000,4.000000,4.000000,4.000000,4.000000,4.000000,4.000000,100.000000,,,,,,,,,,,,,,,,,,,,,,,,,,,,,,,,,,,,,,,,,,,,,,,,,,,,,,,,,,,,,,,,,,,,,,,,,,,,,,,,,,,,,,
1676060263.988764,1676060263.989197,91.000000,0.000000,4283.589844,4290.256348,4293.846191,4281.410156,4355.897461,4296.922852,4297.692383,4310.512695,4291.666504,4260.128418,4415.512695,4474.230957,4345.641113,4408.461426,2922.000000,4.000000,85.000000,,,,0.000000,4.000000,4.000000,4.000000,4.000000,4.000000,4.000000,4.000000,4.000000,4.000000,4.000000,4.000000,4.000000,4.000000,4.000000,100.000000,,,,,,,,,,,,,,,,,,,,,,,,,,,,,,,,,,,,,,,,,,,,,,,,,,,,,,,,,,,,,,,,,,,,,,,,,,,,,,,,,,,,,,
1676060263.996573,1676060263.997105,92.000000,0.000000,4295.384766,4296.153809,4299.871582,4283.461426,4352.563965,4295.128418,4296.538574,4315.641113,4295.512695,4280.384766,4428.333496,4480.512695,4362.948730,4415.512695,3134.000000,4.000000,85.000000,,,,0.000000,4.000000,4.000000,4.000000,4.000000,4.000000,4.000000,4.000000,4.000000,4.000000,4.000000,4.000000,4.000000,4.000000,4.000000,100.000000,,,,,,,,,,,,,,,,,,,,,,,,,,,,,,,,,,,,,,,,,,,,,,,,,,,,,,,,,,,,,,,,,,,,,,,,,,,,,,,,,,,,,,
1676060264.004381,1676060264.004914,93.000000,0.000000,4273.333496,4275.128418,4281.282227,4271.025879,4340.769043,4283.461426,4280.128418,4306.410156,4275.897461,4266.025879,4408.333496,4458.974121,4341.410156,4391.282227,3229.000000,4.000000,85.000000,,,,0.000000,4.000000,4.000000,4.000000,4.000000,4.000000,4.000000,4.000000,4.000000,4.000000,4.000000,4.000000,4.000000,4.000000,4.000000,100.000000,,,,,,,,,,,,,,,,,,,,,,,,,,,,,,,,,,,,,,,,,,,,,,,,,,,,,,,,,,,,,,,,,,,,,,,,,,,,,,,,,,,,,,
1676060264.012189,1676060264.012822,94.000000,0.000000,4266.282227,4275.128418,4282.692383,4274.102539,4347.051270,4289.358887,4288.333496,4313.589844,4279.487305,4256.282227,4415.897461,4462.563965,4332.948730,4392.692383,2717.000000,4.000000,85.000000,,,,0.000000,4.000000,4.000000,4.000000,4.000000,4.000000,4.000000,4.000000,4.000000,4.000000,4.000000,4.000000,4.000000,4.000000,4.000000,100.000000,,,,,,,,,,,,,,,,,2.972286,3.982937,2.466050,1.387214,0.865882,1.324059,2.265061,1.472160,1.533591,0.939823,2.793551,3.822267,2.669132,1.300498,0.783563,2.651162,2.325770,1.341678,1.272585,0.872278,0.502984,0.700324,0.602623,0.566509,0.383129,0.399117,0.635472,0.741310,0.541238,0.428320,0.845047,1.171432,1.116294,0.894167,0.640612,1.194335,1.730938,1.805595,1.100170,0.710491,1.198214,1.021312,2.081995,1.130027,0.721456,0.760091,1.924623,2.566116,1.782761,1.281096,47.063263,9.730472,12.205194,3.630211,1.364613,4.408321,4.333571,4.058209,2.097599,1.080889,2.158047,3.167572,3.672295,1.883897,1.152312,5.341154,4.498807,4.490907,2.142424,1.312927
1676060264.019998,1676060264.020631,95.000000,0.000000,4296.025879,4301.922852,4307.692383,4294.230957,4360.000000,4304.615234,4313.205078,4339.358887,4305.000000,4281.153809,4452.307617,4495.128418,4364.102539,4427.820313,2922.000000,4.000000,85.000000,,,,0.000000,4.000000,4.000000,4.000000,4.000000,4.000000,4.000000,4.000000,4.000000,4.000000,4.000000,4.000000,4.000000,4.000000,4.000000,100.000000,,,,,,,,,,,,,,,,,,,,,,,,,,,,,,,,,,,,,,,,,,,,,,,,,,,,,,,,,,,,,,,,,,,,,,,,,,,,,,,,,,,,,,
1676060264.027806,1676060264.028539,96.000000,0.000000,4298.333496,4296.153809,4308.077148,4291.538574,4353.077148,4303.205078,4310.000000,4339.230957,4305.384766,4284.487305,4454.871582,4493.846191,4367.436035,4421.922852,3134.000000,4.000000,85.000000,,,,0.000000,4.000000,4.000000,4.000000,4.000000,4.000000,4.000000,4.000000,4.000000,4.000000,4.000000,4.000000,4.000000,4.000000,4.000000,100.000000,,,,,,,,,,,,,,,,,,,,,,,,,,,,,,,,,,,,,,,,,,,,,,,,,,,,,,,,,,,,,,,,,,,,,,,,,,,,,,,,,,,,,,
1676060264.035614,1676060264.036347,97.000000,0.000000,4279.743652,4274.487305,4300.128418,4285.384766,4350.384766,4305.256348,4300.512695,4325.641113,4298.461426,4269.615234,4448.846191,4480.128418,4351.282227,4399.871582,3229.000000,4.000000,85.000000,,,,0.000000,4.000000,4.000000,4.000000,4.000000,4.000000,4.000000,4.000000,4.000000,4.000000,4.000000,4.000000,4.000000,4.000000,4.000000,100.000000,,,,,,,,,,,,,,,,,,,,,,,,,,,,,,,,,,,,,,,,,,,,,,,,,,,,,,,,,,,,,,,,,,,,,,,,,,,,,,,,,,,,,,
1676060264.043423,1676060264.044256,98.000000,0.000000,4290.384766,4282.307617,4314.102539,4295.128418,4357.051270,4318.717773,4314.230957,4334.615234,4310.897461,4282.948730,4462.307617,4490.256348,4359.230957,4417.948730,2717.000000,4.000000,85.000000,,,,0.000000,4.000000,4.000000,4.000000,4.000000,4.000000,4.000000,4.000000,4.000000,4.000000,4.000000,4.000000,4.000000,4.000000,4.000000,100.000000,,,,,,,,,,,,,,,,,,,,,,,,,,,,,,,,,,,,,,,,,,,,,,,,,,,,,,,,,,,,,,,,,,,,,,,,,,,,,,,,,,,,,,
1676060264.051231,1676060264.052064,99.000000,0.000000,4300.769043,4287.692383,4317.179688,4289.230957,4346.410156,4314.487305,4314.743652,4336.025879,4307.948730,4283.717773,4456.922852,4487.948730,4362.948730,4428.589844,2922.000000,4.000000,85.000000,,,,0.000000,4.000000,4.000000,4.000000,4.000000,4.000000,4.000000,4.000000,4.000000,4.000000,4.000000,4.000000,4.000000,4.000000,4.000000,100.000000,,,,,,,,,,,,,,,,,,,,,,,,,,,,,,,,,,,,,,,,,,,,,,,,,,,,,,,,,,,,,,,,,,,,,,,,,,,,,,,,,,,,,,
1676060264.059039,1676060264.059773,100.000000,0.000000,4292.436035,4271.538574,4301.922852,4276.922852,4335.897461,4300.641113,4297.051270,4315.641113,4288.461426,4256.666504,4436.410156,4470.128418,4350.641113,4412.692383,3134.000000,4.000000,85.000000,,,,0.000000,4.000000,4.000000,4.000000,4.000000,4.000000,4.000000,4.000000,4.000000,4.000000,4.000000,4.000000,4.000000,4.000000,4.000000,100.000000,,,,,,,,,,,,,,,,,,,,,,,,,,,,,,,,,,,,,,,,,,,,,,,,,,,,,,,,,,,,,,,,,,,,,,,,,,,,,,,,,,,,,,
1676060264.066848,1676060264.067581,101.000000,0.000000,4295.512695,4273.846191,4302.948730,4290.128418,4344.102539,4306.025879,4301.410156,4310.256348,4288.846191,4260.769043,4441.153809,4471.153809,4350.897461,4418.589844,3229.000000,4.000000,85.000000,,,,0.000000,4.000000,4.000000,4.000000,4.000000,4.000000,4.000000,4.000000,4.000000,4.000000,4.000000,4.000000,4.000000,4.000000,4.000000,100.000000,,,,,,,,,,,,,,,,,,,,,,,,,,,,,,,,,,,,,,,,,,,,,,,,,,,,,,,,,,,,,,,,,,,,,,,,,,,,,,,,,,,,,,
1676060264.074656,1676060264.075290,102.000000,0.000000,4303.974121,4295.384766,4312.820313,4300.769043,4348.077148,4315.769043,4313.846191,4320.769043,4298.333496,4286.410156,4453.205078,4478.974121,4361.794922,4434.487305,2717.000000,4.000000,85.000000,,,,0.000000,4.000000,4.000000,4.000000,4.000000,4.000000,4.000000,4.000000,4.000000,4.000000,4.000000,4.000000,4.000000,4.000000,4.000000,100.000000,,,,,,,,,,,,,,,,,,,,,,,,,,,,,,,,,,,,,,,,,,,,,,,,,,,,,,,,,,,,,,,,,,,,,,,,,,,,,,,,,,,,,,
1676060264.082465,1676060264.083198,103.000000,0.000000,4299.230957,4293.205078,4310.000000,4287.436035,4335.769043,4310.128418,4305.000000,4315.897461,4290.256348,4282.179688,4448.077148,4476.410156,4364.358887,4428.589844,2922.000000,4.000000,85.000000,,,,0.000000,4.000000,4.000000,4.000000,4.000000,4.000000,4.000000,4.000000,4.000000,4.000000,4.000000,4.000000,4.000000,4.000000,4.000000,100.000000,,,,,,,,,,,,,,,,,,,,,,,,,,,,,,,,,,,,,,,,,,,,,,,,,,,,,,,,,,,,,,,,,,,,,,,,,,,,,,,,,,,,,,
1676060264.090273,1676060264.091007,104.000000,0.000000,4296.666504,4278.333496,4306.922852,4278.717773,4330.641113,4300.769043,4294.743652,4307.820313,4283.333496,4267.948730,4445.000000,4478.461426,4361.153809,4424.358887,3134.000000,4.000000,85.000000,,,,0.000000,4.000000,4.000000,4.000000,4.000000,4.000000,4.000000,4.000000,4.000000,4.000000,4.000000,4.000000,4.000000,4.000000,4.000000,100.000000,,,,,,,,,,,,,,,,,,,,,,,,,,,,,,,,,,,,,,,,,,,,,,,,,,,,,,,,,,,,,,,,,,,,,,,,,,,,,,,,,,,,,,
1676060264.098081,1676060264.098915,105.000000,0.000000,4298.205078,4279.743652,4304.871582,4281.025879,4331.666504,4295.512695,4293.333496,4314.615234,4288.589844,4262.820313,4446.282227,4477.436035,4358.717773,4427.307617,3229.000000,4.000000,85.000000,,,,0.000000,4.000000,4.000000,4.000000,4.000000,4.000000,4.000000,4.000000,4.000000,4.000000,4.000000,4.000000,4.000000,4.000000,4.000000,100.000000,,,,,,,,,,,,,,,,,,,,,,,,,,,,,,,,,,,,,,,,,,,,,,,,,,,,,,,,,,,,,,,,,,,,,,,,,,,,,,,,,,,,,,
1676060264.105890,1676060264.106723,106.000000,0.000000,4297.179688,4288.846191,4301.025879,4283.846191,4329.102539,4292.820313,4291.153809,4317.820313,4293.077148,4264.230957,4446.282227,4471.922852,4362.179688,4427.307617,2717.000000,4.000000,85.000000,,,,0.000000,4.000000,4.000000,4.000000,4.000000,4.000000,4.000000,4.000000,4.000000,4.000000,4.000000,4.000000,4.000000,4.000000,4.000000,100.000000,,,,,,,,,,,,,,,,,,,,,,,,,,,,,,,,,,,,,,,,,,,,,,,,,,,,,,,,,,,,,,,,,,,,,,,,,,,,,,,,,,,,,,
1676060264.113698,1676060264.114532,107.000000,0.000000,4308.461426,4303.077148,4316.410156,4297.948730,4336.025879,4303.589844,4303.589844,4322.820313,4304.871582,4289.487305,4461.666504,4491.282227,4379.871582,4441.282227,2922.000000,4.000000,85.000000,,,,0.000000,4.000000,4.000000,4.000000,4.000000,4.000000,4.000000,4.000000,4.000000,4.000000,4.000000,4.000000,4.000000,4.000000,4.000000,100.000000,,,,,,,,,,,,,,,,,,,,,,,,,,,,,,,,,,,,,,,,,,,,,,,,,,,,,,,,,,,,,,,,,,,,,,,,,,,,,,,,,,,,,,
1676060264.121507,1676060264.122240,108.000000,0.000000,4326.410156,4317.820313,4338.205078,4315.000000,4348.333496,4319.102539,4323.846191,4338.461426,4321.538574,4310.384766,4484.230957,4515.384766,4396.282227,4459.615234,3134.000000,4.000000,85.000000,,,,0.000000,4.000000,4.000000,4.000000,4.000000,4.000000,4.000000,4.000000,4.000000,4.000000,4.000000,4.000000,4.000000,4.000000,4.000000,100.000000,,,,,,,,,,,,,,,,,,,,,,,,,,,,,,,,,,,,,,,,,,,,,,,,,,,,,,,,,,,,,,,,,,,,,,,,,,,,,,,,,,,,,,
1676060264.129315,1676060264.130049,109.000000,0.000000,4314.358887,4303.846191,4323.846191,4305.256348,4339.358887,4314.615234,4311.794922,4328.589844,4307.307617,4287.436035,4466.794922,4494.871582,4379.743652,4443.717773,3229.000000,4.000000,85.000000,,,,0.000000,4.000000,4.000000,4.000000,4.000000,4.000000,4.000000,4.000000,4.000000,4.000000,4.000000,4.000000,4.000000,4.000000,4.000000,100.000000,,,,,,,,,,,,,,,,,,,,,,,,,,,,,,,,,,,,,,,,,,,,,,,,,,,,,,,,,,,,,,,,,,,,,,,,,,,,,,,,,,,,,,
1676060264.137123,1676060264.137757,110.000000,0.000000,4292.307617,4286.538574,4300.512695,4288.077148,4322.563965,4305.128418,4290.384766,4304.358887,4285.256348,4265.128418,4436.794922,4464.743652,4356.538574,4418.717773,2717.000000,4.000000,85.000000,,,,0.000000,4.000000,4.000000,4.000000,4.000000,4.000000,4.000000,4.000000,4.000000,4.000000,4.000000,4.000000,4.000000,4.000000,4.000000,100.000000,,,,,,,,,,,,,,,,,3.232509,3.734885,2.592010,1.293902,0.854242,1.631743,2.184781,1.616003,1.426958,0.952294,2.996220,3.349134,2.967262,1.207490,0.725647,3.380650,1.994495,1.512709,1.202568,0.807618,0.459254,0.683721,0.637758,0.546451,0.356802,0.324341,0.622004,0.722613,0.549487,0.422290,0.841408,1.209354,1.155990,0.865064,0.614580,1.297492,1.740609,1.801282,1.030556,0.655136,1.260544,0.992227,2.279667,1.144629,0.746262,0.745318,1.617011,2.262733,1.803063,1.297920,33.959122,7.545456,10.311193,2.956106,1.312383,4.822669,3.622299,4.438225,1.987498,1.038658,2.504713,2.882382,4.309516,1.796381,1.153930,5.352483,4.345353,5.064055,1.992257,1.284959
1676060264.144932,1676060264.145566,111.000000,0.000000,4299.230957,4295.769043,4309.743652,4293.846191,4326.282227,4310.769043,4298.846191,4311.282227,4294.102539,4282.820313,4446.666504,4476.025879,4366.922852,4426.794922,2922.000000,4.000000,85.000000,,,,0.000000,4.000000,4.000000,4.000000,4.000000,4.000000,4.000000,4.000000,4.000000,4.000000,4.000000,4.000000,4.000000,4.000000,4.000000,100.000000,,,,,,,,,,,,,,,,,,,,,,,,,,,,,,,,,,,,,,,,,,,,,,,,,,,,,,,,,,,,,,,,,,,,,,,,,,,,,,,,,,,,,,
1676060264.152740,1676060264.153274,112.000000,0.000000,4302.563965,4291.794922,4312.436035,4293.846191,4329.230957,4310.256348,4303.077148,4318.846191,4294.230957,4289.102539,4451.410156,4483.846191,4367.820313,4429.358887,3134.000000,4.000000,85.000000,,,,0.000000,4.000000,4.000000,4.000000,4.000000,4.000000,4.000000,4.000000,4.000000,4.000000,4.000000,4.000000,4.000000,4.000000,4.000000,100.000000,,,,,,,,,,,,,,,,,,,,,,,,,,,,,,,,,,,,,,,,,,,,,,,,,,,,,,,,,,,,,,,,,,,,,,,,,,,,,,,,,,,,,,
1676060264.160549,1676060264.161083,113.000000,0.000000,4293.461426,4277.948730,4299.230957,4284.358887,4321.922852,4302.051270,4292.307617,4304.487305,4276.025879,4264.743652,4436.025879,4467.820313,4353.205078,4416.153809,3229.000000,4.000000,85.000000,,,,0.000000,4.000000,4.000000,4.000000,4.000000,4.000000,4.000000,4.000000,4.000000,4.000000,4.000000,4.000000,4.000000,4.000000,4.000000,100.000000,,,,,,,,,,,,,,,,,,,,,,,,,,,,,,,,,,,,,,,,,,,,,,,,,,,,,,,,,,,,,,,,,,,,,,,,,,,,,,,,,,,,,,
1676060264.168357,1676060264.168791,114.000000,0.000000,4304.102539,4289.358887,4313.333496,4292.563965,4327.179688,4310.256348,4302.436035,4308.077148,4284.358887,4259.358887,4444.230957,4474.743652,4364.871582,4427.179688,2717.000000,4.000000,85.000000,,,,0.000000,4.000000,4.000000,4.000000,4.000000,4.000000,4.000000,4.000000,4.000000,4.000000,4.000000,4.000000,4.000000,4.000000,4.000000,100.000000,,,,,,,,,,,,,,,,,,,,,,,,,,,,,,,,,,,,,,,,,,,,,,,,,,,,,,,,,,,,,,,,,,,,,,,,,,,,,,,,,,,,,,
1676060264.176165,1676060264.176700,115.000000,0.000000,4321.410156,4308.589844,4336.282227,4311.025879,4335.769043,4320.256348,4320.897461,4328.846191,4308.205078,4283.205078,4464.743652,4502.051270,4382.820313,4445.769043,2922.000000,4.000000,85.000000,,,,0.000000,4.000000,4.000000,4.000000,4.000000,4.000000,4.000000,4.000000,4.000000,4.000000,4.000000,4.000000,4.000000,4.000000,4.000000,100.000000,,,,,,,,,,,,,,,,,,,,,,,,,,,,,,,,,,,,,,,,,,,,,,,,,,,,,,,,,,,,,,,,,,,,,,,,,,,,,,,,,,,,,,
1676060264.183974,1676060264.184508,116.000000,0.000000,4326.410156,4314.230957,4337.563965,4316.410156,4332.692383,4313.461426,4319.615234,4331.794922,4308.205078,4291.794922,4468.717773,4510.384766,4385.641113,4449.358887,3134.000000,4.000000,85.000000,,,,0.000000,4.000000,4.000000,4.000000,4.000000,4.000000,4.000000,4.000000,4.000000,4.000000,4.000000,4.000000,4.000000,4.000000,4.000000,100.000000,,,,,,,,,,,,,,,,,,,,,,,,,,,,,,,,,,,,,,,,,,,,,,,,,,,,,,,,,,,,,,,,,,,,,,,,,,,,,,,,,,,,,,
1676060264.191782,1676060264.192416,117.000000,0.000000,4318.077148,4306.153809,4325.512695,4304.871582,4323.717773,4303.077148,4304.871582,4318.846191,4295.769043,4273.974121,4460.641113,4497.692383,4379.102539,4446.794922,3229.000000,4.000000,85.000000,,,,0.000000,4.000000,4.000000,4.000000,4.000000,4.000000,4.000000,4.000000,4.000000,4.000000,4.000000,4.000000,4.000000,4.000000,4.000000,100.000000,,,,,,,,,,,,,,,,,,,,,,,,,,,,,,,,,,,,,,,,,,,,,,,,,,,,,,,,,,,,,,,,,,,,,,,,,,,,,,,,,,,,,,
1676060264.199591,1676060264.200225,118.000000,0.000000,4305.256348,4292.436035,4311.153809,4290.769043,4315.512695,4300.897461,4294.743652,4307.692383,4290.641113,4269.743652,4453.846191,4481.282227,4372.307617,4435.769043,2717.000000,4.000000,85.000000,,,,0.000000,4.000000,4.000000,4.000000,4.000000,4.000000,4.000000,4.000000,4.000000,4.000000,4.000000,4.000000,4.000000,4.000000,4.000000,100.000000,,,,,,,,,,,,,,,,,,,,,,,,,,,,,,,,,,,,,,,,,,,,,,,,,,,,,,,,,,,,,,,,,,,,,,,,,,,,,,,,,,,,,,
1676060264.207399,1676060264.208133,119.000000,0.000000,4303.846191,4293.461426,4308.717773,4290.128418,4310.641113,4304.743652,4297.307617,4307.948730,4294.230957,4277.692383,4454.230957,4475.384766,4374.102539,4425.256348,2922.000000,4.000000,85.000000,,,,0.000000,4.000000,4.000000,4.000000,4.000000,4.000000,4.000000,4.000000,4.000000,4.000000,4.000000,4.000000,4.000000,4.000000,4.000000,100.000000,,,,,,,,,,,,,,,,,,,,,,,,,,,,,,,,,,,,,,,,,,,,,,,,,,,,,,,,,,,,,,,,,,,,,,,,,,,,,,,,,,,,,,
1676060264.215207,1676060264.215942,120.000000,0.000000,4317.179688,4305.641113,4322.820313,4301.153809,4319.358887,4312.563965,4309.230957,4320.769043,4307.179688,4282.307617,4463.205078,4486.794922,4385.384766,4439.487305,3134.000000,4.000000,85.000000,,,,0.000000,4.000000,4.000000,4.000000,4.000000,4.000000,4.000000,4.000000,4.000000,4.000000,4.000000,4.000000,4.000000,4.000000,4.000000,100.000000,,,,,,,,,,,,,,,,,,,,,,,,,,,,,,,,,,,,,,,,,,,,,,,,,,,,,,,,,,,,,,,,,,,,,,,,,,,,,,,,,,,,,,
1676060264.223016,1676060264.223850,121.000000,0.000000,4316.922852,4302.307617,4325.769043,4303.589844,4327.179688,4317.051270,4309.230957,4324.871582,4309.102539,4283.846191,4460.000000,4489.230957,4379.230957,4446.794922,3229.000000,4.000000,85.000000,,,,0.000000,4.000000,4.000000,4.000000,4.000000,4.000000,4.000000,4.000000,4.000000,4.000000,4.000000,4.000000,4.000000,4.000000,4.000000,100.000000,,,,,,,,,,,,,,,,,,,,,,,,,,,,,,,,,,,,,,,,,,,,,,,,,,,,,,,,,,,,,,,,,,,,,,,,,,,,,,,,,,,,,,
1676060264.230824,1676060264.231659,122.000000,0.000000,4299.871582,4293.205078,4310.641113,4293.205078,4316.922852,4311.025879,4294.615234,4310.128418,4294.871582,4282.307617,4442.820313,4472.307617,4359.102539,4420.769043,2717.000000,4.000000,85.000000,,,,0.000000,4.000000,4.000000,4.000000,4.000000,4.000000,4.000000,4.000000,4.000000,4.000000,4.000000,4.000000,4.000000,4.000000,4.000000,100.000000,,,,,,,,,,,,,,,,,,,,,,,,,,,,,,,,,,,,,,,,,,,,,,,,,,,,,,,,,,,,,,,,,,,,,,,,,,,,,,,,,,,,,,
1676060264.238632,1676060264.239467,123.000000,0.000000,4297.692383,4296.153809,4306.282227,4288.717773,4307.436035,4305.128418,4291.922852,4305.769043,4293.077148,4274.487305,4442.692383,4471.410156,4364.358887,4415.128418,2922.000000,4.000000,85.000000,,,,0.000000,4.000000,4.000000,4.000000,4.000000,4.000000,4.000000,4.000000,4.000000,4.000000,4.000000,4.000000,4.000000,4.000000,4.000000,100.000000,,,,,,,,,,,,,,,,,,,,,,,,,,,,,,,,,,,,,,,,,,,,,,,,,,,,,,,,,,,,,,,,,,,,,,,,,,,,,,,,,,,,,,
1676060264.246441,1676060264.247275,124.000000,0.000000,4313.589844,4306.153809,4318.589844,4301.025879,4314.743652,4308.461426,4304.871582,4320.641113,4305.641113,4267.179688,4461.410156,4492.692383,4384.615234,4444.487305,3134.000000,4.000000,85.000000,,,,0.000000,4.000000,4.000000,4.000000,4.000000,4.000000,4.000000,4.000000,4.000000,4.000000,4.000000,4.000000,4.000000,4.000000,4.000000,100.000000,,,,,,,,,,,,,,,,,,,,,,,,,,,,,,,,,,,,,,,,,,,,,,,,,,,,,,,,,,,,,,,,,,,,,,,,,,,,,,,,,,,,,,
1676060264.254249,1676060264.254984,125.000000,0.000000,4320.000000,4309.615234,4327.692383,4310.512695,4318.589844,4312.179688,4308.974121,4327.563965,4306.025879,4276.410156,4465.897461,4496.922852,4385.128418,4448.846191,3229.000000,4.000000,85.000000,,,,0.000000,4.000000,4.000000,4.000000,4.000000,4.000000,4.000000,4.000000,4.000000,4.000000,4.000000,4.000000,4.000000,4.000000,4.000000,100.000000,,,,,,,,,,,,,,,,,,,,,,,,,,,,,,,,,,,,,,,,,,,,,,,,,,,,,,,,,,,,,,,,,,,,,,,,,,,,,,,,,,,,,,
1676060264.262058,1676060264.262792,126.000000,0.000000,4302.563965,4293.846191,4315.769043,4295.128418,4304.102539,4305.000000,4296.794922,4311.153809,4291.538574,4281.025879,4442.563965,4474.230957,4362.948730,4417.179688,2717.000000,4.000000,85.000000,,,,0.000000,4.000000,4.000000,4.000000,4.000000,4.000000,4.000000,4.000000,4.000000,4.000000,4.000000,4.000000,4.000000,4.000000,4.000000,100.000000,,,,,,,,,,,,,,,,,3.239592,3.382921,2.648130,1.191396,0.879247,1.794980,2.051240,1.709456,1.334402,1.004380,3.047391,2.866854,3.139901,1.123786,0.710189,4.126917,1.673247,1.594978,1.144437,0.762148,0.428185,0.670773,0.676367,0.552639,0.353461,0.289506,0.596039,0.711290,0.574378,0.428584,0.817723,1.208885,1.173856,0.834656,0.602328,1.328052,1.664719,1.791533,0.971590,0.630299,1.273734,0.981318,2.421006,1.128094,0.797399,0.712718,1.232285,1.994945,1.739493,1.339140,20.629997,5.214396,8.347301,2.361782,1.321241,5.113260,2.931297,4.672472,1.861580,1.039638,2.683846,2.499057,4.709910,1.713429,1.251333,4.900909,4.086794,5.369514,1.830459,1.302790
1676060264.269866,1676060264.270501,127.000000,0.000000,4297.948730,4285.769043,4306.025879,4287.436035,4301.410156,4306.153809,4300.000000,4308.846191,4291.794922,4277.179688,4437.820313,4471.153809,4362.051270,4415.128418,85.000000,4.000000,85.000000,,,,0.000000,4.000000,4.000000,4.000000,4.000000,4.000000,4.000000,4.000000,4.000000,4.000000,4.000000,4.000000,4.000000,4.000000,4.000000,100.000000,,,,,,,,,,,,,,,,,,,,,,,,,,,,,,,,,,,,,,,,,,,,,,,,,,,,,,,,,,,,,,,,,,,,,,,,,,,,,,,,,,,,,,
1676060264.277674,1676060264.278309,0.000000,0.000000,4316.538574,4303.333496,4322.436035,4306.538574,4317.820313,4317.820313,4318.077148,4331.410156,4311.153809,4286.025879,4468.333496,4495.256348,4387.307617,4447.563965,2503.000000,4.000000,85.000000,,,,0.000000,4.000000,4.000000,4.000000,4.000000,4.000000,4.000000,4.000000,4.000000,4.000000,4.000000,4.000000,4.000000,4.000000,4.000000,100.000000,,,,,,,,,,,,,,,,,,,,,,,,,,,,,,,,,,,,,,,,,,,,,,,,,,,,,,,,,,,,,,,,,,,,,,,,,,,,,,,,,,,,,,
1676060264.285483,1676060264.286018,1.000000,0.000000,4319.871582,4311.282227,4329.871582,4310.256348,4313.461426,4318.205078,4318.589844,4332.051270,4315.256348,4291.922852,4480.897461,4496.282227,4388.461426,4450.384766,2473.000000,4.000000,85.000000,,,,0.000000,4.000000,4.000000,4.000000,4.000000,4.000000,4.000000,4.000000,4.000000,4.000000,4.000000,4.000000,4.000000,4.000000,4.000000,100.000000,,,,,,,,,,,,,,,,,,,,,,,,,,,,,,,,,,,,,,,,,,,,,,,,,,,,,,,,,,,,,,,,,,,,,,,,,,,,,,,,,,,,,,
1676060264.293291,1676060264.293826,2.000000,0.000000,4307.563965,4297.307617,4315.256348,4292.692383,4295.128418,4308.846191,4305.769043,4312.179688,4296.410156,4277.820313,4474.871582,4473.205078,4368.717773,4427.051270,2393.000000,4.000000,85.000000,,,,0.000000,4.000000,4.000000,4.000000,4.000000,4.000000,4.000000,4.000000,4.000000,4.000000,4.000000,4.000000,4.000000,4.000000,4.000000,100.000000,,,,,,,,,,,,,,,,,,,,,,,,,,,,,,,,,,,,,,,,,,,,,,,,,,,,,,,,,,,,,,,,,,,,,,,,,,,,,,,,,,,,,,
1676060264.301099,1676060264.301535,3.000000,0.000000,4308.461426,4290.769043,4314.615234,4290.128418,4293.461426,4302.692383,4301.410156,4310.769043,4291.794922,4272.948730,4486.794922,4475.000000,4372.051270,4428.205078,2478.000000,4.000000,85.000000,,,,0.000000,4.000000,4.000000,4.000000,4.000000,4.000000,4.000000,4.000000,4.000000,4.000000,4.000000,4.000000,4.000000,4.000000,4.000000,100.000000,,,,,,,,,,,,,,,,,,,,,,,,,,,,,,,,,,,,,,,,,,,,,,,,,,,,,,,,,,,,,,,,,,,,,,,,,,,,,,,,,,,,,,
1676060264.308908,1676060264.309343,4.000000,0.000000,4303.461426,4286.922852,4313.974121,4289.358887,4290.512695,4298.077148,4298.077148,4308.589844,4296.153809,4277.307617,4490.769043,4479.102539,4377.179688,4430.128418,2423.000000,4.000000,85.000000,,,,0.000000,4.000000,4.000000,4.000000,4.000000,4.000000,4.000000,4.000000,4.000000,4.000000,4.000000,4.000000,4.000000,4.000000,4.000000,100.000000,,,,,,,,,,,,,,,,,,,,,,,,,,,,,,,,,,,,,,,,,,,,,,,,,,,,,,,,,,,,,,,,,,,,,,,,,,,,,,,,,,,,,,
1676060264.316716,1676060264.317052,5.000000,0.000000,4281.282227,4275.000000,4294.230957,4278.974121,4276.153809,4292.563965,4290.512695,4295.000000,4282.563965,4261.666504,4473.974121,4460.897461,4357.820313,4411.794922,2363.000000,4.000000,85.000000,,,,0.000000,4.000000,4.000000,4.000000,4.000000,4.000000,4.000000,4.000000,4.000000,4.000000,4.000000,4.000000,4.000000,4.000000,4.000000,100.000000,,,,,,,,,,,,,,,,,,,,,,,,,,,,,,,,,,,,,,,,,,,,,,,,,,,,,,,,,,,,,,,,,,,,,,,,,,,,,,,,,,,,,,
1676060264.324525,1676060264.324860,6.000000,0.000000,4280.769043,4277.948730,4293.717773,4288.717773,4277.436035,4294.615234,4294.358887,4302.692383,4277.436035,4255.769043,4475.897461,4464.615234,4357.563965,4410.128418,2209.000000,4.000000,85.000000,,,,0.000000,4.000000,4.000000,4.000000,4.000000,4.000000,4.000000,4.000000,4.000000,4.000000,4.000000,4.000000,4.000000,4.000000,4.000000,100.000000,,,,,,,,,,,,,,,,,,,,,,,,,,,,,,,,,,,,,,,,,,,,,,,,,,,,,,,,,,,,,,,,,,,,,,,,,,,,,,,,,,,,,,
1676060264.332333,1676060264.332569,7.000000,0.000000,4296.538574,4285.769043,4310.897461,4310.128418,4283.974121,4298.717773,4300.000000,4317.436035,4292.436035,4274.230957,4486.922852,4484.230957,4377.179688,4422.692383,2212.000000,4.000000,85.000000,,,,0.000000,4.000000,4.000000,4.000000,4.000000,4.000000,4.000000,4.000000,4.000000,4.000000,4.000000,4.000000,4.000000,4.000000,4.000000,100.000000,,,,,,,,,,,,,,,,,,,,,,,,,,,,,,,,,,,,,,,,,,,,,,,,,,,,,,,,,,,,,,,,,,,,,,,,,,,,,,,,,,,,,,
1676060264.340141,1676060264.340377,8.000000,0.000000,4297.948730,4277.692383,4310.000000,4317.692383,4277.692383,4301.410156,4298.461426,4310.256348,4295.769043,4284.358887,4477.692383,4482.051270,4372.436035,4418.846191,2259.000000,4.000000,85.000000,,,,0.000000,4.000000,4.000000,4.000000,4.000000,4.000000,4.000000,4.000000,4.000000,4.000000,4.000000,4.000000,4.000000,4.000000,4.000000,100.000000,,,,,,,,,,,,,,,,,,,,,,,,,,,,,,,,,,,,,,,,,,,,,,,,,,,,,,,,,,,,,,,,,,,,,,,,,,,,,,,,,,,,,,
1676060264.347950,1676060264.348086,9.000000,0.000000,4287.179688,4271.282227,4303.974121,4323.077148,4277.179688,4306.666504,4300.641113,4303.077148,4289.487305,4276.410156,4465.897461,4480.897461,4355.000000,4411.282227,2247.000000,4.000000,85.000000,,,,0.000000,4.000000,4.000000,4.000000,4.000000,4.000000,4.000000,4.000000,4.000000,4.000000,4.000000,4.000000,4.000000,4.000000,4.000000,100.000000,,,,,,,,,,,,,,,,,,,,,,,,,,,,,,,,,,,,,,,,,,,,,,,,,,,,,,,,,,,,,,,,,,,,,,,,,,,,,,,,,,,,,,
1676060264.355758,1676060264.355994,10.000000,0.000000,4296.153809,4287.692383,4318.077148,4340.512695,4290.897461,4310.641113,4314.230957,4318.974121,4299.871582,4278.589844,4482.179688,4507.563965,4371.282227,4429.871582,2715.000000,4.000000,85.000000,,,,0.000000,4.000000,4.000000,4.000000,4.000000,4.000000,4.000000,4.000000,4.000000,4.000000,4.000000,4.000000,4.000000,4.000000,4.000000,100.000000,,,,,,,,,,,,,,,,,,,,,,,,,,,,,,,,,,,,,,,,,,,,,,,,,,,,,,,,,,,,,,,,,,,,,,,,,,,,,,,,,,,,,,
1676060264.363567,1676060264.363803,11.000000,0.000000,4321.153809,4307.179688,4332.179688,4356.410156,4298.333496,4315.256348,4325.000000,4336.153809,4315.897461,4296.666504,4504.487305,4534.358887,4401.794922,4453.205078,2909.000000,4.000000,85.000000,,,,0.000000,4.000000,4.000000,4.000000,4.000000,4.000000,4.000000,4.000000,4.000000,4.000000,4.000000,4.000000,4.000000,4.000000,4.000000,100.000000,,,,,,,,,,,,,,,,,,,,,,,,,,,,,,,,,,,,,,,,,,,,,,,,,,,,,,,,,,,,,,,,,,,,,,,,,,,,,,,,,,,,,,
1676060264.371375,1676060264.371711,12.000000,0.000000,4313.589844,4293.717773,4318.461426,4346.922852,4285.128418,4311.922852,4309.487305,4321.666504,4300.512695,4288.717773,4487.436035,4523.974121,4384.743652,4439.743652,3112.000000,4.000000,85.000000,,,,0.000000,4.000000,4.000000,4.000000,4.000000,4.000000,4.000000,4.000000,4.000000,4.000000,4.000000,4.000000,4.000000,4.000000,4.000000,100.000000,,,,,,,,,,,,,,,,,,,,,,,,,,,,,,,,,,,,,,,,,,,,,,,,,,,,,,,,,,,,,,,,,,,,,,,,,,,,,,,,,,,,,,
1676060264.379183,1676060264.379520,13.000000,0.000000,4289.358887,4272.820313,4301.666504,4331.922852,4274.102539,4299.871582,4289.615234,4298.974121,4276.538574,4263.205078,4464.230957,4503.717773,4353.974121,4420.128418,3223.000000,4.000000,85.000000,,,,0.000000,4.000000,4.000000,4.000000,4.000000,4.000000,4.000000,4.000000,4.000000,4.000000,4.000000,4.000000,4.000000,4.000000,4.000000,100.000000,,,,,,,,,,,,,,,,,,,,,,,,,,,,,,,,,,,,,,,,,,,,,,,,,,,,,,,,,,,,,,,,,,,,,,,,,,,,,,,,,,,,,,
1676060264.386992,1676060264.387428,14.000000,0.000000,4298.205078,4283.205078,4308.077148,4340.000000,4280.897461,4295.256348,4295.641113,4309.358887,4288.589844,4267.820313,4481.794922,4516.538574,4363.717773,4427.563965,2715.000000,4.000000,85.000000,,,,0.000000,4.000000,4.000000,4.000000,4.000000,4.000000,4.000000,4.000000,4.000000,4.000000,4.000000,4.000000,4.000000,4.000000,4.000000,100.000000,1.000000,41.666668,4.000000,4.000000,3.000000,4.000000,3.000000,4.000000,4.000000,4.000000,4.000000,1.000000,1.000000,3.000000,3.000000,3.000000,3.031265,2.986823,2.578315,1.043077,0.928494,1.777173,1.868997,1.735187,1.224843,1.087104,2.905578,2.478091,3.091064,1.006764,0.734580,4.657660,1.444153,1.552359,1.057785,0.737500,0.392913,0.656279,0.702131,0.554077,0.373285,0.279537,0.575362,0.705935,0.585422,0.445669,0.747069,1.187174,1.153102,0.772787,0.604774,1.282280,1.535953,1.750644,0.889576,0.644626,1.245171,1.000989,2.425199,1.040225,0.862284,0.682313,0.886910,1.770347,1.551662,1.398847,10.601153,3.342000,6.679581,1.890392,1.388148,5.190741,2.400889,4.643791,1.673717,1.079248,2.629134,2.086067,4.688762,1.583916,1.416717,4.151740,3.704855,5.204950,1.615756,1.364720
1676060264.394800,1676060264.395236,15.000000,0.000000,4308.846191,4297.179688,4312.948730,4345.641113,4281.538574,4299.743652,4307.436035,4323.717773,4306.282227,4282.179688,4497.307617,4535.000000,4379.358887,4428.333496,2909.000000,4.000000,85.000000,,,,0.000000,4.000000,4.000000,4.000000,4.000000,4.000000,4.000000,4.000000,4.000000,4.000000,4.000000,4.000000,4.000000,4.000000,4.000000,100.000000,,,,,,,,,,,,,,,,,,,,,,,,,,,,,,,,,,,,,,,,,,,,,,,,,,,,,,,,,,,,,,,,,,,,,,,,,,,,,,,,,,,,,,
1676060264.402609,1676060264.403145,16.000000,0.000000,4298.717773,4295.769043,4309.487305,4340.000000,4277.051270,4305.897461,4308.589844,4321.538574,4303.205078,4279.358887,4494.102539,4535.128418,4377.436035,4433.333496,0.000000,4.000000,85.000000,,,,0.000000,4.000000,4.000000,4.000000,4.000000,4.000000,4.000000,4.000000,4.000000,4.000000,4.000000,4.000000,4.000000,4.000000,4.000000,100.000000,,,,,,,,,,,,,,,,,,,,,,,,,,,,,,,,,,,,,,,,,,,,,,,,,,,,,,,,,,,,,,,,,,,,,,,,,,,,,,,,,,,,,,
1676060264.410417,1676060264.410953,17.000000,0.000000,4303.205078,4293.461426,4317.307617,4342.692383,4281.153809,4306.025879,4310.897461,4326.410156,4303.461426,4281.794922,4506.538574,4538.077148,4378.974121,4447.820313,0.000000,4.000000,85.000000,,,,0.000000,4.000000,4.000000,4.000000,4.000000,4.000000,4.000000,4.000000,4.000000,4.000000,4.000000,4.000000,4.000000,4.000000,4.000000,100.000000,,,,,,,,,,,,,,,,,,,,,,,,,,,,,,,,,,,,,,,,,,,,,,,,,,,,,,,,,,,,,,,,,,,,,,,,,,,,,,,,,,,,,,
1676060264.418225,1676060264.418861,18.000000,0.000000,4303.461426,4287.307617,4314.487305,4338.205078,4275.256348,4298.846191,4306.410156,4323.717773,4301.538574,4277.948730,4508.461426,4528.077148,4370.128418,4413.717773,0.000000,4.000000,85.000000,,,,0.000000,4.000000,4.000000,4.000000,4.000000,4.000000,4.000000,4.000000,4.000000,4.000000,4.000000,4.000000,4.000000,4.000000,4.000000,100.000000,,,,,,,,,,,,,,,,,,,,,,,,,,,,,,,,,,,,,,,,,,,,,,,,,,,,,,,,,,,,,,,,,,,,,,,,,,,,,,,,,,,,,,
1676060264.426034,1676060264.426670,19.000000,0.000000,4289.615234,4277.692383,4295.128418,4323.205078,4266.922852,4292.563965,4293.461426,4303.461426,4290.384766,4257.820313,4490.641113,4504.487305,4353.205078,4376.666504,0.000000,4.000000,85.000000,,,,0.000000,4.000000,4.000000,4.000000,4.000000,4.000000,4.000000,4.000000,4.000000,4.000000,4.000000,4.000000,4.000000,4.000000,4.000000,100.000000,,,,,,,,,,,,,,,,,,,,,,,,,,,,,,,,,,,,,,,,,,,,,,,,,,,,,,,,,,,,,,,,,,,,,,,,,,,,,,,,,,,,,,
1676060264.433842,1676060264.434578,20.000000,0.000000,4289.358887,4279.230957,4292.179688,4321.538574,4275.512695,4297.692383,4292.692383,4295.000000,4287.179688,4254.615234,4490.000000,4503.974121,4356.410156,4402.307617,0.000000,4.000000,85.000000,,,,0.000000,4.000000,4.000000,4.000000,4.000000,4.000000,4.000000,4.000000,4.000000,4.000000,4.000000,4.000000,4.000000,4.000000,4.000000,100.000000,,,,,,,,,,,,,,,,,,,,,,,,,,,,,,,,,,,,,,,,,,,,,,,,,,,,,,,,,,,,,,,,,,,,,,,,,,,,,,,,,,,,,,
1676060264.441650,1676060264.442387,21.000000,0.000000,4291.025879,4281.153809,4299.102539,4325.897461,4277.179688,4300.769043,4295.512695,4298.717773,4285.769043,4268.461426,4496.538574,4511.794922,4360.769043,4427.307617,0.000000,4.000000,85.000000,,,,0.000000,4.000000,4.000000,4.000000,4.000000,4.000000,4.000000,4.000000,4.000000,4.000000,4.000000,4.000000,4.000000,4.000000,4.000000,100.000000,,,,,,,,,,,,,,,,,,,,,,,,,,,,,,,,,,,,,,,,,,,,,,,,,,,,,,,,,,,,,,,,,,,,,,,,,,,,,,,,,,,,,,
1676060264.449459,1676060264.450095,22.000000,0.000000,4282.692383,4270.256348,4291.666504,4320.128418,4263.589844,4289.487305,4288.589844,4295.256348,4279.487305,4270.256348,4483.205078,4500.897461,4347.948730,4415.769043,0.000000,4.000000,85.000000,,,,0.000000,4.000000,4.000000,4.000000,4.000000,4.000000,4.000000,4.000000,4.000000,4.000000,4.000000,4.000000,4.000000,4.000000,4.000000,100.000000,,,,,,,,,,,,,,,,,,,,,,,,,,,,,,,,,,,,,,,,,,,,,,,,,,,,,,,,,,,,,,,,,,,,,,,,,,,,,,,,,,,,,,
1676060264.457267,1676060264.457904,23.000000,0.000000,4297.307617,4282.436035,4299.743652,4331.025879,4270.512695,4296.538574,4298.717773,4305.641113,4294.871582,4278.589844,4489.487305,4513.589844,4362.948730,4435.897461,0.000000,4.000000,85.000000,,,,0.000000,4.000000,4.000000,4.000000,4.000000,4.000000,4.000000,4.000000,4.000000,4.000000,4.000000,4.000000,4.000000,4.000000,4.000000,100.000000,,,,,,,,,,,,,,,,,,,,,,,,,,,,,,,,,,,,,,,,,,,,,,,,,,,,,,,,,,,,,,,,,,,,,,,,,,,,,,,,,,,,,,
1676060264.465076,1676060264.465612,24.000000,0.000000,4327.436035,4314.487305,4331.666504,4356.153809,4292.948730,4316.538574,4320.897461,4328.205078,4318.077148,4295.000000,4521.794922,4550.384766,4399.743652,4478.333496,0.000000,4.000000,85.000000,,,,0.000000,4.000000,4.000000,4.000000,4.000000,4.000000,4.000000,4.000000,4.000000,4.000000,4.000000,4.000000,4.000000,4.000000,4.000000,100.000000,,,,,,,,,,,,,,,,,,,,,,,,,,,,,,,,,,,,,,,,,,,,,,,,,,,,,,,,,,,,,,,,,,,,,,,,,,,,,,,,,,,,,,
1676060264.472884,1676060264.473421,25.000000,0.000000,4320.000000,4305.512695,4332.563965,4352.051270,4288.846191,4308.589844,4319.871582,4319.358887,4305.128418,4287.051270,4512.436035,4542.179688,4388.589844,4474.230957,0.000000,4.000000,85.000000,,,,0.000000,4.000000,4.000000,4.000000,4.000000,4.000000,4.000000,4.000000,4.000000,4.000000,4.000000,4.000000,4.000000,4.000000,4.000000,100.000000,,,,,,,,,,,,,,,,,,,,,,,,,,,,,,,,,,,,,,,,,,,,,,,,,,,,,,,,,,,,,,,,,,,,,,,,,,,,,,,,,,,,,,
1676060264.480692,1676060264.481129,26.000000,0.000000,4294.102539,4267.692383,4302.436035,4322.563965,4264.743652,4288.205078,4305.512695,4290.641113,4274.358887,4260.256348,4468.717773,4501.794922,4345.769043,4440.256348,0.000000,4.000000,85.000000,,,,0.000000,4.000000,4.000000,4.000000,4.000000,4.000000,4.000000,4.000000,4.000000,4.000000,4.000000,4.000000,4.000000,4.000000,4.000000,100.000000,,,,,,,,,,,,,,,,,,,,,,,,,,,,,,,,,,,,,,,,,,,,,,,,,,,,,,,,,,,,,,,,,,,,,,,,,,,,,,,,,,,,,,
1676060264.488501,1676060264.489038,27.000000,0.000000,4298.077148,4265.641113,4298.461426,4316.794922,4257.307617,4293.205078,4310.384766,4292.692383,4277.307617,4252.692383,4469.487305,4505.897461,4349.743652,4438.205078,0.000000,4.000000,85.000000,,,,0.000000,4.000000,4.000000,4.000000,4.000000,4.000000,4.000000,4.000000,4.000000,4.000000,4.000000,4.000000,4.000000,4.000000,4.000000,100.000000,,,,,,,,,,,,,,,,,,,,,,,,,,,,,,,,,,,,,,,,,,,,,,,,,,,,,,,,,,,,,,,,,,,,,,,,,,,,,,,,,,,,,,
1676060264.496309,1676060264.496846,28.000000,0.000000,4326.538574,4296.666504,4327.307617,4341.922852,4273.717773,4307.948730,4325.897461,4321.282227,4307.051270,4279.615234,4507.692383,4544.230957,4392.948730,4476.410156,0.000000,4.000000,85.000000,,,,0.000000,4.000000,4.000000,4.000000,4.000000,4.000000,4.000000,4.000000,4.000000,4.000000,4.000000,4.000000,4.000000,4.000000,4.000000,100.000000,,,,,,,,,,,,,,,,,,,,,,,,,,,,,,,,,,,,,,,,,,,,,,,,,,,,,,,,,,,,,,,,,,,,,,,,,,,,,,,,,,,,,,
1676060264.504117,1676060264.504654,29.000000,0.000000,4335.128418,4305.897461,4343.205078,4353.974121,4286.153809,4307.436035,4331.666504,4333.589844,4315.256348,4302.307617,4518.717773,4554.358887,4405.897461,4496.922852,0.000000,4.000000,85.000000,,,,0.000000,4.000000,4.000000,4.000000,4.000000,4.000000,4.000000,4.000000,4.000000,4.000000,4.000000,4.000000,4.000000,4.000000,4.000000,100.000000,,,,,,,,,,,,,,,,,,,,,,,,,,,,,,,,,,,,,,,,,,,,,,,,,,,,,,,,,,,,,,,,,,,,,,,,,,,,,,,,,,,,,,
1676060264.511926,1676060264.512363,30.000000,0.000000,4316.410156,4287.563965,4329.102539,4334.102539,4275.256348,4301.153809,4328.333496,4322.820313,4300.256348,4291.922852,4501.153809,4536.410156,4385.000000,4476.025879,0.000000,4.000000,85.000000,,,,0.000000,4.000000,4.000000,4.000000,4.000000,4.000000,4.000000,4.000000,4.000000,4.000000,4.000000,4.000000,4.000000,4.000000,4.000000,100.000000,,,,,,,,,,,,,,,,,2.662308,2.592337,2.384377,0.853383,0.981420,1.576349,1.646064,1.695243,1.094856,1.178493,2.557367,2.229249,2.823357,0.852538,0.787544,4.851117,1.325978,1.417961,0.938227,0.731831,0.373319,0.640605,0.712682,0.535685,0.409317,0.273053,0.580220,0.708581,0.571786,0.468380,0.624089,1.173797,1.102944,0.685372,0.622379,1.175523,1.399751,1.683452,0.778270,0.695505,1.177726,1.052182,2.299432,0.888354,0.924588,0.669964,0.673167,1.582010,1.262024,1.468259,5.177304,2.167101,5.432681,1.525041,1.490461,5.039348,2.079842,4.351072,1.425314,1.148012,2.325496,1.715442,4.243768,1.390791,1.593752,3.320832,3.239195,4.594860,1.347886,1.452833
1676060264.519734,1676060264.520271,31.000000,0.000000,4307.051270,4279.487305,4311.025879,4319.102539,4263.974121,4296.153809,4316.153809,4309.102539,4292.436035,4277.179688,4486.538574,4524.230957,4370.000000,4459.102539,0.000000,4.000000,85.000000,,,,0.000000,4.000000,4.000000,4.000000,4.000000,4.000000,4.000000,4.000000,4.000000,4.000000,4.000000,4.000000,4.000000,4.000000,4.000000,100.000000,,,,,,,,,,,,,,,,,,,,,,,,,,,,,,,,,,,,,,,,,,,,,,,,,,,,,,,,,,,,,,,,,,,,,,,,,,,,,,,,,,,,,,
1676060264.527543,1676060264.528080,32.000000,0.000000,4317.179688,4302.692383,4316.025879,4336.410156,4273.717773,4298.333496,4312.563965,4311.538574,4302.051270,4282.307617,4489.487305,4527.692383,4372.692383,4469.358887,0.000000,4.000000,85.000000,,,,0.000000,4.000000,4.000000,4.000000,4.000000,4.000000,4.000000,4.000000,4.000000,4.000000,4.000000,4.000000,4.000000,4.000000,4.000000,100.000000,,,,,,,,,,,,,,,,,,,,,,,,,,,,,,,,,,,,,,,,,,,,,,,,,,,,,,,,,,,,,,,,,,,,,,,,,,,,,,,,,,,,,,
1676060264.535351,1676060264.535988,33.000000,0.000000,4323.717773,4330.769043,4330.641113,4356.282227,4283.974121,4306.666504,4323.846191,4324.615234,4311.025879,4285.769043,4496.282227,4531.282227,4370.641113,4473.333496,0.000000,4.000000,85.000000,,,,0.000000,4.000000,4.000000,4.000000,4.000000,4.000000,4.000000,4.000000,4.000000,4.000000,4.000000,4.000000,4.000000,4.000000,4.000000,100.000000,,,,,,,,,,,,,,,,,,,,,,,,,,,,,,,,,,,,,,,,,,,,,,,,,,,,,,,,,,,,,,,,,,,,,,,,,,,,,,,,,,,,,,
1676060264.543159,1676060264.543797,34.000000,0.000000,4311.538574,4341.153809,4324.102539,4352.692383,4278.974121,4309.743652,4323.461426,4321.922852,4303.333496,4278.333496,4483.974121,4518.717773,4348.974121,4450.512695,0.000000,4.000000,85.000000,,,,0.000000,4.000000,4.000000,4.000000,4.000000,4.000000,4.000000,4.000000,4.000000,4.000000,4.000000,4.000000,4.000000,4.000000,4.000000,100.000000,,,,,,,,,,,,,,,,,,,,,,,,,,,,,,,,,,,,,,,,,,,,,,,,,,,,,,,,,,,,,,,,,,,,,,,,,,,,,,,,,,,,,,
1676060264.550968,1676060264.551705,35.000000,0.000000,4298.205078,4355.128418,4307.436035,4349.615234,4278.589844,4308.205078,4309.871582,4307.051270,4293.077148,4273.846191,4468.846191,4496.922852,4327.051270,4429.615234,0.000000,4.000000,85.000000,,,,0.000000,4.000000,4.000000,4.000000,4.000000,4.000000,4.000000,4.000000,4.000000,4.000000,4.000000,4.000000,4.000000,4.000000,4.000000,100.000000,,,,,,,,,,,,,,,,,,,,,,,,,,,,,,,,,,,,,,,,,,,,,,,,,,,,,,,,,,,,,,,,,,,,,,,,,,,,,,,,,,,,,,
1676060264.558776,1676060264.559513,36.000000,0.000000,4298.333496,4377.179688,4309.358887,4362.692383,4289.358887,4312.051270,4309.615234,4308.333496,4296.922852,4272.948730,4472.307617,4492.051270,4318.333496,4425.897461,0.000000,4.000000,85.000000,,,,0.000000,4.000000,4.000000,4.000000,4.000000,4.000000,4.000000,4.000000,4.000000,4.000000,4.000000,4.000000,4.000000,4.000000,4.000000,100.000000,,,,,,,,,,,,,,,,,,,,,,,,,,,,,,,,,,,,,,,,,,,,,,,,,,,,,,,,,,,,,,,,,,,,,,,,,,,,,,,,,,,,,,
1676060264.566584,1676060264.567422,37.000000,0.000000,4295.512695,4380.128418,4309.358887,4363.333496,4289.358887,4311.153809,4314.871582,4313.205078,4294.102539,4264.102539,4477.692383,4488.589844,4314.743652,4423.589844,0.000000,4.000000,85.000000,,,,0.000000,4.000000,4.000000,4.000000,4.000000,4.000000,4.000000,4.000000,4.000000,4.000000,4.000000,4.000000,4.000000,4.000000,4.000000,100.000000,,,,,,,,,,,,,,,,,,,,,,,,,,,,,,,,,,,,,,,,,,,,,,,,,,,,,,,,,,,,,,,,,,,,,,,,,,,,,,,,,,,,,,
1676060264.574393,1676060264.575230,38.000000,0.000000,4285.512695,4368.077148,4297.436035,4346.538574,4280.256348,4300.897461,4308.461426,4301.153809,4277.307617,4249.358887,4475.897461,4474.743652,4310.641113,4422.179688,0.000000,4.000000,85.000000,,,,0.000000,4.000000,4.000000,4.000000,4.000000,4.000000,4.000000,4.000000,4.000000,4.000000,4.000000,4.000000,4.000000,4.000000,4.000000,100.000000,,,,,,,,,,,,,,,,,,,,,,,,,,,,,,,,,,,,,,,,,,,,,,,,,,,,,,,,,,,,,,,,,,,,,,,,,,,,,,,,,,,,,,
1676060264.582201,1676060264.583139,39.000000,0.000000,4288.589844,4365.769043,4302.563965,4342.051270,4278.333496,4299.230957,4308.974121,4295.641113,4279.230957,4256.922852,4483.077148,4479.615234,4321.153809,4431.025879,0.000000,4.000000,85.000000,,,,0.000000,4.000000,4.000000,4.000000,4.000000,4.000000,4.000000,4.000000,4.000000,4.000000,4.000000,4.000000,4.000000,4.000000,4.000000,100.000000,,,,,,,,,,,,,,,,,,,,,,,,,,,,,,,,,,,,,,,,,,,,,,,,,,,,,,,,,,,,,,,,,,,,,,,,,,,,,,,,,,,,,,
1676060264.590010,1676060264.590947,40.000000,0.000000,4292.563965,4356.282227,4305.000000,4340.641113,4275.512695,4302.563965,4310.000000,4297.051270,4285.000000,4273.077148,4476.922852,4482.820313,4317.307617,4424.230957,0.000000,4.000000,85.000000,,,,0.000000,4.000000,4.000000,4.000000,4.000000,4.000000,4.000000,4.000000,4.000000,4.000000,4.000000,4.000000,4.000000,4.000000,4.000000,100.000000,,,,,,,,,,,,,,,,,,,,,,,,,,,,,,,,,,,,,,,,,,,,,,,,,,,,,,,,,,,,,,,,,,,,,,,,,,,,,,,,,,,,,,
1676060264.597818,1676060264.598855,41.000000,0.000000,4289.230957,4343.974121,4300.769043,4334.358887,4271.666504,4304.871582,4308.333496,4300.128418,4279.871582,4266.922852,4467.820313,4475.512695,4302.307617,4419.102539,0.000000,4.000000,85.000000,,,,0.000000,4.000000,4.000000,4.000000,4.000000,4.000000,4.000000,4.000000,4.000000,4.000000,4.000000,4.000000,4.000000,4.000000,4.000000,100.000000,,,,,,,,,,,,,,,,,,,,,,,,,,,,,,,,,,,,,,,,,,,,,,,,,,,,,,,,,,,,,,,,,,,,,,,,,,,,,,,,,,,,,,
1676060264.605626,1676060264.606664,42.000000,0.000000,4302.436035,4356.025879,4323.461426,4341.282227,4279.102539,4310.256348,4320.512695,4317.307617,4294.871582,4264.871582,4498.461426,4490.512695,4328.974121,4447.692383,0.000000,4.000000,85.000000,,,,0.000000,4.000000,4.000000,4.000000,4.000000,4.000000,4.000000,4.000000,4.000000,4.000000,4.000000,4.000000,4.000000,4.000000,4.000000,100.000000,,,,,,,,,,,,,,,,,,,,,,,,,,,,,,,,,,,,,,,,,,,,,,,,,,,,,,,,,,,,,,,,,,,,,,,,,,,,,,,,,,,,,,
1676060264.613435,1676060264.614572,43.000000,0.000000,4316.794922,4362.948730,4338.589844,4349.230957,4278.205078,4309.743652,4324.871582,4325.256348,4309.487305,4281.538574,4514.871582,4503.974121,4352.051270,4456.794922,0.000000,4.000000,85.000000,,,,0.000000,4.000000,4.000000,4.000000,4.000000,4.000000,4.000000,4.000000,4.000000,4.000000,4.000000,4.000000,4.000000,4.000000,4.000000,100.000000,,,,,,,,,,,,,,,,,,,,,,,,,,,,,,,,,,,,,,,,,,,,,,,,,,,,,,,,,,,,,,,,,,,,,,,,,,,,,,,,,,,,,,
1676060264.621243,1676060264.622381,44.000000,0.000000,4311.025879,4351.666504,4318.461426,4341.538574,4267.436035,4300.128418,4312.692383,4312.563965,4291.794922,4283.589844,4483.589844,4493.205078,4332.820313,4434.102539,0.000000,4.000000,85.000000,,,,0.000000,4.000000,4.000000,4.000000,4.000000,4.000000,4.000000,4.000000,4.000000,4.000000,4.000000,4.000000,4.000000,4.000000,4.000000,100.000000,,,,,,,,,,,,,,,,,,,,,,,,,,,,,,,,,,,,,,,,,,,,,,,,,,,,,,,,,,,,,,,,,,,,,,,,,,,,,,,,,,,,,,
1676060264.629052,1676060264.630089,45.000000,0.000000,4306.922852,4351.025879,4309.487305,4340.256348,4271.794922,4295.000000,4306.794922,4306.153809,4277.692383,4267.820313,4469.230957,4489.487305,4323.589844,4435.000000,0.000000,4.000000,85.000000,,,,0.000000,4.000000,4.000000,4.000000,4.000000,4.000000,4.000000,4.000000,4.000000,4.000000,4.000000,4.000000,4.000000,4.000000,4.000000,100.000000,,,,,,,,,,,,,,,,,,,,,,,,,,,,,,,,,,,,,,,,,,,,,,,,,,,,,,,,,,,,,,,,,,,,,,,,,,,,,,,,,,,,,,
1676060264.636860,1676060264.637898,46.000000,0.000000,4309.230957,4355.000000,4321.153809,4346.410156,4277.692383,4297.563965,4305.384766,4307.307617,4284.871582,4262.563965,4478.333496,4490.000000,4332.820313,4442.179688,0.000000,4.000000,85.000000,,,,0.000000,4.000000,4.000000,4.000000,4.000000,4.000000,4.000000,4.000000,4.000000,4.000000,4.000000,4.000000,4.000000,4.000000,4.000000,100.000000,,,,,,,,,,,,,,,,,2.197756,2.246758,2.094582,0.665798,1.019810,1.279607,1.410108,1.588013,0.968732,1.252797,2.046237,2.101879,2.407946,0.700523,0.853176,4.683915,1.312004,1.255401,0.818011,0.740108,0.353011,0.628358,0.709353,0.502403,0.450565,0.262137,0.618825,0.721142,0.544051,0.487493,0.473163,1.184888,1.041319,0.604153,0.652565,1.038525,1.293165,1.603147,0.662914,0.770507,1.080091,1.118863,2.102429,0.722065,0.971998,0.676160,0.623072,1.425186,0.950429,1.534229,3.355825,1.615068,4.491793,1.235483,1.593077,4.649740,1.947025,3.863895,1.169299,1.234183,1.849537,1.432312,3.506927,1.163679,1.725527,2.573538,2.797703,3.703805,1.076062,1.544469
1676060264.644668,1676060264.645606,47.000000,0.000000,4296.282227,4342.179688,4307.563965,4335.641113,4267.948730,4296.538574,4296.282227,4295.641113,4277.692383,4263.717773,4456.282227,4471.666504,4313.974121,4413.974121,0.000000,4.000000,85.000000,,,,0.000000,4.000000,4.000000,4.000000,4.000000,4.000000,4.000000,4.000000,4.000000,4.000000,4.000000,4.000000,4.000000,4.000000,4.000000,100.000000,,,,,,,,,,,,,,,,,,,,,,,,,,,,,,,,,,,,,,,,,,,,,,,,,,,,,,,,,,,,,,,,,,,,,,,,,,,,,,,,,,,,,,
1676060264.652477,1676060264.653514,48.000000,0.000000,4287.051270,4332.948730,4292.820313,4324.487305,4262.692383,4294.230957,4298.846191,4289.487305,4268.205078,4263.205078,4438.717773,4466.153809,4302.948730,4402.051270,0.000000,4.000000,85.000000,,,,0.000000,4.000000,4.000000,4.000000,4.000000,4.000000,4.000000,4.000000,4.000000,4.000000,4.000000,4.000000,4.000000,4.000000,4.000000,100.000000,,,,,,,,,,,,,,,,,,,,,,,,,,,,,,,,,,,,,,,,,,,,,,,,,,,,,,,,,,,,,,,,,,,,,,,,,,,,,,,,,,,,,,
1676060264.660285,1676060264.661323,49.000000,0.000000,4295.000000,4331.666504,4303.717773,4328.333496,4269.102539,4295.641113,4312.820313,4299.230957,4279.615234,4258.205078,4461.666504,4480.769043,4326.922852,4426.282227,0.000000,4.000000,85.000000,,,,0.000000,4.000000,4.000000,4.000000,4.000000,4.000000,4.000000,4.000000,4.000000,4.000000,4.000000,4.000000,4.000000,4.000000,4.000000,100.000000,,,,,,,,,,,,,,,,,,,,,,,,,,,,,,,,,,,,,,,,,,,,,,,,,,,,,,,,,,,,,,,,,,,,,,,,,,,,,,,,,,,,,,
1676060264.668094,1676060264.669231,50.000000,0.000000,4291.153809,4325.384766,4306.025879,4326.538574,4267.563965,4295.000000,4306.922852,4300.641113,4281.666504,4251.282227,4462.948730,4476.025879,4329.871582,4423.974121,0.000000,4.000000,85.000000,,,,0.000000,4.000000,4.000000,4.000000,4.000000,4.000000,4.000000,4.000000,4.000000,4.000000,4.000000,4.000000,4.000000,4.000000,4.000000,100.000000,,,,,,,,,,,,,,,,,,,,,,,,,,,,,,,,,,,,,,,,,,,,,,,,,,,,,,,,,,,,,,,,,,,,,,,,,,,,,,,,,,,,,,
1676060264.675902,1676060264.677040,51.000000,0.000000,4275.512695,4324.358887,4291.410156,4318.461426,4260.128418,4286.922852,4294.230957,4289.102539,4264.743652,4248.974121,4435.000000,4456.153809,4311.025879,4399.743652,0.000000,4.000000,85.000000,,,,0.000000,4.000000,4.000000,4.000000,4.000000,4.000000,4.000000,4.000000,4.000000,4.000000,4.000000,4.000000,4.000000,4.000000,4.000000,100.000000,,,,,,,,,,,,,,,,,,,,,,,,,,,,,,,,,,,,,,,,,,,,,,,,,,,,,,,,,,,,,,,,,,,,,,,,,,,,,,,,,,,,,,
1676060264.683710,1676060264.684848,52.000000,0.000000,4278.846191,4330.128418,4291.538574,4322.179688,4261.922852,4284.615234,4297.179688,4290.384766,4266.666504,4257.820313,4437.563965,4458.974121,4316.282227,4403.205078,0.000000,4.000000,85.000000,,,,0.000000,4.000000,4.000000,4.000000,4.000000,4.000000,4.000000,4.000000,4.000000,4.000000,4.000000,4.000000,4.000000,4.000000,4.000000,100.000000,,,,,,,,,,,,,,,,,,,,,,,,,,,,,,,,,,,,,,,,,,,,,,,,,,,,,,,,,,,,,,,,,,,,,,,,,,,,,,,,,,,,,,
1676060264.691519,1676060264.692557,53.000000,0.000000,4294.358887,4330.256348,4304.615234,4326.025879,4265.384766,4291.922852,4305.256348,4305.769043,4291.922852,4273.333496,4460.512695,4476.538574,4340.897461,4423.717773,0.000000,4.000000,85.000000,,,,0.000000,4.000000,4.000000,4.000000,4.000000,4.000000,4.000000,4.000000,4.000000,4.000000,4.000000,4.000000,4.000000,4.000000,4.000000,100.000000,,,,,,,,,,,,,,,,,,,,,,,,,,,,,,,,,,,,,,,,,,,,,,,,,,,,,,,,,,,,,,,,,,,,,,,,,,,,,,,,,,,,,,
1676060264.699327,1676060264.700365,54.000000,0.000000,4283.846191,4318.205078,4298.974121,4311.025879,4260.128418,4291.538574,4303.333496,4308.717773,4294.743652,4274.487305,4452.307617,4469.487305,4335.128418,4415.897461,0.000000,4.000000,85.000000,,,,0.000000,4.000000,4.000000,4.000000,4.000000,4.000000,4.000000,4.000000,4.000000,4.000000,4.000000,4.000000,4.000000,4.000000,4.000000,100.000000,,,,,,,,,,,,,,,,,,,,,,,,,,,,,,,,,,,,,,,,,,,,,,,,,,,,,,,,,,,,,,,,,,,,,,,,,,,,,,,,,,,,,,
1676060264.707135,1676060264.708074,55.000000,0.000000,4254.230957,4302.051270,4276.538574,4288.333496,4243.974121,4275.641113,4286.922852,4291.794922,4266.922852,4250.128418,4420.128418,4439.743652,4303.333496,4384.615234,0.000000,4.000000,85.000000,,,,0.000000,4.000000,4.000000,4.000000,4.000000,4.000000,4.000000,4.000000,4.000000,4.000000,4.000000,4.000000,4.000000,4.000000,4.000000,100.000000,,,,,,,,,,,,,,,,,,,,,,,,,,,,,,,,,,,,,,,,,,,,,,,,,,,,,,,,,,,,,,,,,,,,,,,,,,,,,,,,,,,,,,
1676060264.714944,1676060264.715882,56.000000,0.000000,4255.641113,4301.282227,4274.230957,4287.820313,4242.692383,4269.230957,4282.179688,4283.846191,4257.051270,4232.436035,4412.820313,4434.615234,4304.230957,4378.461426,0.000000,4.000000,85.000000,,,,0.000000,4.000000,4.000000,4.000000,4.000000,4.000000,4.000000,4.000000,4.000000,4.000000,4.000000,4.000000,4.000000,4.000000,4.000000,100.000000,,,,,,,,,,,,,,,,,,,,,,,,,,,,,,,,,,,,,,,,,,,,,,,,,,,,,,,,,,,,,,,,,,,,,,,,,,,,,,,,,,,,,,
1676060264.722752,1676060264.723591,57.000000,0.000000,4293.333496,4323.846191,4306.666504,4318.461426,4269.487305,4291.794922,4308.077148,4307.692383,4288.846191,4263.333496,4445.128418,4466.922852,4341.538574,4413.846191,0.000000,4.000000,85.000000,,,,0.000000,4.000000,4.000000,4.000000,4.000000,4.000000,4.000000,4.000000,4.000000,4.000000,4.000000,4.000000,4.000000,4.000000,4.000000,100.000000,,,,,,,,,,,,,,,,,,,,,,,,,,,,,,,,,,,,,,,,,,,,,,,,,,,,,,,,,,,,,,,,,,,,,,,,,,,,,,,,,,,,,,
1676060264.730561,1676060264.731399,58.000000,0.000000,4309.743652,4341.410156,4328.077148,4335.384766,4285.641113,4307.820313,4326.282227,4325.897461,4309.615234,4292.948730,4468.846191,4486.153809,4359.102539,4437.820313,0.000000,4.000000,85.000000,,,,0.000000,4.000000,4.000000,4.000000,4.000000,4.000000,4.000000,4.000000,4.000000,4.000000,4.000000,4.000000,4.000000,4.000000,4.000000,100.000000,,,,,,,,,,,,,,,,,,,,,,,,,,,,,,,,,,,,,,,,,,,,,,,,,,,,,,,,,,,,,,,,,,,,,,,,,,,,,,,,,,,,,,
1676060264.738369,1676060264.739108,59.000000,0.000000,4280.384766,4322.436035,4299.743652,4307.820313,4268.205078,4292.051270,4303.589844,4296.666504,4280.128418,4265.256348,4439.615234,4456.794922,4333.717773,4405.769043,0.000000,4.000000,85.000000,,,,0.000000,4.000000,4.000000,4.000000,4.000000,4.000000,4.000000,4.000000,4.000000,4.000000,4.000000,4.000000,4.000000,4.000000,4.000000,100.000000,,,,,,,,,,,,,,,,,,,,,,,,,,,,,,,,,,,,,,,,,,,,,,,,,,,,,,,,,,,,,,,,,,,,,,,,,,,,,,,,,,,,,,
1676060264.746177,1676060264.747016,60.000000,0.000000,4262.563965,4299.743652,4275.512695,4288.077148,4254.615234,4282.563965,4283.846191,4266.538574,4251.538574,4233.974121,4407.692383,4430.128418,4313.077148,4377.692383,0.000000,4.000000,85.000000,,,,0.000000,4.000000,4.000000,4.000000,4.000000,4.000000,4.000000,4.000000,4.000000,4.000000,4.000000,4.000000,4.000000,4.000000,4.000000,100.000000,,,,,,,,,,,,,,,,,,,,,,,,,,,,,,,,,,,,,,,,,,,,,,,,,,,,,,,,,,,,,,,,,,,,,,,,,,,,,,,,,,,,,,
1676060264.753986,1676060264.754824,61.000000,0.000000,4282.948730,4316.794922,4297.820313,4310.000000,4266.794922,4296.794922,4300.512695,4287.692383,4270.512695,4258.205078,4431.153809,4452.179688,4331.666504,4401.410156,0.000000,4.000000,85.000000,,,,0.000000,4.000000,4.000000,4.000000,4.000000,4.000000,4.000000,4.000000,4.000000,4.000000,4.000000,4.000000,4.000000,4.000000,4.000000,100.000000,,,,,,,,,,,,,,,,,,,,,,,,,,,,,,,,,,,,,,,,,,,,,,,,,,,,,,,,,,,,,,,,,,,,,,,,,,,,,,,,,,,,,,
1676060264.761794,1676060264.762733,62.000000,0.000000,4294.743652,4336.410156,4317.051270,4320.897461,4273.589844,4304.615234,4314.230957,4315.769043,4296.666504,4288.333496,4458.461426,4473.077148,4354.358887,4423.717773,0.000000,4.000000,85.000000,,,,0.000000,4.000000,4.000000,4.000000,4.000000,4.000000,4.000000,4.000000,4.000000,4.000000,4.000000,4.000000,4.000000,4.000000,4.000000,100.000000,,,,,,,,,,,,,,,,,1.714761,1.993199,1.766695,0.537623,1.039289,1.020273,1.203192,1.421507,0.882442,1.295037,1.485866,2.035922,1.962344,0.611655,0.919677,4.272309,1.387081,1.121259,0.743254,0.759281,0.345851,0.622773,0.689045,0.471888,0.489292,0.245041,0.681378,0.740204,0.523140,0.493991,0.340846,1.214054,0.988663,0.566602,0.688818,0.920536,1.240884,1.530357,0.590108,0.853330,0.970704,1.173354,1.914899,0.606690,1.001689,0.702403,0.702662,1.311818,0.720236,1.579498,3.162614,1.459351,3.714816,1.027413,1.666569,4.049521,1.976468,3.309749,0.986962,1.328632,1.376049,1.271606,2.701924,0.971552,1.785879,2.065304,2.511581,2.782834,0.887127,1.632140
1676060264.769602,1676060264.770541,63.000000,0.000000,4277.051270,4318.333496,4300.000000,4298.461426,4259.487305,4291.666504,4302.436035,4305.256348,4287.307617,4265.000000,4438.461426,4454.871582,4341.666504,4405.384766,0.000000,4.000000,85.000000,,,,0.000000,4.000000,4.000000,4.000000,4.000000,4.000000,4.000000,4.000000,4.000000,4.000000,4.000000,4.000000,4.000000,4.000000,4.000000,100.000000,,,,,,,,,,,,,,,,,,,,,,,,,,,,,,,,,,,,,,,,,,,,,,,,,,,,,,,,,,,,,,,,,,,,,,,,,,,,,,,,,,,,,,
1676060264.777411,1676060264.778450,64.000000,0.000000,4264.871582,4299.487305,4288.974121,4285.512695,4252.436035,4280.256348,4291.025879,4293.077148,4272.820313,4240.000000,4418.589844,4443.205078,4323.974121,4391.025879,2510.000000,4.000000,85.000000,,,,0.000000,4.000000,4.000000,4.000000,4.000000,4.000000,4.000000,4.000000,4.000000,4.000000,4.000000,4.000000,4.000000,4.000000,4.000000,100.000000,,,,,,,,,,,,,,,,,,,,,,,,,,,,,,,,,,,,,,,,,,,,,,,,,,,,,,,,,,,,,,,,,,,,,,,,,,,,,,,,,,,,,,
1676060264.785219,1676060264.786258,65.000000,0.000000,4271.922852,4307.692383,4299.358887,4293.717773,4262.051270,4286.153809,4297.179688,4304.743652,4283.974121,4258.077148,4431.153809,4457.820313,4335.384766,4403.974121,2474.000000,4.000000,85.000000,,,,0.000000,4.000000,4.000000,4.000000,4.000000,4.000000,4.000000,4.000000,4.000000,4.000000,4.000000,4.000000,4.000000,4.000000,4.000000,100.000000,,,,,,,,,,,,,,,,,,,,,,,,,,,,,,,,,,,,,,,,,,,,,,,,,,,,,,,,,,,,,,,,,,,,,,,,,,,,,,,,,,,,,,
1676060264.793028,1676060264.794166,66.000000,0.000000,4277.820313,4317.051270,4301.282227,4298.717773,4269.230957,4294.487305,4305.128418,4314.615234,4296.922852,4279.102539,4440.641113,4465.256348,4347.436035,4407.179688,2398.000000,4.000000,85.000000,,,,0.000000,4.000000,4.000000,4.000000,4.000000,4.000000,4.000000,4.000000,4.000000,4.000000,4.000000,4.000000,4.000000,4.000000,4.000000,100.000000,,,,,,,,,,,,,,,,,,,,,,,,,,,,,,,,,,,,,,,,,,,,,,,,,,,,,,,,,,,,,,,,,,,,,,,,,,,,,,,,,,,,,,
1676060264.800836,1676060264.801975,67.000000,0.000000,4278.077148,4310.512695,4293.589844,4294.230957,4264.102539,4290.512695,4300.256348,4310.769043,4293.974121,4277.051270,4431.153809,4456.153809,4339.743652,4395.384766,2488.000000,4.000000,85.000000,,,,0.000000,4.000000,4.000000,4.000000,4.000000,4.000000,4.000000,4.000000,4.000000,4.000000,4.000000,4.000000,4.000000,4.000000,4.000000,100.000000,,,,,,,,,,,,,,,,,,,,,,,,,,,,,,,,,,,,,,,,,,,,,,,,,,,,,,,,,,,,,,,,,,,,,,,,,,,,,,,,,,,,,,
1676060264.808644,1676060264.809683,68.000000,0.000000,4284.743652,4309.871582,4296.794922,4293.846191,4263.461426,4293.205078,4300.256348,4311.410156,4291.025879,4273.461426,4430.512695,4453.589844,4338.589844,4401.153809,2433.000000,4.000000,85.000000,,,,0.000000,4.000000,4.000000,4.000000,4.000000,4.000000,4.000000,4.000000,4.000000,4.000000,4.000000,4.000000,4.000000,4.000000,4.000000,100.000000,,,,,,,,,,,,,,,,,,,,,,,,,,,,,,,,,,,,,,,,,,,,,,,,,,,,,,,,,,,,,,,,,,,,,,,,,,,,,,,,,,,,,,
1676060264.816453,1676060264.817492,69.000000,0.000000,4285.769043,4314.615234,4297.051270,4297.820313,4266.282227,4297.307617,4296.538574,4305.256348,4284.615234,4268.461426,4428.333496,4447.820313,4340.512695,4403.333496,2368.000000,4.000000,85.000000,,,,0.000000,4.000000,4.000000,4.000000,4.000000,4.000000,4.000000,4.000000,4.000000,4.000000,4.000000,4.000000,4.000000,4.000000,4.000000,100.000000,,,,,,,,,,,,,,,,,,,,,,,,,,,,,,,,,,,,,,,,,,,,,,,,,,,,,,,,,,,,,,,,,,,,,,,,,,,,,,,,,,,,,,
1676060264.824261,1676060264.825200,70.000000,0.000000,4270.512695,4303.461426,4281.666504,4291.025879,4260.769043,4281.538574,4280.256348,4283.717773,4263.846191,4250.384766,4407.436035,4431.666504,4322.051270,4381.794922,2216.000000,4.000000,85.000000,,,,0.000000,4.000000,4.000000,4.000000,4.000000,4.000000,4.000000,4.000000,4.000000,4.000000,4.000000,4.000000,4.000000,4.000000,4.000000,100.000000,,,,,,,,,,,,,,,,,,,,,,,,,,,,,,,,,,,,,,,,,,,,,,,,,,,,,,,,,,,,,,,,,,,,,,,,,,,,,,,,,,,,,,
1676060264.832070,1676060264.833009,71.000000,0.000000,4274.102539,4302.563965,4290.384766,4290.512695,4262.179688,4279.487305,4287.563965,4284.615234,4262.948730,4242.948730,4411.025879,4441.794922,4319.358887,4389.487305,2217.000000,4.000000,85.000000,,,,0.000000,4.000000,4.000000,4.000000,4.000000,4.000000,4.000000,4.000000,4.000000,4.000000,4.000000,4.000000,4.000000,4.000000,4.000000,100.000000,,,,,,,,,,,,,,,,,,,,,,,,,,,,,,,,,,,,,,,,,,,,,,,,,,,,,,,,,,,,,,,,,,,,,,,,,,,,,,,,,,,,,,
1676060264.839878,1676060264.840717,72.000000,0.000000,4294.871582,4315.000000,4316.666504,4304.487305,4268.974121,4299.102539,4308.974121,4303.589844,4279.230957,4248.589844,4435.128418,4467.051270,4345.256348,4419.871582,2266.000000,4.000000,85.000000,,,,0.000000,4.000000,4.000000,4.000000,4.000000,4.000000,4.000000,4.000000,4.000000,4.000000,4.000000,4.000000,4.000000,4.000000,4.000000,100.000000,,,,,,,,,,,,,,,,,,,,,,,,,,,,,,,,,,,,,,,,,,,,,,,,,,,,,,,,,,,,,,,,,,,,,,,,,,,,,,,,,,,,,,
1676060264.847686,1676060264.848526,73.000000,0.000000,4288.846191,4302.563965,4309.102539,4302.563965,4264.743652,4298.333496,4301.538574,4298.077148,4269.487305,4252.820313,4423.974121,4459.487305,4343.077148,4407.692383,2247.000000,4.000000,85.000000,,,,0.000000,4.000000,4.000000,4.000000,4.000000,4.000000,4.000000,4.000000,4.000000,4.000000,4.000000,4.000000,4.000000,4.000000,4.000000,100.000000,,,,,,,,,,,,,,,,,,,,,,,,,,,,,,,,,,,,,,,,,,,,,,,,,,,,,,,,,,,,,,,,,,,,,,,,,,,,,,,,,,,,,,
1676060264.855495,1676060264.856234,74.000000,0.000000,4279.871582,4294.102539,4296.153809,4297.307617,4263.974121,4288.717773,4292.179688,4288.974121,4262.179688,4265.769043,4407.436035,4445.641113,4323.205078,4387.307617,2743.000000,4.000000,85.000000,,,,0.000000,4.000000,4.000000,4.000000,4.000000,4.000000,4.000000,4.000000,4.000000,4.000000,4.000000,4.000000,4.000000,4.000000,4.000000,100.000000,,,,,,,,,,,,,,,,,,,,,,,,,,,,,,,,,,,,,,,,,,,,,,,,,,,,,,,,,,,,,,,,,,,,,,,,,,,,,,,,,,,,,,
1676060264.863303,1676060264.864043,75.000000,0.000000,4293.846191,4312.948730,4309.230957,4308.589844,4271.025879,4294.102539,4307.820313,4306.922852,4287.307617,4277.692383,4425.512695,4457.179688,4335.512695,4405.769043,2924.000000,4.000000,85.000000,,,,0.000000,4.000000,4.000000,4.000000,4.000000,4.000000,4.000000,4.000000,4.000000,4.000000,4.000000,4.000000,4.000000,4.000000,4.000000,100.000000,,,,,,,,,,,,,,,,,,,,,,,,,,,,,,,,,,,,,,,,,,,,,,,,,,,,,,,,,,,,,,,,,,,,,,,,,,,,,,,,,,,,,,
1676060264.871112,1676060264.871751,76.000000,0.000000,4297.563965,4313.974121,4314.358887,4305.769043,4266.282227,4297.307617,4313.717773,4324.487305,4300.128418,4274.358887,4439.102539,4469.871582,4356.666504,4424.102539,3131.000000,4.000000,85.000000,,,,0.000000,4.000000,4.000000,4.000000,4.000000,4.000000,4.000000,4.000000,4.000000,4.000000,4.000000,4.000000,4.000000,4.000000,4.000000,100.000000,,,,,,,,,,,,,,,,,,,,,,,,,,,,,,,,,,,,,,,,,,,,,,,,,,,,,,,,,,,,,,,,,,,,,,,,,,,,,,,,,,,,,,
1676060264.878920,1676060264.879560,77.000000,0.000000,4282.051270,4292.692383,4295.384766,4282.948730,4254.230957,4286.922852,4295.897461,4315.256348,4284.358887,4268.717773,4427.692383,4461.794922,4348.974121,4411.922852,3239.000000,4.000000,85.000000,,,,0.000000,4.000000,4.000000,4.000000,4.000000,4.000000,4.000000,4.000000,4.000000,4.000000,4.000000,4.000000,4.000000,4.000000,4.000000,100.000000,,,,,,,,,,,,,,,,,,,,,,,,,,,,,,,,,,,,,,,,,,,,,,,,,,,,,,,,,,,,,,,,,,,,,,,,,,,,,,,,,,,,,,
1676060264.886728,1676060264.887268,78.000000,0.000000,4272.179688,4286.153809,4278.461426,4271.922852,4245.256348,4273.077148,4279.102539,4296.794922,4273.205078,4264.358887,4421.794922,4444.487305,4330.512695,4393.717773,2743.000000,4.000000,85.000000,,,,0.000000,4.000000,4.000000,4.000000,4.000000,4.000000,4.000000,4.000000,4.000000,4.000000,4.000000,4.000000,4.000000,4.000000,4.000000,100.000000,1.000000,41.666668,4.000000,4.000000,3.000000,4.000000,1.000000,4.000000,4.000000,4.000000,4.000000,1.000000,3.000000,3.000000,3.000000,3.000000,1.336800,1.854151,1.451917,0.504315,1.048452,1.103523,1.099089,1.229334,0.858191,1.304540,1.030553,1.975655,1.582955,0.625905,0.983027,3.971928,1.528594,1.037570,0.739110,0.788413,0.361680,0.628115,0.645903,0.458320,0.523031,0.232380,0.742739,0.753437,0.521168,0.483361,0.276556,1.241625,0.951457,0.591071,0.721179,0.860321,1.248665,1.470689,0.598820,0.929537,0.879735,1.197193,1.785372,0.584909,1.021282,0.752871,0.855335,1.252016,0.640660,1.585973,3.178232,1.502383,3.061374,0.940917,1.704552,3.521454,2.163644,2.793224,0.937776,1.423247,1.174324,1.286481,2.041060,0.881922,1.790751,2.005148,2.493880,2.060270,0.853909,1.724002
1676060264.894537,1676060264.895077,79.000000,0.000000,4275.384766,4294.230957,4287.307617,4278.461426,4245.641113,4273.461426,4285.769043,4300.769043,4279.615234,4262.179688,4440.128418,4447.692383,4337.563965,4398.461426,2924.000000,4.000000,85.000000,,,,0.000000,4.000000,4.000000,4.000000,4.000000,4.000000,4.000000,4.000000,4.000000,4.000000,4.000000,4.000000,4.000000,4.000000,4.000000,100.000000,,,,,,,,,,,,,,,,,,,,,,,,,,,,,,,,,,,,,,,,,,,,,,,,,,,,,,,,,,,,,,,,,,,,,,,,,,,,,,,,,,,,,,
1676060264.902345,1676060264.902785,80.000000,0.000000,4282.179688,4300.384766,4301.025879,4284.743652,4253.205078,4284.871582,4303.205078,4311.025879,4285.512695,4266.666504,4455.128418,4462.563965,4351.538574,4410.000000,3131.000000,4.000000,85.000000,,,,0.000000,4.000000,4.000000,4.000000,4.000000,4.000000,4.000000,4.000000,4.000000,4.000000,4.000000,4.000000,4.000000,4.000000,4.000000,100.000000,,,,,,,,,,,,,,,,,,,,,,,,,,,,,,,,,,,,,,,,,,,,,,,,,,,,,,,,,,,,,,,,,,,,,,,,,,,,,,,,,,,,,,
1676060264.910154,1676060264.910594,81.000000,0.000000,4279.743652,4295.641113,4290.641113,4282.563965,4255.128418,4286.410156,4300.256348,4299.487305,4273.846191,4258.077148,4437.307617,4452.820313,4336.153809,4399.102539,3239.000000,4.000000,85.000000,,,,0.000000,4.000000,4.000000,4.000000,4.000000,4.000000,4.000000,4.000000,4.000000,4.000000,4.000000,4.000000,4.000000,4.000000,4.000000,100.000000,,,,,,,,,,,,,,,,,,,,,,,,,,,,,,,,,,,,,,,,,,,,,,,,,,,,,,,,,,,,,,,,,,,,,,,,,,,,,,,,,,,,,,
1676060264.917962,1676060264.918302,82.000000,0.000000,4271.025879,4285.384766,4277.948730,4276.282227,4251.666504,4278.461426,4287.307617,4286.025879,4259.615234,4233.974121,4416.153809,4432.179688,4315.384766,4382.436035,2743.000000,4.000000,85.000000,,,,0.000000,4.000000,4.000000,4.000000,4.000000,4.000000,4.000000,4.000000,4.000000,4.000000,4.000000,4.000000,4.000000,4.000000,4.000000,100.000000,,,,,,,,,,,,,,,,,,,,,,,,,,,,,,,,,,,,,,,,,,,,,,,,,,,,,,,,,,,,,,,,,,,,,,,,,,,,,,,,,,,,,,
1676060264.925770,1676060264.926211,83.000000,0.000000,4279.743652,4293.461426,4293.974121,4284.487305,4261.666504,4288.846191,4296.025879,4295.384766,4266.410156,4235.384766,4429.230957,4443.717773,4330.897461,4392.179688,2924.000000,4.000000,85.000000,,,,0.000000,4.000000,4.000000,4.000000,4.000000,4.000000,4.000000,4.000000,4.000000,4.000000,4.000000,4.000000,4.000000,4.000000,4.000000,100.000000,,,,,,,,,,,,,,,,,,,,,,,,,,,,,,,,,,,,,,,,,,,,,,,,,,,,,,,,,,,,,,,,,,,,,,,,,,,,,,,,,,,,,,
1676060264.933579,1676060264.934019,84.000000,0.000000,4301.282227,4309.743652,4311.282227,4302.051270,4277.051270,4308.717773,4314.743652,4311.538574,4285.256348,4270.512695,4452.179688,4468.077148,4358.846191,4414.230957,3131.000000,4.000000,85.000000,,,,0.000000,4.000000,4.000000,4.000000,4.000000,4.000000,4.000000,4.000000,4.000000,4.000000,4.000000,4.000000,4.000000,4.000000,4.000000,100.000000,,,,,,,,,,,,,,,,,,,,,,,,,,,,,,,,,,,,,,,,,,,,,,,,,,,,,,,,,,,,,,,,,,,,,,,,,,,,,,,,,,,,,,
1676060264.941387,1676060264.941927,85.000000,0.000000,4300.256348,4303.077148,4302.948730,4298.333496,4272.563965,4299.487305,4306.153809,4308.461426,4286.922852,4285.897461,4445.641113,4462.820313,4354.615234,4414.487305,3239.000000,4.000000,85.000000,,,,0.000000,4.000000,4.000000,4.000000,4.000000,4.000000,4.000000,4.000000,4.000000,4.000000,4.000000,4.000000,4.000000,4.000000,4.000000,100.000000,,,,,,,,,,,,,,,,,,,,,,,,,,,,,,,,,,,,,,,,,,,,,,,,,,,,,,,,,,,,,,,,,,,,,,,,,,,,,,,,,,,,,,
1676060264.949195,1676060264.949736,86.000000,0.000000,4277.051270,4280.769043,4289.743652,4276.153809,4256.410156,4276.794922,4282.563965,4290.256348,4266.666504,4259.871582,4418.717773,4436.410156,4328.974121,4391.794922,2743.000000,4.000000,85.000000,,,,0.000000,4.000000,4.000000,4.000000,4.000000,4.000000,4.000000,4.000000,4.000000,4.000000,4.000000,4.000000,4.000000,4.000000,4.000000,100.000000,,,,,,,,,,,,,,,,,,,,,,,,,,,,,,,,,,,,,,,,,,,,,,,,,,,,,,,,,,,,,,,,,,,,,,,,,,,,,,,,,,,,,,
1676060264.957004,1676060264.957644,87.000000,0.000000,4280.512695,4281.025879,4292.307617,4274.871582,4261.282227,4284.230957,4288.333496,4290.512695,4263.461426,4247.820313,4418.589844,4439.871582,4329.743652,4390.000000,2924.000000,4.000000,85.000000,,,,0.000000,4.000000,4.000000,4.000000,4.000000,4.000000,4.000000,4.000000,4.000000,4.000000,4.000000,4.000000,4.000000,4.000000,4.000000,100.000000,,,,,,,,,,,,,,,,,,,,,,,,,,,,,,,,,,,,,,,,,,,,,,,,,,,,,,,,,,,,,,,,,,,,,,,,,,,,,,,,,,,,,,
1676060264.964812,1676060264.965453,88.000000,0.000000,4310.384766,4302.563965,4313.717773,4297.692383,4273.589844,4304.871582,4316.922852,4318.717773,4292.692383,4274.615234,4447.948730,4477.051270,4360.512695,4422.563965,3131.000000,4.000000,85.000000,,,,0.000000,4.000000,4.000000,4.000000,4.000000,4.000000,4.000000,4.000000,4.000000,4.000000,4.000000,4.000000,4.000000,4.000000,4.000000,100.000000,,,,,,,,,,,,,,,,,,,,,,,,,,,,,,,,,,,,,,,,,,,,,,,,,,,,,,,,,,,,,,,,,,,,,,,,,,,,,,,,,,,,,,
1676060264.972620,1676060264.973361,89.000000,0.000000,4300.641113,4291.922852,4310.641113,4290.256348,4260.128418,4293.077148,4309.743652,4319.102539,4295.512695,4273.974121,4441.025879,4471.538574,4355.256348,4422.051270,3239.000000,4.000000,85.000000,,,,0.000000,4.000000,4.000000,4.000000,4.000000,4.000000,4.000000,4.000000,4.000000,4.000000,4.000000,4.000000,4.000000,4.000000,4.000000,100.000000,,,,,,,,,,,,,,,,,,,,,,,,,,,,,,,,,,,,,,,,,,,,,,,,,,,,,,,,,,,,,,,,,,,,,,,,,,,,,,,,,,,,,,
1676060264.980429,1676060264.981170,90.000000,0.000000,4275.897461,4269.102539,4288.205078,4267.692383,4248.461426,4276.538574,4286.538574,4296.666504,4273.461426,4252.436035,4414.615234,4443.333496,4326.153809,4393.974121,2743.000000,4.000000,85.000000,,,,0.000000,4.000000,4.000000,4.000000,4.000000,4.000000,4.000000,4.000000,4.000000,4.000000,4.000000,4.000000,4.000000,4.000000,4.000000,100.000000,,,,,,,,,,,,,,,,,,,,,,,,,,,,,,,,,,,,,,,,,,,,,,,,,,,,,,,,,,,,,,,,,,,,,,,,,,,,,,,,,,,,,,
1676060264.988237,1676060264.989078,91.000000,0.000000,4293.205078,4291.153809,4304.358887,4285.000000,4264.102539,4288.205078,4296.153809,4305.128418,4285.256348,4269.358887,4435.384766,4463.205078,4347.307617,4410.256348,2924.000000,4.000000,85.000000,,,,0.000000,4.000000,4.000000,4.000000,4.000000,4.000000,4.000000,4.000000,4.000000,4.000000,4.000000,4.000000,4.000000,4.000000,4.000000,100.000000,,,,,,,,,,,,,,,,,,,,,,,,,,,,,,,,,,,,,,,,,,,,,,,,,,,,,,,,,,,,,,,,,,,,,,,,,,,,,,,,,,,,,,
1676060264.996046,1676060264.996886,92.000000,0.000000,4309.743652,4311.410156,4325.128418,4301.282227,4270.512695,4300.000000,4304.358887,4313.846191,4297.051270,4279.358887,4456.025879,4480.384766,4378.333496,4435.641113,3131.000000,4.000000,85.000000,,,,0.000000,4.000000,4.000000,4.000000,4.000000,4.000000,4.000000,4.000000,4.000000,4.000000,4.000000,4.000000,4.000000,4.000000,4.000000,100.000000,,,,,,,,,,,,,,,,,,,,,,,,,,,,,,,,,,,,,,,,,,,,,,,,,,,,,,,,,,,,,,,,,,,,,,,,,,,,,,,,,,,,,,
1676060265.003854,1676060265.004595,93.000000,0.000000,4303.205078,4296.666504,4313.333496,4291.025879,4261.153809,4290.512695,4292.692383,4296.538574,4277.820313,4258.077148,4442.179688,4462.179688,4367.692383,4428.461426,3239.000000,4.000000,85.000000,,,,0.000000,4.000000,4.000000,4.000000,4.000000,4.000000,4.000000,4.000000,4.000000,4.000000,4.000000,4.000000,4.000000,4.000000,4.000000,100.000000,,,,,,,,,,,,,,,,,,,,,,,,,,,,,,,,,,,,,,,,,,,,,,,,,,,,,,,,,,,,,,,,,,,,,,,,,,,,,,,,,,,,,,
1676060265.011662,1676060265.012403,94.000000,0.000000,4306.538574,4295.897461,4307.051270,4290.512695,4263.974121,4280.641113,4291.025879,4291.153809,4274.102539,4265.384766,4438.846191,4458.077148,4356.153809,4423.205078,2743.000000,4.000000,85.000000,,,,0.000000,4.000000,4.000000,4.000000,4.000000,4.000000,4.000000,4.000000,4.000000,4.000000,4.000000,4.000000,4.000000,4.000000,4.000000,100.000000,,,,,,,,,,,,,,,,,1.165645,1.867445,1.202168,0.557127,1.064247,1.794590,1.171682,1.068902,0.892692,1.292828,0.795475,1.932337,1.333829,0.735267,1.048192,3.915627,1.739749,1.003304,0.796476,0.828718,0.397677,0.650596,0.581097,0.464114,0.553548,0.235558,0.775715,0.749318,0.534829,0.460199,0.307935,1.253713,0.933054,0.664172,0.743649,0.867482,1.313318,1.421139,0.693245,0.994955,0.823954,1.199420,1.722273,0.653654,1.050804,0.827998,1.046332,1.249995,0.714469,1.552272,3.066284,1.636967,2.541581,0.979942,1.733580,3.279977,2.528728,2.387553,1.017845,1.515887,1.440754,1.518626,1.635509,0.912623,1.787984,2.527306,2.796035,1.660788,0.980611,1.837056
1676060265.019471,1676060265.020112,95.000000,0.000000,4305.897461,4305.897461,4310.384766,4291.153809,4269.871582,4289.487305,4297.051270,4298.717773,4284.102539,4283.461426,4438.461426,4459.102539,4353.846191,4418.717773,2924.000000,4.000000,85.000000,,,,0.000000,4.000000,4.000000,4.000000,4.000000,4.000000,4.000000,4.000000,4.000000,4.000000,4.000000,4.000000,4.000000,4.000000,4.000000,100.000000,,,,,,,,,,,,,,,,,,,,,,,,,,,,,,,,,,,,,,,,,,,,,,,,,,,,,,,,,,,,,,,,,,,,,,,,,,,,,,,,,,,,,,
1676060265.027279,1676060265.027920,96.000000,0.000000,4292.179688,4300.769043,4302.051270,4283.974121,4267.307617,4298.974121,4297.051270,4297.692383,4279.358887,4267.307617,4425.000000,4446.794922,4349.487305,4404.102539,3131.000000,4.000000,85.000000,,,,0.000000,4.000000,4.000000,4.000000,4.000000,4.000000,4.000000,4.000000,4.000000,4.000000,4.000000,4.000000,4.000000,4.000000,4.000000,100.000000,,,,,,,,,,,,,,,,,,,,,,,,,,,,,,,,,,,,,,,,,,,,,,,,,,,,,,,,,,,,,,,,,,,,,,,,,,,,,,,,,,,,,,
1676060265.035087,1676060265.035629,97.000000,0.000000,4283.461426,4288.077148,4289.102539,4278.077148,4263.205078,4294.230957,4292.563965,4291.538574,4267.051270,4248.589844,4411.538574,4435.897461,4341.410156,4393.846191,3239.000000,4.000000,85.000000,,,,0.000000,4.000000,4.000000,4.000000,4.000000,4.000000,4.000000,4.000000,4.000000,4.000000,4.000000,4.000000,4.000000,4.000000,4.000000,100.000000,,,,,,,,,,,,,,,,,,,,,,,,,,,,,,,,,,,,,,,,,,,,,,,,,,,,,,,,,,,,,,,,,,,,,,,,,,,,,,,,,,,,,,
1676060265.042896,1676060265.043437,98.000000,0.000000,4273.974121,4272.948730,4281.794922,4263.461426,4258.846191,4289.871582,4286.666504,4283.333496,4258.974121,4243.589844,4399.871582,4423.589844,4322.820313,4383.717773,2743.000000,4.000000,85.000000,,,,0.000000,4.000000,4.000000,4.000000,4.000000,4.000000,4.000000,4.000000,4.000000,4.000000,4.000000,4.000000,4.000000,4.000000,4.000000,100.000000,,,,,,,,,,,,,,,,,,,,,,,,,,,,,,,,,,,,,,,,,,,,,,,,,,,,,,,,,,,,,,,,,,,,,,,,,,,,,,,,,,,,,,
1676060265.050704,1676060265.051146,99.000000,0.000000,4286.025879,4283.333496,4300.897461,4271.153809,4267.179688,4297.307617,4300.128418,4299.487305,4279.871582,4255.384766,4422.307617,4442.563965,4340.641113,4401.282227,2924.000000,4.000000,85.000000,,,,0.000000,4.000000,4.000000,4.000000,4.000000,4.000000,4.000000,4.000000,4.000000,4.000000,4.000000,4.000000,4.000000,4.000000,4.000000,100.000000,,,,,,,,,,,,,,,,,,,,,,,,,,,,,,,,,,,,,,,,,,,,,,,,,,,,,,,,,,,,,,,,,,,,,,,,,,,,,,,,,,,,,,
1676060265.058513,1676060265.058954,100.000000,0.000000,4304.358887,4304.487305,4324.615234,4296.794922,4272.948730,4298.717773,4313.717773,4322.051270,4303.589844,4272.820313,4452.563965,4476.538574,4371.282227,4427.692383,3131.000000,4.000000,85.000000,,,,0.000000,4.000000,4.000000,4.000000,4.000000,4.000000,4.000000,4.000000,4.000000,4.000000,4.000000,4.000000,4.000000,4.000000,4.000000,100.000000,,,,,,,,,,,,,,,,,,,,,,,,,,,,,,,,,,,,,,,,,,,,,,,,,,,,,,,,,,,,,,,,,,,,,,,,,,,,,,,,,,,,,,
1676060265.066321,1676060265.066663,101.000000,0.000000,4296.794922,4293.461426,4314.358887,4291.282227,4262.179688,4292.563965,4298.974121,4310.641113,4286.282227,4269.487305,4436.282227,4466.922852,4352.820313,4418.717773,3239.000000,4.000000,85.000000,,,,0.000000,4.000000,4.000000,4.000000,4.000000,4.000000,4.000000,4.000000,4.000000,4.000000,4.000000,4.000000,4.000000,4.000000,4.000000,100.000000,,,,,,,,,,,,,,,,,,,,,,,,,,,,,,,,,,,,,,,,,,,,,,,,,,,,,,,,,,,,,,,,,,,,,,,,,,,,,,,,,,,,,,
1676060265.074129,1676060265.074471,102.000000,0.000000,4297.820313,4284.358887,4305.512695,4284.230957,4261.410156,4294.230957,4291.282227,4302.820313,4274.871582,4265.256348,4424.230957,4452.436035,4341.922852,4412.563965,2743.000000,4.000000,85.000000,,,,0.000000,4.000000,4.000000,4.000000,4.000000,4.000000,4.000000,4.000000,4.000000,4.000000,4.000000,4.000000,4.000000,4.000000,4.000000,100.000000,,,,,,,,,,,,,,,,,,,,,,,,,,,,,,,,,,,,,,,,,,,,,,,,,,,,,,,,,,,,,,,,,,,,,,,,,,,,,,,,,,,,,,
1676060265.081938,1676060265.082180,103.000000,0.000000,4310.641113,4300.384766,4312.179688,4302.563965,4268.974121,4290.897461,4297.692383,4312.179688,4291.282227,4272.563965,4437.692383,4462.563965,4363.205078,4420.641113,2924.000000,4.000000,85.000000,,,,0.000000,4.000000,4.000000,4.000000,4.000000,4.000000,4.000000,4.000000,4.000000,4.000000,4.000000,4.000000,4.000000,4.000000,4.000000,100.000000,,,,,,,,,,,,,,,,,,,,,,,,,,,,,,,,,,,,,,,,,,,,,,,,,,,,,,,,,,,,,,,,,,,,,,,,,,,,,,,,,,,,,,
1676060265.089746,1676060265.090088,104.000000,0.000000,4296.410156,4295.384766,4299.615234,4304.615234,4260.384766,4282.179688,4286.922852,4300.384766,4285.769043,4268.461426,4423.846191,4456.410156,4354.487305,4403.974121,3131.000000,4.000000,85.000000,,,,0.000000,4.000000,4.000000,4.000000,4.000000,4.000000,4.000000,4.000000,4.000000,4.000000,4.000000,4.000000,4.000000,4.000000,4.000000,100.000000,,,,,,,,,,,,,,,,,,,,,,,,,,,,,,,,,,,,,,,,,,,,,,,,,,,,,,,,,,,,,,,,,,,,,,,,,,,,,,,,,,,,,,
1676060265.097555,1676060265.097897,105.000000,0.000000,4284.102539,4278.974121,4286.282227,4301.153809,4251.282227,4284.102539,4278.205078,4283.846191,4265.512695,4258.205078,4407.820313,4447.179688,4334.871582,4390.641113,3239.000000,4.000000,85.000000,,,,0.000000,4.000000,4.000000,4.000000,4.000000,4.000000,4.000000,4.000000,4.000000,4.000000,4.000000,4.000000,4.000000,4.000000,4.000000,100.000000,,,,,,,,,,,,,,,,,,,,,,,,,,,,,,,,,,,,,,,,,,,,,,,,,,,,,,,,,,,,,,,,,,,,,,,,,,,,,,,,,,,,,,
1676060265.105363,1676060265.105805,106.000000,0.000000,4301.153809,4292.820313,4303.333496,4326.282227,4262.692383,4295.256348,4293.846191,4298.846191,4274.743652,4263.974121,4427.436035,4471.538574,4356.666504,4410.769043,2743.000000,4.000000,85.000000,,,,0.000000,4.000000,4.000000,4.000000,4.000000,4.000000,4.000000,4.000000,4.000000,4.000000,4.000000,4.000000,4.000000,4.000000,4.000000,100.000000,,,,,,,,,,,,,,,,,,,,,,,,,,,,,,,,,,,,,,,,,,,,,,,,,,,,,,,,,,,,,,,,,,,,,,,,,,,,,,,,,,,,,,
1676060265.113171,1676060265.113613,107.000000,0.000000,4302.179688,4305.512695,4313.205078,4343.461426,4272.692383,4297.051270,4301.410156,4311.025879,4289.230957,4271.282227,4435.256348,4491.922852,4368.846191,4419.743652,2924.000000,4.000000,85.000000,,,,0.000000,4.000000,4.000000,4.000000,4.000000,4.000000,4.000000,4.000000,4.000000,4.000000,4.000000,4.000000,4.000000,4.000000,4.000000,100.000000,,,,,,,,,,,,,,,,,,,,,,,,,,,,,,,,,,,,,,,,,,,,,,,,,,,,,,,,,,,,,,,,,,,,,,,,,,,,,,,,,,,,,,
1676060265.120980,1676060265.121522,108.000000,0.000000,4288.846191,4295.512695,4301.410156,4337.307617,4269.487305,4293.589844,4296.538574,4304.487305,4284.487305,4264.358887,4424.487305,4491.153809,4355.128418,4410.384766,3131.000000,4.000000,85.000000,,,,0.000000,4.000000,4.000000,4.000000,4.000000,4.000000,4.000000,4.000000,4.000000,4.000000,4.000000,4.000000,4.000000,4.000000,4.000000,100.000000,,,,,,,,,,,,,,,,,,,,,,,,,,,,,,,,,,,,,,,,,,,,,,,,,,,,,,,,,,,,,,,,,,,,,,,,,,,,,,,,,,,,,,
1676060265.128788,1676060265.129330,109.000000,0.000000,4294.615234,4288.846191,4298.333496,4336.153809,4264.871582,4294.358887,4300.512695,4303.974121,4283.205078,4261.153809,4425.384766,4495.384766,4354.358887,4409.743652,3239.000000,4.000000,85.000000,,,,0.000000,4.000000,4.000000,4.000000,4.000000,4.000000,4.000000,4.000000,4.000000,4.000000,4.000000,4.000000,4.000000,4.000000,4.000000,100.000000,,,,,,,,,,,,,,,,,,,,,,,,,,,,,,,,,,,,,,,,,,,,,,,,,,,,,,,,,,,,,,,,,,,,,,,,,,,,,,,,,,,,,,
1676060265.136597,1676060265.137239,110.000000,0.000000,4292.948730,4286.538574,4295.128418,4335.641113,4262.051270,4288.846191,4296.025879,4302.563965,4278.205078,4263.461426,4414.871582,4490.641113,4345.128418,4402.051270,2743.000000,4.000000,85.000000,,,,0.000000,4.000000,4.000000,4.000000,4.000000,4.000000,4.000000,4.000000,4.000000,4.000000,4.000000,4.000000,4.000000,4.000000,4.000000,100.000000,,,,,,,,,,,,,,,,,1.208830,2.025863,1.036265,0.648172,1.104952,3.142811,1.414723,0.981027,0.955101,1.278129,0.803229,1.936339,1.212385,0.884353,1.126804,4.084523,1.987697,0.995651,0.878223,0.883771,0.459831,0.693487,0.507078,0.478198,0.584149,0.270462,0.771999,0.727640,0.548519,0.438944,0.428395,1.248868,0.933481,0.746219,0.761107,0.914519,1.433107,1.367908,0.835346,1.058057,0.807434,1.213764,1.684816,0.766862,1.113884,0.919195,1.270990,1.297702,0.885887,1.499940,2.746023,1.799192,2.128342,1.087243,1.796738,3.346298,3.027525,2.080227,1.158177,1.611330,2.158671,1.953391,1.447781,1.019521,1.829376,3.563298,3.325574,1.544771,1.195201,1.986300
1676060265.144405,1676060265.145047,111.000000,0.000000,4274.102539,4277.051270,4280.384766,4326.282227,4260.000000,4276.282227,4280.512695,4292.307617,4264.358887,4250.641113,4394.871582,4473.077148,4325.384766,4387.563965,2924.000000,4.000000,85.000000,,,,0.000000,4.000000,4.000000,4.000000,4.000000,4.000000,4.000000,4.000000,4.000000,4.000000,4.000000,4.000000,4.000000,4.000000,4.000000,100.000000,,,,,,,,,,,,,,,,,,,,,,,,,,,,,,,,,,,,,,,,,,,,,,,,,,,,,,,,,,,,,,,,,,,,,,,,,,,,,,,,,,,,,,
1676060265.152213,1676060265.152955,112.000000,0.000000,4276.794922,4276.794922,4282.948730,4323.717773,4261.794922,4276.666504,4282.563965,4291.025879,4268.461426,4242.820313,4407.436035,4478.333496,4336.282227,4395.128418,3131.000000,4.000000,85.000000,,,,0.000000,4.000000,4.000000,4.000000,4.000000,4.000000,4.000000,4.000000,4.000000,4.000000,4.000000,4.000000,4.000000,4.000000,4.000000,100.000000,,,,,,,,,,,,,,,,,,,,,,,,,,,,,,,,,,,,,,,,,,,,,,,,,,,,,,,,,,,,,,,,,,,,,,,,,,,,,,,,,,,,,,
1676060265.160022,1676060265.160764,113.000000,0.000000,4295.128418,4285.641113,4298.333496,4329.230957,4263.589844,4284.615234,4292.179688,4301.538574,4283.205078,4261.666504,4428.846191,4496.666504,4355.897461,4411.282227,3239.000000,4.000000,85.000000,,,,0.000000,4.000000,4.000000,4.000000,4.000000,4.000000,4.000000,4.000000,4.000000,4.000000,4.000000,4.000000,4.000000,4.000000,4.000000,100.000000,,,,,,,,,,,,,,,,,,,,,,,,,,,,,,,,,,,,,,,,,,,,,,,,,,,,,,,,,,,,,,,,,,,,,,,,,,,,,,,,,,,,,,
1676060265.167830,1676060265.168672,114.000000,0.000000,4293.717773,4280.897461,4295.128418,4325.769043,4261.410156,4283.974121,4285.000000,4300.769043,4282.563965,4276.153809,4421.282227,4494.102539,4347.051270,4407.307617,2743.000000,4.000000,85.000000,,,,0.000000,4.000000,4.000000,4.000000,4.000000,4.000000,4.000000,4.000000,4.000000,4.000000,4.000000,4.000000,4.000000,4.000000,4.000000,100.000000,,,,,,,,,,,,,,,,,,,,,,,,,,,,,,,,,,,,,,,,,,,,,,,,,,,,,,,,,,,,,,,,,,,,,,,,,,,,,,,,,,,,,,
1676060265.175639,1676060265.176481,115.000000,0.000000,4293.846191,4284.743652,4296.666504,4327.820313,4262.948730,4286.666504,4285.384766,4301.025879,4286.282227,4276.666504,4427.820313,4496.922852,4355.897461,4414.743652,2924.000000,4.000000,85.000000,,,,0.000000,4.000000,4.000000,4.000000,4.000000,4.000000,4.000000,4.000000,4.000000,4.000000,4.000000,4.000000,4.000000,4.000000,4.000000,100.000000,,,,,,,,,,,,,,,,,,,,,,,,,,,,,,,,,,,,,,,,,,,,,,,,,,,,,,,,,,,,,,,,,,,,,,,,,,,,,,,,,,,,,,
1676060265.183447,1676060265.184389,116.000000,0.000000,4301.282227,4298.333496,4314.358887,4334.102539,4266.922852,4293.974121,4300.384766,4311.410156,4297.820313,4276.025879,4449.871582,4515.000000,4378.974121,4432.307617,3131.000000,4.000000,85.000000,,,,0.000000,4.000000,4.000000,4.000000,4.000000,4.000000,4.000000,4.000000,4.000000,4.000000,4.000000,4.000000,4.000000,4.000000,4.000000,100.000000,,,,,,,,,,,,,,,,,,,,,,,,,,,,,,,,,,,,,,,,,,,,,,,,,,,,,,,,,,,,,,,,,,,,,,,,,,,,,,,,,,,,,,
1676060265.191255,1676060265.192197,117.000000,0.000000,4296.922852,4287.563965,4315.512695,4326.922852,4265.512695,4296.538574,4300.897461,4311.794922,4296.922852,4273.461426,4440.384766,4513.589844,4366.282227,4422.948730,3239.000000,4.000000,85.000000,,,,0.000000,4.000000,4.000000,4.000000,4.000000,4.000000,4.000000,4.000000,4.000000,4.000000,4.000000,4.000000,4.000000,4.000000,4.000000,100.000000,,,,,,,,,,,,,,,,,,,,,,,,,,,,,,,,,,,,,,,,,,,,,,,,,,,,,,,,,,,,,,,,,,,,,,,,,,,,,,,,,,,,,,
1676060265.199064,1676060265.199906,118.000000,0.000000,4292.948730,4274.358887,4307.563965,4322.307617,4264.358887,4293.974121,4294.230957,4311.794922,4292.820313,4269.743652,4424.230957,4504.487305,4351.794922,4409.871582,2743.000000,4.000000,85.000000,,,,0.000000,4.000000,4.000000,4.000000,4.000000,4.000000,4.000000,4.000000,4.000000,4.000000,4.000000,4.000000,4.000000,4.000000,4.000000,100.000000,,,,,,,,,,,,,,,,,,,,,,,,,,,,,,,,,,,,,,,,,,,,,,,,,,,,,,,,,,,,,,,,,,,,,,,,,,,,,,,,,,,,,,
1676060265.206872,1676060265.207714,119.000000,0.000000,4296.922852,4289.102539,4305.641113,4327.436035,4258.717773,4285.384766,4297.436035,4318.077148,4288.717773,4263.077148,4430.641113,4507.179688,4359.871582,4415.256348,2924.000000,4.000000,85.000000,,,,0.000000,4.000000,4.000000,4.000000,4.000000,4.000000,4.000000,4.000000,4.000000,4.000000,4.000000,4.000000,4.000000,4.000000,4.000000,100.000000,,,,,,,,,,,,,,,,,,,,,,,,,,,,,,,,,,,,,,,,,,,,,,,,,,,,,,,,,,,,,,,,,,,,,,,,,,,,,,,,,,,,,,
1676060265.214680,1676060265.215423,120.000000,0.000000,4302.692383,4302.436035,4303.077148,4330.897461,4256.153809,4284.358887,4300.641113,4317.820313,4286.025879,4261.410156,4433.333496,4506.025879,4362.820313,4416.666504,3131.000000,4.000000,85.000000,,,,0.000000,4.000000,4.000000,4.000000,4.000000,4.000000,4.000000,4.000000,4.000000,4.000000,4.000000,4.000000,4.000000,4.000000,4.000000,100.000000,,,,,,,,,,,,,,,,,,,,,,,,,,,,,,,,,,,,,,,,,,,,,,,,,,,,,,,,,,,,,,,,,,,,,,,,,,,,,,,,,,,,,,
1676060265.222489,1676060265.223231,121.000000,0.000000,4295.769043,4285.512695,4294.230957,4324.487305,4262.436035,4288.589844,4292.948730,4305.384766,4285.384766,4269.230957,4417.307617,4492.179688,4352.563965,4403.974121,3239.000000,4.000000,85.000000,,,,0.000000,4.000000,4.000000,4.000000,4.000000,4.000000,4.000000,4.000000,4.000000,4.000000,4.000000,4.000000,4.000000,4.000000,4.000000,100.000000,,,,,,,,,,,,,,,,,,,,,,,,,,,,,,,,,,,,,,,,,,,,,,,,,,,,,,,,,,,,,,,,,,,,,,,,,,,,,,,,,,,,,,
1676060265.230297,1676060265.230940,122.000000,0.000000,4280.128418,4273.077148,4289.102539,4319.615234,4264.743652,4283.077148,4287.179688,4295.000000,4278.333496,4269.487305,4409.230957,4484.487305,4347.820313,4399.102539,2743.000000,4.000000,85.000000,,,,0.000000,4.000000,4.000000,4.000000,4.000000,4.000000,4.000000,4.000000,4.000000,4.000000,4.000000,4.000000,4.000000,4.000000,4.000000,100.000000,,,,,,,,,,,,,,,,,,,,,,,,,,,,,,,,,,,,,,,,,,,,,,,,,,,,,,,,,,,,,,,,,,,,,,,,,,,,,,,,,,,,,,
1676060265.238105,1676060265.238848,123.000000,0.000000,4293.589844,4296.153809,4309.615234,4335.641113,4271.282227,4285.512695,4297.820313,4308.077148,4287.692383,4273.205078,4433.461426,4507.692383,4366.025879,4424.615234,2924.000000,4.000000,85.000000,,,,0.000000,4.000000,4.000000,4.000000,4.000000,4.000000,4.000000,4.000000,4.000000,4.000000,4.000000,4.000000,4.000000,4.000000,4.000000,100.000000,,,,,,,,,,,,,,,,,,,,,,,,,,,,,,,,,,,,,,,,,,,,,,,,,,,,,,,,,,,,,,,,,,,,,,,,,,,,,,,,,,,,,,
1676060265.245914,1676060265.246657,124.000000,0.000000,4322.563965,4318.205078,4331.153809,4348.974121,4283.461426,4301.922852,4306.666504,4322.307617,4306.025879,4283.717773,4455.256348,4528.461426,4385.897461,4443.846191,3131.000000,4.000000,85.000000,,,,0.000000,4.000000,4.000000,4.000000,4.000000,4.000000,4.000000,4.000000,4.000000,4.000000,4.000000,4.000000,4.000000,4.000000,4.000000,100.000000,,,,,,,,,,,,,,,,,,,,,,,,,,,,,,,,,,,,,,,,,,,,,,,,,,,,,,,,,,,,,,,,,,,,,,,,,,,,,,,,,,,,,,
1676060265.253722,1676060265.254465,125.000000,0.000000,4312.563965,4302.948730,4315.384766,4333.974121,4276.153809,4300.641113,4298.077148,4308.333496,4293.717773,4270.128418,4440.256348,4509.615234,4378.461426,4421.538574,3239.000000,4.000000,85.000000,,,,0.000000,4.000000,4.000000,4.000000,4.000000,4.000000,4.000000,4.000000,4.000000,4.000000,4.000000,4.000000,4.000000,4.000000,4.000000,100.000000,,,,,,,,,,,,,,,,,,,,,,,,,,,,,,,,,,,,,,,,,,,,,,,,,,,,,,,,,,,,,,,,,,,,,,,,,,,,,,,,,,,,,,
1676060265.261531,1676060265.262174,126.000000,0.000000,4284.358887,4277.051270,4293.077148,4318.333496,4258.205078,4283.077148,4288.461426,4292.563965,4275.000000,4254.871582,4421.666504,4484.615234,4359.358887,4401.410156,2743.000000,4.000000,85.000000,,,,0.000000,4.000000,4.000000,4.000000,4.000000,4.000000,4.000000,4.000000,4.000000,4.000000,4.000000,4.000000,4.000000,4.000000,4.000000,100.000000,,,,,,,,,,,,,,,,,1.373692,2.241141,0.938856,0.725688,1.178317,4.871021,1.730895,0.975978,1.006415,1.275969,0.963282,1.979450,1.169885,1.001909,1.226957,4.357108,2.215000,1.000244,0.940890,0.954131,0.515394,0.750034,0.444637,0.484793,0.616197,0.339692,0.740554,0.697944,0.545793,0.438580,0.586590,1.221369,0.946010,0.794191,0.789077,0.946522,1.594509,1.297749,0.965157,1.130948,0.810027,1.276361,1.623137,0.865416,1.223584,0.994024,1.503013,1.377396,1.079966,1.463484,2.354073,1.911142,1.746639,1.192532,1.924088,3.651610,3.524768,1.812445,1.270676,1.716442,3.092324,2.470205,1.363368,1.131086,1.941416,4.764598,3.875693,1.560897,1.387834,2.167429
1676060265.269339,1676060265.270082,127.000000,0.000000,4287.307617,4276.922852,4297.563965,4323.589844,4261.410156,4279.230957,4292.051270,4303.077148,4282.820313,4273.077148,4426.538574,4488.717773,4355.384766,4412.179688,85.000000,4.000000,85.000000,,,,0.000000,4.000000,4.000000,4.000000,4.000000,4.000000,4.000000,4.000000,4.000000,4.000000,4.000000,4.000000,4.000000,4.000000,4.000000,100.000000,,,,,,,,,,,,,,,,,,,,,,,,,,,,,,,,,,,,,,,,,,,,,,,,,,,,,,,,,,,,,,,,,,,,,,,,,,,,,,,,,,,,,,
1676060265.277147,1676060265.277890,0.000000,0.000000,4302.692383,4291.025879,4310.769043,4329.230957,4276.153809,4288.846191,4300.512695,4317.692383,4297.692383,4289.487305,4435.128418,4506.538574,4363.589844,4419.358887,2513.000000,4.000000,85.000000,,,,0.000000,4.000000,4.000000,4.000000,4.000000,4.000000,4.000000,4.000000,4.000000,4.000000,4.000000,4.000000,4.000000,4.000000,4.000000,100.000000,,,,,,,,,,,,,,,,,,,,,,,,,,,,,,,,,,,,,,,,,,,,,,,,,,,,,,,,,,,,,,,,,,,,,,,,,,,,,,,,,,,,,,
1676060265.284956,1676060265.285699,1.000000,0.000000,4304.102539,4290.897461,4312.563965,4323.333496,4278.461426,4299.102539,4302.307617,4317.051270,4297.436035,4277.307617,4433.077148,4508.717773,4368.333496,4409.615234,2474.000000,4.000000,85.000000,,,,0.000000,4.000000,4.000000,4.000000,4.000000,4.000000,4.000000,4.000000,4.000000,4.000000,4.000000,4.000000,4.000000,4.000000,4.000000,100.000000,,,,,,,,,,,,,,,,,,,,,,,,,,,,,,,,,,,,,,,,,,,,,,,,,,,,,,,,,,,,,,,,,,,,,,,,,,,,,,,,,,,,,,
1676060265.292764,1676060265.293407,2.000000,0.000000,4292.436035,4276.282227,4301.794922,4312.563965,4267.820313,4293.589844,4295.897461,4310.641113,4286.025879,4264.102539,4425.256348,4495.384766,4356.922852,4404.102539,2399.000000,4.000000,85.000000,,,,0.000000,4.000000,4.000000,4.000000,4.000000,4.000000,4.000000,4.000000,4.000000,4.000000,4.000000,4.000000,4.000000,4.000000,4.000000,100.000000,,,,,,,,,,,,,,,,,,,,,,,,,,,,,,,,,,,,,,,,,,,,,,,,,,,,,,,,,,,,,,,,,,,,,,,,,,,,,,,,,,,,,,
1676060265.300573,1676060265.301316,3.000000,0.000000,4284.230957,4272.436035,4295.769043,4310.897461,4262.051270,4282.436035,4292.820313,4308.846191,4281.282227,4270.384766,4433.077148,4487.692383,4351.666504,4410.897461,2476.000000,4.000000,85.000000,,,,0.000000,4.000000,4.000000,4.000000,4.000000,4.000000,4.000000,4.000000,4.000000,4.000000,4.000000,4.000000,4.000000,4.000000,4.000000,100.000000,,,,,,,,,,,,,,,,,,,,,,,,,,,,,,,,,,,,,,,,,,,,,,,,,,,,,,,,,,,,,,,,,,,,,,,,,,,,,,,,,,,,,,
1676060265.308381,1676060265.309124,4.000000,0.000000,4298.589844,4282.563965,4302.179688,4318.589844,4270.769043,4289.743652,4297.820313,4310.384766,4286.666504,4280.512695,4456.282227,4494.230957,4365.641113,4415.000000,2436.000000,4.000000,85.000000,,,,0.000000,4.000000,4.000000,4.000000,4.000000,4.000000,4.000000,4.000000,4.000000,4.000000,4.000000,4.000000,4.000000,4.000000,4.000000,100.000000,,,,,,,,,,,,,,,,,,,,,,,,,,,,,,,,,,,,,,,,,,,,,,,,,,,,,,,,,,,,,,,,,,,,,,,,,,,,,,,,,,,,,,
1676060265.316189,1676060265.317033,5.000000,0.000000,4306.666504,4284.871582,4300.641113,4315.897461,4276.794922,4298.461426,4296.153809,4307.436035,4284.487305,4271.794922,4463.974121,4495.128418,4363.333496,4408.077148,2369.000000,4.000000,85.000000,,,,0.000000,4.000000,4.000000,4.000000,4.000000,4.000000,4.000000,4.000000,4.000000,4.000000,4.000000,4.000000,4.000000,4.000000,4.000000,100.000000,,,,,,,,,,,,,,,,,,,,,,,,,,,,,,,,,,,,,,,,,,,,,,,,,,,,,,,,,,,,,,,,,,,,,,,,,,,,,,,,,,,,,,
1676060265.323998,1676060265.324841,6.000000,0.000000,4296.153809,4280.641113,4296.025879,4311.794922,4275.769043,4296.410156,4293.077148,4306.922852,4280.000000,4254.743652,4465.384766,4487.820313,4354.615234,4408.205078,2219.000000,4.000000,85.000000,,,,0.000000,4.000000,4.000000,4.000000,4.000000,4.000000,4.000000,4.000000,4.000000,4.000000,4.000000,4.000000,4.000000,4.000000,4.000000,100.000000,,,,,,,,,,,,,,,,,,,,,,,,,,,,,,,,,,,,,,,,,,,,,,,,,,,,,,,,,,,,,,,,,,,,,,,,,,,,,,,,,,,,,,
1676060265.331806,1676060265.332749,7.000000,0.000000,4296.538574,4278.077148,4302.307617,4316.922852,4276.153809,4291.282227,4291.922852,4311.666504,4287.948730,4257.820313,4481.282227,4487.051270,4362.948730,4415.000000,2221.000000,4.000000,85.000000,,,,0.000000,4.000000,4.000000,4.000000,4.000000,4.000000,4.000000,4.000000,4.000000,4.000000,4.000000,4.000000,4.000000,4.000000,4.000000,100.000000,,,,,,,,,,,,,,,,,,,,,,,,,,,,,,,,,,,,,,,,,,,,,,,,,,,,,,,,,,,,,,,,,,,,,,,,,,,,,,,,,,,,,,
1676060265.339615,1676060265.340558,8.000000,0.000000,4308.846191,4285.897461,4312.307617,4321.666504,4279.358887,4291.025879,4293.846191,4314.102539,4299.743652,4282.051270,4492.692383,4497.692383,4369.230957,4418.461426,2272.000000,4.000000,85.000000,,,,0.000000,4.000000,4.000000,4.000000,4.000000,4.000000,4.000000,4.000000,4.000000,4.000000,4.000000,4.000000,4.000000,4.000000,4.000000,100.000000,,,,,,,,,,,,,,,,,,,,,,,,,,,,,,,,,,,,,,,,,,,,,,,,,,,,,,,,,,,,,,,,,,,,,,,,,,,,,,,,,,,,,,
1676060265.347423,1676060265.348466,9.000000,0.000000,4308.717773,4297.948730,4316.794922,4321.282227,4279.102539,4293.974121,4300.128418,4318.717773,4307.307617,4298.717773,4491.538574,4509.102539,4369.230957,4425.897461,2239.000000,4.000000,85.000000,,,,0.000000,4.000000,4.000000,4.000000,4.000000,4.000000,4.000000,4.000000,4.000000,4.000000,4.000000,4.000000,4.000000,4.000000,4.000000,100.000000,,,,,,,,,,,,,,,,,,,,,,,,,,,,,,,,,,,,,,,,,,,,,,,,,,,,,,,,,,,,,,,,,,,,,,,,,,,,,,,,,,,,,,
1676060265.355231,1676060265.356275,10.000000,0.000000,4290.769043,4279.487305,4305.128418,4306.794922,4268.589844,4289.871582,4296.794922,4314.358887,4297.179688,4279.487305,4473.717773,4494.615234,4359.743652,4415.512695,2737.000000,4.000000,85.000000,,,,0.000000,4.000000,4.000000,4.000000,4.000000,4.000000,4.000000,4.000000,4.000000,4.000000,4.000000,4.000000,4.000000,4.000000,4.000000,100.000000,,,,,,,,,,,,,,,,,,,,,,,,,,,,,,,,,,,,,,,,,,,,,,,,,,,,,,,,,,,,,,,,,,,,,,,,,,,,,,,,,,,,,,
1676060265.363040,1676060265.364183,11.000000,0.000000,4286.922852,4260.512695,4298.461426,4298.717773,4267.307617,4289.102539,4299.743652,4310.512695,4289.871582,4265.641113,4459.102539,4483.589844,4350.641113,4400.512695,2919.000000,4.000000,85.000000,,,,0.000000,4.000000,4.000000,4.000000,4.000000,4.000000,4.000000,4.000000,4.000000,4.000000,4.000000,4.000000,4.000000,4.000000,4.000000,100.000000,,,,,,,,,,,,,,,,,,,,,,,,,,,,,,,,,,,,,,,,,,,,,,,,,,,,,,,,,,,,,,,,,,,,,,,,,,,,,,,,,,,,,,
1676060265.370848,1676060265.371991,12.000000,0.000000,4303.205078,4278.205078,4316.794922,4314.230957,4282.179688,4305.512695,4318.717773,4326.666504,4308.589844,4284.358887,4475.000000,4506.410156,4366.922852,4418.333496,3134.000000,4.000000,85.000000,,,,0.000000,4.000000,4.000000,4.000000,4.000000,4.000000,4.000000,4.000000,4.000000,4.000000,4.000000,4.000000,4.000000,4.000000,4.000000,100.000000,,,,,,,,,,,,,,,,,,,,,,,,,,,,,,,,,,,,,,,,,,,,,,,,,,,,,,,,,,,,,,,,,,,,,,,,,,,,,,,,,,,,,,
1676060265.378657,1676060265.379700,13.000000,0.000000,4303.974121,4287.307617,4321.282227,4317.179688,4282.563965,4315.000000,4319.487305,4334.615234,4311.025879,4285.512695,4480.897461,4512.820313,4379.102539,4423.846191,3244.000000,4.000000,85.000000,,,,0.000000,4.000000,4.000000,4.000000,4.000000,4.000000,4.000000,4.000000,4.000000,4.000000,4.000000,4.000000,4.000000,4.000000,4.000000,100.000000,,,,,,,,,,,,,,,,,,,,,,,,,,,,,,,,,,,,,,,,,,,,,,,,,,,,,,,,,,,,,,,,,,,,,,,,,,,,,,,,,,,,,,
1676060265.386465,1676060265.387508,14.000000,0.000000,4295.000000,4273.333496,4304.871582,4304.358887,4272.820313,4303.333496,4305.128418,4319.358887,4295.256348,4275.128418,4460.256348,4497.948730,4365.128418,4407.692383,2737.000000,4.000000,85.000000,,,,0.000000,4.000000,4.000000,4.000000,4.000000,4.000000,4.000000,4.000000,4.000000,4.000000,4.000000,4.000000,4.000000,4.000000,4.000000,100.000000,1.000000,75.000000,4.000000,4.000000,3.000000,4.000000,3.000000,4.000000,4.000000,4.000000,4.000000,3.000000,3.000000,3.000000,3.000000,3.000000,1.524970,2.432055,0.902840,0.761722,1.273582,6.482472,1.987863,1.028203,1.018887,1.290517,1.148142,2.056938,1.176857,1.043493,1.342180,4.495700,2.365668,1.014524,0.958346,1.031620,0.576492,0.808802,0.415596,0.473780,0.645362,0.429635,0.699841,0.674309,0.517464,0.470346,0.714718,1.168386,0.963166,0.781948,0.840930,0.911893,1.773820,1.224612,1.030129,1.215840,0.805526,1.407780,1.529248,0.906327,1.369679,1.020070,1.714741,1.480576,1.242115,1.466971,1.958732,1.945229,1.387069,1.254919,2.107179,3.933817,3.878028,1.575804,1.305408,1.828217,3.896011,2.933755,1.313565,1.194709,2.107857,5.658650,4.260913,1.586878,1.484307,2.347721
1676060265.394273,1676060265.395217,15.000000,0.000000,4304.230957,4281.282227,4312.307617,4311.922852,4279.230957,4300.000000,4307.820313,4313.333496,4295.384766,4285.769043,4460.128418,4505.128418,4366.538574,4421.538574,2919.000000,4.000000,85.000000,,,,0.000000,4.000000,4.000000,4.000000,4.000000,4.000000,4.000000,4.000000,4.000000,4.000000,4.000000,4.000000,4.000000,4.000000,4.000000,100.000000,,,,,,,,,,,,,,,,,,,,,,,,,,,,,,,,,,,,,,,,,,,,,,,,,,,,,,,,,,,,,,,,,,,,,,,,,,,,,,,,,,,,,,
1676060265.402082,1676060265.403025,16.000000,0.000000,4303.974121,4283.846191,4315.000000,4309.871582,4274.487305,4297.563965,4302.051270,4311.025879,4287.692383,4271.282227,4458.974121,4501.922852,4366.794922,4424.743652,0.000000,4.000000,85.000000,,,,0.000000,4.000000,4.000000,4.000000,4.000000,4.000000,4.000000,4.000000,4.000000,4.000000,4.000000,4.000000,4.000000,4.000000,4.000000,100.000000,,,,,,,,,,,,,,,,,,,,,,,,,,,,,,,,,,,,,,,,,,,,,,,,,,,,,,,,,,,,,,,,,,,,,,,,,,,,,,,,,,,,,,
1676060265.409890,1676060265.410734,17.000000,0.000000,4287.436035,4262.820313,4296.025879,4291.922852,4259.102539,4287.436035,4286.153809,4302.563965,4273.077148,4247.563965,4436.410156,4480.769043,4341.282227,4398.333496,0.000000,4.000000,85.000000,,,,0.000000,4.000000,4.000000,4.000000,4.000000,4.000000,4.000000,4.000000,4.000000,4.000000,4.000000,4.000000,4.000000,4.000000,4.000000,100.000000,,,,,,,,,,,,,,,,,,,,,,,,,,,,,,,,,,,,,,,,,,,,,,,,,,,,,,,,,,,,,,,,,,,,,,,,,,,,,,,,,,,,,,
1676060265.417698,1676060265.418542,18.000000,0.000000,4291.282227,4264.615234,4305.384766,4302.820313,4270.000000,4295.512695,4296.666504,4311.922852,4287.051270,4272.563965,4442.820313,4492.820313,4345.769043,4411.153809,0.000000,4.000000,85.000000,,,,0.000000,4.000000,4.000000,4.000000,4.000000,4.000000,4.000000,4.000000,4.000000,4.000000,4.000000,4.000000,4.000000,4.000000,4.000000,100.000000,,,,,,,,,,,,,,,,,,,,,,,,,,,,,,,,,,,,,,,,,,,,,,,,,,,,,,,,,,,,,,,,,,,,,,,,,,,,,,,,,,,,,,
1676060265.425507,1676060265.426251,19.000000,0.000000,4301.025879,4276.025879,4323.717773,4318.461426,4284.102539,4306.153809,4308.205078,4323.461426,4301.153809,4293.333496,4464.743652,4509.358887,4373.333496,4437.436035,0.000000,4.000000,85.000000,,,,0.000000,4.000000,4.000000,4.000000,4.000000,4.000000,4.000000,4.000000,4.000000,4.000000,4.000000,4.000000,4.000000,4.000000,4.000000,100.000000,,,,,,,,,,,,,,,,,,,,,,,,,,,,,,,,,,,,,,,,,,,,,,,,,,,,,,,,,,,,,,,,,,,,,,,,,,,,,,,,,,,,,,
1676060265.433315,1676060265.434059,20.000000,0.000000,4297.307617,4270.897461,4313.205078,4309.102539,4277.692383,4300.897461,4298.461426,4319.230957,4292.820313,4274.102539,4458.333496,4498.461426,4367.820313,4421.538574,0.000000,4.000000,85.000000,,,,0.000000,4.000000,4.000000,4.000000,4.000000,4.000000,4.000000,4.000000,4.000000,4.000000,4.000000,4.000000,4.000000,4.000000,4.000000,100.000000,,,,,,,,,,,,,,,,,,,,,,,,,,,,,,,,,,,,,,,,,,,,,,,,,,,,,,,,,,,,,,,,,,,,,,,,,,,,,,,,,,,,,,
1676060265.441123,1676060265.441768,21.000000,0.000000,4299.358887,4271.922852,4304.487305,4304.358887,4276.025879,4299.615234,4293.461426,4319.487305,4291.153809,4270.384766,4451.538574,4498.077148,4356.153809,4410.897461,0.000000,4.000000,85.000000,,,,0.000000,4.000000,4.000000,4.000000,4.000000,4.000000,4.000000,4.000000,4.000000,4.000000,4.000000,4.000000,4.000000,4.000000,4.000000,100.000000,,,,,,,,,,,,,,,,,,,,,,,,,,,,,,,,,,,,,,,,,,,,,,,,,,,,,,,,,,,,,,,,,,,,,,,,,,,,,,,,,,,,,,
1676060265.448932,1676060265.449576,22.000000,0.000000,4306.794922,4283.333496,4316.282227,4314.102539,4281.666504,4302.563965,4301.666504,4331.538574,4297.307617,4289.871582,4459.358887,4509.102539,4368.974121,4428.846191,0.000000,4.000000,85.000000,,,,0.000000,4.000000,4.000000,4.000000,4.000000,4.000000,4.000000,4.000000,4.000000,4.000000,4.000000,4.000000,4.000000,4.000000,4.000000,100.000000,,,,,,,,,,,,,,,,,,,,,,,,,,,,,,,,,,,,,,,,,,,,,,,,,,,,,,,,,,,,,,,,,,,,,,,,,,,,,,,,,,,,,,
1676060265.456740,1676060265.457285,23.000000,0.000000,4296.282227,4272.820313,4312.692383,4304.102539,4269.102539,4287.307617,4295.256348,4338.461426,4291.410156,4279.487305,4449.615234,4496.282227,4365.512695,4425.128418,0.000000,4.000000,85.000000,,,,0.000000,4.000000,4.000000,4.000000,4.000000,4.000000,4.000000,4.000000,4.000000,4.000000,4.000000,4.000000,4.000000,4.000000,4.000000,100.000000,,,,,,,,,,,,,,,,,,,,,,,,,,,,,,,,,,,,,,,,,,,,,,,,,,,,,,,,,,,,,,,,,,,,,,,,,,,,,,,,,,,,,,
1676060265.464549,1676060265.465093,24.000000,0.000000,4280.256348,4254.358887,4294.615234,4280.384766,4255.769043,4272.948730,4279.871582,4346.410156,4284.743652,4259.358887,4438.077148,4484.358887,4346.794922,4406.666504,0.000000,4.000000,85.000000,,,,0.000000,4.000000,4.000000,4.000000,4.000000,4.000000,4.000000,4.000000,4.000000,4.000000,4.000000,4.000000,4.000000,4.000000,4.000000,100.000000,,,,,,,,,,,,,,,,,,,,,,,,,,,,,,,,,,,,,,,,,,,,,,,,,,,,,,,,,,,,,,,,,,,,,,,,,,,,,,,,,,,,,,
1676060265.472357,1676060265.472802,25.000000,0.000000,4291.538574,4266.025879,4297.307617,4286.282227,4264.871582,4280.897461,4286.282227,4363.077148,4293.974121,4276.025879,4452.307617,4502.820313,4357.692383,4416.282227,0.000000,4.000000,85.000000,,,,0.000000,4.000000,4.000000,4.000000,4.000000,4.000000,4.000000,4.000000,4.000000,4.000000,4.000000,4.000000,4.000000,4.000000,4.000000,100.000000,,,,,,,,,,,,,,,,,,,,,,,,,,,,,,,,,,,,,,,,,,,,,,,,,,,,,,,,,,,,,,,,,,,,,,,,,,,,,,,,,,,,,,
1676060265.480165,1676060265.480610,26.000000,0.000000,4306.025879,4278.333496,4304.743652,4304.615234,4271.794922,4288.461426,4297.051270,4371.410156,4301.794922,4287.948730,4466.538574,4512.307617,4374.487305,4432.307617,0.000000,4.000000,85.000000,,,,0.000000,4.000000,4.000000,4.000000,4.000000,4.000000,4.000000,4.000000,4.000000,4.000000,4.000000,4.000000,4.000000,4.000000,4.000000,100.000000,,,,,,,,,,,,,,,,,,,,,,,,,,,,,,,,,,,,,,,,,,,,,,,,,,,,,,,,,,,,,,,,,,,,,,,,,,,,,,,,,,,,,,
1676060265.487974,1676060265.488319,27.000000,0.000000,4288.333496,4265.256348,4296.538574,4294.102539,4263.333496,4281.410156,4287.179688,4367.820313,4284.615234,4265.256348,4459.743652,4492.179688,4359.743652,4421.922852,0.000000,4.000000,85.000000,,,,0.000000,4.000000,4.000000,4.000000,4.000000,4.000000,4.000000,4.000000,4.000000,4.000000,4.000000,4.000000,4.000000,4.000000,4.000000,100.000000,,,,,,,,,,,,,,,,,,,,,,,,,,,,,,,,,,,,,,,,,,,,,,,,,,,,,,,,,,,,,,,,,,,,,,,,,,,,,,,,,,,,,,
1676060265.495782,1676060265.496127,28.000000,0.000000,4273.974121,4253.717773,4293.077148,4281.025879,4259.871582,4275.897461,4278.205078,4366.794922,4265.769043,4253.846191,4452.179688,4483.333496,4348.717773,4411.025879,0.000000,4.000000,85.000000,,,,0.000000,4.000000,4.000000,4.000000,4.000000,4.000000,4.000000,4.000000,4.000000,4.000000,4.000000,4.000000,4.000000,4.000000,4.000000,100.000000,,,,,,,,,,,,,,,,,,,,,,,,,,,,,,,,,,,,,,,,,,,,,,,,,,,,,,,,,,,,,,,,,,,,,,,,,,,,,,,,,,,,,,
1676060265.503590,1676060265.503836,29.000000,0.000000,4285.769043,4261.922852,4297.179688,4286.794922,4263.333496,4279.358887,4281.666504,4368.974121,4270.256348,4266.666504,4451.666504,4494.487305,4356.538574,4413.461426,0.000000,4.000000,85.000000,,,,0.000000,4.000000,4.000000,4.000000,4.000000,4.000000,4.000000,4.000000,4.000000,4.000000,4.000000,4.000000,4.000000,4.000000,4.000000,100.000000,,,,,,,,,,,,,,,,,,,,,,,,,,,,,,,,,,,,,,,,,,,,,,,,,,,,,,,,,,,,,,,,,,,,,,,,,,,,,,,,,,,,,,
1676060265.511399,1676060265.511744,30.000000,0.000000,4288.589844,4262.436035,4291.025879,4283.974121,4261.153809,4276.538574,4278.205078,4362.436035,4275.769043,4263.974121,4440.256348,4487.820313,4346.153809,4407.820313,0.000000,4.000000,85.000000,,,,0.000000,4.000000,4.000000,4.000000,4.000000,4.000000,4.000000,4.000000,4.000000,4.000000,4.000000,4.000000,4.000000,4.000000,4.000000,100.000000,,,,,,,,,,,,,,,,,1.583730,2.529757,0.922076,0.754902,1.364647,7.420377,2.073450,1.087747,0.981280,1.314626,1.287890,2.130579,1.227077,1.014624,1.447580,4.354762,2.399741,1.038163,0.926721,1.098342,0.614870,0.849896,0.428219,0.445488,0.661845,0.510898,0.664575,0.671988,0.468915,0.529252,0.769897,1.081251,0.976282,0.712552,0.913076,0.804642,1.928778,1.172819,1.009409,1.297145,0.779838,1.579959,1.426627,0.881178,1.515933,0.984901,1.883260,1.602266,1.346873,1.505647,1.676419,1.914830,1.126032,1.269329,2.293975,3.980300,3.969443,1.413039,1.271817,1.926310,4.310475,3.239877,1.309267,1.194657,2.272994,5.931904,4.364363,1.590547,1.475848,2.472588
1676060265.519207,1676060265.519553,31.000000,0.000000,4293.333496,4262.563965,4301.282227,4288.589844,4268.589844,4279.615234,4283.717773,4365.641113,4282.820313,4267.051270,4448.333496,4487.307617,4344.487305,4417.948730,0.000000,4.000000,85.000000,,,,0.000000,4.000000,4.000000,4.000000,4.000000,4.000000,4.000000,4.000000,4.000000,4.000000,4.000000,4.000000,4.000000,4.000000,4.000000,100.000000,,,,,,,,,,,,,,,,,,,,,,,,,,,,,,,,,,,,,,,,,,,,,,,,,,,,,,,,,,,,,,,,,,,,,,,,,,,,,,,,,,,,,,
1676060265.527016,1676060265.527461,32.000000,0.000000,4312.436035,4276.282227,4323.205078,4305.897461,4282.436035,4293.717773,4299.743652,4377.948730,4297.692383,4287.692383,4475.769043,4508.589844,4373.846191,4447.563965,0.000000,4.000000,85.000000,,,,0.000000,4.000000,4.000000,4.000000,4.000000,4.000000,4.000000,4.000000,4.000000,4.000000,4.000000,4.000000,4.000000,4.000000,4.000000,100.000000,,,,,,,,,,,,,,,,,,,,,,,,,,,,,,,,,,,,,,,,,,,,,,,,,,,,,,,,,,,,,,,,,,,,,,,,,,,,,,,,,,,,,,
1676060265.534824,1676060265.535270,33.000000,0.000000,4313.077148,4280.512695,4318.846191,4298.717773,4280.769043,4297.563965,4298.974121,4368.717773,4296.025879,4277.820313,4471.794922,4505.128418,4382.051270,4447.563965,0.000000,4.000000,85.000000,,,,0.000000,4.000000,4.000000,4.000000,4.000000,4.000000,4.000000,4.000000,4.000000,4.000000,4.000000,4.000000,4.000000,4.000000,4.000000,100.000000,,,,,,,,,,,,,,,,,,,,,,,,,,,,,,,,,,,,,,,,,,,,,,,,,,,,,,,,,,,,,,,,,,,,,,,,,,,,,,,,,,,,,,
1676060265.542632,1676060265.543178,34.000000,0.000000,4306.282227,4275.769043,4312.436035,4291.153809,4279.615234,4297.436035,4295.769043,4355.128418,4286.538574,4256.922852,4454.615234,4488.589844,4362.948730,4427.436035,0.000000,4.000000,85.000000,,,,0.000000,4.000000,4.000000,4.000000,4.000000,4.000000,4.000000,4.000000,4.000000,4.000000,4.000000,4.000000,4.000000,4.000000,4.000000,100.000000,,,,,,,,,,,,,,,,,,,,,,,,,,,,,,,,,,,,,,,,,,,,,,,,,,,,,,,,,,,,,,,,,,,,,,,,,,,,,,,,,,,,,,
1676060265.550441,1676060265.550986,35.000000,0.000000,4307.563965,4270.641113,4317.051270,4297.692383,4281.794922,4293.846191,4297.948730,4355.769043,4290.128418,4268.974121,4454.358887,4492.820313,4355.256348,4424.871582,0.000000,4.000000,85.000000,,,,0.000000,4.000000,4.000000,4.000000,4.000000,4.000000,4.000000,4.000000,4.000000,4.000000,4.000000,4.000000,4.000000,4.000000,4.000000,100.000000,,,,,,,,,,,,,,,,,,,,,,,,,,,,,,,,,,,,,,,,,,,,,,,,,,,,,,,,,,,,,,,,,,,,,,,,,,,,,,,,,,,,,,
1676060265.558249,1676060265.558895,36.000000,0.000000,4300.641113,4265.128418,4312.051270,4289.871582,4268.846191,4280.384766,4290.641113,4351.282227,4289.743652,4282.179688,4453.461426,4491.025879,4358.589844,4430.897461,0.000000,4.000000,85.000000,,,,0.000000,4.000000,4.000000,4.000000,4.000000,4.000000,4.000000,4.000000,4.000000,4.000000,4.000000,4.000000,4.000000,4.000000,4.000000,100.000000,,,,,,,,,,,,,,,,,,,,,,,,,,,,,,,,,,,,,,,,,,,,,,,,,,,,,,,,,,,,,,,,,,,,,,,,,,,,,,,,,,,,,,
1676060265.566058,1676060265.566703,37.000000,0.000000,4292.948730,4262.563965,4305.128418,4281.153809,4263.589844,4282.307617,4288.333496,4339.743652,4280.641113,4270.641113,4440.256348,4474.743652,4352.692383,4424.743652,0.000000,4.000000,85.000000,,,,0.000000,4.000000,4.000000,4.000000,4.000000,4.000000,4.000000,4.000000,4.000000,4.000000,4.000000,4.000000,4.000000,4.000000,4.000000,100.000000,,,,,,,,,,,,,,,,,,,,,,,,,,,,,,,,,,,,,,,,,,,,,,,,,,,,,,,,,,,,,,,,,,,,,,,,,,,,,,,,,,,,,,
1676060265.573866,1676060265.574611,38.000000,0.000000,4301.153809,4262.948730,4306.538574,4287.692383,4276.794922,4295.128418,4294.358887,4338.077148,4280.512695,4263.333496,4436.025879,4476.538574,4346.666504,4416.025879,0.000000,4.000000,85.000000,,,,0.000000,4.000000,4.000000,4.000000,4.000000,4.000000,4.000000,4.000000,4.000000,4.000000,4.000000,4.000000,4.000000,4.000000,4.000000,100.000000,,,,,,,,,,,,,,,,,,,,,,,,,,,,,,,,,,,,,,,,,,,,,,,,,,,,,,,,,,,,,,,,,,,,,,,,,,,,,,,,,,,,,,
1676060265.581674,1676060265.582420,39.000000,0.000000,4315.641113,4265.512695,4308.461426,4291.282227,4280.384766,4288.461426,4291.153809,4342.307617,4284.871582,4264.615234,4452.051270,4489.230957,4361.794922,4427.307617,0.000000,4.000000,85.000000,,,,0.000000,4.000000,4.000000,4.000000,4.000000,4.000000,4.000000,4.000000,4.000000,4.000000,4.000000,4.000000,4.000000,4.000000,4.000000,100.000000,,,,,,,,,,,,,,,,,,,,,,,,,,,,,,,,,,,,,,,,,,,,,,,,,,,,,,,,,,,,,,,,,,,,,,,,,,,,,,,,,,,,,,
1676060265.589483,1676060265.590128,40.000000,0.000000,4325.128418,4266.410156,4316.153809,4290.641113,4278.974121,4285.512695,4292.179688,4348.717773,4298.461426,4271.025879,4478.333496,4496.025879,4398.846191,4458.205078,0.000000,4.000000,85.000000,,,,0.000000,4.000000,4.000000,4.000000,4.000000,4.000000,4.000000,4.000000,4.000000,4.000000,4.000000,4.000000,4.000000,4.000000,4.000000,100.000000,,,,,,,,,,,,,,,,,,,,,,,,,,,,,,,,,,,,,,,,,,,,,,,,,,,,,,,,,,,,,,,,,,,,,,,,,,,,,,,,,,,,,,
1676060265.597291,1676060265.597937,41.000000,0.000000,4320.641113,4243.589844,4314.102539,4280.897461,4277.307617,4297.436035,4297.692383,4348.717773,4307.051270,4283.717773,4486.153809,4495.512695,4413.205078,4465.897461,0.000000,4.000000,85.000000,,,,0.000000,4.000000,4.000000,4.000000,4.000000,4.000000,4.000000,4.000000,4.000000,4.000000,4.000000,4.000000,4.000000,4.000000,4.000000,100.000000,,,,,,,,,,,,,,,,,,,,,,,,,,,,,,,,,,,,,,,,,,,,,,,,,,,,,,,,,,,,,,,,,,,,,,,,,,,,,,,,,,,,,,
1676060265.605100,1676060265.605645,42.000000,0.000000,4306.410156,4214.615234,4295.769043,4265.897461,4267.051270,4292.563965,4289.487305,4332.948730,4291.025879,4286.410156,4471.922852,4483.461426,4397.051270,4445.128418,0.000000,4.000000,85.000000,,,,0.000000,4.000000,4.000000,4.000000,4.000000,4.000000,4.000000,4.000000,4.000000,4.000000,4.000000,4.000000,4.000000,4.000000,4.000000,100.000000,,,,,,,,,,,,,,,,,,,,,,,,,,,,,,,,,,,,,,,,,,,,,,,,,,,,,,,,,,,,,,,,,,,,,,,,,,,,,,,,,,,,,,
1676060265.612908,1676060265.613454,43.000000,0.000000,4301.153809,4217.436035,4296.282227,4266.666504,4264.743652,4280.256348,4283.974121,4325.769043,4280.769043,4277.051270,4473.974121,4478.589844,4400.897461,4442.051270,0.000000,4.000000,85.000000,,,,0.000000,4.000000,4.000000,4.000000,4.000000,4.000000,4.000000,4.000000,4.000000,4.000000,4.000000,4.000000,4.000000,4.000000,4.000000,100.000000,,,,,,,,,,,,,,,,,,,,,,,,,,,,,,,,,,,,,,,,,,,,,,,,,,,,,,,,,,,,,,,,,,,,,,,,,,,,,,,,,,,,,,
1676060265.620716,1676060265.621162,44.000000,0.000000,4298.846191,4222.692383,4304.487305,4267.563965,4268.846191,4279.358887,4285.256348,4328.717773,4285.769043,4266.025879,4482.436035,4479.615234,4411.922852,4450.897461,0.000000,4.000000,85.000000,,,,0.000000,4.000000,4.000000,4.000000,4.000000,4.000000,4.000000,4.000000,4.000000,4.000000,4.000000,4.000000,4.000000,4.000000,4.000000,100.000000,,,,,,,,,,,,,,,,,,,,,,,,,,,,,,,,,,,,,,,,,,,,,,,,,,,,,,,,,,,,,,,,,,,,,,,,,,,,,,,,,,,,,,
1676060265.628525,1676060265.628971,45.000000,0.000000,4301.922852,4216.794922,4299.615234,4261.025879,4265.384766,4280.897461,4282.692383,4321.025879,4286.666504,4261.538574,4469.743652,4471.282227,4397.051270,4441.922852,0.000000,4.000000,85.000000,,,,0.000000,4.000000,4.000000,4.000000,4.000000,4.000000,4.000000,4.000000,4.000000,4.000000,4.000000,4.000000,4.000000,4.000000,4.000000,100.000000,,,,,,,,,,,,,,,,,,,,,,,,,,,,,,,,,,,,,,,,,,,,,,,,,,,,,,,,,,,,,,,,,,,,,,,,,,,,,,,,,,,,,,
1676060265.636333,1676060265.636679,46.000000,0.000000,4323.846191,4245.897461,4314.230957,4282.692383,4276.666504,4294.230957,4296.282227,4326.282227,4298.077148,4282.051270,4470.384766,4485.256348,4395.769043,4446.922852,0.000000,4.000000,85.000000,,,,0.000000,4.000000,4.000000,4.000000,4.000000,4.000000,4.000000,4.000000,4.000000,4.000000,4.000000,4.000000,4.000000,4.000000,4.000000,100.000000,,,,,,,,,,,,,,,,,1.509871,2.475656,0.975998,0.723211,1.422642,7.392958,1.946799,1.109733,0.902368,1.336477,1.343557,2.132599,1.307298,0.957560,1.508347,4.010128,2.314993,1.067110,0.860602,1.132692,0.630159,0.857481,0.473862,0.411065,0.656013,0.558078,0.641431,0.701113,0.418266,0.595472,0.736383,0.959206,0.985054,0.613306,0.983190,0.669131,2.020944,1.149403,0.919513,1.345673,0.725974,1.736900,1.340124,0.813286,1.614219,0.880554,1.972318,1.712889,1.392327,1.551815,1.598587,1.867239,1.045722,1.258490,2.411576,3.774859,3.729155,1.350203,1.216549,1.979828,4.201739,3.286640,1.356404,1.150703,2.368613,5.488533,4.127903,1.567812,1.401171,2.489268
1676060265.644142,1676060265.644588,47.000000,0.000000,4343.846191,4289.487305,4341.666504,4315.000000,4298.461426,4310.769043,4317.051270,4352.436035,4320.000000,4304.230957,4495.384766,4517.820313,4420.512695,4475.897461,0.000000,4.000000,85.000000,,,,0.000000,4.000000,4.000000,4.000000,4.000000,4.000000,4.000000,4.000000,4.000000,4.000000,4.000000,4.000000,4.000000,4.000000,4.000000,100.000000,,,,,,,,,,,,,,,,,,,,,,,,,,,,,,,,,,,,,,,,,,,,,,,,,,,,,,,,,,,,,,,,,,,,,,,,,,,,,,,,,,,,,,
1676060265.651950,1676060265.652396,48.000000,0.000000,4328.205078,4276.922852,4323.846191,4302.820313,4291.666504,4301.666504,4304.358887,4344.615234,4307.820313,4280.128418,4480.512695,4498.205078,4400.769043,4461.410156,0.000000,4.000000,85.000000,,,,0.000000,4.000000,4.000000,4.000000,4.000000,4.000000,4.000000,4.000000,4.000000,4.000000,4.000000,4.000000,4.000000,4.000000,4.000000,100.000000,,,,,,,,,,,,,,,,,,,,,,,,,,,,,,,,,,,,,,,,,,,,,,,,,,,,,,,,,,,,,,,,,,,,,,,,,,,,,,,,,,,,,,
1676060265.659758,1676060265.660305,49.000000,0.000000,4302.563965,4241.153809,4291.410156,4272.307617,4271.282227,4289.230957,4283.333496,4309.743652,4276.666504,4249.487305,4431.410156,4454.102539,4352.436035,4416.794922,0.000000,4.000000,85.000000,,,,0.000000,4.000000,4.000000,4.000000,4.000000,4.000000,4.000000,4.000000,4.000000,4.000000,4.000000,4.000000,4.000000,4.000000,4.000000,100.000000,,,,,,,,,,,,,,,,,,,,,,,,,,,,,,,,,,,,,,,,,,,,,,,,,,,,,,,,,,,,,,,,,,,,,,,,,,,,,,,,,,,,,,
1676060265.667567,1676060265.668113,50.000000,0.000000,4310.897461,4250.384766,4307.948730,4277.820313,4273.846191,4295.641113,4294.230957,4317.179688,4288.205078,4266.922852,4437.436035,4470.512695,4364.230957,4428.205078,0.000000,4.000000,85.000000,,,,0.000000,4.000000,4.000000,4.000000,4.000000,4.000000,4.000000,4.000000,4.000000,4.000000,4.000000,4.000000,4.000000,4.000000,4.000000,100.000000,,,,,,,,,,,,,,,,,,,,,,,,,,,,,,,,,,,,,,,,,,,,,,,,,,,,,,,,,,,,,,,,,,,,,,,,,,,,,,,,,,,,,,
1676060265.675375,1676060265.676021,51.000000,0.000000,4338.333496,4282.563965,4336.922852,4303.717773,4292.563965,4301.282227,4308.974121,4353.205078,4321.282227,4293.077148,4484.871582,4515.128418,4409.230957,4472.820313,0.000000,4.000000,85.000000,,,,0.000000,4.000000,4.000000,4.000000,4.000000,4.000000,4.000000,4.000000,4.000000,4.000000,4.000000,4.000000,4.000000,4.000000,4.000000,100.000000,,,,,,,,,,,,,,,,,,,,,,,,,,,,,,,,,,,,,,,,,,,,,,,,,,,,,,,,,,,,,,,,,,,,,,,,,,,,,,,,,,,,,,
1676060265.683183,1676060265.683830,52.000000,0.000000,4340.128418,4286.538574,4331.153809,4306.666504,4295.128418,4297.948730,4302.307617,4349.487305,4316.922852,4287.307617,4481.153809,4510.256348,4402.179688,4466.794922,0.000000,4.000000,85.000000,,,,0.000000,4.000000,4.000000,4.000000,4.000000,4.000000,4.000000,4.000000,4.000000,4.000000,4.000000,4.000000,4.000000,4.000000,4.000000,100.000000,,,,,,,,,,,,,,,,,,,,,,,,,,,,,,,,,,,,,,,,,,,,,,,,,,,,,,,,,,,,,,,,,,,,,,,,,,,,,,,,,,,,,,
1676060265.690992,1676060265.691738,53.000000,0.000000,4320.000000,4273.717773,4315.384766,4289.743652,4280.000000,4292.820313,4288.077148,4315.256348,4286.794922,4272.179688,4439.743652,4475.641113,4365.128418,4430.128418,0.000000,4.000000,85.000000,,,,0.000000,4.000000,4.000000,4.000000,4.000000,4.000000,4.000000,4.000000,4.000000,4.000000,4.000000,4.000000,4.000000,4.000000,4.000000,100.000000,,,,,,,,,,,,,,,,,,,,,,,,,,,,,,,,,,,,,,,,,,,,,,,,,,,,,,,,,,,,,,,,,,,,,,,,,,,,,,,,,,,,,,
1676060265.698800,1676060265.699547,54.000000,0.000000,4327.179688,4287.948730,4323.974121,4296.922852,4283.974121,4293.974121,4292.563965,4311.282227,4287.179688,4278.077148,4439.871582,4479.358887,4371.538574,4438.717773,0.000000,4.000000,85.000000,,,,0.000000,4.000000,4.000000,4.000000,4.000000,4.000000,4.000000,4.000000,4.000000,4.000000,4.000000,4.000000,4.000000,4.000000,4.000000,100.000000,,,,,,,,,,,,,,,,,,,,,,,,,,,,,,,,,,,,,,,,,,,,,,,,,,,,,,,,,,,,,,,,,,,,,,,,,,,,,,,,,,,,,,
1676060265.706608,1676060265.707455,55.000000,0.000000,4350.000000,4316.153809,4339.871582,4320.641113,4301.794922,4300.769043,4309.230957,4334.358887,4307.307617,4290.512695,4469.358887,4509.358887,4401.410156,4472.563965,0.000000,4.000000,85.000000,,,,0.000000,4.000000,4.000000,4.000000,4.000000,4.000000,4.000000,4.000000,4.000000,4.000000,4.000000,4.000000,4.000000,4.000000,4.000000,100.000000,,,,,,,,,,,,,,,,,,,,,,,,,,,,,,,,,,,,,,,,,,,,,,,,,,,,,,,,,,,,,,,,,,,,,,,,,,,,,,,,,,,,,,
1676060265.714417,1676060265.715263,56.000000,0.000000,4337.436035,4308.846191,4333.717773,4314.102539,4298.461426,4299.487305,4307.820313,4332.051270,4298.846191,4282.436035,4461.794922,4499.358887,4391.922852,4458.333496,0.000000,4.000000,85.000000,,,,0.000000,4.000000,4.000000,4.000000,4.000000,4.000000,4.000000,4.000000,4.000000,4.000000,4.000000,4.000000,4.000000,4.000000,4.000000,100.000000,,,,,,,,,,,,,,,,,,,,,,,,,,,,,,,,,,,,,,,,,,,,,,,,,,,,,,,,,,,,,,,,,,,,,,,,,,,,,,,,,,,,,,
1676060265.722225,1676060265.723172,57.000000,0.000000,4310.897461,4280.000000,4316.025879,4289.102539,4286.922852,4291.410156,4291.922852,4310.384766,4280.512695,4267.179688,4435.641113,4467.307617,4369.487305,4421.153809,0.000000,4.000000,85.000000,,,,0.000000,4.000000,4.000000,4.000000,4.000000,4.000000,4.000000,4.000000,4.000000,4.000000,4.000000,4.000000,4.000000,4.000000,4.000000,100.000000,,,,,,,,,,,,,,,,,,,,,,,,,,,,,,,,,,,,,,,,,,,,,,,,,,,,,,,,,,,,,,,,,,,,,,,,,,,,,,,,,,,,,,
1676060265.730034,1676060265.730980,58.000000,0.000000,4318.589844,4283.205078,4320.897461,4294.358887,4295.000000,4299.358887,4295.897461,4316.538574,4292.820313,4275.897461,4451.794922,4481.538574,4388.974121,4436.666504,0.000000,4.000000,85.000000,,,,0.000000,4.000000,4.000000,4.000000,4.000000,4.000000,4.000000,4.000000,4.000000,4.000000,4.000000,4.000000,4.000000,4.000000,4.000000,100.000000,,,,,,,,,,,,,,,,,,,,,,,,,,,,,,,,,,,,,,,,,,,,,,,,,,,,,,,,,,,,,,,,,,,,,,,,,,,,,,,,,,,,,,
1676060265.737842,1676060265.738889,59.000000,0.000000,4325.641113,4291.538574,4325.384766,4301.666504,4293.589844,4302.692383,4302.051270,4331.025879,4304.615234,4286.410156,4469.487305,4500.256348,4403.333496,4458.205078,0.000000,4.000000,85.000000,,,,0.000000,4.000000,4.000000,4.000000,4.000000,4.000000,4.000000,4.000000,4.000000,4.000000,4.000000,4.000000,4.000000,4.000000,4.000000,100.000000,,,,,,,,,,,,,,,,,,,,,,,,,,,,,,,,,,,,,,,,,,,,,,,,,,,,,,,,,,,,,,,,,,,,,,,,,,,,,,,,,,,,,,
1676060265.745650,1676060265.746697,60.000000,0.000000,4295.512695,4264.487305,4299.743652,4272.051270,4270.512695,4283.333496,4281.794922,4311.153809,4282.948730,4268.461426,4431.922852,4465.769043,4367.436035,4422.051270,0.000000,4.000000,85.000000,,,,0.000000,4.000000,4.000000,4.000000,4.000000,4.000000,4.000000,4.000000,4.000000,4.000000,4.000000,4.000000,4.000000,4.000000,4.000000,100.000000,,,,,,,,,,,,,,,,,,,,,,,,,,,,,,,,,,,,,,,,,,,,,,,,,,,,,,,,,,,,,,,,,,,,,,,,,,,,,,,,,,,,,,
1676060265.753459,1676060265.754605,61.000000,0.000000,4292.563965,4258.846191,4297.948730,4264.358887,4269.743652,4282.563965,4279.615234,4304.743652,4280.512695,4263.846191,4418.589844,4455.641113,4360.128418,4407.820313,0.000000,4.000000,85.000000,,,,0.000000,4.000000,4.000000,4.000000,4.000000,4.000000,4.000000,4.000000,4.000000,4.000000,4.000000,4.000000,4.000000,4.000000,4.000000,100.000000,,,,,,,,,,,,,,,,,,,,,,,,,,,,,,,,,,,,,,,,,,,,,,,,,,,,,,,,,,,,,,,,,,,,,,,,,,,,,,,,,,,,,,
1676060265.761267,1676060265.762414,62.000000,0.000000,4318.205078,4285.384766,4320.769043,4288.205078,4282.307617,4297.307617,4298.974121,4325.897461,4301.538574,4279.743652,4452.051270,4488.717773,4392.307617,4436.794922,0.000000,4.000000,85.000000,,,,0.000000,4.000000,4.000000,4.000000,4.000000,4.000000,4.000000,4.000000,4.000000,4.000000,4.000000,4.000000,4.000000,4.000000,4.000000,100.000000,,,,,,,,,,,,,,,,,1.307586,2.253200,1.030599,0.684095,1.428745,6.391015,1.656436,1.070978,0.800840,1.344607,1.309420,2.021039,1.378541,0.913339,1.496734,3.566493,2.127096,1.079377,0.778516,1.119490,0.608122,0.826557,0.527280,0.385210,0.624391,0.558645,0.625126,0.756236,0.386103,0.643066,0.643451,0.814778,0.989340,0.517237,1.019875,0.642096,2.019226,1.138960,0.798087,1.331631,0.652378,1.830886,1.265435,0.738236,1.624800,0.724887,1.961367,1.762034,1.388657,1.572576,1.763346,1.862870,1.147150,1.248938,2.401705,3.369064,3.195114,1.370694,1.183876,1.963173,3.601298,3.077967,1.440430,1.098645,2.348745,4.469800,3.608469,1.517661,1.313287,2.375870
1676060265.769076,1676060265.770122,63.000000,0.000000,4311.153809,4286.410156,4314.358887,4288.589844,4282.051270,4294.102539,4297.051270,4326.410156,4299.615234,4283.846191,4454.102539,4487.436035,4392.948730,4438.333496,0.000000,4.000000,85.000000,,,,0.000000,4.000000,4.000000,4.000000,4.000000,4.000000,4.000000,4.000000,4.000000,4.000000,4.000000,4.000000,4.000000,4.000000,4.000000,100.000000,,,,,,,,,,,,,,,,,,,,,,,,,,,,,,,,,,,,,,,,,,,,,,,,,,,,,,,,,,,,,,,,,,,,,,,,,,,,,,,,,,,,,,
1676060265.776884,1676060265.777931,64.000000,0.000000,4295.897461,4272.179688,4305.641113,4278.205078,4284.743652,4290.897461,4289.743652,4317.051270,4292.307617,4286.794922,4440.897461,4468.333496,4382.692383,4423.589844,2516.000000,4.000000,85.000000,,,,0.000000,4.000000,4.000000,4.000000,4.000000,4.000000,4.000000,4.000000,4.000000,4.000000,4.000000,4.000000,4.000000,4.000000,4.000000,100.000000,,,,,,,,,,,,,,,,,,,,,,,,,,,,,,,,,,,,,,,,,,,,,,,,,,,,,,,,,,,,,,,,,,,,,,,,,,,,,,,,,,,,,,
1676060265.784692,1676060265.785639,65.000000,0.000000,4310.000000,4281.538574,4323.205078,4287.563965,4291.666504,4298.846191,4298.589844,4324.487305,4300.641113,4291.538574,4457.436035,4481.794922,4397.820313,4432.051270,2484.000000,4.000000,85.000000,,,,0.000000,4.000000,4.000000,4.000000,4.000000,4.000000,4.000000,4.000000,4.000000,4.000000,4.000000,4.000000,4.000000,4.000000,4.000000,100.000000,,,,,,,,,,,,,,,,,,,,,,,,,,,,,,,,,,,,,,,,,,,,,,,,,,,,,,,,,,,,,,,,,,,,,,,,,,,,,,,,,,,,,,
1676060265.792501,1676060265.793548,66.000000,0.000000,4314.743652,4286.410156,4325.000000,4291.538574,4284.230957,4291.538574,4296.922852,4320.769043,4297.563965,4280.512695,4460.641113,4489.615234,4399.615234,4438.077148,2406.000000,4.000000,85.000000,,,,0.000000,4.000000,4.000000,4.000000,4.000000,4.000000,4.000000,4.000000,4.000000,4.000000,4.000000,4.000000,4.000000,4.000000,4.000000,100.000000,,,,,,,,,,,,,,,,,,,,,,,,,,,,,,,,,,,,,,,,,,,,,,,,,,,,,,,,,,,,,,,,,,,,,,,,,,,,,,,,,,,,,,
1676060265.800309,1676060265.801356,67.000000,0.000000,4296.666504,4268.461426,4305.128418,4276.025879,4271.922852,4276.410156,4277.307617,4296.922852,4278.333496,4268.589844,4432.436035,4466.410156,4378.205078,4420.384766,2494.000000,4.000000,85.000000,,,,0.000000,4.000000,4.000000,4.000000,4.000000,4.000000,4.000000,4.000000,4.000000,4.000000,4.000000,4.000000,4.000000,4.000000,4.000000,100.000000,,,,,,,,,,,,,,,,,,,,,,,,,,,,,,,,,,,,,,,,,,,,,,,,,,,,,,,,,,,,,,,,,,,,,,,,,,,,,,,,,,,,,,
1676060265.808118,1676060265.809264,68.000000,0.000000,4291.410156,4261.922852,4302.436035,4272.563965,4273.077148,4278.717773,4275.769043,4292.563965,4275.641113,4269.487305,4421.922852,4454.487305,4368.717773,4408.717773,2438.000000,4.000000,85.000000,,,,0.000000,4.000000,4.000000,4.000000,4.000000,4.000000,4.000000,4.000000,4.000000,4.000000,4.000000,4.000000,4.000000,4.000000,4.000000,100.000000,,,,,,,,,,,,,,,,,,,,,,,,,,,,,,,,,,,,,,,,,,,,,,,,,,,,,,,,,,,,,,,,,,,,,,,,,,,,,,,,,,,,,,
1676060265.815926,1676060265.817073,69.000000,0.000000,4293.589844,4273.205078,4306.922852,4283.974121,4278.077148,4286.153809,4288.461426,4306.922852,4283.333496,4262.948730,4431.282227,4462.948730,4372.307617,4407.692383,2383.000000,4.000000,85.000000,,,,0.000000,4.000000,4.000000,4.000000,4.000000,4.000000,4.000000,4.000000,4.000000,4.000000,4.000000,4.000000,4.000000,4.000000,4.000000,100.000000,,,,,,,,,,,,,,,,,,,,,,,,,,,,,,,,,,,,,,,,,,,,,,,,,,,,,,,,,,,,,,,,,,,,,,,,,,,,,,,,,,,,,,
1676060265.823734,1676060265.824881,70.000000,0.000000,4294.615234,4281.410156,4306.794922,4295.384766,4281.153809,4288.589844,4290.128418,4311.794922,4284.743652,4264.102539,4438.333496,4471.153809,4379.743652,4411.410156,2226.000000,4.000000,85.000000,,,,0.000000,4.000000,4.000000,4.000000,4.000000,4.000000,4.000000,4.000000,4.000000,4.000000,4.000000,4.000000,4.000000,4.000000,4.000000,100.000000,,,,,,,,,,,,,,,,,,,,,,,,,,,,,,,,,,,,,,,,,,,,,,,,,,,,,,,,,,,,,,,,,,,,,,,,,,,,,,,,,,,,,,
1676060265.831543,1676060265.832590,71.000000,0.000000,4298.846191,4278.974121,4308.589844,4299.358887,4277.820313,4285.128418,4284.871582,4312.820313,4290.256348,4283.846191,4443.717773,4475.641113,4382.307617,4418.589844,2232.000000,4.000000,85.000000,,,,0.000000,4.000000,4.000000,4.000000,4.000000,4.000000,4.000000,4.000000,4.000000,4.000000,4.000000,4.000000,4.000000,4.000000,4.000000,100.000000,,,,,,,,,,,,,,,,,,,,,,,,,,,,,,,,,,,,,,,,,,,,,,,,,,,,,,,,,,,,,,,,,,,,,,,,,,,,,,,,,,,,,,
1676060265.839351,1676060265.840398,72.000000,0.000000,4291.794922,4268.461426,4300.897461,4295.384766,4263.589844,4277.563965,4281.282227,4312.948730,4293.974121,4281.410156,4442.563965,4471.922852,4373.077148,4415.000000,2281.000000,4.000000,85.000000,,,,0.000000,4.000000,4.000000,4.000000,4.000000,4.000000,4.000000,4.000000,4.000000,4.000000,4.000000,4.000000,4.000000,4.000000,4.000000,100.000000,,,,,,,,,,,,,,,,,,,,,,,,,,,,,,,,,,,,,,,,,,,,,,,,,,,,,,,,,,,,,,,,,,,,,,,,,,,,,,,,,,,,,,
1676060265.847160,1676060265.848107,73.000000,0.000000,4284.871582,4261.282227,4290.897461,4296.153809,4257.179688,4275.384766,4277.051270,4303.974121,4284.487305,4262.179688,4443.589844,4471.153809,4372.692383,4406.410156,2241.000000,4.000000,85.000000,,,,0.000000,4.000000,4.000000,4.000000,4.000000,4.000000,4.000000,4.000000,4.000000,4.000000,4.000000,4.000000,4.000000,4.000000,4.000000,100.000000,,,,,,,,,,,,,,,,,,,,,,,,,,,,,,,,,,,,,,,,,,,,,,,,,,,,,,,,,,,,,,,,,,,,,,,,,,,,,,,,,,,,,,
1676060265.854968,1676060265.855915,74.000000,0.000000,4293.846191,4268.461426,4294.615234,4307.307617,4268.077148,4280.641113,4278.205078,4295.384766,4279.743652,4269.871582,4459.230957,4486.666504,4384.230957,4410.897461,2738.000000,4.000000,85.000000,,,,0.000000,4.000000,4.000000,4.000000,4.000000,4.000000,4.000000,4.000000,4.000000,4.000000,4.000000,4.000000,4.000000,4.000000,4.000000,100.000000,,,,,,,,,,,,,,,,,,,,,,,,,,,,,,,,,,,,,,,,,,,,,,,,,,,,,,,,,,,,,,,,,,,,,,,,,,,,,,,,,,,,,,
1676060265.862776,1676060265.863624,75.000000,0.000000,4298.717773,4277.307617,4301.410156,4321.538574,4275.128418,4280.384766,4281.538574,4297.051270,4285.128418,4285.897461,4475.128418,4499.230957,4385.769043,4418.717773,2920.000000,4.000000,85.000000,,,,0.000000,4.000000,4.000000,4.000000,4.000000,4.000000,4.000000,4.000000,4.000000,4.000000,4.000000,4.000000,4.000000,4.000000,4.000000,100.000000,,,,,,,,,,,,,,,,,,,,,,,,,,,,,,,,,,,,,,,,,,,,,,,,,,,,,,,,,,,,,,,,,,,,,,,,,,,,,,,,,,,,,,
1676060265.870585,1676060265.871532,76.000000,0.000000,4287.692383,4269.615234,4297.692383,4323.205078,4265.641113,4274.871582,4275.769043,4292.307617,4276.282227,4264.615234,4472.051270,4488.205078,4370.641113,4406.666504,3132.000000,4.000000,85.000000,,,,0.000000,4.000000,4.000000,4.000000,4.000000,4.000000,4.000000,4.000000,4.000000,4.000000,4.000000,4.000000,4.000000,4.000000,4.000000,100.000000,,,,,,,,,,,,,,,,,,,,,,,,,,,,,,,,,,,,,,,,,,,,,,,,,,,,,,,,,,,,,,,,,,,,,,,,,,,,,,,,,,,,,,
1676060265.878393,1676060265.879341,77.000000,0.000000,4300.000000,4274.358887,4308.077148,4327.820313,4272.051270,4286.282227,4286.794922,4297.820313,4281.153809,4261.025879,4488.077148,4499.615234,4375.256348,4414.102539,3248.000000,4.000000,85.000000,,,,0.000000,4.000000,4.000000,4.000000,4.000000,4.000000,4.000000,4.000000,4.000000,4.000000,4.000000,4.000000,4.000000,4.000000,4.000000,100.000000,,,,,,,,,,,,,,,,,,,,,,,,,,,,,,,,,,,,,,,,,,,,,,,,,,,,,,,,,,,,,,,,,,,,,,,,,,,,,,,,,,,,,,
1676060265.886201,1676060265.887249,78.000000,0.000000,4322.051270,4294.871582,4325.769043,4341.794922,4290.512695,4299.743652,4308.461426,4317.820313,4301.794922,4290.256348,4521.666504,4531.410156,4395.000000,4439.102539,2738.000000,4.000000,85.000000,,,,0.000000,4.000000,4.000000,4.000000,4.000000,4.000000,4.000000,4.000000,4.000000,4.000000,4.000000,4.000000,4.000000,4.000000,4.000000,100.000000,1.000000,58.333332,4.000000,4.000000,3.000000,4.000000,4.000000,4.000000,4.000000,4.000000,4.000000,1.000000,3.000000,3.000000,3.000000,3.000000,1.019583,1.905229,1.061807,0.662422,1.380624,4.854505,1.329532,0.995118,0.712465,1.333868,1.209028,1.813449,1.395838,0.904390,1.408666,3.126072,1.878699,1.054617,0.700767,1.060790,0.574867,0.765790,0.559365,0.381802,0.572984,0.537303,0.605424,0.813273,0.386695,0.652775,0.550845,0.675578,0.982310,0.448963,0.999310,0.867565,1.910074,1.107616,0.690913,1.244517,0.579610,1.840518,1.178963,0.697795,1.534981,0.550875,1.862601,1.705619,1.354950,1.547221,2.199706,1.924060,1.341564,1.264932,2.255204,2.870357,2.499082,1.417787,1.200037,1.874321,2.747628,2.709509,1.525995,1.078814,2.213546,3.179632,2.940796,1.439012,1.259244,2.159838
1676060265.894010,1676060265.895057,79.000000,0.000000,4294.871582,4281.410156,4302.563965,4325.897461,4280.512695,4287.179688,4290.128418,4302.051270,4279.102539,4267.307617,4498.205078,4505.897461,4374.102539,4411.153809,2920.000000,4.000000,85.000000,,,,0.000000,4.000000,4.000000,4.000000,4.000000,4.000000,4.000000,4.000000,4.000000,4.000000,4.000000,4.000000,4.000000,4.000000,4.000000,100.000000,,,,,,,,,,,,,,,,,,,,,,,,,,,,,,,,,,,,,,,,,,,,,,,,,,,,,,,,,,,,,,,,,,,,,,,,,,,,,,,,,,,,,,
1676060265.901818,1676060265.902966,80.000000,0.000000,4270.128418,4260.000000,4280.256348,4303.589844,4268.077148,4277.692383,4268.461426,4279.615234,4257.563965,4237.692383,4458.846191,4471.282227,4351.922852,4381.153809,3132.000000,4.000000,85.000000,,,,0.000000,4.000000,4.000000,4.000000,4.000000,4.000000,4.000000,4.000000,4.000000,4.000000,4.000000,4.000000,4.000000,4.000000,4.000000,100.000000,,,,,,,,,,,,,,,,,,,,,,,,,,,,,,,,,,,,,,,,,,,,,,,,,,,,,,,,,,,,,,,,,,,,,,,,,,,,,,,,,,,,,,
1676060265.909627,1676060265.910774,81.000000,0.000000,4303.974121,4283.974121,4308.846191,4325.897461,4288.717773,4296.922852,4293.333496,4309.487305,4296.282227,4277.948730,4490.769043,4509.102539,4385.000000,4418.846191,3248.000000,4.000000,85.000000,,,,0.000000,4.000000,4.000000,4.000000,4.000000,4.000000,4.000000,4.000000,4.000000,4.000000,4.000000,4.000000,4.000000,4.000000,4.000000,100.000000,,,,,,,,,,,,,,,,,,,,,,,,,,,,,,,,,,,,,,,,,,,,,,,,,,,,,,,,,,,,,,,,,,,,,,,,,,,,,,,,,,,,,,
1676060265.917435,1676060265.918683,82.000000,0.000000,4319.871582,4305.512695,4323.974121,4347.820313,4302.051270,4305.641113,4308.589844,4330.000000,4317.563965,4302.307617,4516.538574,4536.410156,4404.743652,4440.897461,2738.000000,4.000000,85.000000,,,,0.000000,4.000000,4.000000,4.000000,4.000000,4.000000,4.000000,4.000000,4.000000,4.000000,4.000000,4.000000,4.000000,4.000000,4.000000,100.000000,,,,,,,,,,,,,,,,,,,,,,,,,,,,,,,,,,,,,,,,,,,,,,,,,,,,,,,,,,,,,,,,,,,,,,,,,,,,,,,,,,,,,,
1676060265.925243,1676060265.926491,83.000000,0.000000,4285.128418,4281.025879,4290.000000,4324.102539,4281.666504,4287.692383,4285.641113,4301.282227,4286.282227,4269.102539,4473.077148,4496.538574,4371.794922,4400.897461,2920.000000,4.000000,85.000000,,,,0.000000,4.000000,4.000000,4.000000,4.000000,4.000000,4.000000,4.000000,4.000000,4.000000,4.000000,4.000000,4.000000,4.000000,4.000000,100.000000,,,,,,,,,,,,,,,,,,,,,,,,,,,,,,,,,,,,,,,,,,,,,,,,,,,,,,,,,,,,,,,,,,,,,,,,,,,,,,,,,,,,,,
1676060265.933052,1676060265.934399,84.000000,0.000000,4269.358887,4258.717773,4269.102539,4300.897461,4268.077148,4277.179688,4272.179688,4285.769043,4273.205078,4253.333496,4444.487305,4472.179688,4351.538574,4381.410156,3132.000000,4.000000,85.000000,,,,0.000000,4.000000,4.000000,4.000000,4.000000,4.000000,4.000000,4.000000,4.000000,4.000000,4.000000,4.000000,4.000000,4.000000,4.000000,100.000000,,,,,,,,,,,,,,,,,,,,,,,,,,,,,,,,,,,,,,,,,,,,,,,,,,,,,,,,,,,,,,,,,,,,,,,,,,,,,,,,,,,,,,
1676060265.940860,1676060265.942208,85.000000,0.000000,4278.205078,4263.461426,4278.333496,4303.589844,4274.358887,4279.230957,4277.436035,4295.384766,4282.307617,4259.358887,4456.282227,4484.358887,4359.871582,4396.538574,3248.000000,4.000000,85.000000,,,,0.000000,4.000000,4.000000,4.000000,4.000000,4.000000,4.000000,4.000000,4.000000,4.000000,4.000000,4.000000,4.000000,4.000000,4.000000,100.000000,,,,,,,,,,,,,,,,,,,,,,,,,,,,,,,,,,,,,,,,,,,,,,,,,,,,,,,,,,,,,,,,,,,,,,,,,,,,,,,,,,,,,,
1676060265.948668,1676060265.949916,86.000000,0.000000,4285.000000,4270.641113,4292.307617,4311.794922,4283.205078,4287.179688,4290.512695,4302.820313,4286.794922,4264.871582,4468.974121,4498.333496,4372.692383,4408.077148,2738.000000,4.000000,85.000000,,,,0.000000,4.000000,4.000000,4.000000,4.000000,4.000000,4.000000,4.000000,4.000000,4.000000,4.000000,4.000000,4.000000,4.000000,4.000000,100.000000,,,,,,,,,,,,,,,,,,,,,,,,,,,,,,,,,,,,,,,,,,,,,,,,,,,,,,,,,,,,,,,,,,,,,,,,,,,,,,,,,,,,,,
1676060265.956477,1676060265.957725,87.000000,0.000000,4293.205078,4271.282227,4297.948730,4317.436035,4287.307617,4297.051270,4302.051270,4308.846191,4292.563965,4279.871582,4469.871582,4504.102539,4379.871582,4410.641113,2920.000000,4.000000,85.000000,,,,0.000000,4.000000,4.000000,4.000000,4.000000,4.000000,4.000000,4.000000,4.000000,4.000000,4.000000,4.000000,4.000000,4.000000,4.000000,100.000000,,,,,,,,,,,,,,,,,,,,,,,,,,,,,,,,,,,,,,,,,,,,,,,,,,,,,,,,,,,,,,,,,,,,,,,,,,,,,,,,,,,,,,
1676060265.964285,1676060265.965433,88.000000,0.000000,4283.717773,4260.897461,4285.128418,4310.384766,4283.846191,4291.410156,4288.974121,4303.974121,4285.384766,4276.538574,4453.846191,4489.230957,4364.743652,4394.487305,3132.000000,4.000000,85.000000,,,,0.000000,4.000000,4.000000,4.000000,4.000000,4.000000,4.000000,4.000000,4.000000,4.000000,4.000000,4.000000,4.000000,4.000000,4.000000,100.000000,,,,,,,,,,,,,,,,,,,,,,,,,,,,,,,,,,,,,,,,,,,,,,,,,,,,,,,,,,,,,,,,,,,,,,,,,,,,,,,,,,,,,,
1676060265.972093,1676060265.973242,89.000000,0.000000,4274.102539,4260.384766,4280.897461,4304.230957,4280.256348,4283.974121,4276.922852,4292.051270,4277.307617,4263.717773,4443.717773,4477.179688,4353.589844,4384.358887,3248.000000,4.000000,85.000000,,,,0.000000,4.000000,4.000000,4.000000,4.000000,4.000000,4.000000,4.000000,4.000000,4.000000,4.000000,4.000000,4.000000,4.000000,4.000000,100.000000,,,,,,,,,,,,,,,,,,,,,,,,,,,,,,,,,,,,,,,,,,,,,,,,,,,,,,,,,,,,,,,,,,,,,,,,,,,,,,,,,,,,,,
1676060265.979902,1676060265.980950,90.000000,0.000000,4291.922852,4278.589844,4298.205078,4314.487305,4282.948730,4287.563965,4290.000000,4294.102539,4284.743652,4268.589844,4459.871582,4492.563965,4371.538574,4401.538574,2738.000000,4.000000,85.000000,,,,0.000000,4.000000,4.000000,4.000000,4.000000,4.000000,4.000000,4.000000,4.000000,4.000000,4.000000,4.000000,4.000000,4.000000,4.000000,100.000000,,,,,,,,,,,,,,,,,,,,,,,,,,,,,,,,,,,,,,,,,,,,,,,,,,,,,,,,,,,,,,,,,,,,,,,,,,,,,,,,,,,,,,
1676060265.987710,1676060265.988759,91.000000,0.000000,4293.974121,4278.717773,4295.769043,4314.615234,4281.538574,4287.307617,4292.051270,4297.948730,4285.897461,4268.717773,4467.051270,4496.666504,4379.871582,4405.256348,2920.000000,4.000000,85.000000,,,,0.000000,4.000000,4.000000,4.000000,4.000000,4.000000,4.000000,4.000000,4.000000,4.000000,4.000000,4.000000,4.000000,4.000000,4.000000,100.000000,,,,,,,,,,,,,,,,,,,,,,,,,,,,,,,,,,,,,,,,,,,,,,,,,,,,,,,,,,,,,,,,,,,,,,,,,,,,,,,,,,,,,,
1676060265.995519,1676060265.996467,92.000000,0.000000,4277.692383,4265.128418,4282.692383,4304.358887,4277.563965,4283.333496,4282.820313,4297.436035,4281.794922,4266.410156,4451.410156,4484.487305,4369.615234,4391.922852,3132.000000,4.000000,85.000000,,,,0.000000,4.000000,4.000000,4.000000,4.000000,4.000000,4.000000,4.000000,4.000000,4.000000,4.000000,4.000000,4.000000,4.000000,4.000000,100.000000,,,,,,,,,,,,,,,,,,,,,,,,,,,,,,,,,,,,,,,,,,,,,,,,,,,,,,,,,,,,,,,,,,,,,,,,,,,,,,,,,,,,,,
1676060266.003327,1676060266.004276,93.000000,0.000000,4287.436035,4274.743652,4296.794922,4312.948730,4283.077148,4288.589844,4292.563965,4307.820313,4293.974121,4283.333496,4457.307617,4497.948730,4375.641113,4401.410156,3248.000000,4.000000,85.000000,,,,0.000000,4.000000,4.000000,4.000000,4.000000,4.000000,4.000000,4.000000,4.000000,4.000000,4.000000,4.000000,4.000000,4.000000,4.000000,100.000000,,,,,,,,,,,,,,,,,,,,,,,,,,,,,,,,,,,,,,,,,,,,,,,,,,,,,,,,,,,,,,,,,,,,,,,,,,,,,,,,,,,,,,
1676060266.011135,1676060266.011984,94.000000,0.000000,4303.077148,4292.436035,4311.794922,4326.282227,4287.179688,4296.410156,4303.461426,4316.410156,4303.589844,4292.948730,4478.589844,4516.282227,4393.333496,4421.410156,2738.000000,4.000000,85.000000,,,,0.000000,4.000000,4.000000,4.000000,4.000000,4.000000,4.000000,4.000000,4.000000,4.000000,4.000000,4.000000,4.000000,4.000000,4.000000,100.000000,,,,,,,,,,,,,,,,,0.744870,1.524130,1.054887,0.684349,1.296714,3.501416,1.095518,0.958216,0.687022,1.313479,1.109037,1.574726,1.322817,0.928443,1.272442,2.896640,1.626979,0.994748,0.651694,0.981728,0.483987,0.691893,0.555265,0.410467,0.517167,0.518965,0.575596,0.843056,0.422905,0.621638,0.509644,0.572063,0.949731,0.418354,0.921594,1.441751,1.705359,1.024346,0.634980,1.109254,0.531606,1.770858,1.065236,0.722627,1.371663,0.395550,1.711184,1.527645,1.311759,1.482044,2.842624,2.023251,1.494937,1.321669,2.029177,2.452260,1.822071,1.420800,1.265931,1.750971,2.037936,2.332277,1.574999,1.119293,2.016612,1.999180,2.295707,1.324782,1.261699,1.920518
1676060266.018944,1676060266.019793,95.000000,0.000000,4296.410156,4283.077148,4302.051270,4318.333496,4281.410156,4292.820313,4293.077148,4308.974121,4289.615234,4271.153809,4469.230957,4505.384766,4388.461426,4415.769043,2920.000000,4.000000,85.000000,,,,0.000000,4.000000,4.000000,4.000000,4.000000,4.000000,4.000000,4.000000,4.000000,4.000000,4.000000,4.000000,4.000000,4.000000,4.000000,100.000000,,,,,,,,,,,,,,,,,,,,,,,,,,,,,,,,,,,,,,,,,,,,,,,,,,,,,,,,,,,,,,,,,,,,,,,,,,,,,,,,,,,,,,
1676060266.026752,1676060266.027501,96.000000,0.000000,4299.743652,4278.717773,4301.538574,4316.794922,4287.307617,4290.512695,4289.743652,4309.102539,4282.948730,4260.512695,4455.641113,4498.333496,4374.358887,4407.051270,3132.000000,4.000000,85.000000,,,,0.000000,4.000000,4.000000,4.000000,4.000000,4.000000,4.000000,4.000000,4.000000,4.000000,4.000000,4.000000,4.000000,4.000000,4.000000,100.000000,,,,,,,,,,,,,,,,,,,,,,,,,,,,,,,,,,,,,,,,,,,,,,,,,,,,,,,,,,,,,,,,,,,,,,,,,,,,,,,,,,,,,,
1676060266.034561,1676060266.035310,97.000000,0.000000,4319.230957,4300.512695,4319.358887,4333.846191,4301.794922,4299.871582,4303.333496,4325.256348,4297.692383,4279.743652,4473.589844,4513.846191,4388.589844,4425.256348,3248.000000,4.000000,85.000000,,,,0.000000,4.000000,4.000000,4.000000,4.000000,4.000000,4.000000,4.000000,4.000000,4.000000,4.000000,4.000000,4.000000,4.000000,4.000000,100.000000,,,,,,,,,,,,,,,,,,,,,,,,,,,,,,,,,,,,,,,,,,,,,,,,,,,,,,,,,,,,,,,,,,,,,,,,,,,,,,,,,,,,,,
1676060266.042369,1676060266.043018,98.000000,0.000000,4313.077148,4299.487305,4320.256348,4329.871582,4299.743652,4302.692383,4302.692383,4331.025879,4303.077148,4289.487305,4478.717773,4517.692383,4396.025879,4428.974121,2738.000000,4.000000,85.000000,,,,0.000000,4.000000,4.000000,4.000000,4.000000,4.000000,4.000000,4.000000,4.000000,4.000000,4.000000,4.000000,4.000000,4.000000,4.000000,100.000000,,,,,,,,,,,,,,,,,,,,,,,,,,,,,,,,,,,,,,,,,,,,,,,,,,,,,,,,,,,,,,,,,,,,,,,,,,,,,,,,,,,,,,
1676060266.050177,1676060266.050827,99.000000,0.000000,4293.333496,4275.256348,4304.358887,4308.333496,4287.563965,4291.922852,4290.641113,4324.230957,4290.512695,4277.436035,4452.436035,4500.769043,4372.051270,4403.333496,2920.000000,4.000000,85.000000,,,,0.000000,4.000000,4.000000,4.000000,4.000000,4.000000,4.000000,4.000000,4.000000,4.000000,4.000000,4.000000,4.000000,4.000000,4.000000,100.000000,,,,,,,,,,,,,,,,,,,,,,,,,,,,,,,,,,,,,,,,,,,,,,,,,,,,,,,,,,,,,,,,,,,,,,,,,,,,,,,,,,,,,,
1676060266.057986,1676060266.058535,100.000000,0.000000,4301.410156,4281.410156,4307.051270,4311.538574,4290.384766,4290.641113,4294.102539,4331.282227,4293.717773,4274.358887,4459.102539,4502.948730,4372.051270,4406.794922,3132.000000,4.000000,85.000000,,,,0.000000,4.000000,4.000000,4.000000,4.000000,4.000000,4.000000,4.000000,4.000000,4.000000,4.000000,4.000000,4.000000,4.000000,4.000000,100.000000,,,,,,,,,,,,,,,,,,,,,,,,,,,,,,,,,,,,,,,,,,,,,,,,,,,,,,,,,,,,,,,,,,,,,,,,,,,,,,,,,,,,,,
1676060266.065794,1676060266.066344,101.000000,0.000000,4317.436035,4302.692383,4319.230957,4326.282227,4301.666504,4298.717773,4305.769043,4340.512695,4305.384766,4286.410156,4484.230957,4515.256348,4397.820313,4430.128418,3248.000000,4.000000,85.000000,,,,0.000000,4.000000,4.000000,4.000000,4.000000,4.000000,4.000000,4.000000,4.000000,4.000000,4.000000,4.000000,4.000000,4.000000,4.000000,100.000000,,,,,,,,,,,,,,,,,,,,,,,,,,,,,,,,,,,,,,,,,,,,,,,,,,,,,,,,,,,,,,,,,,,,,,,,,,,,,,,,,,,,,,
1676060266.073603,1676060266.074052,102.000000,0.000000,4300.128418,4283.077148,4307.692383,4310.897461,4293.589844,4288.717773,4294.743652,4324.615234,4291.666504,4284.615234,4462.307617,4499.102539,4386.410156,4413.589844,2738.000000,4.000000,85.000000,,,,0.000000,4.000000,4.000000,4.000000,4.000000,4.000000,4.000000,4.000000,4.000000,4.000000,4.000000,4.000000,4.000000,4.000000,4.000000,100.000000,,,,,,,,,,,,,,,,,,,,,,,,,,,,,,,,,,,,,,,,,,,,,,,,,,,,,,,,,,,,,,,,,,,,,,,,,,,,,,,,,,,,,,
1676060266.081411,1676060266.081861,103.000000,0.000000,4277.436035,4260.000000,4288.205078,4289.615234,4278.846191,4277.563965,4280.256348,4306.922852,4275.641113,4264.230957,4434.230957,4477.563965,4358.846191,4385.641113,2920.000000,4.000000,85.000000,,,,0.000000,4.000000,4.000000,4.000000,4.000000,4.000000,4.000000,4.000000,4.000000,4.000000,4.000000,4.000000,4.000000,4.000000,4.000000,100.000000,,,,,,,,,,,,,,,,,,,,,,,,,,,,,,,,,,,,,,,,,,,,,,,,,,,,,,,,,,,,,,,,,,,,,,,,,,,,,,,,,,,,,,
1676060266.089219,1676060266.089569,104.000000,0.000000,4284.487305,4275.897461,4289.358887,4296.794922,4282.820313,4285.512695,4286.410156,4311.922852,4278.461426,4255.641113,4446.282227,4484.487305,4366.025879,4395.897461,3132.000000,4.000000,85.000000,,,,0.000000,4.000000,4.000000,4.000000,4.000000,4.000000,4.000000,4.000000,4.000000,4.000000,4.000000,4.000000,4.000000,4.000000,4.000000,100.000000,,,,,,,,,,,,,,,,,,,,,,,,,,,,,,,,,,,,,,,,,,,,,,,,,,,,,,,,,,,,,,,,,,,,,,,,,,,,,,,,,,,,,,
1676060266.097028,1676060266.097478,105.000000,0.000000,4298.205078,4291.282227,4302.436035,4312.051270,4297.692383,4295.641113,4297.692383,4325.384766,4294.743652,4281.153809,4467.692383,4507.179688,4386.922852,4418.077148,3248.000000,4.000000,85.000000,,,,0.000000,4.000000,4.000000,4.000000,4.000000,4.000000,4.000000,4.000000,4.000000,4.000000,4.000000,4.000000,4.000000,4.000000,4.000000,100.000000,,,,,,,,,,,,,,,,,,,,,,,,,,,,,,,,,,,,,,,,,,,,,,,,,,,,,,,,,,,,,,,,,,,,,,,,,,,,,,,,,,,,,,
1676060266.104836,1676060266.105286,106.000000,0.000000,4297.692383,4282.051270,4302.948730,4312.436035,4296.410156,4293.333496,4296.153809,4321.794922,4302.563965,4292.820313,4466.410156,4509.871582,4386.282227,4412.820313,2738.000000,4.000000,85.000000,,,,0.000000,4.000000,4.000000,4.000000,4.000000,4.000000,4.000000,4.000000,4.000000,4.000000,4.000000,4.000000,4.000000,4.000000,4.000000,100.000000,,,,,,,,,,,,,,,,,,,,,,,,,,,,,,,,,,,,,,,,,,,,,,,,,,,,,,,,,,,,,,,,,,,,,,,,,,,,,,,,,,,,,,
1676060266.112645,1676060266.113195,107.000000,0.000000,4292.179688,4272.051270,4289.487305,4302.563965,4284.487305,4290.256348,4281.794922,4302.179688,4284.743652,4266.922852,4446.410156,4486.794922,4369.487305,4391.922852,2920.000000,4.000000,85.000000,,,,0.000000,4.000000,4.000000,4.000000,4.000000,4.000000,4.000000,4.000000,4.000000,4.000000,4.000000,4.000000,4.000000,4.000000,4.000000,100.000000,,,,,,,,,,,,,,,,,,,,,,,,,,,,,,,,,,,,,,,,,,,,,,,,,,,,,,,,,,,,,,,,,,,,,,,,,,,,,,,,,,,,,,
1676060266.120453,1676060266.121003,108.000000,0.000000,4295.128418,4280.000000,4288.589844,4304.358887,4287.948730,4295.256348,4278.333496,4298.717773,4276.282227,4264.102539,4438.717773,4480.128418,4370.769043,4398.077148,3132.000000,4.000000,85.000000,,,,0.000000,4.000000,4.000000,4.000000,4.000000,4.000000,4.000000,4.000000,4.000000,4.000000,4.000000,4.000000,4.000000,4.000000,4.000000,100.000000,,,,,,,,,,,,,,,,,,,,,,,,,,,,,,,,,,,,,,,,,,,,,,,,,,,,,,,,,,,,,,,,,,,,,,,,,,,,,,,,,,,,,,
1676060266.128261,1676060266.128911,109.000000,0.000000,4297.563965,4284.743652,4298.589844,4314.487305,4296.922852,4293.846191,4288.205078,4312.820313,4292.436035,4276.153809,4453.461426,4496.153809,4383.205078,4418.589844,3248.000000,4.000000,85.000000,,,,0.000000,4.000000,4.000000,4.000000,4.000000,4.000000,4.000000,4.000000,4.000000,4.000000,4.000000,4.000000,4.000000,4.000000,4.000000,100.000000,,,,,,,,,,,,,,,,,,,,,,,,,,,,,,,,,,,,,,,,,,,,,,,,,,,,,,,,,,,,,,,,,,,,,,,,,,,,,,,,,,,,,,
1676060266.136070,1676060266.136720,110.000000,0.000000,4291.410156,4274.743652,4293.589844,4308.589844,4292.307617,4287.179688,4292.563965,4314.230957,4295.897461,4263.717773,4456.538574,4495.256348,4373.461426,4412.563965,2738.000000,4.000000,85.000000,,,,0.000000,4.000000,4.000000,4.000000,4.000000,4.000000,4.000000,4.000000,4.000000,4.000000,4.000000,4.000000,4.000000,4.000000,4.000000,100.000000,,,,,,,,,,,,,,,,,0.586553,1.207458,1.010997,0.758242,1.213034,2.974688,1.037236,1.028396,0.755018,1.301702,1.069864,1.388414,1.156925,0.962936,1.138740,2.949980,1.403580,0.924552,0.648639,0.919626,0.431780,0.631946,0.523789,0.471619,0.475587,0.533824,0.541255,0.824068,0.485178,0.563955,0.545236,0.523735,0.880476,0.423854,0.815208,2.304833,1.432650,0.882792,0.646209,0.977726,0.508392,1.636285,0.928701,0.816294,1.194150,0.281849,1.528563,1.263444,1.277162,1.412242,3.647802,2.117718,1.522970,1.414065,1.824831,2.221201,1.291579,1.331126,1.352623,1.660544,1.754508,2.067186,1.575651,1.215312,1.840385,1.192533,1.795074,1.181114,1.306321,1.756461
1676060266.143878,1676060266.144628,111.000000,0.000000,4297.179688,4282.051270,4289.871582,4303.461426,4292.179688,4294.743652,4291.153809,4307.563965,4288.333496,4265.000000,4449.743652,4488.589844,4371.153809,4407.307617,2920.000000,4.000000,85.000000,,,,0.000000,4.000000,4.000000,4.000000,4.000000,4.000000,4.000000,4.000000,4.000000,4.000000,4.000000,4.000000,4.000000,4.000000,4.000000,100.000000,,,,,,,,,,,,,,,,,,,,,,,,,,,,,,,,,,,,,,,,,,,,,,,,,,,,,,,,,,,,,,,,,,,,,,,,,,,,,,,,,,,,,,
1676060266.151686,1676060266.152437,112.000000,0.000000,4318.589844,4303.589844,4309.743652,4321.410156,4304.743652,4306.538574,4297.179688,4315.128418,4297.051270,4289.230957,4468.077148,4506.282227,4397.948730,4429.487305,3132.000000,4.000000,85.000000,,,,0.000000,4.000000,4.000000,4.000000,4.000000,4.000000,4.000000,4.000000,4.000000,4.000000,4.000000,4.000000,4.000000,4.000000,4.000000,100.000000,,,,,,,,,,,,,,,,,,,,,,,,,,,,,,,,,,,,,,,,,,,,,,,,,,,,,,,,,,,,,,,,,,,,,,,,,,,,,,,,,,,,,,
1676060266.159495,1676060266.160145,113.000000,0.000000,4325.769043,4304.743652,4323.717773,4332.948730,4309.230957,4301.153809,4303.461426,4322.820313,4305.769043,4292.692383,4483.461426,4519.487305,4405.128418,4440.256348,3248.000000,4.000000,85.000000,,,,0.000000,4.000000,4.000000,4.000000,4.000000,4.000000,4.000000,4.000000,4.000000,4.000000,4.000000,4.000000,4.000000,4.000000,4.000000,100.000000,,,,,,,,,,,,,,,,,,,,,,,,,,,,,,,,,,,,,,,,,,,,,,,,,,,,,,,,,,,,,,,,,,,,,,,,,,,,,,,,,,,,,,
1676060266.167303,1676060266.167954,114.000000,0.000000,4309.743652,4290.384766,4312.436035,4316.153809,4297.563965,4290.128418,4289.230957,4307.307617,4291.666504,4275.256348,4459.743652,4500.512695,4377.179688,4418.717773,2738.000000,4.000000,85.000000,,,,0.000000,4.000000,4.000000,4.000000,4.000000,4.000000,4.000000,4.000000,4.000000,4.000000,4.000000,4.000000,4.000000,4.000000,4.000000,100.000000,,,,,,,,,,,,,,,,,,,,,,,,,,,,,,,,,,,,,,,,,,,,,,,,,,,,,,,,,,,,,,,,,,,,,,,,,,,,,,,,,,,,,,
1676060266.175112,1676060266.175662,115.000000,0.000000,4302.820313,4290.128418,4305.512695,4305.000000,4291.922852,4294.615234,4275.512695,4286.922852,4275.897461,4269.102539,4442.307617,4483.205078,4369.230957,4408.461426,2920.000000,4.000000,85.000000,,,,0.000000,4.000000,4.000000,4.000000,4.000000,4.000000,4.000000,4.000000,4.000000,4.000000,4.000000,4.000000,4.000000,4.000000,4.000000,100.000000,,,,,,,,,,,,,,,,,,,,,,,,,,,,,,,,,,,,,,,,,,,,,,,,,,,,,,,,,,,,,,,,,,,,,,,,,,,,,,,,,,,,,,
1676060266.182920,1676060266.183471,116.000000,0.000000,4316.538574,4298.974121,4318.461426,4317.179688,4301.410156,4303.846191,4286.666504,4292.820313,4285.641113,4272.820313,4459.871582,4496.538574,4390.384766,4427.179688,3132.000000,4.000000,85.000000,,,,0.000000,4.000000,4.000000,4.000000,4.000000,4.000000,4.000000,4.000000,4.000000,4.000000,4.000000,4.000000,4.000000,4.000000,4.000000,100.000000,,,,,,,,,,,,,,,,,,,,,,,,,,,,,,,,,,,,,,,,,,,,,,,,,,,,,,,,,,,,,,,,,,,,,,,,,,,,,,,,,,,,,,
1676060266.190728,1676060266.191179,117.000000,0.000000,4322.948730,4297.563965,4323.461426,4320.641113,4304.358887,4297.563965,4297.948730,4310.256348,4304.358887,4274.487305,4468.846191,4511.538574,4394.871582,4435.256348,3248.000000,4.000000,85.000000,,,,0.000000,4.000000,4.000000,4.000000,4.000000,4.000000,4.000000,4.000000,4.000000,4.000000,4.000000,4.000000,4.000000,4.000000,4.000000,100.000000,,,,,,,,,,,,,,,,,,,,,,,,,,,,,,,,,,,,,,,,,,,,,,,,,,,,,,,,,,,,,,,,,,,,,,,,,,,,,,,,,,,,,,
1676060266.198537,1676060266.198988,118.000000,0.000000,4315.897461,4295.256348,4317.948730,4311.025879,4299.487305,4293.846191,4295.897461,4313.461426,4305.512695,4280.897461,4457.948730,4503.974121,4385.256348,4424.102539,2738.000000,4.000000,85.000000,,,,0.000000,4.000000,4.000000,4.000000,4.000000,4.000000,4.000000,4.000000,4.000000,4.000000,4.000000,4.000000,4.000000,4.000000,4.000000,100.000000,,,,,,,,,,,,,,,,,,,,,,,,,,,,,,,,,,,,,,,,,,,,,,,,,,,,,,,,,,,,,,,,,,,,,,,,,,,,,,,,,,,,,,
1676060266.206345,1676060266.206696,119.000000,0.000000,4317.051270,4300.384766,4321.538574,4314.871582,4305.000000,4306.410156,4301.666504,4317.692383,4303.846191,4293.589844,4462.563965,4502.307617,4391.025879,4430.128418,2920.000000,4.000000,85.000000,,,,0.000000,4.000000,4.000000,4.000000,4.000000,4.000000,4.000000,4.000000,4.000000,4.000000,4.000000,4.000000,4.000000,4.000000,4.000000,100.000000,,,,,,,,,,,,,,,,,,,,,,,,,,,,,,,,,,,,,,,,,,,,,,,,,,,,,,,,,,,,,,,,,,,,,,,,,,,,,,,,,,,,,,
1676060266.214153,1676060266.214505,120.000000,0.000000,4327.436035,4306.538574,4327.820313,4327.307617,4314.615234,4308.846191,4312.307617,4331.922852,4313.461426,4297.948730,4478.974121,4516.666504,4401.282227,4444.743652,3132.000000,4.000000,85.000000,,,,0.000000,4.000000,4.000000,4.000000,4.000000,4.000000,4.000000,4.000000,4.000000,4.000000,4.000000,4.000000,4.000000,4.000000,4.000000,100.000000,,,,,,,,,,,,,,,,,,,,,,,,,,,,,,,,,,,,,,,,,,,,,,,,,,,,,,,,,,,,,,,,,,,,,,,,,,,,,,,,,,,,,,
1676060266.221962,1676060266.222213,121.000000,0.000000,4328.717773,4306.922852,4329.487305,4323.461426,4312.563965,4300.256348,4312.563965,4336.025879,4317.820313,4298.846191,4482.563965,4518.974121,4400.000000,4438.205078,3248.000000,4.000000,85.000000,,,,0.000000,4.000000,4.000000,4.000000,4.000000,4.000000,4.000000,4.000000,4.000000,4.000000,4.000000,4.000000,4.000000,4.000000,4.000000,100.000000,,,,,,,,,,,,,,,,,,,,,,,,,,,,,,,,,,,,,,,,,,,,,,,,,,,,,,,,,,,,,,,,,,,,,,,,,,,,,,,,,,,,,,
1676060266.229770,1676060266.230121,122.000000,0.000000,4314.358887,4298.333496,4323.333496,4308.974121,4305.384766,4302.436035,4304.487305,4322.307617,4308.717773,4296.282227,4470.769043,4502.051270,4391.538574,4424.487305,2738.000000,4.000000,85.000000,,,,0.000000,4.000000,4.000000,4.000000,4.000000,4.000000,4.000000,4.000000,4.000000,4.000000,4.000000,4.000000,4.000000,4.000000,4.000000,100.000000,,,,,,,,,,,,,,,,,,,,,,,,,,,,,,,,,,,,,,,,,,,,,,,,,,,,,,,,,,,,,,,,,,,,,,,,,,,,,,,,,,,,,,
1676060266.237579,1676060266.237930,123.000000,0.000000,4308.077148,4293.717773,4315.641113,4308.077148,4309.871582,4312.436035,4299.743652,4312.179688,4299.743652,4280.897461,4463.589844,4491.922852,4387.307617,4424.743652,2920.000000,4.000000,85.000000,,,,0.000000,4.000000,4.000000,4.000000,4.000000,4.000000,4.000000,4.000000,4.000000,4.000000,4.000000,4.000000,4.000000,4.000000,4.000000,100.000000,,,,,,,,,,,,,,,,,,,,,,,,,,,,,,,,,,,,,,,,,,,,,,,,,,,,,,,,,,,,,,,,,,,,,,,,,,,,,,,,,,,,,,
1676060266.245387,1676060266.245838,124.000000,0.000000,4319.230957,4298.717773,4317.948730,4314.487305,4316.410156,4315.384766,4302.051270,4311.410156,4302.179688,4278.461426,4467.563965,4497.051270,4393.077148,4431.153809,3132.000000,4.000000,85.000000,,,,0.000000,4.000000,4.000000,4.000000,4.000000,4.000000,4.000000,4.000000,4.000000,4.000000,4.000000,4.000000,4.000000,4.000000,4.000000,100.000000,,,,,,,,,,,,,,,,,,,,,,,,,,,,,,,,,,,,,,,,,,,,,,,,,,,,,,,,,,,,,,,,,,,,,,,,,,,,,,,,,,,,,,
1676060266.253195,1676060266.253647,125.000000,0.000000,4315.384766,4293.846191,4316.794922,4305.512695,4307.307617,4306.282227,4294.487305,4299.487305,4299.358887,4288.846191,4460.384766,4488.589844,4387.436035,4424.102539,3248.000000,4.000000,85.000000,,,,0.000000,4.000000,4.000000,4.000000,4.000000,4.000000,4.000000,4.000000,4.000000,4.000000,4.000000,4.000000,4.000000,4.000000,4.000000,100.000000,,,,,,,,,,,,,,,,,,,,,,,,,,,,,,,,,,,,,,,,,,,,,,,,,,,,,,,,,,,,,,,,,,,,,,,,,,,,,,,,,,,,,,
1676060266.261004,1676060266.261555,126.000000,0.000000,4302.692383,4287.307617,4309.102539,4297.692383,4296.282227,4296.410156,4284.358887,4290.000000,4287.948730,4281.538574,4451.025879,4477.820313,4375.897461,4417.179688,2738.000000,4.000000,85.000000,,,,0.000000,4.000000,4.000000,4.000000,4.000000,4.000000,4.000000,4.000000,4.000000,4.000000,4.000000,4.000000,4.000000,4.000000,4.000000,100.000000,,,,,,,,,,,,,,,,,0.590028,1.004269,0.949651,0.866413,1.168943,3.474988,1.169247,1.221633,0.902935,1.314750,1.110597,1.299891,0.942406,0.980563,1.057671,3.274761,1.210499,0.878497,0.692113,0.905104,0.445087,0.610395,0.489740,0.551863,0.461445,0.583948,0.515390,0.757092,0.554727,0.502720,0.629406,0.521816,0.778139,0.454957,0.724940,3.236724,1.134184,0.715949,0.713879,0.902858,0.491636,1.457340,0.797682,0.950588,1.067043,0.210860,1.325256,0.991890,1.262387,1.382643,4.566406,2.179466,1.410263,1.512935,1.739661,2.190974,0.948682,1.157607,1.415738,1.667816,1.962074,1.929959,1.537649,1.329572,1.755747,0.807827,1.453531,1.025913,1.352189,1.739288
1676060266.268812,1676060266.269363,127.000000,0.000000,4322.307617,4305.256348,4320.769043,4316.153809,4309.358887,4304.615234,4300.128418,4310.769043,4307.179688,4289.871582,4470.641113,4501.922852,4398.589844,4435.128418,85.000000,4.000000,85.000000,,,,0.000000,4.000000,4.000000,4.000000,4.000000,4.000000,4.000000,4.000000,4.000000,4.000000,4.000000,4.000000,4.000000,4.000000,4.000000,100.000000,,,,,,,,,,,,,,,,,,,,,,,,,,,,,,,,,,,,,,,,,,,,,,,,,,,,,,,,,,,,,,,,,,,,,,,,,,,,,,,,,,,,,,
1676060266.276621,1676060266.277272,0.000000,0.000000,4341.922852,4316.410156,4331.410156,4325.641113,4319.230957,4316.153809,4313.333496,4326.025879,4329.743652,4311.538574,4486.025879,4517.051270,4416.922852,4448.846191,2521.000000,4.000000,85.000000,,,,0.000000,4.000000,4.000000,4.000000,4.000000,4.000000,4.000000,4.000000,4.000000,4.000000,4.000000,4.000000,4.000000,4.000000,4.000000,100.000000,,,,,,,,,,,,,,,,,,,,,,,,,,,,,,,,,,,,,,,,,,,,,,,,,,,,,,,,,,,,,,,,,,,,,,,,,,,,,,,,,,,,,,
1676060266.284429,1676060266.285080,1.000000,0.000000,4318.461426,4295.256348,4310.897461,4300.256348,4301.538574,4304.871582,4297.436035,4311.410156,4306.922852,4292.436035,4463.333496,4491.794922,4391.153809,4430.384766,2491.000000,4.000000,85.000000,,,,0.000000,4.000000,4.000000,4.000000,4.000000,4.000000,4.000000,4.000000,4.000000,4.000000,4.000000,4.000000,4.000000,4.000000,4.000000,100.000000,,,,,,,,,,,,,,,,,,,,,,,,,,,,,,,,,,,,,,,,,,,,,,,,,,,,,,,,,,,,,,,,,,,,,,,,,,,,,,,,,,,,,,
1676060266.292237,1676060266.292989,2.000000,0.000000,4304.871582,4288.333496,4304.871582,4291.410156,4298.077148,4296.025879,4293.461426,4310.897461,4296.153809,4276.410156,4456.666504,4489.102539,4383.974121,4421.922852,2409.000000,4.000000,85.000000,,,,0.000000,4.000000,4.000000,4.000000,4.000000,4.000000,4.000000,4.000000,4.000000,4.000000,4.000000,4.000000,4.000000,4.000000,4.000000,100.000000,,,,,,,,,,,,,,,,,,,,,,,,,,,,,,,,,,,,,,,,,,,,,,,,,,,,,,,,,,,,,,,,,,,,,,,,,,,,,,,,,,,,,,
1676060266.300046,1676060266.300797,3.000000,0.000000,4323.461426,4301.538574,4322.692383,4306.794922,4311.153809,4302.820313,4306.025879,4323.205078,4320.256348,4301.794922,4477.563965,4508.717773,4403.461426,4437.948730,2476.000000,4.000000,85.000000,,,,0.000000,4.000000,4.000000,4.000000,4.000000,4.000000,4.000000,4.000000,4.000000,4.000000,4.000000,4.000000,4.000000,4.000000,4.000000,100.000000,,,,,,,,,,,,,,,,,,,,,,,,,,,,,,,,,,,,,,,,,,,,,,,,,,,,,,,,,,,,,,,,,,,,,,,,,,,,,,,,,,,,,,
1676060266.307854,1676060266.308705,4.000000,0.000000,4325.641113,4294.358887,4316.025879,4301.538574,4306.538574,4305.256348,4300.384766,4314.102539,4317.820313,4307.179688,4475.641113,4497.307617,4395.128418,4434.358887,2451.000000,4.000000,85.000000,,,,0.000000,4.000000,4.000000,4.000000,4.000000,4.000000,4.000000,4.000000,4.000000,4.000000,4.000000,4.000000,4.000000,4.000000,4.000000,100.000000,,,,,,,,,,,,,,,,,,,,,,,,,,,,,,,,,,,,,,,,,,,,,,,,,,,,,,,,,,,,,,,,,,,,,,,,,,,,,,,,,,,,,,
1676060266.315663,1676060266.316514,5.000000,0.000000,4317.307617,4289.102539,4306.410156,4297.436035,4302.820313,4302.692383,4291.666504,4306.538574,4301.538574,4289.487305,4474.487305,4484.230957,4383.717773,4425.000000,2381.000000,4.000000,85.000000,,,,0.000000,4.000000,4.000000,4.000000,4.000000,4.000000,4.000000,4.000000,4.000000,4.000000,4.000000,4.000000,4.000000,4.000000,4.000000,100.000000,,,,,,,,,,,,,,,,,,,,,,,,,,,,,,,,,,,,,,,,,,,,,,,,,,,,,,,,,,,,,,,,,,,,,,,,,,,,,,,,,,,,,,
1676060266.323471,1676060266.324322,6.000000,0.000000,4326.922852,4307.948730,4323.077148,4316.538574,4313.077148,4302.307617,4297.307617,4316.922852,4310.384766,4294.743652,4506.410156,4495.641113,4399.871582,4439.358887,2229.000000,4.000000,85.000000,,,,0.000000,4.000000,4.000000,4.000000,4.000000,4.000000,4.000000,4.000000,4.000000,4.000000,4.000000,4.000000,4.000000,4.000000,4.000000,100.000000,,,,,,,,,,,,,,,,,,,,,,,,,,,,,,,,,,,,,,,,,,,,,,,,,,,,,,,,,,,,,,,,,,,,,,,,,,,,,,,,,,,,,,
1676060266.331279,1676060266.332131,7.000000,0.000000,4330.897461,4312.948730,4331.794922,4317.948730,4315.769043,4303.589844,4301.538574,4318.461426,4312.820313,4293.205078,4530.512695,4498.589844,4404.358887,4443.717773,2232.000000,4.000000,85.000000,,,,0.000000,4.000000,4.000000,4.000000,4.000000,4.000000,4.000000,4.000000,4.000000,4.000000,4.000000,4.000000,4.000000,4.000000,4.000000,100.000000,,,,,,,,,,,,,,,,,,,,,,,,,,,,,,,,,,,,,,,,,,,,,,,,,,,,,,,,,,,,,,,,,,,,,,,,,,,,,,,,,,,,,,
1676060266.339088,1676060266.339839,8.000000,0.000000,4315.641113,4298.077148,4319.102539,4298.333496,4309.358887,4303.461426,4292.436035,4302.948730,4295.128418,4273.205078,4525.256348,4483.717773,4382.692383,4425.256348,2267.000000,4.000000,85.000000,,,,0.000000,4.000000,4.000000,4.000000,4.000000,4.000000,4.000000,4.000000,4.000000,4.000000,4.000000,4.000000,4.000000,4.000000,4.000000,100.000000,,,,,,,,,,,,,,,,,,,,,,,,,,,,,,,,,,,,,,,,,,,,,,,,,,,,,,,,,,,,,,,,,,,,,,,,,,,,,,,,,,,,,,
1676060266.346896,1676060266.347648,9.000000,0.000000,4301.666504,4291.666504,4303.461426,4293.974121,4305.384766,4298.974121,4283.333496,4291.794922,4286.794922,4272.948730,4522.307617,4467.820313,4366.025879,4410.641113,2252.000000,4.000000,85.000000,,,,0.000000,4.000000,4.000000,4.000000,4.000000,4.000000,4.000000,4.000000,4.000000,4.000000,4.000000,4.000000,4.000000,4.000000,4.000000,100.000000,,,,,,,,,,,,,,,,,,,,,,,,,,,,,,,,,,,,,,,,,,,,,,,,,,,,,,,,,,,,,,,,,,,,,,,,,,,,,,,,,,,,,,
1676060266.354704,1676060266.355356,10.000000,0.000000,4294.230957,4286.922852,4295.128418,4293.461426,4301.025879,4293.589844,4287.436035,4291.538574,4290.000000,4282.179688,4525.128418,4458.717773,4363.333496,4402.692383,2730.000000,4.000000,85.000000,,,,0.000000,4.000000,4.000000,4.000000,4.000000,4.000000,4.000000,4.000000,4.000000,4.000000,4.000000,4.000000,4.000000,4.000000,4.000000,100.000000,,,,,,,,,,,,,,,,,,,,,,,,,,,,,,,,,,,,,,,,,,,,,,,,,,,,,,,,,,,,,,,,,,,,,,,,,,,,,,,,,,,,,,
1676060266.362513,1676060266.363265,11.000000,0.000000,4291.666504,4278.333496,4300.000000,4287.563965,4303.461426,4299.615234,4296.538574,4292.948730,4293.461426,4280.000000,4521.153809,4457.948730,4364.230957,4393.461426,2929.000000,4.000000,85.000000,,,,0.000000,4.000000,4.000000,4.000000,4.000000,4.000000,4.000000,4.000000,4.000000,4.000000,4.000000,4.000000,4.000000,4.000000,4.000000,100.000000,,,,,,,,,,,,,,,,,,,,,,,,,,,,,,,,,,,,,,,,,,,,,,,,,,,,,,,,,,,,,,,,,,,,,,,,,,,,,,,,,,,,,,
1676060266.370321,1676060266.371073,12.000000,0.000000,4298.077148,4283.333496,4309.102539,4292.051270,4312.948730,4308.717773,4297.948730,4296.153809,4295.641113,4271.666504,4516.025879,4462.820313,4367.820313,4395.897461,3116.000000,4.000000,85.000000,,,,0.000000,4.000000,4.000000,4.000000,4.000000,4.000000,4.000000,4.000000,4.000000,4.000000,4.000000,4.000000,4.000000,4.000000,4.000000,100.000000,,,,,,,,,,,,,,,,,,,,,,,,,,,,,,,,,,,,,,,,,,,,,,,,,,,,,,,,,,,,,,,,,,,,,,,,,,,,,,,,,,,,,,
1676060266.378130,1676060266.378882,13.000000,0.000000,4299.487305,4286.025879,4301.282227,4295.128418,4310.000000,4300.128418,4291.794922,4297.307617,4290.384766,4262.692383,4501.282227,4461.538574,4365.384766,4399.743652,3239.000000,4.000000,85.000000,,,,0.000000,4.000000,4.000000,4.000000,4.000000,4.000000,4.000000,4.000000,4.000000,4.000000,4.000000,4.000000,4.000000,4.000000,4.000000,100.000000,,,,,,,,,,,,,,,,,,,,,,,,,,,,,,,,,,,,,,,,,,,,,,,,,,,,,,,,,,,,,,,,,,,,,,,,,,,,,,,,,,,,,,
1676060266.385938,1676060266.386590,14.000000,0.000000,4288.974121,4276.922852,4286.153809,4288.846191,4300.897461,4289.102539,4287.563965,4294.871582,4285.256348,4263.846191,4485.256348,4453.077148,4355.769043,4391.538574,2730.000000,4.000000,85.000000,,,,0.000000,4.000000,4.000000,4.000000,4.000000,4.000000,4.000000,4.000000,4.000000,4.000000,4.000000,4.000000,4.000000,4.000000,4.000000,100.000000,1.000000,58.333332,4.000000,4.000000,3.000000,4.000000,4.000000,4.000000,4.000000,4.000000,4.000000,1.000000,3.000000,3.000000,3.000000,3.000000,0.763779,0.916806,0.891319,0.977347,1.187785,4.678216,1.432531,1.485945,1.079012,1.357636,1.255250,1.304198,0.736812,0.964942,1.054276,3.854369,1.047793,0.873082,0.765568,0.947179,0.534760,0.637115,0.476069,0.629309,0.477992,0.644922,0.505413,0.659328,0.610174,0.458474,0.705529,0.543406,0.664261,0.498344,0.687731,3.980370,0.869189,0.582023,0.812680,0.910543,0.464063,1.259695,0.697697,1.084080,1.028212,0.174827,1.107801,0.788989,1.271045,1.414004,5.545660,2.204927,1.181350,1.580589,1.817129,2.375018,0.784261,0.940604,1.423920,1.796507,2.458181,1.857683,1.463556,1.413485,1.788419,0.748737,1.229185,0.869947,1.359347,1.877971
1676060266.393746,1676060266.394398,15.000000,0.000000,4293.333496,4285.897461,4295.000000,4292.820313,4305.000000,4298.974121,4294.871582,4302.051270,4300.000000,4277.436035,4498.974121,4463.717773,4368.589844,4401.282227,2929.000000,4.000000,85.000000,,,,0.000000,4.000000,4.000000,4.000000,4.000000,4.000000,4.000000,4.000000,4.000000,4.000000,4.000000,4.000000,4.000000,4.000000,4.000000,100.000000,,,,,,,,,,,,,,,,,,,,,,,,,,,,,,,,,,,,,,,,,,,,,,,,,,,,,,,,,,,,,,,,,,,,,,,,,,,,,,,,,,,,,,
1676060266.401555,1676060266.402107,16.000000,0.000000,4311.666504,4301.025879,4311.538574,4300.897461,4310.512695,4309.230957,4300.769043,4312.692383,4316.025879,4281.025879,4514.871582,4483.717773,4393.461426,4421.794922,0.000000,4.000000,85.000000,,,,0.000000,4.000000,4.000000,4.000000,4.000000,4.000000,4.000000,4.000000,4.000000,4.000000,4.000000,4.000000,4.000000,4.000000,4.000000,100.000000,,,,,,,,,,,,,,,,,,,,,,,,,,,,,,,,,,,,,,,,,,,,,,,,,,,,,,,,,,,,,,,,,,,,,,,,,,,,,,,,,,,,,,
1676060266.409363,1676060266.409915,17.000000,0.000000,4295.384766,4283.589844,4294.230957,4283.717773,4296.282227,4291.410156,4280.512695,4293.846191,4293.077148,4265.769043,4479.230957,4459.871582,4371.025879,4401.922852,0.000000,4.000000,85.000000,,,,0.000000,4.000000,4.000000,4.000000,4.000000,4.000000,4.000000,4.000000,4.000000,4.000000,4.000000,4.000000,4.000000,4.000000,4.000000,100.000000,,,,,,,,,,,,,,,,,,,,,,,,,,,,,,,,,,,,,,,,,,,,,,,,,,,,,,,,,,,,,,,,,,,,,,,,,,,,,,,,,,,,,,
1676060266.417171,1676060266.417624,18.000000,0.000000,4268.846191,4268.717773,4274.230957,4268.333496,4288.077148,4276.794922,4264.743652,4269.871582,4267.563965,4257.436035,4447.436035,4427.179688,4342.179688,4377.051270,0.000000,4.000000,85.000000,,,,0.000000,4.000000,4.000000,4.000000,4.000000,4.000000,4.000000,4.000000,4.000000,4.000000,4.000000,4.000000,4.000000,4.000000,4.000000,100.000000,,,,,,,,,,,,,,,,,,,,,,,,,,,,,,,,,,,,,,,,,,,,,,,,,,,,,,,,,,,,,,,,,,,,,,,,,,,,,,,,,,,,,,
1676060266.424980,1676060266.425432,19.000000,0.000000,4291.410156,4288.717773,4293.333496,4287.948730,4308.589844,4296.794922,4285.769043,4285.512695,4287.820313,4274.871582,4477.820313,4448.846191,4367.820313,4401.922852,0.000000,4.000000,85.000000,,,,0.000000,4.000000,4.000000,4.000000,4.000000,4.000000,4.000000,4.000000,4.000000,4.000000,4.000000,4.000000,4.000000,4.000000,4.000000,100.000000,,,,,,,,,,,,,,,,,,,,,,,,,,,,,,,,,,,,,,,,,,,,,,,,,,,,,,,,,,,,,,,,,,,,,,,,,,,,,,,,,,,,,,
1676060266.432788,1676060266.433141,20.000000,0.000000,4310.128418,4301.922852,4307.179688,4302.179688,4322.307617,4314.615234,4305.256348,4306.153809,4307.948730,4290.128418,4497.563965,4472.563965,4385.512695,4419.743652,0.000000,4.000000,85.000000,,,,0.000000,4.000000,4.000000,4.000000,4.000000,4.000000,4.000000,4.000000,4.000000,4.000000,4.000000,4.000000,4.000000,4.000000,4.000000,100.000000,,,,,,,,,,,,,,,,,,,,,,,,,,,,,,,,,,,,,,,,,,,,,,,,,,,,,,,,,,,,,,,,,,,,,,,,,,,,,,,,,,,,,,
1676060266.440596,1676060266.440949,21.000000,0.000000,4286.025879,4291.922852,4285.897461,4284.230957,4310.128418,4302.307617,4292.563965,4296.282227,4295.256348,4275.641113,4468.461426,4453.077148,4362.948730,4396.410156,0.000000,4.000000,85.000000,,,,0.000000,4.000000,4.000000,4.000000,4.000000,4.000000,4.000000,4.000000,4.000000,4.000000,4.000000,4.000000,4.000000,4.000000,4.000000,100.000000,,,,,,,,,,,,,,,,,,,,,,,,,,,,,,,,,,,,,,,,,,,,,,,,,,,,,,,,,,,,,,,,,,,,,,,,,,,,,,,,,,,,,,
1676060266.448405,1676060266.448658,22.000000,0.000000,4280.512695,4288.205078,4279.230957,4276.922852,4298.846191,4292.692383,4281.794922,4286.538574,4285.897461,4258.461426,4454.743652,4440.769043,4359.871582,4390.256348,0.000000,4.000000,85.000000,,,,0.000000,4.000000,4.000000,4.000000,4.000000,4.000000,4.000000,4.000000,4.000000,4.000000,4.000000,4.000000,4.000000,4.000000,4.000000,100.000000,,,,,,,,,,,,,,,,,,,,,,,,,,,,,,,,,,,,,,,,,,,,,,,,,,,,,,,,,,,,,,,,,,,,,,,,,,,,,,,,,,,,,,
1676060266.456213,1676060266.456566,23.000000,0.000000,4295.641113,4287.948730,4295.897461,4286.538574,4299.487305,4295.641113,4289.871582,4296.282227,4290.256348,4261.538574,4467.179688,4450.000000,4369.871582,4402.051270,0.000000,4.000000,85.000000,,,,0.000000,4.000000,4.000000,4.000000,4.000000,4.000000,4.000000,4.000000,4.000000,4.000000,4.000000,4.000000,4.000000,4.000000,4.000000,100.000000,,,,,,,,,,,,,,,,,,,,,,,,,,,,,,,,,,,,,,,,,,,,,,,,,,,,,,,,,,,,,,,,,,,,,,,,,,,,,,,,,,,,,,
1676060266.464022,1676060266.464375,24.000000,0.000000,4283.205078,4274.358887,4292.051270,4275.256348,4296.538574,4288.077148,4287.179688,4294.743652,4288.974121,4266.922852,4454.743652,4445.384766,4352.820313,4389.230957,0.000000,4.000000,85.000000,,,,0.000000,4.000000,4.000000,4.000000,4.000000,4.000000,4.000000,4.000000,4.000000,4.000000,4.000000,4.000000,4.000000,4.000000,4.000000,100.000000,,,,,,,,,,,,,,,,,,,,,,,,,,,,,,,,,,,,,,,,,,,,,,,,,,,,,,,,,,,,,,,,,,,,,,,,,,,,,,,,,,,,,,
1676060266.471830,1676060266.472283,25.000000,0.000000,4270.641113,4267.051270,4277.307617,4264.743652,4290.641113,4277.307617,4274.487305,4280.128418,4287.307617,4269.487305,4436.282227,4437.820313,4345.128418,4377.307617,0.000000,4.000000,85.000000,,,,0.000000,4.000000,4.000000,4.000000,4.000000,4.000000,4.000000,4.000000,4.000000,4.000000,4.000000,4.000000,4.000000,4.000000,4.000000,100.000000,,,,,,,,,,,,,,,,,,,,,,,,,,,,,,,,,,,,,,,,,,,,,,,,,,,,,,,,,,,,,,,,,,,,,,,,,,,,,,,,,,,,,,
1676060266.479638,1676060266.480092,26.000000,0.000000,4287.307617,4281.538574,4287.948730,4276.794922,4295.000000,4281.538574,4281.794922,4288.461426,4295.000000,4282.051270,4451.666504,4450.128418,4364.487305,4395.128418,0.000000,4.000000,85.000000,,,,0.000000,4.000000,4.000000,4.000000,4.000000,4.000000,4.000000,4.000000,4.000000,4.000000,4.000000,4.000000,4.000000,4.000000,4.000000,100.000000,,,,,,,,,,,,,,,,,,,,,,,,,,,,,,,,,,,,,,,,,,,,,,,,,,,,,,,,,,,,,,,,,,,,,,,,,,,,,,,,,,,,,,
1676060266.487447,1676060266.488000,27.000000,0.000000,4298.974121,4295.512695,4310.128418,4285.769043,4304.615234,4291.666504,4297.307617,4305.897461,4300.000000,4281.025879,4467.820313,4464.102539,4374.358887,4413.717773,0.000000,4.000000,85.000000,,,,0.000000,4.000000,4.000000,4.000000,4.000000,4.000000,4.000000,4.000000,4.000000,4.000000,4.000000,4.000000,4.000000,4.000000,4.000000,100.000000,,,,,,,,,,,,,,,,,,,,,,,,,,,,,,,,,,,,,,,,,,,,,,,,,,,,,,,,,,,,,,,,,,,,,,,,,,,,,,,,,,,,,,
1676060266.495255,1676060266.495808,28.000000,0.000000,4296.666504,4293.589844,4315.128418,4285.512695,4309.615234,4295.641113,4296.153809,4302.948730,4296.282227,4265.641113,4460.384766,4469.102539,4372.563965,4413.461426,0.000000,4.000000,85.000000,,,,0.000000,4.000000,4.000000,4.000000,4.000000,4.000000,4.000000,4.000000,4.000000,4.000000,4.000000,4.000000,4.000000,4.000000,4.000000,100.000000,,,,,,,,,,,,,,,,,,,,,,,,,,,,,,,,,,,,,,,,,,,,,,,,,,,,,,,,,,,,,,,,,,,,,,,,,,,,,,,,,,,,,,
1676060266.503064,1676060266.503717,29.000000,0.000000,4302.307617,4291.538574,4311.794922,4293.333496,4312.948730,4297.307617,4293.333496,4297.820313,4291.666504,4273.717773,4457.948730,4475.384766,4375.384766,4411.025879,0.000000,4.000000,85.000000,,,,0.000000,4.000000,4.000000,4.000000,4.000000,4.000000,4.000000,4.000000,4.000000,4.000000,4.000000,4.000000,4.000000,4.000000,4.000000,100.000000,,,,,,,,,,,,,,,,,,,,,,,,,,,,,,,,,,,,,,,,,,,,,,,,,,,,,,,,,,,,,,,,,,,,,,,,,,,,,,,,,,,,,,
1676060266.510872,1676060266.511525,30.000000,0.000000,4310.256348,4296.025879,4315.384766,4299.743652,4312.820313,4296.025879,4296.025879,4305.897461,4295.897461,4292.436035,4466.538574,4478.717773,4380.000000,4416.282227,0.000000,4.000000,85.000000,,,,0.000000,4.000000,4.000000,4.000000,4.000000,4.000000,4.000000,4.000000,4.000000,4.000000,4.000000,4.000000,4.000000,4.000000,4.000000,100.000000,,,,,,,,,,,,,,,,,1.080547,0.918282,0.840406,1.062210,1.264296,5.937390,1.715805,1.721593,1.220996,1.418826,1.522215,1.354846,0.581378,0.920519,1.115873,4.539901,0.922731,0.891561,0.846807,1.028986,0.673279,0.699545,0.487174,0.680602,0.517236,0.683770,0.509615,0.554064,0.634255,0.440501,0.730930,0.564850,0.572217,0.544637,0.712413,4.355487,0.680523,0.534133,0.918403,0.985961,0.423645,1.062712,0.636391,1.182333,1.072865,0.172068,0.882600,0.689584,1.305398,1.490453,6.522818,2.238344,0.918726,1.598889,2.024480,2.710015,0.751697,0.729436,1.382414,2.009510,2.936402,1.754246,1.350651,1.438410,1.908779,0.864837,1.078864,0.725516,1.313530,2.111676
1676060266.518680,1676060266.519334,31.000000,0.000000,4294.102539,4282.820313,4307.436035,4285.897461,4300.769043,4290.512695,4285.641113,4301.282227,4291.666504,4281.922852,4454.102539,4461.794922,4368.461426,4406.282227,0.000000,4.000000,85.000000,,,,0.000000,4.000000,4.000000,4.000000,4.000000,4.000000,4.000000,4.000000,4.000000,4.000000,4.000000,4.000000,4.000000,4.000000,4.000000,100.000000,,,,,,,,,,,,,,,,,,,,,,,,,,,,,,,,,,,,,,,,,,,,,,,,,,,,,,,,,,,,,,,,,,,,,,,,,,,,,,,,,,,,,,
1676060266.526489,1676060266.527142,32.000000,0.000000,4275.897461,4268.846191,4292.820313,4273.333496,4294.615234,4295.128418,4279.358887,4288.205078,4279.230957,4262.051270,4437.820313,4448.333496,4353.717773,4392.179688,0.000000,4.000000,85.000000,,,,0.000000,4.000000,4.000000,4.000000,4.000000,4.000000,4.000000,4.000000,4.000000,4.000000,4.000000,4.000000,4.000000,4.000000,4.000000,100.000000,,,,,,,,,,,,,,,,,,,,,,,,,,,,,,,,,,,,,,,,,,,,,,,,,,,,,,,,,,,,,,,,,,,,,,,,,,,,,,,,,,,,,,
1676060266.534297,1676060266.534851,33.000000,0.000000,4284.358887,4278.717773,4292.563965,4280.641113,4299.871582,4300.512695,4284.230957,4290.512695,4283.846191,4265.384766,4442.820313,4455.128418,4360.128418,4400.897461,0.000000,4.000000,85.000000,,,,0.000000,4.000000,4.000000,4.000000,4.000000,4.000000,4.000000,4.000000,4.000000,4.000000,4.000000,4.000000,4.000000,4.000000,4.000000,100.000000,,,,,,,,,,,,,,,,,,,,,,,,,,,,,,,,,,,,,,,,,,,,,,,,,,,,,,,,,,,,,,,,,,,,,,,,,,,,,,,,,,,,,,
1676060266.542106,1676060266.542659,34.000000,0.000000,4285.641113,4280.000000,4291.922852,4288.461426,4295.641113,4286.538574,4280.128418,4291.410156,4292.563965,4267.563965,4442.948730,4455.384766,4365.897461,4404.615234,0.000000,4.000000,85.000000,,,,0.000000,4.000000,4.000000,4.000000,4.000000,4.000000,4.000000,4.000000,4.000000,4.000000,4.000000,4.000000,4.000000,4.000000,4.000000,100.000000,,,,,,,,,,,,,,,,,,,,,,,,,,,,,,,,,,,,,,,,,,,,,,,,,,,,,,,,,,,,,,,,,,,,,,,,,,,,,,,,,,,,,,
1676060266.549914,1676060266.550368,35.000000,0.000000,4284.230957,4276.666504,4295.512695,4296.794922,4296.410156,4282.692383,4285.000000,4296.922852,4299.871582,4271.666504,4446.282227,4463.077148,4366.410156,4403.205078,0.000000,4.000000,85.000000,,,,0.000000,4.000000,4.000000,4.000000,4.000000,4.000000,4.000000,4.000000,4.000000,4.000000,4.000000,4.000000,4.000000,4.000000,4.000000,100.000000,,,,,,,,,,,,,,,,,,,,,,,,,,,,,,,,,,,,,,,,,,,,,,,,,,,,,,,,,,,,,,,,,,,,,,,,,,,,,,,,,,,,,,
1676060266.557722,1676060266.558176,36.000000,0.000000,4305.000000,4295.384766,4315.256348,4319.358887,4310.512695,4299.615234,4304.102539,4314.487305,4315.000000,4297.307617,4471.666504,4491.410156,4387.563965,4423.205078,0.000000,4.000000,85.000000,,,,0.000000,4.000000,4.000000,4.000000,4.000000,4.000000,4.000000,4.000000,4.000000,4.000000,4.000000,4.000000,4.000000,4.000000,4.000000,100.000000,,,,,,,,,,,,,,,,,,,,,,,,,,,,,,,,,,,,,,,,,,,,,,,,,,,,,,,,,,,,,,,,,,,,,,,,,,,,,,,,,,,,,,
1676060266.565531,1676060266.565885,37.000000,0.000000,4312.307617,4306.410156,4318.846191,4331.410156,4307.820313,4294.743652,4298.205078,4312.436035,4314.487305,4303.333496,4479.358887,4503.077148,4403.077148,4432.692383,0.000000,4.000000,85.000000,,,,0.000000,4.000000,4.000000,4.000000,4.000000,4.000000,4.000000,4.000000,4.000000,4.000000,4.000000,4.000000,4.000000,4.000000,4.000000,100.000000,,,,,,,,,,,,,,,,,,,,,,,,,,,,,,,,,,,,,,,,,,,,,,,,,,,,,,,,,,,,,,,,,,,,,,,,,,,,,,,,,,,,,,
1676060266.573339,1676060266.573693,38.000000,0.000000,4294.871582,4289.230957,4299.615234,4322.051270,4291.794922,4274.102539,4276.025879,4295.384766,4294.102539,4286.153809,4455.897461,4490.769043,4386.025879,4417.436035,0.000000,4.000000,85.000000,,,,0.000000,4.000000,4.000000,4.000000,4.000000,4.000000,4.000000,4.000000,4.000000,4.000000,4.000000,4.000000,4.000000,4.000000,4.000000,100.000000,,,,,,,,,,,,,,,,,,,,,,,,,,,,,,,,,,,,,,,,,,,,,,,,,,,,,,,,,,,,,,,,,,,,,,,,,,,,,,,,,,,,,,
1676060266.581148,1676060266.581402,39.000000,0.000000,4283.333496,4278.461426,4288.974121,4320.512695,4294.358887,4279.358887,4275.000000,4289.358887,4286.666504,4278.333496,4442.692383,4486.666504,4368.333496,4408.717773,0.000000,4.000000,85.000000,,,,0.000000,4.000000,4.000000,4.000000,4.000000,4.000000,4.000000,4.000000,4.000000,4.000000,4.000000,4.000000,4.000000,4.000000,4.000000,100.000000,,,,,,,,,,,,,,,,,,,,,,,,,,,,,,,,,,,,,,,,,,,,,,,,,,,,,,,,,,,,,,,,,,,,,,,,,,,,,,,,,,,,,,
1676060266.588956,1676060266.589210,40.000000,0.000000,4280.897461,4286.538574,4288.846191,4325.128418,4303.077148,4293.205078,4281.666504,4288.974121,4289.102539,4268.589844,4443.974121,4488.846191,4366.153809,4403.846191,0.000000,4.000000,85.000000,,,,0.000000,4.000000,4.000000,4.000000,4.000000,4.000000,4.000000,4.000000,4.000000,4.000000,4.000000,4.000000,4.000000,4.000000,4.000000,100.000000,,,,,,,,,,,,,,,,,,,,,,,,,,,,,,,,,,,,,,,,,,,,,,,,,,,,,,,,,,,,,,,,,,,,,,,,,,,,,,,,,,,,,,
1676060266.596764,1676060266.596919,41.000000,0.000000,4282.307617,4290.384766,4290.384766,4325.641113,4304.358887,4293.974121,4281.025879,4288.717773,4286.153809,4261.538574,4444.358887,4488.974121,4367.692383,4396.282227,0.000000,4.000000,85.000000,,,,0.000000,4.000000,4.000000,4.000000,4.000000,4.000000,4.000000,4.000000,4.000000,4.000000,4.000000,4.000000,4.000000,4.000000,4.000000,100.000000,,,,,,,,,,,,,,,,,,,,,,,,,,,,,,,,,,,,,,,,,,,,,,,,,,,,,,,,,,,,,,,,,,,,,,,,,,,,,,,,,,,,,,
1676060266.604573,1676060266.604727,42.000000,0.000000,4287.307617,4285.128418,4291.153809,4327.436035,4304.743652,4292.051270,4281.410156,4295.128418,4288.846191,4275.512695,4446.666504,4492.179688,4367.563965,4400.256348,0.000000,4.000000,85.000000,,,,0.000000,4.000000,4.000000,4.000000,4.000000,4.000000,4.000000,4.000000,4.000000,4.000000,4.000000,4.000000,4.000000,4.000000,4.000000,100.000000,,,,,,,,,,,,,,,,,,,,,,,,,,,,,,,,,,,,,,,,,,,,,,,,,,,,,,,,,,,,,,,,,,,,,,,,,,,,,,,,,,,,,,
1676060266.612381,1676060266.612436,43.000000,0.000000,4279.871582,4277.051270,4281.025879,4320.000000,4299.487305,4284.615234,4279.230957,4294.615234,4286.794922,4274.871582,4442.948730,4486.794922,4357.051270,4393.717773,0.000000,4.000000,85.000000,,,,0.000000,4.000000,4.000000,4.000000,4.000000,4.000000,4.000000,4.000000,4.000000,4.000000,4.000000,4.000000,4.000000,4.000000,4.000000,100.000000,,,,,,,,,,,,,,,,,,,,,,,,,,,,,,,,,,,,,,,,,,,,,,,,,,,,,,,,,,,,,,,,,,,,,,,,,,,,,,,,,,,,,,
1676060266.620189,1676060266.620244,44.000000,0.000000,4280.000000,4282.563965,4284.615234,4319.358887,4301.922852,4286.025879,4284.487305,4301.153809,4288.846191,4265.641113,4450.128418,4493.717773,4357.820313,4392.563965,0.000000,4.000000,85.000000,,,,0.000000,4.000000,4.000000,4.000000,4.000000,4.000000,4.000000,4.000000,4.000000,4.000000,4.000000,4.000000,4.000000,4.000000,4.000000,100.000000,,,,,,,,,,,,,,,,,,,,,,,,,,,,,,,,,,,,,,,,,,,,,,,,,,,,,,,,,,,,,,,,,,,,,,,,,,,,,,,,,,,,,,
1676060266.627998,1676060266.627953,45.000000,0.000000,4300.769043,4301.410156,4309.743652,4336.666504,4318.461426,4304.743652,4302.307617,4329.358887,4306.025879,4282.563965,4483.205078,4523.974121,4382.948730,4423.717773,0.000000,4.000000,85.000000,,,,0.000000,4.000000,4.000000,4.000000,4.000000,4.000000,4.000000,4.000000,4.000000,4.000000,4.000000,4.000000,4.000000,4.000000,4.000000,100.000000,,,,,,,,,,,,,,,,,,,,,,,,,,,,,,,,,,,,,,,,,,,,,,,,,,,,,,,,,,,,,,,,,,,,,,,,,,,,,,,,,,,,,,
1676060266.635806,1676060266.635861,46.000000,0.000000,4306.538574,4302.051270,4312.179688,4338.333496,4321.025879,4308.461426,4306.153809,4343.205078,4309.358887,4289.871582,4498.589844,4532.563965,4388.461426,4433.461426,0.000000,4.000000,85.000000,,,,0.000000,4.000000,4.000000,4.000000,4.000000,4.000000,4.000000,4.000000,4.000000,4.000000,4.000000,4.000000,4.000000,4.000000,4.000000,100.000000,,,,,,,,,,,,,,,,,1.480726,0.966036,0.783904,1.100716,1.366788,6.634383,1.900178,1.818523,1.280571,1.472771,1.894280,1.384851,0.489757,0.862722,1.202133,5.083534,0.838769,0.896719,0.912255,1.116906,0.799370,0.763467,0.503429,0.688543,0.564320,0.672561,0.517509,0.461927,0.619053,0.446123,0.701642,0.569177,0.529069,0.585914,0.777118,4.334142,0.602692,0.595034,1.014773,1.082577,0.388590,0.891836,0.606395,1.227712,1.162099,0.220154,0.671890,0.676876,1.359549,1.570483,7.504011,2.302430,0.705341,1.573749,2.271091,3.039379,0.812796,0.569432,1.324029,2.224819,3.176328,1.570027,1.202623,1.405162,2.048074,1.088776,0.985993,0.616992,1.228086,2.336770
1676060266.643615,1676060266.643669,47.000000,0.000000,4292.307617,4281.538574,4295.641113,4322.948730,4309.230957,4294.487305,4293.717773,4330.897461,4292.179688,4276.282227,4482.948730,4511.794922,4369.230957,4408.974121,0.000000,4.000000,85.000000,,,,0.000000,4.000000,4.000000,4.000000,4.000000,4.000000,4.000000,4.000000,4.000000,4.000000,4.000000,4.000000,4.000000,4.000000,4.000000,100.000000,,,,,,,,,,,,,,,,,,,,,,,,,,,,,,,,,,,,,,,,,,,,,,,,,,,,,,,,,,,,,,,,,,,,,,,,,,,,,,,,,,,,,,
1676060266.651423,1676060266.651578,48.000000,0.000000,4285.512695,4271.666504,4292.307617,4316.922852,4306.538574,4290.256348,4286.282227,4314.358887,4281.666504,4271.794922,4475.000000,4496.922852,4359.358887,4400.897461,0.000000,4.000000,85.000000,,,,0.000000,4.000000,4.000000,4.000000,4.000000,4.000000,4.000000,4.000000,4.000000,4.000000,4.000000,4.000000,4.000000,4.000000,4.000000,100.000000,,,,,,,,,,,,,,,,,,,,,,,,,,,,,,,,,,,,,,,,,,,,,,,,,,,,,,,,,,,,,,,,,,,,,,,,,,,,,,,,,,,,,,
1676060266.659231,1676060266.659386,49.000000,0.000000,4294.871582,4281.538574,4298.846191,4321.153809,4312.692383,4297.436035,4292.563965,4313.846191,4290.641113,4277.307617,4487.179688,4502.436035,4366.538574,4414.102539,0.000000,4.000000,85.000000,,,,0.000000,4.000000,4.000000,4.000000,4.000000,4.000000,4.000000,4.000000,4.000000,4.000000,4.000000,4.000000,4.000000,4.000000,4.000000,100.000000,,,,,,,,,,,,,,,,,,,,,,,,,,,,,,,,,,,,,,,,,,,,,,,,,,,,,,,,,,,,,,,,,,,,,,,,,,,,,,,,,,,,,,
1676060266.667040,1676060266.667295,50.000000,0.000000,4303.205078,4283.589844,4300.641113,4322.948730,4314.230957,4298.846191,4296.538574,4319.487305,4295.256348,4278.205078,4495.256348,4505.641113,4372.179688,4418.846191,0.000000,4.000000,85.000000,,,,0.000000,4.000000,4.000000,4.000000,4.000000,4.000000,4.000000,4.000000,4.000000,4.000000,4.000000,4.000000,4.000000,4.000000,4.000000,100.000000,,,,,,,,,,,,,,,,,,,,,,,,,,,,,,,,,,,,,,,,,,,,,,,,,,,,,,,,,,,,,,,,,,,,,,,,,,,,,,,,,,,,,,
1676060266.674848,1676060266.675103,51.000000,0.000000,4292.692383,4275.641113,4294.615234,4319.102539,4309.615234,4293.461426,4286.282227,4310.512695,4283.205078,4265.512695,4490.897461,4490.384766,4358.974121,4404.487305,0.000000,4.000000,85.000000,,,,0.000000,4.000000,4.000000,4.000000,4.000000,4.000000,4.000000,4.000000,4.000000,4.000000,4.000000,4.000000,4.000000,4.000000,4.000000,100.000000,,,,,,,,,,,,,,,,,,,,,,,,,,,,,,,,,,,,,,,,,,,,,,,,,,,,,,,,,,,,,,,,,,,,,,,,,,,,,,,,,,,,,,
1676060266.682656,1676060266.683011,52.000000,0.000000,4287.563965,4284.230957,4296.282227,4319.487305,4311.538574,4294.358887,4288.077148,4308.846191,4282.948730,4258.846191,4499.615234,4487.436035,4355.000000,4400.897461,0.000000,4.000000,85.000000,,,,0.000000,4.000000,4.000000,4.000000,4.000000,4.000000,4.000000,4.000000,4.000000,4.000000,4.000000,4.000000,4.000000,4.000000,4.000000,100.000000,,,,,,,,,,,,,,,,,,,,,,,,,,,,,,,,,,,,,,,,,,,,,,,,,,,,,,,,,,,,,,,,,,,,,,,,,,,,,,,,,,,,,,
1676060266.690465,1676060266.690920,53.000000,0.000000,4307.051270,4301.153809,4312.948730,4332.820313,4325.384766,4303.461426,4307.820313,4329.487305,4304.358887,4277.307617,4523.846191,4510.000000,4376.922852,4422.179688,0.000000,4.000000,85.000000,,,,0.000000,4.000000,4.000000,4.000000,4.000000,4.000000,4.000000,4.000000,4.000000,4.000000,4.000000,4.000000,4.000000,4.000000,4.000000,100.000000,,,,,,,,,,,,,,,,,,,,,,,,,,,,,,,,,,,,,,,,,,,,,,,,,,,,,,,,,,,,,,,,,,,,,,,,,,,,,,,,,,,,,,
1676060266.698273,1676060266.698728,54.000000,0.000000,4317.307617,4300.897461,4321.153809,4339.871582,4328.205078,4302.692383,4308.974121,4339.230957,4312.820313,4290.512695,4527.820313,4519.615234,4386.025879,4435.256348,0.000000,4.000000,85.000000,,,,0.000000,4.000000,4.000000,4.000000,4.000000,4.000000,4.000000,4.000000,4.000000,4.000000,4.000000,4.000000,4.000000,4.000000,4.000000,100.000000,,,,,,,,,,,,,,,,,,,,,,,,,,,,,,,,,,,,,,,,,,,,,,,,,,,,,,,,,,,,,,,,,,,,,,,,,,,,,,,,,,,,,,
1676060266.706082,1676060266.706537,55.000000,0.000000,4301.794922,4294.230957,4309.743652,4329.871582,4314.615234,4293.589844,4291.025879,4324.102539,4298.589844,4281.922852,4509.871582,4506.153809,4376.666504,4426.922852,0.000000,4.000000,85.000000,,,,0.000000,4.000000,4.000000,4.000000,4.000000,4.000000,4.000000,4.000000,4.000000,4.000000,4.000000,4.000000,4.000000,4.000000,4.000000,100.000000,,,,,,,,,,,,,,,,,,,,,,,,,,,,,,,,,,,,,,,,,,,,,,,,,,,,,,,,,,,,,,,,,,,,,,,,,,,,,,,,,,,,,,
1676060266.713890,1676060266.714445,56.000000,0.000000,4293.461426,4296.794922,4302.820313,4323.846191,4309.102539,4293.589844,4289.615234,4313.974121,4291.666504,4278.461426,4505.000000,4502.307617,4376.922852,4425.128418,0.000000,4.000000,85.000000,,,,0.000000,4.000000,4.000000,4.000000,4.000000,4.000000,4.000000,4.000000,4.000000,4.000000,4.000000,4.000000,4.000000,4.000000,4.000000,100.000000,,,,,,,,,,,,,,,,,,,,,,,,,,,,,,,,,,,,,,,,,,,,,,,,,,,,,,,,,,,,,,,,,,,,,,,,,,,,,,,,,,,,,,
1676060266.721698,1676060266.722253,57.000000,0.000000,4303.333496,4296.025879,4308.461426,4326.666504,4315.897461,4296.538574,4295.512695,4313.974121,4296.794922,4277.692383,4510.512695,4506.794922,4381.025879,4430.128418,0.000000,4.000000,85.000000,,,,0.000000,4.000000,4.000000,4.000000,4.000000,4.000000,4.000000,4.000000,4.000000,4.000000,4.000000,4.000000,4.000000,4.000000,4.000000,100.000000,,,,,,,,,,,,,,,,,,,,,,,,,,,,,,,,,,,,,,,,,,,,,,,,,,,,,,,,,,,,,,,,,,,,,,,,,,,,,,,,,,,,,,
1676060266.729507,1676060266.729962,58.000000,0.000000,4306.153809,4294.743652,4309.358887,4325.512695,4321.025879,4293.846191,4291.538574,4311.538574,4295.641113,4274.358887,4503.077148,4503.846191,4379.487305,4428.589844,0.000000,4.000000,85.000000,,,,0.000000,4.000000,4.000000,4.000000,4.000000,4.000000,4.000000,4.000000,4.000000,4.000000,4.000000,4.000000,4.000000,4.000000,4.000000,100.000000,,,,,,,,,,,,,,,,,,,,,,,,,,,,,,,,,,,,,,,,,,,,,,,,,,,,,,,,,,,,,,,,,,,,,,,,,,,,,,,,,,,,,,
1676060266.737315,1676060266.737770,59.000000,0.000000,4304.743652,4299.871582,4306.922852,4324.230957,4321.153809,4298.333496,4294.102539,4310.769043,4288.974121,4283.589844,4499.102539,4504.871582,4384.487305,4434.615234,0.000000,4.000000,85.000000,,,,0.000000,4.000000,4.000000,4.000000,4.000000,4.000000,4.000000,4.000000,4.000000,4.000000,4.000000,4.000000,4.000000,4.000000,4.000000,100.000000,,,,,,,,,,,,,,,,,,,,,,,,,,,,,,,,,,,,,,,,,,,,,,,,,,,,,,,,,,,,,,,,,,,,,,,,,,,,,,,,,,,,,,
1676060266.745124,1676060266.745479,60.000000,0.000000,4296.410156,4288.717773,4298.333496,4313.717773,4312.563965,4298.846191,4290.256348,4301.538574,4279.871582,4279.358887,4492.307617,4493.077148,4375.000000,4422.820313,0.000000,4.000000,85.000000,,,,0.000000,4.000000,4.000000,4.000000,4.000000,4.000000,4.000000,4.000000,4.000000,4.000000,4.000000,4.000000,4.000000,4.000000,4.000000,100.000000,,,,,,,,,,,,,,,,,,,,,,,,,,,,,,,,,,,,,,,,,,,,,,,,,,,,,,,,,,,,,,,,,,,,,,,,,,,,,,,,,,,,,,
1676060266.752932,1676060266.753287,61.000000,0.000000,4281.282227,4272.179688,4283.077148,4295.897461,4305.769043,4289.102539,4276.410156,4286.153809,4272.948730,4261.153809,4472.436035,4469.871582,4355.641113,4395.641113,0.000000,4.000000,85.000000,,,,0.000000,4.000000,4.000000,4.000000,4.000000,4.000000,4.000000,4.000000,4.000000,4.000000,4.000000,4.000000,4.000000,4.000000,4.000000,100.000000,,,,,,,,,,,,,,,,,,,,,,,,,,,,,,,,,,,,,,,,,,,,,,,,,,,,,,,,,,,,,,,,,,,,,,,,,,,,,,,,,,,,,,
1676060266.760740,1676060266.760996,62.000000,0.000000,4289.487305,4282.307617,4287.563965,4306.922852,4319.358887,4296.538574,4285.000000,4296.153809,4284.743652,4265.000000,4474.358887,4481.794922,4366.025879,4408.717773,0.000000,4.000000,85.000000,,,,0.000000,4.000000,4.000000,4.000000,4.000000,4.000000,4.000000,4.000000,4.000000,4.000000,4.000000,4.000000,4.000000,4.000000,4.000000,100.000000,,,,,,,,,,,,,,,,,1.882896,1.018214,0.695482,1.091402,1.452320,6.510808,1.903930,1.720286,1.249564,1.487231,2.319859,1.342520,0.440286,0.806706,1.268204,5.328904,0.772187,0.847076,0.949480,1.175084,0.851213,0.786207,0.499304,0.652532,0.602484,0.613897,0.514207,0.392381,0.569703,0.465556,0.656129,0.551426,0.540591,0.616008,0.844463,3.965556,0.651618,0.749303,1.089746,1.148036,0.384035,0.771094,0.584780,1.217276,1.245344,0.332788,0.502746,0.687279,1.415928,1.608227,8.492458,2.362796,0.574430,1.521645,2.455387,3.263817,0.924297,0.462854,1.279178,2.352716,3.128632,1.310722,1.002621,1.333091,2.132146,1.405291,0.946830,0.525051,1.128623,2.453408
1676060266.768549,1676060266.768904,63.000000,0.000000,4309.487305,4300.769043,4306.282227,4331.410156,4329.487305,4307.436035,4304.871582,4325.641113,4306.025879,4283.077148,4498.974121,4510.000000,4383.077148,4437.948730,0.000000,4.000000,85.000000,,,,0.000000,4.000000,4.000000,4.000000,4.000000,4.000000,4.000000,4.000000,4.000000,4.000000,4.000000,4.000000,4.000000,4.000000,4.000000,100.000000,,,,,,,,,,,,,,,,,,,,,,,,,,,,,,,,,,,,,,,,,,,,,,,,,,,,,,,,,,,,,,,,,,,,,,,,,,,,,,,,,,,,,,
1676060266.776357,1676060266.776713,64.000000,0.000000,4302.563965,4293.974121,4303.846191,4323.205078,4316.666504,4290.512695,4297.179688,4324.487305,4304.358887,4282.179688,4495.512695,4501.025879,4377.692383,4432.692383,2510.000000,4.000000,85.000000,,,,0.000000,4.000000,4.000000,4.000000,4.000000,4.000000,4.000000,4.000000,4.000000,4.000000,4.000000,4.000000,4.000000,4.000000,4.000000,100.000000,,,,,,,,,,,,,,,,,,,,,,,,,,,,,,,,,,,,,,,,,,,,,,,,,,,,,,,,,,,,,,,,,,,,,,,,,,,,,,,,,,,,,,
1676060266.784166,1676060266.784521,65.000000,0.000000,4292.307617,4279.743652,4290.256348,4304.743652,4305.897461,4276.538574,4278.077148,4299.230957,4290.512695,4273.717773,4475.256348,4482.179688,4368.974121,4422.820313,2469.000000,4.000000,85.000000,,,,0.000000,4.000000,4.000000,4.000000,4.000000,4.000000,4.000000,4.000000,4.000000,4.000000,4.000000,4.000000,4.000000,4.000000,4.000000,100.000000,,,,,,,,,,,,,,,,,,,,,,,,,,,,,,,,,,,,,,,,,,,,,,,,,,,,,,,,,,,,,,,,,,,,,,,,,,,,,,,,,,,,,,
1676060266.791974,1676060266.792230,66.000000,0.000000,4307.307617,4283.717773,4295.256348,4310.897461,4309.487305,4285.769043,4278.589844,4301.666504,4292.948730,4279.102539,4479.615234,4493.846191,4373.077148,4432.820313,2394.000000,4.000000,85.000000,,,,0.000000,4.000000,4.000000,4.000000,4.000000,4.000000,4.000000,4.000000,4.000000,4.000000,4.000000,4.000000,4.000000,4.000000,4.000000,100.000000,,,,,,,,,,,,,,,,,,,,,,,,,,,,,,,,,,,,,,,,,,,,,,,,,,,,,,,,,,,,,,,,,,,,,,,,,,,,,,,,,,,,,,
1676060266.799782,1676060266.800138,67.000000,0.000000,4312.179688,4288.077148,4301.025879,4315.256348,4310.512695,4286.666504,4283.077148,4315.641113,4299.487305,4284.487305,4488.717773,4500.897461,4376.153809,4432.436035,2461.000000,4.000000,85.000000,,,,0.000000,4.000000,4.000000,4.000000,4.000000,4.000000,4.000000,4.000000,4.000000,4.000000,4.000000,4.000000,4.000000,4.000000,4.000000,100.000000,,,,,,,,,,,,,,,,,,,,,,,,,,,,,,,,,,,,,,,,,,,,,,,,,,,,,,,,,,,,,,,,,,,,,,,,,,,,,,,,,,,,,,
1676060266.807591,1676060266.808046,68.000000,0.000000,4295.128418,4280.256348,4293.846191,4303.974121,4307.948730,4279.358887,4279.230957,4303.974121,4293.077148,4273.333496,4479.487305,4488.333496,4372.436035,4424.102539,2439.000000,4.000000,85.000000,,,,0.000000,4.000000,4.000000,4.000000,4.000000,4.000000,4.000000,4.000000,4.000000,4.000000,4.000000,4.000000,4.000000,4.000000,4.000000,100.000000,,,,,,,,,,,,,,,,,,,,,,,,,,,,,,,,,,,,,,,,,,,,,,,,,,,,,,,,,,,,,,,,,,,,,,,,,,,,,,,,,,,,,,
1676060266.815399,1676060266.815855,69.000000,0.000000,4293.205078,4282.692383,4294.230957,4307.307617,4311.282227,4288.717773,4282.051270,4294.358887,4292.820313,4260.641113,4473.717773,4487.179688,4369.871582,4427.692383,2383.000000,4.000000,85.000000,,,,0.000000,4.000000,4.000000,4.000000,4.000000,4.000000,4.000000,4.000000,4.000000,4.000000,4.000000,4.000000,4.000000,4.000000,4.000000,100.000000,,,,,,,,,,,,,,,,,,,,,,,,,,,,,,,,,,,,,,,,,,,,,,,,,,,,,,,,,,,,,,,,,,,,,,,,,,,,,,,,,,,,,,
1676060266.823207,1676060266.823663,70.000000,0.000000,4304.871582,4297.179688,4296.794922,4316.538574,4315.384766,4296.922852,4291.025879,4304.871582,4300.641113,4273.205078,4479.871582,4493.205078,4369.102539,4430.641113,2224.000000,4.000000,85.000000,,,,0.000000,4.000000,4.000000,4.000000,4.000000,4.000000,4.000000,4.000000,4.000000,4.000000,4.000000,4.000000,4.000000,4.000000,4.000000,100.000000,,,,,,,,,,,,,,,,,,,,,,,,,,,,,,,,,,,,,,,,,,,,,,,,,,,,,,,,,,,,,,,,,,,,,,,,,,,,,,,,,,,,,,
1676060266.831016,1676060266.831572,71.000000,0.000000,4308.846191,4296.794922,4297.179688,4315.256348,4318.461426,4293.461426,4295.769043,4310.000000,4302.692383,4291.410156,4492.436035,4494.230957,4373.846191,4430.384766,2211.000000,4.000000,85.000000,,,,0.000000,4.000000,4.000000,4.000000,4.000000,4.000000,4.000000,4.000000,4.000000,4.000000,4.000000,4.000000,4.000000,4.000000,4.000000,100.000000,,,,,,,,,,,,,,,,,,,,,,,,,,,,,,,,,,,,,,,,,,,,,,,,,,,,,,,,,,,,,,,,,,,,,,,,,,,,,,,,,,,,,,
1676060266.838824,1676060266.839380,72.000000,0.000000,4302.436035,4287.179688,4300.769043,4311.153809,4319.230957,4293.077148,4292.820313,4304.358887,4299.615234,4285.641113,4501.153809,4488.974121,4374.358887,4426.410156,2257.000000,4.000000,85.000000,,,,0.000000,4.000000,4.000000,4.000000,4.000000,4.000000,4.000000,4.000000,4.000000,4.000000,4.000000,4.000000,4.000000,4.000000,4.000000,100.000000,,,,,,,,,,,,,,,,,,,,,,,,,,,,,,,,,,,,,,,,,,,,,,,,,,,,,,,,,,,,,,,,,,,,,,,,,,,,,,,,,,,,,,
1676060266.846633,1676060266.847288,73.000000,0.000000,4307.307617,4298.846191,4311.666504,4319.102539,4323.205078,4299.102539,4295.769043,4310.256348,4304.102539,4280.641113,4508.077148,4494.615234,4377.948730,4431.282227,2226.000000,4.000000,85.000000,,,,0.000000,4.000000,4.000000,4.000000,4.000000,4.000000,4.000000,4.000000,4.000000,4.000000,4.000000,4.000000,4.000000,4.000000,4.000000,100.000000,,,,,,,,,,,,,,,,,,,,,,,,,,,,,,,,,,,,,,,,,,,,,,,,,,,,,,,,,,,,,,,,,,,,,,,,,,,,,,,,,,,,,,
1676060266.854441,1676060266.855097,74.000000,0.000000,4316.538574,4312.563965,4315.512695,4329.487305,4329.487305,4300.897461,4299.102539,4314.743652,4306.410156,4289.230957,4509.358887,4505.000000,4386.922852,4443.205078,2725.000000,4.000000,85.000000,,,,0.000000,4.000000,4.000000,4.000000,4.000000,4.000000,4.000000,4.000000,4.000000,4.000000,4.000000,4.000000,4.000000,4.000000,4.000000,100.000000,,,,,,,,,,,,,,,,,,,,,,,,,,,,,,,,,,,,,,,,,,,,,,,,,,,,,,,,,,,,,,,,,,,,,,,,,,,,,,,,,,,,,,
1676060266.862249,1676060266.863005,75.000000,0.000000,4306.410156,4300.512695,4302.179688,4319.358887,4323.717773,4293.333496,4286.282227,4299.102539,4288.974121,4279.871582,4491.922852,4489.743652,4375.000000,4433.589844,2900.000000,4.000000,85.000000,,,,0.000000,4.000000,4.000000,4.000000,4.000000,4.000000,4.000000,4.000000,4.000000,4.000000,4.000000,4.000000,4.000000,4.000000,4.000000,100.000000,,,,,,,,,,,,,,,,,,,,,,,,,,,,,,,,,,,,,,,,,,,,,,,,,,,,,,,,,,,,,,,,,,,,,,,,,,,,,,,,,,,,,,
1676060266.870058,1676060266.870814,76.000000,0.000000,4300.897461,4292.307617,4301.282227,4311.538574,4322.307617,4293.717773,4283.461426,4297.179688,4285.897461,4270.897461,4483.205078,4479.487305,4366.282227,4420.512695,3106.000000,4.000000,85.000000,,,,0.000000,4.000000,4.000000,4.000000,4.000000,4.000000,4.000000,4.000000,4.000000,4.000000,4.000000,4.000000,4.000000,4.000000,4.000000,100.000000,,,,,,,,,,,,,,,,,,,,,,,,,,,,,,,,,,,,,,,,,,,,,,,,,,,,,,,,,,,,,,,,,,,,,,,,,,,,,,,,,,,,,,
1676060266.877866,1676060266.878722,77.000000,0.000000,4308.846191,4303.205078,4311.922852,4318.461426,4331.282227,4303.205078,4296.922852,4312.051270,4304.487305,4284.871582,4493.974121,4493.846191,4378.205078,4430.128418,3226.000000,4.000000,85.000000,,,,0.000000,4.000000,4.000000,4.000000,4.000000,4.000000,4.000000,4.000000,4.000000,4.000000,4.000000,4.000000,4.000000,4.000000,4.000000,100.000000,,,,,,,,,,,,,,,,,,,,,,,,,,,,,,,,,,,,,,,,,,,,,,,,,,,,,,,,,,,,,,,,,,,,,,,,,,,,,,,,,,,,,,
1676060266.885674,1676060266.886530,78.000000,0.000000,4302.051270,4301.153809,4304.615234,4317.692383,4327.563965,4302.307617,4292.948730,4307.051270,4302.179688,4280.000000,4486.922852,4493.846191,4375.512695,4436.025879,2725.000000,4.000000,85.000000,,,,0.000000,4.000000,4.000000,4.000000,4.000000,4.000000,4.000000,4.000000,4.000000,4.000000,4.000000,4.000000,4.000000,4.000000,4.000000,100.000000,1.000000,75.000000,4.000000,4.000000,3.000000,4.000000,4.000000,4.000000,4.000000,4.000000,4.000000,3.000000,3.000000,3.000000,3.000000,3.000000,2.203596,1.040815,0.595180,1.051490,1.486201,5.671712,1.710049,1.460699,1.157170,1.439162,2.730726,1.211710,0.434411,0.759385,1.284493,5.125715,0.696270,0.749926,0.960697,1.179360,0.830263,0.745627,0.467143,0.590303,0.619700,0.535685,0.493779,0.346091,0.502510,0.490486,0.628806,0.515135,0.598809,0.633707,0.882467,3.396619,0.818598,0.977747,1.135546,1.150210,0.430648,0.723497,0.585308,1.161101,1.283520,0.503348,0.405035,0.705622,1.451219,1.576333,9.280374,2.357460,0.574962,1.460921,2.508186,3.304065,1.053596,0.450003,1.258644,2.336661,2.847389,1.043195,0.809584,1.246647,2.114679,1.765242,0.955804,0.491144,1.036495,2.409090
1676060266.893483,1676060266.894439,79.000000,0.000000,4288.077148,4286.922852,4295.256348,4307.948730,4318.077148,4295.128418,4277.307617,4290.641113,4282.948730,4261.538574,4469.230957,4479.743652,4359.615234,4420.897461,2900.000000,4.000000,85.000000,,,,0.000000,4.000000,4.000000,4.000000,4.000000,4.000000,4.000000,4.000000,4.000000,4.000000,4.000000,4.000000,4.000000,4.000000,4.000000,100.000000,,,,,,,,,,,,,,,,,,,,,,,,,,,,,,,,,,,,,,,,,,,,,,,,,,,,,,,,,,,,,,,,,,,,,,,,,,,,,,,,,,,,,,
1676060266.901291,1676060266.902247,80.000000,0.000000,4295.128418,4288.461426,4305.641113,4307.820313,4321.025879,4294.743652,4280.641113,4291.410156,4279.615234,4271.538574,4471.410156,4485.256348,4364.230957,4417.436035,3106.000000,4.000000,85.000000,,,,0.000000,4.000000,4.000000,4.000000,4.000000,4.000000,4.000000,4.000000,4.000000,4.000000,4.000000,4.000000,4.000000,4.000000,4.000000,100.000000,,,,,,,,,,,,,,,,,,,,,,,,,,,,,,,,,,,,,,,,,,,,,,,,,,,,,,,,,,,,,,,,,,,,,,,,,,,,,,,,,,,,,,
1676060266.909100,1676060266.909956,81.000000,0.000000,4307.179688,4297.051270,4315.769043,4314.743652,4326.153809,4298.589844,4294.102539,4299.615234,4288.717773,4288.589844,4478.589844,4497.948730,4372.179688,4430.000000,3226.000000,4.000000,85.000000,,,,0.000000,4.000000,4.000000,4.000000,4.000000,4.000000,4.000000,4.000000,4.000000,4.000000,4.000000,4.000000,4.000000,4.000000,4.000000,100.000000,,,,,,,,,,,,,,,,,,,,,,,,,,,,,,,,,,,,,,,,,,,,,,,,,,,,,,,,,,,,,,,,,,,,,,,,,,,,,,,,,,,,,,
1676060266.916908,1676060266.917764,82.000000,0.000000,4303.205078,4293.205078,4310.769043,4312.692383,4324.102539,4295.512695,4295.000000,4296.025879,4291.538574,4278.205078,4471.025879,4493.077148,4362.436035,4429.487305,2725.000000,4.000000,85.000000,,,,0.000000,4.000000,4.000000,4.000000,4.000000,4.000000,4.000000,4.000000,4.000000,4.000000,4.000000,4.000000,4.000000,4.000000,4.000000,100.000000,,,,,,,,,,,,,,,,,,,,,,,,,,,,,,,,,,,,,,,,,,,,,,,,,,,,,,,,,,,,,,,,,,,,,,,,,,,,,,,,,,,,,,
1676060266.924716,1676060266.925473,83.000000,0.000000,4305.512695,4293.974121,4311.794922,4311.025879,4324.102539,4293.205078,4293.589844,4296.666504,4294.358887,4273.077148,4472.179688,4489.615234,4366.794922,4426.153809,2900.000000,4.000000,85.000000,,,,0.000000,4.000000,4.000000,4.000000,4.000000,4.000000,4.000000,4.000000,4.000000,4.000000,4.000000,4.000000,4.000000,4.000000,4.000000,100.000000,,,,,,,,,,,,,,,,,,,,,,,,,,,,,,,,,,,,,,,,,,,,,,,,,,,,,,,,,,,,,,,,,,,,,,,,,,,,,,,,,,,,,,
1676060266.932525,1676060266.933381,84.000000,0.000000,4309.358887,4297.179688,4314.615234,4312.051270,4327.436035,4297.436035,4296.922852,4305.641113,4296.666504,4291.666504,4476.153809,4492.692383,4377.436035,4429.102539,3106.000000,4.000000,85.000000,,,,0.000000,4.000000,4.000000,4.000000,4.000000,4.000000,4.000000,4.000000,4.000000,4.000000,4.000000,4.000000,4.000000,4.000000,4.000000,100.000000,,,,,,,,,,,,,,,,,,,,,,,,,,,,,,,,,,,,,,,,,,,,,,,,,,,,,,,,,,,,,,,,,,,,,,,,,,,,,,,,,,,,,,
1676060266.940333,1676060266.941190,85.000000,0.000000,4302.563965,4292.563965,4308.974121,4312.179688,4330.128418,4301.025879,4298.974121,4308.717773,4297.563965,4291.794922,4469.102539,4494.102539,4373.461426,4428.589844,3226.000000,4.000000,85.000000,,,,0.000000,4.000000,4.000000,4.000000,4.000000,4.000000,4.000000,4.000000,4.000000,4.000000,4.000000,4.000000,4.000000,4.000000,4.000000,100.000000,,,,,,,,,,,,,,,,,,,,,,,,,,,,,,,,,,,,,,,,,,,,,,,,,,,,,,,,,,,,,,,,,,,,,,,,,,,,,,,,,,,,,,
1676060266.948141,1676060266.948998,86.000000,0.000000,4292.307617,4283.077148,4295.512695,4301.794922,4324.871582,4295.641113,4287.820313,4296.922852,4295.256348,4267.820313,4456.025879,4479.358887,4357.307617,4414.487305,2725.000000,4.000000,85.000000,,,,0.000000,4.000000,4.000000,4.000000,4.000000,4.000000,4.000000,4.000000,4.000000,4.000000,4.000000,4.000000,4.000000,4.000000,4.000000,100.000000,,,,,,,,,,,,,,,,,,,,,,,,,,,,,,,,,,,,,,,,,,,,,,,,,,,,,,,,,,,,,,,,,,,,,,,,,,,,,,,,,,,,,,
1676060266.955950,1676060266.956707,87.000000,0.000000,4289.743652,4283.461426,4292.051270,4294.358887,4320.000000,4290.128418,4280.641113,4292.692383,4292.563965,4263.717773,4450.769043,4467.692383,4351.282227,4410.256348,2900.000000,4.000000,85.000000,,,,0.000000,4.000000,4.000000,4.000000,4.000000,4.000000,4.000000,4.000000,4.000000,4.000000,4.000000,4.000000,4.000000,4.000000,4.000000,100.000000,,,,,,,,,,,,,,,,,,,,,,,,,,,,,,,,,,,,,,,,,,,,,,,,,,,,,,,,,,,,,,,,,,,,,,,,,,,,,,,,,,,,,,
1676060266.963758,1676060266.964515,88.000000,0.000000,4296.794922,4293.205078,4308.974121,4307.307617,4326.666504,4297.051270,4295.128418,4310.128418,4297.051270,4284.102539,4460.897461,4485.384766,4366.153809,4426.538574,3106.000000,4.000000,85.000000,,,,0.000000,4.000000,4.000000,4.000000,4.000000,4.000000,4.000000,4.000000,4.000000,4.000000,4.000000,4.000000,4.000000,4.000000,4.000000,100.000000,,,,,,,,,,,,,,,,,,,,,,,,,,,,,,,,,,,,,,,,,,,,,,,,,,,,,,,,,,,,,,,,,,,,,,,,,,,,,,,,,,,,,,
1676060266.971567,1676060266.972224,89.000000,0.000000,4298.717773,4290.769043,4314.102539,4309.871582,4329.230957,4304.230957,4303.589844,4313.333496,4297.692383,4285.384766,4461.410156,4493.333496,4368.077148,4428.461426,3226.000000,4.000000,85.000000,,,,0.000000,4.000000,4.000000,4.000000,4.000000,4.000000,4.000000,4.000000,4.000000,4.000000,4.000000,4.000000,4.000000,4.000000,4.000000,100.000000,,,,,,,,,,,,,,,,,,,,,,,,,,,,,,,,,,,,,,,,,,,,,,,,,,,,,,,,,,,,,,,,,,,,,,,,,,,,,,,,,,,,,,
1676060266.979375,1676060266.980032,90.000000,0.000000,4291.282227,4283.589844,4300.512695,4295.769043,4326.282227,4305.384766,4295.897461,4298.846191,4295.000000,4276.025879,4447.948730,4477.820313,4357.820313,4416.282227,2725.000000,4.000000,85.000000,,,,0.000000,4.000000,4.000000,4.000000,4.000000,4.000000,4.000000,4.000000,4.000000,4.000000,4.000000,4.000000,4.000000,4.000000,4.000000,100.000000,,,,,,,,,,,,,,,,,,,,,,,,,,,,,,,,,,,,,,,,,,,,,,,,,,,,,,,,,,,,,,,,,,,,,,,,,,,,,,,,,,,,,,
1676060266.987183,1676060266.987741,91.000000,0.000000,4282.692383,4280.512695,4293.846191,4291.153809,4323.461426,4303.333496,4293.974121,4295.641113,4290.000000,4280.384766,4443.461426,4467.692383,4357.051270,4410.128418,2900.000000,4.000000,85.000000,,,,0.000000,4.000000,4.000000,4.000000,4.000000,4.000000,4.000000,4.000000,4.000000,4.000000,4.000000,4.000000,4.000000,4.000000,4.000000,100.000000,,,,,,,,,,,,,,,,,,,,,,,,,,,,,,,,,,,,,,,,,,,,,,,,,,,,,,,,,,,,,,,,,,,,,,,,,,,,,,,,,,,,,,
1676060266.994992,1676060266.995549,92.000000,0.000000,4279.358887,4270.769043,4295.769043,4290.384766,4318.846191,4299.487305,4298.974121,4299.102539,4283.846191,4272.051270,4441.666504,4463.077148,4352.307617,4405.128418,3106.000000,4.000000,85.000000,,,,0.000000,4.000000,4.000000,4.000000,4.000000,4.000000,4.000000,4.000000,4.000000,4.000000,4.000000,4.000000,4.000000,4.000000,4.000000,100.000000,,,,,,,,,,,,,,,,,,,,,,,,,,,,,,,,,,,,,,,,,,,,,,,,,,,,,,,,,,,,,,,,,,,,,,,,,,,,,,,,,,,,,,
1676060267.002800,1676060267.003258,93.000000,0.000000,4277.820313,4260.128418,4292.436035,4280.384766,4313.205078,4294.487305,4294.358887,4294.871582,4285.128418,4258.205078,4430.384766,4460.512695,4338.717773,4399.230957,3226.000000,4.000000,85.000000,,,,0.000000,4.000000,4.000000,4.000000,4.000000,4.000000,4.000000,4.000000,4.000000,4.000000,4.000000,4.000000,4.000000,4.000000,4.000000,100.000000,,,,,,,,,,,,,,,,,,,,,,,,,,,,,,,,,,,,,,,,,,,,,,,,,,,,,,,,,,,,,,,,,,,,,,,,,,,,,,,,,,,,,,
1676060267.010609,1676060267.011166,94.000000,0.000000,4284.102539,4270.384766,4293.077148,4278.333496,4312.692383,4294.358887,4292.051270,4296.025879,4294.230957,4274.358887,4433.461426,4470.897461,4348.717773,4407.563965,2725.000000,4.000000,85.000000,,,,0.000000,4.000000,4.000000,4.000000,4.000000,4.000000,4.000000,4.000000,4.000000,4.000000,4.000000,4.000000,4.000000,4.000000,4.000000,100.000000,,,,,,,,,,,,,,,,,2.365551,1.010889,0.530442,1.005888,1.454762,4.376383,1.367214,1.148422,1.048603,1.327493,3.039764,1.009400,0.491225,0.721044,1.244975,4.482788,0.607739,0.656773,0.954739,1.125912,0.737856,0.646228,0.424585,0.526380,0.612603,0.461550,0.462431,0.321747,0.437271,0.517020,0.635841,0.461212,0.692903,0.641187,0.878481,2.828676,1.049710,1.281998,1.150082,1.090288,0.508939,0.742948,0.652879,1.076319,1.260851,0.700100,0.382464,0.765513,1.449904,1.473992,9.667185,2.253403,0.750176,1.406269,2.412621,3.059165,1.166617,0.592646,1.252745,2.176867,2.455194,0.829062,0.723421,1.165622,1.991662,2.085121,0.990606,0.587686,0.961914,2.215662
1676060267.018417,1676060267.018974,95.000000,0.000000,4288.717773,4283.846191,4295.897461,4282.948730,4313.077148,4295.512695,4291.794922,4301.025879,4298.077148,4289.871582,4448.077148,4475.641113,4366.282227,4416.153809,2900.000000,4.000000,85.000000,,,,0.000000,4.000000,4.000000,4.000000,4.000000,4.000000,4.000000,4.000000,4.000000,4.000000,4.000000,4.000000,4.000000,4.000000,4.000000,100.000000,,,,,,,,,,,,,,,,,,,,,,,,,,,,,,,,,,,,,,,,,,,,,,,,,,,,,,,,,,,,,,,,,,,,,,,,,,,,,,,,,,,,,,
1676060267.026225,1676060267.026883,96.000000,0.000000,4279.743652,4281.153809,4292.307617,4282.307617,4312.692383,4288.846191,4285.512695,4298.205078,4294.871582,4279.487305,4443.846191,4467.692383,4359.487305,4411.922852,3106.000000,4.000000,85.000000,,,,0.000000,4.000000,4.000000,4.000000,4.000000,4.000000,4.000000,4.000000,4.000000,4.000000,4.000000,4.000000,4.000000,4.000000,4.000000,100.000000,,,,,,,,,,,,,,,,,,,,,,,,,,,,,,,,,,,,,,,,,,,,,,,,,,,,,,,,,,,,,,,,,,,,,,,,,,,,,,,,,,,,,,
1676060267.034034,1676060267.034691,97.000000,0.000000,4278.077148,4277.692383,4296.410156,4285.128418,4311.025879,4283.461426,4285.897461,4298.717773,4294.358887,4276.025879,4443.333496,4471.666504,4355.769043,4409.871582,3226.000000,4.000000,85.000000,,,,0.000000,4.000000,4.000000,4.000000,4.000000,4.000000,4.000000,4.000000,4.000000,4.000000,4.000000,4.000000,4.000000,4.000000,4.000000,100.000000,,,,,,,,,,,,,,,,,,,,,,,,,,,,,,,,,,,,,,,,,,,,,,,,,,,,,,,,,,,,,,,,,,,,,,,,,,,,,,,,,,,,,,
1676060267.041842,1676060267.042599,98.000000,0.000000,4290.128418,4278.461426,4303.717773,4291.922852,4309.871582,4290.128418,4293.205078,4301.666504,4290.256348,4274.871582,4454.487305,4477.051270,4362.820313,4412.307617,2725.000000,4.000000,85.000000,,,,0.000000,4.000000,4.000000,4.000000,4.000000,4.000000,4.000000,4.000000,4.000000,4.000000,4.000000,4.000000,4.000000,4.000000,4.000000,100.000000,,,,,,,,,,,,,,,,,,,,,,,,,,,,,,,,,,,,,,,,,,,,,,,,,,,,,,,,,,,,,,,,,,,,,,,,,,,,,,,,,,,,,,
1676060267.049651,1676060267.050408,99.000000,0.000000,4303.589844,4290.128418,4312.307617,4301.282227,4321.538574,4302.307617,4302.179688,4309.487305,4291.025879,4265.512695,4462.820313,4483.589844,4372.563965,4424.743652,2900.000000,4.000000,85.000000,,,,0.000000,4.000000,4.000000,4.000000,4.000000,4.000000,4.000000,4.000000,4.000000,4.000000,4.000000,4.000000,4.000000,4.000000,4.000000,100.000000,,,,,,,,,,,,,,,,,,,,,,,,,,,,,,,,,,,,,,,,,,,,,,,,,,,,,,,,,,,,,,,,,,,,,,,,,,,,,,,,,,,,,,
1676060267.057459,1676060267.058316,100.000000,0.000000,4302.692383,4299.230957,4321.922852,4303.974121,4329.358887,4301.666504,4305.128418,4314.358887,4296.282227,4270.897461,4459.743652,4489.358887,4371.794922,4431.794922,3106.000000,4.000000,85.000000,,,,0.000000,4.000000,4.000000,4.000000,4.000000,4.000000,4.000000,4.000000,4.000000,4.000000,4.000000,4.000000,4.000000,4.000000,4.000000,100.000000,,,,,,,,,,,,,,,,,,,,,,,,,,,,,,,,,,,,,,,,,,,,,,,,,,,,,,,,,,,,,,,,,,,,,,,,,,,,,,,,,,,,,,
1676060267.065267,1676060267.066125,101.000000,0.000000,4291.153809,4290.769043,4317.307617,4293.333496,4319.358887,4291.666504,4297.948730,4301.538574,4289.615234,4280.897461,4444.871582,4475.897461,4354.871582,4419.230957,3226.000000,4.000000,85.000000,,,,0.000000,4.000000,4.000000,4.000000,4.000000,4.000000,4.000000,4.000000,4.000000,4.000000,4.000000,4.000000,4.000000,4.000000,4.000000,100.000000,,,,,,,,,,,,,,,,,,,,,,,,,,,,,,,,,,,,,,,,,,,,,,,,,,,,,,,,,,,,,,,,,,,,,,,,,,,,,,,,,,,,,,
1676060267.073076,1676060267.074033,102.000000,0.000000,4299.102539,4287.948730,4312.436035,4291.794922,4320.000000,4293.205078,4295.641113,4295.641113,4290.128418,4280.641113,4446.666504,4474.358887,4359.743652,4418.717773,2725.000000,4.000000,85.000000,,,,0.000000,4.000000,4.000000,4.000000,4.000000,4.000000,4.000000,4.000000,4.000000,4.000000,4.000000,4.000000,4.000000,4.000000,4.000000,100.000000,,,,,,,,,,,,,,,,,,,,,,,,,,,,,,,,,,,,,,,,,,,,,,,,,,,,,,,,,,,,,,,,,,,,,,,,,,,,,,,,,,,,,,
1676060267.080884,1676060267.081842,103.000000,0.000000,4315.769043,4296.794922,4318.205078,4302.051270,4328.205078,4300.000000,4300.641113,4302.051270,4295.000000,4279.743652,4464.871582,4489.358887,4380.769043,4435.128418,2900.000000,4.000000,85.000000,,,,0.000000,4.000000,4.000000,4.000000,4.000000,4.000000,4.000000,4.000000,4.000000,4.000000,4.000000,4.000000,4.000000,4.000000,4.000000,100.000000,,,,,,,,,,,,,,,,,,,,,,,,,,,,,,,,,,,,,,,,,,,,,,,,,,,,,,,,,,,,,,,,,,,,,,,,,,,,,,,,,,,,,,
1676060267.088692,1676060267.089550,104.000000,0.000000,4305.769043,4296.153809,4315.384766,4298.717773,4320.897461,4295.000000,4289.230957,4294.487305,4285.000000,4277.563965,4465.000000,4481.153809,4374.743652,4432.436035,3106.000000,4.000000,85.000000,,,,0.000000,4.000000,4.000000,4.000000,4.000000,4.000000,4.000000,4.000000,4.000000,4.000000,4.000000,4.000000,4.000000,4.000000,4.000000,100.000000,,,,,,,,,,,,,,,,,,,,,,,,,,,,,,,,,,,,,,,,,,,,,,,,,,,,,,,,,,,,,,,,,,,,,,,,,,,,,,,,,,,,,,
1676060267.096501,1676060267.097359,105.000000,0.000000,4296.025879,4292.948730,4309.230957,4290.000000,4314.615234,4290.384766,4278.461426,4291.025879,4284.743652,4280.128418,4460.641113,4467.820313,4363.333496,4423.077148,3226.000000,4.000000,85.000000,,,,0.000000,4.000000,4.000000,4.000000,4.000000,4.000000,4.000000,4.000000,4.000000,4.000000,4.000000,4.000000,4.000000,4.000000,4.000000,100.000000,,,,,,,,,,,,,,,,,,,,,,,,,,,,,,,,,,,,,,,,,,,,,,,,,,,,,,,,,,,,,,,,,,,,,,,,,,,,,,,,,,,,,,
1676060267.104309,1676060267.105067,106.000000,0.000000,4312.948730,4292.436035,4317.563965,4297.948730,4318.205078,4292.948730,4291.153809,4303.205078,4300.512695,4285.641113,4472.051270,4480.000000,4378.077148,4433.205078,2725.000000,4.000000,85.000000,,,,0.000000,4.000000,4.000000,4.000000,4.000000,4.000000,4.000000,4.000000,4.000000,4.000000,4.000000,4.000000,4.000000,4.000000,4.000000,100.000000,,,,,,,,,,,,,,,,,,,,,,,,,,,,,,,,,,,,,,,,,,,,,,,,,,,,,,,,,,,,,,,,,,,,,,,,,,,,,,,,,,,,,,
1676060267.112118,1676060267.112876,107.000000,0.000000,4312.820313,4284.102539,4316.666504,4300.256348,4312.820313,4291.282227,4290.769043,4301.025879,4294.358887,4274.487305,4467.436035,4480.897461,4382.051270,4437.563965,2900.000000,4.000000,85.000000,,,,0.000000,4.000000,4.000000,4.000000,4.000000,4.000000,4.000000,4.000000,4.000000,4.000000,4.000000,4.000000,4.000000,4.000000,4.000000,100.000000,,,,,,,,,,,,,,,,,,,,,,,,,,,,,,,,,,,,,,,,,,,,,,,,,,,,,,,,,,,,,,,,,,,,,,,,,,,,,,,,,,,,,,
1676060267.119926,1676060267.120584,108.000000,0.000000,4287.051270,4274.102539,4303.077148,4285.641113,4306.666504,4291.025879,4278.333496,4291.538574,4277.179688,4259.358887,4446.666504,4461.922852,4356.922852,4421.538574,3106.000000,4.000000,85.000000,,,,0.000000,4.000000,4.000000,4.000000,4.000000,4.000000,4.000000,4.000000,4.000000,4.000000,4.000000,4.000000,4.000000,4.000000,4.000000,100.000000,,,,,,,,,,,,,,,,,,,,,,,,,,,,,,,,,,,,,,,,,,,,,,,,,,,,,,,,,,,,,,,,,,,,,,,,,,,,,,,,,,,,,,
1676060267.127734,1676060267.128393,109.000000,0.000000,4288.461426,4275.897461,4303.717773,4285.128418,4311.025879,4293.333496,4285.769043,4296.153809,4281.153809,4261.282227,4439.358887,4458.333496,4340.384766,4412.436035,3226.000000,4.000000,85.000000,,,,0.000000,4.000000,4.000000,4.000000,4.000000,4.000000,4.000000,4.000000,4.000000,4.000000,4.000000,4.000000,4.000000,4.000000,4.000000,100.000000,,,,,,,,,,,,,,,,,,,,,,,,,,,,,,,,,,,,,,,,,,,,,,,,,,,,,,,,,,,,,,,,,,,,,,,,,,,,,,,,,,,,,,
1676060267.135543,1676060267.136101,110.000000,0.000000,4308.333496,4285.512695,4308.461426,4296.538574,4314.358887,4291.538574,4295.128418,4295.769043,4290.384766,4271.666504,4442.692383,4463.205078,4350.512695,4421.666504,2725.000000,4.000000,85.000000,,,,0.000000,4.000000,4.000000,4.000000,4.000000,4.000000,4.000000,4.000000,4.000000,4.000000,4.000000,4.000000,4.000000,4.000000,4.000000,100.000000,,,,,,,,,,,,,,,,,2.333415,0.929309,0.548147,0.970445,1.366994,3.026907,0.985040,0.911323,0.960680,1.173949,3.174003,0.785658,0.632484,0.690746,1.163083,3.615549,0.519519,0.635623,0.937919,1.030166,0.626811,0.522763,0.402006,0.478977,0.585423,0.409472,0.437573,0.317518,0.386546,0.542787,0.667666,0.398934,0.809953,0.641122,0.840325,2.389243,1.262416,1.659634,1.134655,0.997579,0.591265,0.792523,0.826172,0.982100,1.186009,0.859725,0.409886,0.903813,1.405568,1.323625,9.725382,2.041090,1.104311,1.366403,2.201322,2.547750,1.244842,0.932082,1.244352,1.925231,2.069947,0.697815,0.820381,1.099466,1.795823,2.278389,1.027262,0.865855,0.908921,1.934721
1676060267.143351,1676060267.143910,111.000000,0.000000,4305.769043,4291.025879,4306.025879,4292.436035,4309.871582,4287.820313,4289.487305,4289.358887,4288.589844,4272.948730,4451.282227,4463.974121,4369.871582,4428.974121,2900.000000,4.000000,85.000000,,,,0.000000,4.000000,4.000000,4.000000,4.000000,4.000000,4.000000,4.000000,4.000000,4.000000,4.000000,4.000000,4.000000,4.000000,4.000000,100.000000,,,,,,,,,,,,,,,,,,,,,,,,,,,,,,,,,,,,,,,,,,,,,,,,,,,,,,,,,,,,,,,,,,,,,,,,,,,,,,,,,,,,,,
1676060267.151159,1676060267.151618,112.000000,0.000000,4296.922852,4292.948730,4306.922852,4286.282227,4309.358887,4286.410156,4288.077148,4291.538574,4284.743652,4272.692383,4462.436035,4471.153809,4380.897461,4429.358887,3106.000000,4.000000,85.000000,,,,0.000000,4.000000,4.000000,4.000000,4.000000,4.000000,4.000000,4.000000,4.000000,4.000000,4.000000,4.000000,4.000000,4.000000,4.000000,100.000000,,,,,,,,,,,,,,,,,,,,,,,,,,,,,,,,,,,,,,,,,,,,,,,,,,,,,,,,,,,,,,,,,,,,,,,,,,,,,,,,,,,,,,
1676060267.158968,1676060267.159426,113.000000,0.000000,4302.563965,4297.436035,4311.922852,4295.128418,4317.307617,4290.512695,4297.051270,4295.897461,4290.128418,4280.256348,4466.153809,4479.358887,4381.666504,4432.436035,3226.000000,4.000000,85.000000,,,,0.000000,4.000000,4.000000,4.000000,4.000000,4.000000,4.000000,4.000000,4.000000,4.000000,4.000000,4.000000,4.000000,4.000000,4.000000,100.000000,,,,,,,,,,,,,,,,,,,,,,,,,,,,,,,,,,,,,,,,,,,,,,,,,,,,,,,,,,,,,,,,,,,,,,,,,,,,,,,,,,,,,,
1676060267.166776,1676060267.167135,114.000000,0.000000,4302.307617,4299.871582,4312.820313,4298.461426,4319.487305,4293.717773,4296.922852,4296.410156,4296.666504,4276.794922,4461.153809,4476.282227,4375.384766,4425.769043,2725.000000,4.000000,85.000000,,,,0.000000,4.000000,4.000000,4.000000,4.000000,4.000000,4.000000,4.000000,4.000000,4.000000,4.000000,4.000000,4.000000,4.000000,4.000000,100.000000,,,,,,,,,,,,,,,,,,,,,,,,,,,,,,,,,,,,,,,,,,,,,,,,,,,,,,,,,,,,,,,,,,,,,,,,,,,,,,,,,,,,,,
1676060267.174585,1676060267.174943,115.000000,0.000000,4292.692383,4293.974121,4307.948730,4285.897461,4310.897461,4292.179688,4284.871582,4291.282227,4285.128418,4264.230957,4453.205078,4468.077148,4364.230957,4414.487305,2900.000000,4.000000,85.000000,,,,0.000000,4.000000,4.000000,4.000000,4.000000,4.000000,4.000000,4.000000,4.000000,4.000000,4.000000,4.000000,4.000000,4.000000,4.000000,100.000000,,,,,,,,,,,,,,,,,,,,,,,,,,,,,,,,,,,,,,,,,,,,,,,,,,,,,,,,,,,,,,,,,,,,,,,,,,,,,,,,,,,,,,
1676060267.182393,1676060267.182652,116.000000,0.000000,4293.717773,4292.179688,4307.820313,4282.179688,4309.871582,4294.615234,4280.256348,4292.051270,4278.333496,4272.563965,4456.410156,4473.717773,4368.589844,4424.230957,3106.000000,4.000000,85.000000,,,,0.000000,4.000000,4.000000,4.000000,4.000000,4.000000,4.000000,4.000000,4.000000,4.000000,4.000000,4.000000,4.000000,4.000000,4.000000,100.000000,,,,,,,,,,,,,,,,,,,,,,,,,,,,,,,,,,,,,,,,,,,,,,,,,,,,,,,,,,,,,,,,,,,,,,,,,,,,,,,,,,,,,,
1676060267.190201,1676060267.190460,117.000000,0.000000,4295.000000,4291.538574,4307.051270,4283.846191,4310.897461,4289.743652,4282.436035,4297.820313,4286.922852,4281.922852,4458.717773,4474.871582,4372.563965,4431.282227,3226.000000,4.000000,85.000000,,,,0.000000,4.000000,4.000000,4.000000,4.000000,4.000000,4.000000,4.000000,4.000000,4.000000,4.000000,4.000000,4.000000,4.000000,4.000000,100.000000,,,,,,,,,,,,,,,,,,,,,,,,,,,,,,,,,,,,,,,,,,,,,,,,,,,,,,,,,,,,,,,,,,,,,,,,,,,,,,,,,,,,,,
1676060267.198010,1676060267.198169,118.000000,0.000000,4298.846191,4298.717773,4308.333496,4290.128418,4312.820313,4287.436035,4289.615234,4302.051270,4295.000000,4272.820313,4453.846191,4470.000000,4366.282227,4422.563965,2725.000000,4.000000,85.000000,,,,0.000000,4.000000,4.000000,4.000000,4.000000,4.000000,4.000000,4.000000,4.000000,4.000000,4.000000,4.000000,4.000000,4.000000,4.000000,100.000000,,,,,,,,,,,,,,,,,,,,,,,,,,,,,,,,,,,,,,,,,,,,,,,,,,,,,,,,,,,,,,,,,,,,,,,,,,,,,,,,,,,,,,
1676060267.205818,1676060267.206077,119.000000,0.000000,4312.948730,4319.487305,4318.205078,4305.512695,4324.487305,4304.230957,4304.487305,4311.666504,4307.051270,4284.615234,4468.205078,4485.256348,4383.077148,4436.794922,2900.000000,4.000000,85.000000,,,,0.000000,4.000000,4.000000,4.000000,4.000000,4.000000,4.000000,4.000000,4.000000,4.000000,4.000000,4.000000,4.000000,4.000000,4.000000,100.000000,,,,,,,,,,,,,,,,,,,,,,,,,,,,,,,,,,,,,,,,,,,,,,,,,,,,,,,,,,,,,,,,,,,,,,,,,,,,,,,,,,,,,,
1676060267.213627,1676060267.213886,120.000000,0.000000,4313.077148,4319.743652,4318.333496,4305.256348,4320.512695,4305.512695,4305.000000,4313.589844,4310.512695,4299.102539,4484.230957,4499.230957,4400.256348,4455.769043,3106.000000,4.000000,85.000000,,,,0.000000,4.000000,4.000000,4.000000,4.000000,4.000000,4.000000,4.000000,4.000000,4.000000,4.000000,4.000000,4.000000,4.000000,4.000000,100.000000,,,,,,,,,,,,,,,,,,,,,,,,,,,,,,,,,,,,,,,,,,,,,,,,,,,,,,,,,,,,,,,,,,,,,,,,,,,,,,,,,,,,,,
1676060267.221435,1676060267.221794,121.000000,0.000000,4301.922852,4302.051270,4309.487305,4290.641113,4306.794922,4289.102539,4289.615234,4304.102539,4295.897461,4280.641113,4467.051270,4486.025879,4379.102539,4441.153809,3226.000000,4.000000,85.000000,,,,0.000000,4.000000,4.000000,4.000000,4.000000,4.000000,4.000000,4.000000,4.000000,4.000000,4.000000,4.000000,4.000000,4.000000,4.000000,100.000000,,,,,,,,,,,,,,,,,,,,,,,,,,,,,,,,,,,,,,,,,,,,,,,,,,,,,,,,,,,,,,,,,,,,,,,,,,,,,,,,,,,,,,
1676060267.229243,1676060267.229603,122.000000,0.000000,4311.025879,4308.717773,4318.077148,4296.410156,4315.897461,4296.282227,4296.025879,4308.846191,4299.230957,4273.846191,4457.051270,4485.128418,4365.128418,4435.128418,2725.000000,4.000000,85.000000,,,,0.000000,4.000000,4.000000,4.000000,4.000000,4.000000,4.000000,4.000000,4.000000,4.000000,4.000000,4.000000,4.000000,4.000000,4.000000,100.000000,,,,,,,,,,,,,,,,,,,,,,,,,,,,,,,,,,,,,,,,,,,,,,,,,,,,,,,,,,,,,,,,,,,,,,,,,,,,,,,,,,,,,,
1676060267.237052,1676060267.237511,123.000000,0.000000,4317.820313,4323.205078,4323.717773,4307.051270,4321.410156,4303.846191,4301.025879,4312.051270,4305.769043,4284.743652,4464.358887,4493.333496,4375.769043,4446.922852,2900.000000,4.000000,85.000000,,,,0.000000,4.000000,4.000000,4.000000,4.000000,4.000000,4.000000,4.000000,4.000000,4.000000,4.000000,4.000000,4.000000,4.000000,4.000000,100.000000,,,,,,,,,,,,,,,,,,,,,,,,,,,,,,,,,,,,,,,,,,,,,,,,,,,,,,,,,,,,,,,,,,,,,,,,,,,,,,,,,,,,,,
1676060267.244860,1676060267.245319,124.000000,0.000000,4299.487305,4310.256348,4306.794922,4292.436035,4305.641113,4290.000000,4280.256348,4292.051270,4284.358887,4276.538574,4447.563965,4470.512695,4364.487305,4433.333496,3106.000000,4.000000,85.000000,,,,0.000000,4.000000,4.000000,4.000000,4.000000,4.000000,4.000000,4.000000,4.000000,4.000000,4.000000,4.000000,4.000000,4.000000,4.000000,100.000000,,,,,,,,,,,,,,,,,,,,,,,,,,,,,,,,,,,,,,,,,,,,,,,,,,,,,,,,,,,,,,,,,,,,,,,,,,,,,,,,,,,,,,
1676060267.252669,1676060267.253228,125.000000,0.000000,4302.051270,4309.871582,4312.692383,4293.846191,4309.871582,4294.743652,4286.025879,4293.077148,4288.589844,4278.461426,4443.589844,4464.871582,4355.897461,4425.512695,3226.000000,4.000000,85.000000,,,,0.000000,4.000000,4.000000,4.000000,4.000000,4.000000,4.000000,4.000000,4.000000,4.000000,4.000000,4.000000,4.000000,4.000000,4.000000,100.000000,,,,,,,,,,,,,,,,,,,,,,,,,,,,,,,,,,,,,,,,,,,,,,,,,,,,,,,,,,,,,,,,,,,,,,,,,,,,,,,,,,,,,,
1676060267.260477,1676060267.261036,126.000000,0.000000,4311.538574,4319.102539,4318.589844,4302.563965,4314.358887,4295.769043,4296.538574,4306.666504,4307.307617,4284.230957,4454.102539,4475.641113,4362.692383,4429.743652,2725.000000,4.000000,85.000000,,,,0.000000,4.000000,4.000000,4.000000,4.000000,4.000000,4.000000,4.000000,4.000000,4.000000,4.000000,4.000000,4.000000,4.000000,4.000000,100.000000,,,,,,,,,,,,,,,,,2.130321,0.811333,0.662849,0.941872,1.245258,1.965817,0.682346,0.827870,0.903394,1.010610,3.108571,0.588325,0.853730,0.666700,1.058975,2.791703,0.464351,0.719619,0.906613,0.915369,0.529335,0.416348,0.414797,0.451723,0.545060,0.379490,0.431902,0.330416,0.353227,0.561473,0.698283,0.340338,0.937794,0.634300,0.784718,2.098923,1.374602,2.078636,1.089278,0.907633,0.654193,0.819022,1.099710,0.888030,1.079320,0.938936,0.446146,1.120548,1.318244,1.158105,9.486639,1.767507,1.586398,1.332725,1.930231,1.906462,1.270397,1.438550,1.214244,1.652336,1.757063,0.644784,1.094673,1.041365,1.572866,2.287110,1.034558,1.302110,0.870166,1.640274
1676060267.268285,1676060267.268945,127.000000,0.000000,4297.563965,4310.641113,4298.077148,4290.128418,4297.179688,4276.666504,4278.974121,4292.563965,4291.666504,4263.205078,4438.333496,4459.871582,4351.538574,4415.000000,85.000000,4.000000,85.000000,,,,0.000000,4.000000,4.000000,4.000000,4.000000,4.000000,4.000000,4.000000,4.000000,4.000000,4.000000,4.000000,4.000000,4.000000,4.000000,100.000000,,,,,,,,,,,,,,,,,,,,,,,,,,,,,,,,,,,,,,,,,,,,,,,,,,,,,,,,,,,,,,,,,,,,,,,,,,,,,,,,,,,,,,
1676060267.276094,1676060267.276753,0.000000,0.000000,4306.538574,4326.025879,4309.358887,4303.846191,4306.794922,4286.410156,4284.230957,4291.538574,4291.025879,4265.897461,4442.051270,4466.025879,4355.769043,4421.538574,2510.000000,4.000000,85.000000,,,,0.000000,4.000000,4.000000,4.000000,4.000000,4.000000,4.000000,4.000000,4.000000,4.000000,4.000000,4.000000,4.000000,4.000000,4.000000,100.000000,,,,,,,,,,,,,,,,,,,,,,,,,,,,,,,,,,,,,,,,,,,,,,,,,,,,,,,,,,,,,,,,,,,,,,,,,,,,,,,,,,,,,,
1676060267.283902,1676060267.284561,1.000000,0.000000,4337.051270,4357.692383,4345.512695,4340.256348,4335.769043,4310.769043,4312.051270,4317.307617,4317.820313,4292.307617,4479.230957,4505.641113,4386.922852,4458.077148,2476.000000,4.000000,85.000000,,,,0.000000,4.000000,4.000000,4.000000,4.000000,4.000000,4.000000,4.000000,4.000000,4.000000,4.000000,4.000000,4.000000,4.000000,4.000000,100.000000,,,,,,,,,,,,,,,,,,,,,,,,,,,,,,,,,,,,,,,,,,,,,,,,,,,,,,,,,,,,,,,,,,,,,,,,,,,,,,,,,,,,,,
1676060267.291711,1676060267.292370,2.000000,0.000000,4326.538574,4345.128418,4337.307617,4340.897461,4327.436035,4306.025879,4305.384766,4317.307617,4312.436035,4282.307617,4475.769043,4505.128418,4386.922852,4451.153809,2398.000000,4.000000,85.000000,,,,0.000000,4.000000,4.000000,4.000000,4.000000,4.000000,4.000000,4.000000,4.000000,4.000000,4.000000,4.000000,4.000000,4.000000,4.000000,100.000000,,,,,,,,,,,,,,,,,,,,,,,,,,,,,,,,,,,,,,,,,,,,,,,,,,,,,,,,,,,,,,,,,,,,,,,,,,,,,,,,,,,,,,
1676060267.299519,1676060267.300078,3.000000,0.000000,4277.948730,4301.538574,4294.743652,4309.743652,4295.256348,4286.794922,4273.974121,4281.922852,4276.410156,4251.666504,4425.128418,4460.128418,4349.230957,4399.230957,2451.000000,4.000000,85.000000,,,,0.000000,4.000000,4.000000,4.000000,4.000000,4.000000,4.000000,4.000000,4.000000,4.000000,4.000000,4.000000,4.000000,4.000000,4.000000,100.000000,,,,,,,,,,,,,,,,,,,,,,,,,,,,,,,,,,,,,,,,,,,,,,,,,,,,,,,,,,,,,,,,,,,,,,,,,,,,,,,,,,,,,,
1676060267.307327,1676060267.307887,4.000000,0.000000,4263.461426,4296.153809,4288.589844,4309.358887,4293.333496,4290.256348,4273.846191,4271.410156,4273.205078,4262.563965,4420.128418,4459.743652,4346.922852,4391.282227,2438.000000,4.000000,85.000000,,,,0.000000,4.000000,4.000000,4.000000,4.000000,4.000000,4.000000,4.000000,4.000000,4.000000,4.000000,4.000000,4.000000,4.000000,4.000000,100.000000,,,,,,,,,,,,,,,,,,,,,,,,,,,,,,,,,,,,,,,,,,,,,,,,,,,,,,,,,,,,,,,,,,,,,,,,,,,,,,,,,,,,,,
1676060267.315136,1676060267.315595,5.000000,0.000000,4280.512695,4310.641113,4305.897461,4331.538574,4306.153809,4298.333496,4286.922852,4293.461426,4293.333496,4287.436035,4455.641113,4497.051270,4375.512695,4420.512695,2379.000000,4.000000,85.000000,,,,0.000000,4.000000,4.000000,4.000000,4.000000,4.000000,4.000000,4.000000,4.000000,4.000000,4.000000,4.000000,4.000000,4.000000,4.000000,100.000000,,,,,,,,,,,,,,,,,,,,,,,,,,,,,,,,,,,,,,,,,,,,,,,,,,,,,,,,,,,,,,,,,,,,,,,,,,,,,,,,,,,,,,
1676060267.322944,1676060267.323404,6.000000,0.000000,4270.769043,4294.358887,4289.358887,4323.974121,4293.461426,4282.820313,4269.102539,4285.384766,4278.974121,4262.563965,4437.948730,4487.692383,4357.820313,4402.692383,2231.000000,4.000000,85.000000,,,,0.000000,4.000000,4.000000,4.000000,4.000000,4.000000,4.000000,4.000000,4.000000,4.000000,4.000000,4.000000,4.000000,4.000000,4.000000,100.000000,,,,,,,,,,,,,,,,,,,,,,,,,,,,,,,,,,,,,,,,,,,,,,,,,,,,,,,,,,,,,,,,,,,,,,,,,,,,,,,,,,,,,,
1676060267.330752,1676060267.331112,7.000000,0.000000,4264.615234,4293.589844,4279.743652,4318.974121,4287.820313,4278.333496,4262.692383,4270.641113,4266.538574,4245.000000,4409.743652,4476.025879,4335.000000,4382.563965,2227.000000,4.000000,85.000000,,,,0.000000,4.000000,4.000000,4.000000,4.000000,4.000000,4.000000,4.000000,4.000000,4.000000,4.000000,4.000000,4.000000,4.000000,4.000000,100.000000,,,,,,,,,,,,,,,,,,,,,,,,,,,,,,,,,,,,,,,,,,,,,,,,,,,,,,,,,,,,,,,,,,,,,,,,,,,,,,,,,,,,,,
1676060267.338561,1676060267.338921,8.000000,0.000000,4305.512695,4331.538574,4321.794922,4357.692383,4317.307617,4304.102539,4301.025879,4306.922852,4306.410156,4290.897461,4456.666504,4528.846191,4379.102539,4428.846191,2277.000000,4.000000,85.000000,,,,0.000000,4.000000,4.000000,4.000000,4.000000,4.000000,4.000000,4.000000,4.000000,4.000000,4.000000,4.000000,4.000000,4.000000,4.000000,100.000000,,,,,,,,,,,,,,,,,,,,,,,,,,,,,,,,,,,,,,,,,,,,,,,,,,,,,,,,,,,,,,,,,,,,,,,,,,,,,,,,,,,,,,
1676060267.346369,1676060267.346629,9.000000,0.000000,4325.512695,4340.128418,4344.487305,4382.820313,4331.538574,4315.128418,4317.307617,4337.179688,4328.205078,4314.102539,4493.333496,4560.000000,4406.794922,4455.000000,2246.000000,4.000000,85.000000,,,,0.000000,4.000000,4.000000,4.000000,4.000000,4.000000,4.000000,4.000000,4.000000,4.000000,4.000000,4.000000,4.000000,4.000000,4.000000,100.000000,,,,,,,,,,,,,,,,,,,,,,,,,,,,,,,,,,,,,,,,,,,,,,,,,,,,,,,,,,,,,,,,,,,,,,,,,,,,,,,,,,,,,,
1676060267.354177,1676060267.354538,10.000000,0.000000,4280.128418,4305.769043,4305.000000,4346.666504,4301.922852,4286.666504,4284.487305,4303.846191,4287.307617,4260.000000,4438.974121,4510.897461,4354.871582,4405.769043,2728.000000,4.000000,85.000000,,,,0.000000,4.000000,4.000000,4.000000,4.000000,4.000000,4.000000,4.000000,4.000000,4.000000,4.000000,4.000000,4.000000,4.000000,4.000000,100.000000,,,,,,,,,,,,,,,,,,,,,,,,,,,,,,,,,,,,,,,,,,,,,,,,,,,,,,,,,,,,,,,,,,,,,,,,,,,,,,,,,,,,,,
1676060267.361986,1676060267.362346,11.000000,0.000000,4257.563965,4301.410156,4286.025879,4320.641113,4288.077148,4276.666504,4273.077148,4277.051270,4266.538574,4232.051270,4404.230957,4483.974121,4327.948730,4382.051270,2927.000000,4.000000,85.000000,,,,0.000000,4.000000,4.000000,4.000000,4.000000,4.000000,4.000000,4.000000,4.000000,4.000000,4.000000,4.000000,4.000000,4.000000,4.000000,100.000000,,,,,,,,,,,,,,,,,,,,,,,,,,,,,,,,,,,,,,,,,,,,,,,,,,,,,,,,,,,,,,,,,,,,,,,,,,,,,,,,,,,,,,
1676060267.369794,1676060267.370255,12.000000,0.000000,4279.358887,4314.871582,4299.487305,4334.230957,4302.307617,4296.025879,4283.974121,4286.794922,4281.794922,4264.743652,4426.153809,4499.487305,4351.282227,4402.563965,3126.000000,4.000000,85.000000,,,,0.000000,4.000000,4.000000,4.000000,4.000000,4.000000,4.000000,4.000000,4.000000,4.000000,4.000000,4.000000,4.000000,4.000000,4.000000,100.000000,,,,,,,,,,,,,,,,,,,,,,,,,,,,,,,,,,,,,,,,,,,,,,,,,,,,,,,,,,,,,,,,,,,,,,,,,,,,,,,,,,,,,,
1676060267.377603,1676060267.378063,13.000000,0.000000,4279.743652,4304.743652,4298.077148,4336.794922,4303.461426,4293.333496,4280.128418,4287.436035,4281.025879,4272.563965,4424.615234,4491.538574,4350.128418,4401.153809,3241.000000,4.000000,85.000000,,,,0.000000,4.000000,4.000000,4.000000,4.000000,4.000000,4.000000,4.000000,4.000000,4.000000,4.000000,4.000000,4.000000,4.000000,4.000000,100.000000,,,,,,,,,,,,,,,,,,,,,,,,,,,,,,,,,,,,,,,,,,,,,,,,,,,,,,,,,,,,,,,,,,,,,,,,,,,,,,,,,,,,,,
1676060267.385411,1676060267.385971,14.000000,0.000000,4267.436035,4305.000000,4291.025879,4327.436035,4295.641113,4281.025879,4280.128418,4285.128418,4277.051270,4252.563965,4407.563965,4477.179688,4335.897461,4389.358887,2728.000000,4.000000,85.000000,,,,0.000000,4.000000,4.000000,4.000000,4.000000,4.000000,4.000000,4.000000,4.000000,4.000000,4.000000,4.000000,4.000000,4.000000,4.000000,100.000000,1.000000,75.000000,4.000000,4.000000,3.000000,4.000000,4.000000,4.000000,4.000000,4.000000,4.000000,3.000000,3.000000,3.000000,3.000000,3.000000,1.850464,0.676747,0.835031,0.901126,1.116231,1.364858,0.528622,0.883004,0.859877,0.866012,2.894984,0.448241,1.106287,0.642845,0.948368,2.210253,0.466588,0.880632,0.849102,0.802167,0.485907,0.360826,0.453449,0.433431,0.497896,0.365562,0.447105,0.354082,0.331080,0.564140,0.700783,0.298375,1.060766,0.616170,0.726461,1.889525,1.344099,2.460717,1.011247,0.841393,0.682979,0.787084,1.410713,0.791921,0.960124,0.908358,0.456133,1.364869,1.195053,1.008134,9.162354,1.502813,2.091748,1.282758,1.650359,1.330556,1.231255,1.993208,1.142610,1.413087,1.511887,0.634988,1.454792,0.976254,1.359673,2.117302,0.981319,1.786324,0.827880,1.386268
1676060267.393219,1676060267.393780,15.000000,0.000000,4262.179688,4311.282227,4282.820313,4322.307617,4292.179688,4287.051270,4281.282227,4281.666504,4276.538574,4242.563965,4395.769043,4470.769043,4324.487305,4377.948730,2927.000000,4.000000,85.000000,,,,0.000000,4.000000,4.000000,4.000000,4.000000,4.000000,4.000000,4.000000,4.000000,4.000000,4.000000,4.000000,4.000000,4.000000,4.000000,100.000000,,,,,,,,,,,,,,,,,,,,,,,,,,,,,,,,,,,,,,,,,,,,,,,,,,,,,,,,,,,,,,,,,,,,,,,,,,,,,,,,,,,,,,
1676060267.401028,1676060267.401588,16.000000,0.000000,4261.666504,4308.974121,4279.102539,4323.846191,4294.358887,4296.025879,4278.077148,4276.153809,4274.743652,4246.410156,4393.461426,4469.743652,4315.641113,4366.666504,0.000000,4.000000,85.000000,,,,0.000000,4.000000,4.000000,4.000000,4.000000,4.000000,4.000000,4.000000,4.000000,4.000000,4.000000,4.000000,4.000000,4.000000,4.000000,100.000000,,,,,,,,,,,,,,,,,,,,,,,,,,,,,,,,,,,,,,,,,,,,,,,,,,,,,,,,,,,,,,,,,,,,,,,,,,,,,,,,,,,,,,
1676060267.408836,1676060267.409297,17.000000,0.000000,4274.230957,4319.102539,4295.512695,4334.743652,4304.230957,4297.051270,4284.871582,4291.922852,4288.974121,4258.846191,4423.461426,4487.948730,4340.000000,4386.410156,0.000000,4.000000,85.000000,,,,0.000000,4.000000,4.000000,4.000000,4.000000,4.000000,4.000000,4.000000,4.000000,4.000000,4.000000,4.000000,4.000000,4.000000,4.000000,100.000000,,,,,,,,,,,,,,,,,,,,,,,,,,,,,,,,,,,,,,,,,,,,,,,,,,,,,,,,,,,,,,,,,,,,,,,,,,,,,,,,,,,,,,
1676060267.416644,1676060267.417205,18.000000,0.000000,4277.051270,4322.563965,4301.922852,4336.153809,4304.230957,4292.179688,4287.948730,4303.205078,4296.025879,4263.205078,4450.128418,4497.820313,4359.487305,4406.666504,0.000000,4.000000,85.000000,,,,0.000000,4.000000,4.000000,4.000000,4.000000,4.000000,4.000000,4.000000,4.000000,4.000000,4.000000,4.000000,4.000000,4.000000,4.000000,100.000000,,,,,,,,,,,,,,,,,,,,,,,,,,,,,,,,,,,,,,,,,,,,,,,,,,,,,,,,,,,,,,,,,,,,,,,,,,,,,,,,,,,,,,
1676060267.424453,1676060267.425014,19.000000,0.000000,4269.615234,4308.333496,4286.153809,4325.769043,4293.461426,4282.820313,4278.333496,4287.820313,4286.153809,4260.512695,4443.205078,4488.205078,4341.922852,4394.102539,0.000000,4.000000,85.000000,,,,0.000000,4.000000,4.000000,4.000000,4.000000,4.000000,4.000000,4.000000,4.000000,4.000000,4.000000,4.000000,4.000000,4.000000,4.000000,100.000000,,,,,,,,,,,,,,,,,,,,,,,,,,,,,,,,,,,,,,,,,,,,,,,,,,,,,,,,,,,,,,,,,,,,,,,,,,,,,,,,,,,,,,
1676060267.432261,1676060267.432922,20.000000,0.000000,4281.922852,4309.102539,4288.461426,4328.077148,4295.256348,4282.820313,4274.743652,4282.179688,4284.358887,4268.333496,4447.563965,4492.563965,4342.179688,4393.717773,0.000000,4.000000,85.000000,,,,0.000000,4.000000,4.000000,4.000000,4.000000,4.000000,4.000000,4.000000,4.000000,4.000000,4.000000,4.000000,4.000000,4.000000,4.000000,100.000000,,,,,,,,,,,,,,,,,,,,,,,,,,,,,,,,,,,,,,,,,,,,,,,,,,,,,,,,,,,,,,,,,,,,,,,,,,,,,,,,,,,,,,
1676060267.440070,1676060267.440730,21.000000,0.000000,4296.794922,4321.282227,4305.512695,4338.717773,4304.102539,4295.256348,4284.615234,4295.897461,4287.307617,4272.948730,4475.897461,4504.743652,4369.487305,4416.025879,0.000000,4.000000,85.000000,,,,0.000000,4.000000,4.000000,4.000000,4.000000,4.000000,4.000000,4.000000,4.000000,4.000000,4.000000,4.000000,4.000000,4.000000,4.000000,100.000000,,,,,,,,,,,,,,,,,,,,,,,,,,,,,,,,,,,,,,,,,,,,,,,,,,,,,,,,,,,,,,,,,,,,,,,,,,,,,,,,,,,,,,
1676060267.447878,1676060267.448639,22.000000,0.000000,4287.820313,4322.179688,4306.153809,4337.307617,4302.820313,4297.307617,4293.589844,4298.461426,4287.820313,4268.846191,4490.128418,4502.820313,4372.692383,4418.717773,0.000000,4.000000,85.000000,,,,0.000000,4.000000,4.000000,4.000000,4.000000,4.000000,4.000000,4.000000,4.000000,4.000000,4.000000,4.000000,4.000000,4.000000,4.000000,100.000000,,,,,,,,,,,,,,,,,,,,,,,,,,,,,,,,,,,,,,,,,,,,,,,,,,,,,,,,,,,,,,,,,,,,,,,,,,,,,,,,,,,,,,
1676060267.455686,1676060267.456447,23.000000,0.000000,4285.641113,4321.666504,4300.256348,4335.384766,4300.384766,4291.922852,4293.205078,4297.179688,4295.512695,4273.974121,4491.153809,4501.025879,4365.384766,4410.641113,0.000000,4.000000,85.000000,,,,0.000000,4.000000,4.000000,4.000000,4.000000,4.000000,4.000000,4.000000,4.000000,4.000000,4.000000,4.000000,4.000000,4.000000,4.000000,100.000000,,,,,,,,,,,,,,,,,,,,,,,,,,,,,,,,,,,,,,,,,,,,,,,,,,,,,,,,,,,,,,,,,,,,,,,,,,,,,,,,,,,,,,
1676060267.463495,1676060267.464356,24.000000,0.000000,4286.794922,4309.230957,4290.512695,4326.153809,4298.077148,4288.974121,4285.897461,4293.461426,4293.717773,4272.948730,4487.563965,4494.871582,4368.205078,4407.436035,0.000000,4.000000,85.000000,,,,0.000000,4.000000,4.000000,4.000000,4.000000,4.000000,4.000000,4.000000,4.000000,4.000000,4.000000,4.000000,4.000000,4.000000,4.000000,100.000000,,,,,,,,,,,,,,,,,,,,,,,,,,,,,,,,,,,,,,,,,,,,,,,,,,,,,,,,,,,,,,,,,,,,,,,,,,,,,,,,,,,,,,
1676060267.471303,1676060267.472164,25.000000,0.000000,4265.384766,4286.538574,4271.794922,4306.282227,4292.436035,4286.153809,4273.333496,4276.538574,4274.743652,4252.436035,4472.051270,4473.205078,4355.128418,4394.230957,0.000000,4.000000,85.000000,,,,0.000000,4.000000,4.000000,4.000000,4.000000,4.000000,4.000000,4.000000,4.000000,4.000000,4.000000,4.000000,4.000000,4.000000,4.000000,100.000000,,,,,,,,,,,,,,,,,,,,,,,,,,,,,,,,,,,,,,,,,,,,,,,,,,,,,,,,,,,,,,,,,,,,,,,,,,,,,,,,,,,,,,
1676060267.479112,1676060267.480072,26.000000,0.000000,4266.282227,4300.384766,4275.769043,4315.897461,4302.051270,4292.820313,4276.538574,4279.230957,4278.077148,4258.846191,4471.410156,4472.692383,4350.128418,4392.436035,0.000000,4.000000,85.000000,,,,0.000000,4.000000,4.000000,4.000000,4.000000,4.000000,4.000000,4.000000,4.000000,4.000000,4.000000,4.000000,4.000000,4.000000,4.000000,100.000000,,,,,,,,,,,,,,,,,,,,,,,,,,,,,,,,,,,,,,,,,,,,,,,,,,,,,,,,,,,,,,,,,,,,,,,,,,,,,,,,,,,,,,
1676060267.486920,1676060267.487881,27.000000,0.000000,4296.282227,4332.948730,4302.051270,4342.692383,4319.102539,4303.717773,4295.000000,4300.256348,4299.102539,4284.871582,4489.615234,4497.563965,4371.025879,4410.384766,0.000000,4.000000,85.000000,,,,0.000000,4.000000,4.000000,4.000000,4.000000,4.000000,4.000000,4.000000,4.000000,4.000000,4.000000,4.000000,4.000000,4.000000,4.000000,100.000000,,,,,,,,,,,,,,,,,,,,,,,,,,,,,,,,,,,,,,,,,,,,,,,,,,,,,,,,,,,,,,,,,,,,,,,,,,,,,,,,,,,,,,
1676060267.494728,1676060267.495589,28.000000,0.000000,4289.358887,4315.641113,4294.487305,4328.846191,4309.615234,4294.871582,4289.487305,4289.871582,4288.077148,4275.000000,4480.384766,4492.307617,4364.743652,4401.282227,0.000000,4.000000,85.000000,,,,0.000000,4.000000,4.000000,4.000000,4.000000,4.000000,4.000000,4.000000,4.000000,4.000000,4.000000,4.000000,4.000000,4.000000,4.000000,100.000000,,,,,,,,,,,,,,,,,,,,,,,,,,,,,,,,,,,,,,,,,,,,,,,,,,,,,,,,,,,,,,,,,,,,,,,,,,,,,,,,,,,,,,
1676060267.502537,1676060267.503498,29.000000,0.000000,4259.743652,4283.846191,4272.051270,4302.179688,4292.051270,4281.922852,4271.282227,4272.307617,4267.436035,4254.871582,4453.974121,4470.384766,4339.615234,4381.794922,0.000000,4.000000,85.000000,,,,0.000000,4.000000,4.000000,4.000000,4.000000,4.000000,4.000000,4.000000,4.000000,4.000000,4.000000,4.000000,4.000000,4.000000,4.000000,100.000000,,,,,,,,,,,,,,,,,,,,,,,,,,,,,,,,,,,,,,,,,,,,,,,,,,,,,,,,,,,,,,,,,,,,,,,,,,,,,,,,,,,,,,
1676060267.510345,1676060267.511306,30.000000,0.000000,4268.589844,4302.692383,4287.051270,4316.282227,4300.897461,4293.077148,4285.897461,4293.974121,4281.666504,4268.717773,4460.769043,4486.794922,4350.769043,4400.000000,0.000000,4.000000,85.000000,,,,0.000000,4.000000,4.000000,4.000000,4.000000,4.000000,4.000000,4.000000,4.000000,4.000000,4.000000,4.000000,4.000000,4.000000,4.000000,100.000000,,,,,,,,,,,,,,,,,1.618922,0.546448,0.988177,0.833090,1.002094,1.167726,0.529435,0.997278,0.806168,0.756230,2.636050,0.373462,1.304314,0.614913,0.842457,1.989498,0.528775,1.041430,0.760826,0.706212,0.494932,0.366712,0.487159,0.408772,0.451482,0.358097,0.471977,0.373893,0.310943,0.546152,0.668120,0.275236,1.156669,0.581637,0.675405,1.689137,1.174609,2.695115,0.900288,0.799719,0.694587,0.698032,1.661359,0.691040,0.844811,0.802928,0.432958,1.549931,1.053763,0.898271,8.739260,1.313033,2.481333,1.204635,1.397874,1.007150,1.128417,2.414947,1.025870,1.233927,1.316925,0.630313,1.750611,0.903410,1.179379,1.869217,0.858791,2.153668,0.769994,1.196817
1676060267.518154,1676060267.519115,31.000000,0.000000,4297.436035,4332.948730,4310.512695,4340.769043,4318.333496,4310.128418,4311.025879,4321.538574,4305.512695,4287.051270,4485.384766,4513.077148,4375.128418,4420.128418,0.000000,4.000000,85.000000,,,,0.000000,4.000000,4.000000,4.000000,4.000000,4.000000,4.000000,4.000000,4.000000,4.000000,4.000000,4.000000,4.000000,4.000000,4.000000,100.000000,,,,,,,,,,,,,,,,,,,,,,,,,,,,,,,,,,,,,,,,,,,,,,,,,,,,,,,,,,,,,,,,,,,,,,,,,,,,,,,,,,,,,,
1676060267.525962,1676060267.526823,32.000000,0.000000,4288.589844,4317.436035,4298.589844,4327.179688,4309.615234,4298.461426,4299.102539,4310.256348,4296.538574,4275.641113,4471.922852,4495.128418,4358.205078,4398.461426,0.000000,4.000000,85.000000,,,,0.000000,4.000000,4.000000,4.000000,4.000000,4.000000,4.000000,4.000000,4.000000,4.000000,4.000000,4.000000,4.000000,4.000000,4.000000,100.000000,,,,,,,,,,,,,,,,,,,,,,,,,,,,,,,,,,,,,,,,,,,,,,,,,,,,,,,,,,,,,,,,,,,,,,,,,,,,,,,,,,,,,,
1676060267.533770,1676060267.534632,33.000000,0.000000,4269.871582,4300.512695,4287.820313,4310.641113,4305.256348,4288.589844,4287.307617,4299.358887,4289.743652,4270.641113,4453.974121,4480.897461,4345.256348,4387.436035,0.000000,4.000000,85.000000,,,,0.000000,4.000000,4.000000,4.000000,4.000000,4.000000,4.000000,4.000000,4.000000,4.000000,4.000000,4.000000,4.000000,4.000000,4.000000,100.000000,,,,,,,,,,,,,,,,,,,,,,,,,,,,,,,,,,,,,,,,,,,,,,,,,,,,,,,,,,,,,,,,,,,,,,,,,,,,,,,,,,,,,,
1676060267.541579,1676060267.542340,34.000000,0.000000,4285.384766,4329.743652,4303.077148,4330.769043,4325.256348,4306.538574,4304.102539,4318.589844,4309.487305,4283.717773,4473.461426,4505.256348,4365.897461,4414.358887,0.000000,4.000000,85.000000,,,,0.000000,4.000000,4.000000,4.000000,4.000000,4.000000,4.000000,4.000000,4.000000,4.000000,4.000000,4.000000,4.000000,4.000000,4.000000,100.000000,,,,,,,,,,,,,,,,,,,,,,,,,,,,,,,,,,,,,,,,,,,,,,,,,,,,,,,,,,,,,,,,,,,,,,,,,,,,,,,,,,,,,,
1676060267.549387,1676060267.550248,35.000000,0.000000,4291.025879,4348.333496,4298.589844,4337.563965,4327.307617,4309.743652,4300.769043,4311.025879,4306.666504,4274.230957,4464.358887,4495.897461,4355.384766,4406.025879,0.000000,4.000000,85.000000,,,,0.000000,4.000000,4.000000,4.000000,4.000000,4.000000,4.000000,4.000000,4.000000,4.000000,4.000000,4.000000,4.000000,4.000000,4.000000,100.000000,,,,,,,,,,,,,,,,,,,,,,,,,,,,,,,,,,,,,,,,,,,,,,,,,,,,,,,,,,,,,,,,,,,,,,,,,,,,,,,,,,,,,,
1676060267.557196,1676060267.558057,36.000000,0.000000,4265.000000,4331.410156,4274.230957,4312.563965,4306.922852,4289.615234,4275.128418,4278.974121,4279.615234,4257.179688,4420.384766,4455.128418,4316.666504,4363.333496,0.000000,4.000000,85.000000,,,,0.000000,4.000000,4.000000,4.000000,4.000000,4.000000,4.000000,4.000000,4.000000,4.000000,4.000000,4.000000,4.000000,4.000000,4.000000,100.000000,,,,,,,,,,,,,,,,,,,,,,,,,,,,,,,,,,,,,,,,,,,,,,,,,,,,,,,,,,,,,,,,,,,,,,,,,,,,,,,,,,,,,,
1676060267.565004,1676060267.565865,37.000000,0.000000,4261.282227,4338.333496,4271.410156,4314.358887,4303.717773,4287.436035,4273.974121,4281.025879,4274.358887,4264.871582,4416.666504,4454.230957,4313.589844,4363.974121,0.000000,4.000000,85.000000,,,,0.000000,4.000000,4.000000,4.000000,4.000000,4.000000,4.000000,4.000000,4.000000,4.000000,4.000000,4.000000,4.000000,4.000000,4.000000,100.000000,,,,,,,,,,,,,,,,,,,,,,,,,,,,,,,,,,,,,,,,,,,,,,,,,,,,,,,,,,,,,,,,,,,,,,,,,,,,,,,,,,,,,,
1676060267.572812,1676060267.573574,38.000000,0.000000,4279.102539,4370.641113,4283.333496,4338.333496,4315.641113,4296.410156,4287.436035,4296.025879,4286.666504,4268.333496,4437.692383,4472.692383,4327.179688,4384.743652,0.000000,4.000000,85.000000,,,,0.000000,4.000000,4.000000,4.000000,4.000000,4.000000,4.000000,4.000000,4.000000,4.000000,4.000000,4.000000,4.000000,4.000000,4.000000,100.000000,,,,,,,,,,,,,,,,,,,,,,,,,,,,,,,,,,,,,,,,,,,,,,,,,,,,,,,,,,,,,,,,,,,,,,,,,,,,,,,,,,,,,,
1676060267.580621,1676060267.581382,39.000000,0.000000,4267.436035,4365.897461,4275.256348,4328.717773,4307.179688,4287.179688,4272.563965,4276.922852,4276.025879,4246.538574,4409.871582,4451.282227,4300.000000,4360.641113,0.000000,4.000000,85.000000,,,,0.000000,4.000000,4.000000,4.000000,4.000000,4.000000,4.000000,4.000000,4.000000,4.000000,4.000000,4.000000,4.000000,4.000000,4.000000,100.000000,,,,,,,,,,,,,,,,,,,,,,,,,,,,,,,,,,,,,,,,,,,,,,,,,,,,,,,,,,,,,,,,,,,,,,,,,,,,,,,,,,,,,,
1676060267.588429,1676060267.589091,40.000000,0.000000,4258.205078,4354.230957,4270.641113,4317.948730,4299.615234,4281.025879,4264.102539,4270.000000,4268.077148,4246.666504,4386.410156,4440.641113,4277.820313,4346.922852,0.000000,4.000000,85.000000,,,,0.000000,4.000000,4.000000,4.000000,4.000000,4.000000,4.000000,4.000000,4.000000,4.000000,4.000000,4.000000,4.000000,4.000000,4.000000,100.000000,,,,,,,,,,,,,,,,,,,,,,,,,,,,,,,,,,,,,,,,,,,,,,,,,,,,,,,,,,,,,,,,,,,,,,,,,,,,,,,,,,,,,,
1676060267.596237,1676060267.596899,41.000000,0.000000,4291.025879,4388.461426,4297.692383,4347.563965,4319.743652,4297.179688,4293.333496,4304.358887,4294.102539,4279.743652,4425.897461,4482.692383,4310.897461,4391.153809,0.000000,4.000000,85.000000,,,,0.000000,4.000000,4.000000,4.000000,4.000000,4.000000,4.000000,4.000000,4.000000,4.000000,4.000000,4.000000,4.000000,4.000000,4.000000,100.000000,,,,,,,,,,,,,,,,,,,,,,,,,,,,,,,,,,,,,,,,,,,,,,,,,,,,,,,,,,,,,,,,,,,,,,,,,,,,,,,,,,,,,,
1676060267.604046,1676060267.604608,42.000000,0.000000,4295.128418,4397.051270,4306.410156,4353.974121,4325.000000,4297.692383,4299.743652,4309.358887,4298.077148,4281.025879,4436.922852,4493.205078,4321.538574,4401.666504,0.000000,4.000000,85.000000,,,,0.000000,4.000000,4.000000,4.000000,4.000000,4.000000,4.000000,4.000000,4.000000,4.000000,4.000000,4.000000,4.000000,4.000000,4.000000,100.000000,,,,,,,,,,,,,,,,,,,,,,,,,,,,,,,,,,,,,,,,,,,,,,,,,,,,,,,,,,,,,,,,,,,,,,,,,,,,,,,,,,,,,,
1676060267.611854,1676060267.612516,43.000000,0.000000,4269.871582,4364.358887,4290.897461,4330.128418,4308.717773,4282.692383,4278.461426,4287.051270,4275.512695,4251.794922,4403.589844,4466.153809,4292.948730,4371.025879,0.000000,4.000000,85.000000,,,,0.000000,4.000000,4.000000,4.000000,4.000000,4.000000,4.000000,4.000000,4.000000,4.000000,4.000000,4.000000,4.000000,4.000000,4.000000,100.000000,,,,,,,,,,,,,,,,,,,,,,,,,,,,,,,,,,,,,,,,,,,,,,,,,,,,,,,,,,,,,,,,,,,,,,,,,,,,,,,,,,,,,,
1676060267.619662,1676060267.620325,44.000000,0.000000,4286.153809,4368.717773,4296.794922,4336.922852,4313.333496,4288.461426,4281.794922,4293.333496,4283.974121,4249.358887,4408.333496,4472.051270,4299.487305,4382.820313,0.000000,4.000000,85.000000,,,,0.000000,4.000000,4.000000,4.000000,4.000000,4.000000,4.000000,4.000000,4.000000,4.000000,4.000000,4.000000,4.000000,4.000000,4.000000,100.000000,,,,,,,,,,,,,,,,,,,,,,,,,,,,,,,,,,,,,,,,,,,,,,,,,,,,,,,,,,,,,,,,,,,,,,,,,,,,,,,,,,,,,,
1676060267.627471,1676060267.628233,45.000000,0.000000,4290.897461,4372.948730,4292.820313,4341.282227,4314.358887,4291.282227,4279.615234,4289.615234,4289.615234,4254.487305,4413.333496,4470.384766,4305.897461,4388.077148,0.000000,4.000000,85.000000,,,,0.000000,4.000000,4.000000,4.000000,4.000000,4.000000,4.000000,4.000000,4.000000,4.000000,4.000000,4.000000,4.000000,4.000000,4.000000,100.000000,,,,,,,,,,,,,,,,,,,,,,,,,,,,,,,,,,,,,,,,,,,,,,,,,,,,,,,,,,,,,,,,,,,,,,,,,,,,,,,,,,,,,,
1676060267.635279,1676060267.636041,46.000000,0.000000,4263.077148,4346.794922,4267.692383,4320.769043,4294.615234,4276.282227,4259.102539,4263.589844,4263.333496,4247.436035,4388.589844,4440.384766,4283.717773,4358.461426,0.000000,4.000000,85.000000,,,,0.000000,4.000000,4.000000,4.000000,4.000000,4.000000,4.000000,4.000000,4.000000,4.000000,4.000000,4.000000,4.000000,4.000000,4.000000,100.000000,,,,,,,,,,,,,,,,,1.524133,0.447984,1.102405,0.762437,0.923510,1.195945,0.646792,1.112056,0.750016,0.689865,2.409196,0.356116,1.400569,0.596711,0.758916,2.089845,0.633139,1.147305,0.667127,0.645076,0.534104,0.418945,0.501309,0.375842,0.418971,0.350254,0.488771,0.377152,0.291620,0.515567,0.612679,0.268225,1.223600,0.538470,0.641724,1.510945,0.932739,2.720732,0.774212,0.778432,0.706301,0.579477,1.793168,0.596950,0.753748,0.687845,0.397122,1.606597,0.921614,0.854655,8.180572,1.260240,2.693982,1.118439,1.211529,1.047796,1.018903,2.596115,0.899236,1.126784,1.193049,0.620071,1.895756,0.848943,1.058963,1.655428,0.697023,2.316552,0.716281,1.084510
1676060267.643088,1676060267.643950,47.000000,0.000000,4273.974121,4354.102539,4276.922852,4328.461426,4303.846191,4283.717773,4272.307617,4271.794922,4266.666504,4260.384766,4396.025879,4446.410156,4291.282227,4363.077148,0.000000,4.000000,85.000000,,,,0.000000,4.000000,4.000000,4.000000,4.000000,4.000000,4.000000,4.000000,4.000000,4.000000,4.000000,4.000000,4.000000,4.000000,4.000000,100.000000,,,,,,,,,,,,,,,,,,,,,,,,,,,,,,,,,,,,,,,,,,,,,,,,,,,,,,,,,,,,,,,,,,,,,,,,,,,,,,,,,,,,,,
1676060267.650896,1676060267.651758,48.000000,0.000000,4294.358887,4369.358887,4298.077148,4343.333496,4322.307617,4300.128418,4290.769043,4293.205078,4288.589844,4274.102539,4415.128418,4465.897461,4308.846191,4380.384766,0.000000,4.000000,85.000000,,,,0.000000,4.000000,4.000000,4.000000,4.000000,4.000000,4.000000,4.000000,4.000000,4.000000,4.000000,4.000000,4.000000,4.000000,4.000000,100.000000,,,,,,,,,,,,,,,,,,,,,,,,,,,,,,,,,,,,,,,,,,,,,,,,,,,,,,,,,,,,,,,,,,,,,,,,,,,,,,,,,,,,,,
1676060267.658704,1676060267.659667,49.000000,0.000000,4285.384766,4348.333496,4290.769043,4329.230957,4312.436035,4295.769043,4280.000000,4285.000000,4279.230957,4263.461426,4416.282227,4464.615234,4315.512695,4385.641113,0.000000,4.000000,85.000000,,,,0.000000,4.000000,4.000000,4.000000,4.000000,4.000000,4.000000,4.000000,4.000000,4.000000,4.000000,4.000000,4.000000,4.000000,4.000000,100.000000,,,,,,,,,,,,,,,,,,,,,,,,,,,,,,,,,,,,,,,,,,,,,,,,,,,,,,,,,,,,,,,,,,,,,,,,,,,,,,,,,,,,,,
1676060267.666513,1676060267.667475,50.000000,0.000000,4293.077148,4342.307617,4292.820313,4327.563965,4311.666504,4293.589844,4283.333496,4288.077148,4279.102539,4265.000000,4441.794922,4478.333496,4345.384766,4413.846191,0.000000,4.000000,85.000000,,,,0.000000,4.000000,4.000000,4.000000,4.000000,4.000000,4.000000,4.000000,4.000000,4.000000,4.000000,4.000000,4.000000,4.000000,4.000000,100.000000,,,,,,,,,,,,,,,,,,,,,,,,,,,,,,,,,,,,,,,,,,,,,,,,,,,,,,,,,,,,,,,,,,,,,,,,,,,,,,,,,,,,,,
1676060267.674321,1676060267.675283,51.000000,0.000000,4312.307617,4359.102539,4311.666504,4342.307617,4327.051270,4301.922852,4302.436035,4312.692383,4305.000000,4286.922852,4470.128418,4498.589844,4370.641113,4436.282227,0.000000,4.000000,85.000000,,,,0.000000,4.000000,4.000000,4.000000,4.000000,4.000000,4.000000,4.000000,4.000000,4.000000,4.000000,4.000000,4.000000,4.000000,4.000000,100.000000,,,,,,,,,,,,,,,,,,,,,,,,,,,,,,,,,,,,,,,,,,,,,,,,,,,,,,,,,,,,,,,,,,,,,,,,,,,,,,,,,,,,,,
1676060267.682130,1676060267.683092,52.000000,0.000000,4306.025879,4351.153809,4312.436035,4335.769043,4321.794922,4298.205078,4299.358887,4315.769043,4313.205078,4292.820313,4462.307617,4501.410156,4361.025879,4419.102539,0.000000,4.000000,85.000000,,,,0.000000,4.000000,4.000000,4.000000,4.000000,4.000000,4.000000,4.000000,4.000000,4.000000,4.000000,4.000000,4.000000,4.000000,4.000000,100.000000,,,,,,,,,,,,,,,,,,,,,,,,,,,,,,,,,,,,,,,,,,,,,,,,,,,,,,,,,,,,,,,,,,,,,,,,,,,,,,,,,,,,,,
1676060267.689938,1676060267.690800,53.000000,0.000000,4299.871582,4340.256348,4305.769043,4327.563965,4312.179688,4295.000000,4293.589844,4308.589844,4303.846191,4290.128418,4456.282227,4501.282227,4356.282227,4409.487305,0.000000,4.000000,85.000000,,,,0.000000,4.000000,4.000000,4.000000,4.000000,4.000000,4.000000,4.000000,4.000000,4.000000,4.000000,4.000000,4.000000,4.000000,4.000000,100.000000,,,,,,,,,,,,,,,,,,,,,,,,,,,,,,,,,,,,,,,,,,,,,,,,,,,,,,,,,,,,,,,,,,,,,,,,,,,,,,,,,,,,,,
1676060267.697746,1676060267.698609,54.000000,0.000000,4308.589844,4349.102539,4312.436035,4335.512695,4318.461426,4300.769043,4299.615234,4314.871582,4302.179688,4291.410156,4469.743652,4505.897461,4367.179688,4425.256348,0.000000,4.000000,85.000000,,,,0.000000,4.000000,4.000000,4.000000,4.000000,4.000000,4.000000,4.000000,4.000000,4.000000,4.000000,4.000000,4.000000,4.000000,4.000000,100.000000,,,,,,,,,,,,,,,,,,,,,,,,,,,,,,,,,,,,,,,,,,,,,,,,,,,,,,,,,,,,,,,,,,,,,,,,,,,,,,,,,,,,,,
1676060267.705555,1676060267.706317,55.000000,0.000000,4295.000000,4335.256348,4300.384766,4321.410156,4311.153809,4294.487305,4285.256348,4301.794922,4288.205078,4263.589844,4454.102539,4486.153809,4352.820313,4413.974121,0.000000,4.000000,85.000000,,,,0.000000,4.000000,4.000000,4.000000,4.000000,4.000000,4.000000,4.000000,4.000000,4.000000,4.000000,4.000000,4.000000,4.000000,4.000000,100.000000,,,,,,,,,,,,,,,,,,,,,,,,,,,,,,,,,,,,,,,,,,,,,,,,,,,,,,,,,,,,,,,,,,,,,,,,,,,,,,,,,,,,,,
1676060267.713363,1676060267.714126,56.000000,0.000000,4272.820313,4311.538574,4278.077148,4300.512695,4302.307617,4288.333496,4271.666504,4276.922852,4271.153809,4240.512695,4423.077148,4458.717773,4328.333496,4387.563965,0.000000,4.000000,85.000000,,,,0.000000,4.000000,4.000000,4.000000,4.000000,4.000000,4.000000,4.000000,4.000000,4.000000,4.000000,4.000000,4.000000,4.000000,4.000000,100.000000,,,,,,,,,,,,,,,,,,,,,,,,,,,,,,,,,,,,,,,,,,,,,,,,,,,,,,,,,,,,,,,,,,,,,,,,,,,,,,,,,,,,,,
1676060267.721172,1676060267.721834,57.000000,0.000000,4288.333496,4326.025879,4291.666504,4316.410156,4318.077148,4303.333496,4292.820313,4293.461426,4294.358887,4275.769043,4436.153809,4473.461426,4341.025879,4400.769043,0.000000,4.000000,85.000000,,,,0.000000,4.000000,4.000000,4.000000,4.000000,4.000000,4.000000,4.000000,4.000000,4.000000,4.000000,4.000000,4.000000,4.000000,4.000000,100.000000,,,,,,,,,,,,,,,,,,,,,,,,,,,,,,,,,,,,,,,,,,,,,,,,,,,,,,,,,,,,,,,,,,,,,,,,,,,,,,,,,,,,,,
1676060267.728980,1676060267.729643,58.000000,0.000000,4315.512695,4347.307617,4314.743652,4337.820313,4331.666504,4316.282227,4307.948730,4321.794922,4321.922852,4304.487305,4464.230957,4503.461426,4371.025879,4431.922852,0.000000,4.000000,85.000000,,,,0.000000,4.000000,4.000000,4.000000,4.000000,4.000000,4.000000,4.000000,4.000000,4.000000,4.000000,4.000000,4.000000,4.000000,4.000000,100.000000,,,,,,,,,,,,,,,,,,,,,,,,,,,,,,,,,,,,,,,,,,,,,,,,,,,,,,,,,,,,,,,,,,,,,,,,,,,,,,,,,,,,,,
1676060267.736788,1676060267.737351,59.000000,0.000000,4305.000000,4333.205078,4303.974121,4324.487305,4322.948730,4307.692383,4292.820313,4303.846191,4303.974121,4280.256348,4453.846191,4493.461426,4365.128418,4425.769043,0.000000,4.000000,85.000000,,,,0.000000,4.000000,4.000000,4.000000,4.000000,4.000000,4.000000,4.000000,4.000000,4.000000,4.000000,4.000000,4.000000,4.000000,4.000000,100.000000,,,,,,,,,,,,,,,,,,,,,,,,,,,,,,,,,,,,,,,,,,,,,,,,,,,,,,,,,,,,,,,,,,,,,,,,,,,,,,,,,,,,,,
1676060267.744597,1676060267.745160,60.000000,0.000000,4292.179688,4324.487305,4297.179688,4313.205078,4318.077148,4299.615234,4289.743652,4287.436035,4288.205078,4271.025879,4444.743652,4479.743652,4355.512695,4415.000000,0.000000,4.000000,85.000000,,,,0.000000,4.000000,4.000000,4.000000,4.000000,4.000000,4.000000,4.000000,4.000000,4.000000,4.000000,4.000000,4.000000,4.000000,4.000000,100.000000,,,,,,,,,,,,,,,,,,,,,,,,,,,,,,,,,,,,,,,,,,,,,,,,,,,,,,,,,,,,,,,,,,,,,,,,,,,,,,,,,,,,,,
1676060267.752405,1676060267.752868,61.000000,0.000000,4303.589844,4329.358887,4306.922852,4319.230957,4317.820313,4300.641113,4298.717773,4302.307617,4299.615234,4282.307617,4459.230957,4489.358887,4368.461426,4426.666504,0.000000,4.000000,85.000000,,,,0.000000,4.000000,4.000000,4.000000,4.000000,4.000000,4.000000,4.000000,4.000000,4.000000,4.000000,4.000000,4.000000,4.000000,4.000000,100.000000,,,,,,,,,,,,,,,,,,,,,,,,,,,,,,,,,,,,,,,,,,,,,,,,,,,,,,,,,,,,,,,,,,,,,,,,,,,,,,,,,,,,,,
1676060267.760214,1676060267.760677,62.000000,0.000000,4290.256348,4302.051270,4284.358887,4298.974121,4299.871582,4290.256348,4279.487305,4290.384766,4283.846191,4258.333496,4436.666504,4465.897461,4347.436035,4403.461426,0.000000,4.000000,85.000000,,,,0.000000,4.000000,4.000000,4.000000,4.000000,4.000000,4.000000,4.000000,4.000000,4.000000,4.000000,4.000000,4.000000,4.000000,4.000000,100.000000,,,,,,,,,,,,,,,,,1.578496,0.419285,1.216057,0.742060,0.902468,1.372027,0.810160,1.219939,0.729440,0.680821,2.222842,0.393474,1.411451,0.614635,0.724007,2.379264,0.750686,1.192953,0.612394,0.640733,0.555768,0.486904,0.506674,0.349560,0.417059,0.331154,0.484259,0.360351,0.280623,0.491568,0.548376,0.274044,1.273353,0.506677,0.637672,1.357469,0.723149,2.568424,0.664308,0.783008,0.724378,0.481884,1.818987,0.531542,0.712686,0.619071,0.393101,1.520947,0.821899,0.900615,7.605771,1.423795,2.770651,1.060905,1.140776,1.407097,1.023721,2.563495,0.816944,1.104370,1.219087,0.676396,1.911565,0.844886,1.035013,1.556233,0.585935,2.309023,0.701810,1.065255
1676060267.768022,1676060267.768385,63.000000,0.000000,4279.743652,4296.794922,4276.282227,4292.179688,4300.384766,4288.077148,4275.000000,4280.128418,4273.717773,4258.974121,4421.538574,4451.153809,4332.820313,4384.487305,0.000000,4.000000,85.000000,,,,0.000000,4.000000,4.000000,4.000000,4.000000,4.000000,4.000000,4.000000,4.000000,4.000000,4.000000,4.000000,4.000000,4.000000,4.000000,100.000000,,,,,,,,,,,,,,,,,,,,,,,,,,,,,,,,,,,,,,,,,,,,,,,,,,,,,,,,,,,,,,,,,,,,,,,,,,,,,,,,,,,,,,
1676060267.775830,1676060267.776194,64.000000,0.000000,4301.538574,4324.871582,4310.384766,4313.846191,4318.846191,4303.589844,4302.692383,4307.179688,4301.282227,4293.077148,4459.358887,4485.128418,4366.922852,4417.436035,2508.000000,4.000000,85.000000,,,,0.000000,4.000000,4.000000,4.000000,4.000000,4.000000,4.000000,4.000000,4.000000,4.000000,4.000000,4.000000,4.000000,4.000000,4.000000,100.000000,,,,,,,,,,,,,,,,,,,,,,,,,,,,,,,,,,,,,,,,,,,,,,,,,,,,,,,,,,,,,,,,,,,,,,,,,,,,,,,,,,,,,,
1676060267.783639,1676060267.783902,65.000000,0.000000,4312.051270,4318.846191,4319.487305,4312.692383,4317.820313,4314.743652,4309.230957,4319.743652,4311.153809,4294.487305,4481.922852,4498.974121,4391.538574,4444.358887,2474.000000,4.000000,85.000000,,,,0.000000,4.000000,4.000000,4.000000,4.000000,4.000000,4.000000,4.000000,4.000000,4.000000,4.000000,4.000000,4.000000,4.000000,4.000000,100.000000,,,,,,,,,,,,,,,,,,,,,,,,,,,,,,,,,,,,,,,,,,,,,,,,,,,,,,,,,,,,,,,,,,,,,,,,,,,,,,,,,,,,,,
1676060267.791447,1676060267.791711,66.000000,0.000000,4317.436035,4312.948730,4310.000000,4311.410156,4317.563965,4313.333496,4298.461426,4312.692383,4306.794922,4285.769043,4477.307617,4494.102539,4393.974121,4448.974121,2391.000000,4.000000,85.000000,,,,0.000000,4.000000,4.000000,4.000000,4.000000,4.000000,4.000000,4.000000,4.000000,4.000000,4.000000,4.000000,4.000000,4.000000,4.000000,100.000000,,,,,,,,,,,,,,,,,,,,,,,,,,,,,,,,,,,,,,,,,,,,,,,,,,,,,,,,,,,,,,,,,,,,,,,,,,,,,,,,,,,,,,
1676060267.799255,1676060267.799419,67.000000,0.000000,4322.948730,4325.384766,4311.666504,4317.179688,4320.256348,4294.871582,4290.128418,4306.666504,4303.333496,4275.897461,4466.538574,4493.974121,4384.615234,4445.897461,2469.000000,4.000000,85.000000,,,,0.000000,4.000000,4.000000,4.000000,4.000000,4.000000,4.000000,4.000000,4.000000,4.000000,4.000000,4.000000,4.000000,4.000000,4.000000,100.000000,,,,,,,,,,,,,,,,,,,,,,,,,,,,,,,,,,,,,,,,,,,,,,,,,,,,,,,,,,,,,,,,,,,,,,,,,,,,,,,,,,,,,,
1676060267.807064,1676060267.807328,68.000000,0.000000,4306.282227,4303.205078,4299.615234,4295.641113,4301.538574,4280.000000,4276.666504,4291.153809,4280.000000,4252.820313,4437.948730,4471.410156,4355.256348,4422.692383,2434.000000,4.000000,85.000000,,,,0.000000,4.000000,4.000000,4.000000,4.000000,4.000000,4.000000,4.000000,4.000000,4.000000,4.000000,4.000000,4.000000,4.000000,4.000000,100.000000,,,,,,,,,,,,,,,,,,,,,,,,,,,,,,,,,,,,,,,,,,,,,,,,,,,,,,,,,,,,,,,,,,,,,,,,,,,,,,,,,,,,,,
1676060267.814872,1676060267.815136,69.000000,0.000000,4301.410156,4291.410156,4294.230957,4290.769043,4297.948730,4298.077148,4283.333496,4293.717773,4280.384766,4264.230957,4431.025879,4465.000000,4349.615234,4413.846191,2381.000000,4.000000,85.000000,,,,0.000000,4.000000,4.000000,4.000000,4.000000,4.000000,4.000000,4.000000,4.000000,4.000000,4.000000,4.000000,4.000000,4.000000,4.000000,100.000000,,,,,,,,,,,,,,,,,,,,,,,,,,,,,,,,,,,,,,,,,,,,,,,,,,,,,,,,,,,,,,,,,,,,,,,,,,,,,,,,,,,,,,
1676060267.822680,1676060267.823045,70.000000,0.000000,4339.487305,4345.384766,4332.820313,4339.743652,4331.922852,4328.077148,4316.025879,4329.615234,4324.487305,4309.487305,4473.461426,4510.897461,4389.743652,4456.410156,2231.000000,4.000000,85.000000,,,,0.000000,4.000000,4.000000,4.000000,4.000000,4.000000,4.000000,4.000000,4.000000,4.000000,4.000000,4.000000,4.000000,4.000000,4.000000,100.000000,,,,,,,,,,,,,,,,,,,,,,,,,,,,,,,,,,,,,,,,,,,,,,,,,,,,,,,,,,,,,,,,,,,,,,,,,,,,,,,,,,,,,,
1676060267.830489,1676060267.830853,71.000000,0.000000,4348.077148,4362.307617,4341.153809,4345.769043,4333.333496,4314.358887,4310.769043,4330.000000,4325.897461,4306.025879,4476.666504,4512.820313,4387.948730,4467.436035,2226.000000,4.000000,85.000000,,,,0.000000,4.000000,4.000000,4.000000,4.000000,4.000000,4.000000,4.000000,4.000000,4.000000,4.000000,4.000000,4.000000,4.000000,4.000000,100.000000,,,,,,,,,,,,,,,,,,,,,,,,,,,,,,,,,,,,,,,,,,,,,,,,,,,,,,,,,,,,,,,,,,,,,,,,,,,,,,,,,,,,,,
1676060267.838297,1676060267.838761,72.000000,0.000000,4305.000000,4311.794922,4293.205078,4293.717773,4293.974121,4277.307617,4270.769043,4290.256348,4278.205078,4259.871582,4418.333496,4452.179688,4332.436035,4412.563965,2281.000000,4.000000,85.000000,,,,0.000000,4.000000,4.000000,4.000000,4.000000,4.000000,4.000000,4.000000,4.000000,4.000000,4.000000,4.000000,4.000000,4.000000,4.000000,100.000000,,,,,,,,,,,,,,,,,,,,,,,,,,,,,,,,,,,,,,,,,,,,,,,,,,,,,,,,,,,,,,,,,,,,,,,,,,,,,,,,,,,,,,
1676060267.846106,1676060267.846570,73.000000,0.000000,4298.461426,4312.820313,4287.948730,4293.589844,4290.128418,4282.307617,4273.461426,4287.948730,4274.743652,4257.948730,4410.000000,4449.358887,4328.205078,4400.897461,2254.000000,4.000000,85.000000,,,,0.000000,4.000000,4.000000,4.000000,4.000000,4.000000,4.000000,4.000000,4.000000,4.000000,4.000000,4.000000,4.000000,4.000000,4.000000,100.000000,,,,,,,,,,,,,,,,,,,,,,,,,,,,,,,,,,,,,,,,,,,,,,,,,,,,,,,,,,,,,,,,,,,,,,,,,,,,,,,,,,,,,,
1676060267.853914,1676060267.854478,74.000000,0.000000,4321.153809,4348.077148,4313.846191,4321.794922,4307.051270,4301.666504,4291.410156,4303.974121,4295.769043,4276.666504,4436.666504,4479.358887,4354.230957,4432.179688,2733.000000,4.000000,85.000000,,,,0.000000,4.000000,4.000000,4.000000,4.000000,4.000000,4.000000,4.000000,4.000000,4.000000,4.000000,4.000000,4.000000,4.000000,4.000000,100.000000,,,,,,,,,,,,,,,,,,,,,,,,,,,,,,,,,,,,,,,,,,,,,,,,,,,,,,,,,,,,,,,,,,,,,,,,,,,,,,,,,,,,,,
1676060267.861722,1676060267.862287,75.000000,0.000000,4317.307617,4342.307617,4303.461426,4311.794922,4302.948730,4294.487305,4280.000000,4295.256348,4288.974121,4272.051270,4425.769043,4463.589844,4341.153809,4428.333496,2912.000000,4.000000,85.000000,,,,0.000000,4.000000,4.000000,4.000000,4.000000,4.000000,4.000000,4.000000,4.000000,4.000000,4.000000,4.000000,4.000000,4.000000,4.000000,100.000000,,,,,,,,,,,,,,,,,,,,,,,,,,,,,,,,,,,,,,,,,,,,,,,,,,,,,,,,,,,,,,,,,,,,,,,,,,,,,,,,,,,,,,
1676060267.869531,1676060267.870195,76.000000,0.000000,4314.358887,4340.769043,4297.820313,4309.230957,4305.000000,4295.897461,4282.307617,4297.179688,4289.743652,4272.820313,4417.948730,4460.256348,4331.282227,4417.179688,3124.000000,4.000000,85.000000,,,,0.000000,4.000000,4.000000,4.000000,4.000000,4.000000,4.000000,4.000000,4.000000,4.000000,4.000000,4.000000,4.000000,4.000000,4.000000,100.000000,,,,,,,,,,,,,,,,,,,,,,,,,,,,,,,,,,,,,,,,,,,,,,,,,,,,,,,,,,,,,,,,,,,,,,,,,,,,,,,,,,,,,,
1676060267.877339,1676060267.878003,77.000000,0.000000,4327.692383,4361.538574,4320.000000,4332.820313,4320.384766,4312.436035,4304.487305,4317.051270,4306.282227,4289.615234,4436.025879,4489.102539,4347.563965,4430.897461,3236.000000,4.000000,85.000000,,,,0.000000,4.000000,4.000000,4.000000,4.000000,4.000000,4.000000,4.000000,4.000000,4.000000,4.000000,4.000000,4.000000,4.000000,4.000000,100.000000,,,,,,,,,,,,,,,,,,,,,,,,,,,,,,,,,,,,,,,,,,,,,,,,,,,,,,,,,,,,,,,,,,,,,,,,,,,,,,,,,,,,,,
1676060267.885147,1676060267.885712,78.000000,0.000000,4321.922852,4354.743652,4316.794922,4327.307617,4313.974121,4305.000000,4296.666504,4307.051270,4295.256348,4279.358887,4426.153809,4481.922852,4337.436035,4427.307617,2733.000000,4.000000,85.000000,,,,0.000000,4.000000,4.000000,4.000000,4.000000,4.000000,4.000000,4.000000,4.000000,4.000000,4.000000,4.000000,4.000000,4.000000,4.000000,100.000000,1.000000,25.000000,3.000000,4.000000,1.000000,4.000000,4.000000,4.000000,3.000000,4.000000,4.000000,1.000000,3.000000,1.000000,3.000000,3.000000,1.759629,0.491338,1.407022,0.804322,0.958234,1.694749,0.945778,1.360270,0.772494,0.749704,2.053486,0.502177,1.433290,0.685248,0.762084,2.712025,0.844840,1.228540,0.626985,0.712446,0.544725,0.534913,0.539863,0.349169,0.458483,0.303498,0.450579,0.333666,0.286386,0.494869,0.502321,0.290140,1.343602,0.504891,0.675495,1.243321,0.643355,2.373750,0.599394,0.830921,0.762193,0.453790,1.822769,0.507397,0.745325,0.650301,0.466977,1.354420,0.763132,1.043857,7.406184,1.878869,2.856819,1.051003,1.228018,1.947469,1.285643,2.503853,0.813338,1.181747,1.642847,0.885525,1.921299,0.896589,1.136728,1.697617,0.626140,2.296185,0.745147,1.158151
1676060267.892956,1676060267.893520,79.000000,0.000000,4310.128418,4338.717773,4304.102539,4309.230957,4303.589844,4296.922852,4281.794922,4287.820313,4273.846191,4248.333496,4402.948730,4460.256348,4317.436035,4412.307617,2912.000000,4.000000,85.000000,,,,0.000000,4.000000,4.000000,4.000000,4.000000,4.000000,4.000000,4.000000,4.000000,4.000000,4.000000,4.000000,4.000000,4.000000,4.000000,100.000000,,,,,,,,,,,,,,,,,,,,,,,,,,,,,,,,,,,,,,,,,,,,,,,,,,,,,,,,,,,,,,,,,,,,,,,,,,,,,,,,,,,,,,
1676060267.900764,1676060267.901229,80.000000,0.000000,4319.871582,4354.358887,4318.077148,4322.436035,4320.000000,4313.974121,4297.563965,4297.692383,4283.333496,4254.615234,4417.692383,4476.666504,4332.051270,4423.205078,3124.000000,4.000000,85.000000,,,,0.000000,4.000000,4.000000,4.000000,4.000000,4.000000,4.000000,4.000000,4.000000,4.000000,4.000000,4.000000,4.000000,4.000000,4.000000,100.000000,,,,,,,,,,,,,,,,,,,,,,,,,,,,,,,,,,,,,,,,,,,,,,,,,,,,,,,,,,,,,,,,,,,,,,,,,,,,,,,,,,,,,,
1676060267.908573,1676060267.909037,81.000000,0.000000,4323.846191,4358.589844,4319.230957,4325.384766,4322.948730,4312.820313,4302.820313,4305.256348,4293.333496,4275.641113,4427.051270,4483.461426,4340.512695,4424.615234,3236.000000,4.000000,85.000000,,,,0.000000,4.000000,4.000000,4.000000,4.000000,4.000000,4.000000,4.000000,4.000000,4.000000,4.000000,4.000000,4.000000,4.000000,4.000000,100.000000,,,,,,,,,,,,,,,,,,,,,,,,,,,,,,,,,,,,,,,,,,,,,,,,,,,,,,,,,,,,,,,,,,,,,,,,,,,,,,,,,,,,,,
1676060267.916381,1676060267.916746,82.000000,0.000000,4310.897461,4333.846191,4295.897461,4300.384766,4299.358887,4291.538574,4283.205078,4292.563965,4279.743652,4270.512695,4407.436035,4459.102539,4322.436035,4405.128418,2733.000000,4.000000,85.000000,,,,0.000000,4.000000,4.000000,4.000000,4.000000,4.000000,4.000000,4.000000,4.000000,4.000000,4.000000,4.000000,4.000000,4.000000,4.000000,100.000000,,,,,,,,,,,,,,,,,,,,,,,,,,,,,,,,,,,,,,,,,,,,,,,,,,,,,,,,,,,,,,,,,,,,,,,,,,,,,,,,,,,,,,
1676060267.924189,1676060267.924654,83.000000,0.000000,4308.077148,4330.128418,4291.922852,4298.461426,4294.743652,4288.077148,4279.743652,4289.871582,4277.051270,4261.410156,4402.563965,4453.974121,4320.128418,4405.897461,2912.000000,4.000000,85.000000,,,,0.000000,4.000000,4.000000,4.000000,4.000000,4.000000,4.000000,4.000000,4.000000,4.000000,4.000000,4.000000,4.000000,4.000000,4.000000,100.000000,,,,,,,,,,,,,,,,,,,,,,,,,,,,,,,,,,,,,,,,,,,,,,,,,,,,,,,,,,,,,,,,,,,,,,,,,,,,,,,,,,,,,,
1676060267.931998,1676060267.932463,84.000000,0.000000,4317.051270,4345.384766,4309.871582,4318.333496,4310.256348,4300.256348,4296.794922,4305.512695,4289.615234,4262.563965,4414.102539,4472.051270,4332.563965,4417.051270,3124.000000,4.000000,85.000000,,,,0.000000,4.000000,4.000000,4.000000,4.000000,4.000000,4.000000,4.000000,4.000000,4.000000,4.000000,4.000000,4.000000,4.000000,4.000000,100.000000,,,,,,,,,,,,,,,,,,,,,,,,,,,,,,,,,,,,,,,,,,,,,,,,,,,,,,,,,,,,,,,,,,,,,,,,,,,,,,,,,,,,,,
1676060267.939806,1676060267.940371,85.000000,0.000000,4322.051270,4349.615234,4322.563965,4321.025879,4317.051270,4308.205078,4307.563965,4316.025879,4299.743652,4271.922852,4420.256348,4483.205078,4337.436035,4415.897461,3236.000000,4.000000,85.000000,,,,0.000000,4.000000,4.000000,4.000000,4.000000,4.000000,4.000000,4.000000,4.000000,4.000000,4.000000,4.000000,4.000000,4.000000,4.000000,100.000000,,,,,,,,,,,,,,,,,,,,,,,,,,,,,,,,,,,,,,,,,,,,,,,,,,,,,,,,,,,,,,,,,,,,,,,,,,,,,,,,,,,,,,
1676060267.947615,1676060267.948180,86.000000,0.000000,4317.563965,4339.743652,4313.205078,4310.769043,4309.102539,4302.820313,4296.538574,4306.794922,4298.717773,4277.307617,4418.205078,4473.846191,4332.563965,4409.230957,2733.000000,4.000000,85.000000,,,,0.000000,4.000000,4.000000,4.000000,4.000000,4.000000,4.000000,4.000000,4.000000,4.000000,4.000000,4.000000,4.000000,4.000000,4.000000,100.000000,,,,,,,,,,,,,,,,,,,,,,,,,,,,,,,,,,,,,,,,,,,,,,,,,,,,,,,,,,,,,,,,,,,,,,,,,,,,,,,,,,,,,,
1676060267.955423,1676060267.956088,87.000000,0.000000,4307.436035,4322.436035,4298.333496,4302.563965,4300.256348,4296.282227,4282.051270,4292.948730,4288.589844,4269.230957,4414.615234,4459.871582,4328.461426,4405.897461,2912.000000,4.000000,85.000000,,,,0.000000,4.000000,4.000000,4.000000,4.000000,4.000000,4.000000,4.000000,4.000000,4.000000,4.000000,4.000000,4.000000,4.000000,4.000000,100.000000,,,,,,,,,,,,,,,,,,,,,,,,,,,,,,,,,,,,,,,,,,,,,,,,,,,,,,,,,,,,,,,,,,,,,,,,,,,,,,,,,,,,,,
1676060267.963231,1676060267.963896,88.000000,0.000000,4302.436035,4306.153809,4299.358887,4293.077148,4298.461426,4296.153809,4283.333496,4290.512695,4280.128418,4257.307617,4412.307617,4457.563965,4328.461426,4402.436035,3124.000000,4.000000,85.000000,,,,0.000000,4.000000,4.000000,4.000000,4.000000,4.000000,4.000000,4.000000,4.000000,4.000000,4.000000,4.000000,4.000000,4.000000,4.000000,100.000000,,,,,,,,,,,,,,,,,,,,,,,,,,,,,,,,,,,,,,,,,,,,,,,,,,,,,,,,,,,,,,,,,,,,,,,,,,,,,,,,,,,,,,
1676060267.971040,1676060267.971705,89.000000,0.000000,4318.077148,4320.000000,4316.794922,4302.820313,4311.410156,4297.820313,4294.358887,4303.974121,4292.563965,4268.846191,4428.974121,4476.410156,4349.102539,4415.256348,3236.000000,4.000000,85.000000,,,,0.000000,4.000000,4.000000,4.000000,4.000000,4.000000,4.000000,4.000000,4.000000,4.000000,4.000000,4.000000,4.000000,4.000000,4.000000,100.000000,,,,,,,,,,,,,,,,,,,,,,,,,,,,,,,,,,,,,,,,,,,,,,,,,,,,,,,,,,,,,,,,,,,,,,,,,,,,,,,,,,,,,,
1676060267.978848,1676060267.979413,90.000000,0.000000,4336.794922,4350.641113,4335.384766,4327.179688,4325.897461,4302.307617,4304.102539,4321.922852,4319.358887,4300.384766,4456.538574,4502.692383,4372.051270,4436.794922,2733.000000,4.000000,85.000000,,,,0.000000,4.000000,4.000000,4.000000,4.000000,4.000000,4.000000,4.000000,4.000000,4.000000,4.000000,4.000000,4.000000,4.000000,4.000000,100.000000,,,,,,,,,,,,,,,,,,,,,,,,,,,,,,,,,,,,,,,,,,,,,,,,,,,,,,,,,,,,,,,,,,,,,,,,,,,,,,,,,,,,,,
1676060267.986657,1676060267.987322,91.000000,0.000000,4315.256348,4332.051270,4322.179688,4311.794922,4310.256348,4299.615234,4294.615234,4312.948730,4308.717773,4292.051270,4441.153809,4480.384766,4344.487305,4417.436035,2912.000000,4.000000,85.000000,,,,0.000000,4.000000,4.000000,4.000000,4.000000,4.000000,4.000000,4.000000,4.000000,4.000000,4.000000,4.000000,4.000000,4.000000,4.000000,100.000000,,,,,,,,,,,,,,,,,,,,,,,,,,,,,,,,,,,,,,,,,,,,,,,,,,,,,,,,,,,,,,,,,,,,,,,,,,,,,,,,,,,,,,
1676060267.994465,1676060267.995130,92.000000,0.000000,4284.487305,4302.307617,4291.666504,4283.589844,4289.743652,4290.128418,4278.333496,4288.205078,4274.743652,4252.307617,4405.128418,4434.871582,4309.358887,4381.410156,3124.000000,4.000000,85.000000,,,,0.000000,4.000000,4.000000,4.000000,4.000000,4.000000,4.000000,4.000000,4.000000,4.000000,4.000000,4.000000,4.000000,4.000000,4.000000,100.000000,,,,,,,,,,,,,,,,,,,,,,,,,,,,,,,,,,,,,,,,,,,,,,,,,,,,,,,,,,,,,,,,,,,,,,,,,,,,,,,,,,,,,,
1676060268.002273,1676060268.003038,93.000000,0.000000,4294.487305,4318.077148,4293.589844,4295.256348,4301.153809,4293.974121,4285.000000,4288.205078,4278.846191,4247.692383,4408.461426,4441.410156,4325.897461,4386.538574,3236.000000,4.000000,85.000000,,,,0.000000,4.000000,4.000000,4.000000,4.000000,4.000000,4.000000,4.000000,4.000000,4.000000,4.000000,4.000000,4.000000,4.000000,4.000000,100.000000,,,,,,,,,,,,,,,,,,,,,,,,,,,,,,,,,,,,,,,,,,,,,,,,,,,,,,,,,,,,,,,,,,,,,,,,,,,,,,,,,,,,,,
1676060268.010082,1676060268.010847,94.000000,0.000000,4308.974121,4330.128418,4308.077148,4307.820313,4315.256348,4308.077148,4298.846191,4303.077148,4300.128418,4270.897461,4425.128418,4465.256348,4343.333496,4402.563965,2733.000000,4.000000,85.000000,,,,0.000000,4.000000,4.000000,4.000000,4.000000,4.000000,4.000000,4.000000,4.000000,4.000000,4.000000,4.000000,4.000000,4.000000,4.000000,100.000000,,,,,,,,,,,,,,,,,1.971713,0.665640,1.716765,0.940709,1.093541,2.224917,1.008741,1.553235,0.879924,0.907482,1.844023,0.695365,1.561924,0.809027,0.878098,2.919544,0.894388,1.301410,0.714586,0.861674,0.493518,0.539152,0.630025,0.388594,0.543146,0.282483,0.390296,0.315926,0.317848,0.535699,0.501497,0.318248,1.463853,0.545759,0.759396,1.177416,0.748233,2.294821,0.599151,0.935169,0.830303,0.516494,1.898957,0.534770,0.857299,0.804133,0.632764,1.202413,0.767580,1.266331,8.072367,2.662550,3.087387,1.094651,1.476012,2.527274,1.885191,2.640464,0.899206,1.356717,2.684406,1.303278,2.066411,0.993864,1.358364,2.092300,0.877914,2.469941,0.852898,1.364198
1676060268.017890,1676060268.018755,95.000000,0.000000,4293.461426,4315.128418,4296.538574,4295.897461,4303.205078,4305.512695,4288.846191,4297.051270,4288.333496,4273.974121,4412.179688,4446.666504,4326.538574,4390.512695,2912.000000,4.000000,85.000000,,,,0.000000,4.000000,4.000000,4.000000,4.000000,4.000000,4.000000,4.000000,4.000000,4.000000,4.000000,4.000000,4.000000,4.000000,4.000000,100.000000,,,,,,,,,,,,,,,,,,,,,,,,,,,,,,,,,,,,,,,,,,,,,,,,,,,,,,,,,,,,,,,,,,,,,,,,,,,,,,,,,,,,,,
1676060268.025699,1676060268.026564,96.000000,0.000000,4288.333496,4316.538574,4288.589844,4296.153809,4299.615234,4295.000000,4277.051270,4283.461426,4268.461426,4256.538574,4406.794922,4432.563965,4325.000000,4385.769043,3124.000000,4.000000,85.000000,,,,0.000000,4.000000,4.000000,4.000000,4.000000,4.000000,4.000000,4.000000,4.000000,4.000000,4.000000,4.000000,4.000000,4.000000,4.000000,100.000000,,,,,,,,,,,,,,,,,,,,,,,,,,,,,,,,,,,,,,,,,,,,,,,,,,,,,,,,,,,,,,,,,,,,,,,,,,,,,,,,,,,,,,
1676060268.033507,1676060268.034472,97.000000,0.000000,4301.282227,4325.897461,4295.769043,4310.384766,4310.000000,4297.436035,4281.922852,4283.717773,4273.461426,4242.307617,4415.384766,4448.205078,4334.743652,4386.153809,3236.000000,4.000000,85.000000,,,,0.000000,4.000000,4.000000,4.000000,4.000000,4.000000,4.000000,4.000000,4.000000,4.000000,4.000000,4.000000,4.000000,4.000000,4.000000,100.000000,,,,,,,,,,,,,,,,,,,,,,,,,,,,,,,,,,,,,,,,,,,,,,,,,,,,,,,,,,,,,,,,,,,,,,,,,,,,,,,,,,,,,,
1676060268.041315,1676060268.042280,98.000000,0.000000,4304.871582,4323.717773,4299.615234,4320.897461,4305.128418,4296.153809,4284.102539,4294.230957,4286.794922,4256.025879,4419.358887,4461.282227,4336.666504,4383.717773,2733.000000,4.000000,85.000000,,,,0.000000,4.000000,4.000000,4.000000,4.000000,4.000000,4.000000,4.000000,4.000000,4.000000,4.000000,4.000000,4.000000,4.000000,4.000000,100.000000,,,,,,,,,,,,,,,,,,,,,,,,,,,,,,,,,,,,,,,,,,,,,,,,,,,,,,,,,,,,,,,,,,,,,,,,,,,,,,,,,,,,,,
1676060268.049124,1676060268.049989,99.000000,0.000000,4300.128418,4326.153809,4303.333496,4331.410156,4294.743652,4282.307617,4282.436035,4304.102539,4297.436035,4287.820313,4434.871582,4470.000000,4351.410156,4400.897461,2912.000000,4.000000,85.000000,,,,0.000000,4.000000,4.000000,4.000000,4.000000,4.000000,4.000000,4.000000,4.000000,4.000000,4.000000,4.000000,4.000000,4.000000,4.000000,100.000000,,,,,,,,,,,,,,,,,,,,,,,,,,,,,,,,,,,,,,,,,,,,,,,,,,,,,,,,,,,,,,,,,,,,,,,,,,,,,,,,,,,,,,
1676060268.056932,1676060268.057797,100.000000,0.000000,4295.256348,4323.717773,4303.205078,4336.282227,4295.128418,4279.743652,4285.384766,4306.794922,4301.922852,4290.512695,4444.743652,4477.948730,4356.794922,4406.282227,3124.000000,4.000000,85.000000,,,,0.000000,4.000000,4.000000,4.000000,4.000000,4.000000,4.000000,4.000000,4.000000,4.000000,4.000000,4.000000,4.000000,4.000000,4.000000,100.000000,,,,,,,,,,,,,,,,,,,,,,,,,,,,,,,,,,,,,,,,,,,,,,,,,,,,,,,,,,,,,,,,,,,,,,,,,,,,,,,,,,,,,,
1676060268.064740,1676060268.065506,101.000000,0.000000,4300.128418,4317.692383,4303.333496,4339.743652,4302.948730,4297.820313,4293.205078,4315.641113,4306.922852,4280.128418,4447.051270,4492.436035,4353.461426,4399.871582,3236.000000,4.000000,85.000000,,,,0.000000,4.000000,4.000000,4.000000,4.000000,4.000000,4.000000,4.000000,4.000000,4.000000,4.000000,4.000000,4.000000,4.000000,4.000000,100.000000,,,,,,,,,,,,,,,,,,,,,,,,,,,,,,,,,,,,,,,,,,,,,,,,,,,,,,,,,,,,,,,,,,,,,,,,,,,,,,,,,,,,,,
1676060268.072549,1676060268.073414,102.000000,0.000000,4310.256348,4321.538574,4307.948730,4349.743652,4311.794922,4307.307617,4301.282227,4320.128418,4309.487305,4288.205078,4454.230957,4511.025879,4366.922852,4408.461426,2733.000000,4.000000,85.000000,,,,0.000000,4.000000,4.000000,4.000000,4.000000,4.000000,4.000000,4.000000,4.000000,4.000000,4.000000,4.000000,4.000000,4.000000,4.000000,100.000000,,,,,,,,,,,,,,,,,,,,,,,,,,,,,,,,,,,,,,,,,,,,,,,,,,,,,,,,,,,,,,,,,,,,,,,,,,,,,,,,,,,,,,
1676060268.080357,1676060268.081223,103.000000,0.000000,4305.000000,4314.102539,4303.333496,4348.205078,4311.922852,4298.205078,4296.922852,4305.897461,4296.666504,4280.769043,4449.615234,4513.461426,4373.717773,4407.692383,2912.000000,4.000000,85.000000,,,,0.000000,4.000000,4.000000,4.000000,4.000000,4.000000,4.000000,4.000000,4.000000,4.000000,4.000000,4.000000,4.000000,4.000000,4.000000,100.000000,,,,,,,,,,,,,,,,,,,,,,,,,,,,,,,,,,,,,,,,,,,,,,,,,,,,,,,,,,,,,,,,,,,,,,,,,,,,,,,,,,,,,,
1676060268.088165,1676060268.089031,104.000000,0.000000,4285.000000,4292.179688,4291.794922,4332.692383,4303.077148,4295.769043,4283.333496,4293.077148,4283.589844,4260.128418,4435.512695,4502.692383,4359.487305,4388.974121,3124.000000,4.000000,85.000000,,,,0.000000,4.000000,4.000000,4.000000,4.000000,4.000000,4.000000,4.000000,4.000000,4.000000,4.000000,4.000000,4.000000,4.000000,4.000000,100.000000,,,,,,,,,,,,,,,,,,,,,,,,,,,,,,,,,,,,,,,,,,,,,,,,,,,,,,,,,,,,,,,,,,,,,,,,,,,,,,,,,,,,,,
1676060268.095974,1676060268.096740,105.000000,0.000000,4284.230957,4285.897461,4291.922852,4327.948730,4301.025879,4304.615234,4283.846191,4294.743652,4288.846191,4263.077148,4435.641113,4498.077148,4354.358887,4387.179688,3236.000000,4.000000,85.000000,,,,0.000000,4.000000,4.000000,4.000000,4.000000,4.000000,4.000000,4.000000,4.000000,4.000000,4.000000,4.000000,4.000000,4.000000,4.000000,100.000000,,,,,,,,,,,,,,,,,,,,,,,,,,,,,,,,,,,,,,,,,,,,,,,,,,,,,,,,,,,,,,,,,,,,,,,,,,,,,,,,,,,,,,
1676060268.103782,1676060268.104548,106.000000,0.000000,4306.922852,4303.589844,4308.846191,4344.487305,4315.769043,4313.589844,4306.538574,4314.487305,4312.563965,4285.256348,4460.000000,4517.820313,4380.384766,4409.358887,2733.000000,4.000000,85.000000,,,,0.000000,4.000000,4.000000,4.000000,4.000000,4.000000,4.000000,4.000000,4.000000,4.000000,4.000000,4.000000,4.000000,4.000000,4.000000,100.000000,,,,,,,,,,,,,,,,,,,,,,,,,,,,,,,,,,,,,,,,,,,,,,,,,,,,,,,,,,,,,,,,,,,,,,,,,,,,,,,,,,,,,,
1676060268.111591,1676060268.112257,107.000000,0.000000,4312.436035,4312.948730,4319.487305,4354.615234,4321.666504,4314.487305,4318.205078,4328.974121,4326.666504,4297.948730,4479.871582,4535.641113,4405.384766,4418.205078,2912.000000,4.000000,85.000000,,,,0.000000,4.000000,4.000000,4.000000,4.000000,4.000000,4.000000,4.000000,4.000000,4.000000,4.000000,4.000000,4.000000,4.000000,4.000000,100.000000,,,,,,,,,,,,,,,,,,,,,,,,,,,,,,,,,,,,,,,,,,,,,,,,,,,,,,,,,,,,,,,,,,,,,,,,,,,,,,,,,,,,,,
1676060268.119399,1676060268.120065,108.000000,0.000000,4290.128418,4292.307617,4304.358887,4337.820313,4303.461426,4305.897461,4301.153809,4317.307617,4309.743652,4283.461426,4468.974121,4517.307617,4392.051270,4399.102539,3124.000000,4.000000,85.000000,,,,0.000000,4.000000,4.000000,4.000000,4.000000,4.000000,4.000000,4.000000,4.000000,4.000000,4.000000,4.000000,4.000000,4.000000,4.000000,100.000000,,,,,,,,,,,,,,,,,,,,,,,,,,,,,,,,,,,,,,,,,,,,,,,,,,,,,,,,,,,,,,,,,,,,,,,,,,,,,,,,,,,,,,
1676060268.127207,1676060268.127774,109.000000,0.000000,4276.025879,4272.436035,4290.000000,4317.692383,4294.487305,4305.256348,4295.256348,4304.102539,4296.282227,4272.692383,4452.692383,4498.589844,4374.102539,4383.461426,3236.000000,4.000000,85.000000,,,,0.000000,4.000000,4.000000,4.000000,4.000000,4.000000,4.000000,4.000000,4.000000,4.000000,4.000000,4.000000,4.000000,4.000000,4.000000,100.000000,,,,,,,,,,,,,,,,,,,,,,,,,,,,,,,,,,,,,,,,,,,,,,,,,,,,,,,,,,,,,,,,,,,,,,,,,,,,,,,,,,,,,,
1676060268.135016,1676060268.135582,110.000000,0.000000,4285.512695,4274.487305,4301.153809,4319.615234,4304.358887,4312.307617,4309.102539,4312.820313,4309.358887,4285.000000,4469.230957,4516.922852,4394.358887,4396.666504,2733.000000,4.000000,85.000000,,,,0.000000,4.000000,4.000000,4.000000,4.000000,4.000000,4.000000,4.000000,4.000000,4.000000,4.000000,4.000000,4.000000,4.000000,4.000000,100.000000,,,,,,,,,,,,,,,,,2.129244,0.895449,2.103299,1.109918,1.287847,2.971028,0.983608,1.760423,1.029590,1.149505,1.588672,0.952754,1.821234,0.975590,1.055380,2.942775,0.897067,1.415554,0.853360,1.071932,0.430592,0.495223,0.777102,0.471376,0.658744,0.293774,0.318559,0.322722,0.385996,0.611410,0.565602,0.358087,1.623478,0.634654,0.882809,1.182996,1.008102,2.395562,0.671792,1.092748,0.933699,0.645628,2.073362,0.625753,1.033989,1.066730,0.852368,1.129819,0.877931,1.526810,9.705849,3.692682,3.486259,1.197759,1.840127,3.041421,2.752836,3.060643,1.069026,1.606886,4.397311,1.906248,2.394312,1.130119,1.659844,2.676038,1.307628,2.905025,1.025855,1.660878
1676060268.142824,1676060268.143291,111.000000,0.000000,4284.615234,4269.102539,4300.512695,4319.615234,4298.205078,4303.846191,4300.641113,4313.205078,4308.077148,4286.922852,4479.871582,4524.230957,4404.358887,4400.256348,2912.000000,4.000000,85.000000,,,,0.000000,4.000000,4.000000,4.000000,4.000000,4.000000,4.000000,4.000000,4.000000,4.000000,4.000000,4.000000,4.000000,4.000000,4.000000,100.000000,,,,,,,,,,,,,,,,,,,,,,,,,,,,,,,,,,,,,,,,,,,,,,,,,,,,,,,,,,,,,,,,,,,,,,,,,,,,,,,,,,,,,,
1676060268.150633,1676060268.151099,112.000000,0.000000,4284.871582,4262.307617,4297.051270,4315.000000,4292.948730,4295.384766,4289.743652,4307.051270,4295.641113,4281.282227,4471.666504,4516.282227,4393.205078,4393.974121,3124.000000,4.000000,85.000000,,,,0.000000,4.000000,4.000000,4.000000,4.000000,4.000000,4.000000,4.000000,4.000000,4.000000,4.000000,4.000000,4.000000,4.000000,4.000000,100.000000,,,,,,,,,,,,,,,,,,,,,,,,,,,,,,,,,,,,,,,,,,,,,,,,,,,,,,,,,,,,,,,,,,,,,,,,,,,,,,,,,,,,,,
1676060268.158441,1676060268.158808,113.000000,0.000000,4298.333496,4277.307617,4311.922852,4326.538574,4304.358887,4304.102539,4302.179688,4319.615234,4303.205078,4288.846191,4481.794922,4525.000000,4405.128418,4408.333496,3236.000000,4.000000,85.000000,,,,0.000000,4.000000,4.000000,4.000000,4.000000,4.000000,4.000000,4.000000,4.000000,4.000000,4.000000,4.000000,4.000000,4.000000,4.000000,100.000000,,,,,,,,,,,,,,,,,,,,,,,,,,,,,,,,,,,,,,,,,,,,,,,,,,,,,,,,,,,,,,,,,,,,,,,,,,,,,,,,,,,,,,
1676060268.166249,1676060268.166616,114.000000,0.000000,4287.563965,4283.717773,4305.897461,4328.461426,4300.256348,4305.897461,4302.948730,4316.794922,4301.538574,4280.897461,4477.948730,4516.410156,4404.487305,4403.077148,2733.000000,4.000000,85.000000,,,,0.000000,4.000000,4.000000,4.000000,4.000000,4.000000,4.000000,4.000000,4.000000,4.000000,4.000000,4.000000,4.000000,4.000000,4.000000,100.000000,,,,,,,,,,,,,,,,,,,,,,,,,,,,,,,,,,,,,,,,,,,,,,,,,,,,,,,,,,,,,,,,,,,,,,,,,,,,,,,,,,,,,,
1676060268.174058,1676060268.174325,115.000000,0.000000,4277.563965,4276.666504,4296.538574,4320.128418,4297.307617,4304.743652,4295.512695,4302.820313,4294.743652,4272.179688,4460.897461,4503.589844,4383.461426,4385.769043,2912.000000,4.000000,85.000000,,,,0.000000,4.000000,4.000000,4.000000,4.000000,4.000000,4.000000,4.000000,4.000000,4.000000,4.000000,4.000000,4.000000,4.000000,4.000000,100.000000,,,,,,,,,,,,,,,,,,,,,,,,,,,,,,,,,,,,,,,,,,,,,,,,,,,,,,,,,,,,,,,,,,,,,,,,,,,,,,,,,,,,,,
1676060268.181866,1676060268.182133,116.000000,0.000000,4303.974121,4286.794922,4320.000000,4336.538574,4317.948730,4316.282227,4314.487305,4319.358887,4315.000000,4293.077148,4481.025879,4526.153809,4399.358887,4403.974121,3124.000000,4.000000,85.000000,,,,0.000000,4.000000,4.000000,4.000000,4.000000,4.000000,4.000000,4.000000,4.000000,4.000000,4.000000,4.000000,4.000000,4.000000,4.000000,100.000000,,,,,,,,,,,,,,,,,,,,,,,,,,,,,,,,,,,,,,,,,,,,,,,,,,,,,,,,,,,,,,,,,,,,,,,,,,,,,,,,,,,,,,
1676060268.189675,1676060268.189842,117.000000,0.000000,4320.384766,4305.128418,4331.153809,4352.436035,4321.410156,4318.333496,4325.769043,4338.333496,4327.692383,4303.205078,4503.846191,4540.641113,4421.794922,4423.333496,3236.000000,4.000000,85.000000,,,,0.000000,4.000000,4.000000,4.000000,4.000000,4.000000,4.000000,4.000000,4.000000,4.000000,4.000000,4.000000,4.000000,4.000000,4.000000,100.000000,,,,,,,,,,,,,,,,,,,,,,,,,,,,,,,,,,,,,,,,,,,,,,,,,,,,,,,,,,,,,,,,,,,,,,,,,,,,,,,,,,,,,,
1676060268.197483,1676060268.197750,118.000000,0.000000,4297.307617,4297.179688,4306.922852,4332.820313,4300.256348,4304.743652,4305.641113,4321.410156,4306.794922,4284.230957,4479.871582,4516.025879,4401.410156,4406.410156,2733.000000,4.000000,85.000000,,,,0.000000,4.000000,4.000000,4.000000,4.000000,4.000000,4.000000,4.000000,4.000000,4.000000,4.000000,4.000000,4.000000,4.000000,4.000000,100.000000,,,,,,,,,,,,,,,,,,,,,,,,,,,,,,,,,,,,,,,,,,,,,,,,,,,,,,,,,,,,,,,,,,,,,,,,,,,,,,,,,,,,,,
1676060268.205291,1676060268.205559,119.000000,0.000000,4273.974121,4270.000000,4285.128418,4308.205078,4290.000000,4295.384766,4289.230957,4295.512695,4286.666504,4267.436035,4453.077148,4491.538574,4377.307617,4380.512695,2912.000000,4.000000,85.000000,,,,0.000000,4.000000,4.000000,4.000000,4.000000,4.000000,4.000000,4.000000,4.000000,4.000000,4.000000,4.000000,4.000000,4.000000,4.000000,100.000000,,,,,,,,,,,,,,,,,,,,,,,,,,,,,,,,,,,,,,,,,,,,,,,,,,,,,,,,,,,,,,,,,,,,,,,,,,,,,,,,,,,,,,
1676060268.213100,1676060268.213467,120.000000,0.000000,4268.717773,4261.922852,4280.512695,4306.922852,4291.794922,4292.563965,4292.692383,4296.666504,4288.205078,4264.615234,4454.230957,4490.897461,4378.077148,4374.358887,3124.000000,4.000000,85.000000,,,,0.000000,4.000000,4.000000,4.000000,4.000000,4.000000,4.000000,4.000000,4.000000,4.000000,4.000000,4.000000,4.000000,4.000000,4.000000,100.000000,,,,,,,,,,,,,,,,,,,,,,,,,,,,,,,,,,,,,,,,,,,,,,,,,,,,,,,,,,,,,,,,,,,,,,,,,,,,,,,,,,,,,,
1676060268.220908,1676060268.221275,121.000000,0.000000,4281.025879,4284.487305,4285.769043,4317.307617,4293.205078,4296.410156,4300.000000,4310.256348,4299.230957,4274.487305,4463.461426,4501.025879,4387.820313,4386.025879,3236.000000,4.000000,85.000000,,,,0.000000,4.000000,4.000000,4.000000,4.000000,4.000000,4.000000,4.000000,4.000000,4.000000,4.000000,4.000000,4.000000,4.000000,4.000000,100.000000,,,,,,,,,,,,,,,,,,,,,,,,,,,,,,,,,,,,,,,,,,,,,,,,,,,,,,,,,,,,,,,,,,,,,,,,,,,,,,,,,,,,,,
1676060268.228716,1676060268.229184,122.000000,0.000000,4301.153809,4309.615234,4296.153809,4329.871582,4295.897461,4305.000000,4299.743652,4312.436035,4307.948730,4285.384766,4472.307617,4511.025879,4397.563965,4402.820313,2733.000000,4.000000,85.000000,,,,0.000000,4.000000,4.000000,4.000000,4.000000,4.000000,4.000000,4.000000,4.000000,4.000000,4.000000,4.000000,4.000000,4.000000,4.000000,100.000000,,,,,,,,,,,,,,,,,,,,,,,,,,,,,,,,,,,,,,,,,,,,,,,,,,,,,,,,,,,,,,,,,,,,,,,,,,,,,,,,,,,,,,
1676060268.236525,1676060268.236992,123.000000,0.000000,4303.846191,4314.615234,4298.333496,4334.615234,4296.922852,4303.333496,4295.128418,4306.282227,4303.846191,4284.102539,4470.256348,4510.000000,4393.333496,4399.615234,2912.000000,4.000000,85.000000,,,,0.000000,4.000000,4.000000,4.000000,4.000000,4.000000,4.000000,4.000000,4.000000,4.000000,4.000000,4.000000,4.000000,4.000000,4.000000,100.000000,,,,,,,,,,,,,,,,,,,,,,,,,,,,,,,,,,,,,,,,,,,,,,,,,,,,,,,,,,,,,,,,,,,,,,,,,,,,,,,,,,,,,,
1676060268.244333,1676060268.244901,124.000000,0.000000,4293.846191,4310.128418,4298.205078,4328.974121,4297.692383,4298.077148,4297.436035,4309.358887,4296.794922,4282.563965,4456.794922,4502.307617,4375.769043,4385.000000,3124.000000,4.000000,85.000000,,,,0.000000,4.000000,4.000000,4.000000,4.000000,4.000000,4.000000,4.000000,4.000000,4.000000,4.000000,4.000000,4.000000,4.000000,4.000000,100.000000,,,,,,,,,,,,,,,,,,,,,,,,,,,,,,,,,,,,,,,,,,,,,,,,,,,,,,,,,,,,,,,,,,,,,,,,,,,,,,,,,,,,,,
1676060268.252142,1676060268.252709,125.000000,0.000000,4287.563965,4315.897461,4298.974121,4326.025879,4297.692383,4297.307617,4298.974121,4313.717773,4298.974121,4276.153809,4448.461426,4495.384766,4362.436035,4380.512695,3236.000000,4.000000,85.000000,,,,0.000000,4.000000,4.000000,4.000000,4.000000,4.000000,4.000000,4.000000,4.000000,4.000000,4.000000,4.000000,4.000000,4.000000,4.000000,100.000000,,,,,,,,,,,,,,,,,,,,,,,,,,,,,,,,,,,,,,,,,,,,,,,,,,,,,,,,,,,,,,,,,,,,,,,,,,,,,,,,,,,,,,
1676060268.259950,1676060268.260418,126.000000,0.000000,4281.922852,4319.230957,4285.256348,4324.358887,4291.666504,4290.641113,4285.000000,4300.384766,4292.820313,4254.743652,4436.538574,4479.230957,4349.743652,4370.641113,2733.000000,4.000000,85.000000,,,,0.000000,4.000000,4.000000,4.000000,4.000000,4.000000,4.000000,4.000000,4.000000,4.000000,4.000000,4.000000,4.000000,4.000000,4.000000,100.000000,,,,,,,,,,,,,,,,,2.195482,1.099741,2.452660,1.255562,1.496363,3.889544,0.888455,1.900068,1.183015,1.448094,1.334231,1.209923,2.141590,1.159726,1.255985,2.864317,0.873351,1.528848,1.002533,1.310592,0.378454,0.420616,0.946127,0.584330,0.785223,0.345898,0.257102,0.355847,0.493879,0.705962,0.689017,0.402995,1.769852,0.761769,1.025004,1.278456,1.322059,2.610689,0.808048,1.276738,1.072265,0.784008,2.285264,0.783662,1.242275,1.381833,1.050723,1.143439,1.125186,1.772740,11.904996,4.712619,3.924878,1.356021,2.230655,3.488261,3.660045,3.653534,1.293620,1.889014,6.529540,2.557256,2.818541,1.295043,1.974212,3.340677,1.787259,3.500635,1.244638,1.992592
1676060268.267758,1676060268.268226,127.000000,0.000000,4276.282227,4314.615234,4276.666504,4322.820313,4290.641113,4286.794922,4276.922852,4290.256348,4280.769043,4252.307617,4424.487305,4471.794922,4339.743652,4361.410156,85.000000,4.000000,85.000000,,,,0.000000,4.000000,4.000000,4.000000,4.000000,4.000000,4.000000,4.000000,4.000000,4.000000,4.000000,4.000000,4.000000,4.000000,4.000000,100.000000,,,,,,,,,,,,,,,,,,,,,,,,,,,,,,,,,,,,,,,,,,,,,,,,,,,,,,,,,,,,,,,,,,,,,,,,,,,,,,,,,,,,,,
1676060268.275567,1676060268.275935,0.000000,0.000000,4278.077148,4313.717773,4286.794922,4323.333496,4294.358887,4292.051270,4287.179688,4299.743652,4282.948730,4272.820313,4432.436035,4482.051270,4347.179688,4369.358887,2535.000000,4.000000,85.000000,,,,0.000000,4.000000,4.000000,4.000000,4.000000,4.000000,4.000000,4.000000,4.000000,4.000000,4.000000,4.000000,4.000000,4.000000,4.000000,100.000000,,,,,,,,,,,,,,,,,,,,,,,,,,,,,,,,,,,,,,,,,,,,,,,,,,,,,,,,,,,,,,,,,,,,,,,,,,,,,,,,,,,,,,
1676060268.283375,1676060268.283743,1.000000,0.000000,4286.538574,4319.102539,4297.436035,4327.051270,4297.820313,4297.436035,4298.461426,4309.230957,4296.666504,4278.846191,4444.871582,4492.051270,4357.820313,4379.487305,2481.000000,4.000000,85.000000,,,,0.000000,4.000000,4.000000,4.000000,4.000000,4.000000,4.000000,4.000000,4.000000,4.000000,4.000000,4.000000,4.000000,4.000000,4.000000,100.000000,,,,,,,,,,,,,,,,,,,,,,,,,,,,,,,,,,,,,,,,,,,,,,,,,,,,,,,,,,,,,,,,,,,,,,,,,,,,,,,,,,,,,,
1676060268.291184,1676060268.291452,2.000000,0.000000,4296.794922,4327.307617,4305.512695,4337.436035,4306.410156,4302.820313,4305.769043,4312.820313,4308.589844,4280.000000,4452.436035,4500.000000,4363.974121,4388.461426,2403.000000,4.000000,85.000000,,,,0.000000,4.000000,4.000000,4.000000,4.000000,4.000000,4.000000,4.000000,4.000000,4.000000,4.000000,4.000000,4.000000,4.000000,4.000000,100.000000,,,,,,,,,,,,,,,,,,,,,,,,,,,,,,,,,,,,,,,,,,,,,,,,,,,,,,,,,,,,,,,,,,,,,,,,,,,,,,,,,,,,,,
1676060268.298992,1676060268.299260,3.000000,0.000000,4296.282227,4328.461426,4305.512695,4339.871582,4308.974121,4304.230957,4304.871582,4313.846191,4306.153809,4283.846191,4456.666504,4501.794922,4368.461426,4394.358887,2493.000000,4.000000,85.000000,,,,0.000000,4.000000,4.000000,4.000000,4.000000,4.000000,4.000000,4.000000,4.000000,4.000000,4.000000,4.000000,4.000000,4.000000,4.000000,100.000000,,,,,,,,,,,,,,,,,,,,,,,,,,,,,,,,,,,,,,,,,,,,,,,,,,,,,,,,,,,,,,,,,,,,,,,,,,,,,,,,,,,,,,
1676060268.306800,1676060268.306968,4.000000,0.000000,4284.487305,4316.922852,4296.153809,4327.820313,4298.974121,4297.820313,4292.436035,4304.487305,4294.230957,4269.743652,4448.205078,4491.666504,4363.205078,4383.846191,2439.000000,4.000000,85.000000,,,,0.000000,4.000000,4.000000,4.000000,4.000000,4.000000,4.000000,4.000000,4.000000,4.000000,4.000000,4.000000,4.000000,4.000000,4.000000,100.000000,,,,,,,,,,,,,,,,,,,,,,,,,,,,,,,,,,,,,,,,,,,,,,,,,,,,,,,,,,,,,,,,,,,,,,,,,,,,,,,,,,,,,,
1676060268.314609,1676060268.314777,5.000000,0.000000,4283.461426,4312.948730,4299.871582,4323.077148,4295.000000,4292.307617,4281.922852,4294.743652,4293.461426,4264.230957,4443.333496,4485.769043,4361.025879,4372.051270,2384.000000,4.000000,85.000000,,,,0.000000,4.000000,4.000000,4.000000,4.000000,4.000000,4.000000,4.000000,4.000000,4.000000,4.000000,4.000000,4.000000,4.000000,4.000000,100.000000,,,,,,,,,,,,,,,,,,,,,,,,,,,,,,,,,,,,,,,,,,,,,,,,,,,,,,,,,,,,,,,,,,,,,,,,,,,,,,,,,,,,,,
1676060268.322417,1676060268.322485,6.000000,0.000000,4289.358887,4320.769043,4307.051270,4326.794922,4296.410156,4292.179688,4280.897461,4296.025879,4299.743652,4279.871582,4447.820313,4491.282227,4365.512695,4373.205078,2237.000000,4.000000,85.000000,,,,0.000000,4.000000,4.000000,4.000000,4.000000,4.000000,4.000000,4.000000,4.000000,4.000000,4.000000,4.000000,4.000000,4.000000,4.000000,100.000000,,,,,,,,,,,,,,,,,,,,,,,,,,,,,,,,,,,,,,,,,,,,,,,,,,,,,,,,,,,,,,,,,,,,,,,,,,,,,,,,,,,,,,
1676060268.330225,1676060268.330294,7.000000,0.000000,4290.000000,4320.000000,4296.025879,4325.256348,4292.948730,4289.615234,4283.205078,4294.615234,4294.102539,4282.436035,4443.717773,4489.487305,4358.846191,4376.666504,2237.000000,4.000000,85.000000,,,,0.000000,4.000000,4.000000,4.000000,4.000000,4.000000,4.000000,4.000000,4.000000,4.000000,4.000000,4.000000,4.000000,4.000000,4.000000,100.000000,,,,,,,,,,,,,,,,,,,,,,,,,,,,,,,,,,,,,,,,,,,,,,,,,,,,,,,,,,,,,,,,,,,,,,,,,,,,,,,,,,,,,,
1676060268.338034,1676060268.338002,8.000000,0.000000,4291.922852,4323.205078,4298.205078,4332.948730,4302.820313,4293.077148,4290.256348,4292.563965,4290.000000,4273.974121,4445.384766,4490.000000,4357.436035,4385.128418,2289.000000,4.000000,85.000000,,,,0.000000,4.000000,4.000000,4.000000,4.000000,4.000000,4.000000,4.000000,4.000000,4.000000,4.000000,4.000000,4.000000,4.000000,4.000000,100.000000,,,,,,,,,,,,,,,,,,,,,,,,,,,,,,,,,,,,,,,,,,,,,,,,,,,,,,,,,,,,,,,,,,,,,,,,,,,,,,,,,,,,,,
1676060268.345842,1676060268.345811,9.000000,0.000000,4300.897461,4338.974121,4318.846191,4347.436035,4316.666504,4302.948730,4300.641113,4302.051270,4300.769043,4281.922852,4464.487305,4501.153809,4374.615234,4395.512695,2246.000000,4.000000,85.000000,,,,0.000000,4.000000,4.000000,4.000000,4.000000,4.000000,4.000000,4.000000,4.000000,4.000000,4.000000,4.000000,4.000000,4.000000,4.000000,100.000000,,,,,,,,,,,,,,,,,,,,,,,,,,,,,,,,,,,,,,,,,,,,,,,,,,,,,,,,,,,,,,,,,,,,,,,,,,,,,,,,,,,,,,
1676060268.353650,1676060268.353519,10.000000,0.000000,4296.538574,4332.179688,4309.615234,4335.512695,4304.230957,4299.102539,4294.358887,4300.897461,4298.077148,4282.436035,4458.461426,4495.000000,4370.384766,4380.641113,2733.000000,4.000000,85.000000,,,,0.000000,4.000000,4.000000,4.000000,4.000000,4.000000,4.000000,4.000000,4.000000,4.000000,4.000000,4.000000,4.000000,4.000000,4.000000,100.000000,,,,,,,,,,,,,,,,,,,,,,,,,,,,,,,,,,,,,,,,,,,,,,,,,,,,,,,,,,,,,,,,,,,,,,,,,,,,,,,,,,,,,,
1676060268.361459,1676060268.361428,11.000000,0.000000,4283.974121,4308.589844,4288.205078,4316.538574,4290.769043,4291.282227,4283.846191,4293.589844,4286.922852,4269.871582,4440.641113,4485.641113,4351.922852,4367.436035,2939.000000,4.000000,85.000000,,,,0.000000,4.000000,4.000000,4.000000,4.000000,4.000000,4.000000,4.000000,4.000000,4.000000,4.000000,4.000000,4.000000,4.000000,4.000000,100.000000,,,,,,,,,,,,,,,,,,,,,,,,,,,,,,,,,,,,,,,,,,,,,,,,,,,,,,,,,,,,,,,,,,,,,,,,,,,,,,,,,,,,,,
1676060268.369267,1676060268.369236,12.000000,0.000000,4285.128418,4306.538574,4294.230957,4318.846191,4295.769043,4294.230957,4290.256348,4306.794922,4294.871582,4277.307617,4451.922852,4494.102539,4359.743652,4377.179688,3129.000000,4.000000,85.000000,,,,0.000000,4.000000,4.000000,4.000000,4.000000,4.000000,4.000000,4.000000,4.000000,4.000000,4.000000,4.000000,4.000000,4.000000,4.000000,100.000000,,,,,,,,,,,,,,,,,,,,,,,,,,,,,,,,,,,,,,,,,,,,,,,,,,,,,,,,,,,,,,,,,,,,,,,,,,,,,,,,,,,,,,
1676060268.377076,1676060268.377145,13.000000,0.000000,4286.025879,4313.717773,4298.717773,4319.871582,4298.077148,4297.692383,4297.436035,4312.436035,4303.461426,4278.333496,4460.128418,4492.179688,4367.436035,4378.974121,3246.000000,4.000000,85.000000,,,,0.000000,4.000000,4.000000,4.000000,4.000000,4.000000,4.000000,4.000000,4.000000,4.000000,4.000000,4.000000,4.000000,4.000000,4.000000,100.000000,,,,,,,,,,,,,,,,,,,,,,,,,,,,,,,,,,,,,,,,,,,,,,,,,,,,,,,,,,,,,,,,,,,,,,,,,,,,,,,,,,,,,,
1676060268.384884,1676060268.384953,14.000000,0.000000,4277.307617,4302.051270,4283.333496,4307.307617,4292.436035,4295.897461,4291.666504,4297.307617,4290.641113,4260.128418,4444.230957,4475.000000,4354.871582,4364.487305,2733.000000,4.000000,85.000000,,,,0.000000,4.000000,4.000000,4.000000,4.000000,4.000000,4.000000,4.000000,4.000000,4.000000,4.000000,4.000000,4.000000,4.000000,4.000000,100.000000,1.000000,75.000000,4.000000,4.000000,3.000000,4.000000,4.000000,3.000000,4.000000,4.000000,4.000000,3.000000,3.000000,3.000000,4.000000,3.000000,2.150311,1.208271,2.632754,1.336732,1.664909,4.852321,0.753895,1.896697,1.308021,1.748790,1.121017,1.398629,2.396274,1.331317,1.431422,2.827670,0.845567,1.579785,1.127170,1.532110,0.341983,0.346260,1.081682,0.701881,0.899892,0.420294,0.224390,0.405471,0.630647,0.794882,0.838566,0.444335,1.834406,0.904705,1.155445,1.425935,1.583141,2.798601,0.985918,1.441918,1.218133,0.883594,2.435690,1.001243,1.439383,1.652846,1.171747,1.211062,1.502569,1.954092,13.750751,5.432473,4.209929,1.557434,2.539162,3.886585,4.347970,4.166783,1.534613,2.148360,8.560947,3.085044,3.165767,1.476759,2.228802,3.889576,2.169281,4.029491,1.483696,2.279580
1676060268.392692,1676060268.392861,15.000000,0.000000,4277.692383,4289.487305,4277.307617,4308.333496,4291.282227,4294.615234,4288.589844,4294.871582,4284.871582,4263.589844,4440.384766,4476.538574,4351.794922,4357.692383,2939.000000,4.000000,85.000000,,,,0.000000,4.000000,4.000000,4.000000,4.000000,4.000000,4.000000,4.000000,4.000000,4.000000,4.000000,4.000000,4.000000,4.000000,4.000000,100.000000,,,,,,,,,,,,,,,,,,,,,,,,,,,,,,,,,,,,,,,,,,,,,,,,,,,,,,,,,,,,,,,,,,,,,,,,,,,,,,,,,,,,,,
1676060268.400501,1676060268.400670,16.000000,0.000000,4290.000000,4301.025879,4292.820313,4329.102539,4298.846191,4296.922852,4298.461426,4308.846191,4302.692383,4291.794922,4458.846191,4492.948730,4367.051270,4375.000000,0.000000,4.000000,85.000000,,,,0.000000,4.000000,4.000000,4.000000,4.000000,4.000000,4.000000,4.000000,4.000000,4.000000,4.000000,4.000000,4.000000,4.000000,4.000000,100.000000,,,,,,,,,,,,,,,,,,,,,,,,,,,,,,,,,,,,,,,,,,,,,,,,,,,,,,,,,,,,,,,,,,,,,,,,,,,,,,,,,,,,,,
1676060268.408309,1676060268.408578,17.000000,0.000000,4296.538574,4317.307617,4306.025879,4338.077148,4305.384766,4297.820313,4300.897461,4311.538574,4312.563965,4298.461426,4472.051270,4499.230957,4376.410156,4397.051270,0.000000,4.000000,85.000000,,,,0.000000,4.000000,4.000000,4.000000,4.000000,4.000000,4.000000,4.000000,4.000000,4.000000,4.000000,4.000000,4.000000,4.000000,4.000000,100.000000,,,,,,,,,,,,,,,,,,,,,,,,,,,,,,,,,,,,,,,,,,,,,,,,,,,,,,,,,,,,,,,,,,,,,,,,,,,,,,,,,,,,,,
1676060268.416118,1676060268.416387,18.000000,0.000000,4304.230957,4320.000000,4307.307617,4335.384766,4305.384766,4299.871582,4297.563965,4310.384766,4311.666504,4285.897461,4475.000000,4502.820313,4381.153809,4399.102539,0.000000,4.000000,85.000000,,,,0.000000,4.000000,4.000000,4.000000,4.000000,4.000000,4.000000,4.000000,4.000000,4.000000,4.000000,4.000000,4.000000,4.000000,4.000000,100.000000,,,,,,,,,,,,,,,,,,,,,,,,,,,,,,,,,,,,,,,,,,,,,,,,,,,,,,,,,,,,,,,,,,,,,,,,,,,,,,,,,,,,,,
1676060268.423926,1676060268.424295,19.000000,0.000000,4314.487305,4318.205078,4306.794922,4338.589844,4302.948730,4299.615234,4298.077148,4313.717773,4315.000000,4285.128418,4475.256348,4504.102539,4387.820313,4394.487305,0.000000,4.000000,85.000000,,,,0.000000,4.000000,4.000000,4.000000,4.000000,4.000000,4.000000,4.000000,4.000000,4.000000,4.000000,4.000000,4.000000,4.000000,4.000000,100.000000,,,,,,,,,,,,,,,,,,,,,,,,,,,,,,,,,,,,,,,,,,,,,,,,,,,,,,,,,,,,,,,,,,,,,,,,,,,,,,,,,,,,,,
1676060268.431734,1676060268.432103,20.000000,0.000000,4298.846191,4305.000000,4293.717773,4328.077148,4297.436035,4291.538574,4285.384766,4300.897461,4296.538574,4275.769043,4455.512695,4484.871582,4368.846191,4385.384766,0.000000,4.000000,85.000000,,,,0.000000,4.000000,4.000000,4.000000,4.000000,4.000000,4.000000,4.000000,4.000000,4.000000,4.000000,4.000000,4.000000,4.000000,4.000000,100.000000,,,,,,,,,,,,,,,,,,,,,,,,,,,,,,,,,,,,,,,,,,,,,,,,,,,,,,,,,,,,,,,,,,,,,,,,,,,,,,,,,,,,,,
1676060268.439543,1676060268.440012,21.000000,0.000000,4283.333496,4295.000000,4281.666504,4310.641113,4295.641113,4290.769043,4274.615234,4287.307617,4277.051270,4260.769043,4441.153809,4468.974121,4350.128418,4374.358887,0.000000,4.000000,85.000000,,,,0.000000,4.000000,4.000000,4.000000,4.000000,4.000000,4.000000,4.000000,4.000000,4.000000,4.000000,4.000000,4.000000,4.000000,4.000000,100.000000,,,,,,,,,,,,,,,,,,,,,,,,,,,,,,,,,,,,,,,,,,,,,,,,,,,,,,,,,,,,,,,,,,,,,,,,,,,,,,,,,,,,,,
1676060268.447351,1676060268.447820,22.000000,0.000000,4288.205078,4302.436035,4287.051270,4311.153809,4297.948730,4294.743652,4281.666504,4292.307617,4285.641113,4259.487305,4455.000000,4475.769043,4360.641113,4372.692383,0.000000,4.000000,85.000000,,,,0.000000,4.000000,4.000000,4.000000,4.000000,4.000000,4.000000,4.000000,4.000000,4.000000,4.000000,4.000000,4.000000,4.000000,4.000000,100.000000,,,,,,,,,,,,,,,,,,,,,,,,,,,,,,,,,,,,,,,,,,,,,,,,,,,,,,,,,,,,,,,,,,,,,,,,,,,,,,,,,,,,,,
1676060268.455160,1676060268.455529,23.000000,0.000000,4288.717773,4303.846191,4290.897461,4316.538574,4299.871582,4295.641113,4290.000000,4296.282227,4290.897461,4266.538574,4457.692383,4475.256348,4365.512695,4373.846191,0.000000,4.000000,85.000000,,,,0.000000,4.000000,4.000000,4.000000,4.000000,4.000000,4.000000,4.000000,4.000000,4.000000,4.000000,4.000000,4.000000,4.000000,4.000000,100.000000,,,,,,,,,,,,,,,,,,,,,,,,,,,,,,,,,,,,,,,,,,,,,,,,,,,,,,,,,,,,,,,,,,,,,,,,,,,,,,,,,,,,,,
1676060268.462968,1676060268.463337,24.000000,0.000000,4286.794922,4296.666504,4290.769043,4311.666504,4300.769043,4301.538574,4291.666504,4293.589844,4284.102539,4271.666504,4443.077148,4465.897461,4353.205078,4368.974121,0.000000,4.000000,85.000000,,,,0.000000,4.000000,4.000000,4.000000,4.000000,4.000000,4.000000,4.000000,4.000000,4.000000,4.000000,4.000000,4.000000,4.000000,4.000000,100.000000,,,,,,,,,,,,,,,,,,,,,,,,,,,,,,,,,,,,,,,,,,,,,,,,,,,,,,,,,,,,,,,,,,,,,,,,,,,,,,,,,,,,,,
1676060268.470776,1676060268.471046,25.000000,0.000000,4293.717773,4305.769043,4304.743652,4314.358887,4302.563965,4309.615234,4302.051270,4306.666504,4297.692383,4276.153809,4456.794922,4476.538574,4359.230957,4373.846191,0.000000,4.000000,85.000000,,,,0.000000,4.000000,4.000000,4.000000,4.000000,4.000000,4.000000,4.000000,4.000000,4.000000,4.000000,4.000000,4.000000,4.000000,4.000000,100.000000,,,,,,,,,,,,,,,,,,,,,,,,,,,,,,,,,,,,,,,,,,,,,,,,,,,,,,,,,,,,,,,,,,,,,,,,,,,,,,,,,,,,,,
1676060268.478585,1676060268.478854,26.000000,0.000000,4296.794922,4318.205078,4316.025879,4323.974121,4309.230957,4314.102539,4317.051270,4328.589844,4320.897461,4285.512695,4485.256348,4499.871582,4377.436035,4390.128418,0.000000,4.000000,85.000000,,,,0.000000,4.000000,4.000000,4.000000,4.000000,4.000000,4.000000,4.000000,4.000000,4.000000,4.000000,4.000000,4.000000,4.000000,4.000000,100.000000,,,,,,,,,,,,,,,,,,,,,,,,,,,,,,,,,,,,,,,,,,,,,,,,,,,,,,,,,,,,,,,,,,,,,,,,,,,,,,,,,,,,,,
1676060268.486393,1676060268.486563,27.000000,0.000000,4294.743652,4304.358887,4301.922852,4319.615234,4307.307617,4309.743652,4311.538574,4322.563965,4314.871582,4282.948730,4475.384766,4496.666504,4372.051270,4387.692383,0.000000,4.000000,85.000000,,,,0.000000,4.000000,4.000000,4.000000,4.000000,4.000000,4.000000,4.000000,4.000000,4.000000,4.000000,4.000000,4.000000,4.000000,4.000000,100.000000,,,,,,,,,,,,,,,,,,,,,,,,,,,,,,,,,,,,,,,,,,,,,,,,,,,,,,,,,,,,,,,,,,,,,,,,,,,,,,,,,,,,,,
1676060268.494202,1676060268.494371,28.000000,0.000000,4294.487305,4289.871582,4290.256348,4305.769043,4297.051270,4300.128418,4294.358887,4300.384766,4295.512695,4269.102539,4452.820313,4475.000000,4355.128418,4371.922852,0.000000,4.000000,85.000000,,,,0.000000,4.000000,4.000000,4.000000,4.000000,4.000000,4.000000,4.000000,4.000000,4.000000,4.000000,4.000000,4.000000,4.000000,4.000000,100.000000,,,,,,,,,,,,,,,,,,,,,,,,,,,,,,,,,,,,,,,,,,,,,,,,,,,,,,,,,,,,,,,,,,,,,,,,,,,,,,,,,,,,,,
1676060268.502010,1676060268.502080,29.000000,0.000000,4291.282227,4295.769043,4296.153809,4301.538574,4292.948730,4294.102539,4290.641113,4296.153809,4292.692383,4266.025879,4463.589844,4470.384766,4349.230957,4369.102539,0.000000,4.000000,85.000000,,,,0.000000,4.000000,4.000000,4.000000,4.000000,4.000000,4.000000,4.000000,4.000000,4.000000,4.000000,4.000000,4.000000,4.000000,4.000000,100.000000,,,,,,,,,,,,,,,,,,,,,,,,,,,,,,,,,,,,,,,,,,,,,,,,,,,,,,,,,,,,,,,,,,,,,,,,,,,,,,,,,,,,,,
1676060268.509818,1676060268.509988,30.000000,0.000000,4287.436035,4294.615234,4294.102539,4299.615234,4293.333496,4293.461426,4292.820313,4297.563965,4290.897461,4264.230957,4478.077148,4472.307617,4352.563965,4371.153809,0.000000,4.000000,85.000000,,,,0.000000,4.000000,4.000000,4.000000,4.000000,4.000000,4.000000,4.000000,4.000000,4.000000,4.000000,4.000000,4.000000,4.000000,4.000000,100.000000,,,,,,,,,,,,,,,,,2.003492,1.199145,2.577269,1.365255,1.753007,5.715523,0.622092,1.752371,1.408627,1.986258,0.979330,1.480102,2.479753,1.478096,1.541355,2.989673,0.850884,1.538539,1.226739,1.691033,0.319877,0.304889,1.140145,0.803881,0.983460,0.495119,0.232391,0.456815,0.776166,0.854198,0.971190,0.473394,1.765584,1.047106,1.245427,1.538409,1.707623,2.814351,1.189125,1.543225,1.330743,0.924271,2.442780,1.269020,1.586344,1.790045,1.200436,1.282268,1.967163,2.038187,14.510715,5.635290,4.179215,1.795602,2.684199,4.316185,4.651581,4.349217,1.773592,2.333877,9.917791,3.346460,3.278392,1.672126,2.371144,4.141349,2.361058,4.264461,1.732405,2.448122
1676060268.517627,1676060268.517797,31.000000,0.000000,4293.846191,4284.358887,4290.512695,4295.512695,4292.948730,4298.077148,4290.897461,4293.846191,4287.820313,4257.820313,4476.153809,4472.436035,4358.077148,4374.871582,0.000000,4.000000,85.000000,,,,0.000000,4.000000,4.000000,4.000000,4.000000,4.000000,4.000000,4.000000,4.000000,4.000000,4.000000,4.000000,4.000000,4.000000,4.000000,100.000000,,,,,,,,,,,,,,,,,,,,,,,,,,,,,,,,,,,,,,,,,,,,,,,,,,,,,,,,,,,,,,,,,,,,,,,,,,,,,,,,,,,,,,
1676060268.525435,1676060268.525705,32.000000,0.000000,4299.230957,4290.000000,4304.230957,4304.102539,4299.230957,4309.102539,4295.512695,4302.692383,4298.333496,4270.512695,4481.410156,4483.205078,4362.179688,4386.410156,0.000000,4.000000,85.000000,,,,0.000000,4.000000,4.000000,4.000000,4.000000,4.000000,4.000000,4.000000,4.000000,4.000000,4.000000,4.000000,4.000000,4.000000,4.000000,100.000000,,,,,,,,,,,,,,,,,,,,,,,,,,,,,,,,,,,,,,,,,,,,,,,,,,,,,,,,,,,,,,,,,,,,,,,,,,,,,,,,,,,,,,
1676060268.533243,1676060268.533513,33.000000,0.000000,4301.282227,4306.410156,4317.948730,4314.615234,4307.820313,4313.077148,4304.615234,4320.512695,4315.769043,4292.307617,4493.846191,4491.538574,4370.769043,4396.538574,0.000000,4.000000,85.000000,,,,0.000000,4.000000,4.000000,4.000000,4.000000,4.000000,4.000000,4.000000,4.000000,4.000000,4.000000,4.000000,4.000000,4.000000,4.000000,100.000000,,,,,,,,,,,,,,,,,,,,,,,,,,,,,,,,,,,,,,,,,,,,,,,,,,,,,,,,,,,,,,,,,,,,,,,,,,,,,,,,,,,,,,
1676060268.541052,1676060268.541322,34.000000,0.000000,4297.179688,4297.948730,4304.871582,4301.538574,4297.820313,4295.769043,4294.871582,4315.897461,4312.563965,4288.717773,4485.256348,4480.512695,4368.846191,4384.230957,0.000000,4.000000,85.000000,,,,0.000000,4.000000,4.000000,4.000000,4.000000,4.000000,4.000000,4.000000,4.000000,4.000000,4.000000,4.000000,4.000000,4.000000,4.000000,100.000000,,,,,,,,,,,,,,,,,,,,,,,,,,,,,,,,,,,,,,,,,,,,,,,,,,,,,,,,,,,,,,,,,,,,,,,,,,,,,,,,,,,,,,
1676060268.548860,1676060268.549030,35.000000,0.000000,4288.717773,4278.461426,4288.205078,4287.436035,4289.102539,4287.820313,4284.487305,4299.358887,4297.436035,4272.307617,4466.538574,4467.307617,4356.794922,4368.846191,0.000000,4.000000,85.000000,,,,0.000000,4.000000,4.000000,4.000000,4.000000,4.000000,4.000000,4.000000,4.000000,4.000000,4.000000,4.000000,4.000000,4.000000,4.000000,100.000000,,,,,,,,,,,,,,,,,,,,,,,,,,,,,,,,,,,,,,,,,,,,,,,,,,,,,,,,,,,,,,,,,,,,,,,,,,,,,,,,,,,,,,
1676060268.556669,1676060268.556939,36.000000,0.000000,4293.461426,4281.922852,4296.410156,4297.179688,4297.948730,4303.461426,4299.230957,4307.051270,4302.948730,4275.384766,4471.538574,4475.769043,4359.871582,4380.769043,0.000000,4.000000,85.000000,,,,0.000000,4.000000,4.000000,4.000000,4.000000,4.000000,4.000000,4.000000,4.000000,4.000000,4.000000,4.000000,4.000000,4.000000,4.000000,100.000000,,,,,,,,,,,,,,,,,,,,,,,,,,,,,,,,,,,,,,,,,,,,,,,,,,,,,,,,,,,,,,,,,,,,,,,,,,,,,,,,,,,,,,
1676060268.564477,1676060268.564747,37.000000,0.000000,4307.948730,4303.974121,4315.384766,4312.179688,4311.025879,4316.794922,4317.307617,4328.846191,4321.538574,4293.077148,4491.025879,4491.794922,4378.974121,4400.000000,0.000000,4.000000,85.000000,,,,0.000000,4.000000,4.000000,4.000000,4.000000,4.000000,4.000000,4.000000,4.000000,4.000000,4.000000,4.000000,4.000000,4.000000,4.000000,100.000000,,,,,,,,,,,,,,,,,,,,,,,,,,,,,,,,,,,,,,,,,,,,,,,,,,,,,,,,,,,,,,,,,,,,,,,,,,,,,,,,,,,,,,
1676060268.572285,1676060268.572655,38.000000,0.000000,4310.256348,4312.179688,4321.282227,4313.846191,4317.179688,4321.538574,4322.179688,4333.974121,4325.641113,4302.051270,4497.563965,4492.051270,4386.410156,4398.077148,0.000000,4.000000,85.000000,,,,0.000000,4.000000,4.000000,4.000000,4.000000,4.000000,4.000000,4.000000,4.000000,4.000000,4.000000,4.000000,4.000000,4.000000,4.000000,100.000000,,,,,,,,,,,,,,,,,,,,,,,,,,,,,,,,,,,,,,,,,,,,,,,,,,,,,,,,,,,,,,,,,,,,,,,,,,,,,,,,,,,,,,
1676060268.580094,1676060268.580464,39.000000,0.000000,4294.358887,4299.102539,4308.974121,4303.717773,4307.820313,4316.153809,4315.256348,4318.974121,4312.307617,4286.922852,4483.974121,4478.846191,4373.333496,4382.436035,0.000000,4.000000,85.000000,,,,0.000000,4.000000,4.000000,4.000000,4.000000,4.000000,4.000000,4.000000,4.000000,4.000000,4.000000,4.000000,4.000000,4.000000,4.000000,100.000000,,,,,,,,,,,,,,,,,,,,,,,,,,,,,,,,,,,,,,,,,,,,,,,,,,,,,,,,,,,,,,,,,,,,,,,,,,,,,,,,,,,,,,
1676060268.587902,1676060268.588372,40.000000,0.000000,4282.179688,4287.692383,4295.769043,4293.333496,4296.025879,4302.051270,4302.436035,4310.512695,4304.871582,4272.948730,4466.025879,4467.563965,4358.717773,4376.025879,0.000000,4.000000,85.000000,,,,0.000000,4.000000,4.000000,4.000000,4.000000,4.000000,4.000000,4.000000,4.000000,4.000000,4.000000,4.000000,4.000000,4.000000,4.000000,100.000000,,,,,,,,,,,,,,,,,,,,,,,,,,,,,,,,,,,,,,,,,,,,,,,,,,,,,,,,,,,,,,,,,,,,,,,,,,,,,,,,,,,,,,
1676060268.595710,1676060268.596181,41.000000,0.000000,4280.384766,4284.871582,4295.384766,4288.461426,4295.256348,4295.000000,4294.871582,4314.358887,4311.282227,4281.538574,4465.000000,4466.282227,4356.282227,4373.589844,0.000000,4.000000,85.000000,,,,0.000000,4.000000,4.000000,4.000000,4.000000,4.000000,4.000000,4.000000,4.000000,4.000000,4.000000,4.000000,4.000000,4.000000,4.000000,100.000000,,,,,,,,,,,,,,,,,,,,,,,,,,,,,,,,,,,,,,,,,,,,,,,,,,,,,,,,,,,,,,,,,,,,,,,,,,,,,,,,,,,,,,
1676060268.603519,1676060268.604089,42.000000,0.000000,4274.743652,4278.077148,4292.820313,4277.820313,4292.563965,4295.000000,4289.230957,4302.179688,4302.436035,4274.358887,4466.282227,4460.641113,4357.051270,4360.256348,0.000000,4.000000,85.000000,,,,0.000000,4.000000,4.000000,4.000000,4.000000,4.000000,4.000000,4.000000,4.000000,4.000000,4.000000,4.000000,4.000000,4.000000,4.000000,100.000000,,,,,,,,,,,,,,,,,,,,,,,,,,,,,,,,,,,,,,,,,,,,,,,,,,,,,,,,,,,,,,,,,,,,,,,,,,,,,,,,,,,,,,
1676060268.611327,1676060268.611898,43.000000,0.000000,4280.000000,4277.563965,4292.307617,4279.102539,4290.512695,4296.410156,4290.897461,4297.436035,4294.102539,4260.128418,4472.563965,4472.179688,4364.871582,4369.358887,0.000000,4.000000,85.000000,,,,0.000000,4.000000,4.000000,4.000000,4.000000,4.000000,4.000000,4.000000,4.000000,4.000000,4.000000,4.000000,4.000000,4.000000,4.000000,100.000000,,,,,,,,,,,,,,,,,,,,,,,,,,,,,,,,,,,,,,,,,,,,,,,,,,,,,,,,,,,,,,,,,,,,,,,,,,,,,,,,,,,,,,
1676060268.619136,1676060268.619806,44.000000,0.000000,4290.384766,4284.487305,4300.897461,4293.589844,4294.230957,4296.666504,4295.769043,4312.179688,4300.256348,4271.410156,4482.051270,4491.025879,4372.948730,4390.384766,0.000000,4.000000,85.000000,,,,0.000000,4.000000,4.000000,4.000000,4.000000,4.000000,4.000000,4.000000,4.000000,4.000000,4.000000,4.000000,4.000000,4.000000,4.000000,100.000000,,,,,,,,,,,,,,,,,,,,,,,,,,,,,,,,,,,,,,,,,,,,,,,,,,,,,,,,,,,,,,,,,,,,,,,,,,,,,,,,,,,,,,
1676060268.626944,1676060268.627614,45.000000,0.000000,4283.461426,4279.102539,4298.589844,4287.307617,4292.820313,4292.179688,4291.666504,4306.666504,4298.974121,4282.820313,4471.666504,4475.128418,4363.974121,4379.102539,0.000000,4.000000,85.000000,,,,0.000000,4.000000,4.000000,4.000000,4.000000,4.000000,4.000000,4.000000,4.000000,4.000000,4.000000,4.000000,4.000000,4.000000,4.000000,100.000000,,,,,,,,,,,,,,,,,,,,,,,,,,,,,,,,,,,,,,,,,,,,,,,,,,,,,,,,,,,,,,,,,,,,,,,,,,,,,,,,,,,,,,
1676060268.634752,1676060268.635323,46.000000,0.000000,4279.743652,4271.794922,4291.410156,4276.025879,4287.692383,4291.282227,4290.769043,4294.358887,4291.538574,4279.487305,4460.128418,4461.282227,4351.666504,4363.717773,0.000000,4.000000,85.000000,,,,0.000000,4.000000,4.000000,4.000000,4.000000,4.000000,4.000000,4.000000,4.000000,4.000000,4.000000,4.000000,4.000000,4.000000,4.000000,100.000000,,,,,,,,,,,,,,,,,1.783756,1.102734,2.319700,1.387682,1.743642,6.326064,0.524353,1.546398,1.508149,2.105880,0.931893,1.451876,2.362595,1.603275,1.565316,3.406327,0.919678,1.426546,1.320987,1.753131,0.304943,0.313336,1.111994,0.879178,1.022588,0.550598,0.281248,0.498646,0.905029,0.867139,1.051464,0.483253,1.555753,1.180963,1.275234,1.541865,1.657320,2.585799,1.402316,1.551912,1.375639,0.912536,2.284574,1.564635,1.655780,1.757912,1.157281,1.313122,2.437924,2.016347,13.814922,5.299427,3.807277,2.054767,2.637914,4.842898,4.541442,4.093781,2.001499,2.406723,10.249924,3.305651,3.105460,1.870666,2.380022,4.019128,2.351507,4.097958,1.977154,2.454906
1676060268.642561,1676060268.643231,47.000000,0.000000,4293.589844,4284.743652,4301.922852,4289.102539,4293.846191,4302.563965,4306.538574,4312.179688,4298.077148,4277.436035,4471.153809,4482.563965,4359.230957,4378.589844,0.000000,4.000000,85.000000,,,,0.000000,4.000000,4.000000,4.000000,4.000000,4.000000,4.000000,4.000000,4.000000,4.000000,4.000000,4.000000,4.000000,4.000000,4.000000,100.000000,,,,,,,,,,,,,,,,,,,,,,,,,,,,,,,,,,,,,,,,,,,,,,,,,,,,,,,,,,,,,,,,,,,,,,,,,,,,,,,,,,,,,,
1676060268.650369,1676060268.651040,48.000000,0.000000,4303.974121,4300.384766,4315.512695,4303.589844,4304.487305,4306.922852,4316.282227,4329.487305,4311.282227,4283.205078,4483.461426,4500.897461,4378.205078,4397.436035,0.000000,4.000000,85.000000,,,,0.000000,4.000000,4.000000,4.000000,4.000000,4.000000,4.000000,4.000000,4.000000,4.000000,4.000000,4.000000,4.000000,4.000000,4.000000,100.000000,,,,,,,,,,,,,,,,,,,,,,,,,,,,,,,,,,,,,,,,,,,,,,,,,,,,,,,,,,,,,,,,,,,,,,,,,,,,,,,,,,,,,,
1676060268.658178,1676060268.658848,49.000000,0.000000,4298.461426,4293.077148,4311.538574,4296.922852,4302.051270,4296.794922,4303.333496,4317.179688,4309.230957,4286.410156,4478.974121,4490.256348,4378.717773,4397.563965,0.000000,4.000000,85.000000,,,,0.000000,4.000000,4.000000,4.000000,4.000000,4.000000,4.000000,4.000000,4.000000,4.000000,4.000000,4.000000,4.000000,4.000000,4.000000,100.000000,,,,,,,,,,,,,,,,,,,,,,,,,,,,,,,,,,,,,,,,,,,,,,,,,,,,,,,,,,,,,,,,,,,,,,,,,,,,,,,,,,,,,,
1676060268.665986,1676060268.666557,50.000000,0.000000,4293.846191,4283.974121,4304.230957,4291.153809,4294.487305,4293.077148,4294.358887,4308.846191,4304.871582,4287.051270,4475.769043,4479.871582,4364.358887,4390.897461,0.000000,4.000000,85.000000,,,,0.000000,4.000000,4.000000,4.000000,4.000000,4.000000,4.000000,4.000000,4.000000,4.000000,4.000000,4.000000,4.000000,4.000000,4.000000,100.000000,,,,,,,,,,,,,,,,,,,,,,,,,,,,,,,,,,,,,,,,,,,,,,,,,,,,,,,,,,,,,,,,,,,,,,,,,,,,,,,,,,,,,,
1676060268.673794,1676060268.674365,51.000000,0.000000,4293.333496,4290.384766,4300.128418,4294.358887,4297.179688,4296.025879,4299.358887,4312.051270,4304.871582,4281.282227,4472.563965,4478.589844,4361.025879,4383.717773,0.000000,4.000000,85.000000,,,,0.000000,4.000000,4.000000,4.000000,4.000000,4.000000,4.000000,4.000000,4.000000,4.000000,4.000000,4.000000,4.000000,4.000000,4.000000,100.000000,,,,,,,,,,,,,,,,,,,,,,,,,,,,,,,,,,,,,,,,,,,,,,,,,,,,,,,,,,,,,,,,,,,,,,,,,,,,,,,,,,,,,,
1676060268.681603,1676060268.682074,52.000000,0.000000,4294.743652,4297.307617,4295.641113,4296.538574,4307.307617,4302.051270,4307.307617,4312.436035,4301.666504,4266.153809,4468.333496,4476.794922,4372.051270,4386.025879,0.000000,4.000000,85.000000,,,,0.000000,4.000000,4.000000,4.000000,4.000000,4.000000,4.000000,4.000000,4.000000,4.000000,4.000000,4.000000,4.000000,4.000000,4.000000,100.000000,,,,,,,,,,,,,,,,,,,,,,,,,,,,,,,,,,,,,,,,,,,,,,,,,,,,,,,,,,,,,,,,,,,,,,,,,,,,,,,,,,,,,,
1676060268.689411,1676060268.689882,53.000000,0.000000,4295.769043,4295.897461,4296.153809,4296.282227,4311.282227,4309.358887,4307.307617,4310.128418,4295.769043,4260.256348,4472.820313,4475.897461,4373.974121,4393.974121,0.000000,4.000000,85.000000,,,,0.000000,4.000000,4.000000,4.000000,4.000000,4.000000,4.000000,4.000000,4.000000,4.000000,4.000000,4.000000,4.000000,4.000000,4.000000,100.000000,,,,,,,,,,,,,,,,,,,,,,,,,,,,,,,,,,,,,,,,,,,,,,,,,,,,,,,,,,,,,,,,,,,,,,,,,,,,,,,,,,,,,,
1676060268.697219,1676060268.697591,54.000000,0.000000,4291.794922,4294.487305,4299.358887,4294.487305,4307.307617,4309.743652,4305.128418,4306.922852,4296.410156,4273.077148,4472.179688,4472.179688,4366.153809,4386.666504,0.000000,4.000000,85.000000,,,,0.000000,4.000000,4.000000,4.000000,4.000000,4.000000,4.000000,4.000000,4.000000,4.000000,4.000000,4.000000,4.000000,4.000000,4.000000,100.000000,,,,,,,,,,,,,,,,,,,,,,,,,,,,,,,,,,,,,,,,,,,,,,,,,,,,,,,,,,,,,,,,,,,,,,,,,,,,,,,,,,,,,,
1676060268.705028,1676060268.705399,55.000000,0.000000,4300.897461,4306.282227,4310.128418,4303.205078,4310.897461,4315.512695,4316.794922,4316.282227,4312.820313,4294.871582,4475.128418,4483.077148,4376.282227,4387.820313,0.000000,4.000000,85.000000,,,,0.000000,4.000000,4.000000,4.000000,4.000000,4.000000,4.000000,4.000000,4.000000,4.000000,4.000000,4.000000,4.000000,4.000000,4.000000,100.000000,,,,,,,,,,,,,,,,,,,,,,,,,,,,,,,,,,,,,,,,,,,,,,,,,,,,,,,,,,,,,,,,,,,,,,,,,,,,,,,,,,,,,,
1676060268.712836,1676060268.713108,56.000000,0.000000,4305.128418,4309.230957,4313.205078,4307.179688,4314.102539,4316.922852,4317.051270,4318.974121,4312.948730,4296.922852,4476.922852,4487.563965,4380.769043,4397.179688,0.000000,4.000000,85.000000,,,,0.000000,4.000000,4.000000,4.000000,4.000000,4.000000,4.000000,4.000000,4.000000,4.000000,4.000000,4.000000,4.000000,4.000000,4.000000,100.000000,,,,,,,,,,,,,,,,,,,,,,,,,,,,,,,,,,,,,,,,,,,,,,,,,,,,,,,,,,,,,,,,,,,,,,,,,,,,,,,,,,,,,,
1676060268.720645,1676060268.720916,57.000000,0.000000,4295.512695,4295.000000,4303.846191,4297.307617,4308.717773,4302.436035,4298.333496,4308.974121,4299.230957,4286.538574,4470.256348,4475.000000,4370.128418,4393.205078,0.000000,4.000000,85.000000,,,,0.000000,4.000000,4.000000,4.000000,4.000000,4.000000,4.000000,4.000000,4.000000,4.000000,4.000000,4.000000,4.000000,4.000000,4.000000,100.000000,,,,,,,,,,,,,,,,,,,,,,,,,,,,,,,,,,,,,,,,,,,,,,,,,,,,,,,,,,,,,,,,,,,,,,,,,,,,,,,,,,,,,,
1676060268.728453,1676060268.728625,58.000000,0.000000,4298.974121,4295.769043,4305.000000,4295.000000,4305.384766,4295.897461,4294.230957,4309.743652,4301.538574,4281.666504,4472.436035,4476.666504,4374.615234,4389.487305,0.000000,4.000000,85.000000,,,,0.000000,4.000000,4.000000,4.000000,4.000000,4.000000,4.000000,4.000000,4.000000,4.000000,4.000000,4.000000,4.000000,4.000000,4.000000,100.000000,,,,,,,,,,,,,,,,,,,,,,,,,,,,,,,,,,,,,,,,,,,,,,,,,,,,,,,,,,,,,,,,,,,,,,,,,,,,,,,,,,,,,,
1676060268.736261,1676060268.736533,59.000000,0.000000,4304.358887,4299.102539,4304.102539,4294.102539,4300.384766,4300.256348,4297.307617,4305.769043,4301.922852,4267.179688,4470.256348,4476.282227,4375.256348,4389.871582,0.000000,4.000000,85.000000,,,,0.000000,4.000000,4.000000,4.000000,4.000000,4.000000,4.000000,4.000000,4.000000,4.000000,4.000000,4.000000,4.000000,4.000000,4.000000,100.000000,,,,,,,,,,,,,,,,,,,,,,,,,,,,,,,,,,,,,,,,,,,,,,,,,,,,,,,,,,,,,,,,,,,,,,,,,,,,,,,,,,,,,,
1676060268.744070,1676060268.744341,60.000000,0.000000,4296.794922,4282.948730,4294.871582,4288.077148,4295.384766,4297.051270,4291.025879,4295.000000,4293.846191,4262.179688,4456.410156,4464.743652,4360.384766,4386.794922,0.000000,4.000000,85.000000,,,,0.000000,4.000000,4.000000,4.000000,4.000000,4.000000,4.000000,4.000000,4.000000,4.000000,4.000000,4.000000,4.000000,4.000000,4.000000,100.000000,,,,,,,,,,,,,,,,,,,,,,,,,,,,,,,,,,,,,,,,,,,,,,,,,,,,,,,,,,,,,,,,,,,,,,,,,,,,,,,,,,,,,,
1676060268.751878,1676060268.752250,61.000000,0.000000,4291.025879,4280.128418,4295.128418,4289.102539,4298.717773,4296.025879,4292.692383,4298.589844,4294.230957,4274.743652,4452.563965,4466.922852,4358.461426,4385.000000,0.000000,4.000000,85.000000,,,,0.000000,4.000000,4.000000,4.000000,4.000000,4.000000,4.000000,4.000000,4.000000,4.000000,4.000000,4.000000,4.000000,4.000000,4.000000,100.000000,,,,,,,,,,,,,,,,,,,,,,,,,,,,,,,,,,,,,,,,,,,,,,,,,,,,,,,,,,,,,,,,,,,,,,,,,,,,,,,,,,,,,,
1676060268.759687,1676060268.760058,62.000000,0.000000,4294.743652,4294.615234,4300.128418,4290.000000,4301.282227,4305.000000,4301.282227,4305.384766,4298.461426,4276.794922,4459.102539,4474.487305,4366.922852,4384.743652,0.000000,4.000000,85.000000,,,,0.000000,4.000000,4.000000,4.000000,4.000000,4.000000,4.000000,4.000000,4.000000,4.000000,4.000000,4.000000,4.000000,4.000000,4.000000,100.000000,,,,,,,,,,,,,,,,,1.517926,0.983424,1.965512,1.439286,1.642463,6.527901,0.474186,1.379043,1.611251,2.083239,0.974441,1.344767,2.091728,1.709305,1.505921,3.874410,1.050361,1.299728,1.418644,1.704909,0.291877,0.365775,1.013667,0.917237,1.010978,0.570875,0.355792,0.516297,0.990305,0.828141,1.060791,0.488804,1.249212,1.292460,1.238509,1.432368,1.479269,2.158867,1.595059,1.466897,1.344346,0.885967,2.013440,1.836780,1.636618,1.589853,1.092701,1.299501,2.811059,1.900172,11.754810,4.579835,3.201623,2.290654,2.428532,5.387291,4.115472,3.488684,2.194755,2.348373,9.541017,3.030077,2.713727,2.036450,2.263781,3.549605,2.203413,3.582669,2.185719,2.300866
1676060268.767495,1676060268.767967,63.000000,0.000000,4305.128418,4295.897461,4304.743652,4289.615234,4303.333496,4312.436035,4306.666504,4305.897461,4304.615234,4276.025879,4467.179688,4478.333496,4374.230957,4392.307617,0.000000,4.000000,85.000000,,,,0.000000,4.000000,4.000000,4.000000,4.000000,4.000000,4.000000,4.000000,4.000000,4.000000,4.000000,4.000000,4.000000,4.000000,4.000000,100.000000,,,,,,,,,,,,,,,,,,,,,,,,,,,,,,,,,,,,,,,,,,,,,,,,,,,,,,,,,,,,,,,,,,,,,,,,,,,,,,,,,,,,,,
1676060268.775303,1676060268.775775,64.000000,0.000000,4315.641113,4294.743652,4312.179688,4298.974121,4311.538574,4309.743652,4310.128418,4311.025879,4311.794922,4285.769043,4477.051270,4489.615234,4383.589844,4405.512695,2533.000000,4.000000,85.000000,,,,0.000000,4.000000,4.000000,4.000000,4.000000,4.000000,4.000000,4.000000,4.000000,4.000000,4.000000,4.000000,4.000000,4.000000,4.000000,100.000000,,,,,,,,,,,,,,,,,,,,,,,,,,,,,,,,,,,,,,,,,,,,,,,,,,,,,,,,,,,,,,,,,,,,,,,,,,,,,,,,,,,,,,
1676060268.783112,1676060268.783683,65.000000,0.000000,4309.615234,4293.461426,4312.563965,4300.641113,4310.256348,4300.256348,4307.563965,4314.230957,4306.922852,4283.077148,4475.256348,4491.025879,4375.769043,4401.538574,2491.000000,4.000000,85.000000,,,,0.000000,4.000000,4.000000,4.000000,4.000000,4.000000,4.000000,4.000000,4.000000,4.000000,4.000000,4.000000,4.000000,4.000000,4.000000,100.000000,,,,,,,,,,,,,,,,,,,,,,,,,,,,,,,,,,,,,,,,,,,,,,,,,,,,,,,,,,,,,,,,,,,,,,,,,,,,,,,,,,,,,,
1676060268.790920,1676060268.791492,66.000000,0.000000,4305.384766,4291.025879,4317.436035,4298.846191,4305.512695,4304.743652,4310.769043,4321.922852,4310.000000,4274.743652,4472.436035,4492.179688,4367.820313,4396.410156,2406.000000,4.000000,85.000000,,,,0.000000,4.000000,4.000000,4.000000,4.000000,4.000000,4.000000,4.000000,4.000000,4.000000,4.000000,4.000000,4.000000,4.000000,4.000000,100.000000,,,,,,,,,,,,,,,,,,,,,,,,,,,,,,,,,,,,,,,,,,,,,,,,,,,,,,,,,,,,,,,,,,,,,,,,,,,,,,,,,,,,,,
1676060268.798728,1676060268.799400,67.000000,0.000000,4323.846191,4300.000000,4332.948730,4312.692383,4311.794922,4316.922852,4319.230957,4332.692383,4326.410156,4285.000000,4481.410156,4510.128418,4387.051270,4411.410156,2481.000000,4.000000,85.000000,,,,0.000000,4.000000,4.000000,4.000000,4.000000,4.000000,4.000000,4.000000,4.000000,4.000000,4.000000,4.000000,4.000000,4.000000,4.000000,100.000000,,,,,,,,,,,,,,,,,,,,,,,,,,,,,,,,,,,,,,,,,,,,,,,,,,,,,,,,,,,,,,,,,,,,,,,,,,,,,,,,,,,,,,
1676060268.806537,1676060268.807209,68.000000,0.000000,4317.436035,4298.333496,4318.077148,4314.358887,4302.436035,4303.974121,4304.871582,4315.256348,4312.051270,4282.051270,4467.820313,4500.769043,4383.974121,4402.436035,2443.000000,4.000000,85.000000,,,,0.000000,4.000000,4.000000,4.000000,4.000000,4.000000,4.000000,4.000000,4.000000,4.000000,4.000000,4.000000,4.000000,4.000000,4.000000,100.000000,,,,,,,,,,,,,,,,,,,,,,,,,,,,,,,,,,,,,,,,,,,,,,,,,,,,,,,,,,,,,,,,,,,,,,,,,,,,,,,,,,,,,,
1676060268.814345,1676060268.815117,69.000000,0.000000,4281.153809,4274.871582,4286.538574,4300.128418,4283.589844,4287.051270,4282.948730,4289.487305,4279.487305,4258.461426,4434.487305,4465.897461,4348.974121,4368.717773,2386.000000,4.000000,85.000000,,,,0.000000,4.000000,4.000000,4.000000,4.000000,4.000000,4.000000,4.000000,4.000000,4.000000,4.000000,4.000000,4.000000,4.000000,4.000000,100.000000,,,,,,,,,,,,,,,,,,,,,,,,,,,,,,,,,,,,,,,,,,,,,,,,,,,,,,,,,,,,,,,,,,,,,,,,,,,,,,,,,,,,,,
1676060268.822153,1676060268.822925,70.000000,0.000000,4277.948730,4274.615234,4291.794922,4308.589844,4290.897461,4297.179688,4289.487305,4296.794922,4284.615234,4262.948730,4440.128418,4474.230957,4352.179688,4371.794922,2227.000000,4.000000,85.000000,,,,0.000000,4.000000,4.000000,4.000000,4.000000,4.000000,4.000000,4.000000,4.000000,4.000000,4.000000,4.000000,4.000000,4.000000,4.000000,100.000000,,,,,,,,,,,,,,,,,,,,,,,,,,,,,,,,,,,,,,,,,,,,,,,,,,,,,,,,,,,,,,,,,,,,,,,,,,,,,,,,,,,,,,
1676060268.829962,1676060268.830634,71.000000,0.000000,4297.563965,4292.692383,4305.512695,4327.563965,4301.922852,4304.743652,4299.102539,4308.717773,4306.153809,4285.128418,4462.820313,4506.794922,4374.743652,4390.384766,2224.000000,4.000000,85.000000,,,,0.000000,4.000000,4.000000,4.000000,4.000000,4.000000,4.000000,4.000000,4.000000,4.000000,4.000000,4.000000,4.000000,4.000000,4.000000,100.000000,,,,,,,,,,,,,,,,,,,,,,,,,,,,,,,,,,,,,,,,,,,,,,,,,,,,,,,,,,,,,,,,,,,,,,,,,,,,,,,,,,,,,,
1676060268.837770,1676060268.838442,72.000000,0.000000,4291.922852,4284.230957,4293.846191,4325.769043,4291.794922,4294.743652,4290.128418,4297.820313,4299.358887,4271.666504,4448.974121,4502.179688,4359.230957,4376.538574,2271.000000,4.000000,85.000000,,,,0.000000,4.000000,4.000000,4.000000,4.000000,4.000000,4.000000,4.000000,4.000000,4.000000,4.000000,4.000000,4.000000,4.000000,4.000000,100.000000,,,,,,,,,,,,,,,,,,,,,,,,,,,,,,,,,,,,,,,,,,,,,,,,,,,,,,,,,,,,,,,,,,,,,,,,,,,,,,,,,,,,,,
1676060268.845579,1676060268.846151,73.000000,0.000000,4295.000000,4281.794922,4297.563965,4335.769043,4297.948730,4300.256348,4295.512695,4301.538574,4291.410156,4261.282227,4449.358887,4507.948730,4359.615234,4379.615234,2237.000000,4.000000,85.000000,,,,0.000000,4.000000,4.000000,4.000000,4.000000,4.000000,4.000000,4.000000,4.000000,4.000000,4.000000,4.000000,4.000000,4.000000,4.000000,100.000000,,,,,,,,,,,,,,,,,,,,,,,,,,,,,,,,,,,,,,,,,,,,,,,,,,,,,,,,,,,,,,,,,,,,,,,,,,,,,,,,,,,,,,
1676060268.853387,1676060268.853959,74.000000,0.000000,4317.179688,4305.256348,4321.538574,4357.179688,4318.974121,4315.384766,4314.230957,4320.384766,4302.307617,4280.897461,4478.461426,4541.025879,4388.974121,4407.051270,2738.000000,4.000000,85.000000,,,,0.000000,4.000000,4.000000,4.000000,4.000000,4.000000,4.000000,4.000000,4.000000,4.000000,4.000000,4.000000,4.000000,4.000000,4.000000,100.000000,,,,,,,,,,,,,,,,,,,,,,,,,,,,,,,,,,,,,,,,,,,,,,,,,,,,,,,,,,,,,,,,,,,,,,,,,,,,,,,,,,,,,,
1676060268.861195,1676060268.861668,75.000000,0.000000,4310.256348,4301.410156,4314.743652,4345.256348,4310.000000,4307.307617,4307.436035,4310.512695,4297.692383,4276.538574,4469.230957,4531.794922,4379.871582,4398.461426,2947.000000,4.000000,85.000000,,,,0.000000,4.000000,4.000000,4.000000,4.000000,4.000000,4.000000,4.000000,4.000000,4.000000,4.000000,4.000000,4.000000,4.000000,4.000000,100.000000,,,,,,,,,,,,,,,,,,,,,,,,,,,,,,,,,,,,,,,,,,,,,,,,,,,,,,,,,,,,,,,,,,,,,,,,,,,,,,,,,,,,,,
1676060268.869004,1676060268.869476,76.000000,0.000000,4295.641113,4280.128418,4295.769043,4328.333496,4293.589844,4295.000000,4293.589844,4296.794922,4289.871582,4264.871582,4447.692383,4504.358887,4359.102539,4380.641113,3137.000000,4.000000,85.000000,,,,0.000000,4.000000,4.000000,4.000000,4.000000,4.000000,4.000000,4.000000,4.000000,4.000000,4.000000,4.000000,4.000000,4.000000,4.000000,100.000000,,,,,,,,,,,,,,,,,,,,,,,,,,,,,,,,,,,,,,,,,,,,,,,,,,,,,,,,,,,,,,,,,,,,,,,,,,,,,,,,,,,,,,
1676060268.876812,1676060268.877185,77.000000,0.000000,4295.256348,4278.974121,4295.128418,4333.461426,4295.641113,4297.563965,4295.256348,4304.615234,4300.384766,4279.871582,4454.230957,4513.077148,4364.102539,4387.179688,3253.000000,4.000000,85.000000,,,,0.000000,4.000000,4.000000,4.000000,4.000000,4.000000,4.000000,4.000000,4.000000,4.000000,4.000000,4.000000,4.000000,4.000000,4.000000,100.000000,,,,,,,,,,,,,,,,,,,,,,,,,,,,,,,,,,,,,,,,,,,,,,,,,,,,,,,,,,,,,,,,,,,,,,,,,,,,,,,,,,,,,,
1676060268.884621,1676060268.884993,78.000000,0.000000,4284.230957,4273.589844,4287.051270,4323.974121,4292.820313,4295.384766,4290.769043,4305.128418,4302.051270,4279.487305,4451.538574,4513.717773,4361.666504,4381.794922,2738.000000,4.000000,85.000000,,,,0.000000,4.000000,4.000000,4.000000,4.000000,4.000000,4.000000,4.000000,4.000000,4.000000,4.000000,4.000000,4.000000,4.000000,4.000000,100.000000,1.000000,75.000000,4.000000,4.000000,3.000000,4.000000,4.000000,4.000000,4.000000,4.000000,4.000000,3.000000,4.000000,3.000000,4.000000,3.000000,1.233390,0.903122,1.634107,1.520039,1.470127,6.279635,0.470067,1.308396,1.698837,1.929373,1.070779,1.200414,1.758594,1.794022,1.380101,4.180947,1.219361,1.214511,1.512369,1.556277,0.286622,0.440481,0.878872,0.915447,0.948605,0.552848,0.439280,0.502912,1.020811,0.741964,1.000105,0.529928,0.929115,1.369712,1.140993,1.242823,1.264266,1.664014,1.735166,1.313340,1.246133,0.880904,1.713295,2.029439,1.535145,1.362911,1.051001,1.264532,3.000641,1.712280,8.948424,3.683744,2.518202,2.452087,2.120005,5.766917,3.544183,2.742090,2.324853,2.164302,8.116097,2.647770,2.229809,2.124443,2.049659,2.870423,2.014572,2.888694,2.323348,2.027005
1676060268.892429,1676060268.892702,79.000000,0.000000,4284.615234,4267.692383,4278.974121,4311.282227,4287.179688,4291.410156,4286.410156,4300.769043,4298.589844,4258.717773,4444.871582,4499.358887,4362.179688,4374.871582,2947.000000,4.000000,85.000000,,,,0.000000,4.000000,4.000000,4.000000,4.000000,4.000000,4.000000,4.000000,4.000000,4.000000,4.000000,4.000000,4.000000,4.000000,4.000000,100.000000,,,,,,,,,,,,,,,,,,,,,,,,,,,,,,,,,,,,,,,,,,,,,,,,,,,,,,,,,,,,,,,,,,,,,,,,,,,,,,,,,,,,,,
1676060268.900237,1676060268.900510,80.000000,0.000000,4304.487305,4284.487305,4291.282227,4324.871582,4295.512695,4298.077148,4296.025879,4313.077148,4306.025879,4264.102539,4462.179688,4515.128418,4379.871582,4393.974121,3137.000000,4.000000,85.000000,,,,0.000000,4.000000,4.000000,4.000000,4.000000,4.000000,4.000000,4.000000,4.000000,4.000000,4.000000,4.000000,4.000000,4.000000,4.000000,100.000000,,,,,,,,,,,,,,,,,,,,,,,,,,,,,,,,,,,,,,,,,,,,,,,,,,,,,,,,,,,,,,,,,,,,,,,,,,,,,,,,,,,,,,
1676060268.908046,1676060268.908219,81.000000,0.000000,4303.974121,4288.589844,4298.846191,4333.333496,4299.102539,4296.922852,4295.897461,4315.256348,4298.717773,4276.922852,4466.282227,4525.384766,4376.922852,4401.025879,3253.000000,4.000000,85.000000,,,,0.000000,4.000000,4.000000,4.000000,4.000000,4.000000,4.000000,4.000000,4.000000,4.000000,4.000000,4.000000,4.000000,4.000000,4.000000,100.000000,,,,,,,,,,,,,,,,,,,,,,,,,,,,,,,,,,,,,,,,,,,,,,,,,,,,,,,,,,,,,,,,,,,,,,,,,,,,,,,,,,,,,,
1676060268.915854,1676060268.916027,82.000000,0.000000,4291.794922,4277.179688,4291.410156,4326.282227,4295.256348,4291.666504,4288.077148,4299.615234,4280.256348,4269.871582,4449.871582,4507.307617,4360.384766,4385.769043,2738.000000,4.000000,85.000000,,,,0.000000,4.000000,4.000000,4.000000,4.000000,4.000000,4.000000,4.000000,4.000000,4.000000,4.000000,4.000000,4.000000,4.000000,4.000000,100.000000,,,,,,,,,,,,,,,,,,,,,,,,,,,,,,,,,,,,,,,,,,,,,,,,,,,,,,,,,,,,,,,,,,,,,,,,,,,,,,,,,,,,,,
1676060268.923663,1676060268.923736,83.000000,0.000000,4295.384766,4280.000000,4285.769043,4323.461426,4294.871582,4295.512695,4289.102539,4290.641113,4274.871582,4257.179688,4441.025879,4494.871582,4357.307617,4379.230957,2947.000000,4.000000,85.000000,,,,0.000000,4.000000,4.000000,4.000000,4.000000,4.000000,4.000000,4.000000,4.000000,4.000000,4.000000,4.000000,4.000000,4.000000,4.000000,100.000000,,,,,,,,,,,,,,,,,,,,,,,,,,,,,,,,,,,,,,,,,,,,,,,,,,,,,,,,,,,,,,,,,,,,,,,,,,,,,,,,,,,,,,
1676060268.931471,1676060268.931644,84.000000,0.000000,4302.307617,4283.717773,4288.333496,4323.077148,4295.000000,4296.794922,4293.333496,4293.846191,4282.436035,4261.153809,4447.051270,4500.769043,4361.922852,4385.512695,3137.000000,4.000000,85.000000,,,,0.000000,4.000000,4.000000,4.000000,4.000000,4.000000,4.000000,4.000000,4.000000,4.000000,4.000000,4.000000,4.000000,4.000000,4.000000,100.000000,,,,,,,,,,,,,,,,,,,,,,,,,,,,,,,,,,,,,,,,,,,,,,,,,,,,,,,,,,,,,,,,,,,,,,,,,,,,,,,,,,,,,,
1676060268.939279,1676060268.939453,85.000000,0.000000,4298.974121,4279.230957,4293.205078,4322.948730,4298.589844,4296.538574,4293.589844,4301.025879,4288.077148,4272.436035,4456.410156,4505.769043,4365.000000,4389.743652,3253.000000,4.000000,85.000000,,,,0.000000,4.000000,4.000000,4.000000,4.000000,4.000000,4.000000,4.000000,4.000000,4.000000,4.000000,4.000000,4.000000,4.000000,4.000000,100.000000,,,,,,,,,,,,,,,,,,,,,,,,,,,,,,,,,,,,,,,,,,,,,,,,,,,,,,,,,,,,,,,,,,,,,,,,,,,,,,,,,,,,,,
1676060268.947088,1676060268.947361,86.000000,0.000000,4295.000000,4288.077148,4297.179688,4326.410156,4303.717773,4304.871582,4296.538574,4306.025879,4289.871582,4270.512695,4457.436035,4503.974121,4366.025879,4388.974121,2738.000000,4.000000,85.000000,,,,0.000000,4.000000,4.000000,4.000000,4.000000,4.000000,4.000000,4.000000,4.000000,4.000000,4.000000,4.000000,4.000000,4.000000,4.000000,100.000000,,,,,,,,,,,,,,,,,,,,,,,,,,,,,,,,,,,,,,,,,,,,,,,,,,,,,,,,,,,,,,,,,,,,,,,,,,,,,,,,,,,,,,
1676060268.954896,1676060268.955169,87.000000,0.000000,4310.384766,4305.512695,4308.205078,4336.410156,4311.282227,4314.358887,4310.769043,4318.974121,4307.051270,4281.410156,4471.538574,4522.948730,4380.897461,4403.205078,2947.000000,4.000000,85.000000,,,,0.000000,4.000000,4.000000,4.000000,4.000000,4.000000,4.000000,4.000000,4.000000,4.000000,4.000000,4.000000,4.000000,4.000000,4.000000,100.000000,,,,,,,,,,,,,,,,,,,,,,,,,,,,,,,,,,,,,,,,,,,,,,,,,,,,,,,,,,,,,,,,,,,,,,,,,,,,,,,,,,,,,,
1676060268.962705,1676060268.963078,88.000000,0.000000,4327.563965,4305.897461,4316.922852,4343.974121,4312.563965,4313.077148,4318.846191,4330.512695,4323.205078,4297.692383,4488.589844,4540.769043,4395.769043,4416.410156,3137.000000,4.000000,85.000000,,,,0.000000,4.000000,4.000000,4.000000,4.000000,4.000000,4.000000,4.000000,4.000000,4.000000,4.000000,4.000000,4.000000,4.000000,4.000000,100.000000,,,,,,,,,,,,,,,,,,,,,,,,,,,,,,,,,,,,,,,,,,,,,,,,,,,,,,,,,,,,,,,,,,,,,,,,,,,,,,,,,,,,,,
1676060268.970513,1676060268.970886,89.000000,0.000000,4316.922852,4297.179688,4305.641113,4334.230957,4303.461426,4302.948730,4303.333496,4321.153809,4311.794922,4288.846191,4476.410156,4525.512695,4385.128418,4404.230957,3253.000000,4.000000,85.000000,,,,0.000000,4.000000,4.000000,4.000000,4.000000,4.000000,4.000000,4.000000,4.000000,4.000000,4.000000,4.000000,4.000000,4.000000,4.000000,100.000000,,,,,,,,,,,,,,,,,,,,,,,,,,,,,,,,,,,,,,,,,,,,,,,,,,,,,,,,,,,,,,,,,,,,,,,,,,,,,,,,,,,,,,
1676060268.978321,1676060268.978795,90.000000,0.000000,4296.794922,4291.922852,4286.794922,4316.282227,4293.077148,4287.436035,4280.512695,4303.333496,4294.358887,4272.436035,4452.307617,4498.077148,4365.512695,4387.436035,2738.000000,4.000000,85.000000,,,,0.000000,4.000000,4.000000,4.000000,4.000000,4.000000,4.000000,4.000000,4.000000,4.000000,4.000000,4.000000,4.000000,4.000000,4.000000,100.000000,,,,,,,,,,,,,,,,,,,,,,,,,,,,,,,,,,,,,,,,,,,,,,,,,,,,,,,,,,,,,,,,,,,,,,,,,,,,,,,,,,,,,,
1676060268.986130,1676060268.986603,91.000000,0.000000,4290.256348,4278.205078,4276.538574,4306.794922,4282.692383,4276.538574,4273.974121,4290.000000,4283.333496,4262.948730,4437.051270,4483.974121,4352.307617,4377.948730,2947.000000,4.000000,85.000000,,,,0.000000,4.000000,4.000000,4.000000,4.000000,4.000000,4.000000,4.000000,4.000000,4.000000,4.000000,4.000000,4.000000,4.000000,4.000000,100.000000,,,,,,,,,,,,,,,,,,,,,,,,,,,,,,,,,,,,,,,,,,,,,,,,,,,,,,,,,,,,,,,,,,,,,,,,,,,,,,,,,,,,,,
1676060268.993938,1676060268.994511,92.000000,0.000000,4306.794922,4279.358887,4293.205078,4321.025879,4290.384766,4292.051270,4295.641113,4301.666504,4286.794922,4265.641113,4453.589844,4503.589844,4363.461426,4391.922852,3137.000000,4.000000,85.000000,,,,0.000000,4.000000,4.000000,4.000000,4.000000,4.000000,4.000000,4.000000,4.000000,4.000000,4.000000,4.000000,4.000000,4.000000,4.000000,100.000000,,,,,,,,,,,,,,,,,,,,,,,,,,,,,,,,,,,,,,,,,,,,,,,,,,,,,,,,,,,,,,,,,,,,,,,,,,,,,,,,,,,,,,
1676060269.001746,1676060269.002320,93.000000,0.000000,4335.256348,4311.153809,4327.948730,4348.974121,4316.794922,4315.384766,4322.948730,4333.461426,4310.128418,4286.153809,4498.333496,4544.230957,4398.205078,4427.692383,3253.000000,4.000000,85.000000,,,,0.000000,4.000000,4.000000,4.000000,4.000000,4.000000,4.000000,4.000000,4.000000,4.000000,4.000000,4.000000,4.000000,4.000000,4.000000,100.000000,,,,,,,,,,,,,,,,,,,,,,,,,,,,,,,,,,,,,,,,,,,,,,,,,,,,,,,,,,,,,,,,,,,,,,,,,,,,,,,,,,,,,,
1676060269.009555,1676060269.010028,94.000000,0.000000,4325.512695,4309.358887,4318.846191,4338.589844,4315.897461,4308.333496,4312.051270,4328.205078,4310.000000,4289.230957,4503.717773,4533.333496,4393.974121,4421.025879,2738.000000,4.000000,85.000000,,,,0.000000,4.000000,4.000000,4.000000,4.000000,4.000000,4.000000,4.000000,4.000000,4.000000,4.000000,4.000000,4.000000,4.000000,4.000000,100.000000,,,,,,,,,,,,,,,,,0.961028,0.892801,1.414955,1.592960,1.255406,5.645133,0.503885,1.328819,1.736477,1.685790,1.168650,1.061620,1.478791,1.846650,1.212911,4.222380,1.374493,1.204319,1.577249,1.337727,0.299612,0.516175,0.747939,0.879238,0.843030,0.510849,0.518950,0.470534,1.005144,0.623899,0.885341,0.643346,0.697038,1.404478,1.000237,1.018467,1.104841,1.253025,1.794352,1.131871,1.113448,0.913353,1.467343,2.100831,1.372111,1.155949,1.041799,1.257342,2.978144,1.481083,6.226597,2.824345,1.917773,2.500186,1.783475,5.819967,2.966626,2.090357,2.370809,1.885429,6.444561,2.276148,1.787803,2.107043,1.776035,2.143480,1.861132,2.225399,2.366050,1.696396
1676060269.017363,1676060269.017837,95.000000,0.000000,4290.256348,4271.794922,4283.077148,4302.051270,4293.333496,4287.692383,4286.794922,4293.974121,4281.922852,4268.974121,4476.922852,4486.538574,4356.282227,4379.358887,2947.000000,4.000000,85.000000,,,,0.000000,4.000000,4.000000,4.000000,4.000000,4.000000,4.000000,4.000000,4.000000,4.000000,4.000000,4.000000,4.000000,4.000000,4.000000,100.000000,,,,,,,,,,,,,,,,,,,,,,,,,,,,,,,,,,,,,,,,,,,,,,,,,,,,,,,,,,,,,,,,,,,,,,,,,,,,,,,,,,,,,,
1676060269.025172,1676060269.025545,96.000000,0.000000,4303.717773,4280.384766,4301.025879,4313.205078,4299.230957,4294.358887,4297.692383,4303.974121,4293.846191,4289.102539,4504.743652,4503.589844,4369.358887,4393.461426,3137.000000,4.000000,85.000000,,,,0.000000,4.000000,4.000000,4.000000,4.000000,4.000000,4.000000,4.000000,4.000000,4.000000,4.000000,4.000000,4.000000,4.000000,4.000000,100.000000,,,,,,,,,,,,,,,,,,,,,,,,,,,,,,,,,,,,,,,,,,,,,,,,,,,,,,,,,,,,,,,,,,,,,,,,,,,,,,,,,,,,,,
1676060269.032980,1676060269.033354,97.000000,0.000000,4330.769043,4305.256348,4328.205078,4337.051270,4307.563965,4302.820313,4309.743652,4331.922852,4320.769043,4315.000000,4554.358887,4538.589844,4399.743652,4431.025879,3253.000000,4.000000,85.000000,,,,0.000000,4.000000,4.000000,4.000000,4.000000,4.000000,4.000000,4.000000,4.000000,4.000000,4.000000,4.000000,4.000000,4.000000,4.000000,100.000000,,,,,,,,,,,,,,,,,,,,,,,,,,,,,,,,,,,,,,,,,,,,,,,,,,,,,,,,,,,,,,,,,,,,,,,,,,,,,,,,,,,,,,
1676060269.040788,1676060269.041062,98.000000,0.000000,4307.179688,4283.717773,4303.846191,4312.563965,4288.846191,4286.410156,4289.615234,4311.922852,4300.769043,4283.717773,4547.692383,4509.230957,4373.846191,4408.077148,2738.000000,4.000000,85.000000,,,,0.000000,4.000000,4.000000,4.000000,4.000000,4.000000,4.000000,4.000000,4.000000,4.000000,4.000000,4.000000,4.000000,4.000000,4.000000,100.000000,,,,,,,,,,,,,,,,,,,,,,,,,,,,,,,,,,,,,,,,,,,,,,,,,,,,,,,,,,,,,,,,,,,,,,,,,,,,,,,,,,,,,,
1676060269.048597,1676060269.048871,99.000000,0.000000,4289.102539,4267.692383,4290.897461,4294.230957,4286.153809,4282.820313,4285.897461,4292.820313,4282.436035,4259.871582,4531.538574,4486.025879,4350.641113,4381.794922,2947.000000,4.000000,85.000000,,,,0.000000,4.000000,4.000000,4.000000,4.000000,4.000000,4.000000,4.000000,4.000000,4.000000,4.000000,4.000000,4.000000,4.000000,4.000000,100.000000,,,,,,,,,,,,,,,,,,,,,,,,,,,,,,,,,,,,,,,,,,,,,,,,,,,,,,,,,,,,,,,,,,,,,,,,,,,,,,,,,,,,,,
1676060269.056405,1676060269.056579,100.000000,0.000000,4322.563965,4290.384766,4321.025879,4320.897461,4311.410156,4306.282227,4315.641113,4321.153809,4305.641113,4284.102539,4552.051270,4522.948730,4379.102539,4411.282227,3137.000000,4.000000,85.000000,,,,0.000000,4.000000,4.000000,4.000000,4.000000,4.000000,4.000000,4.000000,4.000000,4.000000,4.000000,4.000000,4.000000,4.000000,4.000000,100.000000,,,,,,,,,,,,,,,,,,,,,,,,,,,,,,,,,,,,,,,,,,,,,,,,,,,,,,,,,,,,,,,,,,,,,,,,,,,,,,,,,,,,,,
1676060269.064213,1676060269.064488,101.000000,0.000000,4341.153809,4303.333496,4336.794922,4337.436035,4320.897461,4317.179688,4329.230957,4344.871582,4320.769043,4295.769043,4567.563965,4548.589844,4400.384766,4433.846191,3253.000000,4.000000,85.000000,,,,0.000000,4.000000,4.000000,4.000000,4.000000,4.000000,4.000000,4.000000,4.000000,4.000000,4.000000,4.000000,4.000000,4.000000,4.000000,100.000000,,,,,,,,,,,,,,,,,,,,,,,,,,,,,,,,,,,,,,,,,,,,,,,,,,,,,,,,,,,,,,,,,,,,,,,,,,,,,,,,,,,,,,
1676060269.072022,1676060269.072296,102.000000,0.000000,4317.563965,4293.461426,4324.487305,4321.666504,4305.384766,4304.871582,4308.974121,4328.974121,4305.256348,4282.436035,4551.282227,4527.948730,4389.743652,4416.666504,2738.000000,4.000000,85.000000,,,,0.000000,4.000000,4.000000,4.000000,4.000000,4.000000,4.000000,4.000000,4.000000,4.000000,4.000000,4.000000,4.000000,4.000000,4.000000,100.000000,,,,,,,,,,,,,,,,,,,,,,,,,,,,,,,,,,,,,,,,,,,,,,,,,,,,,,,,,,,,,,,,,,,,,,,,,,,,,,,,,,,,,,
1676060269.079830,1676060269.080205,103.000000,0.000000,4304.871582,4287.563965,4307.563965,4307.307617,4293.589844,4293.077148,4289.487305,4307.436035,4289.487305,4278.717773,4526.410156,4505.128418,4376.025879,4397.820313,2947.000000,4.000000,85.000000,,,,0.000000,4.000000,4.000000,4.000000,4.000000,4.000000,4.000000,4.000000,4.000000,4.000000,4.000000,4.000000,4.000000,4.000000,4.000000,100.000000,,,,,,,,,,,,,,,,,,,,,,,,,,,,,,,,,,,,,,,,,,,,,,,,,,,,,,,,,,,,,,,,,,,,,,,,,,,,,,,,,,,,,,
1676060269.087639,1676060269.088013,104.000000,0.000000,4309.487305,4289.102539,4295.641113,4306.282227,4291.538574,4293.589844,4289.871582,4304.358887,4287.692383,4275.384766,4515.256348,4501.538574,4368.846191,4392.692383,3137.000000,4.000000,85.000000,,,,0.000000,4.000000,4.000000,4.000000,4.000000,4.000000,4.000000,4.000000,4.000000,4.000000,4.000000,4.000000,4.000000,4.000000,4.000000,100.000000,,,,,,,,,,,,,,,,,,,,,,,,,,,,,,,,,,,,,,,,,,,,,,,,,,,,,,,,,,,,,,,,,,,,,,,,,,,,,,,,,,,,,,
1676060269.095447,1676060269.095921,105.000000,0.000000,4316.153809,4295.769043,4303.846191,4316.410156,4298.205078,4302.179688,4299.102539,4315.000000,4300.641113,4277.563965,4523.205078,4511.025879,4379.871582,4403.974121,3253.000000,4.000000,85.000000,,,,0.000000,4.000000,4.000000,4.000000,4.000000,4.000000,4.000000,4.000000,4.000000,4.000000,4.000000,4.000000,4.000000,4.000000,4.000000,100.000000,,,,,,,,,,,,,,,,,,,,,,,,,,,,,,,,,,,,,,,,,,,,,,,,,,,,,,,,,,,,,,,,,,,,,,,,,,,,,,,,,,,,,,
1676060269.103255,1676060269.103730,106.000000,0.000000,4312.179688,4292.948730,4309.487305,4314.743652,4300.512695,4301.666504,4297.307617,4315.769043,4303.846191,4284.487305,4523.205078,4508.077148,4388.333496,4410.769043,2738.000000,4.000000,85.000000,,,,0.000000,4.000000,4.000000,4.000000,4.000000,4.000000,4.000000,4.000000,4.000000,4.000000,4.000000,4.000000,4.000000,4.000000,4.000000,100.000000,,,,,,,,,,,,,,,,,,,,,,,,,,,,,,,,,,,,,,,,,,,,,,,,,,,,,,,,,,,,,,,,,,,,,,,,,,,,,,,,,,,,,,
1676060269.111064,1676060269.111538,107.000000,0.000000,4292.436035,4273.974121,4289.743652,4291.922852,4293.846191,4289.102539,4287.436035,4296.025879,4280.641113,4267.692383,4499.102539,4484.358887,4366.282227,4388.717773,2947.000000,4.000000,85.000000,,,,0.000000,4.000000,4.000000,4.000000,4.000000,4.000000,4.000000,4.000000,4.000000,4.000000,4.000000,4.000000,4.000000,4.000000,4.000000,100.000000,,,,,,,,,,,,,,,,,,,,,,,,,,,,,,,,,,,,,,,,,,,,,,,,,,,,,,,,,,,,,,,,,,,,,,,,,,,,,,,,,,,,,,
1676060269.118872,1676060269.119247,108.000000,0.000000,4296.922852,4274.487305,4295.512695,4297.307617,4304.358887,4302.307617,4303.205078,4300.641113,4282.307617,4264.615234,4499.358887,4493.846191,4363.461426,4388.077148,3137.000000,4.000000,85.000000,,,,0.000000,4.000000,4.000000,4.000000,4.000000,4.000000,4.000000,4.000000,4.000000,4.000000,4.000000,4.000000,4.000000,4.000000,4.000000,100.000000,,,,,,,,,,,,,,,,,,,,,,,,,,,,,,,,,,,,,,,,,,,,,,,,,,,,,,,,,,,,,,,,,,,,,,,,,,,,,,,,,,,,,,
1676060269.126680,1676060269.127155,109.000000,0.000000,4322.948730,4294.102539,4325.128418,4323.974121,4322.307617,4325.512695,4326.922852,4331.794922,4315.641113,4299.230957,4529.871582,4530.769043,4390.641113,4421.538574,3253.000000,4.000000,85.000000,,,,0.000000,4.000000,4.000000,4.000000,4.000000,4.000000,4.000000,4.000000,4.000000,4.000000,4.000000,4.000000,4.000000,4.000000,4.000000,100.000000,,,,,,,,,,,,,,,,,,,,,,,,,,,,,,,,,,,,,,,,,,,,,,,,,,,,,,,,,,,,,,,,,,,,,,,,,,,,,,,,,,,,,,
1676060269.134489,1676060269.134964,110.000000,0.000000,4306.282227,4278.333496,4307.692383,4308.846191,4305.897461,4305.512695,4307.820313,4319.743652,4302.948730,4296.922852,4510.384766,4512.051270,4376.410156,4405.897461,2738.000000,4.000000,85.000000,,,,0.000000,4.000000,4.000000,4.000000,4.000000,4.000000,4.000000,4.000000,4.000000,4.000000,4.000000,4.000000,4.000000,4.000000,4.000000,100.000000,,,,,,,,,,,,,,,,,0.739073,0.935956,1.327430,1.604326,1.030486,4.793491,0.566683,1.382398,1.689920,1.407907,1.227725,0.943129,1.330902,1.846447,1.030737,3.956447,1.451178,1.256194,1.578097,1.090231,0.344472,0.581500,0.652344,0.814085,0.709093,0.464050,0.588816,0.444734,0.959942,0.496667,0.738406,0.835382,0.623612,1.386428,0.840378,0.804102,1.056170,1.014877,1.757812,0.959884,0.975499,0.982109,1.308086,2.038753,1.176947,1.011638,1.037946,1.316553,2.777802,1.235609,4.227232,2.146322,1.486596,2.422882,1.472005,5.460930,2.443641,1.678458,2.326203,1.563506,4.923261,1.973589,1.457387,1.986858,1.485778,1.532349,1.763198,1.729377,2.302875,1.371868
1676060269.142297,1676060269.142872,111.000000,0.000000,4274.743652,4255.000000,4279.871582,4283.205078,4285.512695,4281.538574,4284.615234,4290.512695,4274.615234,4264.487305,4468.846191,4474.743652,4345.897461,4366.794922,2947.000000,4.000000,85.000000,,,,0.000000,4.000000,4.000000,4.000000,4.000000,4.000000,4.000000,4.000000,4.000000,4.000000,4.000000,4.000000,4.000000,4.000000,4.000000,100.000000,,,,,,,,,,,,,,,,,,,,,,,,,,,,,,,,,,,,,,,,,,,,,,,,,,,,,,,,,,,,,,,,,,,,,,,,,,,,,,,,,,,,,,
1676060269.150106,1676060269.150680,112.000000,0.000000,4294.743652,4274.358887,4302.307617,4302.820313,4298.589844,4296.025879,4297.436035,4309.230957,4301.794922,4276.922852,4488.077148,4499.487305,4365.769043,4392.179688,3137.000000,4.000000,85.000000,,,,0.000000,4.000000,4.000000,4.000000,4.000000,4.000000,4.000000,4.000000,4.000000,4.000000,4.000000,4.000000,4.000000,4.000000,4.000000,100.000000,,,,,,,,,,,,,,,,,,,,,,,,,,,,,,,,,,,,,,,,,,,,,,,,,,,,,,,,,,,,,,,,,,,,,,,,,,,,,,,,,,,,,,
1676060269.157914,1676060269.158589,113.000000,0.000000,4307.948730,4280.000000,4310.000000,4308.589844,4297.948730,4296.922852,4290.384766,4318.077148,4312.563965,4286.922852,4501.282227,4510.384766,4377.692383,4411.794922,3253.000000,4.000000,85.000000,,,,0.000000,4.000000,4.000000,4.000000,4.000000,4.000000,4.000000,4.000000,4.000000,4.000000,4.000000,4.000000,4.000000,4.000000,4.000000,100.000000,,,,,,,,,,,,,,,,,,,,,,,,,,,,,,,,,,,,,,,,,,,,,,,,,,,,,,,,,,,,,,,,,,,,,,,,,,,,,,,,,,,,,,
1676060269.165722,1676060269.166397,114.000000,0.000000,4290.000000,4261.025879,4288.205078,4286.538574,4287.051270,4284.230957,4271.794922,4297.051270,4285.641113,4261.282227,4478.974121,4482.436035,4362.563965,4389.102539,2738.000000,4.000000,85.000000,,,,0.000000,4.000000,4.000000,4.000000,4.000000,4.000000,4.000000,4.000000,4.000000,4.000000,4.000000,4.000000,4.000000,4.000000,4.000000,100.000000,,,,,,,,,,,,,,,,,,,,,,,,,,,,,,,,,,,,,,,,,,,,,,,,,,,,,,,,,,,,,,,,,,,,,,,,,,,,,,,,,,,,,,
1676060269.173531,1676060269.174305,115.000000,0.000000,4301.922852,4279.871582,4297.563965,4300.512695,4302.563965,4297.820313,4292.820313,4308.205078,4293.974121,4268.077148,4492.563965,4494.102539,4377.820313,4398.077148,2947.000000,4.000000,85.000000,,,,0.000000,4.000000,4.000000,4.000000,4.000000,4.000000,4.000000,4.000000,4.000000,4.000000,4.000000,4.000000,4.000000,4.000000,4.000000,100.000000,,,,,,,,,,,,,,,,,,,,,,,,,,,,,,,,,,,,,,,,,,,,,,,,,,,,,,,,,,,,,,,,,,,,,,,,,,,,,,,,,,,,,,
1676060269.181339,1676060269.182114,116.000000,0.000000,4326.666504,4304.358887,4318.461426,4321.025879,4307.948730,4310.128418,4309.358887,4326.153809,4310.769043,4297.179688,4517.948730,4517.051270,4398.461426,4423.461426,3137.000000,4.000000,85.000000,,,,0.000000,4.000000,4.000000,4.000000,4.000000,4.000000,4.000000,4.000000,4.000000,4.000000,4.000000,4.000000,4.000000,4.000000,4.000000,100.000000,,,,,,,,,,,,,,,,,,,,,,,,,,,,,,,,,,,,,,,,,,,,,,,,,,,,,,,,,,,,,,,,,,,,,,,,,,,,,,,,,,,,,,
1676060269.189148,1676060269.189922,117.000000,0.000000,4327.692383,4292.051270,4318.974121,4314.102539,4301.410156,4304.358887,4300.384766,4318.077148,4297.307617,4298.205078,4507.307617,4510.897461,4391.538574,4420.769043,3253.000000,4.000000,85.000000,,,,0.000000,4.000000,4.000000,4.000000,4.000000,4.000000,4.000000,4.000000,4.000000,4.000000,4.000000,4.000000,4.000000,4.000000,4.000000,100.000000,,,,,,,,,,,,,,,,,,,,,,,,,,,,,,,,,,,,,,,,,,,,,,,,,,,,,,,,,,,,,,,,,,,,,,,,,,,,,,,,,,,,,,
1676060269.196956,1676060269.197731,118.000000,0.000000,4327.179688,4289.743652,4320.769043,4313.077148,4312.436035,4306.794922,4305.384766,4321.025879,4299.358887,4296.282227,4503.333496,4516.025879,4388.461426,4422.563965,2738.000000,4.000000,85.000000,,,,0.000000,4.000000,4.000000,4.000000,4.000000,4.000000,4.000000,4.000000,4.000000,4.000000,4.000000,4.000000,4.000000,4.000000,4.000000,100.000000,,,,,,,,,,,,,,,,,,,,,,,,,,,,,,,,,,,,,,,,,,,,,,,,,,,,,,,,,,,,,,,,,,,,,,,,,,,,,,,,,,,,,,
1676060269.204764,1676060269.205439,119.000000,0.000000,4333.205078,4303.461426,4325.128418,4322.692383,4323.717773,4311.410156,4319.743652,4333.461426,4316.666504,4307.436035,4517.436035,4530.512695,4400.512695,4437.820313,2947.000000,4.000000,85.000000,,,,0.000000,4.000000,4.000000,4.000000,4.000000,4.000000,4.000000,4.000000,4.000000,4.000000,4.000000,4.000000,4.000000,4.000000,4.000000,100.000000,,,,,,,,,,,,,,,,,,,,,,,,,,,,,,,,,,,,,,,,,,,,,,,,,,,,,,,,,,,,,,,,,,,,,,,,,,,,,,,,,,,,,,
1676060269.212573,1676060269.213248,120.000000,0.000000,4321.666504,4290.769043,4311.666504,4314.358887,4311.410156,4302.307617,4311.666504,4319.743652,4304.230957,4301.410156,4506.025879,4515.641113,4393.333496,4425.641113,3137.000000,4.000000,85.000000,,,,0.000000,4.000000,4.000000,4.000000,4.000000,4.000000,4.000000,4.000000,4.000000,4.000000,4.000000,4.000000,4.000000,4.000000,4.000000,100.000000,,,,,,,,,,,,,,,,,,,,,,,,,,,,,,,,,,,,,,,,,,,,,,,,,,,,,,,,,,,,,,,,,,,,,,,,,,,,,,,,,,,,,,
1676060269.220381,1676060269.220956,121.000000,0.000000,4304.615234,4269.743652,4295.641113,4297.563965,4298.589844,4295.769043,4297.563965,4306.410156,4289.358887,4282.179688,4483.846191,4494.615234,4371.282227,4403.333496,3253.000000,4.000000,85.000000,,,,0.000000,4.000000,4.000000,4.000000,4.000000,4.000000,4.000000,4.000000,4.000000,4.000000,4.000000,4.000000,4.000000,4.000000,4.000000,100.000000,,,,,,,,,,,,,,,,,,,,,,,,,,,,,,,,,,,,,,,,,,,,,,,,,,,,,,,,,,,,,,,,,,,,,,,,,,,,,,,,,,,,,,
1676060269.228190,1676060269.228765,122.000000,0.000000,4310.641113,4273.589844,4301.794922,4295.128418,4304.487305,4298.333496,4300.128418,4315.897461,4298.205078,4277.692383,4483.077148,4497.692383,4371.922852,4407.436035,2738.000000,4.000000,85.000000,,,,0.000000,4.000000,4.000000,4.000000,4.000000,4.000000,4.000000,4.000000,4.000000,4.000000,4.000000,4.000000,4.000000,4.000000,4.000000,100.000000,,,,,,,,,,,,,,,,,,,,,,,,,,,,,,,,,,,,,,,,,,,,,,,,,,,,,,,,,,,,,,,,,,,,,,,,,,,,,,,,,,,,,,
1676060269.235998,1676060269.236473,123.000000,0.000000,4319.743652,4282.948730,4313.589844,4298.333496,4306.538574,4294.358887,4301.666504,4323.846191,4306.666504,4282.948730,4490.897461,4505.256348,4385.641113,4419.358887,2947.000000,4.000000,85.000000,,,,0.000000,4.000000,4.000000,4.000000,4.000000,4.000000,4.000000,4.000000,4.000000,4.000000,4.000000,4.000000,4.000000,4.000000,4.000000,100.000000,,,,,,,,,,,,,,,,,,,,,,,,,,,,,,,,,,,,,,,,,,,,,,,,,,,,,,,,,,,,,,,,,,,,,,,,,,,,,,,,,,,,,,
1676060269.243806,1676060269.244282,124.000000,0.000000,4303.589844,4272.179688,4302.436035,4291.282227,4296.282227,4285.256348,4288.717773,4312.051270,4295.256348,4270.128418,4476.538574,4494.743652,4374.102539,4407.436035,3137.000000,4.000000,85.000000,,,,0.000000,4.000000,4.000000,4.000000,4.000000,4.000000,4.000000,4.000000,4.000000,4.000000,4.000000,4.000000,4.000000,4.000000,4.000000,100.000000,,,,,,,,,,,,,,,,,,,,,,,,,,,,,,,,,,,,,,,,,,,,,,,,,,,,,,,,,,,,,,,,,,,,,,,,,,,,,,,,,,,,,,
1676060269.251615,1676060269.251990,125.000000,0.000000,4291.794922,4264.615234,4287.563965,4283.589844,4292.307617,4285.128418,4280.384766,4299.102539,4281.025879,4255.897461,4457.820313,4479.487305,4358.077148,4391.666504,3253.000000,4.000000,85.000000,,,,0.000000,4.000000,4.000000,4.000000,4.000000,4.000000,4.000000,4.000000,4.000000,4.000000,4.000000,4.000000,4.000000,4.000000,4.000000,100.000000,,,,,,,,,,,,,,,,,,,,,,,,,,,,,,,,,,,,,,,,,,,,,,,,,,,,,,,,,,,,,,,,,,,,,,,,,,,,,,,,,,,,,,
1676060269.259423,1676060269.259799,126.000000,0.000000,4326.922852,4294.871582,4313.077148,4304.615234,4313.846191,4301.282227,4304.487305,4317.051270,4298.846191,4282.436035,4491.794922,4505.128418,4392.563965,4420.128418,2738.000000,4.000000,85.000000,,,,0.000000,4.000000,4.000000,4.000000,4.000000,4.000000,4.000000,4.000000,4.000000,4.000000,4.000000,4.000000,4.000000,4.000000,4.000000,100.000000,,,,,,,,,,,,,,,,,0.604536,0.988098,1.337534,1.530624,0.835753,3.933406,0.642885,1.406508,1.557596,1.151933,1.238689,0.842695,1.331266,1.791500,0.865161,3.476904,1.414694,1.323663,1.503555,0.861994,0.414567,0.633311,0.609949,0.739305,0.570956,0.431304,0.647891,0.450170,0.912529,0.388155,0.586091,1.071542,0.716748,1.329801,0.692335,0.638065,1.111366,0.952171,1.650792,0.827191,0.862155,1.075382,1.234224,1.879360,0.986975,0.922815,1.000201,1.452240,2.479697,1.008689,3.108954,1.718700,1.246641,2.265204,1.223312,4.720709,1.981283,1.526873,2.230561,1.273209,3.718086,1.729885,1.244545,1.815041,1.228628,1.097473,1.689915,1.439974,2.157729,1.110030
1676060269.267231,1676060269.267507,127.000000,0.000000,4364.487305,4324.358887,4347.307617,4334.487305,4332.436035,4316.922852,4329.743652,4340.769043,4323.846191,4311.410156,4538.974121,4540.641113,4430.128418,4457.179688,85.000000,4.000000,85.000000,,,,0.000000,4.000000,4.000000,4.000000,4.000000,4.000000,4.000000,4.000000,4.000000,4.000000,4.000000,4.000000,4.000000,4.000000,4.000000,100.000000,,,,,,,,,,,,,,,,,,,,,,,,,,,,,,,,,,,,,,,,,,,,,,,,,,,,,,,,,,,,,,,,,,,,,,,,,,,,,,,,,,,,,,
1676060269.275040,1676060269.275316,0.000000,0.000000,4345.000000,4307.563965,4334.358887,4322.051270,4320.384766,4318.717773,4318.589844,4328.717773,4309.743652,4296.025879,4526.410156,4521.922852,4405.128418,4441.538574,2499.000000,4.000000,85.000000,,,,0.000000,4.000000,4.000000,4.000000,4.000000,4.000000,4.000000,4.000000,4.000000,4.000000,4.000000,4.000000,4.000000,4.000000,4.000000,100.000000,,,,,,,,,,,,,,,,,,,,,,,,,,,,,,,,,,,,,,,,,,,,,,,,,,,,,,,,,,,,,,,,,,,,,,,,,,,,,,,,,,,,,,
1676060269.282848,1676060269.283024,1.000000,0.000000,4311.153809,4287.436035,4308.077148,4294.871582,4307.307617,4312.307617,4297.563965,4308.717773,4286.153809,4277.179688,4500.769043,4489.871582,4375.512695,4409.743652,2468.000000,4.000000,85.000000,,,,0.000000,4.000000,4.000000,4.000000,4.000000,4.000000,4.000000,4.000000,4.000000,4.000000,4.000000,4.000000,4.000000,4.000000,4.000000,100.000000,,,,,,,,,,,,,,,,,,,,,,,,,,,,,,,,,,,,,,,,,,,,,,,,,,,,,,,,,,,,,,,,,,,,,,,,,,,,,,,,,,,,,,
1676060269.290657,1676060269.290833,2.000000,0.000000,4309.871582,4288.077148,4305.256348,4294.743652,4305.769043,4302.179688,4293.077148,4309.358887,4286.666504,4277.820313,4513.974121,4484.358887,4381.538574,4408.077148,2381.000000,4.000000,85.000000,,,,0.000000,4.000000,4.000000,4.000000,4.000000,4.000000,4.000000,4.000000,4.000000,4.000000,4.000000,4.000000,4.000000,4.000000,4.000000,100.000000,,,,,,,,,,,,,,,,,,,,,,,,,,,,,,,,,,,,,,,,,,,,,,,,,,,,,,,,,,,,,,,,,,,,,,,,,,,,,,,,,,,,,,
1676060269.298465,1676060269.298541,3.000000,0.000000,4327.692383,4294.102539,4321.666504,4312.820313,4312.820313,4305.256348,4310.384766,4325.256348,4303.974121,4289.102539,4547.692383,4500.641113,4393.589844,4425.897461,2451.000000,4.000000,85.000000,,,,0.000000,4.000000,4.000000,4.000000,4.000000,4.000000,4.000000,4.000000,4.000000,4.000000,4.000000,4.000000,4.000000,4.000000,4.000000,100.000000,,,,,,,,,,,,,,,,,,,,,,,,,,,,,,,,,,,,,,,,,,,,,,,,,,,,,,,,,,,,,,,,,,,,,,,,,,,,,,,,,,,,,,
1676060269.306273,1676060269.306350,4.000000,0.000000,4337.563965,4307.563965,4333.461426,4321.282227,4320.128418,4322.436035,4330.256348,4338.205078,4318.461426,4301.794922,4572.563965,4518.589844,4398.077148,4436.282227,2424.000000,4.000000,85.000000,,,,0.000000,4.000000,4.000000,4.000000,4.000000,4.000000,4.000000,4.000000,4.000000,4.000000,4.000000,4.000000,4.000000,4.000000,4.000000,100.000000,,,,,,,,,,,,,,,,,,,,,,,,,,,,,,,,,,,,,,,,,,,,,,,,,,,,,,,,,,,,,,,,,,,,,,,,,,,,,,,,,,,,,,
1676060269.314082,1676060269.314058,5.000000,0.000000,4325.384766,4306.538574,4322.307617,4307.948730,4316.794922,4320.897461,4319.743652,4328.333496,4312.692383,4293.461426,4578.205078,4508.846191,4395.384766,4427.307617,2363.000000,4.000000,85.000000,,,,0.000000,4.000000,4.000000,4.000000,4.000000,4.000000,4.000000,4.000000,4.000000,4.000000,4.000000,4.000000,4.000000,4.000000,4.000000,100.000000,,,,,,,,,,,,,,,,,,,,,,,,,,,,,,,,,,,,,,,,,,,,,,,,,,,,,,,,,,,,,,,,,,,,,,,,,,,,,,,,,,,,,,
1676060269.321890,1676060269.321967,6.000000,0.000000,4307.563965,4286.282227,4306.666504,4296.282227,4308.846191,4305.256348,4295.256348,4313.461426,4295.769043,4278.205078,4580.384766,4486.153809,4385.897461,4414.358887,2201.000000,4.000000,85.000000,,,,0.000000,4.000000,4.000000,4.000000,4.000000,4.000000,4.000000,4.000000,4.000000,4.000000,4.000000,4.000000,4.000000,4.000000,4.000000,100.000000,,,,,,,,,,,,,,,,,,,,,,,,,,,,,,,,,,,,,,,,,,,,,,,,,,,,,,,,,,,,,,,,,,,,,,,,,,,,,,,,,,,,,,
1676060269.329698,1676060269.329775,7.000000,0.000000,4308.846191,4279.230957,4307.820313,4297.307617,4308.077148,4303.974121,4295.000000,4316.666504,4293.589844,4275.641113,4588.974121,4486.794922,4377.692383,4411.025879,2202.000000,4.000000,85.000000,,,,0.000000,4.000000,4.000000,4.000000,4.000000,4.000000,4.000000,4.000000,4.000000,4.000000,4.000000,4.000000,4.000000,4.000000,4.000000,100.000000,,,,,,,,,,,,,,,,,,,,,,,,,,,,,,,,,,,,,,,,,,,,,,,,,,,,,,,,,,,,,,,,,,,,,,,,,,,,,,,,,,,,,,
1676060269.337507,1676060269.337683,8.000000,0.000000,4318.974121,4284.102539,4313.846191,4298.205078,4309.230957,4306.666504,4302.307617,4316.922852,4296.153809,4267.307617,4578.205078,4487.820313,4373.205078,4407.436035,2244.000000,4.000000,85.000000,,,,0.000000,4.000000,4.000000,4.000000,4.000000,4.000000,4.000000,4.000000,4.000000,4.000000,4.000000,4.000000,4.000000,4.000000,4.000000,100.000000,,,,,,,,,,,,,,,,,,,,,,,,,,,,,,,,,,,,,,,,,,,,,,,,,,,,,,,,,,,,,,,,,,,,,,,,,,,,,,,,,,,,,,
1676060269.345315,1676060269.345492,9.000000,0.000000,4315.128418,4282.436035,4309.743652,4293.461426,4304.615234,4299.615234,4297.179688,4307.820313,4292.820313,4265.641113,4553.461426,4475.256348,4370.512695,4403.461426,2239.000000,4.000000,85.000000,,,,0.000000,4.000000,4.000000,4.000000,4.000000,4.000000,4.000000,4.000000,4.000000,4.000000,4.000000,4.000000,4.000000,4.000000,4.000000,100.000000,,,,,,,,,,,,,,,,,,,,,,,,,,,,,,,,,,,,,,,,,,,,,,,,,,,,,,,,,,,,,,,,,,,,,,,,,,,,,,,,,,,,,,
1676060269.353124,1676060269.353400,10.000000,0.000000,4303.846191,4279.102539,4304.871582,4288.717773,4294.743652,4297.820313,4293.717773,4308.077148,4294.102539,4282.692383,4545.641113,4477.948730,4369.871582,4402.692383,2687.000000,4.000000,85.000000,,,,0.000000,4.000000,4.000000,4.000000,4.000000,4.000000,4.000000,4.000000,4.000000,4.000000,4.000000,4.000000,4.000000,4.000000,4.000000,100.000000,,,,,,,,,,,,,,,,,,,,,,,,,,,,,,,,,,,,,,,,,,,,,,,,,,,,,,,,,,,,,,,,,,,,,,,,,,,,,,,,,,,,,,
1676060269.360932,1676060269.361209,11.000000,0.000000,4288.717773,4266.410156,4291.153809,4272.820313,4278.461426,4289.358887,4282.436035,4296.538574,4279.358887,4269.615234,4525.769043,4465.384766,4352.179688,4386.410156,2884.000000,4.000000,85.000000,,,,0.000000,4.000000,4.000000,4.000000,4.000000,4.000000,4.000000,4.000000,4.000000,4.000000,4.000000,4.000000,4.000000,4.000000,4.000000,100.000000,,,,,,,,,,,,,,,,,,,,,,,,,,,,,,,,,,,,,,,,,,,,,,,,,,,,,,,,,,,,,,,,,,,,,,,,,,,,,,,,,,,,,,
1676060269.368740,1676060269.369117,12.000000,0.000000,4292.692383,4266.282227,4291.410156,4272.563965,4285.384766,4286.922852,4282.436035,4290.000000,4271.538574,4255.128418,4516.153809,4459.871582,4351.794922,4389.743652,3072.000000,4.000000,85.000000,,,,0.000000,4.000000,4.000000,4.000000,4.000000,4.000000,4.000000,4.000000,4.000000,4.000000,4.000000,4.000000,4.000000,4.000000,4.000000,100.000000,,,,,,,,,,,,,,,,,,,,,,,,,,,,,,,,,,,,,,,,,,,,,,,,,,,,,,,,,,,,,,,,,,,,,,,,,,,,,,,,,,,,,,
1676060269.376549,1676060269.376926,13.000000,0.000000,4332.563965,4304.487305,4327.179688,4311.538574,4317.307617,4311.282227,4314.358887,4323.077148,4307.820313,4297.051270,4558.846191,4507.179688,4400.641113,4438.461426,3199.000000,4.000000,85.000000,,,,0.000000,4.000000,4.000000,4.000000,4.000000,4.000000,4.000000,4.000000,4.000000,4.000000,4.000000,4.000000,4.000000,4.000000,4.000000,100.000000,,,,,,,,,,,,,,,,,,,,,,,,,,,,,,,,,,,,,,,,,,,,,,,,,,,,,,,,,,,,,,,,,,,,,,,,,,,,,,,,,,,,,,
1676060269.384357,1676060269.384834,14.000000,0.000000,4348.717773,4321.153809,4344.743652,4328.205078,4322.179688,4318.846191,4323.077148,4343.717773,4327.692383,4318.974121,4578.333496,4530.128418,4424.743652,4457.820313,2687.000000,4.000000,85.000000,,,,0.000000,4.000000,4.000000,4.000000,4.000000,4.000000,4.000000,4.000000,4.000000,4.000000,4.000000,4.000000,4.000000,4.000000,4.000000,100.000000,1.000000,41.666668,4.000000,3.000000,1.000000,4.000000,4.000000,4.000000,3.000000,3.000000,4.000000,3.000000,3.000000,1.000000,3.000000,3.000000,0.606145,1.011224,1.390483,1.391000,0.721258,3.211783,0.731263,1.367285,1.375212,0.967030,1.233739,0.755477,1.440259,1.699488,0.758643,3.002705,1.292295,1.355023,1.374530,0.705254,0.493264,0.675976,0.628604,0.683899,0.460045,0.421242,0.698675,0.502231,0.889499,0.326552,0.459586,1.288574,0.934494,1.268856,0.592228,0.542735,1.204344,1.004169,1.525250,0.761832,0.786557,1.168518,1.221649,1.681760,0.849503,0.867470,0.907418,1.628053,2.165526,0.844211,2.801395,1.545902,1.175853,2.090903,1.074914,3.813974,1.567707,1.547702,2.142381,1.105171,2.784137,1.495438,1.107535,1.653678,1.060770,0.857518,1.591596,1.306178,1.970886,0.965843
1676060269.392166,1676060269.392642,15.000000,0.000000,4316.666504,4292.051270,4320.641113,4299.487305,4298.205078,4297.307617,4295.897461,4323.846191,4303.205078,4287.692383,4542.179688,4496.922852,4395.641113,4425.769043,2884.000000,4.000000,85.000000,,,,0.000000,4.000000,4.000000,4.000000,4.000000,4.000000,4.000000,4.000000,4.000000,4.000000,4.000000,4.000000,4.000000,4.000000,4.000000,100.000000,,,,,,,,,,,,,,,,,,,,,,,,,,,,,,,,,,,,,,,,,,,,,,,,,,,,,,,,,,,,,,,,,,,,,,,,,,,,,,,,,,,,,,
1676060269.399974,1676060269.400351,16.000000,0.000000,4300.384766,4276.282227,4302.820313,4280.128418,4290.000000,4297.179688,4286.410156,4306.153809,4288.974121,4269.871582,4517.307617,4477.051270,4377.307617,4407.820313,0.000000,4.000000,85.000000,,,,0.000000,4.000000,4.000000,4.000000,4.000000,4.000000,4.000000,4.000000,4.000000,4.000000,4.000000,4.000000,4.000000,4.000000,4.000000,100.000000,,,,,,,,,,,,,,,,,,,,,,,,,,,,,,,,,,,,,,,,,,,,,,,,,,,,,,,,,,,,,,,,,,,,,,,,,,,,,,,,,,,,,,
1676060269.407782,1676060269.408159,17.000000,0.000000,4315.897461,4283.974121,4308.974121,4286.025879,4302.948730,4318.974121,4296.794922,4308.846191,4297.051270,4270.128418,4520.897461,4483.974121,4386.666504,4416.282227,0.000000,4.000000,85.000000,,,,0.000000,4.000000,4.000000,4.000000,4.000000,4.000000,4.000000,4.000000,4.000000,4.000000,4.000000,4.000000,4.000000,4.000000,4.000000,100.000000,,,,,,,,,,,,,,,,,,,,,,,,,,,,,,,,,,,,,,,,,,,,,,,,,,,,,,,,,,,,,,,,,,,,,,,,,,,,,,,,,,,,,,
1676060269.415591,1676060269.415868,18.000000,0.000000,4308.077148,4276.794922,4305.641113,4283.846191,4303.077148,4322.179688,4293.974121,4312.179688,4294.487305,4263.461426,4521.410156,4477.948730,4379.487305,4410.384766,0.000000,4.000000,85.000000,,,,0.000000,4.000000,4.000000,4.000000,4.000000,4.000000,4.000000,4.000000,4.000000,4.000000,4.000000,4.000000,4.000000,4.000000,4.000000,100.000000,,,,,,,,,,,,,,,,,,,,,,,,,,,,,,,,,,,,,,,,,,,,,,,,,,,,,,,,,,,,,,,,,,,,,,,,,,,,,,,,,,,,,,
1676060269.423399,1676060269.423676,19.000000,0.000000,4278.717773,4257.179688,4283.461426,4266.410156,4282.820313,4306.922852,4277.307617,4301.025879,4278.717773,4261.538574,4515.128418,4460.897461,4355.256348,4389.358887,0.000000,4.000000,85.000000,,,,0.000000,4.000000,4.000000,4.000000,4.000000,4.000000,4.000000,4.000000,4.000000,4.000000,4.000000,4.000000,4.000000,4.000000,4.000000,100.000000,,,,,,,,,,,,,,,,,,,,,,,,,,,,,,,,,,,,,,,,,,,,,,,,,,,,,,,,,,,,,,,,,,,,,,,,,,,,,,,,,,,,,,
1676060269.431208,1676060269.431385,20.000000,0.000000,4273.077148,4251.922852,4271.538574,4256.282227,4272.051270,4300.769043,4268.077148,4288.846191,4275.128418,4269.230957,4517.307617,4450.128418,4352.692383,4381.282227,0.000000,4.000000,85.000000,,,,0.000000,4.000000,4.000000,4.000000,4.000000,4.000000,4.000000,4.000000,4.000000,4.000000,4.000000,4.000000,4.000000,4.000000,4.000000,100.000000,,,,,,,,,,,,,,,,,,,,,,,,,,,,,,,,,,,,,,,,,,,,,,,,,,,,,,,,,,,,,,,,,,,,,,,,,,,,,,,,,,,,,,
1676060269.439016,1676060269.439193,21.000000,0.000000,4294.102539,4267.563965,4283.205078,4268.589844,4288.717773,4317.436035,4281.666504,4296.922852,4293.077148,4276.410156,4544.358887,4463.589844,4375.769043,4399.487305,0.000000,4.000000,85.000000,,,,0.000000,4.000000,4.000000,4.000000,4.000000,4.000000,4.000000,4.000000,4.000000,4.000000,4.000000,4.000000,4.000000,4.000000,4.000000,100.000000,,,,,,,,,,,,,,,,,,,,,,,,,,,,,,,,,,,,,,,,,,,,,,,,,,,,,,,,,,,,,,,,,,,,,,,,,,,,,,,,,,,,,,
1676060269.446824,1676060269.446902,22.000000,0.000000,4309.615234,4289.358887,4300.769043,4292.307617,4305.769043,4335.641113,4298.589844,4310.512695,4305.128418,4283.717773,4577.948730,4486.025879,4389.487305,4423.589844,0.000000,4.000000,85.000000,,,,0.000000,4.000000,4.000000,4.000000,4.000000,4.000000,4.000000,4.000000,4.000000,4.000000,4.000000,4.000000,4.000000,4.000000,4.000000,100.000000,,,,,,,,,,,,,,,,,,,,,,,,,,,,,,,,,,,,,,,,,,,,,,,,,,,,,,,,,,,,,,,,,,,,,,,,,,,,,,,,,,,,,,
1676060269.454633,1676060269.454710,23.000000,0.000000,4314.102539,4297.179688,4308.333496,4297.692383,4304.743652,4333.974121,4298.717773,4311.538574,4298.333496,4282.948730,4585.384766,4484.102539,4382.692383,4427.179688,0.000000,4.000000,85.000000,,,,0.000000,4.000000,4.000000,4.000000,4.000000,4.000000,4.000000,4.000000,4.000000,4.000000,4.000000,4.000000,4.000000,4.000000,4.000000,100.000000,,,,,,,,,,,,,,,,,,,,,,,,,,,,,,,,,,,,,,,,,,,,,,,,,,,,,,,,,,,,,,,,,,,,,,,,,,,,,,,,,,,,,,
1676060269.462441,1676060269.462419,24.000000,0.000000,4314.487305,4290.000000,4306.666504,4287.051270,4300.897461,4325.512695,4292.051270,4308.974121,4291.153809,4271.538574,4578.589844,4475.897461,4377.307617,4416.153809,0.000000,4.000000,85.000000,,,,0.000000,4.000000,4.000000,4.000000,4.000000,4.000000,4.000000,4.000000,4.000000,4.000000,4.000000,4.000000,4.000000,4.000000,4.000000,100.000000,,,,,,,,,,,,,,,,,,,,,,,,,,,,,,,,,,,,,,,,,,,,,,,,,,,,,,,,,,,,,,,,,,,,,,,,,,,,,,,,,,,,,,
1676060269.470249,1676060269.470227,25.000000,0.000000,4305.256348,4281.794922,4299.487305,4282.436035,4301.794922,4325.128418,4283.974121,4302.820313,4285.769043,4261.410156,4573.205078,4475.897461,4376.410156,4406.282227,0.000000,4.000000,85.000000,,,,0.000000,4.000000,4.000000,4.000000,4.000000,4.000000,4.000000,4.000000,4.000000,4.000000,4.000000,4.000000,4.000000,4.000000,4.000000,100.000000,,,,,,,,,,,,,,,,,,,,,,,,,,,,,,,,,,,,,,,,,,,,,,,,,,,,,,,,,,,,,,,,,,,,,,,,,,,,,,,,,,,,,,
1676060269.478058,1676060269.477936,26.000000,0.000000,4298.974121,4280.769043,4295.256348,4283.589844,4301.922852,4328.717773,4277.179688,4295.641113,4280.641113,4265.384766,4568.974121,4472.820313,4375.641113,4407.179688,0.000000,4.000000,85.000000,,,,0.000000,4.000000,4.000000,4.000000,4.000000,4.000000,4.000000,4.000000,4.000000,4.000000,4.000000,4.000000,4.000000,4.000000,4.000000,100.000000,,,,,,,,,,,,,,,,,,,,,,,,,,,,,,,,,,,,,,,,,,,,,,,,,,,,,,,,,,,,,,,,,,,,,,,,,,,,,,,,,,,,,,
1676060269.485866,1676060269.485744,27.000000,0.000000,4312.307617,4292.563965,4308.717773,4291.666504,4310.384766,4336.666504,4288.974121,4306.922852,4291.922852,4291.282227,4580.128418,4479.615234,4386.410156,4422.051270,0.000000,4.000000,85.000000,,,,0.000000,4.000000,4.000000,4.000000,4.000000,4.000000,4.000000,4.000000,4.000000,4.000000,4.000000,4.000000,4.000000,4.000000,4.000000,100.000000,,,,,,,,,,,,,,,,,,,,,,,,,,,,,,,,,,,,,,,,,,,,,,,,,,,,,,,,,,,,,,,,,,,,,,,,,,,,,,,,,,,,,,
1676060269.493675,1676060269.493453,28.000000,0.000000,4326.282227,4306.153809,4324.102539,4302.948730,4321.410156,4347.692383,4311.153809,4328.333496,4310.512695,4303.461426,4590.384766,4498.846191,4401.282227,4435.512695,0.000000,4.000000,85.000000,,,,0.000000,4.000000,4.000000,4.000000,4.000000,4.000000,4.000000,4.000000,4.000000,4.000000,4.000000,4.000000,4.000000,4.000000,4.000000,100.000000,,,,,,,,,,,,,,,,,,,,,,,,,,,,,,,,,,,,,,,,,,,,,,,,,,,,,,,,,,,,,,,,,,,,,,,,,,,,,,,,,,,,,,
1676060269.501483,1676060269.501361,29.000000,0.000000,4316.666504,4291.666504,4308.461426,4294.871582,4308.974121,4342.692383,4306.025879,4323.333496,4306.282227,4278.205078,4566.666504,4492.307617,4394.743652,4424.871582,0.000000,4.000000,85.000000,,,,0.000000,4.000000,4.000000,4.000000,4.000000,4.000000,4.000000,4.000000,4.000000,4.000000,4.000000,4.000000,4.000000,4.000000,4.000000,100.000000,,,,,,,,,,,,,,,,,,,,,,,,,,,,,,,,,,,,,,,,,,,,,,,,,,,,,,,,,,,,,,,,,,,,,,,,,,,,,,,,,,,,,,
1676060269.509291,1676060269.509170,30.000000,0.000000,4295.512695,4262.436035,4281.025879,4276.282227,4288.077148,4329.487305,4282.051270,4299.743652,4286.794922,4258.205078,4532.563965,4466.922852,4371.538574,4401.282227,0.000000,4.000000,85.000000,,,,0.000000,4.000000,4.000000,4.000000,4.000000,4.000000,4.000000,4.000000,4.000000,4.000000,4.000000,4.000000,4.000000,4.000000,4.000000,100.000000,,,,,,,,,,,,,,,,,0.749859,1.021740,1.449298,1.233314,0.733221,2.639411,0.864428,1.261507,1.194279,0.884012,1.248111,0.706804,1.596727,1.593805,0.753959,2.638490,1.152685,1.320730,1.228705,0.661345,0.553121,0.719050,0.704233,0.671299,0.404510,0.426369,0.754546,0.603104,0.901621,0.329682,0.374106,1.443715,1.216850,1.238969,0.570786,0.511276,1.279660,1.088055,1.426022,0.786488,0.745231,1.252344,1.230885,1.494097,0.808898,0.820964,0.806277,1.795993,1.889989,0.786564,3.451145,1.653731,1.238746,1.944982,1.062811,2.918808,1.247195,1.629309,2.099923,1.132367,1.996594,1.274533,1.005508,1.537810,1.029055,0.800029,1.472018,1.248814,1.777157,0.981615
1676060269.517100,1676060269.517078,31.000000,0.000000,4283.846191,4258.974121,4277.179688,4275.769043,4288.077148,4328.974121,4276.794922,4293.333496,4278.461426,4265.897461,4524.871582,4465.641113,4362.948730,4398.846191,0.000000,4.000000,85.000000,,,,0.000000,4.000000,4.000000,4.000000,4.000000,4.000000,4.000000,4.000000,4.000000,4.000000,4.000000,4.000000,4.000000,4.000000,4.000000,100.000000,,,,,,,,,,,,,,,,,,,,,,,,,,,,,,,,,,,,,,,,,,,,,,,,,,,,,,,,,,,,,,,,,,,,,,,,,,,,,,,,,,,,,,
1676060269.524908,1676060269.524886,32.000000,0.000000,4287.307617,4267.563965,4284.102539,4284.743652,4292.692383,4337.563965,4284.615234,4299.358887,4278.077148,4265.769043,4526.794922,4476.025879,4367.692383,4409.615234,0.000000,4.000000,85.000000,,,,0.000000,4.000000,4.000000,4.000000,4.000000,4.000000,4.000000,4.000000,4.000000,4.000000,4.000000,4.000000,4.000000,4.000000,4.000000,100.000000,,,,,,,,,,,,,,,,,,,,,,,,,,,,,,,,,,,,,,,,,,,,,,,,,,,,,,,,,,,,,,,,,,,,,,,,,,,,,,,,,,,,,,
1676060269.532716,1676060269.532795,33.000000,0.000000,4297.436035,4261.282227,4282.436035,4289.615234,4287.436035,4341.025879,4283.333496,4296.025879,4274.102539,4253.333496,4514.230957,4475.769043,4364.102539,4409.871582,0.000000,4.000000,85.000000,,,,0.000000,4.000000,4.000000,4.000000,4.000000,4.000000,4.000000,4.000000,4.000000,4.000000,4.000000,4.000000,4.000000,4.000000,4.000000,100.000000,,,,,,,,,,,,,,,,,,,,,,,,,,,,,,,,,,,,,,,,,,,,,,,,,,,,,,,,,,,,,,,,,,,,,,,,,,,,,,,,,,,,,,
1676060269.540525,1676060269.540603,34.000000,0.000000,4308.974121,4266.922852,4297.051270,4310.641113,4293.077148,4342.307617,4291.282227,4304.230957,4281.538574,4266.153809,4514.102539,4494.358887,4366.153809,4418.717773,0.000000,4.000000,85.000000,,,,0.000000,4.000000,4.000000,4.000000,4.000000,4.000000,4.000000,4.000000,4.000000,4.000000,4.000000,4.000000,4.000000,4.000000,4.000000,100.000000,,,,,,,,,,,,,,,,,,,,,,,,,,,,,,,,,,,,,,,,,,,,,,,,,,,,,,,,,,,,,,,,,,,,,,,,,,,,,,,,,,,,,,
1676060269.548333,1676060269.548512,35.000000,0.000000,4321.282227,4288.077148,4320.512695,4335.897461,4306.538574,4349.871582,4309.230957,4329.871582,4302.179688,4289.358887,4531.153809,4530.256348,4379.358887,4442.692383,0.000000,4.000000,85.000000,,,,0.000000,4.000000,4.000000,4.000000,4.000000,4.000000,4.000000,4.000000,4.000000,4.000000,4.000000,4.000000,4.000000,4.000000,4.000000,100.000000,,,,,,,,,,,,,,,,,,,,,,,,,,,,,,,,,,,,,,,,,,,,,,,,,,,,,,,,,,,,,,,,,,,,,,,,,,,,,,,,,,,,,,
1676060269.556142,1676060269.556320,36.000000,0.000000,4328.846191,4291.025879,4321.153809,4338.077148,4307.820313,4351.282227,4308.846191,4333.205078,4308.205078,4290.256348,4536.410156,4539.615234,4386.282227,4451.025879,0.000000,4.000000,85.000000,,,,0.000000,4.000000,4.000000,4.000000,4.000000,4.000000,4.000000,4.000000,4.000000,4.000000,4.000000,4.000000,4.000000,4.000000,4.000000,100.000000,,,,,,,,,,,,,,,,,,,,,,,,,,,,,,,,,,,,,,,,,,,,,,,,,,,,,,,,,,,,,,,,,,,,,,,,,,,,,,,,,,,,,,
1676060269.563950,1676060269.564228,37.000000,0.000000,4327.179688,4280.256348,4306.922852,4328.461426,4300.512695,4342.820313,4292.820313,4312.820313,4298.461426,4276.153809,4518.589844,4519.615234,4381.410156,4434.358887,0.000000,4.000000,85.000000,,,,0.000000,4.000000,4.000000,4.000000,4.000000,4.000000,4.000000,4.000000,4.000000,4.000000,4.000000,4.000000,4.000000,4.000000,4.000000,100.000000,,,,,,,,,,,,,,,,,,,,,,,,,,,,,,,,,,,,,,,,,,,,,,,,,,,,,,,,,,,,,,,,,,,,,,,,,,,,,,,,,,,,,,
1676060269.571758,1676060269.572037,38.000000,0.000000,4319.230957,4283.589844,4300.128418,4328.461426,4298.717773,4340.897461,4285.256348,4307.436035,4297.563965,4272.563965,4505.000000,4509.743652,4376.282227,4427.179688,0.000000,4.000000,85.000000,,,,0.000000,4.000000,4.000000,4.000000,4.000000,4.000000,4.000000,4.000000,4.000000,4.000000,4.000000,4.000000,4.000000,4.000000,4.000000,100.000000,,,,,,,,,,,,,,,,,,,,,,,,,,,,,,,,,,,,,,,,,,,,,,,,,,,,,,,,,,,,,,,,,,,,,,,,,,,,,,,,,,,,,,
1676060269.579567,1676060269.579945,39.000000,0.000000,4311.538574,4280.384766,4296.794922,4327.692383,4298.974121,4342.051270,4287.436035,4317.948730,4303.717773,4284.487305,4511.025879,4515.512695,4380.641113,4437.051270,0.000000,4.000000,85.000000,,,,0.000000,4.000000,4.000000,4.000000,4.000000,4.000000,4.000000,4.000000,4.000000,4.000000,4.000000,4.000000,4.000000,4.000000,4.000000,100.000000,,,,,,,,,,,,,,,,,,,,,,,,,,,,,,,,,,,,,,,,,,,,,,,,,,,,,,,,,,,,,,,,,,,,,,,,,,,,,,,,,,,,,,
1676060269.587375,1676060269.587754,40.000000,0.000000,4313.461426,4267.051270,4294.615234,4316.666504,4296.025879,4339.743652,4293.077148,4325.000000,4306.666504,4295.897461,4525.641113,4526.153809,4401.153809,4449.358887,0.000000,4.000000,85.000000,,,,0.000000,4.000000,4.000000,4.000000,4.000000,4.000000,4.000000,4.000000,4.000000,4.000000,4.000000,4.000000,4.000000,4.000000,4.000000,100.000000,,,,,,,,,,,,,,,,,,,,,,,,,,,,,,,,,,,,,,,,,,,,,,,,,,,,,,,,,,,,,,,,,,,,,,,,,,,,,,,,,,,,,,
1676060269.595183,1676060269.595462,41.000000,0.000000,4327.820313,4276.794922,4304.743652,4317.820313,4301.410156,4345.769043,4300.897461,4330.128418,4313.717773,4300.256348,4539.230957,4542.179688,4424.102539,4461.922852,0.000000,4.000000,85.000000,,,,0.000000,4.000000,4.000000,4.000000,4.000000,4.000000,4.000000,4.000000,4.000000,4.000000,4.000000,4.000000,4.000000,4.000000,4.000000,100.000000,,,,,,,,,,,,,,,,,,,,,,,,,,,,,,,,,,,,,,,,,,,,,,,,,,,,,,,,,,,,,,,,,,,,,,,,,,,,,,,,,,,,,,
1676060269.602992,1676060269.603271,42.000000,0.000000,4322.820313,4277.820313,4299.230957,4314.358887,4298.205078,4343.717773,4291.666504,4322.563965,4306.666504,4287.820313,4520.384766,4532.563965,4407.436035,4453.077148,0.000000,4.000000,85.000000,,,,0.000000,4.000000,4.000000,4.000000,4.000000,4.000000,4.000000,4.000000,4.000000,4.000000,4.000000,4.000000,4.000000,4.000000,4.000000,100.000000,,,,,,,,,,,,,,,,,,,,,,,,,,,,,,,,,,,,,,,,,,,,,,,,,,,,,,,,,,,,,,,,,,,,,,,,,,,,,,,,,,,,,,
1676060269.610800,1676060269.610979,43.000000,0.000000,4298.974121,4252.179688,4275.000000,4294.743652,4281.922852,4324.230957,4275.256348,4302.948730,4281.794922,4266.153809,4481.794922,4500.256348,4369.230957,4426.025879,0.000000,4.000000,85.000000,,,,0.000000,4.000000,4.000000,4.000000,4.000000,4.000000,4.000000,4.000000,4.000000,4.000000,4.000000,4.000000,4.000000,4.000000,4.000000,100.000000,,,,,,,,,,,,,,,,,,,,,,,,,,,,,,,,,,,,,,,,,,,,,,,,,,,,,,,,,,,,,,,,,,,,,,,,,,,,,,,,,,,,,,
1676060269.618609,1676060269.618788,44.000000,0.000000,4307.820313,4265.256348,4285.128418,4301.410156,4285.897461,4324.230957,4289.871582,4308.974121,4282.820313,4270.000000,4483.846191,4505.897461,4372.948730,4428.461426,0.000000,4.000000,85.000000,,,,0.000000,4.000000,4.000000,4.000000,4.000000,4.000000,4.000000,4.000000,4.000000,4.000000,4.000000,4.000000,4.000000,4.000000,4.000000,100.000000,,,,,,,,,,,,,,,,,,,,,,,,,,,,,,,,,,,,,,,,,,,,,,,,,,,,,,,,,,,,,,,,,,,,,,,,,,,,,,,,,,,,,,
1676060269.626417,1676060269.626496,45.000000,0.000000,4321.282227,4289.102539,4303.974121,4314.230957,4290.641113,4331.922852,4303.846191,4319.871582,4296.025879,4272.692383,4488.461426,4517.179688,4378.974121,4432.820313,0.000000,4.000000,85.000000,,,,0.000000,4.000000,4.000000,4.000000,4.000000,4.000000,4.000000,4.000000,4.000000,4.000000,4.000000,4.000000,4.000000,4.000000,4.000000,100.000000,,,,,,,,,,,,,,,,,,,,,,,,,,,,,,,,,,,,,,,,,,,,,,,,,,,,,,,,,,,,,,,,,,,,,,,,,,,,,,,,,,,,,,
1676060269.634225,1676060269.634404,46.000000,0.000000,4292.436035,4255.256348,4279.358887,4289.743652,4273.077148,4315.897461,4285.000000,4300.000000,4279.102539,4241.025879,4448.717773,4486.666504,4341.922852,4399.487305,0.000000,4.000000,85.000000,,,,0.000000,4.000000,4.000000,4.000000,4.000000,4.000000,4.000000,4.000000,4.000000,4.000000,4.000000,4.000000,4.000000,4.000000,4.000000,100.000000,,,,,,,,,,,,,,,,,0.982099,1.095235,1.508122,1.106189,0.893153,2.176678,1.094966,1.128753,1.056948,0.909144,1.281285,0.763051,1.754763,1.489549,0.870727,2.392606,1.097561,1.238015,1.102873,0.743626,0.577551,0.772854,0.822396,0.705263,0.417771,0.459796,0.834100,0.734960,0.937089,0.395887,0.338259,1.537382,1.505890,1.256595,0.641283,0.517379,1.326547,1.143784,1.366234,0.904766,0.714222,1.329148,1.220220,1.338143,0.883864,0.776748,0.803383,1.912638,1.678493,0.851627,5.323710,2.062708,1.432408,1.853854,1.198533,2.203856,1.138087,1.712012,2.105376,1.367409,1.359783,1.172873,0.942830,1.477442,1.145940,0.899721,1.421692,1.232865,1.602266,1.164006
1676060269.642034,1676060269.642213,47.000000,0.000000,4287.179688,4247.563965,4276.794922,4288.717773,4285.384766,4314.487305,4286.666504,4302.948730,4277.692383,4247.051270,4453.205078,4493.717773,4350.769043,4406.538574,0.000000,4.000000,85.000000,,,,0.000000,4.000000,4.000000,4.000000,4.000000,4.000000,4.000000,4.000000,4.000000,4.000000,4.000000,4.000000,4.000000,4.000000,4.000000,100.000000,,,,,,,,,,,,,,,,,,,,,,,,,,,,,,,,,,,,,,,,,,,,,,,,,,,,,,,,,,,,,,,,,,,,,,,,,,,,,,,,,,,,,,
1676060269.649842,1676060269.650121,48.000000,0.000000,4324.743652,4298.333496,4319.487305,4331.025879,4322.692383,4339.871582,4317.820313,4338.461426,4309.615234,4296.282227,4506.410156,4540.769043,4403.461426,4455.256348,0.000000,4.000000,85.000000,,,,0.000000,4.000000,4.000000,4.000000,4.000000,4.000000,4.000000,4.000000,4.000000,4.000000,4.000000,4.000000,4.000000,4.000000,4.000000,100.000000,,,,,,,,,,,,,,,,,,,,,,,,,,,,,,,,,,,,,,,,,,,,,,,,,,,,,,,,,,,,,,,,,,,,,,,,,,,,,,,,,,,,,,
1676060269.657651,1676060269.657930,49.000000,0.000000,4325.256348,4304.358887,4320.256348,4331.410156,4319.230957,4340.256348,4312.051270,4332.563965,4307.051270,4290.769043,4499.230957,4528.589844,4388.974121,4443.589844,0.000000,4.000000,85.000000,,,,0.000000,4.000000,4.000000,4.000000,4.000000,4.000000,4.000000,4.000000,4.000000,4.000000,4.000000,4.000000,4.000000,4.000000,4.000000,100.000000,,,,,,,,,,,,,,,,,,,,,,,,,,,,,,,,,,,,,,,,,,,,,,,,,,,,,,,,,,,,,,,,,,,,,,,,,,,,,,,,,,,,,,
1676060269.665459,1676060269.665838,50.000000,0.000000,4303.717773,4279.743652,4292.051270,4306.794922,4304.743652,4324.487305,4289.487305,4307.436035,4288.589844,4267.820313,4479.871582,4498.077148,4366.153809,4414.743652,0.000000,4.000000,85.000000,,,,0.000000,4.000000,4.000000,4.000000,4.000000,4.000000,4.000000,4.000000,4.000000,4.000000,4.000000,4.000000,4.000000,4.000000,4.000000,100.000000,,,,,,,,,,,,,,,,,,,,,,,,,,,,,,,,,,,,,,,,,,,,,,,,,,,,,,,,,,,,,,,,,,,,,,,,,,,,,,,,,,,,,,
1676060269.673267,1676060269.673646,51.000000,0.000000,4310.897461,4287.307617,4293.589844,4316.410156,4315.641113,4323.717773,4294.102539,4314.230957,4297.820313,4291.922852,4503.974121,4506.153809,4393.205078,4429.871582,0.000000,4.000000,85.000000,,,,0.000000,4.000000,4.000000,4.000000,4.000000,4.000000,4.000000,4.000000,4.000000,4.000000,4.000000,4.000000,4.000000,4.000000,4.000000,100.000000,,,,,,,,,,,,,,,,,,,,,,,,,,,,,,,,,,,,,,,,,,,,,,,,,,,,,,,,,,,,,,,,,,,,,,,,,,,,,,,,,,,,,,
1676060269.681076,1676060269.681455,52.000000,0.000000,4315.000000,4297.563965,4301.153809,4327.051270,4319.102539,4326.410156,4300.000000,4323.205078,4302.179688,4299.102539,4514.230957,4511.538574,4397.051270,4435.384766,0.000000,4.000000,85.000000,,,,0.000000,4.000000,4.000000,4.000000,4.000000,4.000000,4.000000,4.000000,4.000000,4.000000,4.000000,4.000000,4.000000,4.000000,4.000000,100.000000,,,,,,,,,,,,,,,,,,,,,,,,,,,,,,,,,,,,,,,,,,,,,,,,,,,,,,,,,,,,,,,,,,,,,,,,,,,,,,,,,,,,,,
1676060269.688884,1676060269.689163,53.000000,0.000000,4306.153809,4297.179688,4301.282227,4322.051270,4313.077148,4326.410156,4299.230957,4319.871582,4296.025879,4280.512695,4515.256348,4508.717773,4389.230957,4429.102539,0.000000,4.000000,85.000000,,,,0.000000,4.000000,4.000000,4.000000,4.000000,4.000000,4.000000,4.000000,4.000000,4.000000,4.000000,4.000000,4.000000,4.000000,4.000000,100.000000,,,,,,,,,,,,,,,,,,,,,,,,,,,,,,,,,,,,,,,,,,,,,,,,,,,,,,,,,,,,,,,,,,,,,,,,,,,,,,,,,,,,,,
1676060269.696693,1676060269.696972,54.000000,0.000000,4299.102539,4287.436035,4293.077148,4310.512695,4306.794922,4320.897461,4295.256348,4311.666504,4288.974121,4276.922852,4518.974121,4501.666504,4397.948730,4427.179688,0.000000,4.000000,85.000000,,,,0.000000,4.000000,4.000000,4.000000,4.000000,4.000000,4.000000,4.000000,4.000000,4.000000,4.000000,4.000000,4.000000,4.000000,4.000000,100.000000,,,,,,,,,,,,,,,,,,,,,,,,,,,,,,,,,,,,,,,,,,,,,,,,,,,,,,,,,,,,,,,,,,,,,,,,,,,,,,,,,,,,,,
1676060269.704501,1676060269.704680,55.000000,0.000000,4288.077148,4262.948730,4274.871582,4293.846191,4294.615234,4310.256348,4282.307617,4299.358887,4276.282227,4272.051270,4498.461426,4483.077148,4382.563965,4410.897461,0.000000,4.000000,85.000000,,,,0.000000,4.000000,4.000000,4.000000,4.000000,4.000000,4.000000,4.000000,4.000000,4.000000,4.000000,4.000000,4.000000,4.000000,4.000000,100.000000,,,,,,,,,,,,,,,,,,,,,,,,,,,,,,,,,,,,,,,,,,,,,,,,,,,,,,,,,,,,,,,,,,,,,,,,,,,,,,,,,,,,,,
1676060269.712309,1676060269.712589,56.000000,0.000000,4297.436035,4271.282227,4286.025879,4300.641113,4297.692383,4317.436035,4290.512695,4315.641113,4288.589844,4273.205078,4509.230957,4500.384766,4388.461426,4423.333496,0.000000,4.000000,85.000000,,,,0.000000,4.000000,4.000000,4.000000,4.000000,4.000000,4.000000,4.000000,4.000000,4.000000,4.000000,4.000000,4.000000,4.000000,4.000000,100.000000,,,,,,,,,,,,,,,,,,,,,,,,,,,,,,,,,,,,,,,,,,,,,,,,,,,,,,,,,,,,,,,,,,,,,,,,,,,,,,,,,,,,,,
1676060269.720118,1676060269.720397,57.000000,0.000000,4315.769043,4300.512695,4311.410156,4319.615234,4312.436035,4329.615234,4312.179688,4344.615234,4313.974121,4285.256348,4547.179688,4532.436035,4428.974121,4453.205078,0.000000,4.000000,85.000000,,,,0.000000,4.000000,4.000000,4.000000,4.000000,4.000000,4.000000,4.000000,4.000000,4.000000,4.000000,4.000000,4.000000,4.000000,4.000000,100.000000,,,,,,,,,,,,,,,,,,,,,,,,,,,,,,,,,,,,,,,,,,,,,,,,,,,,,,,,,,,,,,,,,,,,,,,,,,,,,,,,,,,,,,
1676060269.727926,1676060269.728306,58.000000,0.000000,4305.384766,4285.897461,4295.897461,4308.846191,4306.794922,4319.358887,4302.820313,4332.051270,4304.743652,4281.794922,4528.205078,4517.179688,4418.846191,4433.717773,0.000000,4.000000,85.000000,,,,0.000000,4.000000,4.000000,4.000000,4.000000,4.000000,4.000000,4.000000,4.000000,4.000000,4.000000,4.000000,4.000000,4.000000,4.000000,100.000000,,,,,,,,,,,,,,,,,,,,,,,,,,,,,,,,,,,,,,,,,,,,,,,,,,,,,,,,,,,,,,,,,,,,,,,,,,,,,,,,,,,,,,
1676060269.735734,1676060269.736114,59.000000,0.000000,4289.615234,4257.563965,4272.692383,4287.820313,4295.128418,4308.077148,4281.666504,4304.102539,4284.102539,4276.025879,4489.230957,4492.436035,4376.282227,4409.102539,0.000000,4.000000,85.000000,,,,0.000000,4.000000,4.000000,4.000000,4.000000,4.000000,4.000000,4.000000,4.000000,4.000000,4.000000,4.000000,4.000000,4.000000,4.000000,100.000000,,,,,,,,,,,,,,,,,,,,,,,,,,,,,,,,,,,,,,,,,,,,,,,,,,,,,,,,,,,,,,,,,,,,,,,,,,,,,,,,,,,,,,
1676060269.743543,1676060269.744022,60.000000,0.000000,4292.563965,4264.615234,4282.436035,4288.846191,4301.282227,4310.897461,4289.615234,4307.692383,4287.820313,4281.794922,4496.538574,4499.230957,4380.000000,4424.358887,0.000000,4.000000,85.000000,,,,0.000000,4.000000,4.000000,4.000000,4.000000,4.000000,4.000000,4.000000,4.000000,4.000000,4.000000,4.000000,4.000000,4.000000,4.000000,100.000000,,,,,,,,,,,,,,,,,,,,,,,,,,,,,,,,,,,,,,,,,,,,,,,,,,,,,,,,,,,,,,,,,,,,,,,,,,,,,,,,,,,,,,
1676060269.751351,1676060269.751831,61.000000,0.000000,4299.230957,4283.717773,4297.820313,4302.820313,4313.333496,4313.461426,4305.128418,4327.436035,4299.102539,4284.230957,4520.641113,4510.641113,4407.692383,4437.051270,0.000000,4.000000,85.000000,,,,0.000000,4.000000,4.000000,4.000000,4.000000,4.000000,4.000000,4.000000,4.000000,4.000000,4.000000,4.000000,4.000000,4.000000,4.000000,100.000000,,,,,,,,,,,,,,,,,,,,,,,,,,,,,,,,,,,,,,,,,,,,,,,,,,,,,,,,,,,,,,,,,,,,,,,,,,,,,,,,,,,,,,
1676060269.759160,1676060269.759739,62.000000,0.000000,4296.538574,4282.179688,4294.871582,4310.000000,4320.000000,4316.538574,4304.871582,4328.333496,4296.794922,4282.051270,4518.974121,4508.461426,4402.948730,4427.051270,0.000000,4.000000,85.000000,,,,0.000000,4.000000,4.000000,4.000000,4.000000,4.000000,4.000000,4.000000,4.000000,4.000000,4.000000,4.000000,4.000000,4.000000,4.000000,100.000000,,,,,,,,,,,,,,,,,1.233160,1.335537,1.572399,1.045751,1.180882,1.760909,1.503020,1.021639,0.986395,1.024280,1.338527,1.012010,1.875718,1.394954,1.090393,2.235199,1.248625,1.152806,1.025662,0.929361,0.583543,0.856807,0.955084,0.769297,0.494678,0.543544,0.944890,0.860984,0.968130,0.505628,0.351801,1.607449,1.745294,1.318197,0.791994,0.541133,1.368397,1.145152,1.335967,1.092848,0.679638,1.403260,1.163916,1.222888,1.054946,0.743137,0.984047,1.938928,1.547132,1.015990,8.855145,2.728184,1.761987,1.838071,1.454663,1.765012,1.320428,1.782849,2.141802,1.748198,0.909334,1.315739,0.952169,1.471864,1.376978,1.088442,1.554053,1.265983,1.472755,1.474226
1676060269.766968,1676060269.767548,63.000000,0.000000,4292.051270,4272.307617,4289.230957,4305.897461,4319.358887,4322.051270,4304.102539,4319.102539,4285.128418,4281.153809,4514.102539,4503.205078,4386.410156,4424.615234,0.000000,4.000000,85.000000,,,,0.000000,4.000000,4.000000,4.000000,4.000000,4.000000,4.000000,4.000000,4.000000,4.000000,4.000000,4.000000,4.000000,4.000000,4.000000,100.000000,,,,,,,,,,,,,,,,,,,,,,,,,,,,,,,,,,,,,,,,,,,,,,,,,,,,,,,,,,,,,,,,,,,,,,,,,,,,,,,,,,,,,,
1676060269.774776,1676060269.775256,64.000000,0.000000,4298.846191,4279.615234,4293.717773,4310.769043,4318.461426,4320.256348,4311.538574,4327.051270,4287.692383,4286.794922,4538.589844,4507.436035,4401.922852,4438.461426,2508.000000,4.000000,85.000000,,,,0.000000,4.000000,4.000000,4.000000,4.000000,4.000000,4.000000,4.000000,4.000000,4.000000,4.000000,4.000000,4.000000,4.000000,4.000000,100.000000,,,,,,,,,,,,,,,,,,,,,,,,,,,,,,,,,,,,,,,,,,,,,,,,,,,,,,,,,,,,,,,,,,,,,,,,,,,,,,,,,,,,,,
1676060269.782585,1676060269.783165,65.000000,0.000000,4307.307617,4296.666504,4299.230957,4320.897461,4320.769043,4314.230957,4311.794922,4340.256348,4301.922852,4296.538574,4571.153809,4514.487305,4421.282227,4443.333496,2468.000000,4.000000,85.000000,,,,0.000000,4.000000,4.000000,4.000000,4.000000,4.000000,4.000000,4.000000,4.000000,4.000000,4.000000,4.000000,4.000000,4.000000,4.000000,100.000000,,,,,,,,,,,,,,,,,,,,,,,,,,,,,,,,,,,,,,,,,,,,,,,,,,,,,,,,,,,,,,,,,,,,,,,,,,,,,,,,,,,,,,
1676060269.790393,1676060269.790973,66.000000,0.000000,4298.077148,4295.384766,4294.487305,4311.025879,4316.666504,4311.153809,4298.974121,4329.871582,4300.128418,4289.615234,4583.205078,4502.948730,4408.205078,4429.358887,2394.000000,4.000000,85.000000,,,,0.000000,4.000000,4.000000,4.000000,4.000000,4.000000,4.000000,4.000000,4.000000,4.000000,4.000000,4.000000,4.000000,4.000000,4.000000,100.000000,,,,,,,,,,,,,,,,,,,,,,,,,,,,,,,,,,,,,,,,,,,,,,,,,,,,,,,,,,,,,,,,,,,,,,,,,,,,,,,,,,,,,,
1676060269.798201,1676060269.798781,67.000000,0.000000,4291.410156,4289.743652,4291.538574,4303.717773,4311.538574,4310.128418,4295.128418,4316.410156,4292.051270,4281.666504,4583.205078,4492.820313,4398.717773,4425.384766,2446.000000,4.000000,85.000000,,,,0.000000,4.000000,4.000000,4.000000,4.000000,4.000000,4.000000,4.000000,4.000000,4.000000,4.000000,4.000000,4.000000,4.000000,4.000000,100.000000,,,,,,,,,,,,,,,,,,,,,,,,,,,,,,,,,,,,,,,,,,,,,,,,,,,,,,,,,,,,,,,,,,,,,,,,,,,,,,,,,,,,,,
1676060269.806010,1676060269.806490,68.000000,0.000000,4294.743652,4290.384766,4292.948730,4306.922852,4311.538574,4305.384766,4298.717773,4317.051270,4293.077148,4285.256348,4576.666504,4492.436035,4400.897461,4430.128418,2428.000000,4.000000,85.000000,,,,0.000000,4.000000,4.000000,4.000000,4.000000,4.000000,4.000000,4.000000,4.000000,4.000000,4.000000,4.000000,4.000000,4.000000,4.000000,100.000000,,,,,,,,,,,,,,,,,,,,,,,,,,,,,,,,,,,,,,,,,,,,,,,,,,,,,,,,,,,,,,,,,,,,,,,,,,,,,,,,,,,,,,
1676060269.813818,1676060269.814298,69.000000,0.000000,4275.641113,4266.922852,4274.871582,4287.307617,4302.051270,4293.333496,4284.871582,4302.179688,4281.538574,4270.769043,4549.102539,4468.589844,4376.538574,4407.051270,2374.000000,4.000000,85.000000,,,,0.000000,4.000000,4.000000,4.000000,4.000000,4.000000,4.000000,4.000000,4.000000,4.000000,4.000000,4.000000,4.000000,4.000000,4.000000,100.000000,,,,,,,,,,,,,,,,,,,,,,,,,,,,,,,,,,,,,,,,,,,,,,,,,,,,,,,,,,,,,,,,,,,,,,,,,,,,,,,,,,,,,,
1676060269.821627,1676060269.822007,70.000000,0.000000,4261.922852,4246.025879,4261.410156,4267.436035,4287.692383,4285.641113,4272.307617,4289.358887,4269.871582,4257.436035,4533.461426,4452.436035,4359.615234,4387.436035,2222.000000,4.000000,85.000000,,,,0.000000,4.000000,4.000000,4.000000,4.000000,4.000000,4.000000,4.000000,4.000000,4.000000,4.000000,4.000000,4.000000,4.000000,4.000000,100.000000,,,,,,,,,,,,,,,,,,,,,,,,,,,,,,,,,,,,,,,,,,,,,,,,,,,,,,,,,,,,,,,,,,,,,,,,,,,,,,,,,,,,,,
1676060269.829435,1676060269.829815,71.000000,0.000000,4285.641113,4269.102539,4285.128418,4286.538574,4291.282227,4295.641113,4289.358887,4314.358887,4287.307617,4271.282227,4554.743652,4485.641113,4387.692383,4415.128418,2209.000000,4.000000,85.000000,,,,0.000000,4.000000,4.000000,4.000000,4.000000,4.000000,4.000000,4.000000,4.000000,4.000000,4.000000,4.000000,4.000000,4.000000,4.000000,100.000000,,,,,,,,,,,,,,,,,,,,,,,,,,,,,,,,,,,,,,,,,,,,,,,,,,,,,,,,,,,,,,,,,,,,,,,,,,,,,,,,,,,,,,
1676060269.837243,1676060269.837524,72.000000,0.000000,4301.794922,4287.436035,4305.128418,4306.794922,4305.000000,4310.512695,4311.794922,4340.641113,4309.358887,4283.205078,4571.282227,4516.794922,4410.128418,4443.846191,2266.000000,4.000000,85.000000,,,,0.000000,4.000000,4.000000,4.000000,4.000000,4.000000,4.000000,4.000000,4.000000,4.000000,4.000000,4.000000,4.000000,4.000000,4.000000,100.000000,,,,,,,,,,,,,,,,,,,,,,,,,,,,,,,,,,,,,,,,,,,,,,,,,,,,,,,,,,,,,,,,,,,,,,,,,,,,,,,,,,,,,,
1676060269.845052,1676060269.845332,73.000000,0.000000,4294.487305,4273.846191,4299.358887,4298.974121,4312.563965,4308.461426,4308.846191,4335.897461,4308.333496,4285.769043,4563.077148,4510.384766,4402.820313,4439.871582,2226.000000,4.000000,85.000000,,,,0.000000,4.000000,4.000000,4.000000,4.000000,4.000000,4.000000,4.000000,4.000000,4.000000,4.000000,4.000000,4.000000,4.000000,4.000000,100.000000,,,,,,,,,,,,,,,,,,,,,,,,,,,,,,,,,,,,,,,,,,,,,,,,,,,,,,,,,,,,,,,,,,,,,,,,,,,,,,,,,,,,,,
1676060269.852860,1676060269.853041,74.000000,0.000000,4294.615234,4275.769043,4293.846191,4291.410156,4312.051270,4298.077148,4296.538574,4326.538574,4296.282227,4287.179688,4550.128418,4501.794922,4399.358887,4434.871582,2730.000000,4.000000,85.000000,,,,0.000000,4.000000,4.000000,4.000000,4.000000,4.000000,4.000000,4.000000,4.000000,4.000000,4.000000,4.000000,4.000000,4.000000,4.000000,100.000000,,,,,,,,,,,,,,,,,,,,,,,,,,,,,,,,,,,,,,,,,,,,,,,,,,,,,,,,,,,,,,,,,,,,,,,,,,,,,,,,,,,,,,
1676060269.860669,1676060269.860849,75.000000,0.000000,4294.358887,4286.025879,4288.077148,4292.436035,4301.666504,4293.846191,4292.051270,4323.974121,4290.000000,4278.333496,4538.205078,4496.666504,4398.846191,4436.794922,2905.000000,4.000000,85.000000,,,,0.000000,4.000000,4.000000,4.000000,4.000000,4.000000,4.000000,4.000000,4.000000,4.000000,4.000000,4.000000,4.000000,4.000000,4.000000,100.000000,,,,,,,,,,,,,,,,,,,,,,,,,,,,,,,,,,,,,,,,,,,,,,,,,,,,,,,,,,,,,,,,,,,,,,,,,,,,,,,,,,,,,,
1676060269.868477,1676060269.868558,76.000000,0.000000,4291.538574,4287.692383,4283.077148,4296.922852,4302.436035,4295.897461,4296.794922,4324.871582,4295.641113,4278.333496,4527.948730,4492.563965,4393.974121,4434.743652,3107.000000,4.000000,85.000000,,,,0.000000,4.000000,4.000000,4.000000,4.000000,4.000000,4.000000,4.000000,4.000000,4.000000,4.000000,4.000000,4.000000,4.000000,4.000000,100.000000,,,,,,,,,,,,,,,,,,,,,,,,,,,,,,,,,,,,,,,,,,,,,,,,,,,,,,,,,,,,,,,,,,,,,,,,,,,,,,,,,,,,,,
1676060269.876285,1676060269.876366,77.000000,0.000000,4295.769043,4291.794922,4288.974121,4297.948730,4310.641113,4297.051270,4300.384766,4329.487305,4299.358887,4282.436035,4521.922852,4491.666504,4389.743652,4427.820313,3236.000000,4.000000,85.000000,,,,0.000000,4.000000,4.000000,4.000000,4.000000,4.000000,4.000000,4.000000,4.000000,4.000000,4.000000,4.000000,4.000000,4.000000,4.000000,100.000000,,,,,,,,,,,,,,,,,,,,,,,,,,,,,,,,,,,,,,,,,,,,,,,,,,,,,,,,,,,,,,,,,,,,,,,,,,,,,,,,,,,,,,
1676060269.884094,1676060269.884075,78.000000,0.000000,4283.333496,4276.538574,4278.974121,4280.384766,4297.820313,4291.922852,4290.128418,4317.436035,4283.717773,4262.692383,4505.512695,4474.615234,4374.358887,4411.410156,2730.000000,4.000000,85.000000,,,,0.000000,4.000000,4.000000,4.000000,4.000000,4.000000,4.000000,4.000000,4.000000,4.000000,4.000000,4.000000,4.000000,4.000000,4.000000,100.000000,1.000000,75.000000,4.000000,4.000000,3.000000,4.000000,4.000000,4.000000,4.000000,4.000000,4.000000,3.000000,4.000000,3.000000,3.000000,3.000000,1.389646,1.801028,1.645447,1.066204,1.529994,1.449259,2.146483,0.983835,0.985968,1.194487,1.373822,1.499887,1.947346,1.323311,1.360045,2.077498,1.675835,1.119538,1.011775,1.165324,0.600609,1.003923,1.075138,0.838417,0.613123,0.680248,1.073926,0.946456,0.973754,0.628578,0.389726,1.693321,1.898566,1.410628,0.986580,0.556618,1.437738,1.106317,1.327977,1.302999,0.629189,1.485513,1.071184,1.162281,1.268201,0.723740,1.381523,1.857993,1.515814,1.229148,13.770633,3.664202,2.220656,1.914741,1.770435,1.612761,1.790746,1.862094,2.202106,2.160318,0.720697,1.790665,1.071347,1.522765,1.654726,1.279022,1.931740,1.371668,1.420436,1.834156
1676060269.891902,1676060269.891983,79.000000,0.000000,4270.384766,4262.436035,4267.820313,4274.743652,4291.153809,4293.333496,4290.128418,4311.153809,4279.743652,4261.794922,4501.025879,4471.666504,4374.615234,4409.871582,2905.000000,4.000000,85.000000,,,,0.000000,4.000000,4.000000,4.000000,4.000000,4.000000,4.000000,4.000000,4.000000,4.000000,4.000000,4.000000,4.000000,4.000000,4.000000,100.000000,,,,,,,,,,,,,,,,,,,,,,,,,,,,,,,,,,,,,,,,,,,,,,,,,,,,,,,,,,,,,,,,,,,,,,,,,,,,,,,,,,,,,,
1676060269.899711,1676060269.899792,80.000000,0.000000,4293.333496,4292.948730,4295.512695,4303.589844,4318.205078,4310.000000,4315.256348,4342.051270,4311.153809,4301.538574,4531.538574,4508.974121,4408.846191,4442.307617,3107.000000,4.000000,85.000000,,,,0.000000,4.000000,4.000000,4.000000,4.000000,4.000000,4.000000,4.000000,4.000000,4.000000,4.000000,4.000000,4.000000,4.000000,4.000000,100.000000,,,,,,,,,,,,,,,,,,,,,,,,,,,,,,,,,,,,,,,,,,,,,,,,,,,,,,,,,,,,,,,,,,,,,,,,,,,,,,,,,,,,,,
1676060269.907519,1676060269.907700,81.000000,0.000000,4311.153809,4310.512695,4315.769043,4315.000000,4334.358887,4317.820313,4325.897461,4356.025879,4321.282227,4312.179688,4540.256348,4522.307617,4416.153809,4455.897461,3236.000000,4.000000,85.000000,,,,0.000000,4.000000,4.000000,4.000000,4.000000,4.000000,4.000000,4.000000,4.000000,4.000000,4.000000,4.000000,4.000000,4.000000,4.000000,100.000000,,,,,,,,,,,,,,,,,,,,,,,,,,,,,,,,,,,,,,,,,,,,,,,,,,,,,,,,,,,,,,,,,,,,,,,,,,,,,,,,,,,,,,
1676060269.915327,1676060269.915509,82.000000,0.000000,4285.769043,4278.974121,4294.743652,4290.000000,4314.230957,4300.897461,4306.025879,4327.051270,4293.461426,4280.128418,4505.000000,4487.179688,4379.871582,4424.358887,2730.000000,4.000000,85.000000,,,,0.000000,4.000000,4.000000,4.000000,4.000000,4.000000,4.000000,4.000000,4.000000,4.000000,4.000000,4.000000,4.000000,4.000000,4.000000,100.000000,,,,,,,,,,,,,,,,,,,,,,,,,,,,,,,,,,,,,,,,,,,,,,,,,,,,,,,,,,,,,,,,,,,,,,,,,,,,,,,,,,,,,,
1676060269.923136,1676060269.923417,83.000000,0.000000,4272.051270,4276.922852,4287.307617,4286.025879,4308.461426,4293.077148,4303.589844,4325.256348,4291.794922,4270.769043,4502.820313,4483.974121,4373.461426,4414.615234,2905.000000,4.000000,85.000000,,,,0.000000,4.000000,4.000000,4.000000,4.000000,4.000000,4.000000,4.000000,4.000000,4.000000,4.000000,4.000000,4.000000,4.000000,4.000000,100.000000,,,,,,,,,,,,,,,,,,,,,,,,,,,,,,,,,,,,,,,,,,,,,,,,,,,,,,,,,,,,,,,,,,,,,,,,,,,,,,,,,,,,,,
1676060269.930944,1676060269.931225,84.000000,0.000000,4289.615234,4302.436035,4300.897461,4301.410156,4321.410156,4299.358887,4316.153809,4349.615234,4309.871582,4289.102539,4535.128418,4507.436035,4392.179688,4432.179688,3107.000000,4.000000,85.000000,,,,0.000000,4.000000,4.000000,4.000000,4.000000,4.000000,4.000000,4.000000,4.000000,4.000000,4.000000,4.000000,4.000000,4.000000,4.000000,100.000000,,,,,,,,,,,,,,,,,,,,,,,,,,,,,,,,,,,,,,,,,,,,,,,,,,,,,,,,,,,,,,,,,,,,,,,,,,,,,,,,,,,,,,
1676060269.938753,1676060269.939134,85.000000,0.000000,4286.922852,4287.563965,4294.871582,4292.051270,4316.538574,4292.692383,4304.487305,4337.820313,4297.051270,4282.692383,4531.410156,4492.563965,4378.846191,4425.000000,3236.000000,4.000000,85.000000,,,,0.000000,4.000000,4.000000,4.000000,4.000000,4.000000,4.000000,4.000000,4.000000,4.000000,4.000000,4.000000,4.000000,4.000000,4.000000,100.000000,,,,,,,,,,,,,,,,,,,,,,,,,,,,,,,,,,,,,,,,,,,,,,,,,,,,,,,,,,,,,,,,,,,,,,,,,,,,,,,,,,,,,,
1676060269.946561,1676060269.946942,86.000000,0.000000,4285.641113,4283.717773,4297.051270,4293.461426,4316.153809,4294.871582,4303.974121,4332.563965,4297.563965,4278.333496,4523.974121,4491.794922,4380.384766,4431.153809,2730.000000,4.000000,85.000000,,,,0.000000,4.000000,4.000000,4.000000,4.000000,4.000000,4.000000,4.000000,4.000000,4.000000,4.000000,4.000000,4.000000,4.000000,4.000000,100.000000,,,,,,,,,,,,,,,,,,,,,,,,,,,,,,,,,,,,,,,,,,,,,,,,,,,,,,,,,,,,,,,,,,,,,,,,,,,,,,,,,,,,,,
1676060269.954369,1676060269.954850,87.000000,0.000000,4311.025879,4319.487305,4322.820313,4320.128418,4337.051270,4312.179688,4323.974121,4362.179688,4327.820313,4304.871582,4542.563965,4526.025879,4412.948730,4460.256348,2905.000000,4.000000,85.000000,,,,0.000000,4.000000,4.000000,4.000000,4.000000,4.000000,4.000000,4.000000,4.000000,4.000000,4.000000,4.000000,4.000000,4.000000,4.000000,100.000000,,,,,,,,,,,,,,,,,,,,,,,,,,,,,,,,,,,,,,,,,,,,,,,,,,,,,,,,,,,,,,,,,,,,,,,,,,,,,,,,,,,,,,
1676060269.962178,1676060269.962659,88.000000,0.000000,4311.410156,4320.512695,4324.230957,4317.436035,4343.589844,4309.230957,4313.077148,4365.512695,4323.974121,4311.153809,4535.897461,4521.538574,4410.000000,4452.051270,3107.000000,4.000000,85.000000,,,,0.000000,4.000000,4.000000,4.000000,4.000000,4.000000,4.000000,4.000000,4.000000,4.000000,4.000000,4.000000,4.000000,4.000000,4.000000,100.000000,,,,,,,,,,,,,,,,,,,,,,,,,,,,,,,,,,,,,,,,,,,,,,,,,,,,,,,,,,,,,,,,,,,,,,,,,,,,,,,,,,,,,,
1676060269.969986,1676060269.970367,89.000000,0.000000,4292.179688,4291.538574,4308.974121,4296.666504,4332.436035,4290.000000,4291.794922,4352.820313,4301.794922,4280.384766,4516.282227,4502.179688,4388.717773,4437.692383,3236.000000,4.000000,85.000000,,,,0.000000,4.000000,4.000000,4.000000,4.000000,4.000000,4.000000,4.000000,4.000000,4.000000,4.000000,4.000000,4.000000,4.000000,4.000000,100.000000,,,,,,,,,,,,,,,,,,,,,,,,,,,,,,,,,,,,,,,,,,,,,,,,,,,,,,,,,,,,,,,,,,,,,,,,,,,,,,,,,,,,,,
1676060269.977794,1676060269.978176,90.000000,0.000000,4301.282227,4297.563965,4313.333496,4301.025879,4332.436035,4294.230957,4304.358887,4375.512695,4307.948730,4263.846191,4524.230957,4520.512695,4398.974121,4458.333496,2730.000000,4.000000,85.000000,,,,0.000000,4.000000,4.000000,4.000000,4.000000,4.000000,4.000000,4.000000,4.000000,4.000000,4.000000,4.000000,4.000000,4.000000,4.000000,100.000000,,,,,,,,,,,,,,,,,,,,,,,,,,,,,,,,,,,,,,,,,,,,,,,,,,,,,,,,,,,,,,,,,,,,,,,,,,,,,,,,,,,,,,
1676060269.985603,1676060269.985884,91.000000,0.000000,4299.487305,4296.410156,4308.333496,4301.025879,4327.563965,4300.641113,4308.461426,4390.641113,4306.666504,4269.358887,4516.794922,4518.461426,4397.051270,4447.820313,2905.000000,4.000000,85.000000,,,,0.000000,4.000000,4.000000,4.000000,4.000000,4.000000,4.000000,4.000000,4.000000,4.000000,4.000000,4.000000,4.000000,4.000000,4.000000,100.000000,,,,,,,,,,,,,,,,,,,,,,,,,,,,,,,,,,,,,,,,,,,,,,,,,,,,,,,,,,,,,,,,,,,,,,,,,,,,,,,,,,,,,,
1676060269.993411,1676060269.993693,92.000000,0.000000,4266.153809,4265.384766,4281.153809,4276.282227,4307.692383,4281.282227,4281.153809,4375.512695,4287.051270,4265.897461,4487.948730,4483.333496,4363.461426,4406.153809,3107.000000,4.000000,85.000000,,,,0.000000,4.000000,4.000000,4.000000,4.000000,4.000000,4.000000,4.000000,4.000000,4.000000,4.000000,4.000000,4.000000,4.000000,4.000000,100.000000,,,,,,,,,,,,,,,,,,,,,,,,,,,,,,,,,,,,,,,,,,,,,,,,,,,,,,,,,,,,,,,,,,,,,,,,,,,,,,,,,,,,,,
1676060270.001219,1676060270.001401,93.000000,0.000000,4258.205078,4264.102539,4270.256348,4268.589844,4302.563965,4270.256348,4272.051270,4374.743652,4287.307617,4261.025879,4490.256348,4477.948730,4358.846191,4408.205078,3236.000000,4.000000,85.000000,,,,0.000000,4.000000,4.000000,4.000000,4.000000,4.000000,4.000000,4.000000,4.000000,4.000000,4.000000,4.000000,4.000000,4.000000,4.000000,100.000000,,,,,,,,,,,,,,,,,,,,,,,,,,,,,,,,,,,,,,,,,,,,,,,,,,,,,,,,,,,,,,,,,,,,,,,,,,,,,,,,,,,,,,
1676060270.009028,1676060270.009210,94.000000,0.000000,4278.077148,4289.615234,4285.769043,4286.410156,4322.948730,4289.230957,4290.384766,4387.436035,4300.128418,4271.282227,4517.820313,4494.230957,4390.128418,4433.717773,2730.000000,4.000000,85.000000,,,,0.000000,4.000000,4.000000,4.000000,4.000000,4.000000,4.000000,4.000000,4.000000,4.000000,4.000000,4.000000,4.000000,4.000000,4.000000,100.000000,,,,,,,,,,,,,,,,,1.401340,2.449384,1.715121,1.153178,1.849153,1.214405,2.991602,1.014144,1.038347,1.386666,1.322931,2.184127,1.965603,1.284762,1.614814,1.895449,2.378035,1.162068,1.052632,1.390509,0.652026,1.258037,1.149995,0.885286,0.743770,0.860264,1.193058,0.964823,0.945211,0.735807,0.422327,1.798582,1.936991,1.505286,1.177765,0.547608,1.534059,1.048165,1.340952,1.482983,0.562134,1.573478,0.963263,1.163844,1.457479,0.713638,1.959224,1.678689,1.583307,1.433614,19.361738,4.931699,2.748326,2.076757,2.077419,1.654460,2.439553,1.955531,2.282872,2.489046,0.754337,2.569100,1.300937,1.623453,1.913809,1.422182,2.511243,1.551795,1.460287,2.155634
1676060270.016836,1676060270.016918,95.000000,0.000000,4285.000000,4297.179688,4294.487305,4295.769043,4335.128418,4300.897461,4298.846191,4383.205078,4299.615234,4282.563965,4521.410156,4496.538574,4401.538574,4434.487305,2905.000000,4.000000,85.000000,,,,0.000000,4.000000,4.000000,4.000000,4.000000,4.000000,4.000000,4.000000,4.000000,4.000000,4.000000,4.000000,4.000000,4.000000,4.000000,100.000000,,,,,,,,,,,,,,,,,,,,,,,,,,,,,,,,,,,,,,,,,,,,,,,,,,,,,,,,,,,,,,,,,,,,,,,,,,,,,,,,,,,,,,
1676060270.024645,1676060270.024727,96.000000,0.000000,4276.794922,4290.512695,4285.512695,4290.769043,4327.436035,4289.615234,4293.077148,4369.102539,4291.922852,4278.717773,4498.717773,4487.436035,4384.615234,4426.666504,3107.000000,4.000000,85.000000,,,,0.000000,4.000000,4.000000,4.000000,4.000000,4.000000,4.000000,4.000000,4.000000,4.000000,4.000000,4.000000,4.000000,4.000000,4.000000,100.000000,,,,,,,,,,,,,,,,,,,,,,,,,,,,,,,,,,,,,,,,,,,,,,,,,,,,,,,,,,,,,,,,,,,,,,,,,,,,,,,,,,,,,,
1676060270.032453,1676060270.032435,97.000000,0.000000,4275.512695,4293.461426,4286.153809,4292.307617,4330.384766,4292.692383,4296.282227,4367.436035,4295.897461,4276.794922,4497.307617,4491.794922,4382.563965,4432.307617,3236.000000,4.000000,85.000000,,,,0.000000,4.000000,4.000000,4.000000,4.000000,4.000000,4.000000,4.000000,4.000000,4.000000,4.000000,4.000000,4.000000,4.000000,4.000000,100.000000,,,,,,,,,,,,,,,,,,,,,,,,,,,,,,,,,,,,,,,,,,,,,,,,,,,,,,,,,,,,,,,,,,,,,,,,,,,,,,,,,,,,,,
1676060270.040261,1676060270.040244,98.000000,0.000000,4285.641113,4298.205078,4294.871582,4296.666504,4337.563965,4304.743652,4303.974121,4370.000000,4302.692383,4288.205078,4509.743652,4504.358887,4395.384766,4438.333496,2730.000000,4.000000,85.000000,,,,0.000000,4.000000,4.000000,4.000000,4.000000,4.000000,4.000000,4.000000,4.000000,4.000000,4.000000,4.000000,4.000000,4.000000,4.000000,100.000000,,,,,,,,,,,,,,,,,,,,,,,,,,,,,,,,,,,,,,,,,,,,,,,,,,,,,,,,,,,,,,,,,,,,,,,,,,,,,,,,,,,,,,
1676060270.048070,1676060270.047952,99.000000,0.000000,4289.871582,4294.615234,4291.538574,4290.769043,4327.948730,4296.666504,4298.974121,4364.230957,4294.102539,4281.025879,4496.282227,4501.538574,4389.871582,4429.615234,2905.000000,4.000000,85.000000,,,,0.000000,4.000000,4.000000,4.000000,4.000000,4.000000,4.000000,4.000000,4.000000,4.000000,4.000000,4.000000,4.000000,4.000000,4.000000,100.000000,,,,,,,,,,,,,,,,,,,,,,,,,,,,,,,,,,,,,,,,,,,,,,,,,,,,,,,,,,,,,,,,,,,,,,,,,,,,,,,,,,,,,,
1676060270.055878,1676060270.055761,100.000000,0.000000,4273.333496,4278.974121,4276.666504,4277.692383,4319.615234,4282.307617,4283.205078,4350.641113,4276.794922,4253.333496,4470.512695,4482.307617,4370.384766,4413.589844,3107.000000,4.000000,85.000000,,,,0.000000,4.000000,4.000000,4.000000,4.000000,4.000000,4.000000,4.000000,4.000000,4.000000,4.000000,4.000000,4.000000,4.000000,4.000000,100.000000,,,,,,,,,,,,,,,,,,,,,,,,,,,,,,,,,,,,,,,,,,,,,,,,,,,,,,,,,,,,,,,,,,,,,,,,,,,,,,,,,,,,,,
1676060270.063686,1676060270.063469,101.000000,0.000000,4252.307617,4260.512695,4264.871582,4263.974121,4320.128418,4275.384766,4273.589844,4334.358887,4262.051270,4236.410156,4452.179688,4460.641113,4351.410156,4398.333496,3236.000000,4.000000,85.000000,,,,0.000000,4.000000,4.000000,4.000000,4.000000,4.000000,4.000000,4.000000,4.000000,4.000000,4.000000,4.000000,4.000000,4.000000,4.000000,100.000000,,,,,,,,,,,,,,,,,,,,,,,,,,,,,,,,,,,,,,,,,,,,,,,,,,,,,,,,,,,,,,,,,,,,,,,,,,,,,,,,,,,,,,
1676060270.071495,1676060270.071378,102.000000,0.000000,4268.717773,4277.820313,4279.230957,4276.153809,4327.563965,4283.461426,4291.282227,4341.666504,4273.717773,4257.692383,4458.461426,4472.820313,4355.769043,4409.358887,2730.000000,4.000000,85.000000,,,,0.000000,4.000000,4.000000,4.000000,4.000000,4.000000,4.000000,4.000000,4.000000,4.000000,4.000000,4.000000,4.000000,4.000000,4.000000,100.000000,,,,,,,,,,,,,,,,,,,,,,,,,,,,,,,,,,,,,,,,,,,,,,,,,,,,,,,,,,,,,,,,,,,,,,,,,,,,,,,,,,,,,,
1676060270.079303,1676060270.079186,103.000000,0.000000,4298.205078,4305.256348,4306.666504,4301.794922,4337.051270,4300.128418,4315.256348,4367.307617,4303.846191,4292.179688,4481.922852,4505.897461,4382.307617,4437.436035,2905.000000,4.000000,85.000000,,,,0.000000,4.000000,4.000000,4.000000,4.000000,4.000000,4.000000,4.000000,4.000000,4.000000,4.000000,4.000000,4.000000,4.000000,4.000000,100.000000,,,,,,,,,,,,,,,,,,,,,,,,,,,,,,,,,,,,,,,,,,,,,,,,,,,,,,,,,,,,,,,,,,,,,,,,,,,,,,,,,,,,,,
1676060270.087112,1676060270.087095,104.000000,0.000000,4291.666504,4291.922852,4304.615234,4295.128418,4334.230957,4300.384766,4307.820313,4370.769043,4306.410156,4286.153809,4481.794922,4506.153809,4386.922852,4436.282227,3107.000000,4.000000,85.000000,,,,0.000000,4.000000,4.000000,4.000000,4.000000,4.000000,4.000000,4.000000,4.000000,4.000000,4.000000,4.000000,4.000000,4.000000,4.000000,100.000000,,,,,,,,,,,,,,,,,,,,,,,,,,,,,,,,,,,,,,,,,,,,,,,,,,,,,,,,,,,,,,,,,,,,,,,,,,,,,,,,,,,,,,
1676060270.094920,1676060270.094903,105.000000,0.000000,4277.563965,4277.692383,4290.128418,4282.820313,4327.692383,4289.615234,4297.436035,4357.820313,4289.230957,4265.641113,4464.358887,4485.128418,4370.897461,4418.205078,3236.000000,4.000000,85.000000,,,,0.000000,4.000000,4.000000,4.000000,4.000000,4.000000,4.000000,4.000000,4.000000,4.000000,4.000000,4.000000,4.000000,4.000000,4.000000,100.000000,,,,,,,,,,,,,,,,,,,,,,,,,,,,,,,,,,,,,,,,,,,,,,,,,,,,,,,,,,,,,,,,,,,,,,,,,,,,,,,,,,,,,,
1676060270.102728,1676060270.102811,106.000000,0.000000,4287.436035,4294.102539,4304.871582,4293.974121,4333.717773,4294.487305,4308.333496,4362.563965,4295.512695,4279.743652,4472.307617,4490.128418,4377.820313,4427.179688,2730.000000,4.000000,85.000000,,,,0.000000,4.000000,4.000000,4.000000,4.000000,4.000000,4.000000,4.000000,4.000000,4.000000,4.000000,4.000000,4.000000,4.000000,4.000000,100.000000,,,,,,,,,,,,,,,,,,,,,,,,,,,,,,,,,,,,,,,,,,,,,,,,,,,,,,,,,,,,,,,,,,,,,,,,,,,,,,,,,,,,,,
1676060270.110537,1676060270.110620,107.000000,0.000000,4292.179688,4296.794922,4318.589844,4296.410156,4333.589844,4298.077148,4310.128418,4366.922852,4300.641113,4292.436035,4482.692383,4503.589844,4391.282227,4440.384766,2905.000000,4.000000,85.000000,,,,0.000000,4.000000,4.000000,4.000000,4.000000,4.000000,4.000000,4.000000,4.000000,4.000000,4.000000,4.000000,4.000000,4.000000,4.000000,100.000000,,,,,,,,,,,,,,,,,,,,,,,,,,,,,,,,,,,,,,,,,,,,,,,,,,,,,,,,,,,,,,,,,,,,,,,,,,,,,,,,,,,,,,
1676060270.118345,1676060270.118528,108.000000,0.000000,4274.615234,4271.538574,4300.128418,4279.358887,4318.077148,4283.974121,4295.256348,4347.948730,4277.692383,4269.487305,4457.692383,4485.512695,4373.077148,4422.307617,3107.000000,4.000000,85.000000,,,,0.000000,4.000000,4.000000,4.000000,4.000000,4.000000,4.000000,4.000000,4.000000,4.000000,4.000000,4.000000,4.000000,4.000000,4.000000,100.000000,,,,,,,,,,,,,,,,,,,,,,,,,,,,,,,,,,,,,,,,,,,,,,,,,,,,,,,,,,,,,,,,,,,,,,,,,,,,,,,,,,,,,,
1676060270.126154,1676060270.126337,109.000000,0.000000,4258.974121,4255.000000,4275.128418,4267.179688,4309.743652,4275.384766,4283.974121,4325.897461,4262.692383,4247.820313,4423.717773,4456.153809,4343.461426,4397.307617,3236.000000,4.000000,85.000000,,,,0.000000,4.000000,4.000000,4.000000,4.000000,4.000000,4.000000,4.000000,4.000000,4.000000,4.000000,4.000000,4.000000,4.000000,4.000000,100.000000,,,,,,,,,,,,,,,,,,,,,,,,,,,,,,,,,,,,,,,,,,,,,,,,,,,,,,,,,,,,,,,,,,,,,,,,,,,,,,,,,,,,,,
1676060270.133962,1676060270.134245,110.000000,0.000000,4268.589844,4271.666504,4278.461426,4274.358887,4316.922852,4287.436035,4293.589844,4333.589844,4280.512695,4264.358887,4432.436035,4462.307617,4355.769043,4408.205078,2730.000000,4.000000,85.000000,,,,0.000000,4.000000,4.000000,4.000000,4.000000,4.000000,4.000000,4.000000,4.000000,4.000000,4.000000,4.000000,4.000000,4.000000,4.000000,100.000000,,,,,,,,,,,,,,,,,1.283866,3.145719,1.745390,1.267539,2.054946,1.119584,3.908315,1.084515,1.108632,1.574628,1.180629,2.935952,1.929339,1.273683,1.797820,1.761583,3.264669,1.252879,1.114951,1.554173,0.770559,1.641207,1.149686,0.889634,0.856924,1.046158,1.275223,0.909747,0.882486,0.804855,0.432776,1.898183,1.854804,1.561474,1.322000,0.510798,1.638558,1.002060,1.369683,1.596067,0.489239,1.665691,0.869980,1.214288,1.569898,0.700304,2.622889,1.446862,1.713864,1.583575,23.972038,6.516873,3.252316,2.283345,2.317067,1.795112,3.122888,2.043190,2.371120,2.661061,0.912694,3.499561,1.603301,1.752687,2.111929,1.491581,3.170713,1.764823,1.572574,2.367670
1676060270.141770,1676060270.142053,111.000000,0.000000,4293.846191,4305.256348,4302.563965,4295.769043,4323.846191,4300.000000,4315.512695,4363.717773,4312.307617,4299.102539,4472.692383,4497.563965,4396.922852,4441.538574,2905.000000,4.000000,85.000000,,,,0.000000,4.000000,4.000000,4.000000,4.000000,4.000000,4.000000,4.000000,4.000000,4.000000,4.000000,4.000000,4.000000,4.000000,4.000000,100.000000,,,,,,,,,,,,,,,,,,,,,,,,,,,,,,,,,,,,,,,,,,,,,,,,,,,,,,,,,,,,,,,,,,,,,,,,,,,,,,,,,,,,,,
1676060270.149579,1676060270.149962,112.000000,0.000000,4287.563965,4295.384766,4294.102539,4290.128418,4312.692383,4288.589844,4305.384766,4360.256348,4306.538574,4285.128418,4465.128418,4491.025879,4389.358887,4433.333496,3107.000000,4.000000,85.000000,,,,0.000000,4.000000,4.000000,4.000000,4.000000,4.000000,4.000000,4.000000,4.000000,4.000000,4.000000,4.000000,4.000000,4.000000,4.000000,100.000000,,,,,,,,,,,,,,,,,,,,,,,,,,,,,,,,,,,,,,,,,,,,,,,,,,,,,,,,,,,,,,,,,,,,,,,,,,,,,,,,,,,,,,
1676060270.157387,1676060270.157770,113.000000,0.000000,4260.512695,4259.743652,4268.461426,4265.256348,4299.743652,4275.128418,4277.563965,4333.461426,4276.922852,4245.384766,4425.384766,4457.948730,4352.307617,4402.307617,3236.000000,4.000000,85.000000,,,,0.000000,4.000000,4.000000,4.000000,4.000000,4.000000,4.000000,4.000000,4.000000,4.000000,4.000000,4.000000,4.000000,4.000000,4.000000,100.000000,,,,,,,,,,,,,,,,,,,,,,,,,,,,,,,,,,,,,,,,,,,,,,,,,,,,,,,,,,,,,,,,,,,,,,,,,,,,,,,,,,,,,,
1676060270.165196,1676060270.165479,114.000000,0.000000,4272.820313,4275.128418,4282.436035,4276.282227,4308.589844,4281.666504,4289.743652,4345.512695,4286.410156,4265.384766,4439.743652,4475.897461,4367.179688,4418.846191,2730.000000,4.000000,85.000000,,,,0.000000,4.000000,4.000000,4.000000,4.000000,4.000000,4.000000,4.000000,4.000000,4.000000,4.000000,4.000000,4.000000,4.000000,4.000000,100.000000,,,,,,,,,,,,,,,,,,,,,,,,,,,,,,,,,,,,,,,,,,,,,,,,,,,,,,,,,,,,,,,,,,,,,,,,,,,,,,,,,,,,,,
1676060270.173004,1676060270.173287,115.000000,0.000000,4286.538574,4294.871582,4300.128418,4287.692383,4311.410156,4281.794922,4305.000000,4358.077148,4302.051270,4293.333496,4459.358887,4494.615234,4386.922852,4434.871582,2905.000000,4.000000,85.000000,,,,0.000000,4.000000,4.000000,4.000000,4.000000,4.000000,4.000000,4.000000,4.000000,4.000000,4.000000,4.000000,4.000000,4.000000,4.000000,100.000000,,,,,,,,,,,,,,,,,,,,,,,,,,,,,,,,,,,,,,,,,,,,,,,,,,,,,,,,,,,,,,,,,,,,,,,,,,,,,,,,,,,,,,
1676060270.180812,1676060270.180996,116.000000,0.000000,4276.410156,4278.974121,4290.128418,4273.717773,4306.153809,4279.487305,4292.436035,4341.282227,4290.384766,4280.769043,4442.820313,4477.051270,4374.743652,4422.563965,3107.000000,4.000000,85.000000,,,,0.000000,4.000000,4.000000,4.000000,4.000000,4.000000,4.000000,4.000000,4.000000,4.000000,4.000000,4.000000,4.000000,4.000000,4.000000,100.000000,,,,,,,,,,,,,,,,,,,,,,,,,,,,,,,,,,,,,,,,,,,,,,,,,,,,,,,,,,,,,,,,,,,,,,,,,,,,,,,,,,,,,,
1676060270.188621,1676060270.188804,117.000000,0.000000,4288.974121,4285.897461,4292.692383,4282.307617,4316.794922,4294.358887,4298.333496,4344.871582,4296.666504,4288.077148,4453.846191,4483.717773,4386.794922,4436.538574,3236.000000,4.000000,85.000000,,,,0.000000,4.000000,4.000000,4.000000,4.000000,4.000000,4.000000,4.000000,4.000000,4.000000,4.000000,4.000000,4.000000,4.000000,4.000000,100.000000,,,,,,,,,,,,,,,,,,,,,,,,,,,,,,,,,,,,,,,,,,,,,,,,,,,,,,,,,,,,,,,,,,,,,,,,,,,,,,,,,,,,,,
1676060270.196429,1676060270.196513,118.000000,0.000000,4297.051270,4300.384766,4300.641113,4290.641113,4320.128418,4296.794922,4306.025879,4357.051270,4308.974121,4295.641113,4470.641113,4500.128418,4400.769043,4448.846191,2730.000000,4.000000,85.000000,,,,0.000000,4.000000,4.000000,4.000000,4.000000,4.000000,4.000000,4.000000,4.000000,4.000000,4.000000,4.000000,4.000000,4.000000,4.000000,100.000000,,,,,,,,,,,,,,,,,,,,,,,,,,,,,,,,,,,,,,,,,,,,,,,,,,,,,,,,,,,,,,,,,,,,,,,,,,,,,,,,,,,,,,
1676060270.204237,1676060270.204421,119.000000,0.000000,4270.128418,4281.410156,4285.512695,4268.717773,4302.692383,4278.717773,4286.153809,4337.948730,4291.282227,4266.153809,4443.461426,4475.128418,4375.641113,4420.128418,2905.000000,4.000000,85.000000,,,,0.000000,4.000000,4.000000,4.000000,4.000000,4.000000,4.000000,4.000000,4.000000,4.000000,4.000000,4.000000,4.000000,4.000000,4.000000,100.000000,,,,,,,,,,,,,,,,,,,,,,,,,,,,,,,,,,,,,,,,,,,,,,,,,,,,,,,,,,,,,,,,,,,,,,,,,,,,,,,,,,,,,,
1676060270.212046,1676060270.212230,120.000000,0.000000,4260.000000,4267.179688,4275.128418,4262.436035,4291.794922,4275.897461,4276.282227,4319.102539,4279.230957,4262.051270,4424.615234,4451.922852,4358.717773,4402.563965,3107.000000,4.000000,85.000000,,,,0.000000,4.000000,4.000000,4.000000,4.000000,4.000000,4.000000,4.000000,4.000000,4.000000,4.000000,4.000000,4.000000,4.000000,4.000000,100.000000,,,,,,,,,,,,,,,,,,,,,,,,,,,,,,,,,,,,,,,,,,,,,,,,,,,,,,,,,,,,,,,,,,,,,,,,,,,,,,,,,,,,,,
1676060270.219854,1676060270.220138,121.000000,0.000000,4275.512695,4277.436035,4283.333496,4284.230957,4298.461426,4284.102539,4286.025879,4326.282227,4287.563965,4280.512695,4436.666504,4465.769043,4369.230957,4417.307617,3236.000000,4.000000,85.000000,,,,0.000000,4.000000,4.000000,4.000000,4.000000,4.000000,4.000000,4.000000,4.000000,4.000000,4.000000,4.000000,4.000000,4.000000,4.000000,100.000000,,,,,,,,,,,,,,,,,,,,,,,,,,,,,,,,,,,,,,,,,,,,,,,,,,,,,,,,,,,,,,,,,,,,,,,,,,,,,,,,,,,,,,
1676060270.227663,1676060270.227946,122.000000,0.000000,4276.282227,4283.846191,4287.948730,4296.538574,4299.871582,4277.307617,4285.384766,4332.563965,4288.205078,4273.461426,4439.871582,4478.589844,4369.358887,4421.666504,2730.000000,4.000000,85.000000,,,,0.000000,4.000000,4.000000,4.000000,4.000000,4.000000,4.000000,4.000000,4.000000,4.000000,4.000000,4.000000,4.000000,4.000000,4.000000,100.000000,,,,,,,,,,,,,,,,,,,,,,,,,,,,,,,,,,,,,,,,,,,,,,,,,,,,,,,,,,,,,,,,,,,,,,,,,,,,,,,,,,,,,,
1676060270.235471,1676060270.235855,123.000000,0.000000,4265.128418,4273.333496,4279.743652,4291.153809,4284.230957,4261.666504,4272.820313,4317.948730,4272.692383,4256.153809,4422.820313,4468.974121,4354.871582,4401.922852,2905.000000,4.000000,85.000000,,,,0.000000,4.000000,4.000000,4.000000,4.000000,4.000000,4.000000,4.000000,4.000000,4.000000,4.000000,4.000000,4.000000,4.000000,4.000000,100.000000,,,,,,,,,,,,,,,,,,,,,,,,,,,,,,,,,,,,,,,,,,,,,,,,,,,,,,,,,,,,,,,,,,,,,,,,,,,,,,,,,,,,,,
1676060270.243279,1676060270.243663,124.000000,0.000000,4265.000000,4260.769043,4271.538574,4287.179688,4272.692383,4258.589844,4269.871582,4303.717773,4260.512695,4249.615234,4411.666504,4464.358887,4349.743652,4392.692383,3107.000000,4.000000,85.000000,,,,0.000000,4.000000,4.000000,4.000000,4.000000,4.000000,4.000000,4.000000,4.000000,4.000000,4.000000,4.000000,4.000000,4.000000,4.000000,100.000000,,,,,,,,,,,,,,,,,,,,,,,,,,,,,,,,,,,,,,,,,,,,,,,,,,,,,,,,,,,,,,,,,,,,,,,,,,,,,,,,,,,,,,
1676060270.251088,1676060270.251472,125.000000,0.000000,4274.743652,4266.666504,4283.974121,4299.615234,4284.615234,4273.589844,4285.897461,4316.282227,4271.538574,4265.512695,4421.025879,4487.948730,4360.897461,4415.897461,3236.000000,4.000000,85.000000,,,,0.000000,4.000000,4.000000,4.000000,4.000000,4.000000,4.000000,4.000000,4.000000,4.000000,4.000000,4.000000,4.000000,4.000000,4.000000,100.000000,,,,,,,,,,,,,,,,,,,,,,,,,,,,,,,,,,,,,,,,,,,,,,,,,,,,,,,,,,,,,,,,,,,,,,,,,,,,,,,,,,,,,,
1676060270.258896,1676060270.259180,126.000000,0.000000,4286.025879,4282.820313,4300.897461,4320.000000,4298.717773,4284.871582,4302.051270,4337.948730,4289.615234,4281.666504,4437.307617,4514.102539,4370.769043,4433.461426,2730.000000,4.000000,85.000000,,,,0.000000,4.000000,4.000000,4.000000,4.000000,4.000000,4.000000,4.000000,4.000000,4.000000,4.000000,4.000000,4.000000,4.000000,4.000000,100.000000,,,,,,,,,,,,,,,,,1.060637,3.695490,1.707780,1.367970,2.106000,1.105141,4.670305,1.161945,1.167060,1.741508,0.990838,3.555565,1.848161,1.276914,1.876806,1.732013,4.133321,1.342620,1.162784,1.630907,0.961006,2.106498,1.071813,0.856365,0.930346,1.202261,1.297008,0.808811,0.799076,0.826576,0.457116,1.935565,1.678815,1.547216,1.394610,0.528549,1.720889,0.994460,1.403478,1.633491,0.438268,1.737345,0.812130,1.290610,1.584460,0.685674,3.223387,1.210746,1.862189,1.655523,26.478258,8.210889,3.637369,2.482210,2.456169,1.981046,3.684928,2.108721,2.449902,2.665871,1.122506,4.338478,1.922622,1.891328,2.238031,1.517271,3.727497,1.956845,1.723537,2.440796
1676060270.266704,1676060270.267088,127.000000,0.000000,4282.307617,4278.589844,4288.974121,4318.077148,4290.128418,4275.384766,4295.256348,4332.051270,4280.897461,4259.743652,4428.461426,4503.333496,4360.256348,4413.077148,85.000000,4.000000,85.000000,,,,0.000000,4.000000,4.000000,4.000000,4.000000,4.000000,4.000000,4.000000,4.000000,4.000000,4.000000,4.000000,4.000000,4.000000,4.000000,100.000000,,,,,,,,,,,,,,,,,,,,,,,,,,,,,,,,,,,,,,,,,,,,,,,,,,,,,,,,,,,,,,,,,,,,,,,,,,,,,,,,,,,,,,
1676060270.274513,1676060270.274897,0.000000,0.000000,4268.589844,4270.897461,4273.846191,4307.051270,4286.666504,4270.769043,4287.948730,4314.487305,4268.333496,4244.102539,4415.897461,4487.307617,4352.820313,4400.769043,2531.000000,4.000000,85.000000,,,,0.000000,4.000000,4.000000,4.000000,4.000000,4.000000,4.000000,4.000000,4.000000,4.000000,4.000000,4.000000,4.000000,4.000000,4.000000,100.000000,,,,,,,,,,,,,,,,,,,,,,,,,,,,,,,,,,,,,,,,,,,,,,,,,,,,,,,,,,,,,,,,,,,,,,,,,,,,,,,,,,,,,,
1676060270.282321,1676060270.282805,1.000000,0.000000,4265.256348,4277.436035,4279.487305,4314.487305,4296.666504,4278.974121,4293.205078,4313.974121,4276.794922,4265.512695,4423.461426,4491.922852,4359.615234,4411.538574,2486.000000,4.000000,85.000000,,,,0.000000,4.000000,4.000000,4.000000,4.000000,4.000000,4.000000,4.000000,4.000000,4.000000,4.000000,4.000000,4.000000,4.000000,4.000000,100.000000,,,,,,,,,,,,,,,,,,,,,,,,,,,,,,,,,,,,,,,,,,,,,,,,,,,,,,,,,,,,,,,,,,,,,,,,,,,,,,,,,,,,,,
1676060270.290130,1676060270.290614,2.000000,0.000000,4263.717773,4272.948730,4274.487305,4314.743652,4289.230957,4274.743652,4287.051270,4314.615234,4282.051270,4269.487305,4418.077148,4485.000000,4355.384766,4402.307617,2409.000000,4.000000,85.000000,,,,0.000000,4.000000,4.000000,4.000000,4.000000,4.000000,4.000000,4.000000,4.000000,4.000000,4.000000,4.000000,4.000000,4.000000,4.000000,100.000000,,,,,,,,,,,,,,,,,,,,,,,,,,,,,,,,,,,,,,,,,,,,,,,,,,,,,,,,,,,,,,,,,,,,,,,,,,,,,,,,,,,,,,
1676060270.297938,1676060270.298522,3.000000,0.000000,4259.230957,4258.846191,4258.077148,4297.436035,4275.641113,4258.974121,4275.384766,4308.974121,4277.307617,4255.641113,4402.948730,4467.948730,4345.641113,4386.794922,2481.000000,4.000000,85.000000,,,,0.000000,4.000000,4.000000,4.000000,4.000000,4.000000,4.000000,4.000000,4.000000,4.000000,4.000000,4.000000,4.000000,4.000000,4.000000,100.000000,,,,,,,,,,,,,,,,,,,,,,,,,,,,,,,,,,,,,,,,,,,,,,,,,,,,,,,,,,,,,,,,,,,,,,,,,,,,,,,,,,,,,,
1676060270.305746,1676060270.306330,4.000000,0.000000,4264.230957,4262.051270,4263.974121,4290.769043,4275.641113,4258.461426,4278.717773,4314.743652,4277.307617,4261.794922,4407.948730,4477.820313,4350.641113,4396.538574,2448.000000,4.000000,85.000000,,,,0.000000,4.000000,4.000000,4.000000,4.000000,4.000000,4.000000,4.000000,4.000000,4.000000,4.000000,4.000000,4.000000,4.000000,4.000000,100.000000,,,,,,,,,,,,,,,,,,,,,,,,,,,,,,,,,,,,,,,,,,,,,,,,,,,,,,,,,,,,,,,,,,,,,,,,,,,,,,,,,,,,,,
1676060270.313555,1676060270.314239,5.000000,0.000000,4277.948730,4276.666504,4285.000000,4306.538574,4279.487305,4274.102539,4289.358887,4330.384766,4290.256348,4277.820313,4426.538574,4500.897461,4365.256348,4413.974121,2386.000000,4.000000,85.000000,,,,0.000000,4.000000,4.000000,4.000000,4.000000,4.000000,4.000000,4.000000,4.000000,4.000000,4.000000,4.000000,4.000000,4.000000,4.000000,100.000000,,,,,,,,,,,,,,,,,,,,,,,,,,,,,,,,,,,,,,,,,,,,,,,,,,,,,,,,,,,,,,,,,,,,,,,,,,,,,,,,,,,,,,
1676060270.321363,1676060270.322047,6.000000,0.000000,4283.205078,4286.794922,4295.641113,4324.102539,4285.000000,4282.051270,4294.871582,4337.179688,4298.077148,4284.871582,4438.461426,4508.461426,4377.051270,4425.384766,2236.000000,4.000000,85.000000,,,,0.000000,4.000000,4.000000,4.000000,4.000000,4.000000,4.000000,4.000000,4.000000,4.000000,4.000000,4.000000,4.000000,4.000000,4.000000,100.000000,,,,,,,,,,,,,,,,,,,,,,,,,,,,,,,,,,,,,,,,,,,,,,,,,,,,,,,,,,,,,,,,,,,,,,,,,,,,,,,,,,,,,,
1676060270.329172,1676060270.329956,7.000000,0.000000,4283.974121,4295.000000,4296.153809,4323.717773,4296.410156,4279.615234,4298.589844,4335.897461,4289.871582,4274.615234,4438.974121,4509.871582,4378.333496,4431.666504,2229.000000,4.000000,85.000000,,,,0.000000,4.000000,4.000000,4.000000,4.000000,4.000000,4.000000,4.000000,4.000000,4.000000,4.000000,4.000000,4.000000,4.000000,4.000000,100.000000,,,,,,,,,,,,,,,,,,,,,,,,,,,,,,,,,,,,,,,,,,,,,,,,,,,,,,,,,,,,,,,,,,,,,,,,,,,,,,,,,,,,,,
1676060270.336980,1676060270.337864,8.000000,0.000000,4286.922852,4289.487305,4293.461426,4315.897461,4297.436035,4277.563965,4299.487305,4329.487305,4281.410156,4261.794922,4430.384766,4510.384766,4370.000000,4426.025879,2289.000000,4.000000,85.000000,,,,0.000000,4.000000,4.000000,4.000000,4.000000,4.000000,4.000000,4.000000,4.000000,4.000000,4.000000,4.000000,4.000000,4.000000,4.000000,100.000000,,,,,,,,,,,,,,,,,,,,,,,,,,,,,,,,,,,,,,,,,,,,,,,,,,,,,,,,,,,,,,,,,,,,,,,,,,,,,,,,,,,,,,
1676060270.344788,1676060270.345672,9.000000,0.000000,4271.794922,4264.358887,4279.871582,4307.692383,4282.179688,4268.461426,4285.384766,4309.230957,4270.897461,4261.282227,4410.000000,4490.769043,4354.230957,4406.025879,2262.000000,4.000000,85.000000,,,,0.000000,4.000000,4.000000,4.000000,4.000000,4.000000,4.000000,4.000000,4.000000,4.000000,4.000000,4.000000,4.000000,4.000000,4.000000,100.000000,,,,,,,,,,,,,,,,,,,,,,,,,,,,,,,,,,,,,,,,,,,,,,,,,,,,,,,,,,,,,,,,,,,,,,,,,,,,,,,,,,,,,,
1676060270.352597,1676060270.353481,10.000000,0.000000,4264.102539,4262.436035,4273.589844,4306.666504,4275.512695,4266.282227,4280.256348,4302.820313,4266.922852,4264.871582,4408.717773,4478.974121,4352.563965,4404.487305,2753.000000,4.000000,85.000000,,,,0.000000,4.000000,4.000000,4.000000,4.000000,4.000000,4.000000,4.000000,4.000000,4.000000,4.000000,4.000000,4.000000,4.000000,4.000000,100.000000,,,,,,,,,,,,,,,,,,,,,,,,,,,,,,,,,,,,,,,,,,,,,,,,,,,,,,,,,,,,,,,,,,,,,,,,,,,,,,,,,,,,,,
1676060270.360405,1676060270.361189,11.000000,0.000000,4286.666504,4286.025879,4288.974121,4314.615234,4285.512695,4278.077148,4295.384766,4317.692383,4280.128418,4267.563965,4426.666504,4494.615234,4370.256348,4424.230957,2937.000000,4.000000,85.000000,,,,0.000000,4.000000,4.000000,4.000000,4.000000,4.000000,4.000000,4.000000,4.000000,4.000000,4.000000,4.000000,4.000000,4.000000,4.000000,100.000000,,,,,,,,,,,,,,,,,,,,,,,,,,,,,,,,,,,,,,,,,,,,,,,,,,,,,,,,,,,,,,,,,,,,,,,,,,,,,,,,,,,,,,
1676060270.368214,1676060270.368998,12.000000,0.000000,4287.307617,4278.077148,4288.846191,4306.922852,4281.025879,4274.358887,4291.922852,4314.102539,4282.436035,4263.333496,4418.461426,4490.769043,4367.436035,4418.974121,3144.000000,4.000000,85.000000,,,,0.000000,4.000000,4.000000,4.000000,4.000000,4.000000,4.000000,4.000000,4.000000,4.000000,4.000000,4.000000,4.000000,4.000000,4.000000,100.000000,,,,,,,,,,,,,,,,,,,,,,,,,,,,,,,,,,,,,,,,,,,,,,,,,,,,,,,,,,,,,,,,,,,,,,,,,,,,,,,,,,,,,,
1676060270.376022,1676060270.376706,13.000000,0.000000,4265.384766,4259.487305,4272.948730,4292.436035,4265.128418,4265.512695,4280.256348,4303.846191,4271.794922,4260.000000,4400.897461,4475.641113,4352.307617,4404.871582,3261.000000,4.000000,85.000000,,,,0.000000,4.000000,4.000000,4.000000,4.000000,4.000000,4.000000,4.000000,4.000000,4.000000,4.000000,4.000000,4.000000,4.000000,4.000000,100.000000,,,,,,,,,,,,,,,,,,,,,,,,,,,,,,,,,,,,,,,,,,,,,,,,,,,,,,,,,,,,,,,,,,,,,,,,,,,,,,,,,,,,,,
1676060270.383830,1676060270.384515,14.000000,0.000000,4270.641113,4274.230957,4277.948730,4300.897461,4275.384766,4280.000000,4294.743652,4318.333496,4282.820313,4274.743652,4417.307617,4487.051270,4365.000000,4417.948730,2753.000000,4.000000,85.000000,,,,0.000000,4.000000,4.000000,4.000000,4.000000,4.000000,4.000000,4.000000,4.000000,4.000000,4.000000,4.000000,4.000000,4.000000,4.000000,100.000000,1.000000,25.000000,4.000000,1.000000,3.000000,4.000000,4.000000,4.000000,3.000000,4.000000,4.000000,1.000000,3.000000,1.000000,3.000000,3.000000,0.817876,3.930149,1.609545,1.434817,2.017775,1.143325,5.063501,1.239668,1.208005,1.881204,0.884087,3.860710,1.760971,1.285881,1.855915,1.826649,4.745340,1.398863,1.180895,1.626255,1.171330,2.541836,0.951584,0.816031,0.953836,1.290559,1.243621,0.713972,0.724823,0.807378,0.554054,1.859405,1.466461,1.465813,1.398107,0.665259,1.772180,1.047414,1.432582,1.614948,0.444929,1.764072,0.804095,1.374640,1.519609,0.694276,3.615689,1.030961,1.990951,1.658943,26.282225,9.639173,3.847654,2.631815,2.498509,2.184520,3.984610,2.160103,2.509287,2.552365,1.322460,4.840913,2.218473,2.032060,2.306963,1.484690,4.012302,2.099216,1.883911,2.396643
1676060270.391639,1676060270.392223,15.000000,0.000000,4271.538574,4275.128418,4276.153809,4299.743652,4283.461426,4283.461426,4294.743652,4320.769043,4288.205078,4272.948730,4419.102539,4479.743652,4365.256348,4413.717773,2937.000000,4.000000,85.000000,,,,0.000000,4.000000,4.000000,4.000000,4.000000,4.000000,4.000000,4.000000,4.000000,4.000000,4.000000,4.000000,4.000000,4.000000,4.000000,100.000000,,,,,,,,,,,,,,,,,,,,,,,,,,,,,,,,,,,,,,,,,,,,,,,,,,,,,,,,,,,,,,,,,,,,,,,,,,,,,,,,,,,,,,
1676060270.399447,1676060270.400032,16.000000,0.000000,4255.512695,4257.051270,4260.128418,4280.641113,4268.589844,4263.717773,4277.051270,4306.794922,4276.538574,4250.897461,4397.948730,4458.846191,4345.897461,4391.410156,0.000000,4.000000,85.000000,,,,0.000000,4.000000,4.000000,4.000000,4.000000,4.000000,4.000000,4.000000,4.000000,4.000000,4.000000,4.000000,4.000000,4.000000,4.000000,100.000000,,,,,,,,,,,,,,,,,,,,,,,,,,,,,,,,,,,,,,,,,,,,,,,,,,,,,,,,,,,,,,,,,,,,,,,,,,,,,,,,,,,,,,
1676060270.407256,1676060270.407740,17.000000,0.000000,4261.025879,4258.461426,4263.717773,4284.358887,4266.282227,4261.666504,4284.230957,4309.230957,4277.436035,4258.333496,4403.205078,4470.897461,4353.461426,4396.922852,0.000000,4.000000,85.000000,,,,0.000000,4.000000,4.000000,4.000000,4.000000,4.000000,4.000000,4.000000,4.000000,4.000000,4.000000,4.000000,4.000000,4.000000,4.000000,100.000000,,,,,,,,,,,,,,,,,,,,,,,,,,,,,,,,,,,,,,,,,,,,,,,,,,,,,,,,,,,,,,,,,,,,,,,,,,,,,,,,,,,,,,
1676060270.415064,1676060270.415549,18.000000,0.000000,4265.769043,4264.487305,4270.512695,4296.025879,4276.025879,4269.358887,4290.641113,4311.538574,4275.128418,4274.615234,4408.333496,4478.461426,4356.282227,4403.589844,0.000000,4.000000,85.000000,,,,0.000000,4.000000,4.000000,4.000000,4.000000,4.000000,4.000000,4.000000,4.000000,4.000000,4.000000,4.000000,4.000000,4.000000,4.000000,100.000000,,,,,,,,,,,,,,,,,,,,,,,,,,,,,,,,,,,,,,,,,,,,,,,,,,,,,,,,,,,,,,,,,,,,,,,,,,,,,,,,,,,,,,
1676060270.422872,1676060270.423257,19.000000,0.000000,4253.205078,4265.769043,4267.948730,4293.333496,4274.743652,4264.102539,4277.436035,4304.487305,4269.487305,4262.820313,4399.102539,4465.641113,4340.000000,4396.922852,0.000000,4.000000,85.000000,,,,0.000000,4.000000,4.000000,4.000000,4.000000,4.000000,4.000000,4.000000,4.000000,4.000000,4.000000,4.000000,4.000000,4.000000,4.000000,100.000000,,,,,,,,,,,,,,,,,,,,,,,,,,,,,,,,,,,,,,,,,,,,,,,,,,,,,,,,,,,,,,,,,,,,,,,,,,,,,,,,,,,,,,
1676060270.430681,1676060270.431066,20.000000,0.000000,4258.589844,4278.077148,4277.563965,4298.717773,4275.769043,4266.538574,4278.974121,4305.641113,4279.102539,4260.641113,4408.846191,4471.538574,4353.589844,4406.410156,0.000000,4.000000,85.000000,,,,0.000000,4.000000,4.000000,4.000000,4.000000,4.000000,4.000000,4.000000,4.000000,4.000000,4.000000,4.000000,4.000000,4.000000,4.000000,100.000000,,,,,,,,,,,,,,,,,,,,,,,,,,,,,,,,,,,,,,,,,,,,,,,,,,,,,,,,,,,,,,,,,,,,,,,,,,,,,,,,,,,,,,
1676060270.438489,1676060270.438774,21.000000,0.000000,4277.820313,4288.077148,4283.333496,4308.717773,4286.794922,4280.512695,4289.871582,4307.948730,4286.282227,4276.025879,4418.461426,4480.641113,4372.820313,4415.897461,0.000000,4.000000,85.000000,,,,0.000000,4.000000,4.000000,4.000000,4.000000,4.000000,4.000000,4.000000,4.000000,4.000000,4.000000,4.000000,4.000000,4.000000,4.000000,100.000000,,,,,,,,,,,,,,,,,,,,,,,,,,,,,,,,,,,,,,,,,,,,,,,,,,,,,,,,,,,,,,,,,,,,,,,,,,,,,,,,,,,,,,
1676060270.446297,1676060270.446583,22.000000,0.000000,4283.974121,4286.153809,4280.897461,4313.974121,4291.025879,4284.487305,4288.974121,4304.230957,4278.589844,4276.538574,4413.333496,4477.307617,4365.769043,4414.871582,0.000000,4.000000,85.000000,,,,0.000000,4.000000,4.000000,4.000000,4.000000,4.000000,4.000000,4.000000,4.000000,4.000000,4.000000,4.000000,4.000000,4.000000,4.000000,100.000000,,,,,,,,,,,,,,,,,,,,,,,,,,,,,,,,,,,,,,,,,,,,,,,,,,,,,,,,,,,,,,,,,,,,,,,,,,,,,,,,,,,,,,
1676060270.454106,1676060270.454291,23.000000,0.000000,4281.282227,4280.897461,4288.333496,4312.692383,4285.256348,4270.128418,4282.436035,4299.358887,4268.205078,4262.820313,4408.461426,4476.794922,4354.743652,4413.846191,0.000000,4.000000,85.000000,,,,0.000000,4.000000,4.000000,4.000000,4.000000,4.000000,4.000000,4.000000,4.000000,4.000000,4.000000,4.000000,4.000000,4.000000,4.000000,100.000000,,,,,,,,,,,,,,,,,,,,,,,,,,,,,,,,,,,,,,,,,,,,,,,,,,,,,,,,,,,,,,,,,,,,,,,,,,,,,,,,,,,,,,
1676060270.461914,1676060270.462200,24.000000,0.000000,4277.563965,4276.025879,4293.205078,4301.922852,4276.666504,4263.077148,4278.205078,4290.256348,4260.000000,4244.102539,4396.410156,4470.256348,4348.205078,4405.641113,0.000000,4.000000,85.000000,,,,0.000000,4.000000,4.000000,4.000000,4.000000,4.000000,4.000000,4.000000,4.000000,4.000000,4.000000,4.000000,4.000000,4.000000,4.000000,100.000000,,,,,,,,,,,,,,,,,,,,,,,,,,,,,,,,,,,,,,,,,,,,,,,,,,,,,,,,,,,,,,,,,,,,,,,,,,,,,,,,,,,,,,
1676060270.469722,1676060270.470008,25.000000,0.000000,4281.666504,4278.333496,4295.384766,4302.948730,4277.051270,4270.128418,4283.205078,4297.948730,4266.410156,4246.794922,4395.641113,4472.563965,4354.102539,4409.615234,0.000000,4.000000,85.000000,,,,0.000000,4.000000,4.000000,4.000000,4.000000,4.000000,4.000000,4.000000,4.000000,4.000000,4.000000,4.000000,4.000000,4.000000,4.000000,100.000000,,,,,,,,,,,,,,,,,,,,,,,,,,,,,,,,,,,,,,,,,,,,,,,,,,,,,,,,,,,,,,,,,,,,,,,,,,,,,,,,,,,,,,
1676060270.477531,1676060270.477917,26.000000,0.000000,4285.897461,4274.871582,4298.333496,4307.436035,4279.230957,4267.820313,4284.102539,4315.897461,4281.922852,4267.948730,4416.282227,4486.410156,4364.102539,4424.230957,0.000000,4.000000,85.000000,,,,0.000000,4.000000,4.000000,4.000000,4.000000,4.000000,4.000000,4.000000,4.000000,4.000000,4.000000,4.000000,4.000000,4.000000,4.000000,100.000000,,,,,,,,,,,,,,,,,,,,,,,,,,,,,,,,,,,,,,,,,,,,,,,,,,,,,,,,,,,,,,,,,,,,,,,,,,,,,,,,,,,,,,
1676060270.485339,1676060270.485725,27.000000,0.000000,4286.922852,4270.512695,4299.871582,4301.282227,4274.487305,4264.615234,4281.153809,4316.922852,4291.666504,4278.333496,4437.307617,4493.589844,4366.410156,4432.692383,0.000000,4.000000,85.000000,,,,0.000000,4.000000,4.000000,4.000000,4.000000,4.000000,4.000000,4.000000,4.000000,4.000000,4.000000,4.000000,4.000000,4.000000,4.000000,100.000000,,,,,,,,,,,,,,,,,,,,,,,,,,,,,,,,,,,,,,,,,,,,,,,,,,,,,,,,,,,,,,,,,,,,,,,,,,,,,,,,,,,,,,
1676060270.493148,1676060270.493633,28.000000,0.000000,4298.333496,4283.461426,4308.205078,4303.974121,4272.307617,4273.205078,4290.897461,4319.487305,4302.179688,4283.589844,4455.000000,4502.436035,4380.769043,4446.538574,0.000000,4.000000,85.000000,,,,0.000000,4.000000,4.000000,4.000000,4.000000,4.000000,4.000000,4.000000,4.000000,4.000000,4.000000,4.000000,4.000000,4.000000,4.000000,100.000000,,,,,,,,,,,,,,,,,,,,,,,,,,,,,,,,,,,,,,,,,,,,,,,,,,,,,,,,,,,,,,,,,,,,,,,,,,,,,,,,,,,,,,
1676060270.500956,1676060270.501442,29.000000,0.000000,4307.820313,4292.307617,4313.077148,4313.974121,4276.282227,4281.282227,4300.769043,4328.717773,4306.538574,4295.897461,4466.282227,4513.461426,4397.820313,4456.922852,0.000000,4.000000,85.000000,,,,0.000000,4.000000,4.000000,4.000000,4.000000,4.000000,4.000000,4.000000,4.000000,4.000000,4.000000,4.000000,4.000000,4.000000,4.000000,100.000000,,,,,,,,,,,,,,,,,,,,,,,,,,,,,,,,,,,,,,,,,,,,,,,,,,,,,,,,,,,,,,,,,,,,,,,,,,,,,,,,,,,,,,
1676060270.508764,1676060270.509350,30.000000,0.000000,4303.333496,4282.436035,4301.666504,4312.051270,4280.641113,4278.846191,4296.666504,4322.179688,4300.769043,4301.025879,4467.692383,4508.974121,4392.307617,4449.487305,0.000000,4.000000,85.000000,,,,0.000000,4.000000,4.000000,4.000000,4.000000,4.000000,4.000000,4.000000,4.000000,4.000000,4.000000,4.000000,4.000000,4.000000,4.000000,100.000000,,,,,,,,,,,,,,,,,0.627106,3.778452,1.484819,1.466082,1.847264,1.208096,4.965230,1.319946,1.245565,1.991524,0.960335,3.761046,1.709223,1.297448,1.768751,1.973191,4.907997,1.424849,1.175437,1.567645,1.355212,2.810501,0.838600,0.804013,0.930980,1.274708,1.115839,0.662491,0.690865,0.765388,0.760571,1.656298,1.278809,1.351438,1.355144,0.975165,1.792175,1.161540,1.452671,1.573672,0.531772,1.722613,0.847589,1.458385,1.421576,0.756762,3.699124,0.962704,2.079397,1.634775,23.635990,10.375445,3.878243,2.712327,2.476150,2.342926,3.953655,2.229080,2.545780,2.399940,1.478107,4.852177,2.460627,2.171404,2.341071,1.453264,3.934372,2.193430,2.031815,2.291424
1676060270.516573,1676060270.517159,31.000000,0.000000,4292.436035,4274.487305,4290.000000,4302.692383,4280.128418,4272.820313,4290.641113,4307.051270,4292.692383,4283.461426,4469.743652,4493.974121,4379.615234,4435.256348,0.000000,4.000000,85.000000,,,,0.000000,4.000000,4.000000,4.000000,4.000000,4.000000,4.000000,4.000000,4.000000,4.000000,4.000000,4.000000,4.000000,4.000000,4.000000,100.000000,,,,,,,,,,,,,,,,,,,,,,,,,,,,,,,,,,,,,,,,,,,,,,,,,,,,,,,,,,,,,,,,,,,,,,,,,,,,,,,,,,,,,,
1676060270.524381,1676060270.525067,32.000000,0.000000,4285.897461,4276.666504,4293.589844,4299.743652,4278.717773,4274.230957,4294.230957,4308.846191,4286.794922,4267.051270,4477.563965,4490.641113,4375.000000,4429.871582,0.000000,4.000000,85.000000,,,,0.000000,4.000000,4.000000,4.000000,4.000000,4.000000,4.000000,4.000000,4.000000,4.000000,4.000000,4.000000,4.000000,4.000000,4.000000,100.000000,,,,,,,,,,,,,,,,,,,,,,,,,,,,,,,,,,,,,,,,,,,,,,,,,,,,,,,,,,,,,,,,,,,,,,,,,,,,,,,,,,,,,,
1676060270.532189,1676060270.532875,33.000000,0.000000,4282.436035,4272.692383,4293.205078,4295.512695,4278.717773,4280.384766,4294.871582,4311.666504,4280.000000,4268.077148,4473.589844,4490.769043,4364.615234,4424.102539,0.000000,4.000000,85.000000,,,,0.000000,4.000000,4.000000,4.000000,4.000000,4.000000,4.000000,4.000000,4.000000,4.000000,4.000000,4.000000,4.000000,4.000000,4.000000,100.000000,,,,,,,,,,,,,,,,,,,,,,,,,,,,,,,,,,,,,,,,,,,,,,,,,,,,,,,,,,,,,,,,,,,,,,,,,,,,,,,,,,,,,,
1676060270.539998,1676060270.540584,34.000000,0.000000,4281.666504,4270.769043,4288.205078,4298.205078,4278.077148,4278.846191,4290.256348,4310.000000,4276.282227,4277.051270,4462.692383,4488.589844,4358.461426,4421.538574,0.000000,4.000000,85.000000,,,,0.000000,4.000000,4.000000,4.000000,4.000000,4.000000,4.000000,4.000000,4.000000,4.000000,4.000000,4.000000,4.000000,4.000000,4.000000,100.000000,,,,,,,,,,,,,,,,,,,,,,,,,,,,,,,,,,,,,,,,,,,,,,,,,,,,,,,,,,,,,,,,,,,,,,,,,,,,,,,,,,,,,,
1676060270.547806,1676060270.548392,35.000000,0.000000,4279.743652,4274.615234,4288.589844,4304.743652,4276.922852,4271.410156,4290.769043,4324.102539,4280.512695,4277.307617,4458.461426,4489.102539,4360.256348,4423.205078,0.000000,4.000000,85.000000,,,,0.000000,4.000000,4.000000,4.000000,4.000000,4.000000,4.000000,4.000000,4.000000,4.000000,4.000000,4.000000,4.000000,4.000000,4.000000,100.000000,,,,,,,,,,,,,,,,,,,,,,,,,,,,,,,,,,,,,,,,,,,,,,,,,,,,,,,,,,,,,,,,,,,,,,,,,,,,,,,,,,,,,,
1676060270.555615,1676060270.556101,36.000000,0.000000,4279.102539,4279.487305,4292.563965,4306.538574,4280.641113,4275.512695,4301.410156,4345.512695,4290.641113,4275.384766,4464.358887,4492.307617,4368.205078,4425.641113,0.000000,4.000000,85.000000,,,,0.000000,4.000000,4.000000,4.000000,4.000000,4.000000,4.000000,4.000000,4.000000,4.000000,4.000000,4.000000,4.000000,4.000000,4.000000,100.000000,,,,,,,,,,,,,,,,,,,,,,,,,,,,,,,,,,,,,,,,,,,,,,,,,,,,,,,,,,,,,,,,,,,,,,,,,,,,,,,,,,,,,,
1676060270.563423,1676060270.563909,37.000000,0.000000,4285.641113,4286.025879,4295.897461,4308.974121,4284.230957,4287.051270,4311.025879,4357.563965,4300.897461,4284.358887,4473.077148,4499.615234,4379.871582,4434.102539,0.000000,4.000000,85.000000,,,,0.000000,4.000000,4.000000,4.000000,4.000000,4.000000,4.000000,4.000000,4.000000,4.000000,4.000000,4.000000,4.000000,4.000000,4.000000,100.000000,,,,,,,,,,,,,,,,,,,,,,,,,,,,,,,,,,,,,,,,,,,,,,,,,,,,,,,,,,,,,,,,,,,,,,,,,,,,,,,,,,,,,,
1676060270.571231,1676060270.571618,38.000000,0.000000,4287.436035,4280.641113,4289.615234,4305.641113,4282.436035,4282.820313,4301.282227,4353.974121,4297.307617,4282.179688,4462.692383,4495.128418,4371.794922,4432.051270,0.000000,4.000000,85.000000,,,,0.000000,4.000000,4.000000,4.000000,4.000000,4.000000,4.000000,4.000000,4.000000,4.000000,4.000000,4.000000,4.000000,4.000000,4.000000,100.000000,,,,,,,,,,,,,,,,,,,,,,,,,,,,,,,,,,,,,,,,,,,,,,,,,,,,,,,,,,,,,,,,,,,,,,,,,,,,,,,,,,,,,,
1676060270.579040,1676060270.579426,39.000000,0.000000,4276.794922,4264.230957,4275.512695,4290.641113,4276.538574,4264.871582,4280.897461,4335.769043,4280.000000,4263.846191,4440.128418,4473.205078,4349.230957,4412.948730,0.000000,4.000000,85.000000,,,,0.000000,4.000000,4.000000,4.000000,4.000000,4.000000,4.000000,4.000000,4.000000,4.000000,4.000000,4.000000,4.000000,4.000000,4.000000,100.000000,,,,,,,,,,,,,,,,,,,,,,,,,,,,,,,,,,,,,,,,,,,,,,,,,,,,,,,,,,,,,,,,,,,,,,,,,,,,,,,,,,,,,,
1676060270.586848,1676060270.587135,40.000000,0.000000,4272.436035,4257.692383,4273.974121,4278.846191,4273.974121,4264.230957,4277.051270,4324.871582,4276.410156,4260.512695,4437.820313,4466.794922,4350.256348,4410.128418,0.000000,4.000000,85.000000,,,,0.000000,4.000000,4.000000,4.000000,4.000000,4.000000,4.000000,4.000000,4.000000,4.000000,4.000000,4.000000,4.000000,4.000000,4.000000,100.000000,,,,,,,,,,,,,,,,,,,,,,,,,,,,,,,,,,,,,,,,,,,,,,,,,,,,,,,,,,,,,,,,,,,,,,,,,,,,,,,,,,,,,,
1676060270.594657,1676060270.594943,41.000000,0.000000,4288.333496,4267.820313,4290.512695,4289.230957,4283.589844,4281.153809,4289.615234,4333.974121,4291.025879,4278.589844,4457.179688,4491.025879,4374.615234,4436.794922,0.000000,4.000000,85.000000,,,,0.000000,4.000000,4.000000,4.000000,4.000000,4.000000,4.000000,4.000000,4.000000,4.000000,4.000000,4.000000,4.000000,4.000000,4.000000,100.000000,,,,,,,,,,,,,,,,,,,,,,,,,,,,,,,,,,,,,,,,,,,,,,,,,,,,,,,,,,,,,,,,,,,,,,,,,,,,,,,,,,,,,,
1676060270.602465,1676060270.602652,42.000000,0.000000,4300.128418,4269.487305,4297.436035,4298.333496,4289.615234,4276.282227,4284.230957,4327.948730,4289.743652,4281.153809,4456.794922,4494.743652,4375.641113,4445.128418,0.000000,4.000000,85.000000,,,,0.000000,4.000000,4.000000,4.000000,4.000000,4.000000,4.000000,4.000000,4.000000,4.000000,4.000000,4.000000,4.000000,4.000000,4.000000,100.000000,,,,,,,,,,,,,,,,,,,,,,,,,,,,,,,,,,,,,,,,,,,,,,,,,,,,,,,,,,,,,,,,,,,,,,,,,,,,,,,,,,,,,,
1676060270.610273,1676060270.610460,43.000000,0.000000,4292.563965,4259.743652,4291.153809,4291.153809,4285.000000,4260.000000,4269.102539,4305.256348,4271.922852,4256.282227,4431.666504,4473.461426,4353.205078,4424.743652,0.000000,4.000000,85.000000,,,,0.000000,4.000000,4.000000,4.000000,4.000000,4.000000,4.000000,4.000000,4.000000,4.000000,4.000000,4.000000,4.000000,4.000000,4.000000,100.000000,,,,,,,,,,,,,,,,,,,,,,,,,,,,,,,,,,,,,,,,,,,,,,,,,,,,,,,,,,,,,,,,,,,,,,,,,,,,,,,,,,,,,,
1676060270.618082,1676060270.618169,44.000000,0.000000,4293.589844,4265.512695,4298.205078,4295.512695,4294.615234,4271.410156,4284.358887,4313.333496,4274.743652,4246.538574,4426.025879,4478.717773,4349.871582,4424.871582,0.000000,4.000000,85.000000,,,,0.000000,4.000000,4.000000,4.000000,4.000000,4.000000,4.000000,4.000000,4.000000,4.000000,4.000000,4.000000,4.000000,4.000000,4.000000,100.000000,,,,,,,,,,,,,,,,,,,,,,,,,,,,,,,,,,,,,,,,,,,,,,,,,,,,,,,,,,,,,,,,,,,,,,,,,,,,,,,,,,,,,,
1676060270.625890,1676060270.625977,45.000000,0.000000,4307.948730,4282.820313,4308.974121,4308.461426,4312.307617,4288.077148,4307.307617,4334.743652,4287.563965,4262.436035,4442.692383,4497.692383,4365.128418,4442.692383,0.000000,4.000000,85.000000,,,,0.000000,4.000000,4.000000,4.000000,4.000000,4.000000,4.000000,4.000000,4.000000,4.000000,4.000000,4.000000,4.000000,4.000000,4.000000,100.000000,,,,,,,,,,,,,,,,,,,,,,,,,,,,,,,,,,,,,,,,,,,,,,,,,,,,,,,,,,,,,,,,,,,,,,,,,,,,,,,,,,,,,,
1676060270.633699,1676060270.633686,46.000000,0.000000,4304.615234,4280.128418,4299.743652,4301.922852,4303.974121,4282.692383,4299.487305,4326.794922,4279.615234,4266.666504,4441.794922,4489.871582,4367.051270,4439.358887,0.000000,4.000000,85.000000,,,,0.000000,4.000000,4.000000,4.000000,4.000000,4.000000,4.000000,4.000000,4.000000,4.000000,4.000000,4.000000,4.000000,4.000000,4.000000,100.000000,,,,,,,,,,,,,,,,,0.561764,3.299150,1.372365,1.464645,1.661234,1.292157,4.401701,1.395056,1.299698,2.065426,1.253015,3.307688,1.718442,1.302955,1.655808,2.103586,4.565758,1.438865,1.161097,1.486915,1.469002,2.819998,0.775433,0.834248,0.875974,1.173936,0.940384,0.660653,0.711517,0.721496,1.068618,1.370624,1.157545,1.241776,1.293593,1.416012,1.780445,1.314144,1.456838,1.534683,0.696299,1.603850,0.914858,1.537248,1.335968,0.885170,3.461767,1.016867,2.114365,1.628594,19.525888,10.096014,3.755974,2.713333,2.423065,2.396492,3.624465,2.349621,2.541566,2.273359,1.587863,4.365584,2.609160,2.288575,2.349685,1.432548,3.520855,2.248623,2.140904,2.181548
1676060270.641507,1676060270.641594,47.000000,0.000000,4291.666504,4271.410156,4293.333496,4291.922852,4293.333496,4276.410156,4293.974121,4323.589844,4281.153809,4265.000000,4440.384766,4484.230957,4367.563965,4436.794922,0.000000,4.000000,85.000000,,,,0.000000,4.000000,4.000000,4.000000,4.000000,4.000000,4.000000,4.000000,4.000000,4.000000,4.000000,4.000000,4.000000,4.000000,4.000000,100.000000,,,,,,,,,,,,,,,,,,,,,,,,,,,,,,,,,,,,,,,,,,,,,,,,,,,,,,,,,,,,,,,,,,,,,,,,,,,,,,,,,,,,,,
1676060270.649315,1676060270.649403,48.000000,0.000000,4299.102539,4285.256348,4307.179688,4300.641113,4306.922852,4283.077148,4308.717773,4341.025879,4304.743652,4282.692383,4460.897461,4501.153809,4384.487305,4452.051270,0.000000,4.000000,85.000000,,,,0.000000,4.000000,4.000000,4.000000,4.000000,4.000000,4.000000,4.000000,4.000000,4.000000,4.000000,4.000000,4.000000,4.000000,4.000000,100.000000,,,,,,,,,,,,,,,,,,,,,,,,,,,,,,,,,,,,,,,,,,,,,,,,,,,,,,,,,,,,,,,,,,,,,,,,,,,,,,,,,,,,,,
1676060270.657124,1676060270.657311,49.000000,0.000000,4290.512695,4281.282227,4296.538574,4289.871582,4302.820313,4277.563965,4300.641113,4325.512695,4296.282227,4279.358887,4444.230957,4480.512695,4371.794922,4427.820313,0.000000,4.000000,85.000000,,,,0.000000,4.000000,4.000000,4.000000,4.000000,4.000000,4.000000,4.000000,4.000000,4.000000,4.000000,4.000000,4.000000,4.000000,4.000000,100.000000,,,,,,,,,,,,,,,,,,,,,,,,,,,,,,,,,,,,,,,,,,,,,,,,,,,,,,,,,,,,,,,,,,,,,,,,,,,,,,,,,,,,,,
1676060270.664932,1676060270.665119,50.000000,0.000000,4255.512695,4256.025879,4263.589844,4261.025879,4275.128418,4263.974121,4274.230957,4290.769043,4261.666504,4251.153809,4394.230957,4432.179688,4330.128418,4378.333496,0.000000,4.000000,85.000000,,,,0.000000,4.000000,4.000000,4.000000,4.000000,4.000000,4.000000,4.000000,4.000000,4.000000,4.000000,4.000000,4.000000,4.000000,4.000000,100.000000,,,,,,,,,,,,,,,,,,,,,,,,,,,,,,,,,,,,,,,,,,,,,,,,,,,,,,,,,,,,,,,,,,,,,,,,,,,,,,,,,,,,,,
1676060270.672741,1676060270.673028,51.000000,0.000000,4251.666504,4262.820313,4262.307617,4263.717773,4273.333496,4267.563965,4273.717773,4291.794922,4264.743652,4251.794922,4395.769043,4434.487305,4328.846191,4386.922852,0.000000,4.000000,85.000000,,,,0.000000,4.000000,4.000000,4.000000,4.000000,4.000000,4.000000,4.000000,4.000000,4.000000,4.000000,4.000000,4.000000,4.000000,4.000000,100.000000,,,,,,,,,,,,,,,,,,,,,,,,,,,,,,,,,,,,,,,,,,,,,,,,,,,,,,,,,,,,,,,,,,,,,,,,,,,,,,,,,,,,,,
1676060270.680549,1676060270.680836,52.000000,0.000000,4271.538574,4276.922852,4280.769043,4280.256348,4290.128418,4274.487305,4283.077148,4304.358887,4285.897461,4259.743652,4428.974121,4461.794922,4356.666504,4415.000000,0.000000,4.000000,85.000000,,,,0.000000,4.000000,4.000000,4.000000,4.000000,4.000000,4.000000,4.000000,4.000000,4.000000,4.000000,4.000000,4.000000,4.000000,4.000000,100.000000,,,,,,,,,,,,,,,,,,,,,,,,,,,,,,,,,,,,,,,,,,,,,,,,,,,,,,,,,,,,,,,,,,,,,,,,,,,,,,,,,,,,,,
1676060270.688357,1676060270.688745,53.000000,0.000000,4275.641113,4271.922852,4284.230957,4280.128418,4292.692383,4271.794922,4280.256348,4303.333496,4280.641113,4251.666504,4430.000000,4461.666504,4359.743652,4402.692383,0.000000,4.000000,85.000000,,,,0.000000,4.000000,4.000000,4.000000,4.000000,4.000000,4.000000,4.000000,4.000000,4.000000,4.000000,4.000000,4.000000,4.000000,4.000000,100.000000,,,,,,,,,,,,,,,,,,,,,,,,,,,,,,,,,,,,,,,,,,,,,,,,,,,,,,,,,,,,,,,,,,,,,,,,,,,,,,,,,,,,,,
1676060270.696166,1676060270.696553,54.000000,0.000000,4277.692383,4279.102539,4285.000000,4282.307617,4291.153809,4274.615234,4282.820313,4307.820313,4277.179688,4268.077148,4421.538574,4455.512695,4353.846191,4399.358887,0.000000,4.000000,85.000000,,,,0.000000,4.000000,4.000000,4.000000,4.000000,4.000000,4.000000,4.000000,4.000000,4.000000,4.000000,4.000000,4.000000,4.000000,4.000000,100.000000,,,,,,,,,,,,,,,,,,,,,,,,,,,,,,,,,,,,,,,,,,,,,,,,,,,,,,,,,,,,,,,,,,,,,,,,,,,,,,,,,,,,,,
1676060270.703974,1676060270.704262,55.000000,0.000000,4283.333496,4291.922852,4291.025879,4292.692383,4297.563965,4287.563965,4291.922852,4313.077148,4282.307617,4285.512695,4427.179688,4463.974121,4359.230957,4416.666504,0.000000,4.000000,85.000000,,,,0.000000,4.000000,4.000000,4.000000,4.000000,4.000000,4.000000,4.000000,4.000000,4.000000,4.000000,4.000000,4.000000,4.000000,4.000000,100.000000,,,,,,,,,,,,,,,,,,,,,,,,,,,,,,,,,,,,,,,,,,,,,,,,,,,,,,,,,,,,,,,,,,,,,,,,,,,,,,,,,,,,,,
1676060270.711782,1676060270.712070,56.000000,0.000000,4279.230957,4289.743652,4293.333496,4295.897461,4301.794922,4288.974121,4295.000000,4308.846191,4279.102539,4266.922852,4428.846191,4466.153809,4358.461426,4412.692383,0.000000,4.000000,85.000000,,,,0.000000,4.000000,4.000000,4.000000,4.000000,4.000000,4.000000,4.000000,4.000000,4.000000,4.000000,4.000000,4.000000,4.000000,4.000000,100.000000,,,,,,,,,,,,,,,,,,,,,,,,,,,,,,,,,,,,,,,,,,,,,,,,,,,,,,,,,,,,,,,,,,,,,,,,,,,,,,,,,,,,,,
1676060270.719591,1676060270.719779,57.000000,0.000000,4284.102539,4292.820313,4297.307617,4297.820313,4302.179688,4283.846191,4299.358887,4316.025879,4288.205078,4262.820313,4434.743652,4469.743652,4360.512695,4410.897461,0.000000,4.000000,85.000000,,,,0.000000,4.000000,4.000000,4.000000,4.000000,4.000000,4.000000,4.000000,4.000000,4.000000,4.000000,4.000000,4.000000,4.000000,4.000000,100.000000,,,,,,,,,,,,,,,,,,,,,,,,,,,,,,,,,,,,,,,,,,,,,,,,,,,,,,,,,,,,,,,,,,,,,,,,,,,,,,,,,,,,,,
1676060270.727399,1676060270.727587,58.000000,0.000000,4281.922852,4291.410156,4289.487305,4291.666504,4292.820313,4281.410156,4292.307617,4314.230957,4294.615234,4270.256348,4435.641113,4464.743652,4362.820313,4414.358887,0.000000,4.000000,85.000000,,,,0.000000,4.000000,4.000000,4.000000,4.000000,4.000000,4.000000,4.000000,4.000000,4.000000,4.000000,4.000000,4.000000,4.000000,4.000000,100.000000,,,,,,,,,,,,,,,,,,,,,,,,,,,,,,,,,,,,,,,,,,,,,,,,,,,,,,,,,,,,,,,,,,,,,,,,,,,,,,,,,,,,,,
1676060270.735207,1676060270.735296,59.000000,0.000000,4259.487305,4271.538574,4269.230957,4271.794922,4277.948730,4271.153809,4273.846191,4291.794922,4274.487305,4250.128418,4413.333496,4438.333496,4347.051270,4393.717773,0.000000,4.000000,85.000000,,,,0.000000,4.000000,4.000000,4.000000,4.000000,4.000000,4.000000,4.000000,4.000000,4.000000,4.000000,4.000000,4.000000,4.000000,4.000000,100.000000,,,,,,,,,,,,,,,,,,,,,,,,,,,,,,,,,,,,,,,,,,,,,,,,,,,,,,,,,,,,,,,,,,,,,,,,,,,,,,,,,,,,,,
1676060270.743016,1676060270.743104,60.000000,0.000000,4271.025879,4282.051270,4281.666504,4276.794922,4287.563965,4270.256348,4283.077148,4300.769043,4277.307617,4255.384766,4419.487305,4447.948730,4355.000000,4398.077148,0.000000,4.000000,85.000000,,,,0.000000,4.000000,4.000000,4.000000,4.000000,4.000000,4.000000,4.000000,4.000000,4.000000,4.000000,4.000000,4.000000,4.000000,4.000000,100.000000,,,,,,,,,,,,,,,,,,,,,,,,,,,,,,,,,,,,,,,,,,,,,,,,,,,,,,,,,,,,,,,,,,,,,,,,,,,,,,,,,,,,,,
1676060270.750824,1676060270.750813,61.000000,0.000000,4290.128418,4305.000000,4303.589844,4295.512695,4297.692383,4278.333496,4298.846191,4321.282227,4300.256348,4282.307617,4444.230957,4477.179688,4374.230957,4419.358887,0.000000,4.000000,85.000000,,,,0.000000,4.000000,4.000000,4.000000,4.000000,4.000000,4.000000,4.000000,4.000000,4.000000,4.000000,4.000000,4.000000,4.000000,4.000000,100.000000,,,,,,,,,,,,,,,,,,,,,,,,,,,,,,,,,,,,,,,,,,,,,,,,,,,,,,,,,,,,,,,,,,,,,,,,,,,,,,,,,,,,,,
1676060270.758633,1676060270.758621,62.000000,0.000000,4269.230957,4289.230957,4290.000000,4287.307617,4282.692383,4280.256348,4285.256348,4304.871582,4292.051270,4274.743652,4427.820313,4462.051270,4355.769043,4401.794922,0.000000,4.000000,85.000000,,,,0.000000,4.000000,4.000000,4.000000,4.000000,4.000000,4.000000,4.000000,4.000000,4.000000,4.000000,4.000000,4.000000,4.000000,4.000000,100.000000,,,,,,,,,,,,,,,,,0.655751,2.644415,1.290240,1.432685,1.503596,1.358074,3.541681,1.440538,1.375663,2.085013,1.719884,2.659061,1.773836,1.284987,1.540971,2.176665,3.835741,1.440570,1.143993,1.401285,1.468708,2.568378,0.775163,0.888727,0.805509,1.004334,0.754533,0.689541,0.776352,0.689680,1.409210,1.079242,1.107796,1.155677,1.230827,1.892321,1.734928,1.481743,1.438289,1.499587,0.907252,1.430840,0.971267,1.604826,1.280804,1.052117,2.979607,1.169502,2.094064,1.660388,15.100470,8.804856,3.536057,2.640469,2.349696,2.372880,3.105374,2.523268,2.474462,2.189304,1.674808,3.518826,2.640522,2.356317,2.319053,1.498314,2.897673,2.272178,2.188478,2.090577
1676060270.766441,1676060270.766330,63.000000,0.000000,4259.871582,4279.102539,4275.384766,4279.615234,4281.666504,4281.153809,4279.230957,4288.333496,4276.153809,4258.974121,4411.666504,4441.153809,4343.974121,4388.846191,0.000000,4.000000,85.000000,,,,0.000000,4.000000,4.000000,4.000000,4.000000,4.000000,4.000000,4.000000,4.000000,4.000000,4.000000,4.000000,4.000000,4.000000,4.000000,100.000000,,,,,,,,,,,,,,,,,,,,,,,,,,,,,,,,,,,,,,,,,,,,,,,,,,,,,,,,,,,,,,,,,,,,,,,,,,,,,,,,,,,,,,
1676060270.774249,1676060270.774138,64.000000,0.000000,4282.179688,4300.128418,4284.615234,4294.615234,4302.179688,4287.307617,4293.077148,4300.256348,4280.512695,4266.922852,4431.410156,4455.897461,4365.769043,4407.948730,2523.000000,4.000000,85.000000,,,,0.000000,4.000000,4.000000,4.000000,4.000000,4.000000,4.000000,4.000000,4.000000,4.000000,4.000000,4.000000,4.000000,4.000000,4.000000,100.000000,,,,,,,,,,,,,,,,,,,,,,,,,,,,,,,,,,,,,,,,,,,,,,,,,,,,,,,,,,,,,,,,,,,,,,,,,,,,,,,,,,,,,,
1676060270.782058,1676060270.781847,65.000000,0.000000,4287.307617,4309.102539,4293.846191,4303.846191,4306.538574,4289.871582,4298.974121,4310.769043,4287.948730,4279.230957,4443.589844,4468.717773,4375.512695,4416.410156,2481.000000,4.000000,85.000000,,,,0.000000,4.000000,4.000000,4.000000,4.000000,4.000000,4.000000,4.000000,4.000000,4.000000,4.000000,4.000000,4.000000,4.000000,4.000000,100.000000,,,,,,,,,,,,,,,,,,,,,,,,,,,,,,,,,,,,,,,,,,,,,,,,,,,,,,,,,,,,,,,,,,,,,,,,,,,,,,,,,,,,,,
1676060270.789866,1676060270.789755,66.000000,0.000000,4275.256348,4293.205078,4287.820313,4293.205078,4290.512695,4283.846191,4291.410156,4301.666504,4286.282227,4271.922852,4431.025879,4457.179688,4364.102539,4408.077148,2398.000000,4.000000,85.000000,,,,0.000000,4.000000,4.000000,4.000000,4.000000,4.000000,4.000000,4.000000,4.000000,4.000000,4.000000,4.000000,4.000000,4.000000,4.000000,100.000000,,,,,,,,,,,,,,,,,,,,,,,,,,,,,,,,,,,,,,,,,,,,,,,,,,,,,,,,,,,,,,,,,,,,,,,,,,,,,,,,,,,,,,
1676060270.797675,1676060270.797563,67.000000,0.000000,4276.666504,4282.307617,4280.128418,4282.820313,4280.897461,4280.384766,4282.436035,4293.077148,4279.358887,4252.307617,4423.974121,4452.948730,4356.538574,4406.025879,2476.000000,4.000000,85.000000,,,,0.000000,4.000000,4.000000,4.000000,4.000000,4.000000,4.000000,4.000000,4.000000,4.000000,4.000000,4.000000,4.000000,4.000000,4.000000,100.000000,,,,,,,,,,,,,,,,,,,,,,,,,,,,,,,,,,,,,,,,,,,,,,,,,,,,,,,,,,,,,,,,,,,,,,,,,,,,,,,,,,,,,,
1676060270.805483,1676060270.805472,68.000000,0.000000,4280.256348,4279.871582,4280.641113,4280.128418,4278.461426,4278.077148,4281.410156,4297.692383,4276.282227,4250.384766,4428.461426,4458.333496,4355.641113,4401.666504,2434.000000,4.000000,85.000000,,,,0.000000,4.000000,4.000000,4.000000,4.000000,4.000000,4.000000,4.000000,4.000000,4.000000,4.000000,4.000000,4.000000,4.000000,4.000000,100.000000,,,,,,,,,,,,,,,,,,,,,,,,,,,,,,,,,,,,,,,,,,,,,,,,,,,,,,,,,,,,,,,,,,,,,,,,,,,,,,,,,,,,,,
1676060270.813291,1676060270.813280,69.000000,0.000000,4276.538574,4280.384766,4287.948730,4282.179688,4276.666504,4276.410156,4295.128418,4315.000000,4291.794922,4278.589844,4440.897461,4465.769043,4365.384766,4407.436035,2364.000000,4.000000,85.000000,,,,0.000000,4.000000,4.000000,4.000000,4.000000,4.000000,4.000000,4.000000,4.000000,4.000000,4.000000,4.000000,4.000000,4.000000,4.000000,100.000000,,,,,,,,,,,,,,,,,,,,,,,,,,,,,,,,,,,,,,,,,,,,,,,,,,,,,,,,,,,,,,,,,,,,,,,,,,,,,,,,,,,,,,
1676060270.821100,1676060270.821188,70.000000,0.000000,4267.179688,4280.512695,4286.025879,4280.512695,4268.974121,4274.871582,4298.461426,4320.641113,4303.846191,4290.897461,4442.436035,4467.051270,4367.948730,4418.589844,2217.000000,4.000000,85.000000,,,,0.000000,4.000000,4.000000,4.000000,4.000000,4.000000,4.000000,4.000000,4.000000,4.000000,4.000000,4.000000,4.000000,4.000000,4.000000,100.000000,,,,,,,,,,,,,,,,,,,,,,,,,,,,,,,,,,,,,,,,,,,,,,,,,,,,,,,,,,,,,,,,,,,,,,,,,,,,,,,,,,,,,,
1676060270.828908,1676060270.828997,71.000000,0.000000,4260.769043,4272.051270,4277.051270,4271.282227,4262.563965,4273.333496,4284.615234,4308.974121,4287.307617,4268.846191,4424.743652,4457.051270,4353.974121,4409.615234,2222.000000,4.000000,85.000000,,,,0.000000,4.000000,4.000000,4.000000,4.000000,4.000000,4.000000,4.000000,4.000000,4.000000,4.000000,4.000000,4.000000,4.000000,4.000000,100.000000,,,,,,,,,,,,,,,,,,,,,,,,,,,,,,,,,,,,,,,,,,,,,,,,,,,,,,,,,,,,,,,,,,,,,,,,,,,,,,,,,,,,,,
1676060270.836717,1676060270.836905,72.000000,0.000000,4271.666504,4277.179688,4287.179688,4277.179688,4273.205078,4278.461426,4287.948730,4308.846191,4278.974121,4262.692383,4430.256348,4456.025879,4358.333496,4407.179688,2277.000000,4.000000,85.000000,,,,0.000000,4.000000,4.000000,4.000000,4.000000,4.000000,4.000000,4.000000,4.000000,4.000000,4.000000,4.000000,4.000000,4.000000,4.000000,100.000000,,,,,,,,,,,,,,,,,,,,,,,,,,,,,,,,,,,,,,,,,,,,,,,,,,,,,,,,,,,,,,,,,,,,,,,,,,,,,,,,,,,,,,
1676060270.844525,1676060270.844714,73.000000,0.000000,4284.615234,4293.846191,4299.871582,4292.820313,4283.589844,4285.769043,4301.410156,4311.410156,4289.487305,4273.205078,4450.000000,4464.487305,4372.692383,4418.333496,2251.000000,4.000000,85.000000,,,,0.000000,4.000000,4.000000,4.000000,4.000000,4.000000,4.000000,4.000000,4.000000,4.000000,4.000000,4.000000,4.000000,4.000000,4.000000,100.000000,,,,,,,,,,,,,,,,,,,,,,,,,,,,,,,,,,,,,,,,,,,,,,,,,,,,,,,,,,,,,,,,,,,,,,,,,,,,,,,,,,,,,,
1676060270.852333,1676060270.852622,74.000000,0.000000,4281.666504,4299.102539,4294.230957,4295.384766,4281.538574,4292.563965,4296.666504,4300.897461,4287.820313,4266.538574,4443.205078,4463.205078,4368.333496,4418.205078,2730.000000,4.000000,85.000000,,,,0.000000,4.000000,4.000000,4.000000,4.000000,4.000000,4.000000,4.000000,4.000000,4.000000,4.000000,4.000000,4.000000,4.000000,4.000000,100.000000,,,,,,,,,,,,,,,,,,,,,,,,,,,,,,,,,,,,,,,,,,,,,,,,,,,,,,,,,,,,,,,,,,,,,,,,,,,,,,,,,,,,,,
1676060270.860142,1676060270.860431,75.000000,0.000000,4278.717773,4291.666504,4286.794922,4288.077148,4279.871582,4290.769043,4284.871582,4289.871582,4274.487305,4256.282227,4422.948730,4450.384766,4356.922852,4409.487305,2902.000000,4.000000,85.000000,,,,0.000000,4.000000,4.000000,4.000000,4.000000,4.000000,4.000000,4.000000,4.000000,4.000000,4.000000,4.000000,4.000000,4.000000,4.000000,100.000000,,,,,,,,,,,,,,,,,,,,,,,,,,,,,,,,,,,,,,,,,,,,,,,,,,,,,,,,,,,,,,,,,,,,,,,,,,,,,,,,,,,,,,
1676060270.867950,1676060270.868339,76.000000,0.000000,4289.230957,4291.153809,4292.820313,4292.179688,4285.000000,4283.589844,4288.205078,4292.948730,4276.410156,4268.717773,4427.820313,4452.051270,4359.230957,4414.743652,3129.000000,4.000000,85.000000,,,,0.000000,4.000000,4.000000,4.000000,4.000000,4.000000,4.000000,4.000000,4.000000,4.000000,4.000000,4.000000,4.000000,4.000000,4.000000,100.000000,,,,,,,,,,,,,,,,,,,,,,,,,,,,,,,,,,,,,,,,,,,,,,,,,,,,,,,,,,,,,,,,,,,,,,,,,,,,,,,,,,,,,,
1676060270.875759,1676060270.876147,77.000000,0.000000,4293.846191,4300.769043,4300.128418,4299.230957,4286.538574,4281.282227,4294.230957,4296.538574,4283.205078,4276.666504,4444.871582,4462.436035,4368.974121,4420.769043,3243.000000,4.000000,85.000000,,,,0.000000,4.000000,4.000000,4.000000,4.000000,4.000000,4.000000,4.000000,4.000000,4.000000,4.000000,4.000000,4.000000,4.000000,4.000000,100.000000,,,,,,,,,,,,,,,,,,,,,,,,,,,,,,,,,,,,,,,,,,,,,,,,,,,,,,,,,,,,,,,,,,,,,,,,,,,,,,,,,,,,,,
1676060270.883567,1676060270.884056,78.000000,0.000000,4283.077148,4295.512695,4293.461426,4288.717773,4280.000000,4280.769043,4290.641113,4290.000000,4278.077148,4264.615234,4435.512695,4453.589844,4367.436035,4411.410156,2730.000000,4.000000,85.000000,,,,0.000000,4.000000,4.000000,4.000000,4.000000,4.000000,4.000000,4.000000,4.000000,4.000000,4.000000,4.000000,4.000000,4.000000,4.000000,100.000000,1.000000,58.333332,4.000000,3.000000,3.000000,4.000000,4.000000,4.000000,3.000000,4.000000,4.000000,3.000000,3.000000,1.000000,3.000000,3.000000,0.944887,2.009555,1.240642,1.372183,1.380582,1.388458,2.613823,1.438531,1.455987,2.027192,2.276454,2.017888,1.832978,1.228985,1.424033,2.199903,2.956339,1.422829,1.122603,1.307693,1.367682,2.149287,0.822589,0.929302,0.732653,0.825547,0.594007,0.726353,0.852578,0.672878,1.686856,0.842784,1.111259,1.087993,1.168157,2.284410,1.647058,1.681671,1.392774,1.448685,1.109768,1.250764,1.009892,1.647109,1.241359,1.212988,2.386711,1.387338,2.022350,1.711267,11.529858,6.864739,3.275138,2.508143,2.242981,2.361709,2.542827,2.718169,2.330970,2.117144,1.769540,2.546128,2.566943,2.351679,2.223266,1.698415,2.244894,2.272607,2.164883,2.004366
1676060270.891375,1676060270.891864,79.000000,0.000000,4276.153809,4282.436035,4286.666504,4279.102539,4274.487305,4279.871582,4291.922852,4290.512695,4283.077148,4271.025879,4422.563965,4447.820313,4362.692383,4410.256348,2902.000000,4.000000,85.000000,,,,0.000000,4.000000,4.000000,4.000000,4.000000,4.000000,4.000000,4.000000,4.000000,4.000000,4.000000,4.000000,4.000000,4.000000,4.000000,100.000000,,,,,,,,,,,,,,,,,,,,,,,,,,,,,,,,,,,,,,,,,,,,,,,,,,,,,,,,,,,,,,,,,,,,,,,,,,,,,,,,,,,,,,
1676060270.899184,1676060270.899573,80.000000,0.000000,4283.717773,4278.846191,4285.897461,4279.871582,4268.333496,4278.589844,4294.615234,4300.256348,4296.794922,4279.615234,4433.846191,4458.461426,4368.205078,4422.948730,3129.000000,4.000000,85.000000,,,,0.000000,4.000000,4.000000,4.000000,4.000000,4.000000,4.000000,4.000000,4.000000,4.000000,4.000000,4.000000,4.000000,4.000000,4.000000,100.000000,,,,,,,,,,,,,,,,,,,,,,,,,,,,,,,,,,,,,,,,,,,,,,,,,,,,,,,,,,,,,,,,,,,,,,,,,,,,,,,,,,,,,,
1676060270.906992,1676060270.907381,81.000000,0.000000,4293.717773,4283.461426,4290.512695,4279.743652,4264.230957,4277.820313,4293.333496,4310.000000,4301.794922,4271.153809,4447.820313,4465.512695,4375.000000,4430.384766,3243.000000,4.000000,85.000000,,,,0.000000,4.000000,4.000000,4.000000,4.000000,4.000000,4.000000,4.000000,4.000000,4.000000,4.000000,4.000000,4.000000,4.000000,4.000000,100.000000,,,,,,,,,,,,,,,,,,,,,,,,,,,,,,,,,,,,,,,,,,,,,,,,,,,,,,,,,,,,,,,,,,,,,,,,,,,,,,,,,,,,,,
1676060270.914800,1676060270.915090,82.000000,0.000000,4290.641113,4282.179688,4296.282227,4274.871582,4267.307617,4280.128418,4295.897461,4312.948730,4300.641113,4275.000000,4446.410156,4463.077148,4374.487305,4429.230957,2730.000000,4.000000,85.000000,,,,0.000000,4.000000,4.000000,4.000000,4.000000,4.000000,4.000000,4.000000,4.000000,4.000000,4.000000,4.000000,4.000000,4.000000,4.000000,100.000000,,,,,,,,,,,,,,,,,,,,,,,,,,,,,,,,,,,,,,,,,,,,,,,,,,,,,,,,,,,,,,,,,,,,,,,,,,,,,,,,,,,,,,
1676060270.922609,1676060270.922898,83.000000,0.000000,4280.128418,4268.974121,4293.461426,4267.307617,4268.205078,4284.230957,4298.589844,4309.743652,4297.051270,4285.384766,4440.897461,4460.384766,4369.871582,4427.436035,2902.000000,4.000000,85.000000,,,,0.000000,4.000000,4.000000,4.000000,4.000000,4.000000,4.000000,4.000000,4.000000,4.000000,4.000000,4.000000,4.000000,4.000000,4.000000,100.000000,,,,,,,,,,,,,,,,,,,,,,,,,,,,,,,,,,,,,,,,,,,,,,,,,,,,,,,,,,,,,,,,,,,,,,,,,,,,,,,,,,,,,,
1676060270.930417,1676060270.930607,84.000000,0.000000,4281.922852,4264.358887,4291.025879,4260.000000,4263.461426,4283.589844,4295.384766,4310.384766,4293.717773,4279.102539,4444.358887,4464.743652,4370.256348,4429.102539,3129.000000,4.000000,85.000000,,,,0.000000,4.000000,4.000000,4.000000,4.000000,4.000000,4.000000,4.000000,4.000000,4.000000,4.000000,4.000000,4.000000,4.000000,4.000000,100.000000,,,,,,,,,,,,,,,,,,,,,,,,,,,,,,,,,,,,,,,,,,,,,,,,,,,,,,,,,,,,,,,,,,,,,,,,,,,,,,,,,,,,,,
1676060270.938226,1676060270.938415,85.000000,0.000000,4290.512695,4271.282227,4295.769043,4261.666504,4263.589844,4280.641113,4295.641113,4308.974121,4293.974121,4276.410156,4446.538574,4469.615234,4372.820313,4427.820313,3243.000000,4.000000,85.000000,,,,0.000000,4.000000,4.000000,4.000000,4.000000,4.000000,4.000000,4.000000,4.000000,4.000000,4.000000,4.000000,4.000000,4.000000,4.000000,100.000000,,,,,,,,,,,,,,,,,,,,,,,,,,,,,,,,,,,,,,,,,,,,,,,,,,,,,,,,,,,,,,,,,,,,,,,,,,,,,,,,,,,,,,
1676060270.946034,1676060270.946124,86.000000,0.000000,4289.615234,4276.538574,4296.922852,4272.436035,4269.487305,4280.000000,4294.743652,4299.871582,4291.666504,4282.436035,4439.358887,4464.358887,4368.333496,4421.153809,2730.000000,4.000000,85.000000,,,,0.000000,4.000000,4.000000,4.000000,4.000000,4.000000,4.000000,4.000000,4.000000,4.000000,4.000000,4.000000,4.000000,4.000000,4.000000,100.000000,,,,,,,,,,,,,,,,,,,,,,,,,,,,,,,,,,,,,,,,,,,,,,,,,,,,,,,,,,,,,,,,,,,,,,,,,,,,,,,,,,,,,,
1676060270.953842,1676060270.953932,87.000000,0.000000,4293.974121,4280.897461,4298.846191,4283.205078,4272.563965,4284.358887,4290.000000,4295.897461,4288.077148,4272.948730,4435.641113,4457.948730,4367.179688,4420.897461,2902.000000,4.000000,85.000000,,,,0.000000,4.000000,4.000000,4.000000,4.000000,4.000000,4.000000,4.000000,4.000000,4.000000,4.000000,4.000000,4.000000,4.000000,4.000000,100.000000,,,,,,,,,,,,,,,,,,,,,,,,,,,,,,,,,,,,,,,,,,,,,,,,,,,,,,,,,,,,,,,,,,,,,,,,,,,,,,,,,,,,,,
1676060270.961651,1676060270.961641,88.000000,0.000000,4289.487305,4279.230957,4292.307617,4281.153809,4267.820313,4284.102539,4281.282227,4287.436035,4275.897461,4248.717773,4425.641113,4446.410156,4363.333496,4415.384766,3129.000000,4.000000,85.000000,,,,0.000000,4.000000,4.000000,4.000000,4.000000,4.000000,4.000000,4.000000,4.000000,4.000000,4.000000,4.000000,4.000000,4.000000,4.000000,100.000000,,,,,,,,,,,,,,,,,,,,,,,,,,,,,,,,,,,,,,,,,,,,,,,,,,,,,,,,,,,,,,,,,,,,,,,,,,,,,,,,,,,,,,
1676060270.969459,1676060270.969449,89.000000,0.000000,4274.615234,4276.922852,4278.589844,4277.563965,4262.563965,4275.641113,4271.794922,4272.948730,4259.102539,4240.256348,4412.179688,4427.948730,4353.974121,4402.051270,3243.000000,4.000000,85.000000,,,,0.000000,4.000000,4.000000,4.000000,4.000000,4.000000,4.000000,4.000000,4.000000,4.000000,4.000000,4.000000,4.000000,4.000000,4.000000,100.000000,,,,,,,,,,,,,,,,,,,,,,,,,,,,,,,,,,,,,,,,,,,,,,,,,,,,,,,,,,,,,,,,,,,,,,,,,,,,,,,,,,,,,,
1676060270.977267,1676060270.977158,90.000000,0.000000,4288.589844,4294.615234,4289.358887,4297.563965,4267.563965,4277.563965,4282.948730,4284.871582,4273.717773,4263.846191,4432.820313,4443.333496,4366.282227,4417.051270,2730.000000,4.000000,85.000000,,,,0.000000,4.000000,4.000000,4.000000,4.000000,4.000000,4.000000,4.000000,4.000000,4.000000,4.000000,4.000000,4.000000,4.000000,4.000000,100.000000,,,,,,,,,,,,,,,,,,,,,,,,,,,,,,,,,,,,,,,,,,,,,,,,,,,,,,,,,,,,,,,,,,,,,,,,,,,,,,,,,,,,,,
1676060270.985076,1676060270.984966,91.000000,0.000000,4298.974121,4299.230957,4297.820313,4308.846191,4263.717773,4278.077148,4288.589844,4295.000000,4289.487305,4274.871582,4444.102539,4461.410156,4375.769043,4427.692383,2902.000000,4.000000,85.000000,,,,0.000000,4.000000,4.000000,4.000000,4.000000,4.000000,4.000000,4.000000,4.000000,4.000000,4.000000,4.000000,4.000000,4.000000,4.000000,100.000000,,,,,,,,,,,,,,,,,,,,,,,,,,,,,,,,,,,,,,,,,,,,,,,,,,,,,,,,,,,,,,,,,,,,,,,,,,,,,,,,,,,,,,
1676060270.992884,1676060270.992675,92.000000,0.000000,4276.666504,4276.282227,4275.897461,4293.077148,4245.897461,4265.384766,4267.692383,4275.128418,4268.205078,4258.461426,4412.307617,4442.051270,4356.025879,4404.358887,3129.000000,4.000000,85.000000,,,,0.000000,4.000000,4.000000,4.000000,4.000000,4.000000,4.000000,4.000000,4.000000,4.000000,4.000000,4.000000,4.000000,4.000000,4.000000,100.000000,,,,,,,,,,,,,,,,,,,,,,,,,,,,,,,,,,,,,,,,,,,,,,,,,,,,,,,,,,,,,,,,,,,,,,,,,,,,,,,,,,,,,,
1676060271.000692,1676060271.000583,93.000000,0.000000,4279.358887,4279.743652,4276.153809,4300.641113,4251.410156,4264.615234,4267.820313,4279.615234,4266.666504,4261.410156,4416.153809,4449.102539,4356.922852,4407.820313,3243.000000,4.000000,85.000000,,,,0.000000,4.000000,4.000000,4.000000,4.000000,4.000000,4.000000,4.000000,4.000000,4.000000,4.000000,4.000000,4.000000,4.000000,4.000000,100.000000,,,,,,,,,,,,,,,,,,,,,,,,,,,,,,,,,,,,,,,,,,,,,,,,,,,,,,,,,,,,,,,,,,,,,,,,,,,,,,,,,,,,,,
1676060271.008501,1676060271.008391,94.000000,0.000000,4302.820313,4297.563965,4299.871582,4322.563965,4264.102539,4270.769043,4288.205078,4302.179688,4293.205078,4268.717773,4448.205078,4483.974121,4378.974121,4431.153809,2730.000000,4.000000,85.000000,,,,0.000000,4.000000,4.000000,4.000000,4.000000,4.000000,4.000000,4.000000,4.000000,4.000000,4.000000,4.000000,4.000000,4.000000,4.000000,100.000000,,,,,,,,,,,,,,,,,1.406637,1.552460,1.219262,1.285598,1.273047,1.376679,1.813100,1.402591,1.502823,1.880561,2.814068,1.544424,1.856896,1.132902,1.294819,2.214080,2.184933,1.400841,1.084721,1.195033,1.202365,1.708597,0.900064,0.917261,0.665945,0.660734,0.481795,0.763826,0.898765,0.663467,1.816581,0.690585,1.151526,1.019338,1.097808,2.523181,1.521550,1.972583,1.321806,1.362059,1.263542,1.115316,1.056989,1.646563,1.190327,1.328844,1.813574,1.630364,1.909355,1.740219,9.258176,4.824569,3.010028,2.337109,2.091046,2.432284,2.055852,2.890145,2.119933,2.015100,1.881795,1.676367,2.432589,2.269297,2.049255,2.051047,1.722347,2.263798,2.074101,1.895721
1676060271.016309,1676060271.016300,95.000000,0.000000,4291.666504,4284.871582,4296.794922,4313.846191,4252.436035,4265.384766,4285.128418,4291.666504,4287.436035,4257.051270,4430.384766,4481.153809,4370.512695,4417.820313,2902.000000,4.000000,85.000000,,,,0.000000,4.000000,4.000000,4.000000,4.000000,4.000000,4.000000,4.000000,4.000000,4.000000,4.000000,4.000000,4.000000,4.000000,4.000000,100.000000,,,,,,,,,,,,,,,,,,,,,,,,,,,,,,,,,,,,,,,,,,,,,,,,,,,,,,,,,,,,,,,,,,,,,,,,,,,,,,,,,,,,,,
1676060271.024118,1676060271.024108,96.000000,0.000000,4279.230957,4275.256348,4287.948730,4305.769043,4251.025879,4268.717773,4281.538574,4283.461426,4270.000000,4262.563965,4411.666504,4465.512695,4358.205078,4403.846191,3129.000000,4.000000,85.000000,,,,0.000000,4.000000,4.000000,4.000000,4.000000,4.000000,4.000000,4.000000,4.000000,4.000000,4.000000,4.000000,4.000000,4.000000,4.000000,100.000000,,,,,,,,,,,,,,,,,,,,,,,,,,,,,,,,,,,,,,,,,,,,,,,,,,,,,,,,,,,,,,,,,,,,,,,,,,,,,,,,,,,,,,
1676060271.031926,1676060271.032017,97.000000,0.000000,4287.692383,4282.307617,4293.974121,4318.333496,4266.410156,4281.153809,4297.179688,4301.153809,4286.153809,4283.974121,4437.692383,4481.025879,4370.256348,4416.282227,3243.000000,4.000000,85.000000,,,,0.000000,4.000000,4.000000,4.000000,4.000000,4.000000,4.000000,4.000000,4.000000,4.000000,4.000000,4.000000,4.000000,4.000000,4.000000,100.000000,,,,,,,,,,,,,,,,,,,,,,,,,,,,,,,,,,,,,,,,,,,,,,,,,,,,,,,,,,,,,,,,,,,,,,,,,,,,,,,,,,,,,,
1676060271.039734,1676060271.039825,98.000000,0.000000,4283.333496,4277.820313,4291.538574,4315.897461,4262.820313,4278.205078,4298.846191,4307.436035,4299.743652,4287.692383,4445.512695,4491.794922,4374.102539,4416.410156,2730.000000,4.000000,85.000000,,,,0.000000,4.000000,4.000000,4.000000,4.000000,4.000000,4.000000,4.000000,4.000000,4.000000,4.000000,4.000000,4.000000,4.000000,4.000000,100.000000,,,,,,,,,,,,,,,,,,,,,,,,,,,,,,,,,,,,,,,,,,,,,,,,,,,,,,,,,,,,,,,,,,,,,,,,,,,,,,,,,,,,,,
1676060271.047543,1676060271.047733,99.000000,0.000000,4278.205078,4272.948730,4288.974121,4308.461426,4255.897461,4277.436035,4296.666504,4302.436035,4289.615234,4273.461426,4430.897461,4482.692383,4371.794922,4411.282227,2902.000000,4.000000,85.000000,,,,0.000000,4.000000,4.000000,4.000000,4.000000,4.000000,4.000000,4.000000,4.000000,4.000000,4.000000,4.000000,4.000000,4.000000,4.000000,100.000000,,,,,,,,,,,,,,,,,,,,,,,,,,,,,,,,,,,,,,,,,,,,,,,,,,,,,,,,,,,,,,,,,,,,,,,,,,,,,,,,,,,,,,
1676060271.055351,1676060271.055542,100.000000,0.000000,4275.512695,4271.025879,4288.974121,4310.512695,4263.846191,4285.000000,4297.692383,4297.436035,4279.743652,4253.846191,4430.384766,4477.820313,4370.128418,4412.948730,3129.000000,4.000000,85.000000,,,,0.000000,4.000000,4.000000,4.000000,4.000000,4.000000,4.000000,4.000000,4.000000,4.000000,4.000000,4.000000,4.000000,4.000000,4.000000,100.000000,,,,,,,,,,,,,,,,,,,,,,,,,,,,,,,,,,,,,,,,,,,,,,,,,,,,,,,,,,,,,,,,,,,,,,,,,,,,,,,,,,,,,,
1676060271.063160,1676060271.063450,101.000000,0.000000,4264.358887,4261.794922,4277.692383,4301.922852,4261.922852,4277.948730,4284.102539,4282.948730,4276.025879,4252.436035,4428.461426,4473.589844,4358.461426,4401.153809,3243.000000,4.000000,85.000000,,,,0.000000,4.000000,4.000000,4.000000,4.000000,4.000000,4.000000,4.000000,4.000000,4.000000,4.000000,4.000000,4.000000,4.000000,4.000000,100.000000,,,,,,,,,,,,,,,,,,,,,,,,,,,,,,,,,,,,,,,,,,,,,,,,,,,,,,,,,,,,,,,,,,,,,,,,,,,,,,,,,,,,,,
1676060271.070968,1676060271.071259,102.000000,0.000000,4274.358887,4263.333496,4277.692383,4301.410156,4257.179688,4271.794922,4279.230957,4277.692383,4278.205078,4273.205078,4426.410156,4471.922852,4359.230957,4400.512695,2730.000000,4.000000,85.000000,,,,0.000000,4.000000,4.000000,4.000000,4.000000,4.000000,4.000000,4.000000,4.000000,4.000000,4.000000,4.000000,4.000000,4.000000,4.000000,100.000000,,,,,,,,,,,,,,,,,,,,,,,,,,,,,,,,,,,,,,,,,,,,,,,,,,,,,,,,,,,,,,,,,,,,,,,,,,,,,,,,,,,,,,
1676060271.078776,1676060271.079167,103.000000,0.000000,4290.769043,4276.025879,4292.051270,4316.410156,4262.436035,4279.358887,4286.410156,4285.256348,4279.615234,4275.512695,4431.282227,4476.153809,4369.871582,4413.205078,2902.000000,4.000000,85.000000,,,,0.000000,4.000000,4.000000,4.000000,4.000000,4.000000,4.000000,4.000000,4.000000,4.000000,4.000000,4.000000,4.000000,4.000000,4.000000,100.000000,,,,,,,,,,,,,,,,,,,,,,,,,,,,,,,,,,,,,,,,,,,,,,,,,,,,,,,,,,,,,,,,,,,,,,,,,,,,,,,,,,,,,,
1676060271.086585,1676060271.086975,104.000000,0.000000,4281.794922,4278.846191,4289.102539,4316.538574,4262.436035,4279.487305,4279.102539,4280.641113,4276.666504,4258.589844,4422.051270,4470.512695,4358.717773,4410.256348,3129.000000,4.000000,85.000000,,,,0.000000,4.000000,4.000000,4.000000,4.000000,4.000000,4.000000,4.000000,4.000000,4.000000,4.000000,4.000000,4.000000,4.000000,4.000000,100.000000,,,,,,,,,,,,,,,,,,,,,,,,,,,,,,,,,,,,,,,,,,,,,,,,,,,,,,,,,,,,,,,,,,,,,,,,,,,,,,,,,,,,,,
1676060271.094393,1676060271.094884,105.000000,0.000000,4283.461426,4281.538574,4279.615234,4311.153809,4261.025879,4272.436035,4271.538574,4272.692383,4274.487305,4261.025879,4412.436035,4456.794922,4349.871582,4405.128418,3243.000000,4.000000,85.000000,,,,0.000000,4.000000,4.000000,4.000000,4.000000,4.000000,4.000000,4.000000,4.000000,4.000000,4.000000,4.000000,4.000000,4.000000,4.000000,100.000000,,,,,,,,,,,,,,,,,,,,,,,,,,,,,,,,,,,,,,,,,,,,,,,,,,,,,,,,,,,,,,,,,,,,,,,,,,,,,,,,,,,,,,
1676060271.102202,1676060271.102692,106.000000,0.000000,4297.692383,4293.077148,4285.512695,4321.666504,4263.846191,4275.769043,4277.820313,4278.461426,4277.051270,4265.641113,4420.384766,4458.461426,4362.179688,4412.820313,2730.000000,4.000000,85.000000,,,,0.000000,4.000000,4.000000,4.000000,4.000000,4.000000,4.000000,4.000000,4.000000,4.000000,4.000000,4.000000,4.000000,4.000000,4.000000,100.000000,,,,,,,,,,,,,,,,,,,,,,,,,,,,,,,,,,,,,,,,,,,,,,,,,,,,,,,,,,,,,,,,,,,,,,,,,,,,,,,,,,,,,,
1676060271.110010,1676060271.110401,107.000000,0.000000,4292.820313,4294.743652,4294.230957,4327.307617,4261.794922,4284.230957,4280.384766,4287.051270,4281.922852,4253.717773,4427.820313,4472.563965,4362.436035,4417.948730,2902.000000,4.000000,85.000000,,,,0.000000,4.000000,4.000000,4.000000,4.000000,4.000000,4.000000,4.000000,4.000000,4.000000,4.000000,4.000000,4.000000,4.000000,4.000000,100.000000,,,,,,,,,,,,,,,,,,,,,,,,,,,,,,,,,,,,,,,,,,,,,,,,,,,,,,,,,,,,,,,,,,,,,,,,,,,,,,,,,,,,,,
1676060271.117818,1676060271.118209,108.000000,0.000000,4300.641113,4302.820313,4305.641113,4330.256348,4267.179688,4294.358887,4290.897461,4300.897461,4297.948730,4270.641113,4440.769043,4492.563965,4371.410156,4430.641113,3129.000000,4.000000,85.000000,,,,0.000000,4.000000,4.000000,4.000000,4.000000,4.000000,4.000000,4.000000,4.000000,4.000000,4.000000,4.000000,4.000000,4.000000,4.000000,100.000000,,,,,,,,,,,,,,,,,,,,,,,,,,,,,,,,,,,,,,,,,,,,,,,,,,,,,,,,,,,,,,,,,,,,,,,,,,,,,,,,,,,,,,
1676060271.125627,1676060271.125918,109.000000,0.000000,4323.333496,4320.641113,4323.589844,4343.461426,4280.641113,4303.974121,4310.128418,4320.641113,4316.538574,4304.743652,4465.897461,4514.871582,4400.897461,4451.922852,3243.000000,4.000000,85.000000,,,,0.000000,4.000000,4.000000,4.000000,4.000000,4.000000,4.000000,4.000000,4.000000,4.000000,4.000000,4.000000,4.000000,4.000000,4.000000,100.000000,,,,,,,,,,,,,,,,,,,,,,,,,,,,,,,,,,,,,,,,,,,,,,,,,,,,,,,,,,,,,,,,,,,,,,,,,,,,,,,,,,,,,,
1676060271.133435,1676060271.133726,110.000000,0.000000,4313.974121,4312.563965,4320.256348,4340.128418,4276.410156,4300.769043,4306.794922,4317.692383,4308.077148,4295.256348,4471.025879,4512.179688,4396.025879,4446.153809,2730.000000,4.000000,85.000000,,,,0.000000,4.000000,4.000000,4.000000,4.000000,4.000000,4.000000,4.000000,4.000000,4.000000,4.000000,4.000000,4.000000,4.000000,4.000000,100.000000,,,,,,,,,,,,,,,,,1.956437,1.331029,1.222318,1.177800,1.159930,1.326127,1.246616,1.363800,1.475459,1.659002,3.211624,1.294003,1.819369,1.010194,1.150275,2.305420,1.685627,1.403979,1.016574,1.060331,1.028323,1.383143,0.998604,0.837909,0.609899,0.530787,0.423240,0.810080,0.885437,0.647977,1.766414,0.625940,1.214609,0.931100,1.014624,2.583750,1.407700,2.364153,1.233187,1.238564,1.334174,1.059710,1.132061,1.584853,1.111069,1.379294,1.357359,1.852218,1.772303,1.711195,8.202120,3.182653,2.745029,2.147859,1.902558,2.648905,1.707032,2.984248,1.876018,1.864673,1.992144,1.045414,2.279541,2.123912,1.811769,2.486528,1.402810,2.249408,1.931417,1.749905
1676060271.141244,1676060271.141435,111.000000,0.000000,4289.615234,4287.179688,4297.179688,4317.948730,4260.769043,4293.974121,4291.666504,4294.871582,4288.333496,4266.025879,4448.589844,4488.846191,4369.487305,4424.358887,2902.000000,4.000000,85.000000,,,,0.000000,4.000000,4.000000,4.000000,4.000000,4.000000,4.000000,4.000000,4.000000,4.000000,4.000000,4.000000,4.000000,4.000000,4.000000,100.000000,,,,,,,,,,,,,,,,,,,,,,,,,,,,,,,,,,,,,,,,,,,,,,,,,,,,,,,,,,,,,,,,,,,,,,,,,,,,,,,,,,,,,,
1676060271.149052,1676060271.149243,112.000000,0.000000,4297.179688,4291.153809,4303.077148,4320.256348,4264.871582,4297.692383,4294.358887,4291.410156,4293.717773,4282.692383,4447.563965,4491.153809,4382.051270,4427.051270,3129.000000,4.000000,85.000000,,,,0.000000,4.000000,4.000000,4.000000,4.000000,4.000000,4.000000,4.000000,4.000000,4.000000,4.000000,4.000000,4.000000,4.000000,4.000000,100.000000,,,,,,,,,,,,,,,,,,,,,,,,,,,,,,,,,,,,,,,,,,,,,,,,,,,,,,,,,,,,,,,,,,,,,,,,,,,,,,,,,,,,,,
1676060271.156860,1676060271.156952,113.000000,0.000000,4309.102539,4304.743652,4316.666504,4331.410156,4272.436035,4298.974121,4297.820313,4298.333496,4297.692383,4301.666504,4458.589844,4498.461426,4397.307617,4436.282227,3243.000000,4.000000,85.000000,,,,0.000000,4.000000,4.000000,4.000000,4.000000,4.000000,4.000000,4.000000,4.000000,4.000000,4.000000,4.000000,4.000000,4.000000,4.000000,100.000000,,,,,,,,,,,,,,,,,,,,,,,,,,,,,,,,,,,,,,,,,,,,,,,,,,,,,,,,,,,,,,,,,,,,,,,,,,,,,,,,,,,,,,
1676060271.164669,1676060271.164760,114.000000,0.000000,4299.358887,4292.179688,4302.179688,4317.820313,4264.871582,4293.974121,4289.615234,4289.230957,4283.589844,4271.666504,4447.820313,4481.794922,4375.256348,4426.922852,2730.000000,4.000000,85.000000,,,,0.000000,4.000000,4.000000,4.000000,4.000000,4.000000,4.000000,4.000000,4.000000,4.000000,4.000000,4.000000,4.000000,4.000000,4.000000,100.000000,,,,,,,,,,,,,,,,,,,,,,,,,,,,,,,,,,,,,,,,,,,,,,,,,,,,,,,,,,,,,,,,,,,,,,,,,,,,,,,,,,,,,,
1676060271.172477,1676060271.172469,115.000000,0.000000,4300.769043,4290.769043,4296.666504,4316.025879,4264.487305,4294.615234,4293.461426,4289.871582,4289.102539,4260.000000,4446.538574,4482.948730,4371.538574,4423.974121,2902.000000,4.000000,85.000000,,,,0.000000,4.000000,4.000000,4.000000,4.000000,4.000000,4.000000,4.000000,4.000000,4.000000,4.000000,4.000000,4.000000,4.000000,4.000000,100.000000,,,,,,,,,,,,,,,,,,,,,,,,,,,,,,,,,,,,,,,,,,,,,,,,,,,,,,,,,,,,,,,,,,,,,,,,,,,,,,,,,,,,,,
1676060271.180285,1676060271.180277,116.000000,0.000000,4309.615234,4305.256348,4306.922852,4330.897461,4272.820313,4296.666504,4298.846191,4298.333496,4299.487305,4286.025879,4453.461426,4494.871582,4387.179688,4429.743652,3129.000000,4.000000,85.000000,,,,0.000000,4.000000,4.000000,4.000000,4.000000,4.000000,4.000000,4.000000,4.000000,4.000000,4.000000,4.000000,4.000000,4.000000,4.000000,100.000000,,,,,,,,,,,,,,,,,,,,,,,,,,,,,,,,,,,,,,,,,,,,,,,,,,,,,,,,,,,,,,,,,,,,,,,,,,,,,,,,,,,,,,
1676060271.188094,1676060271.187986,117.000000,0.000000,4295.256348,4290.384766,4297.179688,4319.615234,4273.077148,4292.692383,4290.128418,4286.794922,4283.846191,4286.282227,4432.436035,4477.563965,4367.307617,4417.692383,3243.000000,4.000000,85.000000,,,,0.000000,4.000000,4.000000,4.000000,4.000000,4.000000,4.000000,4.000000,4.000000,4.000000,4.000000,4.000000,4.000000,4.000000,4.000000,100.000000,,,,,,,,,,,,,,,,,,,,,,,,,,,,,,,,,,,,,,,,,,,,,,,,,,,,,,,,,,,,,,,,,,,,,,,,,,,,,,,,,,,,,,
1676060271.195902,1676060271.195794,118.000000,0.000000,4284.102539,4277.820313,4290.897461,4310.256348,4277.820313,4292.820313,4289.743652,4284.615234,4275.000000,4263.077148,4414.230957,4468.333496,4343.461426,4408.077148,2730.000000,4.000000,85.000000,,,,0.000000,4.000000,4.000000,4.000000,4.000000,4.000000,4.000000,4.000000,4.000000,4.000000,4.000000,4.000000,4.000000,4.000000,4.000000,100.000000,,,,,,,,,,,,,,,,,,,,,,,,,,,,,,,,,,,,,,,,,,,,,,,,,,,,,,,,,,,,,,,,,,,,,,,,,,,,,,,,,,,,,,
1676060271.203710,1676060271.203503,119.000000,0.000000,4294.102539,4295.512695,4306.538574,4326.282227,4281.666504,4295.897461,4298.077148,4297.820313,4282.563965,4257.179688,4430.000000,4484.871582,4354.743652,4414.871582,2902.000000,4.000000,85.000000,,,,0.000000,4.000000,4.000000,4.000000,4.000000,4.000000,4.000000,4.000000,4.000000,4.000000,4.000000,4.000000,4.000000,4.000000,4.000000,100.000000,,,,,,,,,,,,,,,,,,,,,,,,,,,,,,,,,,,,,,,,,,,,,,,,,,,,,,,,,,,,,,,,,,,,,,,,,,,,,,,,,,,,,,
1676060271.211519,1676060271.211411,120.000000,0.000000,4290.000000,4293.205078,4304.487305,4321.538574,4271.153809,4292.307617,4295.000000,4288.717773,4280.512695,4263.974121,4430.641113,4482.307617,4360.128418,4411.794922,3129.000000,4.000000,85.000000,,,,0.000000,4.000000,4.000000,4.000000,4.000000,4.000000,4.000000,4.000000,4.000000,4.000000,4.000000,4.000000,4.000000,4.000000,4.000000,100.000000,,,,,,,,,,,,,,,,,,,,,,,,,,,,,,,,,,,,,,,,,,,,,,,,,,,,,,,,,,,,,,,,,,,,,,,,,,,,,,,,,,,,,,
1676060271.219327,1676060271.219219,121.000000,0.000000,4283.205078,4278.077148,4295.384766,4308.589844,4268.461426,4288.461426,4288.589844,4279.358887,4280.641113,4271.153809,4422.563965,4475.256348,4353.461426,4408.461426,3243.000000,4.000000,85.000000,,,,0.000000,4.000000,4.000000,4.000000,4.000000,4.000000,4.000000,4.000000,4.000000,4.000000,4.000000,4.000000,4.000000,4.000000,4.000000,100.000000,,,,,,,,,,,,,,,,,,,,,,,,,,,,,,,,,,,,,,,,,,,,,,,,,,,,,,,,,,,,,,,,,,,,,,,,,,,,,,,,,,,,,,
1676060271.227136,1676060271.227128,122.000000,0.000000,4305.512695,4295.256348,4311.153809,4325.000000,4283.333496,4293.333496,4297.436035,4294.230957,4296.794922,4286.538574,4452.563965,4497.051270,4375.641113,4429.743652,2730.000000,4.000000,85.000000,,,,0.000000,4.000000,4.000000,4.000000,4.000000,4.000000,4.000000,4.000000,4.000000,4.000000,4.000000,4.000000,4.000000,4.000000,4.000000,100.000000,,,,,,,,,,,,,,,,,,,,,,,,,,,,,,,,,,,,,,,,,,,,,,,,,,,,,,,,,,,,,,,,,,,,,,,,,,,,,,,,,,,,,,
1676060271.234944,1676060271.234936,123.000000,0.000000,4315.384766,4308.333496,4317.948730,4329.102539,4284.743652,4293.974121,4299.230957,4294.615234,4297.820313,4289.358887,4466.666504,4501.025879,4391.538574,4437.948730,2902.000000,4.000000,85.000000,,,,0.000000,4.000000,4.000000,4.000000,4.000000,4.000000,4.000000,4.000000,4.000000,4.000000,4.000000,4.000000,4.000000,4.000000,4.000000,100.000000,,,,,,,,,,,,,,,,,,,,,,,,,,,,,,,,,,,,,,,,,,,,,,,,,,,,,,,,,,,,,,,,,,,,,,,,,,,,,,,,,,,,,,
1676060271.242752,1676060271.242845,124.000000,0.000000,4298.205078,4290.000000,4297.436035,4306.794922,4269.487305,4283.846191,4283.589844,4274.358887,4278.846191,4269.358887,4438.205078,4473.461426,4371.282227,4418.974121,3129.000000,4.000000,85.000000,,,,0.000000,4.000000,4.000000,4.000000,4.000000,4.000000,4.000000,4.000000,4.000000,4.000000,4.000000,4.000000,4.000000,4.000000,4.000000,100.000000,,,,,,,,,,,,,,,,,,,,,,,,,,,,,,,,,,,,,,,,,,,,,,,,,,,,,,,,,,,,,,,,,,,,,,,,,,,,,,,,,,,,,,
1676060271.250561,1676060271.250653,125.000000,0.000000,4297.692383,4287.692383,4291.922852,4307.307617,4270.897461,4285.769043,4283.461426,4277.948730,4276.025879,4266.794922,4435.384766,4472.820313,4370.256348,4420.769043,3243.000000,4.000000,85.000000,,,,0.000000,4.000000,4.000000,4.000000,4.000000,4.000000,4.000000,4.000000,4.000000,4.000000,4.000000,4.000000,4.000000,4.000000,4.000000,100.000000,,,,,,,,,,,,,,,,,,,,,,,,,,,,,,,,,,,,,,,,,,,,,,,,,,,,,,,,,,,,,,,,,,,,,,,,,,,,,,,,,,,,,,
1676060271.258369,1676060271.258561,126.000000,0.000000,4320.000000,4313.846191,4316.153809,4335.641113,4292.692383,4304.615234,4306.282227,4308.333496,4302.436035,4293.846191,4476.794922,4508.846191,4405.769043,4448.205078,2730.000000,4.000000,85.000000,,,,0.000000,4.000000,4.000000,4.000000,4.000000,4.000000,4.000000,4.000000,4.000000,4.000000,4.000000,4.000000,4.000000,4.000000,4.000000,100.000000,,,,,,,,,,,,,,,,,2.473696,1.308429,1.260404,1.049738,1.036896,1.264068,0.941741,1.359692,1.347578,1.401013,3.386101,1.213576,1.728481,0.876664,1.002677,2.472101,1.496321,1.465830,0.907865,0.916017,0.876999,1.243309,1.127920,0.703516,0.565812,0.425643,0.414082,0.883895,0.804207,0.614787,1.570063,0.629177,1.303036,0.813588,0.922387,2.473742,1.376553,2.790069,1.130076,1.099228,1.316364,1.091814,1.225083,1.453632,1.011785,1.363481,1.053115,2.001776,1.638573,1.613146,7.601429,2.174034,2.479399,1.949683,1.710560,2.904453,1.507612,2.970170,1.634832,1.682824,2.049984,0.671512,2.134072,1.936627,1.550791,2.883377,1.280602,2.226883,1.749853,1.576477
1676060271.266178,1676060271.266370,127.000000,0.000000,4322.820313,4321.794922,4323.846191,4340.769043,4299.230957,4306.922852,4313.974121,4320.897461,4316.025879,4298.846191,4488.846191,4516.666504,4413.717773,4451.025879,85.000000,4.000000,85.000000,,,,0.000000,4.000000,4.000000,4.000000,4.000000,4.000000,4.000000,4.000000,4.000000,4.000000,4.000000,4.000000,4.000000,4.000000,4.000000,100.000000,,,,,,,,,,,,,,,,,,,,,,,,,,,,,,,,,,,,,,,,,,,,,,,,,,,,,,,,,,,,,,,,,,,,,,,,,,,,,,,,,,,,,,
1676060271.273986,1676060271.274278,0.000000,0.000000,4309.358887,4311.794922,4311.025879,4325.256348,4290.512695,4297.051270,4306.025879,4309.487305,4301.922852,4284.487305,4462.436035,4492.948730,4391.538574,4435.641113,2523.000000,4.000000,85.000000,,,,0.000000,4.000000,4.000000,4.000000,4.000000,4.000000,4.000000,4.000000,4.000000,4.000000,4.000000,4.000000,4.000000,4.000000,4.000000,100.000000,,,,,,,,,,,,,,,,,,,,,,,,,,,,,,,,,,,,,,,,,,,,,,,,,,,,,,,,,,,,,,,,,,,,,,,,,,,,,,,,,,,,,,
1676060271.281794,1676060271.282087,1.000000,0.000000,4311.922852,4311.025879,4311.666504,4330.641113,4295.384766,4305.512695,4313.077148,4309.743652,4299.871582,4292.692383,4459.230957,4491.794922,4388.846191,4439.487305,2478.000000,4.000000,85.000000,,,,0.000000,4.000000,4.000000,4.000000,4.000000,4.000000,4.000000,4.000000,4.000000,4.000000,4.000000,4.000000,4.000000,4.000000,4.000000,100.000000,,,,,,,,,,,,,,,,,,,,,,,,,,,,,,,,,,,,,,,,,,,,,,,,,,,,,,,,,,,,,,,,,,,,,,,,,,,,,,,,,,,,,,
1676060271.289603,1676060271.289995,2.000000,0.000000,4309.871582,4306.666504,4307.820313,4333.717773,4296.025879,4307.179688,4310.128418,4308.205078,4297.436035,4292.179688,4460.128418,4492.948730,4386.025879,4433.333496,2393.000000,4.000000,85.000000,,,,0.000000,4.000000,4.000000,4.000000,4.000000,4.000000,4.000000,4.000000,4.000000,4.000000,4.000000,4.000000,4.000000,4.000000,4.000000,100.000000,,,,,,,,,,,,,,,,,,,,,,,,,,,,,,,,,,,,,,,,,,,,,,,,,,,,,,,,,,,,,,,,,,,,,,,,,,,,,,,,,,,,,,
1676060271.297411,1676060271.297803,3.000000,0.000000,4293.974121,4294.743652,4294.615234,4316.025879,4277.692383,4287.051270,4293.846191,4289.615234,4283.333496,4274.615234,4443.333496,4477.051270,4370.256348,4416.922852,2461.000000,4.000000,85.000000,,,,0.000000,4.000000,4.000000,4.000000,4.000000,4.000000,4.000000,4.000000,4.000000,4.000000,4.000000,4.000000,4.000000,4.000000,4.000000,100.000000,,,,,,,,,,,,,,,,,,,,,,,,,,,,,,,,,,,,,,,,,,,,,,,,,,,,,,,,,,,,,,,,,,,,,,,,,,,,,,,,,,,,,,
1676060271.305220,1676060271.305512,4.000000,0.000000,4294.102539,4293.333496,4295.128418,4307.051270,4272.820313,4279.102539,4290.769043,4280.128418,4284.487305,4281.410156,4439.487305,4473.717773,4371.922852,4420.769043,2443.000000,4.000000,85.000000,,,,0.000000,4.000000,4.000000,4.000000,4.000000,4.000000,4.000000,4.000000,4.000000,4.000000,4.000000,4.000000,4.000000,4.000000,4.000000,100.000000,,,,,,,,,,,,,,,,,,,,,,,,,,,,,,,,,,,,,,,,,,,,,,,,,,,,,,,,,,,,,,,,,,,,,,,,,,,,,,,,,,,,,,
1676060271.313028,1676060271.313320,5.000000,0.000000,4291.153809,4279.230957,4284.615234,4299.487305,4276.282227,4283.589844,4281.153809,4275.641113,4278.077148,4276.666504,4434.102539,4463.974121,4367.051270,4413.077148,2373.000000,4.000000,85.000000,,,,0.000000,4.000000,4.000000,4.000000,4.000000,4.000000,4.000000,4.000000,4.000000,4.000000,4.000000,4.000000,4.000000,4.000000,4.000000,100.000000,,,,,,,,,,,,,,,,,,,,,,,,,,,,,,,,,,,,,,,,,,,,,,,,,,,,,,,,,,,,,,,,,,,,,,,,,,,,,,,,,,,,,,
1676060271.320836,1676060271.321029,6.000000,0.000000,4285.897461,4266.666504,4281.794922,4296.153809,4275.769043,4286.794922,4276.666504,4276.922852,4269.102539,4257.563965,4431.666504,4460.000000,4360.512695,4405.256348,2212.000000,4.000000,85.000000,,,,0.000000,4.000000,4.000000,4.000000,4.000000,4.000000,4.000000,4.000000,4.000000,4.000000,4.000000,4.000000,4.000000,4.000000,4.000000,100.000000,,,,,,,,,,,,,,,,,,,,,,,,,,,,,,,,,,,,,,,,,,,,,,,,,,,,,,,,,,,,,,,,,,,,,,,,,,,,,,,,,,,,,,
1676060271.328645,1676060271.328937,7.000000,0.000000,4300.897461,4283.589844,4306.153809,4310.128418,4278.717773,4291.922852,4292.307617,4294.358887,4287.692383,4271.282227,4454.487305,4487.820313,4377.948730,4426.538574,2226.000000,4.000000,85.000000,,,,0.000000,4.000000,4.000000,4.000000,4.000000,4.000000,4.000000,4.000000,4.000000,4.000000,4.000000,4.000000,4.000000,4.000000,4.000000,100.000000,,,,,,,,,,,,,,,,,,,,,,,,,,,,,,,,,,,,,,,,,,,,,,,,,,,,,,,,,,,,,,,,,,,,,,,,,,,,,,,,,,,,,,
1676060271.336453,1676060271.336746,8.000000,0.000000,4303.974121,4287.179688,4307.307617,4307.692383,4277.820313,4294.743652,4297.563965,4296.153809,4298.077148,4285.897461,4461.794922,4495.000000,4381.794922,4432.563965,2276.000000,4.000000,85.000000,,,,0.000000,4.000000,4.000000,4.000000,4.000000,4.000000,4.000000,4.000000,4.000000,4.000000,4.000000,4.000000,4.000000,4.000000,4.000000,100.000000,,,,,,,,,,,,,,,,,,,,,,,,,,,,,,,,,,,,,,,,,,,,,,,,,,,,,,,,,,,,,,,,,,,,,,,,,,,,,,,,,,,,,,
1676060271.344262,1676060271.344654,9.000000,0.000000,4296.666504,4279.743652,4298.461426,4301.538574,4283.974121,4294.615234,4299.102539,4294.615234,4294.358887,4284.230957,4456.025879,4484.102539,4377.179688,4429.102539,2252.000000,4.000000,85.000000,,,,0.000000,4.000000,4.000000,4.000000,4.000000,4.000000,4.000000,4.000000,4.000000,4.000000,4.000000,4.000000,4.000000,4.000000,4.000000,100.000000,,,,,,,,,,,,,,,,,,,,,,,,,,,,,,,,,,,,,,,,,,,,,,,,,,,,,,,,,,,,,,,,,,,,,,,,,,,,,,,,,,,,,,
1676060271.352070,1676060271.352463,10.000000,0.000000,4314.102539,4295.641113,4319.358887,4318.461426,4296.282227,4297.692383,4311.538574,4312.307617,4302.692383,4290.256348,4475.000000,4497.820313,4391.153809,4445.512695,2723.000000,4.000000,85.000000,,,,0.000000,4.000000,4.000000,4.000000,4.000000,4.000000,4.000000,4.000000,4.000000,4.000000,4.000000,4.000000,4.000000,4.000000,4.000000,100.000000,,,,,,,,,,,,,,,,,,,,,,,,,,,,,,,,,,,,,,,,,,,,,,,,,,,,,,,,,,,,,,,,,,,,,,,,,,,,,,,,,,,,,,
1676060271.359878,1676060271.360371,11.000000,0.000000,4320.128418,4298.205078,4320.384766,4319.102539,4288.846191,4294.871582,4304.615234,4307.820313,4295.384766,4287.051270,4473.974121,4493.974121,4386.282227,4439.102539,2915.000000,4.000000,85.000000,,,,0.000000,4.000000,4.000000,4.000000,4.000000,4.000000,4.000000,4.000000,4.000000,4.000000,4.000000,4.000000,4.000000,4.000000,4.000000,100.000000,,,,,,,,,,,,,,,,,,,,,,,,,,,,,,,,,,,,,,,,,,,,,,,,,,,,,,,,,,,,,,,,,,,,,,,,,,,,,,,,,,,,,,
1676060271.367687,1676060271.368179,12.000000,0.000000,4306.794922,4287.820313,4302.179688,4311.025879,4283.333496,4291.282227,4293.205078,4290.897461,4283.461426,4272.307617,4451.794922,4476.666504,4374.487305,4424.743652,3132.000000,4.000000,85.000000,,,,0.000000,4.000000,4.000000,4.000000,4.000000,4.000000,4.000000,4.000000,4.000000,4.000000,4.000000,4.000000,4.000000,4.000000,4.000000,100.000000,,,,,,,,,,,,,,,,,,,,,,,,,,,,,,,,,,,,,,,,,,,,,,,,,,,,,,,,,,,,,,,,,,,,,,,,,,,,,,,,,,,,,,
1676060271.375495,1676060271.376088,13.000000,0.000000,4321.922852,4306.922852,4321.666504,4332.563965,4300.384766,4299.871582,4305.769043,4301.410156,4301.922852,4277.563965,4467.948730,4499.230957,4395.769043,4453.974121,3243.000000,4.000000,85.000000,,,,0.000000,4.000000,4.000000,4.000000,4.000000,4.000000,4.000000,4.000000,4.000000,4.000000,4.000000,4.000000,4.000000,4.000000,4.000000,100.000000,,,,,,,,,,,,,,,,,,,,,,,,,,,,,,,,,,,,,,,,,,,,,,,,,,,,,,,,,,,,,,,,,,,,,,,,,,,,,,,,,,,,,,
1676060271.383303,1676060271.383896,14.000000,0.000000,4336.153809,4323.205078,4340.000000,4342.820313,4309.487305,4307.436035,4312.051270,4307.051270,4310.769043,4292.307617,4484.615234,4515.128418,4405.384766,4469.743652,2723.000000,4.000000,85.000000,,,,0.000000,4.000000,4.000000,4.000000,4.000000,4.000000,4.000000,4.000000,4.000000,4.000000,4.000000,4.000000,4.000000,4.000000,4.000000,100.000000,1.000000,75.000000,4.000000,4.000000,3.000000,4.000000,4.000000,4.000000,4.000000,4.000000,4.000000,3.000000,3.000000,3.000000,3.000000,4.000000,2.847834,1.386344,1.320962,0.903996,0.919534,1.269132,0.866564,1.398965,1.125668,1.154906,3.306437,1.211184,1.601689,0.742363,0.872784,2.694446,1.537714,1.585086,0.760933,0.783629,0.772509,1.264258,1.283824,0.541749,0.532567,0.345389,0.449423,0.988226,0.666947,0.558634,1.305496,0.699689,1.409331,0.668652,0.831295,2.266884,1.516815,3.145659,1.009036,0.971783,1.227752,1.213315,1.308538,1.263124,0.917076,1.288941,0.914248,2.035117,1.538545,1.467870,7.143037,1.768564,2.208318,1.742371,1.553996,3.109219,1.497609,2.847748,1.416521,1.503447,2.025694,0.521132,1.991441,1.723506,1.313065,3.124111,1.303203,2.170627,1.536734,1.399476
1676060271.391112,1676060271.391705,15.000000,0.000000,4323.846191,4311.794922,4331.025879,4328.717773,4307.179688,4310.384766,4306.538574,4294.871582,4297.563965,4298.333496,4471.153809,4497.436035,4386.282227,4445.897461,2915.000000,4.000000,85.000000,,,,0.000000,4.000000,4.000000,4.000000,4.000000,4.000000,4.000000,4.000000,4.000000,4.000000,4.000000,4.000000,4.000000,4.000000,4.000000,100.000000,,,,,,,,,,,,,,,,,,,,,,,,,,,,,,,,,,,,,,,,,,,,,,,,,,,,,,,,,,,,,,,,,,,,,,,,,,,,,,,,,,,,,,
1676060271.398920,1676060271.399413,16.000000,0.000000,4321.025879,4306.410156,4328.846191,4325.384766,4304.615234,4311.410156,4307.051270,4295.384766,4295.769043,4294.358887,4468.717773,4495.256348,4384.615234,4443.846191,0.000000,4.000000,85.000000,,,,0.000000,4.000000,4.000000,4.000000,4.000000,4.000000,4.000000,4.000000,4.000000,4.000000,4.000000,4.000000,4.000000,4.000000,4.000000,100.000000,,,,,,,,,,,,,,,,,,,,,,,,,,,,,,,,,,,,,,,,,,,,,,,,,,,,,,,,,,,,,,,,,,,,,,,,,,,,,,,,,,,,,,
1676060271.406729,1676060271.407322,17.000000,0.000000,4330.128418,4311.282227,4331.153809,4326.410156,4296.025879,4308.974121,4307.051270,4306.153809,4298.846191,4283.205078,4479.358887,4508.205078,4401.025879,4464.743652,0.000000,4.000000,85.000000,,,,0.000000,4.000000,4.000000,4.000000,4.000000,4.000000,4.000000,4.000000,4.000000,4.000000,4.000000,4.000000,4.000000,4.000000,4.000000,100.000000,,,,,,,,,,,,,,,,,,,,,,,,,,,,,,,,,,,,,,,,,,,,,,,,,,,,,,,,,,,,,,,,,,,,,,,,,,,,,,,,,,,,,,
1676060271.414537,1676060271.415130,18.000000,0.000000,4328.461426,4313.205078,4328.717773,4324.487305,4297.051270,4308.333496,4310.641113,4307.948730,4293.974121,4282.820313,4479.871582,4507.179688,4405.641113,4466.025879,0.000000,4.000000,85.000000,,,,0.000000,4.000000,4.000000,4.000000,4.000000,4.000000,4.000000,4.000000,4.000000,4.000000,4.000000,4.000000,4.000000,4.000000,4.000000,100.000000,,,,,,,,,,,,,,,,,,,,,,,,,,,,,,,,,,,,,,,,,,,,,,,,,,,,,,,,,,,,,,,,,,,,,,,,,,,,,,,,,,,,,,
1676060271.422345,1676060271.423038,19.000000,0.000000,4323.589844,4315.512695,4331.666504,4329.102539,4306.282227,4314.615234,4320.897461,4309.871582,4297.820313,4294.871582,4478.077148,4504.871582,4399.743652,4457.820313,0.000000,4.000000,85.000000,,,,0.000000,4.000000,4.000000,4.000000,4.000000,4.000000,4.000000,4.000000,4.000000,4.000000,4.000000,4.000000,4.000000,4.000000,4.000000,100.000000,,,,,,,,,,,,,,,,,,,,,,,,,,,,,,,,,,,,,,,,,,,,,,,,,,,,,,,,,,,,,,,,,,,,,,,,,,,,,,,,,,,,,,
1676060271.430154,1676060271.430847,20.000000,0.000000,4329.102539,4315.000000,4332.051270,4325.256348,4300.512695,4310.641113,4318.589844,4310.128418,4309.358887,4299.871582,4478.589844,4502.051270,4394.743652,4458.077148,0.000000,4.000000,85.000000,,,,0.000000,4.000000,4.000000,4.000000,4.000000,4.000000,4.000000,4.000000,4.000000,4.000000,4.000000,4.000000,4.000000,4.000000,4.000000,100.000000,,,,,,,,,,,,,,,,,,,,,,,,,,,,,,,,,,,,,,,,,,,,,,,,,,,,,,,,,,,,,,,,,,,,,,,,,,,,,,,,,,,,,,
1676060271.437962,1676060271.438755,21.000000,0.000000,4336.025879,4309.743652,4326.025879,4315.000000,4291.922852,4299.230957,4307.436035,4303.717773,4306.922852,4287.692383,4472.948730,4493.589844,4390.128418,4458.205078,0.000000,4.000000,85.000000,,,,0.000000,4.000000,4.000000,4.000000,4.000000,4.000000,4.000000,4.000000,4.000000,4.000000,4.000000,4.000000,4.000000,4.000000,4.000000,100.000000,,,,,,,,,,,,,,,,,,,,,,,,,,,,,,,,,,,,,,,,,,,,,,,,,,,,,,,,,,,,,,,,,,,,,,,,,,,,,,,,,,,,,,
1676060271.445770,1676060271.446564,22.000000,0.000000,4336.410156,4308.974121,4325.512695,4318.333496,4296.666504,4302.820313,4305.512695,4304.102539,4299.102539,4283.077148,4473.846191,4493.205078,4388.589844,4460.512695,0.000000,4.000000,85.000000,,,,0.000000,4.000000,4.000000,4.000000,4.000000,4.000000,4.000000,4.000000,4.000000,4.000000,4.000000,4.000000,4.000000,4.000000,4.000000,100.000000,,,,,,,,,,,,,,,,,,,,,,,,,,,,,,,,,,,,,,,,,,,,,,,,,,,,,,,,,,,,,,,,,,,,,,,,,,,,,,,,,,,,,,
1676060271.453579,1676060271.454472,23.000000,0.000000,4326.538574,4301.666504,4316.666504,4318.205078,4298.461426,4306.794922,4302.179688,4304.102539,4294.102539,4288.846191,4471.922852,4488.974121,4388.974121,4456.794922,0.000000,4.000000,85.000000,,,,0.000000,4.000000,4.000000,4.000000,4.000000,4.000000,4.000000,4.000000,4.000000,4.000000,4.000000,4.000000,4.000000,4.000000,4.000000,100.000000,,,,,,,,,,,,,,,,,,,,,,,,,,,,,,,,,,,,,,,,,,,,,,,,,,,,,,,,,,,,,,,,,,,,,,,,,,,,,,,,,,,,,,
1676060271.461387,1676060271.462280,24.000000,0.000000,4319.358887,4290.000000,4304.615234,4307.820313,4295.641113,4298.461426,4296.794922,4294.102539,4286.410156,4280.512695,4459.358887,4473.461426,4385.641113,4445.128418,0.000000,4.000000,85.000000,,,,0.000000,4.000000,4.000000,4.000000,4.000000,4.000000,4.000000,4.000000,4.000000,4.000000,4.000000,4.000000,4.000000,4.000000,4.000000,100.000000,,,,,,,,,,,,,,,,,,,,,,,,,,,,,,,,,,,,,,,,,,,,,,,,,,,,,,,,,,,,,,,,,,,,,,,,,,,,,,,,,,,,,,
1676060271.469195,1676060271.470089,25.000000,0.000000,4330.256348,4295.769043,4314.871582,4313.846191,4299.743652,4296.794922,4301.922852,4291.922852,4289.743652,4277.820313,4464.102539,4475.128418,4390.641113,4451.410156,0.000000,4.000000,85.000000,,,,0.000000,4.000000,4.000000,4.000000,4.000000,4.000000,4.000000,4.000000,4.000000,4.000000,4.000000,4.000000,4.000000,4.000000,4.000000,100.000000,,,,,,,,,,,,,,,,,,,,,,,,,,,,,,,,,,,,,,,,,,,,,,,,,,,,,,,,,,,,,,,,,,,,,,,,,,,,,,,,,,,,,,
1676060271.477004,1676060271.477897,26.000000,0.000000,4330.384766,4293.589844,4318.077148,4314.102539,4295.256348,4296.025879,4297.436035,4291.794922,4292.051270,4280.256348,4466.922852,4477.692383,4391.410156,4459.743652,0.000000,4.000000,85.000000,,,,0.000000,4.000000,4.000000,4.000000,4.000000,4.000000,4.000000,4.000000,4.000000,4.000000,4.000000,4.000000,4.000000,4.000000,4.000000,100.000000,,,,,,,,,,,,,,,,,,,,,,,,,,,,,,,,,,,,,,,,,,,,,,,,,,,,,,,,,,,,,,,,,,,,,,,,,,,,,,,,,,,,,,
1676060271.484812,1676060271.485606,27.000000,0.000000,4327.179688,4288.589844,4316.410156,4308.461426,4291.666504,4293.589844,4295.897461,4288.205078,4287.820313,4281.282227,4463.974121,4477.179688,4390.000000,4459.102539,0.000000,4.000000,85.000000,,,,0.000000,4.000000,4.000000,4.000000,4.000000,4.000000,4.000000,4.000000,4.000000,4.000000,4.000000,4.000000,4.000000,4.000000,4.000000,100.000000,,,,,,,,,,,,,,,,,,,,,,,,,,,,,,,,,,,,,,,,,,,,,,,,,,,,,,,,,,,,,,,,,,,,,,,,,,,,,,,,,,,,,,
1676060271.492621,1676060271.493414,28.000000,0.000000,4344.871582,4314.358887,4339.615234,4330.128418,4307.436035,4305.769043,4318.333496,4302.436035,4298.717773,4291.025879,4484.230957,4499.358887,4406.282227,4472.563965,0.000000,4.000000,85.000000,,,,0.000000,4.000000,4.000000,4.000000,4.000000,4.000000,4.000000,4.000000,4.000000,4.000000,4.000000,4.000000,4.000000,4.000000,4.000000,100.000000,,,,,,,,,,,,,,,,,,,,,,,,,,,,,,,,,,,,,,,,,,,,,,,,,,,,,,,,,,,,,,,,,,,,,,,,,,,,,,,,,,,,,,
1676060271.500429,1676060271.501123,29.000000,0.000000,4356.153809,4334.230957,4354.102539,4345.512695,4317.051270,4312.051270,4325.897461,4317.820313,4312.179688,4290.384766,4494.615234,4515.897461,4410.641113,4482.692383,0.000000,4.000000,85.000000,,,,0.000000,4.000000,4.000000,4.000000,4.000000,4.000000,4.000000,4.000000,4.000000,4.000000,4.000000,4.000000,4.000000,4.000000,4.000000,100.000000,,,,,,,,,,,,,,,,,,,,,,,,,,,,,,,,,,,,,,,,,,,,,,,,,,,,,,,,,,,,,,,,,,,,,,,,,,,,,,,,,,,,,,
1676060271.508237,1676060271.508931,30.000000,0.000000,4347.820313,4325.897461,4340.641113,4334.743652,4310.256348,4306.666504,4314.615234,4311.025879,4307.179688,4282.436035,4477.820313,4506.538574,4393.846191,4469.230957,0.000000,4.000000,85.000000,,,,0.000000,4.000000,4.000000,4.000000,4.000000,4.000000,4.000000,4.000000,4.000000,4.000000,4.000000,4.000000,4.000000,4.000000,4.000000,100.000000,,,,,,,,,,,,,,,,,3.039652,1.497773,1.373794,0.752157,0.833144,1.449374,0.985465,1.459761,0.851549,0.961619,3.020756,1.246432,1.457388,0.615647,0.780199,2.955876,1.694179,1.726277,0.595735,0.685657,0.709294,1.362720,1.444343,0.385622,0.508998,0.300192,0.523416,1.104079,0.503240,0.484004,1.055612,0.856087,1.508775,0.513387,0.752217,1.989954,1.875937,3.311101,0.870083,0.875985,1.117979,1.432270,1.338745,1.046554,0.851313,1.183524,0.955981,1.929842,1.487752,1.322719,6.367972,1.836204,1.943236,1.531244,1.459351,3.128571,1.760546,2.638802,1.228132,1.359204,1.938344,0.608088,1.826960,1.496515,1.136162,3.171100,1.453851,2.053095,1.301831,1.243194
1676060271.516046,1676060271.516640,31.000000,0.000000,4346.025879,4323.717773,4336.025879,4331.922852,4307.692383,4313.205078,4316.794922,4308.333496,4302.948730,4296.153809,4477.948730,4501.538574,4392.051270,4460.897461,0.000000,4.000000,85.000000,,,,0.000000,4.000000,4.000000,4.000000,4.000000,4.000000,4.000000,4.000000,4.000000,4.000000,4.000000,4.000000,4.000000,4.000000,4.000000,100.000000,,,,,,,,,,,,,,,,,,,,,,,,,,,,,,,,,,,,,,,,,,,,,,,,,,,,,,,,,,,,,,,,,,,,,,,,,,,,,,,,,,,,,,
1676060271.523854,1676060271.524448,32.000000,0.000000,4340.641113,4321.538574,4330.000000,4326.153809,4303.461426,4308.846191,4308.077148,4304.358887,4302.179688,4298.846191,4482.563965,4491.025879,4387.436035,4454.487305,0.000000,4.000000,85.000000,,,,0.000000,4.000000,4.000000,4.000000,4.000000,4.000000,4.000000,4.000000,4.000000,4.000000,4.000000,4.000000,4.000000,4.000000,4.000000,100.000000,,,,,,,,,,,,,,,,,,,,,,,,,,,,,,,,,,,,,,,,,,,,,,,,,,,,,,,,,,,,,,,,,,,,,,,,,,,,,,,,,,,,,,
1676060271.531663,1676060271.532157,33.000000,0.000000,4318.589844,4302.179688,4306.794922,4303.333496,4290.256348,4292.307617,4286.410156,4285.897461,4288.461426,4270.897461,4460.641113,4467.179688,4359.743652,4434.358887,0.000000,4.000000,85.000000,,,,0.000000,4.000000,4.000000,4.000000,4.000000,4.000000,4.000000,4.000000,4.000000,4.000000,4.000000,4.000000,4.000000,4.000000,4.000000,100.000000,,,,,,,,,,,,,,,,,,,,,,,,,,,,,,,,,,,,,,,,,,,,,,,,,,,,,,,,,,,,,,,,,,,,,,,,,,,,,,,,,,,,,,
1676060271.539471,1676060271.539965,34.000000,0.000000,4323.974121,4303.461426,4315.769043,4306.794922,4295.000000,4303.077148,4302.051270,4294.358887,4292.563965,4271.410156,4471.410156,4478.846191,4364.102539,4440.641113,0.000000,4.000000,85.000000,,,,0.000000,4.000000,4.000000,4.000000,4.000000,4.000000,4.000000,4.000000,4.000000,4.000000,4.000000,4.000000,4.000000,4.000000,4.000000,100.000000,,,,,,,,,,,,,,,,,,,,,,,,,,,,,,,,,,,,,,,,,,,,,,,,,,,,,,,,,,,,,,,,,,,,,,,,,,,,,,,,,,,,,,
1676060271.547279,1676060271.547674,35.000000,0.000000,4342.307617,4318.974121,4339.743652,4326.922852,4308.461426,4316.922852,4324.230957,4318.205078,4306.666504,4288.077148,4510.512695,4502.179688,4395.128418,4462.692383,0.000000,4.000000,85.000000,,,,0.000000,4.000000,4.000000,4.000000,4.000000,4.000000,4.000000,4.000000,4.000000,4.000000,4.000000,4.000000,4.000000,4.000000,4.000000,100.000000,,,,,,,,,,,,,,,,,,,,,,,,,,,,,,,,,,,,,,,,,,,,,,,,,,,,,,,,,,,,,,,,,,,,,,,,,,,,,,,,,,,,,,
1676060271.555088,1676060271.555482,36.000000,0.000000,4331.922852,4310.384766,4329.871582,4321.922852,4311.538574,4308.333496,4312.820313,4310.256348,4298.717773,4279.102539,4524.487305,4491.025879,4396.922852,4455.897461,0.000000,4.000000,85.000000,,,,0.000000,4.000000,4.000000,4.000000,4.000000,4.000000,4.000000,4.000000,4.000000,4.000000,4.000000,4.000000,4.000000,4.000000,4.000000,100.000000,,,,,,,,,,,,,,,,,,,,,,,,,,,,,,,,,,,,,,,,,,,,,,,,,,,,,,,,,,,,,,,,,,,,,,,,,,,,,,,,,,,,,,
1676060271.562896,1676060271.563191,37.000000,0.000000,4332.179688,4309.615234,4327.948730,4323.077148,4319.102539,4313.333496,4311.410156,4304.487305,4296.666504,4286.282227,4545.128418,4489.230957,4392.436035,4454.871582,0.000000,4.000000,85.000000,,,,0.000000,4.000000,4.000000,4.000000,4.000000,4.000000,4.000000,4.000000,4.000000,4.000000,4.000000,4.000000,4.000000,4.000000,4.000000,100.000000,,,,,,,,,,,,,,,,,,,,,,,,,,,,,,,,,,,,,,,,,,,,,,,,,,,,,,,,,,,,,,,,,,,,,,,,,,,,,,,,,,,,,,
1676060271.570705,1676060271.570999,38.000000,0.000000,4352.436035,4326.922852,4346.538574,4340.512695,4325.512695,4326.922852,4325.512695,4319.871582,4310.384766,4305.769043,4582.563965,4509.102539,4405.128418,4477.820313,0.000000,4.000000,85.000000,,,,0.000000,4.000000,4.000000,4.000000,4.000000,4.000000,4.000000,4.000000,4.000000,4.000000,4.000000,4.000000,4.000000,4.000000,4.000000,100.000000,,,,,,,,,,,,,,,,,,,,,,,,,,,,,,,,,,,,,,,,,,,,,,,,,,,,,,,,,,,,,,,,,,,,,,,,,,,,,,,,,,,,,,
1676060271.578513,1676060271.578708,39.000000,0.000000,4347.692383,4319.102539,4337.948730,4334.230957,4312.948730,4314.487305,4311.794922,4313.461426,4306.282227,4296.025879,4594.230957,4500.000000,4404.230957,4468.974121,0.000000,4.000000,85.000000,,,,0.000000,4.000000,4.000000,4.000000,4.000000,4.000000,4.000000,4.000000,4.000000,4.000000,4.000000,4.000000,4.000000,4.000000,4.000000,100.000000,,,,,,,,,,,,,,,,,,,,,,,,,,,,,,,,,,,,,,,,,,,,,,,,,,,,,,,,,,,,,,,,,,,,,,,,,,,,,,,,,,,,,,
1676060271.586321,1676060271.586516,40.000000,0.000000,4318.717773,4288.846191,4307.692383,4305.128418,4294.743652,4295.512695,4287.307617,4286.538574,4281.538574,4272.820313,4581.538574,4463.077148,4380.000000,4432.563965,0.000000,4.000000,85.000000,,,,0.000000,4.000000,4.000000,4.000000,4.000000,4.000000,4.000000,4.000000,4.000000,4.000000,4.000000,4.000000,4.000000,4.000000,4.000000,100.000000,,,,,,,,,,,,,,,,,,,,,,,,,,,,,,,,,,,,,,,,,,,,,,,,,,,,,,,,,,,,,,,,,,,,,,,,,,,,,,,,,,,,,,
1676060271.594130,1676060271.594225,41.000000,0.000000,4313.589844,4286.410156,4303.333496,4299.487305,4292.948730,4295.384766,4291.282227,4283.077148,4271.025879,4261.282227,4588.846191,4452.692383,4375.641113,4428.974121,0.000000,4.000000,85.000000,,,,0.000000,4.000000,4.000000,4.000000,4.000000,4.000000,4.000000,4.000000,4.000000,4.000000,4.000000,4.000000,4.000000,4.000000,4.000000,100.000000,,,,,,,,,,,,,,,,,,,,,,,,,,,,,,,,,,,,,,,,,,,,,,,,,,,,,,,,,,,,,,,,,,,,,,,,,,,,,,,,,,,,,,
1676060271.601938,1676060271.602133,42.000000,0.000000,4329.743652,4299.615234,4313.974121,4311.922852,4296.538574,4298.461426,4302.692383,4295.512695,4282.820313,4258.589844,4612.179688,4466.410156,4395.256348,4451.666504,0.000000,4.000000,85.000000,,,,0.000000,4.000000,4.000000,4.000000,4.000000,4.000000,4.000000,4.000000,4.000000,4.000000,4.000000,4.000000,4.000000,4.000000,4.000000,100.000000,,,,,,,,,,,,,,,,,,,,,,,,,,,,,,,,,,,,,,,,,,,,,,,,,,,,,,,,,,,,,,,,,,,,,,,,,,,,,,,,,,,,,,
1676060271.609747,1676060271.609942,43.000000,0.000000,4326.538574,4289.102539,4303.717773,4303.717773,4292.436035,4296.153809,4296.410156,4294.615234,4293.077148,4265.512695,4613.717773,4465.000000,4397.948730,4452.436035,0.000000,4.000000,85.000000,,,,0.000000,4.000000,4.000000,4.000000,4.000000,4.000000,4.000000,4.000000,4.000000,4.000000,4.000000,4.000000,4.000000,4.000000,4.000000,100.000000,,,,,,,,,,,,,,,,,,,,,,,,,,,,,,,,,,,,,,,,,,,,,,,,,,,,,,,,,,,,,,,,,,,,,,,,,,,,,,,,,,,,,,
1676060271.617555,1676060271.617850,44.000000,0.000000,4313.717773,4280.897461,4289.615234,4295.384766,4291.794922,4296.153809,4292.179688,4290.128418,4292.051270,4280.512695,4603.077148,4453.846191,4389.358887,4441.153809,0.000000,4.000000,85.000000,,,,0.000000,4.000000,4.000000,4.000000,4.000000,4.000000,4.000000,4.000000,4.000000,4.000000,4.000000,4.000000,4.000000,4.000000,4.000000,100.000000,,,,,,,,,,,,,,,,,,,,,,,,,,,,,,,,,,,,,,,,,,,,,,,,,,,,,,,,,,,,,,,,,,,,,,,,,,,,,,,,,,,,,,
1676060271.625363,1676060271.625658,45.000000,0.000000,4322.179688,4296.153809,4303.333496,4306.794922,4297.820313,4299.102539,4300.256348,4297.692383,4295.512695,4289.615234,4611.666504,4461.538574,4401.410156,4447.436035,0.000000,4.000000,85.000000,,,,0.000000,4.000000,4.000000,4.000000,4.000000,4.000000,4.000000,4.000000,4.000000,4.000000,4.000000,4.000000,4.000000,4.000000,4.000000,100.000000,,,,,,,,,,,,,,,,,,,,,,,,,,,,,,,,,,,,,,,,,,,,,,,,,,,,,,,,,,,,,,,,,,,,,,,,,,,,,,,,,,,,,,
1676060271.633172,1676060271.633567,46.000000,0.000000,4340.000000,4308.846191,4323.846191,4318.077148,4298.846191,4298.205078,4304.102539,4305.384766,4306.794922,4295.384766,4626.794922,4480.000000,4419.102539,4460.641113,0.000000,4.000000,85.000000,,,,0.000000,4.000000,4.000000,4.000000,4.000000,4.000000,4.000000,4.000000,4.000000,4.000000,4.000000,4.000000,4.000000,4.000000,4.000000,100.000000,,,,,,,,,,,,,,,,,3.071906,1.588269,1.387079,0.613570,0.791490,1.900805,1.227295,1.503796,0.587302,0.840415,2.644691,1.292320,1.310912,0.507688,0.732947,3.194936,1.852161,1.820892,0.442775,0.634515,0.685830,1.441733,1.563283,0.260439,0.493496,0.312729,0.620439,1.194316,0.349715,0.403169,0.881026,1.099118,1.572552,0.375423,0.688610,1.704242,2.413461,3.240099,0.727195,0.814902,1.047279,1.741399,1.285666,0.850450,0.821859,1.094944,1.160903,1.691668,1.481526,1.223945,5.520170,2.242459,1.682781,1.323003,1.426428,2.937421,2.310425,2.374799,1.073103,1.264856,1.856581,0.954249,1.606996,1.261759,1.033650,3.074516,1.698955,1.853330,1.060822,1.121392
1676060271.640980,1676060271.641375,47.000000,0.000000,4332.051270,4301.538574,4317.820313,4308.589844,4294.487305,4292.948730,4293.333496,4296.922852,4302.436035,4295.769043,4618.461426,4477.820313,4416.153809,4460.128418,0.000000,4.000000,85.000000,,,,0.000000,4.000000,4.000000,4.000000,4.000000,4.000000,4.000000,4.000000,4.000000,4.000000,4.000000,4.000000,4.000000,4.000000,4.000000,100.000000,,,,,,,,,,,,,,,,,,,,,,,,,,,,,,,,,,,,,,,,,,,,,,,,,,,,,,,,,,,,,,,,,,,,,,,,,,,,,,,,,,,,,,
1676060271.648788,1676060271.649283,48.000000,0.000000,4317.563965,4290.384766,4311.538574,4297.436035,4296.153809,4294.358887,4292.307617,4293.717773,4296.666504,4291.538574,4614.487305,4473.461426,4408.717773,4455.256348,0.000000,4.000000,85.000000,,,,0.000000,4.000000,4.000000,4.000000,4.000000,4.000000,4.000000,4.000000,4.000000,4.000000,4.000000,4.000000,4.000000,4.000000,4.000000,100.000000,,,,,,,,,,,,,,,,,,,,,,,,,,,,,,,,,,,,,,,,,,,,,,,,,,,,,,,,,,,,,,,,,,,,,,,,,,,,,,,,,,,,,,
1676060271.656597,1676060271.657092,49.000000,0.000000,4322.436035,4287.179688,4321.153809,4298.077148,4290.897461,4299.615234,4307.948730,4305.128418,4305.000000,4290.512695,4628.846191,4484.358887,4406.538574,4454.487305,0.000000,4.000000,85.000000,,,,0.000000,4.000000,4.000000,4.000000,4.000000,4.000000,4.000000,4.000000,4.000000,4.000000,4.000000,4.000000,4.000000,4.000000,4.000000,100.000000,,,,,,,,,,,,,,,,,,,,,,,,,,,,,,,,,,,,,,,,,,,,,,,,,,,,,,,,,,,,,,,,,,,,,,,,,,,,,,,,,,,,,,
1676060271.664405,1676060271.665000,50.000000,0.000000,4317.820313,4273.589844,4309.487305,4285.256348,4277.948730,4294.487305,4303.077148,4301.025879,4297.948730,4278.717773,4618.717773,4473.717773,4391.794922,4441.666504,0.000000,4.000000,85.000000,,,,0.000000,4.000000,4.000000,4.000000,4.000000,4.000000,4.000000,4.000000,4.000000,4.000000,4.000000,4.000000,4.000000,4.000000,4.000000,100.000000,,,,,,,,,,,,,,,,,,,,,,,,,,,,,,,,,,,,,,,,,,,,,,,,,,,,,,,,,,,,,,,,,,,,,,,,,,,,,,,,,,,,,,
1676060271.672214,1676060271.672809,51.000000,0.000000,4309.102539,4265.897461,4294.487305,4274.871582,4283.717773,4293.589844,4293.333496,4293.333496,4291.153809,4272.692383,4606.025879,4460.897461,4385.512695,4436.410156,0.000000,4.000000,85.000000,,,,0.000000,4.000000,4.000000,4.000000,4.000000,4.000000,4.000000,4.000000,4.000000,4.000000,4.000000,4.000000,4.000000,4.000000,4.000000,100.000000,,,,,,,,,,,,,,,,,,,,,,,,,,,,,,,,,,,,,,,,,,,,,,,,,,,,,,,,,,,,,,,,,,,,,,,,,,,,,,,,,,,,,,
1676060271.680022,1676060271.680517,52.000000,0.000000,4308.205078,4269.487305,4297.948730,4283.077148,4296.922852,4300.512695,4303.077148,4301.025879,4297.436035,4283.974121,4618.589844,4468.846191,4395.641113,4442.692383,0.000000,4.000000,85.000000,,,,0.000000,4.000000,4.000000,4.000000,4.000000,4.000000,4.000000,4.000000,4.000000,4.000000,4.000000,4.000000,4.000000,4.000000,4.000000,100.000000,,,,,,,,,,,,,,,,,,,,,,,,,,,,,,,,,,,,,,,,,,,,,,,,,,,,,,,,,,,,,,,,,,,,,,,,,,,,,,,,,,,,,,
1676060271.687830,1676060271.688326,53.000000,0.000000,4308.461426,4275.000000,4298.205078,4292.820313,4294.743652,4301.025879,4306.794922,4305.256348,4296.282227,4286.538574,4627.692383,4469.358887,4398.077148,4440.769043,0.000000,4.000000,85.000000,,,,0.000000,4.000000,4.000000,4.000000,4.000000,4.000000,4.000000,4.000000,4.000000,4.000000,4.000000,4.000000,4.000000,4.000000,4.000000,100.000000,,,,,,,,,,,,,,,,,,,,,,,,,,,,,,,,,,,,,,,,,,,,,,,,,,,,,,,,,,,,,,,,,,,,,,,,,,,,,,,,,,,,,,
1676060271.695639,1676060271.696034,54.000000,0.000000,4319.487305,4290.128418,4307.307617,4300.384766,4297.948730,4303.333496,4310.384766,4309.615234,4305.641113,4288.846191,4640.512695,4472.179688,4399.743652,4451.922852,0.000000,4.000000,85.000000,,,,0.000000,4.000000,4.000000,4.000000,4.000000,4.000000,4.000000,4.000000,4.000000,4.000000,4.000000,4.000000,4.000000,4.000000,4.000000,100.000000,,,,,,,,,,,,,,,,,,,,,,,,,,,,,,,,,,,,,,,,,,,,,,,,,,,,,,,,,,,,,,,,,,,,,,,,,,,,,,,,,,,,,,
1676060271.703447,1676060271.703843,55.000000,0.000000,4323.077148,4293.974121,4316.410156,4302.051270,4302.051270,4303.589844,4316.153809,4309.615234,4312.436035,4291.282227,4644.358887,4476.025879,4402.563965,4457.692383,0.000000,4.000000,85.000000,,,,0.000000,4.000000,4.000000,4.000000,4.000000,4.000000,4.000000,4.000000,4.000000,4.000000,4.000000,4.000000,4.000000,4.000000,4.000000,100.000000,,,,,,,,,,,,,,,,,,,,,,,,,,,,,,,,,,,,,,,,,,,,,,,,,,,,,,,,,,,,,,,,,,,,,,,,,,,,,,,,,,,,,,
1676060271.711255,1676060271.711551,56.000000,0.000000,4310.641113,4278.205078,4304.871582,4295.256348,4290.000000,4296.282227,4305.000000,4296.794922,4294.230957,4282.692383,4626.282227,4462.563965,4397.307617,4442.436035,0.000000,4.000000,85.000000,,,,0.000000,4.000000,4.000000,4.000000,4.000000,4.000000,4.000000,4.000000,4.000000,4.000000,4.000000,4.000000,4.000000,4.000000,4.000000,100.000000,,,,,,,,,,,,,,,,,,,,,,,,,,,,,,,,,,,,,,,,,,,,,,,,,,,,,,,,,,,,,,,,,,,,,,,,,,,,,,,,,,,,,,
1676060271.719064,1676060271.719360,57.000000,0.000000,4308.077148,4277.436035,4297.692383,4292.307617,4283.461426,4289.487305,4292.692383,4290.897461,4285.384766,4275.384766,4621.794922,4457.179688,4393.974121,4437.436035,0.000000,4.000000,85.000000,,,,0.000000,4.000000,4.000000,4.000000,4.000000,4.000000,4.000000,4.000000,4.000000,4.000000,4.000000,4.000000,4.000000,4.000000,4.000000,100.000000,,,,,,,,,,,,,,,,,,,,,,,,,,,,,,,,,,,,,,,,,,,,,,,,,,,,,,,,,,,,,,,,,,,,,,,,,,,,,,,,,,,,,,
1676060271.726872,1676060271.727068,58.000000,0.000000,4308.205078,4281.410156,4299.230957,4286.025879,4283.461426,4283.205078,4291.922852,4289.615234,4290.641113,4270.641113,4615.384766,4459.230957,4385.256348,4438.333496,0.000000,4.000000,85.000000,,,,0.000000,4.000000,4.000000,4.000000,4.000000,4.000000,4.000000,4.000000,4.000000,4.000000,4.000000,4.000000,4.000000,4.000000,4.000000,100.000000,,,,,,,,,,,,,,,,,,,,,,,,,,,,,,,,,,,,,,,,,,,,,,,,,,,,,,,,,,,,,,,,,,,,,,,,,,,,,,,,,,,,,,
1676060271.734681,1676060271.734877,59.000000,0.000000,4295.641113,4266.025879,4290.897461,4271.666504,4278.333496,4286.794922,4289.230957,4283.589844,4287.563965,4267.051270,4588.205078,4446.794922,4372.820313,4426.153809,0.000000,4.000000,85.000000,,,,0.000000,4.000000,4.000000,4.000000,4.000000,4.000000,4.000000,4.000000,4.000000,4.000000,4.000000,4.000000,4.000000,4.000000,4.000000,100.000000,,,,,,,,,,,,,,,,,,,,,,,,,,,,,,,,,,,,,,,,,,,,,,,,,,,,,,,,,,,,,,,,,,,,,,,,,,,,,,,,,,,,,,
1676060271.742489,1676060271.742585,60.000000,0.000000,4295.512695,4265.641113,4291.922852,4278.717773,4279.358887,4296.025879,4290.128418,4291.922852,4290.641113,4277.179688,4588.333496,4449.102539,4383.846191,4425.769043,0.000000,4.000000,85.000000,,,,0.000000,4.000000,4.000000,4.000000,4.000000,4.000000,4.000000,4.000000,4.000000,4.000000,4.000000,4.000000,4.000000,4.000000,4.000000,100.000000,,,,,,,,,,,,,,,,,,,,,,,,,,,,,,,,,,,,,,,,,,,,,,,,,,,,,,,,,,,,,,,,,,,,,,,,,,,,,,,,,,,,,,
1676060271.750297,1676060271.750394,61.000000,0.000000,4305.000000,4283.333496,4303.461426,4296.153809,4282.436035,4290.897461,4296.282227,4309.230957,4300.256348,4286.410156,4603.846191,4471.794922,4398.205078,4435.384766,0.000000,4.000000,85.000000,,,,0.000000,4.000000,4.000000,4.000000,4.000000,4.000000,4.000000,4.000000,4.000000,4.000000,4.000000,4.000000,4.000000,4.000000,4.000000,100.000000,,,,,,,,,,,,,,,,,,,,,,,,,,,,,,,,,,,,,,,,,,,,,,,,,,,,,,,,,,,,,,,,,,,,,,,,,,,,,,,,,,,,,,
1676060271.758106,1676060271.758102,62.000000,0.000000,4299.615234,4281.922852,4297.692383,4295.897461,4277.820313,4282.563965,4293.461426,4313.717773,4295.897461,4279.743652,4589.615234,4476.666504,4393.077148,4429.230957,0.000000,4.000000,85.000000,,,,0.000000,4.000000,4.000000,4.000000,4.000000,4.000000,4.000000,4.000000,4.000000,4.000000,4.000000,4.000000,4.000000,4.000000,4.000000,100.000000,,,,,,,,,,,,,,,,,3.019592,1.644925,1.350394,0.509632,0.787957,2.653449,1.514831,1.522275,0.391241,0.786016,2.329355,1.347914,1.190967,0.436051,0.725722,3.447060,1.973566,1.827731,0.335229,0.627185,0.697677,1.445425,1.599691,0.183650,0.482581,0.413956,0.716893,1.227081,0.239036,0.330009,0.800787,1.383667,1.608754,0.284678,0.636560,1.437210,2.987569,3.006670,0.607995,0.777132,1.055788,2.092487,1.167583,0.715133,0.815404,1.065982,1.465845,1.376417,1.499005,1.189495,4.688175,2.854098,1.468731,1.137661,1.431135,2.637020,3.045346,2.123939,0.967549,1.214141,1.865823,1.551964,1.360907,1.036720,0.996191,2.945273,1.997058,1.608280,0.843016,1.035930
1676060271.765914,1676060271.765911,63.000000,0.000000,4300.384766,4273.077148,4295.897461,4302.692383,4279.358887,4289.102539,4294.358887,4316.410156,4295.000000,4283.077148,4581.282227,4477.436035,4393.205078,4430.256348,0.000000,4.000000,85.000000,,,,0.000000,4.000000,4.000000,4.000000,4.000000,4.000000,4.000000,4.000000,4.000000,4.000000,4.000000,4.000000,4.000000,4.000000,4.000000,100.000000,,,,,,,,,,,,,,,,,,,,,,,,,,,,,,,,,,,,,,,,,,,,,,,,,,,,,,,,,,,,,,,,,,,,,,,,,,,,,,,,,,,,,,
1676060271.773723,1676060271.773619,64.000000,0.000000,4301.153809,4268.717773,4296.282227,4312.436035,4283.589844,4286.025879,4297.307617,4317.948730,4296.666504,4287.436035,4578.589844,4480.769043,4389.230957,4433.717773,2525.000000,4.000000,85.000000,,,,0.000000,4.000000,4.000000,4.000000,4.000000,4.000000,4.000000,4.000000,4.000000,4.000000,4.000000,4.000000,4.000000,4.000000,4.000000,100.000000,,,,,,,,,,,,,,,,,,,,,,,,,,,,,,,,,,,,,,,,,,,,,,,,,,,,,,,,,,,,,,,,,,,,,,,,,,,,,,,,,,,,,,
1676060271.781531,1676060271.781428,65.000000,0.000000,4282.179688,4262.948730,4281.922852,4304.743652,4278.717773,4276.666504,4292.820313,4310.000000,4286.282227,4271.153809,4554.615234,4472.436035,4370.512695,4415.641113,2474.000000,4.000000,85.000000,,,,0.000000,4.000000,4.000000,4.000000,4.000000,4.000000,4.000000,4.000000,4.000000,4.000000,4.000000,4.000000,4.000000,4.000000,4.000000,100.000000,,,,,,,,,,,,,,,,,,,,,,,,,,,,,,,,,,,,,,,,,,,,,,,,,,,,,,,,,,,,,,,,,,,,,,,,,,,,,,,,,,,,,,
1676060271.789339,1676060271.789136,66.000000,0.000000,4278.077148,4264.871582,4283.589844,4303.589844,4277.051270,4287.307617,4295.000000,4310.384766,4285.128418,4258.717773,4548.333496,4477.051270,4372.436035,4412.051270,2404.000000,4.000000,85.000000,,,,0.000000,4.000000,4.000000,4.000000,4.000000,4.000000,4.000000,4.000000,4.000000,4.000000,4.000000,4.000000,4.000000,4.000000,4.000000,100.000000,,,,,,,,,,,,,,,,,,,,,,,,,,,,,,,,,,,,,,,,,,,,,,,,,,,,,,,,,,,,,,,,,,,,,,,,,,,,,,,,,,,,,,
1676060271.797148,1676060271.797045,67.000000,0.000000,4292.179688,4263.461426,4294.230957,4314.487305,4280.000000,4294.871582,4299.871582,4315.769043,4292.563965,4266.666504,4551.922852,4490.384766,4380.512695,4427.051270,2464.000000,4.000000,85.000000,,,,0.000000,4.000000,4.000000,4.000000,4.000000,4.000000,4.000000,4.000000,4.000000,4.000000,4.000000,4.000000,4.000000,4.000000,4.000000,100.000000,,,,,,,,,,,,,,,,,,,,,,,,,,,,,,,,,,,,,,,,,,,,,,,,,,,,,,,,,,,,,,,,,,,,,,,,,,,,,,,,,,,,,,
1676060271.804956,1676060271.804853,68.000000,0.000000,4283.077148,4249.102539,4280.512695,4311.666504,4277.436035,4283.589844,4289.615234,4307.436035,4284.102539,4265.769043,4523.846191,4476.538574,4358.205078,4411.153809,2431.000000,4.000000,85.000000,,,,0.000000,4.000000,4.000000,4.000000,4.000000,4.000000,4.000000,4.000000,4.000000,4.000000,4.000000,4.000000,4.000000,4.000000,4.000000,100.000000,,,,,,,,,,,,,,,,,,,,,,,,,,,,,,,,,,,,,,,,,,,,,,,,,,,,,,,,,,,,,,,,,,,,,,,,,,,,,,,,,,,,,,
1676060271.812765,1676060271.812761,69.000000,0.000000,4269.230957,4249.615234,4274.230957,4311.282227,4278.461426,4275.769043,4277.179688,4296.025879,4269.487305,4252.692383,4505.256348,4460.256348,4349.743652,4393.717773,2369.000000,4.000000,85.000000,,,,0.000000,4.000000,4.000000,4.000000,4.000000,4.000000,4.000000,4.000000,4.000000,4.000000,4.000000,4.000000,4.000000,4.000000,4.000000,100.000000,,,,,,,,,,,,,,,,,,,,,,,,,,,,,,,,,,,,,,,,,,,,,,,,,,,,,,,,,,,,,,,,,,,,,,,,,,,,,,,,,,,,,,
1676060271.820573,1676060271.820570,70.000000,0.000000,4289.487305,4264.358887,4301.666504,4327.563965,4285.128418,4280.512695,4285.128418,4301.538574,4275.512695,4263.589844,4529.102539,4480.256348,4381.538574,4423.589844,2226.000000,4.000000,85.000000,,,,0.000000,4.000000,4.000000,4.000000,4.000000,4.000000,4.000000,4.000000,4.000000,4.000000,4.000000,4.000000,4.000000,4.000000,4.000000,100.000000,,,,,,,,,,,,,,,,,,,,,,,,,,,,,,,,,,,,,,,,,,,,,,,,,,,,,,,,,,,,,,,,,,,,,,,,,,,,,,,,,,,,,,
1676060271.828381,1676060271.828478,71.000000,0.000000,4313.846191,4268.589844,4316.410156,4335.641113,4288.333496,4282.948730,4299.230957,4315.128418,4290.769043,4283.589844,4553.846191,4507.179688,4404.743652,4453.846191,2221.000000,4.000000,85.000000,,,,0.000000,4.000000,4.000000,4.000000,4.000000,4.000000,4.000000,4.000000,4.000000,4.000000,4.000000,4.000000,4.000000,4.000000,4.000000,100.000000,,,,,,,,,,,,,,,,,,,,,,,,,,,,,,,,,,,,,,,,,,,,,,,,,,,,,,,,,,,,,,,,,,,,,,,,,,,,,,,,,,,,,,
1676060271.836190,1676060271.836287,72.000000,0.000000,4311.282227,4256.153809,4302.563965,4325.256348,4285.897461,4278.205078,4294.358887,4312.307617,4290.000000,4278.846191,4550.641113,4503.333496,4404.615234,4452.307617,2279.000000,4.000000,85.000000,,,,0.000000,4.000000,4.000000,4.000000,4.000000,4.000000,4.000000,4.000000,4.000000,4.000000,4.000000,4.000000,4.000000,4.000000,4.000000,100.000000,,,,,,,,,,,,,,,,,,,,,,,,,,,,,,,,,,,,,,,,,,,,,,,,,,,,,,,,,,,,,,,,,,,,,,,,,,,,,,,,,,,,,,
1676060271.843998,1676060271.844195,73.000000,0.000000,4309.230957,4248.333496,4303.205078,4320.000000,4285.897461,4281.410156,4289.230957,4308.461426,4289.358887,4279.358887,4554.487305,4501.410156,4419.615234,4457.307617,2251.000000,4.000000,85.000000,,,,0.000000,4.000000,4.000000,4.000000,4.000000,4.000000,4.000000,4.000000,4.000000,4.000000,4.000000,4.000000,4.000000,4.000000,4.000000,100.000000,,,,,,,,,,,,,,,,,,,,,,,,,,,,,,,,,,,,,,,,,,,,,,,,,,,,,,,,,,,,,,,,,,,,,,,,,,,,,,,,,,,,,,
1676060271.851806,1676060271.852003,74.000000,0.000000,4316.794922,4257.820313,4316.794922,4326.153809,4289.102539,4283.589844,4299.871582,4321.794922,4302.179688,4301.153809,4571.282227,4521.025879,4438.717773,4470.512695,2737.000000,4.000000,85.000000,,,,0.000000,4.000000,4.000000,4.000000,4.000000,4.000000,4.000000,4.000000,4.000000,4.000000,4.000000,4.000000,4.000000,4.000000,4.000000,100.000000,,,,,,,,,,,,,,,,,,,,,,,,,,,,,,,,,,,,,,,,,,,,,,,,,,,,,,,,,,,,,,,,,,,,,,,,,,,,,,,,,,,,,,
1676060271.859615,1676060271.859912,75.000000,0.000000,4311.666504,4260.512695,4308.205078,4318.589844,4286.282227,4278.461426,4299.102539,4320.769043,4301.410156,4292.948730,4560.384766,4517.307617,4421.410156,4460.512695,2919.000000,4.000000,85.000000,,,,0.000000,4.000000,4.000000,4.000000,4.000000,4.000000,4.000000,4.000000,4.000000,4.000000,4.000000,4.000000,4.000000,4.000000,4.000000,100.000000,,,,,,,,,,,,,,,,,,,,,,,,,,,,,,,,,,,,,,,,,,,,,,,,,,,,,,,,,,,,,,,,,,,,,,,,,,,,,,,,,,,,,,
1676060271.867423,1676060271.867720,76.000000,0.000000,4313.717773,4264.230957,4305.000000,4320.769043,4290.641113,4285.384766,4295.641113,4314.743652,4298.205078,4279.615234,4551.794922,4511.538574,4414.871582,4459.871582,3122.000000,4.000000,85.000000,,,,0.000000,4.000000,4.000000,4.000000,4.000000,4.000000,4.000000,4.000000,4.000000,4.000000,4.000000,4.000000,4.000000,4.000000,4.000000,100.000000,,,,,,,,,,,,,,,,,,,,,,,,,,,,,,,,,,,,,,,,,,,,,,,,,,,,,,,,,,,,,,,,,,,,,,,,,,,,,,,,,,,,,,
1676060271.875232,1676060271.875429,77.000000,0.000000,4336.666504,4286.666504,4328.846191,4350.000000,4304.230957,4298.717773,4308.205078,4330.384766,4313.846191,4307.051270,4573.846191,4535.512695,4444.615234,4479.743652,3246.000000,4.000000,85.000000,,,,0.000000,4.000000,4.000000,4.000000,4.000000,4.000000,4.000000,4.000000,4.000000,4.000000,4.000000,4.000000,4.000000,4.000000,4.000000,100.000000,,,,,,,,,,,,,,,,,,,,,,,,,,,,,,,,,,,,,,,,,,,,,,,,,,,,,,,,,,,,,,,,,,,,,,,,,,,,,,,,,,,,,,
1676060271.883040,1676060271.883237,78.000000,0.000000,4334.487305,4293.205078,4331.025879,4353.461426,4303.205078,4297.563965,4307.563965,4331.410156,4312.179688,4312.051270,4567.563965,4533.077148,4435.897461,4470.512695,2737.000000,4.000000,85.000000,,,,0.000000,4.000000,4.000000,4.000000,4.000000,4.000000,4.000000,4.000000,4.000000,4.000000,4.000000,4.000000,4.000000,4.000000,4.000000,100.000000,1.000000,75.000000,4.000000,4.000000,3.000000,4.000000,4.000000,4.000000,4.000000,4.000000,4.000000,3.000000,3.000000,3.000000,4.000000,4.000000,2.958364,1.674282,1.277301,0.448827,0.802701,3.594411,1.815508,1.527939,0.294242,0.776441,2.199802,1.414634,1.145883,0.411800,0.744854,3.689482,2.070175,1.759464,0.294145,0.649000,0.742454,1.382185,1.546412,0.163457,0.471520,0.597570,0.789216,1.190474,0.188086,0.275630,0.814262,1.628643,1.650880,0.255984,0.591828,1.239503,3.406709,2.758801,0.536538,0.747477,1.138909,2.394533,1.043233,0.657879,0.808799,1.107224,1.783729,1.075489,1.512561,1.198936,4.193631,3.566633,1.365051,0.996628,1.438088,2.447012,3.749349,1.978762,0.922206,1.188031,2.022116,2.317441,1.172250,0.846700,0.999737,2.894811,2.283125,1.395436,0.675378,0.982106
1676060271.890848,1676060271.890946,79.000000,0.000000,4309.102539,4272.563965,4308.846191,4328.717773,4296.922852,4293.717773,4294.358887,4311.025879,4294.230957,4285.000000,4534.358887,4507.051270,4403.077148,4448.333496,2919.000000,4.000000,85.000000,,,,0.000000,4.000000,4.000000,4.000000,4.000000,4.000000,4.000000,4.000000,4.000000,4.000000,4.000000,4.000000,4.000000,4.000000,4.000000,100.000000,,,,,,,,,,,,,,,,,,,,,,,,,,,,,,,,,,,,,,,,,,,,,,,,,,,,,,,,,,,,,,,,,,,,,,,,,,,,,,,,,,,,,,
1676060271.898657,1676060271.898754,80.000000,0.000000,4308.589844,4263.717773,4305.897461,4325.897461,4299.487305,4300.384766,4295.512695,4310.256348,4297.179688,4289.487305,4535.897461,4512.692383,4415.512695,4455.128418,3122.000000,4.000000,85.000000,,,,0.000000,4.000000,4.000000,4.000000,4.000000,4.000000,4.000000,4.000000,4.000000,4.000000,4.000000,4.000000,4.000000,4.000000,4.000000,100.000000,,,,,,,,,,,,,,,,,,,,,,,,,,,,,,,,,,,,,,,,,,,,,,,,,,,,,,,,,,,,,,,,,,,,,,,,,,,,,,,,,,,,,,
1676060271.906465,1676060271.906463,81.000000,0.000000,4317.948730,4266.153809,4312.948730,4333.333496,4303.589844,4308.205078,4300.769043,4316.666504,4302.948730,4306.153809,4547.051270,4520.897461,4432.563965,4465.256348,3246.000000,4.000000,85.000000,,,,0.000000,4.000000,4.000000,4.000000,4.000000,4.000000,4.000000,4.000000,4.000000,4.000000,4.000000,4.000000,4.000000,4.000000,4.000000,100.000000,,,,,,,,,,,,,,,,,,,,,,,,,,,,,,,,,,,,,,,,,,,,,,,,,,,,,,,,,,,,,,,,,,,,,,,,,,,,,,,,,,,,,,
1676060271.914273,1676060271.914371,82.000000,0.000000,4308.589844,4263.717773,4310.384766,4327.051270,4300.769043,4311.538574,4297.179688,4307.436035,4289.871582,4286.153809,4533.974121,4509.230957,4418.846191,4456.282227,2737.000000,4.000000,85.000000,,,,0.000000,4.000000,4.000000,4.000000,4.000000,4.000000,4.000000,4.000000,4.000000,4.000000,4.000000,4.000000,4.000000,4.000000,4.000000,100.000000,,,,,,,,,,,,,,,,,,,,,,,,,,,,,,,,,,,,,,,,,,,,,,,,,,,,,,,,,,,,,,,,,,,,,,,,,,,,,,,,,,,,,,
1676060271.922082,1676060271.922180,83.000000,0.000000,4307.692383,4277.051270,4315.000000,4337.179688,4301.538574,4315.384766,4302.692383,4307.563965,4293.333496,4271.794922,4533.077148,4516.282227,4421.153809,4459.230957,2919.000000,4.000000,85.000000,,,,0.000000,4.000000,4.000000,4.000000,4.000000,4.000000,4.000000,4.000000,4.000000,4.000000,4.000000,4.000000,4.000000,4.000000,4.000000,100.000000,,,,,,,,,,,,,,,,,,,,,,,,,,,,,,,,,,,,,,,,,,,,,,,,,,,,,,,,,,,,,,,,,,,,,,,,,,,,,,,,,,,,,,
1676060271.929890,1676060271.930088,84.000000,0.000000,4317.436035,4281.794922,4318.974121,4343.717773,4300.000000,4314.102539,4305.000000,4312.051270,4300.897461,4281.794922,4532.051270,4520.769043,4426.666504,4460.641113,3122.000000,4.000000,85.000000,,,,0.000000,4.000000,4.000000,4.000000,4.000000,4.000000,4.000000,4.000000,4.000000,4.000000,4.000000,4.000000,4.000000,4.000000,4.000000,100.000000,,,,,,,,,,,,,,,,,,,,,,,,,,,,,,,,,,,,,,,,,,,,,,,,,,,,,,,,,,,,,,,,,,,,,,,,,,,,,,,,,,,,,,
1676060271.937699,1676060271.937896,85.000000,0.000000,4312.179688,4258.205078,4308.205078,4325.128418,4290.512695,4308.205078,4292.307617,4303.461426,4281.794922,4275.769043,4510.897461,4501.153809,4402.820313,4442.436035,3246.000000,4.000000,85.000000,,,,0.000000,4.000000,4.000000,4.000000,4.000000,4.000000,4.000000,4.000000,4.000000,4.000000,4.000000,4.000000,4.000000,4.000000,4.000000,100.000000,,,,,,,,,,,,,,,,,,,,,,,,,,,,,,,,,,,,,,,,,,,,,,,,,,,,,,,,,,,,,,,,,,,,,,,,,,,,,,,,,,,,,,
1676060271.945507,1676060271.945705,86.000000,0.000000,4310.512695,4260.641113,4311.666504,4326.538574,4292.179688,4314.102539,4299.102539,4307.051270,4280.384766,4278.974121,4515.384766,4505.256348,4399.615234,4446.666504,2737.000000,4.000000,85.000000,,,,0.000000,4.000000,4.000000,4.000000,4.000000,4.000000,4.000000,4.000000,4.000000,4.000000,4.000000,4.000000,4.000000,4.000000,4.000000,100.000000,,,,,,,,,,,,,,,,,,,,,,,,,,,,,,,,,,,,,,,,,,,,,,,,,,,,,,,,,,,,,,,,,,,,,,,,,,,,,,,,,,,,,,
1676060271.953315,1676060271.953413,87.000000,0.000000,4329.230957,4291.794922,4334.743652,4350.769043,4310.384766,4333.974121,4325.897461,4329.743652,4312.820313,4309.615234,4551.922852,4536.025879,4435.384766,4475.769043,2919.000000,4.000000,85.000000,,,,0.000000,4.000000,4.000000,4.000000,4.000000,4.000000,4.000000,4.000000,4.000000,4.000000,4.000000,4.000000,4.000000,4.000000,4.000000,100.000000,,,,,,,,,,,,,,,,,,,,,,,,,,,,,,,,,,,,,,,,,,,,,,,,,,,,,,,,,,,,,,,,,,,,,,,,,,,,,,,,,,,,,,
1676060271.961124,1676060271.961222,88.000000,0.000000,4336.794922,4293.589844,4343.461426,4353.205078,4322.307617,4347.307617,4332.820313,4338.846191,4325.512695,4325.769043,4561.666504,4547.179688,4452.051270,4482.820313,3122.000000,4.000000,85.000000,,,,0.000000,4.000000,4.000000,4.000000,4.000000,4.000000,4.000000,4.000000,4.000000,4.000000,4.000000,4.000000,4.000000,4.000000,4.000000,100.000000,,,,,,,,,,,,,,,,,,,,,,,,,,,,,,,,,,,,,,,,,,,,,,,,,,,,,,,,,,,,,,,,,,,,,,,,,,,,,,,,,,,,,,
1676060271.968932,1676060271.968930,89.000000,0.000000,4318.974121,4274.102539,4323.077148,4334.230957,4313.846191,4341.922852,4314.102539,4322.436035,4305.897461,4308.846191,4532.307617,4526.025879,4423.974121,4458.974121,3246.000000,4.000000,85.000000,,,,0.000000,4.000000,4.000000,4.000000,4.000000,4.000000,4.000000,4.000000,4.000000,4.000000,4.000000,4.000000,4.000000,4.000000,4.000000,100.000000,,,,,,,,,,,,,,,,,,,,,,,,,,,,,,,,,,,,,,,,,,,,,,,,,,,,,,,,,,,,,,,,,,,,,,,,,,,,,,,,,,,,,,
1676060271.976740,1676060271.976839,90.000000,0.000000,4298.974121,4275.000000,4300.769043,4325.000000,4301.025879,4333.717773,4297.692383,4303.461426,4290.000000,4286.538574,4502.179688,4494.358887,4389.487305,4432.051270,2737.000000,4.000000,85.000000,,,,0.000000,4.000000,4.000000,4.000000,4.000000,4.000000,4.000000,4.000000,4.000000,4.000000,4.000000,4.000000,4.000000,4.000000,4.000000,100.000000,,,,,,,,,,,,,,,,,,,,,,,,,,,,,,,,,,,,,,,,,,,,,,,,,,,,,,,,,,,,,,,,,,,,,,,,,,,,,,,,,,,,,,
1676060271.984549,1676060271.984647,91.000000,0.000000,4285.256348,4276.666504,4290.000000,4320.641113,4291.025879,4333.846191,4291.153809,4290.512695,4282.179688,4267.179688,4477.436035,4471.922852,4372.948730,4412.948730,2919.000000,4.000000,85.000000,,,,0.000000,4.000000,4.000000,4.000000,4.000000,4.000000,4.000000,4.000000,4.000000,4.000000,4.000000,4.000000,4.000000,4.000000,4.000000,100.000000,,,,,,,,,,,,,,,,,,,,,,,,,,,,,,,,,,,,,,,,,,,,,,,,,,,,,,,,,,,,,,,,,,,,,,,,,,,,,,,,,,,,,,
1676060271.992357,1676060271.992555,92.000000,0.000000,4289.871582,4282.692383,4291.922852,4324.871582,4294.230957,4335.769043,4293.205078,4294.871582,4285.384766,4257.692383,4477.307617,4476.410156,4375.256348,4415.897461,3122.000000,4.000000,85.000000,,,,0.000000,4.000000,4.000000,4.000000,4.000000,4.000000,4.000000,4.000000,4.000000,4.000000,4.000000,4.000000,4.000000,4.000000,4.000000,100.000000,,,,,,,,,,,,,,,,,,,,,,,,,,,,,,,,,,,,,,,,,,,,,,,,,,,,,,,,,,,,,,,,,,,,,,,,,,,,,,,,,,,,,,
1676060272.000166,1676060272.000364,93.000000,0.000000,4308.333496,4313.333496,4307.563965,4343.717773,4305.512695,4335.384766,4301.410156,4316.025879,4303.461426,4277.307617,4503.589844,4496.538574,4386.282227,4435.769043,3246.000000,4.000000,85.000000,,,,0.000000,4.000000,4.000000,4.000000,4.000000,4.000000,4.000000,4.000000,4.000000,4.000000,4.000000,4.000000,4.000000,4.000000,4.000000,100.000000,,,,,,,,,,,,,,,,,,,,,,,,,,,,,,,,,,,,,,,,,,,,,,,,,,,,,,,,,,,,,,,,,,,,,,,,,,,,,,,,,,,,,,
1676060272.007974,1676060272.008272,94.000000,0.000000,4304.102539,4327.948730,4309.487305,4348.974121,4298.205078,4332.051270,4296.410156,4311.538574,4300.256348,4287.051270,4494.487305,4484.230957,4370.256348,4428.077148,2737.000000,4.000000,85.000000,,,,0.000000,4.000000,4.000000,4.000000,4.000000,4.000000,4.000000,4.000000,4.000000,4.000000,4.000000,4.000000,4.000000,4.000000,4.000000,100.000000,,,,,,,,,,,,,,,,,2.910250,1.689966,1.219009,0.423651,0.814477,4.501114,2.078464,1.572188,0.292663,0.783112,2.284462,1.477948,1.240969,0.434394,0.772904,3.843867,2.117646,1.695442,0.320100,0.679314,0.828051,1.265570,1.428176,0.195576,0.455360,0.856879,0.813415,1.095490,0.194294,0.244950,0.906008,1.754006,1.732941,0.282991,0.553069,1.135769,3.538882,2.633182,0.517201,0.714231,1.261560,2.551767,0.982790,0.666157,0.782586,1.202577,2.015731,0.906947,1.497263,1.204927,4.497434,4.291524,1.445745,0.910843,1.416043,2.505867,4.196899,2.024844,0.929090,1.165100,2.316502,3.088286,1.155675,0.708544,1.013785,2.975022,2.500554,1.322543,0.569161,0.951507
1676060272.015782,1676060272.016081,95.000000,0.000000,4304.358887,4338.974121,4308.077148,4349.743652,4299.615234,4341.922852,4297.820313,4297.948730,4289.358887,4278.077148,4464.615234,4470.256348,4349.230957,4418.717773,2919.000000,4.000000,85.000000,,,,0.000000,4.000000,4.000000,4.000000,4.000000,4.000000,4.000000,4.000000,4.000000,4.000000,4.000000,4.000000,4.000000,4.000000,4.000000,100.000000,,,,,,,,,,,,,,,,,,,,,,,,,,,,,,,,,,,,,,,,,,,,,,,,,,,,,,,,,,,,,,,,,,,,,,,,,,,,,,,,,,,,,,
1676060272.023591,1676060272.023989,96.000000,0.000000,4329.487305,4371.025879,4330.769043,4370.128418,4323.333496,4355.384766,4317.436035,4314.487305,4302.179688,4285.128418,4476.794922,4500.256348,4361.538574,4443.589844,3122.000000,4.000000,85.000000,,,,0.000000,4.000000,4.000000,4.000000,4.000000,4.000000,4.000000,4.000000,4.000000,4.000000,4.000000,4.000000,4.000000,4.000000,4.000000,100.000000,,,,,,,,,,,,,,,,,,,,,,,,,,,,,,,,,,,,,,,,,,,,,,,,,,,,,,,,,,,,,,,,,,,,,,,,,,,,,,,,,,,,,,
1676060272.031399,1676060272.031797,97.000000,0.000000,4322.820313,4367.563965,4335.641113,4369.102539,4317.307617,4342.051270,4312.436035,4316.410156,4299.487305,4284.743652,4482.436035,4505.256348,4358.589844,4440.128418,3246.000000,4.000000,85.000000,,,,0.000000,4.000000,4.000000,4.000000,4.000000,4.000000,4.000000,4.000000,4.000000,4.000000,4.000000,4.000000,4.000000,4.000000,4.000000,100.000000,,,,,,,,,,,,,,,,,,,,,,,,,,,,,,,,,,,,,,,,,,,,,,,,,,,,,,,,,,,,,,,,,,,,,,,,,,,,,,,,,,,,,,
1676060272.039208,1676060272.039706,98.000000,0.000000,4292.948730,4330.512695,4309.871582,4339.230957,4290.641113,4321.410156,4288.077148,4286.922852,4273.333496,4256.794922,4444.743652,4463.974121,4327.307617,4399.743652,2737.000000,4.000000,85.000000,,,,0.000000,4.000000,4.000000,4.000000,4.000000,4.000000,4.000000,4.000000,4.000000,4.000000,4.000000,4.000000,4.000000,4.000000,4.000000,100.000000,,,,,,,,,,,,,,,,,,,,,,,,,,,,,,,,,,,,,,,,,,,,,,,,,,,,,,,,,,,,,,,,,,,,,,,,,,,,,,,,,,,,,,
1676060272.047016,1676060272.047614,99.000000,0.000000,4306.666504,4337.563965,4311.666504,4344.487305,4301.410156,4337.692383,4298.589844,4288.846191,4279.230957,4255.128418,4445.769043,4466.410156,4337.307617,4405.512695,2919.000000,4.000000,85.000000,,,,0.000000,4.000000,4.000000,4.000000,4.000000,4.000000,4.000000,4.000000,4.000000,4.000000,4.000000,4.000000,4.000000,4.000000,4.000000,100.000000,,,,,,,,,,,,,,,,,,,,,,,,,,,,,,,,,,,,,,,,,,,,,,,,,,,,,,,,,,,,,,,,,,,,,,,,,,,,,,,,,,,,,,
1676060272.054824,1676060272.055423,100.000000,0.000000,4325.641113,4362.692383,4326.282227,4367.563965,4322.563965,4362.820313,4318.205078,4310.512695,4305.384766,4286.282227,4474.487305,4493.333496,4364.102539,4432.563965,3122.000000,4.000000,85.000000,,,,0.000000,4.000000,4.000000,4.000000,4.000000,4.000000,4.000000,4.000000,4.000000,4.000000,4.000000,4.000000,4.000000,4.000000,4.000000,100.000000,,,,,,,,,,,,,,,,,,,,,,,,,,,,,,,,,,,,,,,,,,,,,,,,,,,,,,,,,,,,,,,,,,,,,,,,,,,,,,,,,,,,,,
1676060272.062633,1676060272.063231,101.000000,0.000000,4305.769043,4349.871582,4308.717773,4357.179688,4311.922852,4353.077148,4304.230957,4301.666504,4302.436035,4290.128418,4459.102539,4474.102539,4343.333496,4412.051270,3246.000000,4.000000,85.000000,,,,0.000000,4.000000,4.000000,4.000000,4.000000,4.000000,4.000000,4.000000,4.000000,4.000000,4.000000,4.000000,4.000000,4.000000,4.000000,100.000000,,,,,,,,,,,,,,,,,,,,,,,,,,,,,,,,,,,,,,,,,,,,,,,,,,,,,,,,,,,,,,,,,,,,,,,,,,,,,,,,,,,,,,
1676060272.070441,1676060272.070940,102.000000,0.000000,4286.666504,4330.641113,4286.666504,4335.512695,4296.153809,4338.846191,4287.179688,4284.615234,4280.641113,4264.743652,4432.563965,4448.205078,4319.102539,4385.897461,2737.000000,4.000000,85.000000,,,,0.000000,4.000000,4.000000,4.000000,4.000000,4.000000,4.000000,4.000000,4.000000,4.000000,4.000000,4.000000,4.000000,4.000000,4.000000,100.000000,,,,,,,,,,,,,,,,,,,,,,,,,,,,,,,,,,,,,,,,,,,,,,,,,,,,,,,,,,,,,,,,,,,,,,,,,,,,,,,,,,,,,,
1676060272.078250,1676060272.078748,103.000000,0.000000,4286.794922,4323.974121,4282.179688,4328.717773,4292.307617,4342.179688,4289.743652,4287.051270,4277.307617,4257.563965,4438.077148,4452.179688,4331.410156,4390.384766,2919.000000,4.000000,85.000000,,,,0.000000,4.000000,4.000000,4.000000,4.000000,4.000000,4.000000,4.000000,4.000000,4.000000,4.000000,4.000000,4.000000,4.000000,4.000000,100.000000,,,,,,,,,,,,,,,,,,,,,,,,,,,,,,,,,,,,,,,,,,,,,,,,,,,,,,,,,,,,,,,,,,,,,,,,,,,,,,,,,,,,,,
1676060272.086058,1676060272.086457,104.000000,0.000000,4292.307617,4321.282227,4284.871582,4327.563965,4294.743652,4344.487305,4295.000000,4297.179688,4292.820313,4276.794922,4453.846191,4465.769043,4345.000000,4398.974121,3122.000000,4.000000,85.000000,,,,0.000000,4.000000,4.000000,4.000000,4.000000,4.000000,4.000000,4.000000,4.000000,4.000000,4.000000,4.000000,4.000000,4.000000,4.000000,100.000000,,,,,,,,,,,,,,,,,,,,,,,,,,,,,,,,,,,,,,,,,,,,,,,,,,,,,,,,,,,,,,,,,,,,,,,,,,,,,,,,,,,,,,
1676060272.093866,1676060272.094265,105.000000,0.000000,4293.077148,4320.128418,4290.128418,4324.615234,4293.461426,4343.717773,4293.461426,4300.256348,4300.641113,4285.641113,4461.538574,4472.692383,4346.922852,4404.102539,3246.000000,4.000000,85.000000,,,,0.000000,4.000000,4.000000,4.000000,4.000000,4.000000,4.000000,4.000000,4.000000,4.000000,4.000000,4.000000,4.000000,4.000000,4.000000,100.000000,,,,,,,,,,,,,,,,,,,,,,,,,,,,,,,,,,,,,,,,,,,,,,,,,,,,,,,,,,,,,,,,,,,,,,,,,,,,,,,,,,,,,,
1676060272.101675,1676060272.101974,106.000000,0.000000,4292.307617,4326.538574,4297.051270,4329.871582,4294.871582,4344.358887,4295.128418,4300.256348,4295.384766,4283.461426,4472.179688,4475.000000,4359.743652,4418.461426,2737.000000,4.000000,85.000000,,,,0.000000,4.000000,4.000000,4.000000,4.000000,4.000000,4.000000,4.000000,4.000000,4.000000,4.000000,4.000000,4.000000,4.000000,4.000000,100.000000,,,,,,,,,,,,,,,,,,,,,,,,,,,,,,,,,,,,,,,,,,,,,,,,,,,,,,,,,,,,,,,,,,,,,,,,,,,,,,,,,,,,,,
1676060272.109483,1676060272.109782,107.000000,0.000000,4307.051270,4345.512695,4308.077148,4347.307617,4307.436035,4346.538574,4308.077148,4309.358887,4297.820313,4294.871582,4484.487305,4486.794922,4380.000000,4434.615234,2919.000000,4.000000,85.000000,,,,0.000000,4.000000,4.000000,4.000000,4.000000,4.000000,4.000000,4.000000,4.000000,4.000000,4.000000,4.000000,4.000000,4.000000,4.000000,100.000000,,,,,,,,,,,,,,,,,,,,,,,,,,,,,,,,,,,,,,,,,,,,,,,,,,,,,,,,,,,,,,,,,,,,,,,,,,,,,,,,,,,,,,
1676060272.117291,1676060272.117491,108.000000,0.000000,4317.692383,4352.948730,4313.974121,4353.717773,4312.563965,4354.358887,4311.538574,4310.000000,4296.538574,4287.563965,4476.666504,4490.641113,4370.384766,4426.538574,3122.000000,4.000000,85.000000,,,,0.000000,4.000000,4.000000,4.000000,4.000000,4.000000,4.000000,4.000000,4.000000,4.000000,4.000000,4.000000,4.000000,4.000000,4.000000,100.000000,,,,,,,,,,,,,,,,,,,,,,,,,,,,,,,,,,,,,,,,,,,,,,,,,,,,,,,,,,,,,,,,,,,,,,,,,,,,,,,,,,,,,,
1676060272.125100,1676060272.125299,109.000000,0.000000,4309.102539,4343.589844,4308.205078,4344.487305,4304.487305,4355.769043,4299.358887,4293.717773,4282.436035,4264.871582,4461.410156,4476.282227,4347.179688,4413.077148,3246.000000,4.000000,85.000000,,,,0.000000,4.000000,4.000000,4.000000,4.000000,4.000000,4.000000,4.000000,4.000000,4.000000,4.000000,4.000000,4.000000,4.000000,4.000000,100.000000,,,,,,,,,,,,,,,,,,,,,,,,,,,,,,,,,,,,,,,,,,,,,,,,,,,,,,,,,,,,,,,,,,,,,,,,,,,,,,,,,,,,,,
1676060272.132908,1676060272.133008,110.000000,0.000000,4309.615234,4342.436035,4310.769043,4346.922852,4305.897461,4362.179688,4301.538574,4292.307617,4285.256348,4276.666504,4468.974121,4478.846191,4352.692383,4425.769043,2737.000000,4.000000,85.000000,,,,0.000000,4.000000,4.000000,4.000000,4.000000,4.000000,4.000000,4.000000,4.000000,4.000000,4.000000,4.000000,4.000000,4.000000,4.000000,100.000000,,,,,,,,,,,,,,,,,2.885318,1.702583,1.243326,0.421539,0.812935,5.141806,2.275400,1.725052,0.363456,0.784175,2.531245,1.519247,1.515530,0.494151,0.796491,3.791165,2.095258,1.750098,0.400371,0.700165,0.931792,1.119306,1.309855,0.264911,0.430570,1.135044,0.775969,0.971799,0.241074,0.236510,1.043526,1.720377,1.859000,0.345529,0.522115,1.142947,3.376370,2.668149,0.534246,0.673106,1.386373,2.518889,1.033218,0.706535,0.730739,1.333394,2.105553,0.973357,1.440386,1.166429,5.907964,4.922575,1.740161,0.874837,1.354613,2.790253,4.265655,2.282288,0.963454,1.133616,2.749077,3.684586,1.395626,0.628332,1.017388,3.235625,2.611002,1.469777,0.520696,0.938232
1676060272.140717,1676060272.140816,111.000000,0.000000,4317.179688,4345.256348,4315.641113,4351.666504,4311.794922,4416.410156,4312.820313,4301.153809,4297.307617,4292.820313,4480.641113,4490.384766,4367.307617,4432.436035,2919.000000,4.000000,85.000000,,,,0.000000,4.000000,4.000000,4.000000,4.000000,4.000000,4.000000,4.000000,4.000000,4.000000,4.000000,4.000000,4.000000,4.000000,4.000000,100.000000,,,,,,,,,,,,,,,,,,,,,,,,,,,,,,,,,,,,,,,,,,,,,,,,,,,,,,,,,,,,,,,,,,,,,,,,,,,,,,,,,,,,,,
1676060272.148525,1676060272.148525,112.000000,0.000000,4311.025879,4343.461426,4308.333496,4345.128418,4309.743652,4483.717773,4310.000000,4294.102539,4293.589844,4273.717773,4474.871582,4477.948730,4360.384766,4419.102539,3122.000000,4.000000,85.000000,,,,0.000000,4.000000,4.000000,4.000000,4.000000,4.000000,4.000000,4.000000,4.000000,4.000000,4.000000,4.000000,4.000000,4.000000,4.000000,100.000000,,,,,,,,,,,,,,,,,,,,,,,,,,,,,,,,,,,,,,,,,,,,,,,,,,,,,,,,,,,,,,,,,,,,,,,,,,,,,,,,,,,,,,
1676060272.156333,1676060272.156333,113.000000,0.000000,4310.769043,4353.717773,4309.487305,4352.948730,4316.025879,4494.743652,4309.871582,4297.948730,4292.692383,4266.282227,4474.230957,4475.128418,4349.871582,4419.871582,3246.000000,4.000000,85.000000,,,,0.000000,4.000000,4.000000,4.000000,4.000000,4.000000,4.000000,4.000000,4.000000,4.000000,4.000000,4.000000,4.000000,4.000000,4.000000,100.000000,,,,,,,,,,,,,,,,,,,,,,,,,,,,,,,,,,,,,,,,,,,,,,,,,,,,,,,,,,,,,,,,,,,,,,,,,,,,,,,,,,,,,,
1676060272.164142,1676060272.164042,114.000000,0.000000,4309.230957,4357.563965,4307.948730,4356.538574,4320.641113,4465.769043,4302.820313,4302.820313,4290.641113,4273.974121,4464.487305,4474.487305,4336.794922,4415.512695,2737.000000,4.000000,85.000000,,,,0.000000,4.000000,4.000000,4.000000,4.000000,4.000000,4.000000,4.000000,4.000000,4.000000,4.000000,4.000000,4.000000,4.000000,4.000000,100.000000,,,,,,,,,,,,,,,,,,,,,,,,,,,,,,,,,,,,,,,,,,,,,,,,,,,,,,,,,,,,,,,,,,,,,,,,,,,,,,,,,,,,,,
1676060272.171950,1676060272.171950,115.000000,0.000000,4293.077148,4340.384766,4291.410156,4336.538574,4309.230957,4448.846191,4282.307617,4282.692383,4273.846191,4262.820313,4435.769043,4443.974121,4311.538574,4386.282227,2919.000000,4.000000,85.000000,,,,0.000000,4.000000,4.000000,4.000000,4.000000,4.000000,4.000000,4.000000,4.000000,4.000000,4.000000,4.000000,4.000000,4.000000,4.000000,100.000000,,,,,,,,,,,,,,,,,,,,,,,,,,,,,,,,,,,,,,,,,,,,,,,,,,,,,,,,,,,,,,,,,,,,,,,,,,,,,,,,,,,,,,
1676060272.179758,1676060272.179758,116.000000,0.000000,4296.025879,4338.077148,4297.692383,4335.000000,4306.538574,4448.333496,4290.897461,4287.563965,4282.820313,4265.256348,4446.282227,4444.615234,4317.051270,4386.666504,3122.000000,4.000000,85.000000,,,,0.000000,4.000000,4.000000,4.000000,4.000000,4.000000,4.000000,4.000000,4.000000,4.000000,4.000000,4.000000,4.000000,4.000000,4.000000,100.000000,,,,,,,,,,,,,,,,,,,,,,,,,,,,,,,,,,,,,,,,,,,,,,,,,,,,,,,,,,,,,,,,,,,,,,,,,,,,,,,,,,,,,,
1676060272.187567,1676060272.187667,117.000000,0.000000,4319.871582,4356.025879,4325.128418,4352.948730,4315.512695,4445.512695,4316.794922,4316.282227,4308.205078,4285.769043,4485.128418,4482.692383,4346.666504,4420.256348,3246.000000,4.000000,85.000000,,,,0.000000,4.000000,4.000000,4.000000,4.000000,4.000000,4.000000,4.000000,4.000000,4.000000,4.000000,4.000000,4.000000,4.000000,4.000000,100.000000,,,,,,,,,,,,,,,,,,,,,,,,,,,,,,,,,,,,,,,,,,,,,,,,,,,,,,,,,,,,,,,,,,,,,,,,,,,,,,,,,,,,,,
1676060272.195375,1676060272.195475,118.000000,0.000000,4337.692383,4375.256348,4344.102539,4365.769043,4323.717773,4445.641113,4324.358887,4320.384766,4307.820313,4290.384766,4499.102539,4498.974121,4355.512695,4442.948730,2737.000000,4.000000,85.000000,,,,0.000000,4.000000,4.000000,4.000000,4.000000,4.000000,4.000000,4.000000,4.000000,4.000000,4.000000,4.000000,4.000000,4.000000,4.000000,100.000000,,,,,,,,,,,,,,,,,,,,,,,,,,,,,,,,,,,,,,,,,,,,,,,,,,,,,,,,,,,,,,,,,,,,,,,,,,,,,,,,,,,,,,
1676060272.203184,1676060272.203383,119.000000,0.000000,4341.282227,4379.487305,4347.563965,4369.743652,4323.333496,4443.846191,4321.153809,4311.025879,4294.615234,4278.974121,4490.897461,4491.538574,4344.230957,4442.051270,2919.000000,4.000000,85.000000,,,,0.000000,4.000000,4.000000,4.000000,4.000000,4.000000,4.000000,4.000000,4.000000,4.000000,4.000000,4.000000,4.000000,4.000000,4.000000,100.000000,,,,,,,,,,,,,,,,,,,,,,,,,,,,,,,,,,,,,,,,,,,,,,,,,,,,,,,,,,,,,,,,,,,,,,,,,,,,,,,,,,,,,,
1676060272.210992,1676060272.211192,120.000000,0.000000,4315.128418,4351.666504,4315.384766,4342.179688,4298.717773,4419.102539,4297.051270,4286.666504,4270.256348,4247.948730,4451.922852,4455.769043,4306.025879,4405.128418,3122.000000,4.000000,85.000000,,,,0.000000,4.000000,4.000000,4.000000,4.000000,4.000000,4.000000,4.000000,4.000000,4.000000,4.000000,4.000000,4.000000,4.000000,4.000000,100.000000,,,,,,,,,,,,,,,,,,,,,,,,,,,,,,,,,,,,,,,,,,,,,,,,,,,,,,,,,,,,,,,,,,,,,,,,,,,,,,,,,,,,,,
1676060272.218800,1676060272.219100,121.000000,0.000000,4300.384766,4338.205078,4293.205078,4322.436035,4287.692383,4407.179688,4284.615234,4266.666504,4257.563965,4236.153809,4426.666504,4433.846191,4280.641113,4383.974121,3246.000000,4.000000,85.000000,,,,0.000000,4.000000,4.000000,4.000000,4.000000,4.000000,4.000000,4.000000,4.000000,4.000000,4.000000,4.000000,4.000000,4.000000,4.000000,100.000000,,,,,,,,,,,,,,,,,,,,,,,,,,,,,,,,,,,,,,,,,,,,,,,,,,,,,,,,,,,,,,,,,,,,,,,,,,,,,,,,,,,,,,
1676060272.226609,1676060272.226909,122.000000,0.000000,4346.025879,4382.563965,4341.282227,4365.256348,4321.153809,4434.487305,4324.615234,4307.563965,4297.436035,4283.717773,4489.102539,4492.051270,4327.307617,4436.922852,2737.000000,4.000000,85.000000,,,,0.000000,4.000000,4.000000,4.000000,4.000000,4.000000,4.000000,4.000000,4.000000,4.000000,4.000000,4.000000,4.000000,4.000000,4.000000,100.000000,,,,,,,,,,,,,,,,,,,,,,,,,,,,,,,,,,,,,,,,,,,,,,,,,,,,,,,,,,,,,,,,,,,,,,,,,,,,,,,,,,,,,,
1676060272.234417,1676060272.234617,123.000000,0.000000,4386.538574,4413.077148,4381.153809,4400.641113,4338.205078,4439.615234,4348.205078,4348.974121,4334.871582,4310.897461,4563.589844,4544.871582,4383.589844,4490.384766,2919.000000,4.000000,85.000000,,,,0.000000,4.000000,4.000000,4.000000,4.000000,4.000000,4.000000,4.000000,4.000000,4.000000,4.000000,4.000000,4.000000,4.000000,4.000000,100.000000,,,,,,,,,,,,,,,,,,,,,,,,,,,,,,,,,,,,,,,,,,,,,,,,,,,,,,,,,,,,,,,,,,,,,,,,,,,,,,,,,,,,,,
1676060272.242226,1676060272.242426,124.000000,0.000000,4353.205078,4374.487305,4345.384766,4363.717773,4311.410156,4407.307617,4310.128418,4313.846191,4306.410156,4268.974121,4538.205078,4500.512695,4356.153809,4459.871582,3122.000000,4.000000,85.000000,,,,0.000000,4.000000,4.000000,4.000000,4.000000,4.000000,4.000000,4.000000,4.000000,4.000000,4.000000,4.000000,4.000000,4.000000,4.000000,100.000000,,,,,,,,,,,,,,,,,,,,,,,,,,,,,,,,,,,,,,,,,,,,,,,,,,,,,,,,,,,,,,,,,,,,,,,,,,,,,,,,,,,,,,
1676060272.250034,1676060272.250134,125.000000,0.000000,4318.846191,4343.589844,4315.384766,4335.512695,4298.333496,4400.769043,4289.102539,4279.230957,4272.307617,4251.153809,4491.153809,4456.794922,4315.512695,4417.436035,3246.000000,4.000000,85.000000,,,,0.000000,4.000000,4.000000,4.000000,4.000000,4.000000,4.000000,4.000000,4.000000,4.000000,4.000000,4.000000,4.000000,4.000000,4.000000,100.000000,,,,,,,,,,,,,,,,,,,,,,,,,,,,,,,,,,,,,,,,,,,,,,,,,,,,,,,,,,,,,,,,,,,,,,,,,,,,,,,,,,,,,,
1676060272.257842,1676060272.257943,126.000000,0.000000,4343.333496,4362.820313,4336.410156,4360.384766,4315.512695,4416.794922,4313.077148,4302.692383,4292.436035,4291.666504,4520.256348,4482.948730,4341.025879,4438.333496,2737.000000,4.000000,85.000000,,,,0.000000,4.000000,4.000000,4.000000,4.000000,4.000000,4.000000,4.000000,4.000000,4.000000,4.000000,4.000000,4.000000,4.000000,4.000000,100.000000,,,,,,,,,,,,,,,,,2.852047,1.723977,1.388629,0.438990,0.801857,5.399923,2.387789,2.026471,0.487819,0.774575,2.799976,1.538293,1.947784,0.575956,0.811094,3.552211,1.990364,1.991704,0.521776,0.704463,1.033561,0.966392,1.255035,0.351139,0.397966,1.415623,0.703078,0.850243,0.309619,0.244729,1.191149,1.559839,1.992673,0.422105,0.503512,1.197853,3.021163,2.798298,0.565985,0.628636,1.476919,2.314942,1.185758,0.750950,0.665571,1.481223,2.074120,1.312609,1.360259,1.077408,8.356833,5.388565,2.210118,0.890623,1.271832,3.148710,3.999640,2.687433,1.002240,1.099596,3.378557,4.039419,1.875453,0.615991,1.012123,3.662913,2.638648,1.831208,0.526874,0.942175
1676060272.265651,1676060272.265651,127.000000,0.000000,4363.077148,4370.641113,4347.948730,4370.000000,4323.461426,4418.974121,4327.179688,4327.307617,4321.025879,4309.358887,4568.846191,4505.641113,4371.794922,4469.871582,85.000000,4.000000,85.000000,,,,0.000000,4.000000,4.000000,4.000000,4.000000,4.000000,4.000000,4.000000,4.000000,4.000000,4.000000,4.000000,4.000000,4.000000,4.000000,100.000000,,,,,,,,,,,,,,,,,,,,,,,,,,,,,,,,,,,,,,,,,,,,,,,,,,,,,,,,,,,,,,,,,,,,,,,,,,,,,,,,,,,,,,
1676060272.273459,1676060272.273460,0.000000,0.000000,4345.641113,4350.512695,4333.205078,4345.128418,4316.282227,4412.948730,4317.179688,4317.820313,4310.384766,4285.641113,4582.948730,4489.487305,4362.692383,4461.922852,2531.000000,4.000000,85.000000,,,,0.000000,4.000000,4.000000,4.000000,4.000000,4.000000,4.000000,4.000000,4.000000,4.000000,4.000000,4.000000,4.000000,4.000000,4.000000,100.000000,,,,,,,,,,,,,,,,,,,,,,,,,,,,,,,,,,,,,,,,,,,,,,,,,,,,,,,,,,,,,,,,,,,,,,,,,,,,,,,,,,,,,,
1676060272.281268,1676060272.281168,1.000000,0.000000,4334.871582,4344.230957,4318.717773,4332.563965,4305.512695,4403.461426,4309.743652,4297.820313,4282.948730,4266.282227,4589.487305,4472.692383,4347.692383,4440.384766,2468.000000,4.000000,85.000000,,,,0.000000,4.000000,4.000000,4.000000,4.000000,4.000000,4.000000,4.000000,4.000000,4.000000,4.000000,4.000000,4.000000,4.000000,4.000000,100.000000,,,,,,,,,,,,,,,,,,,,,,,,,,,,,,,,,,,,,,,,,,,,,,,,,,,,,,,,,,,,,,,,,,,,,,,,,,,,,,,,,,,,,,
1676060272.289076,1676060272.288977,2.000000,0.000000,4339.358887,4351.922852,4312.563965,4343.333496,4300.384766,4394.743652,4308.846191,4293.205078,4278.461426,4264.230957,4615.641113,4473.974121,4342.948730,4436.794922,2401.000000,4.000000,85.000000,,,,0.000000,4.000000,4.000000,4.000000,4.000000,4.000000,4.000000,4.000000,4.000000,4.000000,4.000000,4.000000,4.000000,4.000000,4.000000,100.000000,,,,,,,,,,,,,,,,,,,,,,,,,,,,,,,,,,,,,,,,,,,,,,,,,,,,,,,,,,,,,,,,,,,,,,,,,,,,,,,,,,,,,,
1676060272.296884,1676060272.296685,3.000000,0.000000,4334.871582,4351.410156,4311.922852,4344.615234,4302.436035,4390.256348,4300.128418,4292.948730,4281.794922,4259.487305,4638.333496,4469.358887,4329.487305,4435.000000,2461.000000,4.000000,85.000000,,,,0.000000,4.000000,4.000000,4.000000,4.000000,4.000000,4.000000,4.000000,4.000000,4.000000,4.000000,4.000000,4.000000,4.000000,4.000000,100.000000,,,,,,,,,,,,,,,,,,,,,,,,,,,,,,,,,,,,,,,,,,,,,,,,,,,,,,,,,,,,,,,,,,,,,,,,,,,,,,,,,,,,,,
1676060272.304693,1676060272.304494,4.000000,0.000000,4336.922852,4362.563965,4320.256348,4342.307617,4306.538574,4384.102539,4298.717773,4290.000000,4281.794922,4255.256348,4646.282227,4462.179688,4317.948730,4429.743652,2423.000000,4.000000,85.000000,,,,0.000000,4.000000,4.000000,4.000000,4.000000,4.000000,4.000000,4.000000,4.000000,4.000000,4.000000,4.000000,4.000000,4.000000,4.000000,100.000000,,,,,,,,,,,,,,,,,,,,,,,,,,,,,,,,,,,,,,,,,,,,,,,,,,,,,,,,,,,,,,,,,,,,,,,,,,,,,,,,,,,,,,
1676060272.312501,1676060272.312202,5.000000,0.000000,4354.743652,4378.205078,4331.922852,4352.563965,4308.205078,4378.205078,4311.282227,4300.256348,4295.384766,4270.384766,4658.717773,4475.641113,4329.743652,4442.051270,2349.000000,4.000000,85.000000,,,,0.000000,4.000000,4.000000,4.000000,4.000000,4.000000,4.000000,4.000000,4.000000,4.000000,4.000000,4.000000,4.000000,4.000000,4.000000,100.000000,,,,,,,,,,,,,,,,,,,,,,,,,,,,,,,,,,,,,,,,,,,,,,,,,,,,,,,,,,,,,,,,,,,,,,,,,,,,,,,,,,,,,,
1676060272.320310,1676060272.320011,6.000000,0.000000,4367.436035,4373.717773,4340.128418,4360.384766,4311.410156,4377.051270,4317.692383,4316.538574,4310.512695,4293.205078,4679.358887,4498.205078,4352.436035,4466.282227,2226.000000,4.000000,85.000000,,,,0.000000,4.000000,4.000000,4.000000,4.000000,4.000000,4.000000,4.000000,4.000000,4.000000,4.000000,4.000000,4.000000,4.000000,4.000000,100.000000,,,,,,,,,,,,,,,,,,,,,,,,,,,,,,,,,,,,,,,,,,,,,,,,,,,,,,,,,,,,,,,,,,,,,,,,,,,,,,,,,,,,,,
1676060272.328118,1676060272.327719,7.000000,0.000000,4367.948730,4365.512695,4341.922852,4358.717773,4313.205078,4372.692383,4313.846191,4311.922852,4305.512695,4293.846191,4684.230957,4501.922852,4361.410156,4477.820313,2224.000000,4.000000,85.000000,,,,0.000000,4.000000,4.000000,4.000000,4.000000,4.000000,4.000000,4.000000,4.000000,4.000000,4.000000,4.000000,4.000000,4.000000,4.000000,100.000000,,,,,,,,,,,,,,,,,,,,,,,,,,,,,,,,,,,,,,,,,,,,,,,,,,,,,,,,,,,,,,,,,,,,,,,,,,,,,,,,,,,,,,
1676060272.335926,1676060272.335528,8.000000,0.000000,4356.794922,4361.794922,4328.589844,4349.102539,4301.153809,4358.846191,4302.307617,4284.615234,4283.333496,4263.077148,4657.820313,4477.948730,4340.512695,4461.538574,2271.000000,4.000000,85.000000,,,,0.000000,4.000000,4.000000,4.000000,4.000000,4.000000,4.000000,4.000000,4.000000,4.000000,4.000000,4.000000,4.000000,4.000000,4.000000,100.000000,,,,,,,,,,,,,,,,,,,,,,,,,,,,,,,,,,,,,,,,,,,,,,,,,,,,,,,,,,,,,,,,,,,,,,,,,,,,,,,,,,,,,,
1676060272.343735,1676060272.343236,9.000000,0.000000,4356.282227,4363.333496,4322.051270,4349.358887,4298.205078,4355.128418,4299.102539,4277.948730,4278.205078,4246.666504,4644.615234,4467.563965,4317.692383,4444.102539,2236.000000,4.000000,85.000000,,,,0.000000,4.000000,4.000000,4.000000,4.000000,4.000000,4.000000,4.000000,4.000000,4.000000,4.000000,4.000000,4.000000,4.000000,4.000000,100.000000,,,,,,,,,,,,,,,,,,,,,,,,,,,,,,,,,,,,,,,,,,,,,,,,,,,,,,,,,,,,,,,,,,,,,,,,,,,,,,,,,,,,,,
1676060272.351543,1676060272.351145,10.000000,0.000000,4376.794922,4377.179688,4343.205078,4369.102539,4316.282227,4364.102539,4317.051270,4307.307617,4303.333496,4277.820313,4676.410156,4497.820313,4337.948730,4462.948730,2722.000000,4.000000,85.000000,,,,0.000000,4.000000,4.000000,4.000000,4.000000,4.000000,4.000000,4.000000,4.000000,4.000000,4.000000,4.000000,4.000000,4.000000,4.000000,100.000000,,,,,,,,,,,,,,,,,,,,,,,,,,,,,,,,,,,,,,,,,,,,,,,,,,,,,,,,,,,,,,,,,,,,,,,,,,,,,,,,,,,,,,
1676060272.359351,1676060272.358953,11.000000,0.000000,4392.307617,4388.077148,4359.743652,4380.769043,4321.666504,4360.897461,4328.077148,4322.307617,4312.820313,4305.000000,4702.307617,4520.000000,4373.717773,4495.256348,2902.000000,4.000000,85.000000,,,,0.000000,4.000000,4.000000,4.000000,4.000000,4.000000,4.000000,4.000000,4.000000,4.000000,4.000000,4.000000,4.000000,4.000000,4.000000,100.000000,,,,,,,,,,,,,,,,,,,,,,,,,,,,,,,,,,,,,,,,,,,,,,,,,,,,,,,,,,,,,,,,,,,,,,,,,,,,,,,,,,,,,,
1676060272.367160,1676060272.366861,12.000000,0.000000,4383.846191,4377.436035,4343.461426,4365.384766,4308.333496,4343.717773,4308.333496,4299.615234,4286.153809,4283.717773,4676.153809,4491.922852,4359.487305,4485.128418,3107.000000,4.000000,85.000000,,,,0.000000,4.000000,4.000000,4.000000,4.000000,4.000000,4.000000,4.000000,4.000000,4.000000,4.000000,4.000000,4.000000,4.000000,4.000000,100.000000,,,,,,,,,,,,,,,,,,,,,,,,,,,,,,,,,,,,,,,,,,,,,,,,,,,,,,,,,,,,,,,,,,,,,,,,,,,,,,,,,,,,,,
1676060272.374968,1676060272.374770,13.000000,0.000000,4367.051270,4364.102539,4319.871582,4347.948730,4304.487305,4333.974121,4291.153809,4282.179688,4268.717773,4256.025879,4634.871582,4460.769043,4320.000000,4451.922852,3226.000000,4.000000,85.000000,,,,0.000000,4.000000,4.000000,4.000000,4.000000,4.000000,4.000000,4.000000,4.000000,4.000000,4.000000,4.000000,4.000000,4.000000,4.000000,100.000000,,,,,,,,,,,,,,,,,,,,,,,,,,,,,,,,,,,,,,,,,,,,,,,,,,,,,,,,,,,,,,,,,,,,,,,,,,,,,,,,,,,,,,
1676060272.382776,1676060272.382578,14.000000,0.000000,4371.410156,4371.025879,4325.897461,4353.461426,4311.538574,4337.820313,4305.000000,4293.461426,4280.000000,4264.487305,4634.102539,4473.333496,4323.461426,4455.641113,2722.000000,4.000000,85.000000,,,,0.000000,4.000000,4.000000,4.000000,4.000000,4.000000,4.000000,4.000000,4.000000,4.000000,4.000000,4.000000,4.000000,4.000000,4.000000,100.000000,1.000000,58.333332,4.000000,4.000000,3.000000,4.000000,4.000000,3.000000,4.000000,4.000000,4.000000,3.000000,1.000000,3.000000,3.000000,3.000000,2.805116,1.771996,1.620449,0.488179,0.795950,5.386629,2.434373,2.414334,0.662052,0.765110,2.942239,1.568341,2.443252,0.676214,0.820943,3.133542,1.815214,2.365975,0.677479,0.699860,1.094773,0.820595,1.275780,0.437554,0.366443,2.037560,0.740659,0.773740,0.402694,0.267714,1.296243,1.337686,2.066822,0.503938,0.501982,1.172212,2.607082,2.891690,0.607645,0.594606,1.504655,2.017973,1.364946,0.796641,0.611390,1.642472,2.002163,1.847703,1.310522,0.968171,11.172265,5.644042,2.723972,0.995492,1.206772,3.383427,3.555146,3.109000,1.045728,1.085772,4.370579,4.202122,2.456429,0.699563,1.020740,4.184330,2.655666,2.299460,0.602349,0.970673
1676060272.390585,1676060272.390387,15.000000,0.000000,4374.615234,4368.461426,4335.128418,4354.358887,4306.153809,4338.205078,4314.615234,4300.641113,4284.358887,4266.025879,4642.563965,4481.410156,4331.410156,4465.769043,2902.000000,4.000000,85.000000,,,,0.000000,4.000000,4.000000,4.000000,4.000000,4.000000,4.000000,4.000000,4.000000,4.000000,4.000000,4.000000,4.000000,4.000000,4.000000,100.000000,,,,,,,,,,,,,,,,,,,,,,,,,,,,,,,,,,,,,,,,,,,,,,,,,,,,,,,,,,,,,,,,,,,,,,,,,,,,,,,,,,,,,,
1676060272.398393,1676060272.398295,16.000000,0.000000,4358.846191,4346.922852,4317.436035,4337.307617,4293.461426,4329.230957,4298.717773,4290.641113,4273.846191,4244.615234,4623.717773,4459.102539,4304.871582,4443.205078,0.000000,4.000000,85.000000,,,,0.000000,4.000000,4.000000,4.000000,4.000000,4.000000,4.000000,4.000000,4.000000,4.000000,4.000000,4.000000,4.000000,4.000000,4.000000,100.000000,,,,,,,,,,,,,,,,,,,,,,,,,,,,,,,,,,,,,,,,,,,,,,,,,,,,,,,,,,,,,,,,,,,,,,,,,,,,,,,,,,,,,,
1676060272.406202,1676060272.406103,17.000000,0.000000,4359.230957,4340.256348,4311.153809,4331.666504,4292.051270,4320.769043,4288.077148,4288.846191,4279.230957,4249.871582,4622.820313,4458.974121,4309.230957,4446.282227,0.000000,4.000000,85.000000,,,,0.000000,4.000000,4.000000,4.000000,4.000000,4.000000,4.000000,4.000000,4.000000,4.000000,4.000000,4.000000,4.000000,4.000000,4.000000,100.000000,,,,,,,,,,,,,,,,,,,,,,,,,,,,,,,,,,,,,,,,,,,,,,,,,,,,,,,,,,,,,,,,,,,,,,,,,,,,,,,,,,,,,,
1676060272.414010,1676060272.414012,18.000000,0.000000,4388.846191,4356.922852,4341.153809,4349.615234,4304.871582,4325.512695,4305.512695,4306.410156,4305.000000,4279.358887,4662.948730,4499.102539,4361.282227,4496.538574,0.000000,4.000000,85.000000,,,,0.000000,4.000000,4.000000,4.000000,4.000000,4.000000,4.000000,4.000000,4.000000,4.000000,4.000000,4.000000,4.000000,4.000000,4.000000,100.000000,,,,,,,,,,,,,,,,,,,,,,,,,,,,,,,,,,,,,,,,,,,,,,,,,,,,,,,,,,,,,,,,,,,,,,,,,,,,,,,,,,,,,,
1676060272.421818,1676060272.421820,19.000000,0.000000,4403.846191,4364.743652,4356.794922,4361.922852,4315.000000,4332.948730,4317.051270,4312.436035,4314.743652,4287.692383,4683.461426,4516.922852,4384.743652,4520.897461,0.000000,4.000000,85.000000,,,,0.000000,4.000000,4.000000,4.000000,4.000000,4.000000,4.000000,4.000000,4.000000,4.000000,4.000000,4.000000,4.000000,4.000000,4.000000,100.000000,,,,,,,,,,,,,,,,,,,,,,,,,,,,,,,,,,,,,,,,,,,,,,,,,,,,,,,,,,,,,,,,,,,,,,,,,,,,,,,,,,,,,,
1676060272.429627,1676060272.429529,20.000000,0.000000,4394.102539,4352.307617,4340.384766,4353.461426,4309.743652,4323.846191,4303.717773,4293.333496,4293.846191,4276.794922,4663.077148,4493.589844,4368.589844,4503.717773,0.000000,4.000000,85.000000,,,,0.000000,4.000000,4.000000,4.000000,4.000000,4.000000,4.000000,4.000000,4.000000,4.000000,4.000000,4.000000,4.000000,4.000000,4.000000,100.000000,,,,,,,,,,,,,,,,,,,,,,,,,,,,,,,,,,,,,,,,,,,,,,,,,,,,,,,,,,,,,,,,,,,,,,,,,,,,,,,,,,,,,,
1676060272.437435,1676060272.437337,21.000000,0.000000,4399.615234,4349.102539,4344.615234,4352.436035,4306.538574,4320.256348,4305.512695,4292.563965,4286.153809,4276.153809,4655.512695,4492.563965,4367.051270,4505.256348,0.000000,4.000000,85.000000,,,,0.000000,4.000000,4.000000,4.000000,4.000000,4.000000,4.000000,4.000000,4.000000,4.000000,4.000000,4.000000,4.000000,4.000000,4.000000,100.000000,,,,,,,,,,,,,,,,,,,,,,,,,,,,,,,,,,,,,,,,,,,,,,,,,,,,,,,,,,,,,,,,,,,,,,,,,,,,,,,,,,,,,,
1676060272.445243,1676060272.445046,22.000000,0.000000,4418.589844,4363.077148,4369.230957,4366.922852,4321.025879,4335.512695,4330.128418,4318.589844,4309.230957,4285.897461,4671.538574,4522.563965,4384.102539,4527.051270,0.000000,4.000000,85.000000,,,,0.000000,4.000000,4.000000,4.000000,4.000000,4.000000,4.000000,4.000000,4.000000,4.000000,4.000000,4.000000,4.000000,4.000000,4.000000,100.000000,,,,,,,,,,,,,,,,,,,,,,,,,,,,,,,,,,,,,,,,,,,,,,,,,,,,,,,,,,,,,,,,,,,,,,,,,,,,,,,,,,,,,,
1676060272.453052,1676060272.452854,23.000000,0.000000,4414.743652,4366.153809,4363.333496,4368.333496,4325.256348,4336.666504,4329.230957,4320.000000,4313.205078,4284.743652,4659.487305,4517.948730,4379.487305,4517.051270,0.000000,4.000000,85.000000,,,,0.000000,4.000000,4.000000,4.000000,4.000000,4.000000,4.000000,4.000000,4.000000,4.000000,4.000000,4.000000,4.000000,4.000000,4.000000,100.000000,,,,,,,,,,,,,,,,,,,,,,,,,,,,,,,,,,,,,,,,,,,,,,,,,,,,,,,,,,,,,,,,,,,,,,,,,,,,,,,,,,,,,,
1676060272.460860,1676060272.460563,24.000000,0.000000,4383.461426,4344.487305,4328.846191,4345.769043,4303.717773,4314.743652,4300.641113,4292.179688,4281.922852,4258.077148,4610.641113,4474.102539,4338.461426,4478.461426,0.000000,4.000000,85.000000,,,,0.000000,4.000000,4.000000,4.000000,4.000000,4.000000,4.000000,4.000000,4.000000,4.000000,4.000000,4.000000,4.000000,4.000000,4.000000,100.000000,,,,,,,,,,,,,,,,,,,,,,,,,,,,,,,,,,,,,,,,,,,,,,,,,,,,,,,,,,,,,,,,,,,,,,,,,,,,,,,,,,,,,,
1676060272.468669,1676060272.468371,25.000000,0.000000,4369.230957,4334.102539,4319.743652,4333.333496,4296.153809,4308.974121,4298.205078,4288.846191,4275.897461,4244.615234,4586.025879,4461.794922,4315.769043,4463.077148,0.000000,4.000000,85.000000,,,,0.000000,4.000000,4.000000,4.000000,4.000000,4.000000,4.000000,4.000000,4.000000,4.000000,4.000000,4.000000,4.000000,4.000000,4.000000,100.000000,,,,,,,,,,,,,,,,,,,,,,,,,,,,,,,,,,,,,,,,,,,,,,,,,,,,,,,,,,,,,,,,,,,,,,,,,,,,,,,,,,,,,,
1676060272.476477,1676060272.476080,26.000000,0.000000,4397.307617,4361.666504,4347.948730,4353.974121,4313.974121,4322.179688,4323.461426,4316.282227,4310.897461,4277.179688,4615.256348,4497.563965,4350.769043,4489.743652,0.000000,4.000000,85.000000,,,,0.000000,4.000000,4.000000,4.000000,4.000000,4.000000,4.000000,4.000000,4.000000,4.000000,4.000000,4.000000,4.000000,4.000000,4.000000,100.000000,,,,,,,,,,,,,,,,,,,,,,,,,,,,,,,,,,,,,,,,,,,,,,,,,,,,,,,,,,,,,,,,,,,,,,,,,,,,,,,,,,,,,,
1676060272.484285,1676060272.483988,27.000000,0.000000,4418.717773,4376.153809,4359.230957,4368.333496,4318.974121,4320.000000,4324.102539,4325.000000,4319.743652,4291.538574,4636.282227,4515.512695,4376.153809,4511.794922,0.000000,4.000000,85.000000,,,,0.000000,4.000000,4.000000,4.000000,4.000000,4.000000,4.000000,4.000000,4.000000,4.000000,4.000000,4.000000,4.000000,4.000000,4.000000,100.000000,,,,,,,,,,,,,,,,,,,,,,,,,,,,,,,,,,,,,,,,,,,,,,,,,,,,,,,,,,,,,,,,,,,,,,,,,,,,,,,,,,,,,,
1676060272.492094,1676060272.491797,28.000000,0.000000,4402.179688,4351.153809,4339.743652,4351.410156,4304.102539,4303.974121,4298.717773,4301.922852,4293.461426,4266.282227,4624.743652,4498.974121,4358.846191,4501.025879,0.000000,4.000000,85.000000,,,,0.000000,4.000000,4.000000,4.000000,4.000000,4.000000,4.000000,4.000000,4.000000,4.000000,4.000000,4.000000,4.000000,4.000000,4.000000,100.000000,,,,,,,,,,,,,,,,,,,,,,,,,,,,,,,,,,,,,,,,,,,,,,,,,,,,,,,,,,,,,,,,,,,,,,,,,,,,,,,,,,,,,,
1676060272.499902,1676060272.499705,29.000000,0.000000,4387.436035,4334.743652,4336.153809,4335.128418,4299.102539,4294.743652,4292.692383,4291.538574,4287.179688,4268.461426,4635.512695,4501.666504,4369.615234,4503.077148,0.000000,4.000000,85.000000,,,,0.000000,4.000000,4.000000,4.000000,4.000000,4.000000,4.000000,4.000000,4.000000,4.000000,4.000000,4.000000,4.000000,4.000000,4.000000,100.000000,,,,,,,,,,,,,,,,,,,,,,,,,,,,,,,,,,,,,,,,,,,,,,,,,,,,,,,,,,,,,,,,,,,,,,,,,,,,,,,,,,,,,,
1676060272.507711,1676060272.507513,30.000000,0.000000,4399.871582,4345.256348,4354.871582,4344.102539,4305.000000,4296.025879,4308.333496,4307.051270,4303.461426,4297.436035,4656.794922,4524.230957,4401.538574,4523.974121,0.000000,4.000000,85.000000,,,,0.000000,4.000000,4.000000,4.000000,4.000000,4.000000,4.000000,4.000000,4.000000,4.000000,4.000000,4.000000,4.000000,4.000000,4.000000,100.000000,,,,,,,,,,,,,,,,,2.675108,1.891073,1.851014,0.592665,0.819175,5.360962,2.491906,2.750218,0.891915,0.781207,2.831352,1.687961,2.857406,0.807901,0.843064,2.678103,1.648458,2.709694,0.865677,0.711718,1.080912,0.696934,1.333466,0.516997,0.353295,3.328877,1.139264,0.806570,0.556878,0.312722,1.304248,1.143088,2.022341,0.603799,0.526748,1.033536,2.246418,2.834613,0.682880,0.596174,1.442458,1.720188,1.481999,0.875411,0.598753,1.792229,1.958318,2.425174,1.358946,0.890112,13.548884,5.650475,3.104331,1.272581,1.213635,3.374102,3.160349,3.394174,1.137886,1.132534,5.801551,4.239417,2.950993,0.937989,1.079711,4.657159,2.749077,2.715183,0.795542,1.043498
1676060272.515519,1676060272.515422,31.000000,0.000000,4406.794922,4342.820313,4353.846191,4349.358887,4301.666504,4296.922852,4307.948730,4308.974121,4301.025879,4293.077148,4631.153809,4513.589844,4383.589844,4514.615234,0.000000,4.000000,85.000000,,,,0.000000,4.000000,4.000000,4.000000,4.000000,4.000000,4.000000,4.000000,4.000000,4.000000,4.000000,4.000000,4.000000,4.000000,4.000000,100.000000,,,,,,,,,,,,,,,,,,,,,,,,,,,,,,,,,,,,,,,,,,,,,,,,,,,,,,,,,,,,,,,,,,,,,,,,,,,,,,,,,,,,,,
1676060272.523327,1676060272.523230,32.000000,0.000000,4392.436035,4322.948730,4334.102539,4334.615234,4292.179688,4291.153809,4294.871582,4292.051270,4278.461426,4267.563965,4593.974121,4484.487305,4358.461426,4491.025879,0.000000,4.000000,85.000000,,,,0.000000,4.000000,4.000000,4.000000,4.000000,4.000000,4.000000,4.000000,4.000000,4.000000,4.000000,4.000000,4.000000,4.000000,4.000000,100.000000,,,,,,,,,,,,,,,,,,,,,,,,,,,,,,,,,,,,,,,,,,,,,,,,,,,,,,,,,,,,,,,,,,,,,,,,,,,,,,,,,,,,,,
1676060272.531136,1676060272.531138,33.000000,0.000000,4391.025879,4321.666504,4338.589844,4331.282227,4302.179688,4295.769043,4307.563965,4298.974121,4283.077148,4270.769043,4610.641113,4495.256348,4386.282227,4510.256348,0.000000,4.000000,85.000000,,,,0.000000,4.000000,4.000000,4.000000,4.000000,4.000000,4.000000,4.000000,4.000000,4.000000,4.000000,4.000000,4.000000,4.000000,4.000000,100.000000,,,,,,,,,,,,,,,,,,,,,,,,,,,,,,,,,,,,,,,,,,,,,,,,,,,,,,,,,,,,,,,,,,,,,,,,,,,,,,,,,,,,,,
1676060272.538944,1676060272.538947,34.000000,0.000000,4400.000000,4329.102539,4352.692383,4339.487305,4315.512695,4305.128418,4325.384766,4316.153809,4303.077148,4284.871582,4629.102539,4514.102539,4405.641113,4526.666504,0.000000,4.000000,85.000000,,,,0.000000,4.000000,4.000000,4.000000,4.000000,4.000000,4.000000,4.000000,4.000000,4.000000,4.000000,4.000000,4.000000,4.000000,4.000000,100.000000,,,,,,,,,,,,,,,,,,,,,,,,,,,,,,,,,,,,,,,,,,,,,,,,,,,,,,,,,,,,,,,,,,,,,,,,,,,,,,,,,,,,,,
1676060272.546753,1676060272.546855,35.000000,0.000000,4390.641113,4319.358887,4342.820313,4335.512695,4303.205078,4299.102539,4313.461426,4305.897461,4293.333496,4280.384766,4597.436035,4495.000000,4380.384766,4498.846191,0.000000,4.000000,85.000000,,,,0.000000,4.000000,4.000000,4.000000,4.000000,4.000000,4.000000,4.000000,4.000000,4.000000,4.000000,4.000000,4.000000,4.000000,4.000000,100.000000,,,,,,,,,,,,,,,,,,,,,,,,,,,,,,,,,,,,,,,,,,,,,,,,,,,,,,,,,,,,,,,,,,,,,,,,,,,,,,,,,,,,,,
1676060272.554561,1676060272.554664,36.000000,0.000000,4381.666504,4311.922852,4333.717773,4333.717773,4296.538574,4290.769043,4305.641113,4299.487305,4283.333496,4274.358887,4577.948730,4482.948730,4372.051270,4489.487305,0.000000,4.000000,85.000000,,,,0.000000,4.000000,4.000000,4.000000,4.000000,4.000000,4.000000,4.000000,4.000000,4.000000,4.000000,4.000000,4.000000,4.000000,4.000000,100.000000,,,,,,,,,,,,,,,,,,,,,,,,,,,,,,,,,,,,,,,,,,,,,,,,,,,,,,,,,,,,,,,,,,,,,,,,,,,,,,,,,,,,,,
1676060272.562369,1676060272.562572,37.000000,0.000000,4381.794922,4317.307617,4336.922852,4341.153809,4301.538574,4289.615234,4309.615234,4308.846191,4295.256348,4269.102539,4588.974121,4493.589844,4386.410156,4502.307617,0.000000,4.000000,85.000000,,,,0.000000,4.000000,4.000000,4.000000,4.000000,4.000000,4.000000,4.000000,4.000000,4.000000,4.000000,4.000000,4.000000,4.000000,4.000000,100.000000,,,,,,,,,,,,,,,,,,,,,,,,,,,,,,,,,,,,,,,,,,,,,,,,,,,,,,,,,,,,,,,,,,,,,,,,,,,,,,,,,,,,,,
1676060272.570178,1676060272.570380,38.000000,0.000000,4374.230957,4311.666504,4328.461426,4338.333496,4288.974121,4278.717773,4295.641113,4300.256348,4294.487305,4265.641113,4586.922852,4495.641113,4387.563965,4492.948730,0.000000,4.000000,85.000000,,,,0.000000,4.000000,4.000000,4.000000,4.000000,4.000000,4.000000,4.000000,4.000000,4.000000,4.000000,4.000000,4.000000,4.000000,4.000000,100.000000,,,,,,,,,,,,,,,,,,,,,,,,,,,,,,,,,,,,,,,,,,,,,,,,,,,,,,,,,,,,,,,,,,,,,,,,,,,,,,,,,,,,,,
1676060272.577986,1676060272.578289,39.000000,0.000000,4362.436035,4293.077148,4312.307617,4329.871582,4273.461426,4262.436035,4274.743652,4278.333496,4277.563965,4269.615234,4560.769043,4485.384766,4375.769043,4473.846191,0.000000,4.000000,85.000000,,,,0.000000,4.000000,4.000000,4.000000,4.000000,4.000000,4.000000,4.000000,4.000000,4.000000,4.000000,4.000000,4.000000,4.000000,4.000000,100.000000,,,,,,,,,,,,,,,,,,,,,,,,,,,,,,,,,,,,,,,,,,,,,,,,,,,,,,,,,,,,,,,,,,,,,,,,,,,,,,,,,,,,,,
1676060272.585794,1676060272.586097,40.000000,0.000000,4360.000000,4288.717773,4311.282227,4336.538574,4282.436035,4269.230957,4277.563965,4273.974121,4274.230957,4267.563965,4543.589844,4483.205078,4369.487305,4468.846191,0.000000,4.000000,85.000000,,,,0.000000,4.000000,4.000000,4.000000,4.000000,4.000000,4.000000,4.000000,4.000000,4.000000,4.000000,4.000000,4.000000,4.000000,4.000000,100.000000,,,,,,,,,,,,,,,,,,,,,,,,,,,,,,,,,,,,,,,,,,,,,,,,,,,,,,,,,,,,,,,,,,,,,,,,,,,,,,,,,,,,,,
1676060272.593603,1676060272.594006,41.000000,0.000000,4372.820313,4309.615234,4332.051270,4355.769043,4301.794922,4289.358887,4304.102539,4301.666504,4294.743652,4274.102539,4570.512695,4517.948730,4393.974121,4492.563965,0.000000,4.000000,85.000000,,,,0.000000,4.000000,4.000000,4.000000,4.000000,4.000000,4.000000,4.000000,4.000000,4.000000,4.000000,4.000000,4.000000,4.000000,4.000000,100.000000,,,,,,,,,,,,,,,,,,,,,,,,,,,,,,,,,,,,,,,,,,,,,,,,,,,,,,,,,,,,,,,,,,,,,,,,,,,,,,,,,,,,,,
1676060272.601411,1676060272.601814,42.000000,0.000000,4394.230957,4332.307617,4356.025879,4372.051270,4307.436035,4290.897461,4321.922852,4330.256348,4319.615234,4301.538574,4608.077148,4563.717773,4433.846191,4530.641113,0.000000,4.000000,85.000000,,,,0.000000,4.000000,4.000000,4.000000,4.000000,4.000000,4.000000,4.000000,4.000000,4.000000,4.000000,4.000000,4.000000,4.000000,4.000000,100.000000,,,,,,,,,,,,,,,,,,,,,,,,,,,,,,,,,,,,,,,,,,,,,,,,,,,,,,,,,,,,,,,,,,,,,,,,,,,,,,,,,,,,,,
1676060272.609220,1676060272.609523,43.000000,0.000000,4408.461426,4341.410156,4363.717773,4383.846191,4309.615234,4288.333496,4322.307617,4330.641113,4321.538574,4312.307617,4601.666504,4570.384766,4443.974121,4542.179688,0.000000,4.000000,85.000000,,,,0.000000,4.000000,4.000000,4.000000,4.000000,4.000000,4.000000,4.000000,4.000000,4.000000,4.000000,4.000000,4.000000,4.000000,4.000000,100.000000,,,,,,,,,,,,,,,,,,,,,,,,,,,,,,,,,,,,,,,,,,,,,,,,,,,,,,,,,,,,,,,,,,,,,,,,,,,,,,,,,,,,,,
1676060272.617028,1676060272.617431,44.000000,0.000000,4403.717773,4345.512695,4358.717773,4391.410156,4313.589844,4297.820313,4324.102539,4320.384766,4306.666504,4296.666504,4567.051270,4552.692383,4413.589844,4517.692383,0.000000,4.000000,85.000000,,,,0.000000,4.000000,4.000000,4.000000,4.000000,4.000000,4.000000,4.000000,4.000000,4.000000,4.000000,4.000000,4.000000,4.000000,4.000000,100.000000,,,,,,,,,,,,,,,,,,,,,,,,,,,,,,,,,,,,,,,,,,,,,,,,,,,,,,,,,,,,,,,,,,,,,,,,,,,,,,,,,,,,,,
1676060272.624836,1676060272.625239,45.000000,0.000000,4395.128418,4348.589844,4353.589844,4388.974121,4307.692383,4291.025879,4319.871582,4317.436035,4298.077148,4283.077148,4553.461426,4544.615234,4394.230957,4506.538574,0.000000,4.000000,85.000000,,,,0.000000,4.000000,4.000000,4.000000,4.000000,4.000000,4.000000,4.000000,4.000000,4.000000,4.000000,4.000000,4.000000,4.000000,4.000000,100.000000,,,,,,,,,,,,,,,,,,,,,,,,,,,,,,,,,,,,,,,,,,,,,,,,,,,,,,,,,,,,,,,,,,,,,,,,,,,,,,,,,,,,,,
1676060272.632645,1676060272.633048,46.000000,0.000000,4386.410156,4332.820313,4340.897461,4371.282227,4291.922852,4266.666504,4303.333496,4304.871582,4288.589844,4272.563965,4550.897461,4535.512695,4400.384766,4508.717773,0.000000,4.000000,85.000000,,,,0.000000,4.000000,4.000000,4.000000,4.000000,4.000000,4.000000,4.000000,4.000000,4.000000,4.000000,4.000000,4.000000,4.000000,4.000000,100.000000,,,,,,,,,,,,,,,,,2.543899,2.117883,1.989852,0.778948,0.894302,5.494039,2.640286,2.891376,1.168282,0.849275,2.552004,1.966271,3.074022,0.998702,0.902265,2.264230,1.586545,2.848313,1.080480,0.771454,1.003096,0.606559,1.357382,0.588896,0.376140,5.722638,2.057117,0.991297,0.807735,0.389536,1.213331,1.043149,1.847010,0.746279,0.590455,0.797669,1.977200,2.605008,0.838094,0.662847,1.300025,1.487980,1.490737,1.041055,0.654847,1.902442,1.968496,2.887439,1.565271,0.896473,15.775141,5.434869,3.268074,1.820364,1.342042,3.114461,3.004220,3.458423,1.358335,1.284718,7.459528,4.216958,3.246725,1.403317,1.223557,5.021307,2.991845,2.965640,1.173080,1.186633
1676060272.640453,1676060272.640756,47.000000,0.000000,4365.000000,4302.307617,4318.717773,4348.461426,4280.256348,4261.922852,4289.615234,4283.077148,4278.333496,4263.077148,4533.461426,4514.615234,4402.051270,4491.153809,0.000000,4.000000,85.000000,,,,0.000000,4.000000,4.000000,4.000000,4.000000,4.000000,4.000000,4.000000,4.000000,4.000000,4.000000,4.000000,4.000000,4.000000,4.000000,100.000000,,,,,,,,,,,,,,,,,,,,,,,,,,,,,,,,,,,,,,,,,,,,,,,,,,,,,,,,,,,,,,,,,,,,,,,,,,,,,,,,,,,,,,
1676060272.648261,1676060272.648565,48.000000,0.000000,4347.692383,4290.000000,4303.974121,4337.179688,4275.897461,4264.487305,4280.897461,4275.512695,4276.153809,4263.461426,4513.333496,4493.077148,4392.563965,4467.563965,0.000000,4.000000,85.000000,,,,0.000000,4.000000,4.000000,4.000000,4.000000,4.000000,4.000000,4.000000,4.000000,4.000000,4.000000,4.000000,4.000000,4.000000,4.000000,100.000000,,,,,,,,,,,,,,,,,,,,,,,,,,,,,,,,,,,,,,,,,,,,,,,,,,,,,,,,,,,,,,,,,,,,,,,,,,,,,,,,,,,,,,
1676060272.656070,1676060272.656273,49.000000,0.000000,4349.230957,4302.820313,4308.205078,4343.333496,4281.666504,4260.769043,4282.563965,4286.666504,4278.205078,4270.128418,4505.384766,4488.589844,4380.769043,4460.769043,0.000000,4.000000,85.000000,,,,0.000000,4.000000,4.000000,4.000000,4.000000,4.000000,4.000000,4.000000,4.000000,4.000000,4.000000,4.000000,4.000000,4.000000,4.000000,100.000000,,,,,,,,,,,,,,,,,,,,,,,,,,,,,,,,,,,,,,,,,,,,,,,,,,,,,,,,,,,,,,,,,,,,,,,,,,,,,,,,,,,,,,
1676060272.663878,1676060272.664082,50.000000,0.000000,4354.871582,4313.846191,4320.256348,4353.717773,4295.128418,4269.358887,4296.153809,4296.153809,4286.794922,4276.922852,4502.179688,4500.897461,4372.948730,4462.051270,0.000000,4.000000,85.000000,,,,0.000000,4.000000,4.000000,4.000000,4.000000,4.000000,4.000000,4.000000,4.000000,4.000000,4.000000,4.000000,4.000000,4.000000,4.000000,100.000000,,,,,,,,,,,,,,,,,,,,,,,,,,,,,,,,,,,,,,,,,,,,,,,,,,,,,,,,,,,,,,,,,,,,,,,,,,,,,,,,,,,,,,
1676060272.671687,1676060272.671790,51.000000,0.000000,4352.179688,4308.846191,4323.974121,4350.512695,4296.025879,4276.538574,4300.000000,4297.051270,4293.974121,4278.205078,4496.410156,4504.230957,4372.948730,4460.256348,0.000000,4.000000,85.000000,,,,0.000000,4.000000,4.000000,4.000000,4.000000,4.000000,4.000000,4.000000,4.000000,4.000000,4.000000,4.000000,4.000000,4.000000,4.000000,100.000000,,,,,,,,,,,,,,,,,,,,,,,,,,,,,,,,,,,,,,,,,,,,,,,,,,,,,,,,,,,,,,,,,,,,,,,,,,,,,,,,,,,,,,
1676060272.679495,1676060272.679599,52.000000,0.000000,4353.333496,4307.307617,4327.307617,4346.538574,4291.153809,4267.948730,4297.436035,4303.205078,4295.512695,4282.051270,4501.794922,4508.589844,4390.769043,4470.256348,0.000000,4.000000,85.000000,,,,0.000000,4.000000,4.000000,4.000000,4.000000,4.000000,4.000000,4.000000,4.000000,4.000000,4.000000,4.000000,4.000000,4.000000,4.000000,100.000000,,,,,,,,,,,,,,,,,,,,,,,,,,,,,,,,,,,,,,,,,,,,,,,,,,,,,,,,,,,,,,,,,,,,,,,,,,,,,,,,,,,,,,
1676060272.687303,1676060272.687307,53.000000,0.000000,4360.384766,4320.128418,4335.128418,4353.077148,4295.128418,4261.794922,4301.666504,4309.230957,4294.871582,4282.179688,4509.743652,4520.256348,4401.922852,4482.436035,0.000000,4.000000,85.000000,,,,0.000000,4.000000,4.000000,4.000000,4.000000,4.000000,4.000000,4.000000,4.000000,4.000000,4.000000,4.000000,4.000000,4.000000,4.000000,100.000000,,,,,,,,,,,,,,,,,,,,,,,,,,,,,,,,,,,,,,,,,,,,,,,,,,,,,,,,,,,,,,,,,,,,,,,,,,,,,,,,,,,,,,
1676060272.695112,1676060272.695116,54.000000,0.000000,4364.615234,4332.307617,4337.051270,4356.153809,4295.769043,4262.692383,4300.897461,4301.922852,4292.051270,4269.743652,4506.282227,4520.512695,4396.153809,4483.717773,0.000000,4.000000,85.000000,,,,0.000000,4.000000,4.000000,4.000000,4.000000,4.000000,4.000000,4.000000,4.000000,4.000000,4.000000,4.000000,4.000000,4.000000,4.000000,100.000000,,,,,,,,,,,,,,,,,,,,,,,,,,,,,,,,,,,,,,,,,,,,,,,,,,,,,,,,,,,,,,,,,,,,,,,,,,,,,,,,,,,,,,
1676060272.702920,1676060272.702824,55.000000,0.000000,4356.538574,4320.256348,4328.461426,4344.487305,4281.794922,4252.051270,4285.256348,4286.410156,4282.563965,4259.743652,4486.666504,4506.666504,4383.461426,4468.974121,0.000000,4.000000,85.000000,,,,0.000000,4.000000,4.000000,4.000000,4.000000,4.000000,4.000000,4.000000,4.000000,4.000000,4.000000,4.000000,4.000000,4.000000,4.000000,100.000000,,,,,,,,,,,,,,,,,,,,,,,,,,,,,,,,,,,,,,,,,,,,,,,,,,,,,,,,,,,,,,,,,,,,,,,,,,,,,,,,,,,,,,
1676060272.710729,1676060272.710733,56.000000,0.000000,4338.461426,4301.538574,4315.897461,4334.615234,4271.282227,4242.051270,4271.025879,4271.282227,4271.025879,4260.128418,4455.256348,4488.846191,4359.358887,4440.384766,0.000000,4.000000,85.000000,,,,0.000000,4.000000,4.000000,4.000000,4.000000,4.000000,4.000000,4.000000,4.000000,4.000000,4.000000,4.000000,4.000000,4.000000,4.000000,100.000000,,,,,,,,,,,,,,,,,,,,,,,,,,,,,,,,,,,,,,,,,,,,,,,,,,,,,,,,,,,,,,,,,,,,,,,,,,,,,,,,,,,,,,
1676060272.718537,1676060272.718541,57.000000,0.000000,4354.230957,4327.436035,4332.051270,4358.846191,4294.358887,4262.820313,4293.077148,4289.743652,4291.538574,4281.922852,4477.179688,4509.871582,4376.538574,4459.487305,0.000000,4.000000,85.000000,,,,0.000000,4.000000,4.000000,4.000000,4.000000,4.000000,4.000000,4.000000,4.000000,4.000000,4.000000,4.000000,4.000000,4.000000,4.000000,100.000000,,,,,,,,,,,,,,,,,,,,,,,,,,,,,,,,,,,,,,,,,,,,,,,,,,,,,,,,,,,,,,,,,,,,,,,,,,,,,,,,,,,,,,
1676060272.726345,1676060272.726450,58.000000,0.000000,4380.897461,4353.974121,4356.025879,4377.563965,4316.538574,4284.358887,4324.358887,4322.948730,4322.307617,4304.358887,4527.436035,4546.153809,4422.820313,4502.563965,0.000000,4.000000,85.000000,,,,0.000000,4.000000,4.000000,4.000000,4.000000,4.000000,4.000000,4.000000,4.000000,4.000000,4.000000,4.000000,4.000000,4.000000,4.000000,100.000000,,,,,,,,,,,,,,,,,,,,,,,,,,,,,,,,,,,,,,,,,,,,,,,,,,,,,,,,,,,,,,,,,,,,,,,,,,,,,,,,,,,,,,
1676060272.734154,1676060272.734258,59.000000,0.000000,4359.615234,4329.743652,4338.461426,4352.692383,4301.153809,4273.461426,4311.410156,4311.025879,4309.615234,4291.025879,4506.153809,4525.128418,4414.358887,4481.410156,0.000000,4.000000,85.000000,,,,0.000000,4.000000,4.000000,4.000000,4.000000,4.000000,4.000000,4.000000,4.000000,4.000000,4.000000,4.000000,4.000000,4.000000,4.000000,100.000000,,,,,,,,,,,,,,,,,,,,,,,,,,,,,,,,,,,,,,,,,,,,,,,,,,,,,,,,,,,,,,,,,,,,,,,,,,,,,,,,,,,,,,
1676060272.741962,1676060272.742166,60.000000,0.000000,4330.512695,4311.025879,4309.487305,4335.512695,4289.230957,4257.436035,4289.487305,4290.641113,4286.153809,4272.948730,4468.846191,4488.589844,4382.436035,4442.307617,0.000000,4.000000,85.000000,,,,0.000000,4.000000,4.000000,4.000000,4.000000,4.000000,4.000000,4.000000,4.000000,4.000000,4.000000,4.000000,4.000000,4.000000,4.000000,100.000000,,,,,,,,,,,,,,,,,,,,,,,,,,,,,,,,,,,,,,,,,,,,,,,,,,,,,,,,,,,,,,,,,,,,,,,,,,,,,,,,,,,,,,
1676060272.749771,1676060272.749975,61.000000,0.000000,4321.666504,4312.179688,4303.461426,4337.179688,4295.897461,4259.743652,4297.179688,4305.000000,4296.794922,4281.794922,4478.205078,4492.436035,4383.717773,4442.820313,0.000000,4.000000,85.000000,,,,0.000000,4.000000,4.000000,4.000000,4.000000,4.000000,4.000000,4.000000,4.000000,4.000000,4.000000,4.000000,4.000000,4.000000,4.000000,100.000000,,,,,,,,,,,,,,,,,,,,,,,,,,,,,,,,,,,,,,,,,,,,,,,,,,,,,,,,,,,,,,,,,,,,,,,,,,,,,,,,,,,,,,
1676060272.757579,1676060272.757883,62.000000,0.000000,4302.179688,4296.666504,4294.743652,4321.282227,4287.563965,4260.897461,4298.589844,4307.179688,4302.179688,4283.205078,4470.769043,4485.128418,4380.897461,4435.512695,0.000000,4.000000,85.000000,,,,0.000000,4.000000,4.000000,4.000000,4.000000,4.000000,4.000000,4.000000,4.000000,4.000000,4.000000,4.000000,4.000000,4.000000,4.000000,100.000000,,,,,,,,,,,,,,,,,2.345410,2.483774,1.995028,1.051014,1.029847,5.856560,2.906095,2.781104,1.456359,0.980201,2.188885,2.423153,3.055566,1.261001,1.020090,1.983564,1.689504,2.697088,1.298374,0.896663,0.876043,0.562720,1.289663,0.653097,0.443914,8.941218,3.415753,1.309667,1.144861,0.499780,1.039203,1.064623,1.595868,0.940791,0.703832,0.558873,1.788553,2.276936,1.100447,0.813992,1.116636,1.353560,1.406663,1.323693,0.794916,1.952972,2.027433,3.129302,1.932043,1.018561,17.526001,5.140570,3.291584,2.660843,1.613704,2.730717,3.173456,3.328259,1.751456,1.568978,9.027534,4.245337,3.368100,2.113418,1.468024,5.075658,3.475834,3.042661,1.756378,1.417858
1676060272.765387,1676060272.765692,63.000000,0.000000,4290.512695,4291.922852,4286.666504,4311.666504,4280.897461,4256.794922,4289.230957,4291.794922,4290.641113,4273.717773,4446.922852,4465.641113,4365.769043,4418.846191,0.000000,4.000000,85.000000,,,,0.000000,4.000000,4.000000,4.000000,4.000000,4.000000,4.000000,4.000000,4.000000,4.000000,4.000000,4.000000,4.000000,4.000000,4.000000,100.000000,,,,,,,,,,,,,,,,,,,,,,,,,,,,,,,,,,,,,,,,,,,,,,,,,,,,,,,,,,,,,,,,,,,,,,,,,,,,,,,,,,,,,,
1676060272.773196,1676060272.773600,64.000000,0.000000,4307.051270,4309.358887,4300.897461,4324.743652,4295.000000,4262.563965,4294.615234,4296.282227,4295.769043,4280.641113,4459.358887,4481.153809,4374.230957,4427.179688,2528.000000,4.000000,85.000000,,,,0.000000,4.000000,4.000000,4.000000,4.000000,4.000000,4.000000,4.000000,4.000000,4.000000,4.000000,4.000000,4.000000,4.000000,4.000000,100.000000,,,,,,,,,,,,,,,,,,,,,,,,,,,,,,,,,,,,,,,,,,,,,,,,,,,,,,,,,,,,,,,,,,,,,,,,,,,,,,,,,,,,,,
1676060272.781004,1676060272.781408,65.000000,0.000000,4311.538574,4309.743652,4308.846191,4322.436035,4297.051270,4266.794922,4296.922852,4300.128418,4297.563965,4278.846191,4462.563965,4487.436035,4381.922852,4430.641113,2478.000000,4.000000,85.000000,,,,0.000000,4.000000,4.000000,4.000000,4.000000,4.000000,4.000000,4.000000,4.000000,4.000000,4.000000,4.000000,4.000000,4.000000,4.000000,100.000000,,,,,,,,,,,,,,,,,,,,,,,,,,,,,,,,,,,,,,,,,,,,,,,,,,,,,,,,,,,,,,,,,,,,,,,,,,,,,,,,,,,,,,
1676060272.788813,1676060272.789317,66.000000,0.000000,4303.589844,4307.307617,4305.256348,4317.307617,4287.692383,4260.641113,4292.051270,4291.153809,4289.487305,4262.948730,4441.282227,4470.769043,4379.230957,4425.512695,2401.000000,4.000000,85.000000,,,,0.000000,4.000000,4.000000,4.000000,4.000000,4.000000,4.000000,4.000000,4.000000,4.000000,4.000000,4.000000,4.000000,4.000000,4.000000,100.000000,,,,,,,,,,,,,,,,,,,,,,,,,,,,,,,,,,,,,,,,,,,,,,,,,,,,,,,,,,,,,,,,,,,,,,,,,,,,,,,,,,,,,,
1676060272.796621,1676060272.797125,67.000000,0.000000,4308.974121,4318.205078,4311.025879,4326.153809,4291.282227,4256.538574,4292.820313,4291.410156,4292.179688,4256.153809,4442.179688,4473.846191,4380.512695,4428.589844,2468.000000,4.000000,85.000000,,,,0.000000,4.000000,4.000000,4.000000,4.000000,4.000000,4.000000,4.000000,4.000000,4.000000,4.000000,4.000000,4.000000,4.000000,4.000000,100.000000,,,,,,,,,,,,,,,,,,,,,,,,,,,,,,,,,,,,,,,,,,,,,,,,,,,,,,,,,,,,,,,,,,,,,,,,,,,,,,,,,,,,,,
1676060272.804429,1676060272.804834,68.000000,0.000000,4322.051270,4329.102539,4325.641113,4332.692383,4301.410156,4263.333496,4298.077148,4303.974121,4302.563965,4272.307617,4460.384766,4496.025879,4382.563965,4432.436035,2438.000000,4.000000,85.000000,,,,0.000000,4.000000,4.000000,4.000000,4.000000,4.000000,4.000000,4.000000,4.000000,4.000000,4.000000,4.000000,4.000000,4.000000,4.000000,100.000000,,,,,,,,,,,,,,,,,,,,,,,,,,,,,,,,,,,,,,,,,,,,,,,,,,,,,,,,,,,,,,,,,,,,,,,,,,,,,,,,,,,,,,
1676060272.812238,1676060272.812642,69.000000,0.000000,4321.794922,4329.743652,4327.948730,4329.487305,4302.051270,4266.794922,4300.384766,4308.077148,4305.512695,4292.692383,4462.948730,4501.153809,4386.153809,4434.230957,2373.000000,4.000000,85.000000,,,,0.000000,4.000000,4.000000,4.000000,4.000000,4.000000,4.000000,4.000000,4.000000,4.000000,4.000000,4.000000,4.000000,4.000000,4.000000,100.000000,,,,,,,,,,,,,,,,,,,,,,,,,,,,,,,,,,,,,,,,,,,,,,,,,,,,,,,,,,,,,,,,,,,,,,,,,,,,,,,,,,,,,,
1676060272.820046,1676060272.820351,70.000000,0.000000,4304.871582,4311.282227,4312.948730,4315.641113,4294.615234,4257.436035,4294.487305,4294.871582,4295.256348,4286.410156,4444.871582,4480.384766,4382.820313,4423.077148,2222.000000,4.000000,85.000000,,,,0.000000,4.000000,4.000000,4.000000,4.000000,4.000000,4.000000,4.000000,4.000000,4.000000,4.000000,4.000000,4.000000,4.000000,4.000000,100.000000,,,,,,,,,,,,,,,,,,,,,,,,,,,,,,,,,,,,,,,,,,,,,,,,,,,,,,,,,,,,,,,,,,,,,,,,,,,,,,,,,,,,,,
1676060272.827854,1676060272.828159,71.000000,0.000000,4294.230957,4301.538574,4310.384766,4308.974121,4294.230957,4255.128418,4294.487305,4293.717773,4290.384766,4277.692383,4442.051270,4474.743652,4381.282227,4413.461426,2227.000000,4.000000,85.000000,,,,0.000000,4.000000,4.000000,4.000000,4.000000,4.000000,4.000000,4.000000,4.000000,4.000000,4.000000,4.000000,4.000000,4.000000,4.000000,100.000000,,,,,,,,,,,,,,,,,,,,,,,,,,,,,,,,,,,,,,,,,,,,,,,,,,,,,,,,,,,,,,,,,,,,,,,,,,,,,,,,,,,,,,
1676060272.835663,1676060272.835868,72.000000,0.000000,4293.205078,4310.512695,4314.487305,4313.205078,4300.897461,4264.871582,4302.820313,4304.871582,4300.512695,4282.563965,4448.974121,4482.179688,4387.948730,4416.153809,2284.000000,4.000000,85.000000,,,,0.000000,4.000000,4.000000,4.000000,4.000000,4.000000,4.000000,4.000000,4.000000,4.000000,4.000000,4.000000,4.000000,4.000000,4.000000,100.000000,,,,,,,,,,,,,,,,,,,,,,,,,,,,,,,,,,,,,,,,,,,,,,,,,,,,,,,,,,,,,,,,,,,,,,,,,,,,,,,,,,,,,,
1676060272.843471,1676060272.843676,73.000000,0.000000,4277.307617,4297.820313,4292.692383,4302.820313,4297.436035,4265.384766,4295.512695,4299.487305,4296.666504,4273.589844,4426.794922,4464.743652,4375.769043,4400.128418,2254.000000,4.000000,85.000000,,,,0.000000,4.000000,4.000000,4.000000,4.000000,4.000000,4.000000,4.000000,4.000000,4.000000,4.000000,4.000000,4.000000,4.000000,4.000000,100.000000,,,,,,,,,,,,,,,,,,,,,,,,,,,,,,,,,,,,,,,,,,,,,,,,,,,,,,,,,,,,,,,,,,,,,,,,,,,,,,,,,,,,,,
1676060272.851279,1676060272.851385,74.000000,0.000000,4258.461426,4272.948730,4270.512695,4285.256348,4294.615234,4260.512695,4281.410156,4288.333496,4278.461426,4255.769043,4401.538574,4443.846191,4356.025879,4374.743652,2735.000000,4.000000,85.000000,,,,0.000000,4.000000,4.000000,4.000000,4.000000,4.000000,4.000000,4.000000,4.000000,4.000000,4.000000,4.000000,4.000000,4.000000,4.000000,100.000000,,,,,,,,,,,,,,,,,,,,,,,,,,,,,,,,,,,,,,,,,,,,,,,,,,,,,,,,,,,,,,,,,,,,,,,,,,,,,,,,,,,,,,
1676060272.859088,1676060272.859193,75.000000,0.000000,4268.205078,4286.153809,4285.000000,4297.051270,4308.077148,4264.615234,4289.230957,4297.563965,4283.974121,4265.000000,4418.333496,4459.487305,4375.769043,4386.538574,2924.000000,4.000000,85.000000,,,,0.000000,4.000000,4.000000,4.000000,4.000000,4.000000,4.000000,4.000000,4.000000,4.000000,4.000000,4.000000,4.000000,4.000000,4.000000,100.000000,,,,,,,,,,,,,,,,,,,,,,,,,,,,,,,,,,,,,,,,,,,,,,,,,,,,,,,,,,,,,,,,,,,,,,,,,,,,,,,,,,,,,,
1676060272.866896,1676060272.866902,76.000000,0.000000,4274.487305,4302.820313,4291.922852,4307.563965,4311.153809,4261.153809,4296.666504,4302.948730,4295.256348,4268.974121,4433.461426,4469.230957,4397.563965,4398.717773,3137.000000,4.000000,85.000000,,,,0.000000,4.000000,4.000000,4.000000,4.000000,4.000000,4.000000,4.000000,4.000000,4.000000,4.000000,4.000000,4.000000,4.000000,4.000000,100.000000,,,,,,,,,,,,,,,,,,,,,,,,,,,,,,,,,,,,,,,,,,,,,,,,,,,,,,,,,,,,,,,,,,,,,,,,,,,,,,,,,,,,,,
1676060272.874705,1676060272.874710,77.000000,0.000000,4246.922852,4268.333496,4257.820313,4278.461426,4289.743652,4243.589844,4273.461426,4281.153809,4275.897461,4247.563965,4401.410156,4437.692383,4372.692383,4368.461426,3244.000000,4.000000,85.000000,,,,0.000000,4.000000,4.000000,4.000000,4.000000,4.000000,4.000000,4.000000,4.000000,4.000000,4.000000,4.000000,4.000000,4.000000,4.000000,100.000000,,,,,,,,,,,,,,,,,,,,,,,,,,,,,,,,,,,,,,,,,,,,,,,,,,,,,,,,,,,,,,,,,,,,,,,,,,,,,,,,,,,,,,
1676060272.882513,1676060272.882419,78.000000,0.000000,4234.615234,4242.436035,4247.948730,4260.384766,4284.102539,4238.461426,4264.230957,4275.000000,4266.794922,4254.871582,4390.512695,4429.102539,4364.230957,4357.563965,2735.000000,4.000000,85.000000,,,,0.000000,4.000000,4.000000,4.000000,4.000000,4.000000,4.000000,4.000000,4.000000,4.000000,4.000000,4.000000,4.000000,4.000000,4.000000,100.000000,1.000000,41.666668,4.000000,4.000000,3.000000,4.000000,4.000000,1.000000,4.000000,4.000000,4.000000,3.000000,1.000000,3.000000,3.000000,3.000000,2.191902,3.001355,1.876058,1.381326,1.208193,6.240114,3.247993,2.474426,1.709772,1.157271,1.905809,3.040522,2.850761,1.578262,1.195140,1.857860,1.973577,2.296892,1.486675,1.073990,0.740273,0.571671,1.142203,0.714155,0.548840,12.296374,4.890269,1.703728,1.500726,0.627405,0.836166,1.182052,1.376054,1.173227,0.861833,0.392188,1.630010,1.959783,1.461646,1.040240,0.952576,1.312773,1.283432,1.701756,1.008808,1.923568,2.116737,3.115505,2.392042,1.242770,19.219425,4.964685,3.331490,3.696977,2.002617,2.435385,3.731738,3.105450,2.292361,1.964169,10.088646,4.451070,3.426656,2.996269,1.794629,4.886599,4.285193,3.014600,2.488060,1.724949
1676060272.890321,1676060272.890327,79.000000,0.000000,4262.051270,4268.717773,4283.974121,4285.641113,4306.666504,4246.538574,4290.512695,4299.487305,4297.051270,4290.128418,4436.025879,4467.820313,4407.436035,4393.846191,2924.000000,4.000000,85.000000,,,,0.000000,4.000000,4.000000,4.000000,4.000000,4.000000,4.000000,4.000000,4.000000,4.000000,4.000000,4.000000,4.000000,4.000000,4.000000,100.000000,,,,,,,,,,,,,,,,,,,,,,,,,,,,,,,,,,,,,,,,,,,,,,,,,,,,,,,,,,,,,,,,,,,,,,,,,,,,,,,,,,,,,,
1676060272.898130,1676060272.898135,80.000000,0.000000,4279.615234,4285.641113,4299.871582,4300.897461,4317.436035,4251.538574,4305.512695,4311.666504,4320.000000,4302.436035,4470.000000,4496.025879,4445.000000,4421.538574,3137.000000,4.000000,85.000000,,,,0.000000,4.000000,4.000000,4.000000,4.000000,4.000000,4.000000,4.000000,4.000000,4.000000,4.000000,4.000000,4.000000,4.000000,4.000000,100.000000,,,,,,,,,,,,,,,,,,,,,,,,,,,,,,,,,,,,,,,,,,,,,,,,,,,,,,,,,,,,,,,,,,,,,,,,,,,,,,,,,,,,,,
1676060272.905938,1676060272.906044,81.000000,0.000000,4264.871582,4266.410156,4283.077148,4286.538574,4310.128418,4256.282227,4293.974121,4305.128418,4311.538574,4295.000000,4463.846191,4488.333496,4447.051270,4416.410156,3244.000000,4.000000,85.000000,,,,0.000000,4.000000,4.000000,4.000000,4.000000,4.000000,4.000000,4.000000,4.000000,4.000000,4.000000,4.000000,4.000000,4.000000,4.000000,100.000000,,,,,,,,,,,,,,,,,,,,,,,,,,,,,,,,,,,,,,,,,,,,,,,,,,,,,,,,,,,,,,,,,,,,,,,,,,,,,,,,,,,,,,
1676060272.913746,1676060272.913852,82.000000,0.000000,4254.615234,4254.615234,4275.000000,4277.820313,4311.282227,4262.820313,4292.051270,4307.051270,4299.871582,4298.333496,4455.000000,4478.333496,4439.230957,4404.487305,2735.000000,4.000000,85.000000,,,,0.000000,4.000000,4.000000,4.000000,4.000000,4.000000,4.000000,4.000000,4.000000,4.000000,4.000000,4.000000,4.000000,4.000000,4.000000,100.000000,,,,,,,,,,,,,,,,,,,,,,,,,,,,,,,,,,,,,,,,,,,,,,,,,,,,,,,,,,,,,,,,,,,,,,,,,,,,,,,,,,,,,,
1676060272.921555,1676060272.921761,83.000000,0.000000,4251.153809,4253.589844,4270.641113,4273.974121,4315.384766,4262.307617,4298.974121,4306.922852,4298.589844,4289.358887,4446.922852,4471.153809,4431.538574,4391.282227,2924.000000,4.000000,85.000000,,,,0.000000,4.000000,4.000000,4.000000,4.000000,4.000000,4.000000,4.000000,4.000000,4.000000,4.000000,4.000000,4.000000,4.000000,4.000000,100.000000,,,,,,,,,,,,,,,,,,,,,,,,,,,,,,,,,,,,,,,,,,,,,,,,,,,,,,,,,,,,,,,,,,,,,,,,,,,,,,,,,,,,,,
1676060272.929363,1676060272.929569,84.000000,0.000000,4235.128418,4242.179688,4253.589844,4261.153809,4308.077148,4255.897461,4289.615234,4297.948730,4294.871582,4265.384766,4427.692383,4451.666504,4416.282227,4372.948730,3137.000000,4.000000,85.000000,,,,0.000000,4.000000,4.000000,4.000000,4.000000,4.000000,4.000000,4.000000,4.000000,4.000000,4.000000,4.000000,4.000000,4.000000,4.000000,100.000000,,,,,,,,,,,,,,,,,,,,,,,,,,,,,,,,,,,,,,,,,,,,,,,,,,,,,,,,,,,,,,,,,,,,,,,,,,,,,,,,,,,,,,
1676060272.937172,1676060272.937477,85.000000,0.000000,4221.153809,4232.692383,4242.051270,4252.051270,4301.666504,4246.666504,4276.538574,4294.102539,4285.769043,4266.794922,4413.717773,4437.820313,4399.871582,4360.641113,3244.000000,4.000000,85.000000,,,,0.000000,4.000000,4.000000,4.000000,4.000000,4.000000,4.000000,4.000000,4.000000,4.000000,4.000000,4.000000,4.000000,4.000000,4.000000,100.000000,,,,,,,,,,,,,,,,,,,,,,,,,,,,,,,,,,,,,,,,,,,,,,,,,,,,,,,,,,,,,,,,,,,,,,,,,,,,,,,,,,,,,,
1676060272.944980,1676060272.945286,86.000000,0.000000,4214.230957,4227.820313,4240.384766,4246.025879,4302.307617,4243.333496,4274.102539,4285.384766,4277.051270,4273.974121,4401.538574,4427.436035,4392.307617,4347.692383,2735.000000,4.000000,85.000000,,,,0.000000,4.000000,4.000000,4.000000,4.000000,4.000000,4.000000,4.000000,4.000000,4.000000,4.000000,4.000000,4.000000,4.000000,4.000000,100.000000,,,,,,,,,,,,,,,,,,,,,,,,,,,,,,,,,,,,,,,,,,,,,,,,,,,,,,,,,,,,,,,,,,,,,,,,,,,,,,,,,,,,,,
1676060272.952788,1676060272.953194,87.000000,0.000000,4211.025879,4232.436035,4244.487305,4249.358887,4305.512695,4252.948730,4278.461426,4279.871582,4273.846191,4263.077148,4393.077148,4420.256348,4393.589844,4340.256348,2924.000000,4.000000,85.000000,,,,0.000000,4.000000,4.000000,4.000000,4.000000,4.000000,4.000000,4.000000,4.000000,4.000000,4.000000,4.000000,4.000000,4.000000,4.000000,100.000000,,,,,,,,,,,,,,,,,,,,,,,,,,,,,,,,,,,,,,,,,,,,,,,,,,,,,,,,,,,,,,,,,,,,,,,,,,,,,,,,,,,,,,
1676060272.960597,1676060272.961003,88.000000,0.000000,4224.487305,4251.282227,4260.897461,4267.179688,4315.512695,4263.333496,4292.307617,4297.692383,4289.487305,4266.282227,4409.487305,4441.538574,4400.128418,4362.051270,3137.000000,4.000000,85.000000,,,,0.000000,4.000000,4.000000,4.000000,4.000000,4.000000,4.000000,4.000000,4.000000,4.000000,4.000000,4.000000,4.000000,4.000000,4.000000,100.000000,,,,,,,,,,,,,,,,,,,,,,,,,,,,,,,,,,,,,,,,,,,,,,,,,,,,,,,,,,,,,,,,,,,,,,,,,,,,,,,,,,,,,,
1676060272.968405,1676060272.968911,89.000000,0.000000,4238.461426,4254.487305,4269.871582,4269.743652,4323.333496,4263.974121,4301.410156,4316.410156,4312.692383,4292.307617,4433.717773,4469.230957,4412.948730,4385.897461,3244.000000,4.000000,85.000000,,,,0.000000,4.000000,4.000000,4.000000,4.000000,4.000000,4.000000,4.000000,4.000000,4.000000,4.000000,4.000000,4.000000,4.000000,4.000000,100.000000,,,,,,,,,,,,,,,,,,,,,,,,,,,,,,,,,,,,,,,,,,,,,,,,,,,,,,,,,,,,,,,,,,,,,,,,,,,,,,,,,,,,,,
1676060272.976214,1676060272.976719,90.000000,0.000000,4236.025879,4252.563965,4264.102539,4260.897461,4321.025879,4262.307617,4292.563965,4313.717773,4318.589844,4305.256348,4434.358887,4462.307617,4421.666504,4379.230957,2735.000000,4.000000,85.000000,,,,0.000000,4.000000,4.000000,4.000000,4.000000,4.000000,4.000000,4.000000,4.000000,4.000000,4.000000,4.000000,4.000000,4.000000,4.000000,100.000000,,,,,,,,,,,,,,,,,,,,,,,,,,,,,,,,,,,,,,,,,,,,,,,,,,,,,,,,,,,,,,,,,,,,,,,,,,,,,,,,,,,,,,
1676060272.984022,1676060272.984528,91.000000,0.000000,4227.563965,4263.077148,4256.538574,4263.974121,4318.205078,4260.641113,4276.922852,4298.205078,4300.256348,4286.538574,4409.230957,4438.461426,4400.256348,4357.563965,2924.000000,4.000000,85.000000,,,,0.000000,4.000000,4.000000,4.000000,4.000000,4.000000,4.000000,4.000000,4.000000,4.000000,4.000000,4.000000,4.000000,4.000000,4.000000,100.000000,,,,,,,,,,,,,,,,,,,,,,,,,,,,,,,,,,,,,,,,,,,,,,,,,,,,,,,,,,,,,,,,,,,,,,,,,,,,,,,,,,,,,,
1676060272.991830,1676060272.992336,92.000000,0.000000,4231.666504,4276.025879,4263.717773,4271.282227,4325.897461,4260.512695,4279.102539,4290.512695,4285.384766,4261.794922,4396.538574,4439.487305,4379.487305,4355.897461,3137.000000,4.000000,85.000000,,,,0.000000,4.000000,4.000000,4.000000,4.000000,4.000000,4.000000,4.000000,4.000000,4.000000,4.000000,4.000000,4.000000,4.000000,4.000000,100.000000,,,,,,,,,,,,,,,,,,,,,,,,,,,,,,,,,,,,,,,,,,,,,,,,,,,,,,,,,,,,,,,,,,,,,,,,,,,,,,,,,,,,,,
1676060272.999639,1676060273.000045,93.000000,0.000000,4246.282227,4292.563965,4277.692383,4277.948730,4337.820313,4263.846191,4291.153809,4297.692383,4291.025879,4268.205078,4412.307617,4453.589844,4391.922852,4372.948730,3244.000000,4.000000,85.000000,,,,0.000000,4.000000,4.000000,4.000000,4.000000,4.000000,4.000000,4.000000,4.000000,4.000000,4.000000,4.000000,4.000000,4.000000,4.000000,100.000000,,,,,,,,,,,,,,,,,,,,,,,,,,,,,,,,,,,,,,,,,,,,,,,,,,,,,,,,,,,,,,,,,,,,,,,,,,,,,,,,,,,,,,
1676060273.007447,1676060273.007853,94.000000,0.000000,4244.743652,4305.384766,4275.512695,4283.077148,4342.692383,4265.897461,4289.871582,4300.000000,4294.487305,4285.256348,4414.358887,4449.230957,4390.512695,4371.666504,2735.000000,4.000000,85.000000,,,,0.000000,4.000000,4.000000,4.000000,4.000000,4.000000,4.000000,4.000000,4.000000,4.000000,4.000000,4.000000,4.000000,4.000000,4.000000,100.000000,,,,,,,,,,,,,,,,,2.003968,3.685787,1.689177,1.724861,1.384844,6.416850,3.648673,2.105810,1.898247,1.339808,1.720697,3.802049,2.557771,1.912293,1.392002,1.923014,2.437627,1.793176,1.626637,1.258067,0.622017,0.638533,0.990901,0.784049,0.665584,14.755421,6.024967,2.092374,1.786747,0.742159,0.656334,1.341324,1.295242,1.413135,1.038327,0.343016,1.459233,1.771521,1.871819,1.295966,0.850693,1.333246,1.196543,2.102453,1.253794,1.785912,2.200812,2.925376,2.839130,1.506097,20.383305,5.027307,3.523441,4.727536,2.433603,2.331987,4.713538,2.908582,2.890406,2.389654,10.235175,4.859846,3.522454,3.897384,2.145977,4.356762,5.415615,2.964051,3.243445,2.055101
1676060273.015256,1676060273.015562,95.000000,0.000000,4220.897461,4300.512695,4259.871582,4277.563965,4341.666504,4263.717773,4280.897461,4290.384766,4280.128418,4269.358887,4387.948730,4428.461426,4354.230957,4344.615234,2924.000000,4.000000,85.000000,,,,0.000000,4.000000,4.000000,4.000000,4.000000,4.000000,4.000000,4.000000,4.000000,4.000000,4.000000,4.000000,4.000000,4.000000,4.000000,100.000000,,,,,,,,,,,,,,,,,,,,,,,,,,,,,,,,,,,,,,,,,,,,,,,,,,,,,,,,,,,,,,,,,,,,,,,,,,,,,,,,,,,,,,
1676060273.023064,1676060273.023370,96.000000,0.000000,4216.410156,4303.717773,4258.974121,4274.230957,4345.384766,4262.948730,4286.025879,4290.000000,4274.615234,4258.461426,4382.307617,4423.717773,4338.974121,4335.256348,3137.000000,4.000000,85.000000,,,,0.000000,4.000000,4.000000,4.000000,4.000000,4.000000,4.000000,4.000000,4.000000,4.000000,4.000000,4.000000,4.000000,4.000000,4.000000,100.000000,,,,,,,,,,,,,,,,,,,,,,,,,,,,,,,,,,,,,,,,,,,,,,,,,,,,,,,,,,,,,,,,,,,,,,,,,,,,,,,,,,,,,,
1676060273.030872,1676060273.031079,97.000000,0.000000,4236.666504,4323.205078,4269.230957,4284.743652,4354.871582,4264.102539,4293.077148,4298.846191,4289.743652,4275.641113,4401.410156,4435.897461,4356.410156,4350.641113,3244.000000,4.000000,85.000000,,,,0.000000,4.000000,4.000000,4.000000,4.000000,4.000000,4.000000,4.000000,4.000000,4.000000,4.000000,4.000000,4.000000,4.000000,4.000000,100.000000,,,,,,,,,,,,,,,,,,,,,,,,,,,,,,,,,,,,,,,,,,,,,,,,,,,,,,,,,,,,,,,,,,,,,,,,,,,,,,,,,,,,,,
1676060273.038681,1676060273.038887,98.000000,0.000000,4230.256348,4316.922852,4258.589844,4281.025879,4351.410156,4262.948730,4283.589844,4295.769043,4289.487305,4277.820313,4397.051270,4424.871582,4351.922852,4346.538574,2735.000000,4.000000,85.000000,,,,0.000000,4.000000,4.000000,4.000000,4.000000,4.000000,4.000000,4.000000,4.000000,4.000000,4.000000,4.000000,4.000000,4.000000,4.000000,100.000000,,,,,,,,,,,,,,,,,,,,,,,,,,,,,,,,,,,,,,,,,,,,,,,,,,,,,,,,,,,,,,,,,,,,,,,,,,,,,,,,,,,,,,
1676060273.046489,1676060273.046596,99.000000,0.000000,4205.512695,4295.128418,4243.461426,4264.871582,4339.615234,4257.692383,4271.410156,4286.410156,4278.461426,4265.128418,4385.897461,4405.128418,4331.282227,4330.384766,2924.000000,4.000000,85.000000,,,,0.000000,4.000000,4.000000,4.000000,4.000000,4.000000,4.000000,4.000000,4.000000,4.000000,4.000000,4.000000,4.000000,4.000000,4.000000,100.000000,,,,,,,,,,,,,,,,,,,,,,,,,,,,,,,,,,,,,,,,,,,,,,,,,,,,,,,,,,,,,,,,,,,,,,,,,,,,,,,,,,,,,,
1676060273.054298,1676060273.054504,100.000000,0.000000,4202.436035,4291.666504,4245.512695,4260.128418,4338.461426,4249.358887,4266.794922,4282.307617,4275.256348,4255.641113,4392.692383,4405.384766,4332.307617,4325.128418,3137.000000,4.000000,85.000000,,,,0.000000,4.000000,4.000000,4.000000,4.000000,4.000000,4.000000,4.000000,4.000000,4.000000,4.000000,4.000000,4.000000,4.000000,4.000000,100.000000,,,,,,,,,,,,,,,,,,,,,,,,,,,,,,,,,,,,,,,,,,,,,,,,,,,,,,,,,,,,,,,,,,,,,,,,,,,,,,,,,,,,,,
1676060273.062106,1676060273.062313,101.000000,0.000000,4210.384766,4294.102539,4247.307617,4262.692383,4346.025879,4246.538574,4263.077148,4278.461426,4269.871582,4248.589844,4401.282227,4408.461426,4341.794922,4323.717773,3244.000000,4.000000,85.000000,,,,0.000000,4.000000,4.000000,4.000000,4.000000,4.000000,4.000000,4.000000,4.000000,4.000000,4.000000,4.000000,4.000000,4.000000,4.000000,100.000000,,,,,,,,,,,,,,,,,,,,,,,,,,,,,,,,,,,,,,,,,,,,,,,,,,,,,,,,,,,,,,,,,,,,,,,,,,,,,,,,,,,,,,
1676060273.069914,1676060273.070221,102.000000,0.000000,4216.922852,4291.153809,4250.769043,4263.333496,4349.487305,4247.179688,4262.179688,4278.333496,4270.512695,4260.641113,4409.615234,4408.205078,4343.077148,4330.897461,2735.000000,4.000000,85.000000,,,,0.000000,4.000000,4.000000,4.000000,4.000000,4.000000,4.000000,4.000000,4.000000,4.000000,4.000000,4.000000,4.000000,4.000000,4.000000,100.000000,,,,,,,,,,,,,,,,,,,,,,,,,,,,,,,,,,,,,,,,,,,,,,,,,,,,,,,,,,,,,,,,,,,,,,,,,,,,,,,,,,,,,,
1676060273.077723,1676060273.078029,103.000000,0.000000,4227.307617,4294.230957,4261.025879,4264.230957,4349.487305,4247.307617,4268.461426,4280.897461,4281.282227,4281.666504,4423.077148,4419.358887,4344.871582,4342.307617,2924.000000,4.000000,85.000000,,,,0.000000,4.000000,4.000000,4.000000,4.000000,4.000000,4.000000,4.000000,4.000000,4.000000,4.000000,4.000000,4.000000,4.000000,4.000000,100.000000,,,,,,,,,,,,,,,,,,,,,,,,,,,,,,,,,,,,,,,,,,,,,,,,,,,,,,,,,,,,,,,,,,,,,,,,,,,,,,,,,,,,,,
1676060273.085531,1676060273.085938,104.000000,0.000000,4231.410156,4298.589844,4265.384766,4268.205078,4349.871582,4250.384766,4276.282227,4280.384766,4279.871582,4277.563965,4427.179688,4427.692383,4351.794922,4344.487305,3137.000000,4.000000,85.000000,,,,0.000000,4.000000,4.000000,4.000000,4.000000,4.000000,4.000000,4.000000,4.000000,4.000000,4.000000,4.000000,4.000000,4.000000,4.000000,100.000000,,,,,,,,,,,,,,,,,,,,,,,,,,,,,,,,,,,,,,,,,,,,,,,,,,,,,,,,,,,,,,,,,,,,,,,,,,,,,,,,,,,,,,
1676060273.093339,1676060273.093746,105.000000,0.000000,4235.256348,4300.384766,4271.538574,4276.410156,4354.358887,4259.230957,4282.563965,4286.410156,4278.589844,4273.846191,4433.077148,4430.769043,4362.692383,4354.871582,3244.000000,4.000000,85.000000,,,,0.000000,4.000000,4.000000,4.000000,4.000000,4.000000,4.000000,4.000000,4.000000,4.000000,4.000000,4.000000,4.000000,4.000000,4.000000,100.000000,,,,,,,,,,,,,,,,,,,,,,,,,,,,,,,,,,,,,,,,,,,,,,,,,,,,,,,,,,,,,,,,,,,,,,,,,,,,,,,,,,,,,,
1676060273.101148,1676060273.101655,106.000000,0.000000,4248.333496,4305.000000,4286.410156,4282.307617,4359.230957,4264.102539,4285.000000,4297.436035,4291.794922,4284.487305,4449.743652,4442.692383,4372.179688,4372.563965,2735.000000,4.000000,85.000000,,,,0.000000,4.000000,4.000000,4.000000,4.000000,4.000000,4.000000,4.000000,4.000000,4.000000,4.000000,4.000000,4.000000,4.000000,4.000000,100.000000,,,,,,,,,,,,,,,,,,,,,,,,,,,,,,,,,,,,,,,,,,,,,,,,,,,,,,,,,,,,,,,,,,,,,,,,,,,,,,,,,,,,,,
1676060273.108956,1676060273.109463,107.000000,0.000000,4249.102539,4303.205078,4286.410156,4279.743652,4352.179688,4253.717773,4281.153809,4294.358887,4289.487305,4277.820313,4448.589844,4442.692383,4363.205078,4367.692383,2924.000000,4.000000,85.000000,,,,0.000000,4.000000,4.000000,4.000000,4.000000,4.000000,4.000000,4.000000,4.000000,4.000000,4.000000,4.000000,4.000000,4.000000,4.000000,100.000000,,,,,,,,,,,,,,,,,,,,,,,,,,,,,,,,,,,,,,,,,,,,,,,,,,,,,,,,,,,,,,,,,,,,,,,,,,,,,,,,,,,,,,
1676060273.116764,1676060273.117371,108.000000,0.000000,4241.794922,4299.230957,4281.794922,4279.615234,4347.179688,4252.436035,4283.333496,4290.256348,4281.666504,4269.487305,4438.974121,4438.077148,4357.692383,4359.487305,3137.000000,4.000000,85.000000,,,,0.000000,4.000000,4.000000,4.000000,4.000000,4.000000,4.000000,4.000000,4.000000,4.000000,4.000000,4.000000,4.000000,4.000000,4.000000,100.000000,,,,,,,,,,,,,,,,,,,,,,,,,,,,,,,,,,,,,,,,,,,,,,,,,,,,,,,,,,,,,,,,,,,,,,,,,,,,,,,,,,,,,,
1676060273.124573,1676060273.125180,109.000000,0.000000,4232.307617,4288.717773,4268.077148,4268.589844,4339.358887,4253.717773,4273.846191,4282.948730,4272.436035,4255.897461,4420.000000,4423.205078,4358.205078,4351.922852,3244.000000,4.000000,85.000000,,,,0.000000,4.000000,4.000000,4.000000,4.000000,4.000000,4.000000,4.000000,4.000000,4.000000,4.000000,4.000000,4.000000,4.000000,4.000000,100.000000,,,,,,,,,,,,,,,,,,,,,,,,,,,,,,,,,,,,,,,,,,,,,,,,,,,,,,,,,,,,,,,,,,,,,,,,,,,,,,,,,,,,,,
1676060273.132381,1676060273.133088,110.000000,0.000000,4210.769043,4261.666504,4230.384766,4240.641113,4316.922852,4234.615234,4244.358887,4257.179688,4249.102539,4227.820313,4377.563965,4385.641113,4329.102539,4320.769043,2735.000000,4.000000,85.000000,,,,0.000000,4.000000,4.000000,4.000000,4.000000,4.000000,4.000000,4.000000,4.000000,4.000000,4.000000,4.000000,4.000000,4.000000,4.000000,100.000000,,,,,,,,,,,,,,,,,1.796306,4.542260,1.488709,2.028481,1.507830,6.257094,4.110156,1.810094,2.011366,1.482472,1.622492,4.674762,2.251127,2.208209,1.556305,2.206677,3.031536,1.342703,1.711820,1.392004,0.554179,0.743313,0.908799,0.870288,0.761541,15.403724,6.427581,2.383693,1.932572,0.811796,0.545687,1.489521,1.396007,1.622823,1.192242,0.407677,1.278332,1.768203,2.249015,1.513576,0.851804,1.374113,1.198884,2.427835,1.467442,1.572347,2.250182,2.691697,3.158614,1.720316,20.700603,5.342286,3.877981,5.515919,2.807245,2.519614,6.067201,2.787032,3.419039,2.734563,9.482564,5.374044,3.669341,4.629340,2.441518,3.615088,6.753233,2.918921,3.869612,2.331234
1676060273.140190,1676060273.140897,111.000000,0.000000,4212.948730,4265.000000,4237.948730,4246.025879,4322.692383,4240.000000,4257.051270,4273.846191,4266.666504,4249.871582,4383.461426,4396.538574,4327.692383,4325.769043,2924.000000,4.000000,85.000000,,,,0.000000,4.000000,4.000000,4.000000,4.000000,4.000000,4.000000,4.000000,4.000000,4.000000,4.000000,4.000000,4.000000,4.000000,4.000000,100.000000,,,,,,,,,,,,,,,,,,,,,,,,,,,,,,,,,,,,,,,,,,,,,,,,,,,,,,,,,,,,,,,,,,,,,,,,,,,,,,,,,,,,,,
1676060273.147998,1676060273.148805,112.000000,0.000000,4251.538574,4312.948730,4290.897461,4285.641113,4355.000000,4273.205078,4301.153809,4322.051270,4314.230957,4302.692383,4441.025879,4456.025879,4383.461426,4383.589844,3137.000000,4.000000,85.000000,,,,0.000000,4.000000,4.000000,4.000000,4.000000,4.000000,4.000000,4.000000,4.000000,4.000000,4.000000,4.000000,4.000000,4.000000,4.000000,100.000000,,,,,,,,,,,,,,,,,,,,,,,,,,,,,,,,,,,,,,,,,,,,,,,,,,,,,,,,,,,,,,,,,,,,,,,,,,,,,,,,,,,,,,
1676060273.155806,1676060273.156613,113.000000,0.000000,4254.358887,4321.410156,4281.410156,4285.512695,4345.641113,4263.205078,4281.410156,4300.000000,4292.051270,4281.538574,4424.358887,4443.589844,4381.153809,4380.384766,3244.000000,4.000000,85.000000,,,,0.000000,4.000000,4.000000,4.000000,4.000000,4.000000,4.000000,4.000000,4.000000,4.000000,4.000000,4.000000,4.000000,4.000000,4.000000,100.000000,,,,,,,,,,,,,,,,,,,,,,,,,,,,,,,,,,,,,,,,,,,,,,,,,,,,,,,,,,,,,,,,,,,,,,,,,,,,,,,,,,,,,,
1676060273.163615,1676060273.164522,114.000000,0.000000,4222.948730,4295.000000,4239.615234,4260.128418,4312.051270,4227.307617,4235.512695,4248.974121,4238.717773,4230.128418,4355.769043,4386.794922,4317.436035,4323.589844,2735.000000,4.000000,85.000000,,,,0.000000,4.000000,4.000000,4.000000,4.000000,4.000000,4.000000,4.000000,4.000000,4.000000,4.000000,4.000000,4.000000,4.000000,4.000000,100.000000,,,,,,,,,,,,,,,,,,,,,,,,,,,,,,,,,,,,,,,,,,,,,,,,,,,,,,,,,,,,,,,,,,,,,,,,,,,,,,,,,,,,,,
1676060273.171423,1676060273.172430,115.000000,0.000000,4227.436035,4314.615234,4253.717773,4273.461426,4321.025879,4234.230957,4248.974121,4257.307617,4251.153809,4245.000000,4350.641113,4396.282227,4305.769043,4326.538574,2924.000000,4.000000,85.000000,,,,0.000000,4.000000,4.000000,4.000000,4.000000,4.000000,4.000000,4.000000,4.000000,4.000000,4.000000,4.000000,4.000000,4.000000,4.000000,100.000000,,,,,,,,,,,,,,,,,,,,,,,,,,,,,,,,,,,,,,,,,,,,,,,,,,,,,,,,,,,,,,,,,,,,,,,,,,,,,,,,,,,,,,
1676060273.179232,1676060273.180239,116.000000,0.000000,4243.077148,4344.102539,4272.820313,4293.717773,4337.692383,4251.153809,4270.000000,4271.794922,4272.051270,4261.666504,4359.743652,4411.794922,4312.692383,4348.077148,3137.000000,4.000000,85.000000,,,,0.000000,4.000000,4.000000,4.000000,4.000000,4.000000,4.000000,4.000000,4.000000,4.000000,4.000000,4.000000,4.000000,4.000000,4.000000,100.000000,,,,,,,,,,,,,,,,,,,,,,,,,,,,,,,,,,,,,,,,,,,,,,,,,,,,,,,,,,,,,,,,,,,,,,,,,,,,,,,,,,,,,,
1676060273.187040,1676060273.188147,117.000000,0.000000,4241.794922,4345.897461,4266.794922,4292.820313,4331.410156,4247.563965,4263.333496,4262.692383,4257.307617,4234.358887,4344.615234,4398.717773,4296.922852,4337.179688,3244.000000,4.000000,85.000000,,,,0.000000,4.000000,4.000000,4.000000,4.000000,4.000000,4.000000,4.000000,4.000000,4.000000,4.000000,4.000000,4.000000,4.000000,4.000000,100.000000,,,,,,,,,,,,,,,,,,,,,,,,,,,,,,,,,,,,,,,,,,,,,,,,,,,,,,,,,,,,,,,,,,,,,,,,,,,,,,,,,,,,,,
1676060273.194848,1676060273.195955,118.000000,0.000000,4248.461426,4347.307617,4276.794922,4295.512695,4327.692383,4250.000000,4268.846191,4273.333496,4257.051270,4227.179688,4351.410156,4413.333496,4301.922852,4342.307617,2735.000000,4.000000,85.000000,,,,0.000000,4.000000,4.000000,4.000000,4.000000,4.000000,4.000000,4.000000,4.000000,4.000000,4.000000,4.000000,4.000000,4.000000,4.000000,100.000000,,,,,,,,,,,,,,,,,,,,,,,,,,,,,,,,,,,,,,,,,,,,,,,,,,,,,,,,,,,,,,,,,,,,,,,,,,,,,,,,,,,,,,
1676060273.202657,1676060273.203764,119.000000,0.000000,4265.384766,4362.563965,4301.538574,4308.974121,4341.538574,4265.641113,4294.487305,4297.436035,4281.153809,4264.102539,4379.230957,4447.692383,4327.436035,4373.846191,2924.000000,4.000000,85.000000,,,,0.000000,4.000000,4.000000,4.000000,4.000000,4.000000,4.000000,4.000000,4.000000,4.000000,4.000000,4.000000,4.000000,4.000000,4.000000,100.000000,,,,,,,,,,,,,,,,,,,,,,,,,,,,,,,,,,,,,,,,,,,,,,,,,,,,,,,,,,,,,,,,,,,,,,,,,,,,,,,,,,,,,,
1676060273.210465,1676060273.211472,120.000000,0.000000,4271.666504,4367.563965,4309.487305,4310.641113,4351.794922,4273.846191,4304.358887,4305.384766,4291.025879,4286.666504,4388.974121,4451.538574,4333.717773,4381.410156,3137.000000,4.000000,85.000000,,,,0.000000,4.000000,4.000000,4.000000,4.000000,4.000000,4.000000,4.000000,4.000000,4.000000,4.000000,4.000000,4.000000,4.000000,4.000000,100.000000,,,,,,,,,,,,,,,,,,,,,,,,,,,,,,,,,,,,,,,,,,,,,,,,,,,,,,,,,,,,,,,,,,,,,,,,,,,,,,,,,,,,,,
1676060273.218274,1676060273.219281,121.000000,0.000000,4263.589844,4350.897461,4293.205078,4298.333496,4338.717773,4265.000000,4286.922852,4295.769043,4279.871582,4269.615234,4369.743652,4430.769043,4321.794922,4362.563965,3244.000000,4.000000,85.000000,,,,0.000000,4.000000,4.000000,4.000000,4.000000,4.000000,4.000000,4.000000,4.000000,4.000000,4.000000,4.000000,4.000000,4.000000,4.000000,100.000000,,,,,,,,,,,,,,,,,,,,,,,,,,,,,,,,,,,,,,,,,,,,,,,,,,,,,,,,,,,,,,,,,,,,,,,,,,,,,,,,,,,,,,
1676060273.226082,1676060273.226989,122.000000,0.000000,4261.666504,4341.666504,4281.794922,4297.563965,4326.666504,4261.922852,4280.897461,4294.358887,4279.230957,4266.794922,4361.282227,4431.282227,4322.563965,4365.000000,2735.000000,4.000000,85.000000,,,,0.000000,4.000000,4.000000,4.000000,4.000000,4.000000,4.000000,4.000000,4.000000,4.000000,4.000000,4.000000,4.000000,4.000000,4.000000,100.000000,,,,,,,,,,,,,,,,,,,,,,,,,,,,,,,,,,,,,,,,,,,,,,,,,,,,,,,,,,,,,,,,,,,,,,,,,,,,,,,,,,,,,,
1676060273.233890,1676060273.234798,123.000000,0.000000,4257.051270,4339.871582,4282.948730,4295.128418,4324.743652,4264.871582,4286.922852,4300.128418,4284.743652,4277.051270,4367.692383,4434.487305,4322.563965,4371.282227,2924.000000,4.000000,85.000000,,,,0.000000,4.000000,4.000000,4.000000,4.000000,4.000000,4.000000,4.000000,4.000000,4.000000,4.000000,4.000000,4.000000,4.000000,4.000000,100.000000,,,,,,,,,,,,,,,,,,,,,,,,,,,,,,,,,,,,,,,,,,,,,,,,,,,,,,,,,,,,,,,,,,,,,,,,,,,,,,,,,,,,,,
1676060273.241699,1676060273.242506,124.000000,0.000000,4237.820313,4322.051270,4267.436035,4273.333496,4317.563965,4252.948730,4272.051270,4286.410156,4269.743652,4259.743652,4350.384766,4410.641113,4306.025879,4347.563965,3137.000000,4.000000,85.000000,,,,0.000000,4.000000,4.000000,4.000000,4.000000,4.000000,4.000000,4.000000,4.000000,4.000000,4.000000,4.000000,4.000000,4.000000,4.000000,100.000000,,,,,,,,,,,,,,,,,,,,,,,,,,,,,,,,,,,,,,,,,,,,,,,,,,,,,,,,,,,,,,,,,,,,,,,,,,,,,,,,,,,,,,
1676060273.249507,1676060273.250315,125.000000,0.000000,4232.692383,4307.820313,4252.948730,4264.102539,4311.025879,4244.358887,4262.563965,4276.666504,4261.666504,4241.410156,4330.256348,4397.563965,4299.358887,4331.794922,3244.000000,4.000000,85.000000,,,,0.000000,4.000000,4.000000,4.000000,4.000000,4.000000,4.000000,4.000000,4.000000,4.000000,4.000000,4.000000,4.000000,4.000000,4.000000,100.000000,,,,,,,,,,,,,,,,,,,,,,,,,,,,,,,,,,,,,,,,,,,,,,,,,,,,,,,,,,,,,,,,,,,,,,,,,,,,,,,,,,,,,,
1676060273.257316,1676060273.258023,126.000000,0.000000,4248.589844,4320.897461,4271.153809,4284.230957,4318.077148,4257.307617,4280.897461,4290.128418,4275.769043,4246.666504,4342.820313,4420.897461,4311.794922,4353.717773,2735.000000,4.000000,85.000000,,,,0.000000,4.000000,4.000000,4.000000,4.000000,4.000000,4.000000,4.000000,4.000000,4.000000,4.000000,4.000000,4.000000,4.000000,4.000000,100.000000,,,,,,,,,,,,,,,,,1.619883,5.550168,1.312106,2.246834,1.543028,5.847007,4.579392,1.646773,2.056477,1.556188,1.578201,5.614732,1.973672,2.414750,1.641155,2.630337,3.655957,1.042993,1.747765,1.434912,0.499578,0.848952,0.925591,0.969888,0.811328,14.020290,5.953882,2.505431,1.919794,0.816112,0.519191,1.600523,1.639822,1.772215,1.285559,0.540521,1.134050,1.937255,2.510631,1.632778,0.949022,1.425733,1.321744,2.601517,1.595224,1.333234,2.288311,2.570204,3.272581,1.816973,19.805111,5.907733,4.329808,5.886986,3.039856,2.934717,7.700222,2.758480,3.769949,2.907243,8.138372,5.935063,3.834602,5.042467,2.611781,2.894924,8.144855,2.882954,4.242840,2.486115
1676060273.265124,1676060273.265932,127.000000,0.000000,4253.205078,4331.410156,4281.794922,4293.461426,4324.871582,4264.871582,4283.205078,4286.282227,4272.179688,4252.179688,4352.051270,4430.512695,4319.358887,4368.589844,85.000000,4.000000,85.000000,,,,0.000000,4.000000,4.000000,4.000000,4.000000,4.000000,4.000000,4.000000,4.000000,4.000000,4.000000,4.000000,4.000000,4.000000,4.000000,100.000000,,,,,,,,,,,,,,,,,,,,,,,,,,,,,,,,,,,,,,,,,,,,,,,,,,,,,,,,,,,,,,,,,,,,,,,,,,,,,,,,,,,,,,
1676060273.272932,1676060273.273740,0.000000,0.000000,4254.743652,4332.563965,4276.794922,4290.000000,4323.589844,4260.384766,4271.410156,4275.256348,4266.666504,4259.615234,4351.153809,4423.077148,4327.307617,4365.384766,2530.000000,4.000000,85.000000,,,,0.000000,4.000000,4.000000,4.000000,4.000000,4.000000,4.000000,4.000000,4.000000,4.000000,4.000000,4.000000,4.000000,4.000000,4.000000,100.000000,,,,,,,,,,,,,,,,,,,,,,,,,,,,,,,,,,,,,,,,,,,,,,,,,,,,,,,,,,,,,,,,,,,,,,,,,,,,,,,,,,,,,,
1676060273.280741,1676060273.281648,1.000000,0.000000,4264.871582,4338.589844,4283.205078,4297.692383,4320.897461,4261.410156,4281.922852,4289.230957,4283.589844,4272.179688,4358.461426,4433.461426,4337.692383,4368.205078,2486.000000,4.000000,85.000000,,,,0.000000,4.000000,4.000000,4.000000,4.000000,4.000000,4.000000,4.000000,4.000000,4.000000,4.000000,4.000000,4.000000,4.000000,4.000000,100.000000,,,,,,,,,,,,,,,,,,,,,,,,,,,,,,,,,,,,,,,,,,,,,,,,,,,,,,,,,,,,,,,,,,,,,,,,,,,,,,,,,,,,,,
1676060273.288549,1676060273.289457,2.000000,0.000000,4257.051270,4323.846191,4276.922852,4287.820313,4312.948730,4259.743652,4282.563965,4288.461426,4278.077148,4260.000000,4341.794922,4427.051270,4315.256348,4356.025879,2418.000000,4.000000,85.000000,,,,0.000000,4.000000,4.000000,4.000000,4.000000,4.000000,4.000000,4.000000,4.000000,4.000000,4.000000,4.000000,4.000000,4.000000,4.000000,100.000000,,,,,,,,,,,,,,,,,,,,,,,,,,,,,,,,,,,,,,,,,,,,,,,,,,,,,,,,,,,,,,,,,,,,,,,,,,,,,,,,,,,,,,
1676060273.296357,1676060273.297365,3.000000,0.000000,4239.230957,4297.692383,4256.153809,4261.025879,4307.179688,4253.077148,4266.282227,4267.179688,4252.307617,4237.692383,4315.384766,4403.205078,4289.358887,4337.179688,2464.000000,4.000000,85.000000,,,,0.000000,4.000000,4.000000,4.000000,4.000000,4.000000,4.000000,4.000000,4.000000,4.000000,4.000000,4.000000,4.000000,4.000000,4.000000,100.000000,,,,,,,,,,,,,,,,,,,,,,,,,,,,,,,,,,,,,,,,,,,,,,,,,,,,,,,,,,,,,,,,,,,,,,,,,,,,,,,,,,,,,,
1676060273.304166,1676060273.305174,4.000000,0.000000,4248.333496,4307.692383,4263.461426,4267.436035,4310.000000,4257.692383,4273.205078,4277.820313,4263.846191,4247.563965,4329.615234,4410.256348,4308.846191,4348.846191,2439.000000,4.000000,85.000000,,,,0.000000,4.000000,4.000000,4.000000,4.000000,4.000000,4.000000,4.000000,4.000000,4.000000,4.000000,4.000000,4.000000,4.000000,4.000000,100.000000,,,,,,,,,,,,,,,,,,,,,,,,,,,,,,,,,,,,,,,,,,,,,,,,,,,,,,,,,,,,,,,,,,,,,,,,,,,,,,,,,,,,,,
1676060273.311974,1676060273.313082,5.000000,0.000000,4267.051270,4333.589844,4288.077148,4293.974121,4314.358887,4267.436035,4291.666504,4305.897461,4296.794922,4275.000000,4356.922852,4436.538574,4332.051270,4371.410156,2378.000000,4.000000,85.000000,,,,0.000000,4.000000,4.000000,4.000000,4.000000,4.000000,4.000000,4.000000,4.000000,4.000000,4.000000,4.000000,4.000000,4.000000,4.000000,100.000000,,,,,,,,,,,,,,,,,,,,,,,,,,,,,,,,,,,,,,,,,,,,,,,,,,,,,,,,,,,,,,,,,,,,,,,,,,,,,,,,,,,,,,
1676060273.319783,1676060273.320890,6.000000,0.000000,4262.692383,4327.563965,4282.820313,4290.384766,4315.256348,4266.153809,4287.563965,4305.256348,4296.538574,4277.820313,4347.307617,4437.051270,4319.743652,4361.538574,2232.000000,4.000000,85.000000,,,,0.000000,4.000000,4.000000,4.000000,4.000000,4.000000,4.000000,4.000000,4.000000,4.000000,4.000000,4.000000,4.000000,4.000000,4.000000,100.000000,,,,,,,,,,,,,,,,,,,,,,,,,,,,,,,,,,,,,,,,,,,,,,,,,,,,,,,,,,,,,,,,,,,,,,,,,,,,,,,,,,,,,,
1676060273.327591,1676060273.328799,7.000000,0.000000,4244.871582,4305.641113,4261.922852,4272.051270,4308.461426,4261.538574,4276.410156,4293.205078,4279.615234,4262.692383,4327.948730,4419.230957,4306.282227,4343.333496,2229.000000,4.000000,85.000000,,,,0.000000,4.000000,4.000000,4.000000,4.000000,4.000000,4.000000,4.000000,4.000000,4.000000,4.000000,4.000000,4.000000,4.000000,4.000000,100.000000,,,,,,,,,,,,,,,,,,,,,,,,,,,,,,,,,,,,,,,,,,,,,,,,,,,,,,,,,,,,,,,,,,,,,,,,,,,,,,,,,,,,,,
1676060273.335399,1676060273.336607,8.000000,0.000000,4232.436035,4297.563965,4259.102539,4270.641113,4298.205078,4263.077148,4277.948730,4288.589844,4273.205078,4252.563965,4327.179688,4413.846191,4304.102539,4345.128418,2284.000000,4.000000,85.000000,,,,0.000000,4.000000,4.000000,4.000000,4.000000,4.000000,4.000000,4.000000,4.000000,4.000000,4.000000,4.000000,4.000000,4.000000,4.000000,100.000000,,,,,,,,,,,,,,,,,,,,,,,,,,,,,,,,,,,,,,,,,,,,,,,,,,,,,,,,,,,,,,,,,,,,,,,,,,,,,,,,,,,,,,
1676060273.343208,1676060273.344516,9.000000,0.000000,4233.589844,4297.179688,4267.563965,4276.922852,4295.641113,4267.820313,4282.563965,4282.820313,4272.307617,4245.384766,4328.333496,4421.282227,4297.436035,4346.666504,2247.000000,4.000000,85.000000,,,,0.000000,4.000000,4.000000,4.000000,4.000000,4.000000,4.000000,4.000000,4.000000,4.000000,4.000000,4.000000,4.000000,4.000000,4.000000,100.000000,,,,,,,,,,,,,,,,,,,,,,,,,,,,,,,,,,,,,,,,,,,,,,,,,,,,,,,,,,,,,,,,,,,,,,,,,,,,,,,,,,,,,,
1676060273.351016,1676060273.352324,10.000000,0.000000,4239.615234,4300.769043,4266.666504,4287.179688,4300.000000,4263.461426,4283.589844,4283.333496,4274.871582,4246.922852,4322.692383,4430.641113,4293.974121,4341.922852,2753.000000,4.000000,85.000000,,,,0.000000,4.000000,4.000000,4.000000,4.000000,4.000000,4.000000,4.000000,4.000000,4.000000,4.000000,4.000000,4.000000,4.000000,4.000000,100.000000,,,,,,,,,,,,,,,,,,,,,,,,,,,,,,,,,,,,,,,,,,,,,,,,,,,,,,,,,,,,,,,,,,,,,,,,,,,,,,,,,,,,,,
1676060273.358824,1676060273.360033,11.000000,0.000000,4235.128418,4303.589844,4258.717773,4295.512695,4294.230957,4251.922852,4275.000000,4285.128418,4277.051270,4255.128418,4315.000000,4427.820313,4288.717773,4336.794922,2932.000000,4.000000,85.000000,,,,0.000000,4.000000,4.000000,4.000000,4.000000,4.000000,4.000000,4.000000,4.000000,4.000000,4.000000,4.000000,4.000000,4.000000,4.000000,100.000000,,,,,,,,,,,,,,,,,,,,,,,,,,,,,,,,,,,,,,,,,,,,,,,,,,,,,,,,,,,,,,,,,,,,,,,,,,,,,,,,,,,,,,
1676060273.366633,1676060273.367841,12.000000,0.000000,4238.974121,4304.487305,4265.384766,4302.051270,4285.384766,4251.666504,4267.436035,4279.102539,4274.487305,4258.077148,4323.333496,4428.205078,4285.769043,4338.846191,3149.000000,4.000000,85.000000,,,,0.000000,4.000000,4.000000,4.000000,4.000000,4.000000,4.000000,4.000000,4.000000,4.000000,4.000000,4.000000,4.000000,4.000000,4.000000,100.000000,,,,,,,,,,,,,,,,,,,,,,,,,,,,,,,,,,,,,,,,,,,,,,,,,,,,,,,,,,,,,,,,,,,,,,,,,,,,,,,,,,,,,,
1676060273.374441,1676060273.375550,13.000000,0.000000,4263.461426,4323.077148,4285.769043,4324.615234,4298.974121,4263.205078,4277.051270,4282.563965,4277.051270,4262.692383,4352.563965,4457.692383,4308.589844,4363.717773,3258.000000,4.000000,85.000000,,,,0.000000,4.000000,4.000000,4.000000,4.000000,4.000000,4.000000,4.000000,4.000000,4.000000,4.000000,4.000000,4.000000,4.000000,4.000000,100.000000,,,,,,,,,,,,,,,,,,,,,,,,,,,,,,,,,,,,,,,,,,,,,,,,,,,,,,,,,,,,,,,,,,,,,,,,,,,,,,,,,,,,,,
1676060273.382249,1676060273.383358,14.000000,0.000000,4277.820313,4343.589844,4296.922852,4345.128418,4315.769043,4267.820313,4287.051270,4293.077148,4285.384766,4270.512695,4371.538574,4485.128418,4332.436035,4389.230957,2753.000000,4.000000,85.000000,,,,0.000000,4.000000,4.000000,4.000000,4.000000,4.000000,4.000000,4.000000,4.000000,4.000000,4.000000,4.000000,4.000000,4.000000,4.000000,100.000000,1.000000,25.000000,4.000000,4.000000,3.000000,4.000000,4.000000,1.000000,3.000000,3.000000,4.000000,1.000000,1.000000,1.000000,3.000000,3.000000,1.467457,6.651487,1.166732,2.348641,1.488791,5.574744,5.005454,1.594654,2.044935,1.558242,1.556849,6.581198,1.732274,2.502175,1.630217,3.052134,4.215417,0.904264,1.744423,1.380865,0.481650,0.932690,1.005478,1.066635,0.808158,11.004132,4.778208,2.424327,1.786644,0.757989,0.555470,1.684590,1.922984,1.847240,1.301678,0.688405,1.057155,2.190616,2.612171,1.628792,1.096367,1.480471,1.543299,2.603672,1.615400,1.129883,2.337904,2.651799,3.173748,1.783970,17.813473,6.620029,4.709672,5.798029,3.097984,3.321273,9.404476,2.773578,3.897272,2.878667,6.802847,6.452372,3.915209,5.082043,2.629814,2.290823,9.399194,2.814935,4.315336,2.494420
1676060273.390058,1676060273.391067,15.000000,0.000000,4268.333496,4333.461426,4290.641113,4335.641113,4305.641113,4263.589844,4282.820313,4291.025879,4277.307617,4260.512695,4368.589844,4477.948730,4322.179688,4378.589844,2932.000000,4.000000,85.000000,,,,0.000000,4.000000,4.000000,4.000000,4.000000,4.000000,4.000000,4.000000,4.000000,4.000000,4.000000,4.000000,4.000000,4.000000,4.000000,100.000000,,,,,,,,,,,,,,,,,,,,,,,,,,,,,,,,,,,,,,,,,,,,,,,,,,,,,,,,,,,,,,,,,,,,,,,,,,,,,,,,,,,,,,
1676060273.397866,1676060273.398875,16.000000,0.000000,4257.307617,4310.000000,4277.563965,4315.769043,4292.179688,4261.538574,4277.563965,4286.538574,4262.051270,4241.666504,4373.077148,4458.717773,4298.717773,4356.538574,0.000000,4.000000,85.000000,,,,0.000000,4.000000,4.000000,4.000000,4.000000,4.000000,4.000000,4.000000,4.000000,4.000000,4.000000,4.000000,4.000000,4.000000,4.000000,100.000000,,,,,,,,,,,,,,,,,,,,,,,,,,,,,,,,,,,,,,,,,,,,,,,,,,,,,,,,,,,,,,,,,,,,,,,,,,,,,,,,,,,,,,
1676060273.405675,1676060273.406584,17.000000,0.000000,4252.563965,4305.641113,4268.077148,4310.512695,4292.307617,4265.000000,4279.743652,4286.410156,4267.820313,4238.846191,4385.512695,4451.666504,4291.922852,4353.461426,0.000000,4.000000,85.000000,,,,0.000000,4.000000,4.000000,4.000000,4.000000,4.000000,4.000000,4.000000,4.000000,4.000000,4.000000,4.000000,4.000000,4.000000,4.000000,100.000000,,,,,,,,,,,,,,,,,,,,,,,,,,,,,,,,,,,,,,,,,,,,,,,,,,,,,,,,,,,,,,,,,,,,,,,,,,,,,,,,,,,,,,
1676060273.413483,1676060273.414392,18.000000,0.000000,4248.333496,4315.256348,4265.384766,4312.051270,4289.487305,4264.230957,4281.666504,4290.000000,4282.307617,4251.794922,4386.282227,4453.974121,4298.461426,4353.846191,0.000000,4.000000,85.000000,,,,0.000000,4.000000,4.000000,4.000000,4.000000,4.000000,4.000000,4.000000,4.000000,4.000000,4.000000,4.000000,4.000000,4.000000,4.000000,100.000000,,,,,,,,,,,,,,,,,,,,,,,,,,,,,,,,,,,,,,,,,,,,,,,,,,,,,,,,,,,,,,,,,,,,,,,,,,,,,,,,,,,,,,
1676060273.421291,1676060273.422101,19.000000,0.000000,4234.743652,4300.897461,4251.025879,4296.410156,4274.615234,4248.589844,4269.102539,4285.384766,4274.743652,4251.153809,4365.897461,4438.589844,4286.025879,4334.871582,0.000000,4.000000,85.000000,,,,0.000000,4.000000,4.000000,4.000000,4.000000,4.000000,4.000000,4.000000,4.000000,4.000000,4.000000,4.000000,4.000000,4.000000,4.000000,100.000000,,,,,,,,,,,,,,,,,,,,,,,,,,,,,,,,,,,,,,,,,,,,,,,,,,,,,,,,,,,,,,,,,,,,,,,,,,,,,,,,,,,,,,
1676060273.429100,1676060273.429909,20.000000,0.000000,4226.153809,4282.436035,4236.153809,4281.025879,4268.717773,4243.589844,4258.589844,4274.230957,4261.922852,4242.307617,4346.410156,4421.666504,4269.871582,4322.179688,0.000000,4.000000,85.000000,,,,0.000000,4.000000,4.000000,4.000000,4.000000,4.000000,4.000000,4.000000,4.000000,4.000000,4.000000,4.000000,4.000000,4.000000,4.000000,100.000000,,,,,,,,,,,,,,,,,,,,,,,,,,,,,,,,,,,,,,,,,,,,,,,,,,,,,,,,,,,,,,,,,,,,,,,,,,,,,,,,,,,,,,
1676060273.436908,1676060273.437618,21.000000,0.000000,4259.102539,4313.846191,4268.077148,4310.769043,4293.846191,4271.922852,4283.974121,4291.282227,4287.436035,4263.846191,4377.051270,4457.563965,4304.230957,4361.025879,0.000000,4.000000,85.000000,,,,0.000000,4.000000,4.000000,4.000000,4.000000,4.000000,4.000000,4.000000,4.000000,4.000000,4.000000,4.000000,4.000000,4.000000,4.000000,100.000000,,,,,,,,,,,,,,,,,,,,,,,,,,,,,,,,,,,,,,,,,,,,,,,,,,,,,,,,,,,,,,,,,,,,,,,,,,,,,,,,,,,,,,
1676060273.444717,1676060273.445426,22.000000,0.000000,4288.717773,4341.153809,4301.538574,4340.512695,4311.410156,4285.897461,4303.077148,4310.128418,4305.512695,4280.384766,4406.794922,4496.282227,4336.410156,4393.974121,0.000000,4.000000,85.000000,,,,0.000000,4.000000,4.000000,4.000000,4.000000,4.000000,4.000000,4.000000,4.000000,4.000000,4.000000,4.000000,4.000000,4.000000,4.000000,100.000000,,,,,,,,,,,,,,,,,,,,,,,,,,,,,,,,,,,,,,,,,,,,,,,,,,,,,,,,,,,,,,,,,,,,,,,,,,,,,,,,,,,,,,
1676060273.452525,1676060273.453135,23.000000,0.000000,4267.307617,4310.512695,4276.538574,4315.512695,4290.512695,4264.871582,4276.538574,4285.384766,4272.436035,4260.769043,4374.743652,4465.897461,4312.820313,4365.897461,0.000000,4.000000,85.000000,,,,0.000000,4.000000,4.000000,4.000000,4.000000,4.000000,4.000000,4.000000,4.000000,4.000000,4.000000,4.000000,4.000000,4.000000,4.000000,100.000000,,,,,,,,,,,,,,,,,,,,,,,,,,,,,,,,,,,,,,,,,,,,,,,,,,,,,,,,,,,,,,,,,,,,,,,,,,,,,,,,,,,,,,
1676060273.460333,1676060273.461043,24.000000,0.000000,4254.102539,4300.512695,4262.436035,4303.333496,4283.846191,4258.589844,4265.769043,4267.179688,4258.589844,4255.897461,4358.717773,4444.230957,4302.563965,4353.205078,0.000000,4.000000,85.000000,,,,0.000000,4.000000,4.000000,4.000000,4.000000,4.000000,4.000000,4.000000,4.000000,4.000000,4.000000,4.000000,4.000000,4.000000,4.000000,100.000000,,,,,,,,,,,,,,,,,,,,,,,,,,,,,,,,,,,,,,,,,,,,,,,,,,,,,,,,,,,,,,,,,,,,,,,,,,,,,,,,,,,,,,
1676060273.468142,1676060273.468851,25.000000,0.000000,4271.282227,4328.333496,4290.769043,4329.102539,4307.820313,4271.282227,4283.461426,4286.282227,4282.051270,4265.384766,4382.820313,4473.461426,4323.717773,4379.615234,0.000000,4.000000,85.000000,,,,0.000000,4.000000,4.000000,4.000000,4.000000,4.000000,4.000000,4.000000,4.000000,4.000000,4.000000,4.000000,4.000000,4.000000,4.000000,100.000000,,,,,,,,,,,,,,,,,,,,,,,,,,,,,,,,,,,,,,,,,,,,,,,,,,,,,,,,,,,,,,,,,,,,,,,,,,,,,,,,,,,,,,
1676060273.475950,1676060273.476760,26.000000,0.000000,4272.179688,4322.563965,4286.922852,4325.641113,4299.487305,4260.128418,4273.717773,4284.615234,4275.128418,4246.025879,4371.922852,4465.384766,4316.666504,4371.538574,0.000000,4.000000,85.000000,,,,0.000000,4.000000,4.000000,4.000000,4.000000,4.000000,4.000000,4.000000,4.000000,4.000000,4.000000,4.000000,4.000000,4.000000,4.000000,100.000000,,,,,,,,,,,,,,,,,,,,,,,,,,,,,,,,,,,,,,,,,,,,,,,,,,,,,,,,,,,,,,,,,,,,,,,,,,,,,,,,,,,,,,
1676060273.483759,1676060273.484568,27.000000,0.000000,4259.358887,4303.077148,4265.256348,4301.410156,4276.153809,4250.897461,4262.563965,4271.282227,4256.794922,4238.333496,4346.922852,4436.794922,4299.871582,4349.358887,0.000000,4.000000,85.000000,,,,0.000000,4.000000,4.000000,4.000000,4.000000,4.000000,4.000000,4.000000,4.000000,4.000000,4.000000,4.000000,4.000000,4.000000,4.000000,100.000000,,,,,,,,,,,,,,,,,,,,,,,,,,,,,,,,,,,,,,,,,,,,,,,,,,,,,,,,,,,,,,,,,,,,,,,,,,,,,,,,,,,,,,
1676060273.491567,1676060273.492477,28.000000,0.000000,4256.410156,4307.692383,4275.769043,4307.179688,4289.615234,4264.743652,4284.230957,4287.692383,4277.051270,4270.384766,4357.948730,4450.641113,4308.461426,4358.077148,0.000000,4.000000,85.000000,,,,0.000000,4.000000,4.000000,4.000000,4.000000,4.000000,4.000000,4.000000,4.000000,4.000000,4.000000,4.000000,4.000000,4.000000,4.000000,100.000000,,,,,,,,,,,,,,,,,,,,,,,,,,,,,,,,,,,,,,,,,,,,,,,,,,,,,,,,,,,,,,,,,,,,,,,,,,,,,,,,,,,,,,
1676060273.499375,1676060273.500285,29.000000,0.000000,4242.692383,4296.410156,4269.487305,4303.846191,4286.538574,4258.333496,4283.205078,4290.769043,4286.025879,4270.897461,4351.410156,4450.256348,4301.794922,4347.820313,0.000000,4.000000,85.000000,,,,0.000000,4.000000,4.000000,4.000000,4.000000,4.000000,4.000000,4.000000,4.000000,4.000000,4.000000,4.000000,4.000000,4.000000,4.000000,100.000000,,,,,,,,,,,,,,,,,,,,,,,,,,,,,,,,,,,,,,,,,,,,,,,,,,,,,,,,,,,,,,,,,,,,,,,,,,,,,,,,,,,,,,
1676060273.507184,1676060273.508193,30.000000,0.000000,4233.205078,4276.410156,4243.333496,4279.615234,4260.769043,4242.051270,4260.769043,4273.717773,4267.563965,4240.769043,4334.615234,4428.205078,4296.538574,4330.641113,0.000000,4.000000,85.000000,,,,0.000000,4.000000,4.000000,4.000000,4.000000,4.000000,4.000000,4.000000,4.000000,4.000000,4.000000,4.000000,4.000000,4.000000,4.000000,100.000000,,,,,,,,,,,,,,,,,1.371589,7.688077,1.040612,2.329369,1.375493,6.045388,5.380623,1.571624,1.987703,1.511106,1.564237,7.468023,1.512943,2.480636,1.548831,3.412855,4.632934,0.862850,1.711988,1.261442,0.528170,0.988570,1.067997,1.139263,0.767520,7.392730,3.323634,2.158388,1.600386,0.663924,0.620745,1.756795,2.114608,1.852062,1.258008,0.800572,1.055396,2.408715,2.565363,1.526256,1.225596,1.529493,1.805914,2.475578,1.553269,1.012237,2.385108,2.947877,2.930871,1.672127,15.174765,7.259360,4.866342,5.361613,3.006997,3.572156,10.799820,2.760108,3.835122,2.696150,6.179206,6.769794,3.848465,4.813311,2.517652,1.952121,10.268754,2.674179,4.136210,2.387323
1676060273.514992,1676060273.516002,31.000000,0.000000,4254.230957,4281.794922,4258.589844,4284.102539,4270.641113,4256.153809,4272.051270,4283.461426,4276.282227,4253.589844,4363.461426,4447.436035,4334.615234,4362.436035,0.000000,4.000000,85.000000,,,,0.000000,4.000000,4.000000,4.000000,4.000000,4.000000,4.000000,4.000000,4.000000,4.000000,4.000000,4.000000,4.000000,4.000000,4.000000,100.000000,,,,,,,,,,,,,,,,,,,,,,,,,,,,,,,,,,,,,,,,,,,,,,,,,,,,,,,,,,,,,,,,,,,,,,,,,,,,,,,,,,,,,,
1676060273.522801,1676060273.523910,32.000000,0.000000,4261.794922,4273.205078,4276.538574,4292.820313,4287.051270,4268.589844,4284.615234,4297.820313,4290.641113,4269.743652,4387.307617,4468.717773,4358.333496,4387.307617,0.000000,4.000000,85.000000,,,,0.000000,4.000000,4.000000,4.000000,4.000000,4.000000,4.000000,4.000000,4.000000,4.000000,4.000000,4.000000,4.000000,4.000000,4.000000,100.000000,,,,,,,,,,,,,,,,,,,,,,,,,,,,,,,,,,,,,,,,,,,,,,,,,,,,,,,,,,,,,,,,,,,,,,,,,,,,,,,,,,,,,,
1676060273.530609,1676060273.531719,33.000000,0.000000,4242.436035,4244.358887,4260.641113,4273.717773,4274.615234,4256.282227,4271.922852,4288.974121,4278.974121,4248.205078,4377.051270,4456.666504,4349.230957,4372.179688,0.000000,4.000000,85.000000,,,,0.000000,4.000000,4.000000,4.000000,4.000000,4.000000,4.000000,4.000000,4.000000,4.000000,4.000000,4.000000,4.000000,4.000000,4.000000,100.000000,,,,,,,,,,,,,,,,,,,,,,,,,,,,,,,,,,,,,,,,,,,,,,,,,,,,,,,,,,,,,,,,,,,,,,,,,,,,,,,,,,,,,,
1676060273.538417,1676060273.539627,34.000000,0.000000,4251.922852,4249.102539,4268.589844,4272.692383,4271.794922,4260.128418,4281.794922,4296.025879,4283.717773,4259.358887,4395.384766,4472.948730,4376.666504,4386.922852,0.000000,4.000000,85.000000,,,,0.000000,4.000000,4.000000,4.000000,4.000000,4.000000,4.000000,4.000000,4.000000,4.000000,4.000000,4.000000,4.000000,4.000000,4.000000,100.000000,,,,,,,,,,,,,,,,,,,,,,,,,,,,,,,,,,,,,,,,,,,,,,,,,,,,,,,,,,,,,,,,,,,,,,,,,,,,,,,,,,,,,,
1676060273.546226,1676060273.547435,35.000000,0.000000,4275.897461,4266.153809,4292.563965,4292.051270,4286.153809,4273.333496,4300.512695,4313.205078,4305.128418,4297.179688,4428.717773,4501.794922,4414.358887,4417.307617,0.000000,4.000000,85.000000,,,,0.000000,4.000000,4.000000,4.000000,4.000000,4.000000,4.000000,4.000000,4.000000,4.000000,4.000000,4.000000,4.000000,4.000000,4.000000,100.000000,,,,,,,,,,,,,,,,,,,,,,,,,,,,,,,,,,,,,,,,,,,,,,,,,,,,,,,,,,,,,,,,,,,,,,,,,,,,,,,,,,,,,,
1676060273.554034,1676060273.555144,36.000000,0.000000,4258.974121,4247.692383,4275.641113,4282.948730,4280.769043,4259.102539,4278.077148,4293.846191,4289.871582,4280.128418,4410.897461,4478.205078,4390.128418,4396.922852,0.000000,4.000000,85.000000,,,,0.000000,4.000000,4.000000,4.000000,4.000000,4.000000,4.000000,4.000000,4.000000,4.000000,4.000000,4.000000,4.000000,4.000000,4.000000,100.000000,,,,,,,,,,,,,,,,,,,,,,,,,,,,,,,,,,,,,,,,,,,,,,,,,,,,,,,,,,,,,,,,,,,,,,,,,,,,,,,,,,,,,,
1676060273.561842,1676060273.562952,37.000000,0.000000,4244.743652,4234.743652,4260.897461,4270.512695,4272.436035,4248.077148,4257.051270,4269.743652,4259.487305,4245.512695,4390.897461,4450.769043,4357.820313,4370.769043,0.000000,4.000000,85.000000,,,,0.000000,4.000000,4.000000,4.000000,4.000000,4.000000,4.000000,4.000000,4.000000,4.000000,4.000000,4.000000,4.000000,4.000000,4.000000,100.000000,,,,,,,,,,,,,,,,,,,,,,,,,,,,,,,,,,,,,,,,,,,,,,,,,,,,,,,,,,,,,,,,,,,,,,,,,,,,,,,,,,,,,,
1676060273.569651,1676060273.570661,38.000000,0.000000,4286.025879,4269.102539,4299.102539,4300.769043,4288.717773,4270.512695,4284.615234,4288.974121,4276.666504,4269.487305,4436.410156,4484.615234,4387.563965,4401.666504,0.000000,4.000000,85.000000,,,,0.000000,4.000000,4.000000,4.000000,4.000000,4.000000,4.000000,4.000000,4.000000,4.000000,4.000000,4.000000,4.000000,4.000000,4.000000,100.000000,,,,,,,,,,,,,,,,,,,,,,,,,,,,,,,,,,,,,,,,,,,,,,,,,,,,,,,,,,,,,,,,,,,,,,,,,,,,,,,,,,,,,,
1676060273.577459,1676060273.578569,39.000000,0.000000,4316.922852,4297.692383,4325.512695,4329.358887,4302.948730,4289.615234,4308.077148,4314.615234,4309.871582,4297.692383,4487.179688,4521.282227,4423.461426,4437.436035,0.000000,4.000000,85.000000,,,,0.000000,4.000000,4.000000,4.000000,4.000000,4.000000,4.000000,4.000000,4.000000,4.000000,4.000000,4.000000,4.000000,4.000000,4.000000,100.000000,,,,,,,,,,,,,,,,,,,,,,,,,,,,,,,,,,,,,,,,,,,,,,,,,,,,,,,,,,,,,,,,,,,,,,,,,,,,,,,,,,,,,,
1676060273.585267,1676060273.586378,40.000000,0.000000,4280.384766,4272.051270,4291.153809,4302.820313,4289.102539,4269.871582,4284.358887,4298.077148,4292.820313,4273.461426,4467.948730,4485.512695,4395.897461,4409.871582,0.000000,4.000000,85.000000,,,,0.000000,4.000000,4.000000,4.000000,4.000000,4.000000,4.000000,4.000000,4.000000,4.000000,4.000000,4.000000,4.000000,4.000000,4.000000,100.000000,,,,,,,,,,,,,,,,,,,,,,,,,,,,,,,,,,,,,,,,,,,,,,,,,,,,,,,,,,,,,,,,,,,,,,,,,,,,,,,,,,,,,,
1676060273.593076,1676060273.594186,41.000000,0.000000,4247.563965,4245.128418,4262.179688,4269.487305,4272.563965,4253.717773,4265.256348,4278.589844,4267.307617,4256.282227,4436.025879,4446.410156,4362.948730,4372.820313,0.000000,4.000000,85.000000,,,,0.000000,4.000000,4.000000,4.000000,4.000000,4.000000,4.000000,4.000000,4.000000,4.000000,4.000000,4.000000,4.000000,4.000000,4.000000,100.000000,,,,,,,,,,,,,,,,,,,,,,,,,,,,,,,,,,,,,,,,,,,,,,,,,,,,,,,,,,,,,,,,,,,,,,,,,,,,,,,,,,,,,,
1676060273.600884,1676060273.601895,42.000000,0.000000,4276.666504,4268.205078,4286.282227,4291.410156,4283.077148,4278.077148,4292.692383,4306.153809,4294.615234,4287.692383,4463.333496,4479.871582,4392.820313,4400.641113,0.000000,4.000000,85.000000,,,,0.000000,4.000000,4.000000,4.000000,4.000000,4.000000,4.000000,4.000000,4.000000,4.000000,4.000000,4.000000,4.000000,4.000000,4.000000,100.000000,,,,,,,,,,,,,,,,,,,,,,,,,,,,,,,,,,,,,,,,,,,,,,,,,,,,,,,,,,,,,,,,,,,,,,,,,,,,,,,,,,,,,,
1676060273.608693,1676060273.609803,43.000000,0.000000,4285.000000,4275.128418,4291.538574,4301.282227,4283.461426,4283.974121,4298.077148,4316.666504,4304.871582,4294.487305,4465.769043,4491.410156,4400.000000,4416.794922,0.000000,4.000000,85.000000,,,,0.000000,4.000000,4.000000,4.000000,4.000000,4.000000,4.000000,4.000000,4.000000,4.000000,4.000000,4.000000,4.000000,4.000000,4.000000,100.000000,,,,,,,,,,,,,,,,,,,,,,,,,,,,,,,,,,,,,,,,,,,,,,,,,,,,,,,,,,,,,,,,,,,,,,,,,,,,,,,,,,,,,,
1676060273.616501,1676060273.617611,44.000000,0.000000,4248.589844,4238.077148,4254.487305,4263.846191,4258.717773,4251.666504,4261.666504,4279.358887,4265.000000,4246.666504,4415.000000,4440.897461,4354.743652,4371.922852,0.000000,4.000000,85.000000,,,,0.000000,4.000000,4.000000,4.000000,4.000000,4.000000,4.000000,4.000000,4.000000,4.000000,4.000000,4.000000,4.000000,4.000000,4.000000,100.000000,,,,,,,,,,,,,,,,,,,,,,,,,,,,,,,,,,,,,,,,,,,,,,,,,,,,,,,,,,,,,,,,,,,,,,,,,,,,,,,,,,,,,,
1676060273.624309,1676060273.625520,45.000000,0.000000,4257.820313,4246.922852,4266.153809,4268.333496,4263.589844,4254.871582,4269.487305,4283.717773,4270.256348,4247.307617,4424.743652,4453.205078,4366.666504,4379.230957,0.000000,4.000000,85.000000,,,,0.000000,4.000000,4.000000,4.000000,4.000000,4.000000,4.000000,4.000000,4.000000,4.000000,4.000000,4.000000,4.000000,4.000000,4.000000,100.000000,,,,,,,,,,,,,,,,,,,,,,,,,,,,,,,,,,,,,,,,,,,,,,,,,,,,,,,,,,,,,,,,,,,,,,,,,,,,,,,,,,,,,,
1676060273.632118,1676060273.633328,46.000000,0.000000,4304.487305,4295.000000,4319.102539,4316.794922,4293.205078,4293.077148,4315.897461,4330.256348,4320.000000,4304.102539,4480.897461,4523.333496,4421.153809,4440.384766,0.000000,4.000000,85.000000,,,,0.000000,4.000000,4.000000,4.000000,4.000000,4.000000,4.000000,4.000000,4.000000,4.000000,4.000000,4.000000,4.000000,4.000000,4.000000,100.000000,,,,,,,,,,,,,,,,,1.262983,8.456435,0.921254,2.219523,1.249095,7.586922,5.719666,1.475693,1.902151,1.448310,1.618614,8.147541,1.301265,2.396300,1.448224,3.698498,4.891712,0.818211,1.663448,1.128773,0.648558,1.033056,1.032205,1.174854,0.716673,4.217444,2.043968,1.761211,1.429539,0.571570,0.678909,1.845124,2.115269,1.807828,1.194810,0.845380,1.134024,2.467857,2.428010,1.382241,1.270872,1.564465,2.015600,2.295223,1.463041,0.969754,2.400089,3.351649,2.661573,1.560551,12.662388,7.633311,4.731237,4.791613,2.829142,3.544251,11.506254,2.660643,3.680823,2.453247,6.393535,6.741117,3.653752,4.393984,2.331316,1.734503,10.551493,2.463347,3.832081,2.232221
1676060273.639926,1676060273.641237,47.000000,0.000000,4300.641113,4291.410156,4317.436035,4317.307617,4291.153809,4286.794922,4308.717773,4319.743652,4311.025879,4300.897461,4465.512695,4516.282227,4411.410156,4432.692383,0.000000,4.000000,85.000000,,,,0.000000,4.000000,4.000000,4.000000,4.000000,4.000000,4.000000,4.000000,4.000000,4.000000,4.000000,4.000000,4.000000,4.000000,4.000000,100.000000,,,,,,,,,,,,,,,,,,,,,,,,,,,,,,,,,,,,,,,,,,,,,,,,,,,,,,,,,,,,,,,,,,,,,,,,,,,,,,,,,,,,,,
1676060273.647735,1676060273.649045,48.000000,0.000000,4274.615234,4267.563965,4288.077148,4292.436035,4278.333496,4260.641113,4275.384766,4276.794922,4269.871582,4253.333496,4418.333496,4469.230957,4372.820313,4392.179688,0.000000,4.000000,85.000000,,,,0.000000,4.000000,4.000000,4.000000,4.000000,4.000000,4.000000,4.000000,4.000000,4.000000,4.000000,4.000000,4.000000,4.000000,4.000000,100.000000,,,,,,,,,,,,,,,,,,,,,,,,,,,,,,,,,,,,,,,,,,,,,,,,,,,,,,,,,,,,,,,,,,,,,,,,,,,,,,,,,,,,,,
1676060273.655543,1676060273.656953,49.000000,0.000000,4286.025879,4281.410156,4296.282227,4304.871582,4294.102539,4273.589844,4285.384766,4283.846191,4280.384766,4262.436035,4431.922852,4483.333496,4381.538574,4406.153809,0.000000,4.000000,85.000000,,,,0.000000,4.000000,4.000000,4.000000,4.000000,4.000000,4.000000,4.000000,4.000000,4.000000,4.000000,4.000000,4.000000,4.000000,4.000000,100.000000,,,,,,,,,,,,,,,,,,,,,,,,,,,,,,,,,,,,,,,,,,,,,,,,,,,,,,,,,,,,,,,,,,,,,,,,,,,,,,,,,,,,,,
1676060273.663351,1676060273.664762,50.000000,0.000000,4289.487305,4290.256348,4298.333496,4312.948730,4298.461426,4287.692383,4295.128418,4301.666504,4300.256348,4291.538574,4448.333496,4496.666504,4395.256348,4419.358887,0.000000,4.000000,85.000000,,,,0.000000,4.000000,4.000000,4.000000,4.000000,4.000000,4.000000,4.000000,4.000000,4.000000,4.000000,4.000000,4.000000,4.000000,4.000000,100.000000,,,,,,,,,,,,,,,,,,,,,,,,,,,,,,,,,,,,,,,,,,,,,,,,,,,,,,,,,,,,,,,,,,,,,,,,,,,,,,,,,,,,,,
1676060273.671160,1676060273.672670,51.000000,0.000000,4266.666504,4274.487305,4276.410156,4293.205078,4278.717773,4278.077148,4278.974121,4292.948730,4286.666504,4272.307617,4423.077148,4468.846191,4377.948730,4394.102539,0.000000,4.000000,85.000000,,,,0.000000,4.000000,4.000000,4.000000,4.000000,4.000000,4.000000,4.000000,4.000000,4.000000,4.000000,4.000000,4.000000,4.000000,4.000000,100.000000,,,,,,,,,,,,,,,,,,,,,,,,,,,,,,,,,,,,,,,,,,,,,,,,,,,,,,,,,,,,,,,,,,,,,,,,,,,,,,,,,,,,,,
1676060273.678968,1676060273.680479,52.000000,0.000000,4265.384766,4270.769043,4274.230957,4286.922852,4276.922852,4273.717773,4278.077148,4291.922852,4280.000000,4258.333496,4410.256348,4460.256348,4366.410156,4385.384766,0.000000,4.000000,85.000000,,,,0.000000,4.000000,4.000000,4.000000,4.000000,4.000000,4.000000,4.000000,4.000000,4.000000,4.000000,4.000000,4.000000,4.000000,4.000000,100.000000,,,,,,,,,,,,,,,,,,,,,,,,,,,,,,,,,,,,,,,,,,,,,,,,,,,,,,,,,,,,,,,,,,,,,,,,,,,,,,,,,,,,,,
1676060273.686777,1676060273.688387,53.000000,0.000000,4287.179688,4293.974121,4292.051270,4307.692383,4290.256348,4283.333496,4293.589844,4303.589844,4295.000000,4279.358887,4427.179688,4479.743652,4373.205078,4407.692383,0.000000,4.000000,85.000000,,,,0.000000,4.000000,4.000000,4.000000,4.000000,4.000000,4.000000,4.000000,4.000000,4.000000,4.000000,4.000000,4.000000,4.000000,4.000000,100.000000,,,,,,,,,,,,,,,,,,,,,,,,,,,,,,,,,,,,,,,,,,,,,,,,,,,,,,,,,,,,,,,,,,,,,,,,,,,,,,,,,,,,,,
1676060273.694585,1676060273.696195,54.000000,0.000000,4298.205078,4319.615234,4306.153809,4324.615234,4297.436035,4290.641113,4300.769043,4308.589844,4300.641113,4284.487305,4434.487305,4485.512695,4376.922852,4416.153809,0.000000,4.000000,85.000000,,,,0.000000,4.000000,4.000000,4.000000,4.000000,4.000000,4.000000,4.000000,4.000000,4.000000,4.000000,4.000000,4.000000,4.000000,4.000000,100.000000,,,,,,,,,,,,,,,,,,,,,,,,,,,,,,,,,,,,,,,,,,,,,,,,,,,,,,,,,,,,,,,,,,,,,,,,,,,,,,,,,,,,,,
1676060273.702393,1676060273.704104,55.000000,0.000000,4290.256348,4323.077148,4303.589844,4317.436035,4296.153809,4283.717773,4296.282227,4302.436035,4286.538574,4265.000000,4413.717773,4475.256348,4362.692383,4398.846191,0.000000,4.000000,85.000000,,,,0.000000,4.000000,4.000000,4.000000,4.000000,4.000000,4.000000,4.000000,4.000000,4.000000,4.000000,4.000000,4.000000,4.000000,4.000000,100.000000,,,,,,,,,,,,,,,,,,,,,,,,,,,,,,,,,,,,,,,,,,,,,,,,,,,,,,,,,,,,,,,,,,,,,,,,,,,,,,,,,,,,,,
1676060273.710202,1676060273.711912,56.000000,0.000000,4285.512695,4316.794922,4291.666504,4308.077148,4291.282227,4278.717773,4291.282227,4296.666504,4276.025879,4257.948730,4393.461426,4467.692383,4342.948730,4389.615234,0.000000,4.000000,85.000000,,,,0.000000,4.000000,4.000000,4.000000,4.000000,4.000000,4.000000,4.000000,4.000000,4.000000,4.000000,4.000000,4.000000,4.000000,4.000000,100.000000,,,,,,,,,,,,,,,,,,,,,,,,,,,,,,,,,,,,,,,,,,,,,,,,,,,,,,,,,,,,,,,,,,,,,,,,,,,,,,,,,,,,,,
1676060273.718010,1676060273.719621,57.000000,0.000000,4291.794922,4322.948730,4296.025879,4316.922852,4293.461426,4288.205078,4293.333496,4300.128418,4281.538574,4273.077148,4397.820313,4469.743652,4339.358887,4398.333496,0.000000,4.000000,85.000000,,,,0.000000,4.000000,4.000000,4.000000,4.000000,4.000000,4.000000,4.000000,4.000000,4.000000,4.000000,4.000000,4.000000,4.000000,4.000000,100.000000,,,,,,,,,,,,,,,,,,,,,,,,,,,,,,,,,,,,,,,,,,,,,,,,,,,,,,,,,,,,,,,,,,,,,,,,,,,,,,,,,,,,,,
1676060273.725819,1676060273.727429,58.000000,0.000000,4293.589844,4330.000000,4307.179688,4325.769043,4301.538574,4292.948730,4295.769043,4303.974121,4291.153809,4283.461426,4410.512695,4477.436035,4350.384766,4400.512695,0.000000,4.000000,85.000000,,,,0.000000,4.000000,4.000000,4.000000,4.000000,4.000000,4.000000,4.000000,4.000000,4.000000,4.000000,4.000000,4.000000,4.000000,4.000000,100.000000,,,,,,,,,,,,,,,,,,,,,,,,,,,,,,,,,,,,,,,,,,,,,,,,,,,,,,,,,,,,,,,,,,,,,,,,,,,,,,,,,,,,,,
1676060273.733627,1676060273.735138,59.000000,0.000000,4275.512695,4312.948730,4288.205078,4306.666504,4289.102539,4278.205078,4282.692383,4285.256348,4278.333496,4259.230957,4388.205078,4458.717773,4338.717773,4378.461426,0.000000,4.000000,85.000000,,,,0.000000,4.000000,4.000000,4.000000,4.000000,4.000000,4.000000,4.000000,4.000000,4.000000,4.000000,4.000000,4.000000,4.000000,4.000000,100.000000,,,,,,,,,,,,,,,,,,,,,,,,,,,,,,,,,,,,,,,,,,,,,,,,,,,,,,,,,,,,,,,,,,,,,,,,,,,,,,,,,,,,,,
1676060273.741435,1676060273.742946,60.000000,0.000000,4265.256348,4298.846191,4276.282227,4293.717773,4271.794922,4269.487305,4276.282227,4272.948730,4266.538574,4245.128418,4364.743652,4440.769043,4321.025879,4368.846191,0.000000,4.000000,85.000000,,,,0.000000,4.000000,4.000000,4.000000,4.000000,4.000000,4.000000,4.000000,4.000000,4.000000,4.000000,4.000000,4.000000,4.000000,4.000000,100.000000,,,,,,,,,,,,,,,,,,,,,,,,,,,,,,,,,,,,,,,,,,,,,,,,,,,,,,,,,,,,,,,,,,,,,,,,,,,,,,,,,,,,,,
1676060273.749244,1676060273.750655,61.000000,0.000000,4297.563965,4320.641113,4313.974121,4320.128418,4289.871582,4286.666504,4299.102539,4303.077148,4293.333496,4281.538574,4402.692383,4476.538574,4353.077148,4407.563965,0.000000,4.000000,85.000000,,,,0.000000,4.000000,4.000000,4.000000,4.000000,4.000000,4.000000,4.000000,4.000000,4.000000,4.000000,4.000000,4.000000,4.000000,4.000000,100.000000,,,,,,,,,,,,,,,,,,,,,,,,,,,,,,,,,,,,,,,,,,,,,,,,,,,,,,,,,,,,,,,,,,,,,,,,,,,,,,,,,,,,,,
1676060273.757052,1676060273.758563,62.000000,0.000000,4324.743652,4342.692383,4345.897461,4343.717773,4310.000000,4300.384766,4317.948730,4327.948730,4313.461426,4299.487305,4443.717773,4512.820313,4389.615234,4443.205078,0.000000,4.000000,85.000000,,,,0.000000,4.000000,4.000000,4.000000,4.000000,4.000000,4.000000,4.000000,4.000000,4.000000,4.000000,4.000000,4.000000,4.000000,4.000000,100.000000,,,,,,,,,,,,,,,,,1.141433,8.778692,0.831307,2.074349,1.153781,10.017140,6.012929,1.260321,1.811059,1.403948,1.671395,8.507519,1.115844,2.308189,1.383340,3.985991,5.039415,0.726298,1.614756,1.035885,0.815364,1.092415,0.885821,1.173225,0.682961,2.115484,1.225488,1.326244,1.314838,0.515358,0.693558,1.950650,1.902310,1.741772,1.155744,0.812008,1.282715,2.308818,2.270236,1.258123,1.192686,1.579087,2.097670,2.135378,1.404179,0.959962,2.356283,3.718807,2.471043,1.518901,11.031333,7.613024,4.377841,4.298687,2.637762,3.339520,11.332106,2.507894,3.540819,2.251135,7.375417,6.303205,3.461787,3.994359,2.140782,1.610069,10.170933,2.268250,3.542631,2.101957
1676060273.764860,1676060273.766372,63.000000,0.000000,4310.128418,4328.461426,4333.589844,4330.256348,4297.820313,4289.615234,4310.641113,4317.692383,4298.589844,4276.922852,4432.563965,4501.538574,4383.333496,4429.487305,0.000000,4.000000,85.000000,,,,0.000000,4.000000,4.000000,4.000000,4.000000,4.000000,4.000000,4.000000,4.000000,4.000000,4.000000,4.000000,4.000000,4.000000,4.000000,100.000000,,,,,,,,,,,,,,,,,,,,,,,,,,,,,,,,,,,,,,,,,,,,,,,,,,,,,,,,,,,,,,,,,,,,,,,,,,,,,,,,,,,,,,
1676060273.772669,1676060273.774180,64.000000,0.000000,4291.666504,4307.179688,4313.205078,4308.846191,4286.282227,4279.487305,4300.641113,4304.871582,4289.615234,4279.487305,4412.692383,4479.230957,4368.974121,4407.948730,2545.000000,4.000000,85.000000,,,,0.000000,4.000000,4.000000,4.000000,4.000000,4.000000,4.000000,4.000000,4.000000,4.000000,4.000000,4.000000,4.000000,4.000000,4.000000,100.000000,,,,,,,,,,,,,,,,,,,,,,,,,,,,,,,,,,,,,,,,,,,,,,,,,,,,,,,,,,,,,,,,,,,,,,,,,,,,,,,,,,,,,,
1676060273.780477,1676060273.781889,65.000000,0.000000,4291.794922,4307.820313,4313.846191,4311.153809,4298.974121,4293.717773,4309.743652,4312.820313,4303.205078,4302.436035,4416.538574,4480.641113,4369.358887,4413.333496,2498.000000,4.000000,85.000000,,,,0.000000,4.000000,4.000000,4.000000,4.000000,4.000000,4.000000,4.000000,4.000000,4.000000,4.000000,4.000000,4.000000,4.000000,4.000000,100.000000,,,,,,,,,,,,,,,,,,,,,,,,,,,,,,,,,,,,,,,,,,,,,,,,,,,,,,,,,,,,,,,,,,,,,,,,,,,,,,,,,,,,,,
1676060273.788286,1676060273.789697,66.000000,0.000000,4291.025879,4309.871582,4312.820313,4315.641113,4304.871582,4303.077148,4313.333496,4323.974121,4306.922852,4296.282227,4417.692383,4482.692383,4365.897461,4416.666504,2428.000000,4.000000,85.000000,,,,0.000000,4.000000,4.000000,4.000000,4.000000,4.000000,4.000000,4.000000,4.000000,4.000000,4.000000,4.000000,4.000000,4.000000,4.000000,100.000000,,,,,,,,,,,,,,,,,,,,,,,,,,,,,,,,,,,,,,,,,,,,,,,,,,,,,,,,,,,,,,,,,,,,,,,,,,,,,,,,,,,,,,
1676060273.796094,1676060273.797406,67.000000,0.000000,4272.820313,4290.000000,4286.666504,4292.692383,4285.000000,4285.897461,4289.102539,4305.128418,4283.205078,4264.615234,4388.333496,4453.974121,4340.512695,4388.846191,2478.000000,4.000000,85.000000,,,,0.000000,4.000000,4.000000,4.000000,4.000000,4.000000,4.000000,4.000000,4.000000,4.000000,4.000000,4.000000,4.000000,4.000000,4.000000,100.000000,,,,,,,,,,,,,,,,,,,,,,,,,,,,,,,,,,,,,,,,,,,,,,,,,,,,,,,,,,,,,,,,,,,,,,,,,,,,,,,,,,,,,,
1676060273.803902,1676060273.805214,68.000000,0.000000,4266.538574,4281.410156,4273.077148,4281.153809,4276.282227,4280.128418,4277.820313,4285.128418,4275.897461,4255.384766,4365.769043,4432.307617,4325.897461,4367.563965,2456.000000,4.000000,85.000000,,,,0.000000,4.000000,4.000000,4.000000,4.000000,4.000000,4.000000,4.000000,4.000000,4.000000,4.000000,4.000000,4.000000,4.000000,4.000000,100.000000,,,,,,,,,,,,,,,,,,,,,,,,,,,,,,,,,,,,,,,,,,,,,,,,,,,,,,,,,,,,,,,,,,,,,,,,,,,,,,,,,,,,,,
1676060273.811711,1676060273.812923,69.000000,0.000000,4282.820313,4302.820313,4294.743652,4307.563965,4295.512695,4296.794922,4295.897461,4302.307617,4299.230957,4281.025879,4385.769043,4453.461426,4349.871582,4389.487305,2408.000000,4.000000,85.000000,,,,0.000000,4.000000,4.000000,4.000000,4.000000,4.000000,4.000000,4.000000,4.000000,4.000000,4.000000,4.000000,4.000000,4.000000,4.000000,100.000000,,,,,,,,,,,,,,,,,,,,,,,,,,,,,,,,,,,,,,,,,,,,,,,,,,,,,,,,,,,,,,,,,,,,,,,,,,,,,,,,,,,,,,
1676060273.819519,1676060273.820731,70.000000,0.000000,4290.128418,4308.717773,4304.871582,4312.307617,4298.717773,4296.538574,4297.692383,4310.256348,4299.743652,4284.358887,4401.410156,4465.384766,4367.948730,4407.948730,2247.000000,4.000000,85.000000,,,,0.000000,4.000000,4.000000,4.000000,4.000000,4.000000,4.000000,4.000000,4.000000,4.000000,4.000000,4.000000,4.000000,4.000000,4.000000,100.000000,,,,,,,,,,,,,,,,,,,,,,,,,,,,,,,,,,,,,,,,,,,,,,,,,,,,,,,,,,,,,,,,,,,,,,,,,,,,,,,,,,,,,,
1676060273.827327,1676060273.828440,71.000000,0.000000,4285.769043,4291.794922,4296.922852,4291.025879,4282.692383,4281.922852,4285.769043,4291.282227,4276.282227,4256.025879,4394.743652,4451.153809,4365.128418,4401.153809,2231.000000,4.000000,85.000000,,,,0.000000,4.000000,4.000000,4.000000,4.000000,4.000000,4.000000,4.000000,4.000000,4.000000,4.000000,4.000000,4.000000,4.000000,4.000000,100.000000,,,,,,,,,,,,,,,,,,,,,,,,,,,,,,,,,,,,,,,,,,,,,,,,,,,,,,,,,,,,,,,,,,,,,,,,,,,,,,,,,,,,,,
1676060273.835136,1676060273.836248,72.000000,0.000000,4293.333496,4292.820313,4311.666504,4298.974121,4288.333496,4285.769043,4297.179688,4297.948730,4283.717773,4265.000000,4414.102539,4473.589844,4383.589844,4415.128418,2289.000000,4.000000,85.000000,,,,0.000000,4.000000,4.000000,4.000000,4.000000,4.000000,4.000000,4.000000,4.000000,4.000000,4.000000,4.000000,4.000000,4.000000,4.000000,100.000000,,,,,,,,,,,,,,,,,,,,,,,,,,,,,,,,,,,,,,,,,,,,,,,,,,,,,,,,,,,,,,,,,,,,,,,,,,,,,,,,,,,,,,
1676060273.842944,1676060273.843957,73.000000,0.000000,4303.461426,4295.897461,4325.769043,4311.666504,4294.487305,4297.563965,4307.307617,4315.000000,4301.025879,4294.615234,4433.974121,4499.743652,4405.000000,4438.461426,2236.000000,4.000000,85.000000,,,,0.000000,4.000000,4.000000,4.000000,4.000000,4.000000,4.000000,4.000000,4.000000,4.000000,4.000000,4.000000,4.000000,4.000000,4.000000,100.000000,,,,,,,,,,,,,,,,,,,,,,,,,,,,,,,,,,,,,,,,,,,,,,,,,,,,,,,,,,,,,,,,,,,,,,,,,,,,,,,,,,,,,,
1676060273.850752,1676060273.851865,74.000000,0.000000,4294.487305,4276.153809,4310.384766,4292.692383,4282.563965,4292.307617,4295.897461,4304.743652,4288.205078,4282.820313,4419.487305,4477.692383,4394.487305,4429.102539,2735.000000,4.000000,85.000000,,,,0.000000,4.000000,4.000000,4.000000,4.000000,4.000000,4.000000,4.000000,4.000000,4.000000,4.000000,4.000000,4.000000,4.000000,4.000000,100.000000,,,,,,,,,,,,,,,,,,,,,,,,,,,,,,,,,,,,,,,,,,,,,,,,,,,,,,,,,,,,,,,,,,,,,,,,,,,,,,,,,,,,,,
1676060273.858561,1676060273.859673,75.000000,0.000000,4292.948730,4270.641113,4304.102539,4285.384766,4283.846191,4284.487305,4296.538574,4304.102539,4288.205078,4269.743652,4418.589844,4471.922852,4390.256348,4421.282227,2930.000000,4.000000,85.000000,,,,0.000000,4.000000,4.000000,4.000000,4.000000,4.000000,4.000000,4.000000,4.000000,4.000000,4.000000,4.000000,4.000000,4.000000,4.000000,100.000000,,,,,,,,,,,,,,,,,,,,,,,,,,,,,,,,,,,,,,,,,,,,,,,,,,,,,,,,,,,,,,,,,,,,,,,,,,,,,,,,,,,,,,
1676060273.866369,1676060273.867582,76.000000,0.000000,4301.538574,4281.922852,4316.410156,4298.974121,4289.871582,4291.025879,4309.615234,4322.307617,4310.897461,4287.051270,4434.871582,4493.974121,4402.692383,4432.179688,3129.000000,4.000000,85.000000,,,,0.000000,4.000000,4.000000,4.000000,4.000000,4.000000,4.000000,4.000000,4.000000,4.000000,4.000000,4.000000,4.000000,4.000000,4.000000,100.000000,,,,,,,,,,,,,,,,,,,,,,,,,,,,,,,,,,,,,,,,,,,,,,,,,,,,,,,,,,,,,,,,,,,,,,,,,,,,,,,,,,,,,,
1676060273.874178,1676060273.875390,77.000000,0.000000,4291.922852,4274.743652,4306.538574,4294.743652,4281.410156,4298.077148,4305.512695,4322.948730,4311.794922,4289.743652,4422.820313,4485.128418,4395.384766,4425.000000,3253.000000,4.000000,85.000000,,,,0.000000,4.000000,4.000000,4.000000,4.000000,4.000000,4.000000,4.000000,4.000000,4.000000,4.000000,4.000000,4.000000,4.000000,4.000000,100.000000,,,,,,,,,,,,,,,,,,,,,,,,,,,,,,,,,,,,,,,,,,,,,,,,,,,,,,,,,,,,,,,,,,,,,,,,,,,,,,,,,,,,,,
1676060273.881986,1676060273.883298,78.000000,0.000000,4276.282227,4258.333496,4283.333496,4277.307617,4277.563965,4287.948730,4291.538574,4309.871582,4296.922852,4275.769043,4399.102539,4458.846191,4372.692383,4400.897461,2735.000000,4.000000,85.000000,,,,0.000000,4.000000,4.000000,4.000000,4.000000,4.000000,4.000000,4.000000,4.000000,4.000000,4.000000,4.000000,4.000000,4.000000,4.000000,100.000000,1.000000,25.000000,3.000000,3.000000,1.000000,4.000000,4.000000,1.000000,3.000000,3.000000,3.000000,1.000000,1.000000,1.000000,1.000000,1.000000,1.042408,8.573619,0.834029,1.954043,1.127711,12.747743,6.205537,0.995307,1.736724,1.408072,1.720772,8.478336,1.007631,2.265160,1.397946,4.338834,5.151101,0.635855,1.582626,1.024354,0.980069,1.191182,0.694271,1.141193,0.685548,1.145845,0.892904,0.940264,1.247811,0.519054,0.670891,2.035307,1.539825,1.671958,1.174831,0.723984,1.461438,1.961912,2.135769,1.201665,1.008275,1.561700,2.017181,2.024345,1.422857,0.933450,2.234913,3.916147,2.394709,1.589027,10.977852,7.164070,3.964020,4.003390,2.507767,3.130883,10.370257,2.398739,3.474039,2.176150,8.608280,5.585697,3.423304,3.716248,2.021060,1.529855,9.231101,2.213315,3.356316,2.060869
1676060273.889794,1676060273.891107,79.000000,0.000000,4274.230957,4256.666504,4281.794922,4270.769043,4280.384766,4276.153809,4290.512695,4303.846191,4292.563965,4274.871582,4392.436035,4452.948730,4364.871582,4391.666504,2930.000000,4.000000,85.000000,,,,0.000000,4.000000,4.000000,4.000000,4.000000,4.000000,4.000000,4.000000,4.000000,4.000000,4.000000,4.000000,4.000000,4.000000,4.000000,100.000000,,,,,,,,,,,,,,,,,,,,,,,,,,,,,,,,,,,,,,,,,,,,,,,,,,,,,,,,,,,,,,,,,,,,,,,,,,,,,,,,,,,,,,
1676060273.897603,1676060273.899015,80.000000,0.000000,4289.487305,4270.384766,4296.666504,4284.487305,4279.615234,4288.974121,4297.307617,4310.512695,4298.333496,4280.128418,4401.538574,4463.717773,4377.563965,4405.641113,3129.000000,4.000000,85.000000,,,,0.000000,4.000000,4.000000,4.000000,4.000000,4.000000,4.000000,4.000000,4.000000,4.000000,4.000000,4.000000,4.000000,4.000000,4.000000,100.000000,,,,,,,,,,,,,,,,,,,,,,,,,,,,,,,,,,,,,,,,,,,,,,,,,,,,,,,,,,,,,,,,,,,,,,,,,,,,,,,,,,,,,,
1676060273.905411,1676060273.906824,81.000000,0.000000,4298.077148,4278.077148,4300.769043,4296.282227,4281.410156,4306.153809,4298.461426,4318.205078,4303.717773,4280.128418,4410.384766,4471.282227,4388.333496,4415.384766,3253.000000,4.000000,85.000000,,,,0.000000,4.000000,4.000000,4.000000,4.000000,4.000000,4.000000,4.000000,4.000000,4.000000,4.000000,4.000000,4.000000,4.000000,4.000000,100.000000,,,,,,,,,,,,,,,,,,,,,,,,,,,,,,,,,,,,,,,,,,,,,,,,,,,,,,,,,,,,,,,,,,,,,,,,,,,,,,,,,,,,,,
1676060273.913220,1676060273.914732,82.000000,0.000000,4288.974121,4271.025879,4296.538574,4288.717773,4284.358887,4296.410156,4294.871582,4316.282227,4306.410156,4282.436035,4407.307617,4465.256348,4382.307617,4413.077148,2735.000000,4.000000,85.000000,,,,0.000000,4.000000,4.000000,4.000000,4.000000,4.000000,4.000000,4.000000,4.000000,4.000000,4.000000,4.000000,4.000000,4.000000,4.000000,100.000000,,,,,,,,,,,,,,,,,,,,,,,,,,,,,,,,,,,,,,,,,,,,,,,,,,,,,,,,,,,,,,,,,,,,,,,,,,,,,,,,,,,,,,
1676060273.921028,1676060273.922540,83.000000,0.000000,4275.256348,4259.871582,4290.512695,4276.922852,4280.256348,4277.051270,4289.358887,4301.282227,4299.487305,4277.692383,4394.358887,4452.820313,4367.820313,4403.974121,2930.000000,4.000000,85.000000,,,,0.000000,4.000000,4.000000,4.000000,4.000000,4.000000,4.000000,4.000000,4.000000,4.000000,4.000000,4.000000,4.000000,4.000000,4.000000,100.000000,,,,,,,,,,,,,,,,,,,,,,,,,,,,,,,,,,,,,,,,,,,,,,,,,,,,,,,,,,,,,,,,,,,,,,,,,,,,,,,,,,,,,,
1676060273.928836,1676060273.930249,84.000000,0.000000,4276.922852,4264.230957,4289.871582,4278.205078,4276.025879,4274.871582,4288.974121,4293.974121,4293.846191,4272.436035,4393.333496,4456.153809,4368.974121,4400.641113,3129.000000,4.000000,85.000000,,,,0.000000,4.000000,4.000000,4.000000,4.000000,4.000000,4.000000,4.000000,4.000000,4.000000,4.000000,4.000000,4.000000,4.000000,4.000000,100.000000,,,,,,,,,,,,,,,,,,,,,,,,,,,,,,,,,,,,,,,,,,,,,,,,,,,,,,,,,,,,,,,,,,,,,,,,,,,,,,,,,,,,,,
1676060273.936645,1676060273.938057,85.000000,0.000000,4292.307617,4272.563965,4301.282227,4286.282227,4281.538574,4283.205078,4297.307617,4304.615234,4300.256348,4281.410156,4407.692383,4468.974121,4385.128418,4409.230957,3253.000000,4.000000,85.000000,,,,0.000000,4.000000,4.000000,4.000000,4.000000,4.000000,4.000000,4.000000,4.000000,4.000000,4.000000,4.000000,4.000000,4.000000,4.000000,100.000000,,,,,,,,,,,,,,,,,,,,,,,,,,,,,,,,,,,,,,,,,,,,,,,,,,,,,,,,,,,,,,,,,,,,,,,,,,,,,,,,,,,,,,
1676060273.944453,1676060273.945766,86.000000,0.000000,4287.820313,4255.897461,4299.743652,4277.563965,4282.051270,4281.666504,4294.230957,4305.897461,4290.897461,4272.820313,4405.512695,4462.179688,4377.820313,4409.230957,2735.000000,4.000000,85.000000,,,,0.000000,4.000000,4.000000,4.000000,4.000000,4.000000,4.000000,4.000000,4.000000,4.000000,4.000000,4.000000,4.000000,4.000000,4.000000,100.000000,,,,,,,,,,,,,,,,,,,,,,,,,,,,,,,,,,,,,,,,,,,,,,,,,,,,,,,,,,,,,,,,,,,,,,,,,,,,,,,,,,,,,,
1676060273.952262,1676060273.953574,87.000000,0.000000,4271.282227,4244.871582,4289.615234,4268.461426,4269.743652,4272.563965,4286.538574,4298.717773,4277.307617,4257.436035,4393.461426,4453.717773,4360.897461,4400.384766,2930.000000,4.000000,85.000000,,,,0.000000,4.000000,4.000000,4.000000,4.000000,4.000000,4.000000,4.000000,4.000000,4.000000,4.000000,4.000000,4.000000,4.000000,4.000000,100.000000,,,,,,,,,,,,,,,,,,,,,,,,,,,,,,,,,,,,,,,,,,,,,,,,,,,,,,,,,,,,,,,,,,,,,,,,,,,,,,,,,,,,,,
1676060273.960070,1676060273.961283,88.000000,0.000000,4284.102539,4268.974121,4305.128418,4283.461426,4275.769043,4280.512695,4302.179688,4312.307617,4298.589844,4281.666504,4410.512695,4472.948730,4381.922852,4409.871582,3129.000000,4.000000,85.000000,,,,0.000000,4.000000,4.000000,4.000000,4.000000,4.000000,4.000000,4.000000,4.000000,4.000000,4.000000,4.000000,4.000000,4.000000,4.000000,100.000000,,,,,,,,,,,,,,,,,,,,,,,,,,,,,,,,,,,,,,,,,,,,,,,,,,,,,,,,,,,,,,,,,,,,,,,,,,,,,,,,,,,,,,
1676060273.967878,1676060273.969091,89.000000,0.000000,4303.974121,4283.974121,4316.282227,4294.743652,4292.563965,4296.794922,4313.461426,4323.846191,4317.436035,4307.307617,4428.589844,4482.307617,4406.025879,4420.641113,3253.000000,4.000000,85.000000,,,,0.000000,4.000000,4.000000,4.000000,4.000000,4.000000,4.000000,4.000000,4.000000,4.000000,4.000000,4.000000,4.000000,4.000000,4.000000,100.000000,,,,,,,,,,,,,,,,,,,,,,,,,,,,,,,,,,,,,,,,,,,,,,,,,,,,,,,,,,,,,,,,,,,,,,,,,,,,,,,,,,,,,,
1676060273.975687,1676060273.976800,90.000000,0.000000,4277.948730,4253.077148,4285.128418,4269.102539,4278.717773,4286.794922,4285.897461,4301.922852,4290.641113,4279.487305,4398.461426,4442.179688,4380.000000,4394.102539,2735.000000,4.000000,85.000000,,,,0.000000,4.000000,4.000000,4.000000,4.000000,4.000000,4.000000,4.000000,4.000000,4.000000,4.000000,4.000000,4.000000,4.000000,4.000000,100.000000,,,,,,,,,,,,,,,,,,,,,,,,,,,,,,,,,,,,,,,,,,,,,,,,,,,,,,,,,,,,,,,,,,,,,,,,,,,,,,,,,,,,,,
1676060273.983495,1676060273.984608,91.000000,0.000000,4250.256348,4233.846191,4267.563965,4251.153809,4265.384766,4270.897461,4267.820313,4286.666504,4269.358887,4253.846191,4374.487305,4417.692383,4359.615234,4376.666504,2930.000000,4.000000,85.000000,,,,0.000000,4.000000,4.000000,4.000000,4.000000,4.000000,4.000000,4.000000,4.000000,4.000000,4.000000,4.000000,4.000000,4.000000,4.000000,100.000000,,,,,,,,,,,,,,,,,,,,,,,,,,,,,,,,,,,,,,,,,,,,,,,,,,,,,,,,,,,,,,,,,,,,,,,,,,,,,,,,,,,,,,
1676060273.991304,1676060273.992317,92.000000,0.000000,4270.641113,4255.897461,4295.769043,4274.230957,4283.461426,4284.487305,4288.846191,4301.922852,4291.025879,4275.769043,4400.641113,4449.743652,4384.358887,4397.051270,3129.000000,4.000000,85.000000,,,,0.000000,4.000000,4.000000,4.000000,4.000000,4.000000,4.000000,4.000000,4.000000,4.000000,4.000000,4.000000,4.000000,4.000000,4.000000,100.000000,,,,,,,,,,,,,,,,,,,,,,,,,,,,,,,,,,,,,,,,,,,,,,,,,,,,,,,,,,,,,,,,,,,,,,,,,,,,,,,,,,,,,,
1676060273.999112,1676060274.000125,93.000000,0.000000,4285.128418,4263.589844,4306.153809,4282.692383,4290.000000,4294.743652,4299.358887,4306.282227,4305.128418,4283.974121,4413.717773,4463.846191,4395.384766,4403.974121,3253.000000,4.000000,85.000000,,,,0.000000,4.000000,4.000000,4.000000,4.000000,4.000000,4.000000,4.000000,4.000000,4.000000,4.000000,4.000000,4.000000,4.000000,4.000000,100.000000,,,,,,,,,,,,,,,,,,,,,,,,,,,,,,,,,,,,,,,,,,,,,,,,,,,,,,,,,,,,,,,,,,,,,,,,,,,,,,,,,,,,,,
1676060274.006920,1676060274.007834,94.000000,0.000000,4275.512695,4254.230957,4289.871582,4268.974121,4278.205078,4284.743652,4290.256348,4297.563965,4295.128418,4267.051270,4396.666504,4448.589844,4381.025879,4396.153809,2735.000000,4.000000,85.000000,,,,0.000000,4.000000,4.000000,4.000000,4.000000,4.000000,4.000000,4.000000,4.000000,4.000000,4.000000,4.000000,4.000000,4.000000,4.000000,100.000000,,,,,,,,,,,,,,,,,1.007476,7.879049,1.010495,1.897579,1.192284,14.949616,6.210385,0.820089,1.695160,1.477041,1.730547,8.056381,1.070408,2.282167,1.508111,4.732443,5.266774,0.641670,1.576385,1.112938,1.087588,1.333678,0.559510,1.089092,0.730081,0.848075,0.858193,0.660609,1.188292,0.590480,0.616175,2.043483,1.164102,1.601530,1.262191,0.610075,1.616749,1.543216,2.025320,1.233073,0.768038,1.503812,1.788668,1.940839,1.535421,0.862545,2.033447,3.858259,2.388850,1.778943,12.642756,6.378807,3.647257,3.894268,2.493042,3.068978,8.934827,2.465082,3.469121,2.272579,9.556965,4.823859,3.614782,3.557283,2.025382,1.514808,7.955547,2.407688,3.276041,2.144773
1676060274.014729,1676060274.015642,95.000000,0.000000,4274.487305,4254.102539,4291.282227,4268.974121,4277.179688,4281.538574,4291.666504,4297.436035,4289.871582,4270.256348,4390.512695,4450.769043,4375.512695,4394.358887,2930.000000,4.000000,85.000000,,,,0.000000,4.000000,4.000000,4.000000,4.000000,4.000000,4.000000,4.000000,4.000000,4.000000,4.000000,4.000000,4.000000,4.000000,4.000000,100.000000,,,,,,,,,,,,,,,,,,,,,,,,,,,,,,,,,,,,,,,,,,,,,,,,,,,,,,,,,,,,,,,,,,,,,,,,,,,,,,,,,,,,,,
1676060274.022537,1676060274.023351,96.000000,0.000000,4280.897461,4263.077148,4308.077148,4278.846191,4280.641113,4287.436035,4300.256348,4302.051270,4296.153809,4285.000000,4405.256348,4461.794922,4383.589844,4400.897461,3129.000000,4.000000,85.000000,,,,0.000000,4.000000,4.000000,4.000000,4.000000,4.000000,4.000000,4.000000,4.000000,4.000000,4.000000,4.000000,4.000000,4.000000,4.000000,100.000000,,,,,,,,,,,,,,,,,,,,,,,,,,,,,,,,,,,,,,,,,,,,,,,,,,,,,,,,,,,,,,,,,,,,,,,,,,,,,,,,,,,,,,
1676060274.030345,1676060274.031159,97.000000,0.000000,4279.358887,4262.179688,4312.563965,4275.897461,4277.948730,4285.384766,4296.282227,4297.051270,4292.051270,4277.179688,4407.820313,4459.230957,4387.051270,4408.077148,3253.000000,4.000000,85.000000,,,,0.000000,4.000000,4.000000,4.000000,4.000000,4.000000,4.000000,4.000000,4.000000,4.000000,4.000000,4.000000,4.000000,4.000000,4.000000,100.000000,,,,,,,,,,,,,,,,,,,,,,,,,,,,,,,,,,,,,,,,,,,,,,,,,,,,,,,,,,,,,,,,,,,,,,,,,,,,,,,,,,,,,,
1676060274.038154,1676060274.038868,98.000000,0.000000,4280.256348,4255.769043,4310.512695,4270.641113,4278.974121,4281.922852,4287.692383,4291.922852,4283.974121,4272.948730,4401.025879,4459.102539,4386.282227,4413.846191,2735.000000,4.000000,85.000000,,,,0.000000,4.000000,4.000000,4.000000,4.000000,4.000000,4.000000,4.000000,4.000000,4.000000,4.000000,4.000000,4.000000,4.000000,4.000000,100.000000,,,,,,,,,,,,,,,,,,,,,,,,,,,,,,,,,,,,,,,,,,,,,,,,,,,,,,,,,,,,,,,,,,,,,,,,,,,,,,,,,,,,,,
1676060274.045962,1676060274.046676,99.000000,0.000000,4278.461426,4253.333496,4311.922852,4270.641113,4277.436035,4277.692383,4284.743652,4293.589844,4287.307617,4281.282227,4401.153809,4461.410156,4381.538574,4408.333496,2930.000000,4.000000,85.000000,,,,0.000000,4.000000,4.000000,4.000000,4.000000,4.000000,4.000000,4.000000,4.000000,4.000000,4.000000,4.000000,4.000000,4.000000,4.000000,100.000000,,,,,,,,,,,,,,,,,,,,,,,,,,,,,,,,,,,,,,,,,,,,,,,,,,,,,,,,,,,,,,,,,,,,,,,,,,,,,,,,,,,,,,
1676060274.053771,1676060274.054385,100.000000,0.000000,4276.538574,4261.922852,4320.512695,4272.051270,4276.282227,4276.922852,4290.512695,4303.589844,4296.922852,4282.179688,4410.128418,4466.410156,4382.948730,4407.692383,3129.000000,4.000000,85.000000,,,,0.000000,4.000000,4.000000,4.000000,4.000000,4.000000,4.000000,4.000000,4.000000,4.000000,4.000000,4.000000,4.000000,4.000000,4.000000,100.000000,,,,,,,,,,,,,,,,,,,,,,,,,,,,,,,,,,,,,,,,,,,,,,,,,,,,,,,,,,,,,,,,,,,,,,,,,,,,,,,,,,,,,,
1676060274.061579,1676060274.062293,101.000000,0.000000,4291.922852,4278.333496,4336.282227,4287.563965,4285.897461,4290.000000,4307.051270,4324.615234,4314.871582,4296.153809,4429.358887,4488.846191,4404.487305,4428.077148,3253.000000,4.000000,85.000000,,,,0.000000,4.000000,4.000000,4.000000,4.000000,4.000000,4.000000,4.000000,4.000000,4.000000,4.000000,4.000000,4.000000,4.000000,4.000000,100.000000,,,,,,,,,,,,,,,,,,,,,,,,,,,,,,,,,,,,,,,,,,,,,,,,,,,,,,,,,,,,,,,,,,,,,,,,,,,,,,,,,,,,,,
1676060274.069387,1676060274.070102,102.000000,0.000000,4298.589844,4273.589844,4333.461426,4291.794922,4285.897461,4298.589844,4309.743652,4331.922852,4322.051270,4301.410156,4431.410156,4494.230957,4409.743652,4429.102539,2735.000000,4.000000,85.000000,,,,0.000000,4.000000,4.000000,4.000000,4.000000,4.000000,4.000000,4.000000,4.000000,4.000000,4.000000,4.000000,4.000000,4.000000,4.000000,100.000000,,,,,,,,,,,,,,,,,,,,,,,,,,,,,,,,,,,,,,,,,,,,,,,,,,,,,,,,,,,,,,,,,,,,,,,,,,,,,,,,,,,,,,
1676060274.077196,1676060274.078010,103.000000,0.000000,4283.974121,4260.512695,4314.615234,4270.512695,4278.333496,4292.436035,4296.410156,4318.205078,4306.666504,4279.358887,4413.589844,4470.384766,4387.436035,4408.077148,2930.000000,4.000000,85.000000,,,,0.000000,4.000000,4.000000,4.000000,4.000000,4.000000,4.000000,4.000000,4.000000,4.000000,4.000000,4.000000,4.000000,4.000000,4.000000,100.000000,,,,,,,,,,,,,,,,,,,,,,,,,,,,,,,,,,,,,,,,,,,,,,,,,,,,,,,,,,,,,,,,,,,,,,,,,,,,,,,,,,,,,,
1676060274.085004,1676060274.085819,104.000000,0.000000,4270.641113,4258.461426,4305.128418,4260.769043,4281.922852,4289.102539,4290.512695,4309.487305,4299.487305,4273.974121,4400.512695,4453.846191,4374.358887,4398.846191,3129.000000,4.000000,85.000000,,,,0.000000,4.000000,4.000000,4.000000,4.000000,4.000000,4.000000,4.000000,4.000000,4.000000,4.000000,4.000000,4.000000,4.000000,4.000000,100.000000,,,,,,,,,,,,,,,,,,,,,,,,,,,,,,,,,,,,,,,,,,,,,,,,,,,,,,,,,,,,,,,,,,,,,,,,,,,,,,,,,,,,,,
1676060274.092812,1676060274.093727,105.000000,0.000000,4270.769043,4258.974121,4305.897461,4273.589844,4286.025879,4294.230957,4293.974121,4307.051270,4306.025879,4293.974121,4397.436035,4455.384766,4378.333496,4395.128418,3253.000000,4.000000,85.000000,,,,0.000000,4.000000,4.000000,4.000000,4.000000,4.000000,4.000000,4.000000,4.000000,4.000000,4.000000,4.000000,4.000000,4.000000,4.000000,100.000000,,,,,,,,,,,,,,,,,,,,,,,,,,,,,,,,,,,,,,,,,,,,,,,,,,,,,,,,,,,,,,,,,,,,,,,,,,,,,,,,,,,,,,
1676060274.100621,1676060274.101535,106.000000,0.000000,4278.846191,4264.743652,4307.820313,4282.307617,4282.692383,4297.307617,4297.051270,4303.333496,4302.051270,4297.179688,4398.717773,4458.333496,4382.948730,4396.025879,2735.000000,4.000000,85.000000,,,,0.000000,4.000000,4.000000,4.000000,4.000000,4.000000,4.000000,4.000000,4.000000,4.000000,4.000000,4.000000,4.000000,4.000000,4.000000,100.000000,,,,,,,,,,,,,,,,,,,,,,,,,,,,,,,,,,,,,,,,,,,,,,,,,,,,,,,,,,,,,,,,,,,,,,,,,,,,,,,,,,,,,,
1676060274.108429,1676060274.109244,107.000000,0.000000,4281.538574,4264.487305,4309.230957,4279.615234,4280.769043,4294.743652,4296.666504,4301.794922,4294.358887,4283.846191,4403.077148,4457.948730,4379.358887,4406.282227,2930.000000,4.000000,85.000000,,,,0.000000,4.000000,4.000000,4.000000,4.000000,4.000000,4.000000,4.000000,4.000000,4.000000,4.000000,4.000000,4.000000,4.000000,4.000000,100.000000,,,,,,,,,,,,,,,,,,,,,,,,,,,,,,,,,,,,,,,,,,,,,,,,,,,,,,,,,,,,,,,,,,,,,,,,,,,,,,,,,,,,,,
1676060274.116238,1676060274.117052,108.000000,0.000000,4271.282227,4250.769043,4306.922852,4281.025879,4277.436035,4290.512695,4294.487305,4300.897461,4295.128418,4281.794922,4403.205078,4461.153809,4372.307617,4402.563965,3129.000000,4.000000,85.000000,,,,0.000000,4.000000,4.000000,4.000000,4.000000,4.000000,4.000000,4.000000,4.000000,4.000000,4.000000,4.000000,4.000000,4.000000,4.000000,100.000000,,,,,,,,,,,,,,,,,,,,,,,,,,,,,,,,,,,,,,,,,,,,,,,,,,,,,,,,,,,,,,,,,,,,,,,,,,,,,,,,,,,,,,
1676060274.124046,1676060274.124761,109.000000,0.000000,4270.256348,4251.410156,4310.641113,4294.871582,4274.743652,4291.794922,4296.794922,4302.436035,4293.589844,4279.615234,4401.922852,4474.871582,4376.538574,4393.974121,3253.000000,4.000000,85.000000,,,,0.000000,4.000000,4.000000,4.000000,4.000000,4.000000,4.000000,4.000000,4.000000,4.000000,4.000000,4.000000,4.000000,4.000000,4.000000,100.000000,,,,,,,,,,,,,,,,,,,,,,,,,,,,,,,,,,,,,,,,,,,,,,,,,,,,,,,,,,,,,,,,,,,,,,,,,,,,,,,,,,,,,,
1676060274.131854,1676060274.132569,110.000000,0.000000,4284.358887,4269.487305,4321.153809,4313.717773,4280.512695,4291.794922,4304.358887,4309.615234,4296.410156,4274.487305,4410.897461,4492.436035,4386.922852,4406.922852,2735.000000,4.000000,85.000000,,,,0.000000,4.000000,4.000000,4.000000,4.000000,4.000000,4.000000,4.000000,4.000000,4.000000,4.000000,4.000000,4.000000,4.000000,4.000000,100.000000,,,,,,,,,,,,,,,,,1.042239,6.863746,1.396608,1.902178,1.342156,15.816068,5.982708,0.864774,1.684134,1.605896,1.675527,7.355864,1.379257,2.329257,1.695238,4.989787,5.351676,0.810794,1.586818,1.291335,1.095647,1.489572,0.546019,1.023878,0.808560,0.718903,0.879321,0.504083,1.098062,0.721166,0.541729,1.938762,0.911068,1.520589,1.400184,0.504983,1.705546,1.197049,1.907585,1.342846,0.538648,1.410620,1.474438,1.839829,1.722269,0.760059,1.793822,3.537931,2.365338,2.060351,15.115343,5.482123,3.514152,3.850185,2.606016,3.126539,7.452123,2.779363,3.454811,2.525656,9.790885,4.304019,4.000337,3.427683,2.158978,1.561646,6.658907,2.874552,3.227473,2.344470
1676060274.139663,1676060274.140278,111.000000,0.000000,4287.179688,4269.358887,4320.512695,4321.794922,4281.794922,4284.743652,4301.410156,4315.512695,4308.205078,4284.615234,4418.205078,4497.692383,4387.820313,4418.589844,2930.000000,4.000000,85.000000,,,,0.000000,4.000000,4.000000,4.000000,4.000000,4.000000,4.000000,4.000000,4.000000,4.000000,4.000000,4.000000,4.000000,4.000000,4.000000,100.000000,,,,,,,,,,,,,,,,,,,,,,,,,,,,,,,,,,,,,,,,,,,,,,,,,,,,,,,,,,,,,,,,,,,,,,,,,,,,,,,,,,,,,,
1676060274.147471,1676060274.148086,112.000000,0.000000,4281.922852,4261.153809,4315.769043,4322.436035,4277.436035,4278.846191,4294.102539,4317.948730,4314.358887,4299.230957,4418.461426,4501.922852,4386.025879,4416.410156,3129.000000,4.000000,85.000000,,,,0.000000,4.000000,4.000000,4.000000,4.000000,4.000000,4.000000,4.000000,4.000000,4.000000,4.000000,4.000000,4.000000,4.000000,4.000000,100.000000,,,,,,,,,,,,,,,,,,,,,,,,,,,,,,,,,,,,,,,,,,,,,,,,,,,,,,,,,,,,,,,,,,,,,,,,,,,,,,,,,,,,,,
1676060274.155280,1676060274.155795,113.000000,0.000000,4280.512695,4262.948730,4313.461426,4322.820313,4275.769043,4277.179688,4292.179688,4314.743652,4308.717773,4292.692383,4413.717773,4508.974121,4385.384766,4412.563965,3253.000000,4.000000,85.000000,,,,0.000000,4.000000,4.000000,4.000000,4.000000,4.000000,4.000000,4.000000,4.000000,4.000000,4.000000,4.000000,4.000000,4.000000,4.000000,100.000000,,,,,,,,,,,,,,,,,,,,,,,,,,,,,,,,,,,,,,,,,,,,,,,,,,,,,,,,,,,,,,,,,,,,,,,,,,,,,,,,,,,,,,
1676060274.163088,1676060274.163603,114.000000,0.000000,4286.538574,4263.974121,4313.589844,4321.666504,4278.717773,4283.974121,4294.871582,4310.897461,4306.153809,4280.641113,4412.307617,4511.794922,4385.641113,4410.641113,2735.000000,4.000000,85.000000,,,,0.000000,4.000000,4.000000,4.000000,4.000000,4.000000,4.000000,4.000000,4.000000,4.000000,4.000000,4.000000,4.000000,4.000000,4.000000,100.000000,,,,,,,,,,,,,,,,,,,,,,,,,,,,,,,,,,,,,,,,,,,,,,,,,,,,,,,,,,,,,,,,,,,,,,,,,,,,,,,,,,,,,,
1676060274.170896,1676060274.171312,115.000000,0.000000,4291.794922,4264.487305,4315.256348,4323.205078,4283.077148,4290.641113,4299.102539,4315.897461,4311.282227,4286.666504,4416.410156,4508.846191,4389.230957,4411.922852,2930.000000,4.000000,85.000000,,,,0.000000,4.000000,4.000000,4.000000,4.000000,4.000000,4.000000,4.000000,4.000000,4.000000,4.000000,4.000000,4.000000,4.000000,4.000000,100.000000,,,,,,,,,,,,,,,,,,,,,,,,,,,,,,,,,,,,,,,,,,,,,,,,,,,,,,,,,,,,,,,,,,,,,,,,,,,,,,,,,,,,,,
1676060274.178705,1676060274.179120,116.000000,0.000000,4267.692383,4254.102539,4292.563965,4309.743652,4271.153809,4275.897461,4282.563965,4300.512695,4294.230957,4275.128418,4390.000000,4476.922852,4364.743652,4391.666504,3129.000000,4.000000,85.000000,,,,0.000000,4.000000,4.000000,4.000000,4.000000,4.000000,4.000000,4.000000,4.000000,4.000000,4.000000,4.000000,4.000000,4.000000,4.000000,100.000000,,,,,,,,,,,,,,,,,,,,,,,,,,,,,,,,,,,,,,,,,,,,,,,,,,,,,,,,,,,,,,,,,,,,,,,,,,,,,,,,,,,,,,
1676060274.186513,1676060274.186829,117.000000,0.000000,4243.717773,4239.230957,4268.974121,4293.717773,4258.846191,4269.743652,4267.307617,4272.948730,4270.897461,4244.358887,4358.077148,4451.666504,4334.102539,4364.871582,3253.000000,4.000000,85.000000,,,,0.000000,4.000000,4.000000,4.000000,4.000000,4.000000,4.000000,4.000000,4.000000,4.000000,4.000000,4.000000,4.000000,4.000000,4.000000,100.000000,,,,,,,,,,,,,,,,,,,,,,,,,,,,,,,,,,,,,,,,,,,,,,,,,,,,,,,,,,,,,,,,,,,,,,,,,,,,,,,,,,,,,,
1676060274.194322,1676060274.194737,118.000000,0.000000,4269.358887,4256.282227,4295.384766,4313.717773,4273.974121,4291.794922,4288.717773,4290.769043,4289.102539,4256.025879,4388.461426,4486.538574,4364.615234,4387.820313,2735.000000,4.000000,85.000000,,,,0.000000,4.000000,4.000000,4.000000,4.000000,4.000000,4.000000,4.000000,4.000000,4.000000,4.000000,4.000000,4.000000,4.000000,4.000000,100.000000,,,,,,,,,,,,,,,,,,,,,,,,,,,,,,,,,,,,,,,,,,,,,,,,,,,,,,,,,,,,,,,,,,,,,,,,,,,,,,,,,,,,,,
1676060274.202130,1676060274.202546,119.000000,0.000000,4296.025879,4274.230957,4324.487305,4331.025879,4284.358887,4293.461426,4304.615234,4315.000000,4312.051270,4291.282227,4424.743652,4522.051270,4400.897461,4420.769043,2930.000000,4.000000,85.000000,,,,0.000000,4.000000,4.000000,4.000000,4.000000,4.000000,4.000000,4.000000,4.000000,4.000000,4.000000,4.000000,4.000000,4.000000,4.000000,100.000000,,,,,,,,,,,,,,,,,,,,,,,,,,,,,,,,,,,,,,,,,,,,,,,,,,,,,,,,,,,,,,,,,,,,,,,,,,,,,,,,,,,,,,
1676060274.209938,1676060274.210454,120.000000,0.000000,4282.436035,4264.615234,4311.410156,4315.641113,4271.153809,4274.358887,4290.384766,4299.871582,4296.538574,4288.974121,4408.205078,4507.692383,4380.128418,4414.871582,3129.000000,4.000000,85.000000,,,,0.000000,4.000000,4.000000,4.000000,4.000000,4.000000,4.000000,4.000000,4.000000,4.000000,4.000000,4.000000,4.000000,4.000000,4.000000,100.000000,,,,,,,,,,,,,,,,,,,,,,,,,,,,,,,,,,,,,,,,,,,,,,,,,,,,,,,,,,,,,,,,,,,,,,,,,,,,,,,,,,,,,,
1676060274.217747,1676060274.218262,121.000000,0.000000,4274.358887,4263.205078,4308.205078,4313.333496,4264.743652,4277.948730,4293.205078,4297.820313,4285.384766,4274.230957,4401.282227,4503.205078,4367.948730,4408.077148,3253.000000,4.000000,85.000000,,,,0.000000,4.000000,4.000000,4.000000,4.000000,4.000000,4.000000,4.000000,4.000000,4.000000,4.000000,4.000000,4.000000,4.000000,4.000000,100.000000,,,,,,,,,,,,,,,,,,,,,,,,,,,,,,,,,,,,,,,,,,,,,,,,,,,,,,,,,,,,,,,,,,,,,,,,,,,,,,,,,,,,,,
1676060274.225555,1676060274.226071,122.000000,0.000000,4277.563965,4264.102539,4314.871582,4317.948730,4266.666504,4286.538574,4303.846191,4310.897461,4297.051270,4278.461426,4409.871582,4512.563965,4380.256348,4402.051270,2735.000000,4.000000,85.000000,,,,0.000000,4.000000,4.000000,4.000000,4.000000,4.000000,4.000000,4.000000,4.000000,4.000000,4.000000,4.000000,4.000000,4.000000,4.000000,100.000000,,,,,,,,,,,,,,,,,,,,,,,,,,,,,,,,,,,,,,,,,,,,,,,,,,,,,,,,,,,,,,,,,,,,,,,,,,,,,,,,,,,,,,
1676060274.233363,1676060274.233779,123.000000,0.000000,4265.128418,4247.692383,4297.563965,4299.487305,4259.358887,4276.794922,4283.717773,4298.974121,4296.153809,4275.512695,4387.436035,4491.538574,4364.871582,4381.410156,2930.000000,4.000000,85.000000,,,,0.000000,4.000000,4.000000,4.000000,4.000000,4.000000,4.000000,4.000000,4.000000,4.000000,4.000000,4.000000,4.000000,4.000000,4.000000,100.000000,,,,,,,,,,,,,,,,,,,,,,,,,,,,,,,,,,,,,,,,,,,,,,,,,,,,,,,,,,,,,,,,,,,,,,,,,,,,,,,,,,,,,,
1676060274.241172,1676060274.241588,124.000000,0.000000,4255.769043,4243.717773,4288.077148,4292.179688,4263.717773,4275.384766,4275.769043,4295.641113,4290.384766,4268.846191,4376.666504,4479.230957,4350.769043,4381.282227,3129.000000,4.000000,85.000000,,,,0.000000,4.000000,4.000000,4.000000,4.000000,4.000000,4.000000,4.000000,4.000000,4.000000,4.000000,4.000000,4.000000,4.000000,4.000000,100.000000,,,,,,,,,,,,,,,,,,,,,,,,,,,,,,,,,,,,,,,,,,,,,,,,,,,,,,,,,,,,,,,,,,,,,,,,,,,,,,,,,,,,,,
1676060274.248980,1676060274.249296,125.000000,0.000000,4258.846191,4253.717773,4297.051270,4303.846191,4276.922852,4285.512695,4293.589844,4313.461426,4300.512695,4279.358887,4397.436035,4489.743652,4365.897461,4393.077148,3253.000000,4.000000,85.000000,,,,0.000000,4.000000,4.000000,4.000000,4.000000,4.000000,4.000000,4.000000,4.000000,4.000000,4.000000,4.000000,4.000000,4.000000,4.000000,100.000000,,,,,,,,,,,,,,,,,,,,,,,,,,,,,,,,,,,,,,,,,,,,,,,,,,,,,,,,,,,,,,,,,,,,,,,,,,,,,,,,,,,,,,
1676060274.256789,1676060274.257205,126.000000,0.000000,4255.641113,4244.743652,4290.384766,4298.333496,4270.256348,4285.000000,4290.641113,4307.563965,4301.538574,4274.871582,4391.282227,4477.563965,4363.589844,4375.641113,2735.000000,4.000000,85.000000,,,,0.000000,4.000000,4.000000,4.000000,4.000000,4.000000,4.000000,4.000000,4.000000,4.000000,4.000000,4.000000,4.000000,4.000000,4.000000,100.000000,,,,,,,,,,,,,,,,,1.114357,5.747299,1.925080,1.928336,1.545067,15.087477,5.545384,1.135956,1.682253,1.766121,1.553445,6.565368,1.908605,2.351898,1.912274,5.032057,5.315375,1.120762,1.589542,1.520839,0.986938,1.601128,0.646512,0.943939,0.900851,0.545786,0.842315,0.456127,0.971363,0.887363,0.459111,1.724431,0.843709,1.419476,1.549212,0.431364,1.710094,1.009592,1.750831,1.495716,0.378344,1.289515,1.154426,1.688910,1.933088,0.658794,1.554877,3.023602,2.244705,2.375055,17.479986,4.724056,3.537857,3.728224,2.808394,3.233129,6.286293,3.281061,3.354804,2.864166,9.339468,4.186926,4.451974,3.222869,2.371951,1.652077,5.621576,3.507419,3.115689,2.602203
1676060274.264597,1676060274.265013,127.000000,0.000000,4256.153809,4240.000000,4286.922852,4295.769043,4264.102539,4281.153809,4282.820313,4301.282227,4294.871582,4265.000000,4380.641113,4471.282227,4354.230957,4369.871582,85.000000,4.000000,85.000000,,,,0.000000,4.000000,4.000000,4.000000,4.000000,4.000000,4.000000,4.000000,4.000000,4.000000,4.000000,4.000000,4.000000,4.000000,4.000000,100.000000,,,,,,,,,,,,,,,,,,,,,,,,,,,,,,,,,,,,,,,,,,,,,,,,,,,,,,,,,,,,,,,,,,,,,,,,,,,,,,,,,,,,,,
1676060274.272405,1676060274.272922,0.000000,0.000000,4264.743652,4252.307617,4296.025879,4302.820313,4269.615234,4281.025879,4293.717773,4313.077148,4298.461426,4277.179688,4398.846191,4491.794922,4366.538574,4394.615234,2548.000000,4.000000,85.000000,,,,0.000000,4.000000,4.000000,4.000000,4.000000,4.000000,4.000000,4.000000,4.000000,4.000000,4.000000,4.000000,4.000000,4.000000,4.000000,100.000000,,,,,,,,,,,,,,,,,,,,,,,,,,,,,,,,,,,,,,,,,,,,,,,,,,,,,,,,,,,,,,,,,,,,,,,,,,,,,,,,,,,,,,
1676060274.280214,1676060274.280730,1.000000,0.000000,4261.282227,4248.205078,4288.333496,4297.820313,4268.589844,4281.410156,4296.922852,4306.282227,4300.128418,4284.743652,4400.000000,4489.230957,4365.897461,4394.102539,2506.000000,4.000000,85.000000,,,,0.000000,4.000000,4.000000,4.000000,4.000000,4.000000,4.000000,4.000000,4.000000,4.000000,4.000000,4.000000,4.000000,4.000000,4.000000,100.000000,,,,,,,,,,,,,,,,,,,,,,,,,,,,,,,,,,,,,,,,,,,,,,,,,,,,,,,,,,,,,,,,,,,,,,,,,,,,,,,,,,,,,,
1676060274.288022,1676060274.288638,2.000000,0.000000,4258.205078,4238.717773,4282.692383,4296.282227,4268.205078,4282.820313,4292.179688,4294.487305,4295.512695,4276.153809,4382.820313,4474.102539,4350.897461,4376.282227,2431.000000,4.000000,85.000000,,,,0.000000,4.000000,4.000000,4.000000,4.000000,4.000000,4.000000,4.000000,4.000000,4.000000,4.000000,4.000000,4.000000,4.000000,4.000000,100.000000,,,,,,,,,,,,,,,,,,,,,,,,,,,,,,,,,,,,,,,,,,,,,,,,,,,,,,,,,,,,,,,,,,,,,,,,,,,,,,,,,,,,,,
1676060274.295830,1676060274.296447,3.000000,0.000000,4278.717773,4254.615234,4302.563965,4312.307617,4279.230957,4289.487305,4299.615234,4307.820313,4298.077148,4279.102539,4396.538574,4496.666504,4367.307617,4396.666504,2510.000000,4.000000,85.000000,,,,0.000000,4.000000,4.000000,4.000000,4.000000,4.000000,4.000000,4.000000,4.000000,4.000000,4.000000,4.000000,4.000000,4.000000,4.000000,100.000000,,,,,,,,,,,,,,,,,,,,,,,,,,,,,,,,,,,,,,,,,,,,,,,,,,,,,,,,,,,,,,,,,,,,,,,,,,,,,,,,,,,,,,
1676060274.303639,1676060274.304355,4.000000,0.000000,4295.512695,4270.512695,4313.077148,4318.461426,4283.717773,4291.794922,4301.538574,4313.333496,4303.077148,4289.102539,4415.128418,4517.179688,4390.256348,4422.051270,2468.000000,4.000000,85.000000,,,,0.000000,4.000000,4.000000,4.000000,4.000000,4.000000,4.000000,4.000000,4.000000,4.000000,4.000000,4.000000,4.000000,4.000000,4.000000,100.000000,,,,,,,,,,,,,,,,,,,,,,,,,,,,,,,,,,,,,,,,,,,,,,,,,,,,,,,,,,,,,,,,,,,,,,,,,,,,,,,,,,,,,,
1676060274.311447,1676060274.312164,5.000000,0.000000,4282.051270,4258.717773,4296.666504,4305.641113,4274.615234,4284.743652,4292.563965,4295.512695,4292.051270,4272.179688,4395.641113,4496.282227,4372.051270,4411.025879,2408.000000,4.000000,85.000000,,,,0.000000,4.000000,4.000000,4.000000,4.000000,4.000000,4.000000,4.000000,4.000000,4.000000,4.000000,4.000000,4.000000,4.000000,4.000000,100.000000,,,,,,,,,,,,,,,,,,,,,,,,,,,,,,,,,,,,,,,,,,,,,,,,,,,,,,,,,,,,,,,,,,,,,,,,,,,,,,,,,,,,,,
1676060274.319256,1676060274.320072,6.000000,0.000000,4271.025879,4251.410156,4291.410156,4302.948730,4275.512695,4285.897461,4291.666504,4290.897461,4280.512695,4256.025879,4381.282227,4485.384766,4354.871582,4402.307617,2256.000000,4.000000,85.000000,,,,0.000000,4.000000,4.000000,4.000000,4.000000,4.000000,4.000000,4.000000,4.000000,4.000000,4.000000,4.000000,4.000000,4.000000,4.000000,100.000000,,,,,,,,,,,,,,,,,,,,,,,,,,,,,,,,,,,,,,,,,,,,,,,,,,,,,,,,,,,,,,,,,,,,,,,,,,,,,,,,,,,,,,
1676060274.327064,1676060274.327980,7.000000,0.000000,4282.051270,4263.589844,4306.410156,4309.743652,4284.871582,4301.538574,4297.179688,4298.461426,4283.077148,4272.692383,4399.102539,4503.717773,4371.025879,4411.538574,2241.000000,4.000000,85.000000,,,,0.000000,4.000000,4.000000,4.000000,4.000000,4.000000,4.000000,4.000000,4.000000,4.000000,4.000000,4.000000,4.000000,4.000000,4.000000,100.000000,,,,,,,,,,,,,,,,,,,,,,,,,,,,,,,,,,,,,,,,,,,,,,,,,,,,,,,,,,,,,,,,,,,,,,,,,,,,,,,,,,,,,,
1676060274.334872,1676060274.335789,8.000000,0.000000,4294.102539,4271.153809,4313.846191,4314.615234,4286.538574,4313.077148,4303.974121,4301.410156,4291.922852,4290.000000,4416.282227,4511.025879,4383.717773,4418.717773,2289.000000,4.000000,85.000000,,,,0.000000,4.000000,4.000000,4.000000,4.000000,4.000000,4.000000,4.000000,4.000000,4.000000,4.000000,4.000000,4.000000,4.000000,4.000000,100.000000,,,,,,,,,,,,,,,,,,,,,,,,,,,,,,,,,,,,,,,,,,,,,,,,,,,,,,,,,,,,,,,,,,,,,,,,,,,,,,,,,,,,,,
1676060274.342681,1676060274.343597,9.000000,0.000000,4289.358887,4262.051270,4305.000000,4311.794922,4279.871582,4307.820313,4301.666504,4306.666504,4295.256348,4282.307617,4416.025879,4498.461426,4373.846191,4417.051270,2271.000000,4.000000,85.000000,,,,0.000000,4.000000,4.000000,4.000000,4.000000,4.000000,4.000000,4.000000,4.000000,4.000000,4.000000,4.000000,4.000000,4.000000,4.000000,100.000000,,,,,,,,,,,,,,,,,,,,,,,,,,,,,,,,,,,,,,,,,,,,,,,,,,,,,,,,,,,,,,,,,,,,,,,,,,,,,,,,,,,,,,
1676060274.350489,1676060274.351306,10.000000,0.000000,4272.563965,4251.153809,4296.153809,4300.769043,4277.948730,4305.256348,4295.897461,4311.794922,4293.461426,4273.974121,4413.333496,4486.153809,4362.179688,4404.487305,2760.000000,4.000000,85.000000,,,,0.000000,4.000000,4.000000,4.000000,4.000000,4.000000,4.000000,4.000000,4.000000,4.000000,4.000000,4.000000,4.000000,4.000000,4.000000,100.000000,,,,,,,,,,,,,,,,,,,,,,,,,,,,,,,,,,,,,,,,,,,,,,,,,,,,,,,,,,,,,,,,,,,,,,,,,,,,,,,,,,,,,,
1676060274.358297,1676060274.359114,11.000000,0.000000,4260.256348,4249.487305,4291.794922,4292.820313,4279.743652,4311.282227,4294.743652,4309.871582,4292.563965,4272.307617,4414.743652,4479.358887,4358.205078,4387.179688,2952.000000,4.000000,85.000000,,,,0.000000,4.000000,4.000000,4.000000,4.000000,4.000000,4.000000,4.000000,4.000000,4.000000,4.000000,4.000000,4.000000,4.000000,4.000000,100.000000,,,,,,,,,,,,,,,,,,,,,,,,,,,,,,,,,,,,,,,,,,,,,,,,,,,,,,,,,,,,,,,,,,,,,,,,,,,,,,,,,,,,,,
1676060274.366106,1676060274.366823,12.000000,0.000000,4262.563965,4250.641113,4285.512695,4292.948730,4275.512695,4311.922852,4289.615234,4305.256348,4290.769043,4261.666504,4413.205078,4474.358887,4357.436035,4385.641113,3162.000000,4.000000,85.000000,,,,0.000000,4.000000,4.000000,4.000000,4.000000,4.000000,4.000000,4.000000,4.000000,4.000000,4.000000,4.000000,4.000000,4.000000,4.000000,100.000000,,,,,,,,,,,,,,,,,,,,,,,,,,,,,,,,,,,,,,,,,,,,,,,,,,,,,,,,,,,,,,,,,,,,,,,,,,,,,,,,,,,,,,
1676060274.373914,1676060274.374631,13.000000,0.000000,4265.000000,4252.948730,4286.153809,4293.846191,4273.077148,4308.717773,4282.307617,4301.282227,4290.641113,4261.538574,4409.871582,4470.769043,4358.589844,4392.563965,3271.000000,4.000000,85.000000,,,,0.000000,4.000000,4.000000,4.000000,4.000000,4.000000,4.000000,4.000000,4.000000,4.000000,4.000000,4.000000,4.000000,4.000000,4.000000,100.000000,,,,,,,,,,,,,,,,,,,,,,,,,,,,,,,,,,,,,,,,,,,,,,,,,,,,,,,,,,,,,,,,,,,,,,,,,,,,,,,,,,,,,,
1676060274.381723,1676060274.382340,14.000000,0.000000,4264.615234,4260.384766,4295.641113,4292.948730,4276.666504,4310.000000,4286.794922,4298.974121,4294.487305,4280.128418,4410.641113,4473.717773,4363.333496,4397.692383,2760.000000,4.000000,85.000000,,,,0.000000,4.000000,4.000000,4.000000,4.000000,4.000000,4.000000,4.000000,4.000000,4.000000,4.000000,4.000000,4.000000,4.000000,4.000000,100.000000,1.000000,25.000000,4.000000,4.000000,1.000000,4.000000,4.000000,3.000000,3.000000,3.000000,4.000000,1.000000,1.000000,1.000000,3.000000,3.000000,1.163037,4.699474,2.466307,1.918398,1.748098,12.956115,4.928397,1.543092,1.650470,1.910231,1.397898,5.834351,2.560261,2.295742,2.097603,4.719849,5.043483,1.498118,1.551869,1.743318,0.803723,1.606181,0.793828,0.843093,0.979107,0.424732,0.752333,0.470298,0.824061,1.050899,0.382169,1.442690,0.939937,1.295962,1.660834,0.402754,1.654293,0.997746,1.550780,1.639300,0.315888,1.157739,0.912524,1.491732,2.103318,0.592678,1.355573,2.441357,2.004940,2.650923,18.874216,4.265690,3.663095,3.451048,3.018246,3.264460,5.620399,3.861619,3.133826,3.179475,8.468422,4.440412,4.839072,2.885866,2.576468,1.769926,4.987233,4.147369,2.877523,2.825749
1676060274.389531,1676060274.390148,15.000000,0.000000,4274.487305,4268.974121,4299.871582,4299.615234,4282.563965,4317.179688,4290.256348,4299.615234,4300.641113,4292.051270,4416.410156,4486.922852,4373.717773,4409.743652,2952.000000,4.000000,85.000000,,,,0.000000,4.000000,4.000000,4.000000,4.000000,4.000000,4.000000,4.000000,4.000000,4.000000,4.000000,4.000000,4.000000,4.000000,4.000000,100.000000,,,,,,,,,,,,,,,,,,,,,,,,,,,,,,,,,,,,,,,,,,,,,,,,,,,,,,,,,,,,,,,,,,,,,,,,,,,,,,,,,,,,,,
1676060274.397339,1676060274.397857,16.000000,0.000000,4282.820313,4267.051270,4296.282227,4302.307617,4282.307617,4323.717773,4281.538574,4296.282227,4296.282227,4284.358887,4416.538574,4495.641113,4376.538574,4411.666504,0.000000,4.000000,85.000000,,,,0.000000,4.000000,4.000000,4.000000,4.000000,4.000000,4.000000,4.000000,4.000000,4.000000,4.000000,4.000000,4.000000,4.000000,4.000000,100.000000,,,,,,,,,,,,,,,,,,,,,,,,,,,,,,,,,,,,,,,,,,,,,,,,,,,,,,,,,,,,,,,,,,,,,,,,,,,,,,,,,,,,,,
1676060274.405148,1676060274.405665,17.000000,0.000000,4279.230957,4259.487305,4292.436035,4296.666504,4274.615234,4321.282227,4282.436035,4291.410156,4281.794922,4273.461426,4405.769043,4487.563965,4360.256348,4398.333496,0.000000,4.000000,85.000000,,,,0.000000,4.000000,4.000000,4.000000,4.000000,4.000000,4.000000,4.000000,4.000000,4.000000,4.000000,4.000000,4.000000,4.000000,4.000000,100.000000,,,,,,,,,,,,,,,,,,,,,,,,,,,,,,,,,,,,,,,,,,,,,,,,,,,,,,,,,,,,,,,,,,,,,,,,,,,,,,,,,,,,,,
1676060274.412956,1676060274.413374,18.000000,0.000000,4275.641113,4263.205078,4296.410156,4299.871582,4280.641113,4324.102539,4298.333496,4303.077148,4285.128418,4276.025879,4404.102539,4487.307617,4351.538574,4397.436035,0.000000,4.000000,85.000000,,,,0.000000,4.000000,4.000000,4.000000,4.000000,4.000000,4.000000,4.000000,4.000000,4.000000,4.000000,4.000000,4.000000,4.000000,4.000000,100.000000,,,,,,,,,,,,,,,,,,,,,,,,,,,,,,,,,,,,,,,,,,,,,,,,,,,,,,,,,,,,,,,,,,,,,,,,,,,,,,,,,,,,,,
1676060274.420765,1676060274.421182,19.000000,0.000000,4272.436035,4265.641113,4302.051270,4306.025879,4293.974121,4337.307617,4308.461426,4321.025879,4295.000000,4272.051270,4421.538574,4494.230957,4363.589844,4404.743652,0.000000,4.000000,85.000000,,,,0.000000,4.000000,4.000000,4.000000,4.000000,4.000000,4.000000,4.000000,4.000000,4.000000,4.000000,4.000000,4.000000,4.000000,4.000000,100.000000,,,,,,,,,,,,,,,,,,,,,,,,,,,,,,,,,,,,,,,,,,,,,,,,,,,,,,,,,,,,,,,,,,,,,,,,,,,,,,,,,,,,,,
1676060274.428573,1676060274.428891,20.000000,0.000000,4262.563965,4252.179688,4287.948730,4292.179688,4284.487305,4332.051270,4295.641113,4315.641113,4285.128418,4256.538574,4425.897461,4477.820313,4359.615234,4391.666504,0.000000,4.000000,85.000000,,,,0.000000,4.000000,4.000000,4.000000,4.000000,4.000000,4.000000,4.000000,4.000000,4.000000,4.000000,4.000000,4.000000,4.000000,4.000000,100.000000,,,,,,,,,,,,,,,,,,,,,,,,,,,,,,,,,,,,,,,,,,,,,,,,,,,,,,,,,,,,,,,,,,,,,,,,,,,,,,,,,,,,,,
1676060274.436381,1676060274.436699,21.000000,0.000000,4259.871582,4243.077148,4273.974121,4280.641113,4274.102539,4323.461426,4281.922852,4309.487305,4284.358887,4265.128418,4425.769043,4464.102539,4344.871582,4383.205078,0.000000,4.000000,85.000000,,,,0.000000,4.000000,4.000000,4.000000,4.000000,4.000000,4.000000,4.000000,4.000000,4.000000,4.000000,4.000000,4.000000,4.000000,4.000000,100.000000,,,,,,,,,,,,,,,,,,,,,,,,,,,,,,,,,,,,,,,,,,,,,,,,,,,,,,,,,,,,,,,,,,,,,,,,,,,,,,,,,,,,,,
1676060274.444190,1676060274.444408,22.000000,0.000000,4263.974121,4250.512695,4285.128418,4289.102539,4281.410156,4333.974121,4285.641113,4326.794922,4297.563965,4287.307617,4448.205078,4476.282227,4352.948730,4398.974121,0.000000,4.000000,85.000000,,,,0.000000,4.000000,4.000000,4.000000,4.000000,4.000000,4.000000,4.000000,4.000000,4.000000,4.000000,4.000000,4.000000,4.000000,4.000000,100.000000,,,,,,,,,,,,,,,,,,,,,,,,,,,,,,,,,,,,,,,,,,,,,,,,,,,,,,,,,,,,,,,,,,,,,,,,,,,,,,,,,,,,,,
1676060274.451998,1676060274.452316,23.000000,0.000000,4260.769043,4250.897461,4292.563965,4286.922852,4274.102539,4334.358887,4284.615234,4336.282227,4287.563965,4279.230957,4460.128418,4480.000000,4361.410156,4399.743652,0.000000,4.000000,85.000000,,,,0.000000,4.000000,4.000000,4.000000,4.000000,4.000000,4.000000,4.000000,4.000000,4.000000,4.000000,4.000000,4.000000,4.000000,4.000000,100.000000,,,,,,,,,,,,,,,,,,,,,,,,,,,,,,,,,,,,,,,,,,,,,,,,,,,,,,,,,,,,,,,,,,,,,,,,,,,,,,,,,,,,,,
1676060274.459807,1676060274.460125,24.000000,0.000000,4269.487305,4251.922852,4289.871582,4282.436035,4266.282227,4327.948730,4285.512695,4336.153809,4283.717773,4270.897461,4455.769043,4481.025879,4361.410156,4396.153809,0.000000,4.000000,85.000000,,,,0.000000,4.000000,4.000000,4.000000,4.000000,4.000000,4.000000,4.000000,4.000000,4.000000,4.000000,4.000000,4.000000,4.000000,4.000000,100.000000,,,,,,,,,,,,,,,,,,,,,,,,,,,,,,,,,,,,,,,,,,,,,,,,,,,,,,,,,,,,,,,,,,,,,,,,,,,,,,,,,,,,,,
1676060274.467615,1676060274.468033,25.000000,0.000000,4288.974121,4266.538574,4300.512695,4298.974121,4283.077148,4339.487305,4298.846191,4350.641113,4308.333496,4288.846191,4468.846191,4504.102539,4375.769043,4420.000000,0.000000,4.000000,85.000000,,,,0.000000,4.000000,4.000000,4.000000,4.000000,4.000000,4.000000,4.000000,4.000000,4.000000,4.000000,4.000000,4.000000,4.000000,4.000000,100.000000,,,,,,,,,,,,,,,,,,,,,,,,,,,,,,,,,,,,,,,,,,,,,,,,,,,,,,,,,,,,,,,,,,,,,,,,,,,,,,,,,,,,,,
1676060274.475423,1676060274.475841,26.000000,0.000000,4292.307617,4273.333496,4312.179688,4312.692383,4292.307617,4347.692383,4305.897461,4358.974121,4316.410156,4296.538574,4485.641113,4513.333496,4389.358887,4439.615234,0.000000,4.000000,85.000000,,,,0.000000,4.000000,4.000000,4.000000,4.000000,4.000000,4.000000,4.000000,4.000000,4.000000,4.000000,4.000000,4.000000,4.000000,4.000000,100.000000,,,,,,,,,,,,,,,,,,,,,,,,,,,,,,,,,,,,,,,,,,,,,,,,,,,,,,,,,,,,,,,,,,,,,,,,,,,,,,,,,,,,,,
1676060274.483232,1676060274.483750,27.000000,0.000000,4279.102539,4265.769043,4298.717773,4299.615234,4279.871582,4333.333496,4290.897461,4336.025879,4294.358887,4283.205078,4467.051270,4485.641113,4370.384766,4417.820313,0.000000,4.000000,85.000000,,,,0.000000,4.000000,4.000000,4.000000,4.000000,4.000000,4.000000,4.000000,4.000000,4.000000,4.000000,4.000000,4.000000,4.000000,4.000000,100.000000,,,,,,,,,,,,,,,,,,,,,,,,,,,,,,,,,,,,,,,,,,,,,,,,,,,,,,,,,,,,,,,,,,,,,,,,,,,,,,,,,,,,,,
1676060274.491040,1676060274.491558,28.000000,0.000000,4274.743652,4261.025879,4281.153809,4287.179688,4274.615234,4324.487305,4275.897461,4311.025879,4279.358887,4267.692383,4444.230957,4467.051270,4356.282227,4395.000000,0.000000,4.000000,85.000000,,,,0.000000,4.000000,4.000000,4.000000,4.000000,4.000000,4.000000,4.000000,4.000000,4.000000,4.000000,4.000000,4.000000,4.000000,4.000000,100.000000,,,,,,,,,,,,,,,,,,,,,,,,,,,,,,,,,,,,,,,,,,,,,,,,,,,,,,,,,,,,,,,,,,,,,,,,,,,,,,,,,,,,,,
1676060274.498848,1676060274.499466,29.000000,0.000000,4282.692383,4265.384766,4286.794922,4295.641113,4283.461426,4335.641113,4279.871582,4311.410156,4282.563965,4265.128418,4451.410156,4477.051270,4368.717773,4407.179688,0.000000,4.000000,85.000000,,,,0.000000,4.000000,4.000000,4.000000,4.000000,4.000000,4.000000,4.000000,4.000000,4.000000,4.000000,4.000000,4.000000,4.000000,4.000000,100.000000,,,,,,,,,,,,,,,,,,,,,,,,,,,,,,,,,,,,,,,,,,,,,,,,,,,,,,,,,,,,,,,,,,,,,,,,,,,,,,,,,,,,,,
1676060274.506657,1676060274.507275,30.000000,0.000000,4282.436035,4266.282227,4296.666504,4298.205078,4283.589844,4344.615234,4285.384766,4313.589844,4280.512695,4272.563965,4453.846191,4479.102539,4365.769043,4415.384766,0.000000,4.000000,85.000000,,,,0.000000,4.000000,4.000000,4.000000,4.000000,4.000000,4.000000,4.000000,4.000000,4.000000,4.000000,4.000000,4.000000,4.000000,4.000000,100.000000,,,,,,,,,,,,,,,,,1.166777,3.811579,2.868622,1.830961,1.890847,10.023882,4.160136,1.935547,1.558656,1.984436,1.239844,5.233301,3.153024,2.135102,2.193276,4.180094,4.484174,1.834417,1.451790,1.894574,0.580980,1.475888,0.891053,0.719020,1.015603,0.332272,0.638816,0.483672,0.673155,1.167258,0.318308,1.157727,1.096665,1.151996,1.693853,0.428631,1.586963,1.091109,1.326931,1.719332,0.352191,1.050225,0.781993,1.276523,2.174912,0.581832,1.223042,1.908205,1.687355,2.818072,18.745783,4.135572,3.809269,3.026338,3.137339,3.117407,5.425813,4.360688,2.808879,3.360970,7.465542,4.876645,5.033553,2.434188,2.686960,1.880211,4.744348,4.604834,2.517615,2.921418
1676060274.514465,1676060274.515183,31.000000,0.000000,4275.512695,4258.846191,4292.692383,4287.563965,4279.230957,4340.000000,4287.436035,4305.256348,4272.563965,4273.077148,4442.692383,4469.230957,4351.538574,4400.256348,0.000000,4.000000,85.000000,,,,0.000000,4.000000,4.000000,4.000000,4.000000,4.000000,4.000000,4.000000,4.000000,4.000000,4.000000,4.000000,4.000000,4.000000,4.000000,100.000000,,,,,,,,,,,,,,,,,,,,,,,,,,,,,,,,,,,,,,,,,,,,,,,,,,,,,,,,,,,,,,,,,,,,,,,,,,,,,,,,,,,,,,
1676060274.522274,1676060274.522992,32.000000,0.000000,4283.589844,4264.102539,4298.077148,4290.384766,4285.769043,4342.820313,4300.000000,4313.846191,4285.384766,4275.128418,4454.230957,4481.153809,4366.666504,4405.769043,0.000000,4.000000,85.000000,,,,0.000000,4.000000,4.000000,4.000000,4.000000,4.000000,4.000000,4.000000,4.000000,4.000000,4.000000,4.000000,4.000000,4.000000,4.000000,100.000000,,,,,,,,,,,,,,,,,,,,,,,,,,,,,,,,,,,,,,,,,,,,,,,,,,,,,,,,,,,,,,,,,,,,,,,,,,,,,,,,,,,,,,
1676060274.530082,1676060274.530700,33.000000,0.000000,4300.512695,4280.897461,4315.256348,4307.820313,4292.820313,4358.974121,4316.025879,4338.717773,4312.948730,4295.384766,4478.077148,4504.615234,4390.256348,4433.461426,0.000000,4.000000,85.000000,,,,0.000000,4.000000,4.000000,4.000000,4.000000,4.000000,4.000000,4.000000,4.000000,4.000000,4.000000,4.000000,4.000000,4.000000,4.000000,100.000000,,,,,,,,,,,,,,,,,,,,,,,,,,,,,,,,,,,,,,,,,,,,,,,,,,,,,,,,,,,,,,,,,,,,,,,,,,,,,,,,,,,,,,
1676060274.537890,1676060274.538509,34.000000,0.000000,4289.358887,4272.307617,4305.897461,4299.102539,4281.794922,4355.769043,4304.615234,4336.538574,4308.974121,4301.025879,4468.077148,4496.025879,4374.102539,4424.871582,0.000000,4.000000,85.000000,,,,0.000000,4.000000,4.000000,4.000000,4.000000,4.000000,4.000000,4.000000,4.000000,4.000000,4.000000,4.000000,4.000000,4.000000,4.000000,100.000000,,,,,,,,,,,,,,,,,,,,,,,,,,,,,,,,,,,,,,,,,,,,,,,,,,,,,,,,,,,,,,,,,,,,,,,,,,,,,,,,,,,,,,
1676060274.545699,1676060274.546217,35.000000,0.000000,4272.563965,4257.692383,4289.102539,4283.077148,4275.641113,4341.153809,4289.615234,4321.410156,4290.641113,4272.307617,4450.897461,4478.589844,4358.846191,4404.102539,0.000000,4.000000,85.000000,,,,0.000000,4.000000,4.000000,4.000000,4.000000,4.000000,4.000000,4.000000,4.000000,4.000000,4.000000,4.000000,4.000000,4.000000,4.000000,100.000000,,,,,,,,,,,,,,,,,,,,,,,,,,,,,,,,,,,,,,,,,,,,,,,,,,,,,,,,,,,,,,,,,,,,,,,,,,,,,,,,,,,,,,
1676060274.553507,1676060274.554026,36.000000,0.000000,4287.692383,4274.487305,4298.846191,4295.256348,4290.128418,4339.871582,4296.025879,4329.102539,4298.077148,4265.128418,4458.846191,4489.615234,4377.179688,4421.538574,0.000000,4.000000,85.000000,,,,0.000000,4.000000,4.000000,4.000000,4.000000,4.000000,4.000000,4.000000,4.000000,4.000000,4.000000,4.000000,4.000000,4.000000,4.000000,100.000000,,,,,,,,,,,,,,,,,,,,,,,,,,,,,,,,,,,,,,,,,,,,,,,,,,,,,,,,,,,,,,,,,,,,,,,,,,,,,,,,,,,,,,
1676060274.561315,1676060274.561734,37.000000,0.000000,4292.051270,4273.461426,4295.897461,4294.358887,4287.307617,4333.077148,4287.307617,4324.230957,4292.051270,4275.256348,4445.897461,4485.641113,4372.051270,4422.179688,0.000000,4.000000,85.000000,,,,0.000000,4.000000,4.000000,4.000000,4.000000,4.000000,4.000000,4.000000,4.000000,4.000000,4.000000,4.000000,4.000000,4.000000,4.000000,100.000000,,,,,,,,,,,,,,,,,,,,,,,,,,,,,,,,,,,,,,,,,,,,,,,,,,,,,,,,,,,,,,,,,,,,,,,,,,,,,,,,,,,,,,
1676060274.569124,1676060274.569543,38.000000,0.000000,4277.820313,4251.282227,4281.410156,4276.538574,4276.025879,4325.256348,4278.205078,4314.615234,4274.615234,4270.641113,4427.307617,4465.000000,4350.384766,4398.461426,0.000000,4.000000,85.000000,,,,0.000000,4.000000,4.000000,4.000000,4.000000,4.000000,4.000000,4.000000,4.000000,4.000000,4.000000,4.000000,4.000000,4.000000,4.000000,100.000000,,,,,,,,,,,,,,,,,,,,,,,,,,,,,,,,,,,,,,,,,,,,,,,,,,,,,,,,,,,,,,,,,,,,,,,,,,,,,,,,,,,,,,
1676060274.576932,1676060274.577251,39.000000,0.000000,4287.179688,4264.615234,4297.307617,4285.256348,4287.692383,4336.666504,4298.589844,4342.051270,4290.000000,4272.692383,4447.563965,4482.179688,4367.948730,4415.769043,0.000000,4.000000,85.000000,,,,0.000000,4.000000,4.000000,4.000000,4.000000,4.000000,4.000000,4.000000,4.000000,4.000000,4.000000,4.000000,4.000000,4.000000,4.000000,100.000000,,,,,,,,,,,,,,,,,,,,,,,,,,,,,,,,,,,,,,,,,,,,,,,,,,,,,,,,,,,,,,,,,,,,,,,,,,,,,,,,,,,,,,
1676060274.584741,1676060274.585060,40.000000,0.000000,4309.230957,4291.922852,4323.077148,4310.128418,4303.205078,4349.615234,4317.051270,4369.358887,4308.205078,4282.820313,4471.922852,4516.153809,4396.025879,4452.051270,0.000000,4.000000,85.000000,,,,0.000000,4.000000,4.000000,4.000000,4.000000,4.000000,4.000000,4.000000,4.000000,4.000000,4.000000,4.000000,4.000000,4.000000,4.000000,100.000000,,,,,,,,,,,,,,,,,,,,,,,,,,,,,,,,,,,,,,,,,,,,,,,,,,,,,,,,,,,,,,,,,,,,,,,,,,,,,,,,,,,,,,
1676060274.592549,1676060274.592768,41.000000,0.000000,4312.051270,4288.077148,4322.051270,4312.436035,4301.025879,4341.282227,4308.717773,4362.051270,4298.717773,4283.077148,4467.179688,4516.025879,4389.871582,4447.563965,0.000000,4.000000,85.000000,,,,0.000000,4.000000,4.000000,4.000000,4.000000,4.000000,4.000000,4.000000,4.000000,4.000000,4.000000,4.000000,4.000000,4.000000,4.000000,100.000000,,,,,,,,,,,,,,,,,,,,,,,,,,,,,,,,,,,,,,,,,,,,,,,,,,,,,,,,,,,,,,,,,,,,,,,,,,,,,,,,,,,,,,
1676060274.600357,1676060274.600577,42.000000,0.000000,4299.487305,4269.358887,4307.692383,4295.384766,4288.717773,4325.384766,4292.820313,4350.384766,4287.948730,4276.153809,4449.615234,4495.512695,4370.641113,4423.589844,0.000000,4.000000,85.000000,,,,0.000000,4.000000,4.000000,4.000000,4.000000,4.000000,4.000000,4.000000,4.000000,4.000000,4.000000,4.000000,4.000000,4.000000,4.000000,100.000000,,,,,,,,,,,,,,,,,,,,,,,,,,,,,,,,,,,,,,,,,,,,,,,,,,,,,,,,,,,,,,,,,,,,,,,,,,,,,,,,,,,,,,
1676060274.608166,1676060274.608285,43.000000,0.000000,4298.205078,4270.512695,4308.846191,4294.102539,4289.358887,4322.692383,4294.487305,4360.769043,4294.358887,4277.307617,4449.615234,4498.717773,4370.641113,4428.717773,0.000000,4.000000,85.000000,,,,0.000000,4.000000,4.000000,4.000000,4.000000,4.000000,4.000000,4.000000,4.000000,4.000000,4.000000,4.000000,4.000000,4.000000,4.000000,100.000000,,,,,,,,,,,,,,,,,,,,,,,,,,,,,,,,,,,,,,,,,,,,,,,,,,,,,,,,,,,,,,,,,,,,,,,,,,,,,,,,,,,,,,
1676060274.615974,1676060274.616194,44.000000,0.000000,4312.820313,4282.820313,4320.384766,4303.589844,4295.000000,4323.846191,4303.333496,4370.256348,4300.512695,4279.743652,4463.974121,4514.615234,4387.307617,4452.692383,0.000000,4.000000,85.000000,,,,0.000000,4.000000,4.000000,4.000000,4.000000,4.000000,4.000000,4.000000,4.000000,4.000000,4.000000,4.000000,4.000000,4.000000,4.000000,100.000000,,,,,,,,,,,,,,,,,,,,,,,,,,,,,,,,,,,,,,,,,,,,,,,,,,,,,,,,,,,,,,,,,,,,,,,,,,,,,,,,,,,,,,
1676060274.623783,1676060274.624002,45.000000,0.000000,4309.230957,4276.025879,4311.153809,4291.282227,4282.820313,4309.615234,4291.025879,4359.615234,4289.358887,4270.512695,4453.717773,4502.820313,4387.179688,4448.974121,0.000000,4.000000,85.000000,,,,0.000000,4.000000,4.000000,4.000000,4.000000,4.000000,4.000000,4.000000,4.000000,4.000000,4.000000,4.000000,4.000000,4.000000,4.000000,100.000000,,,,,,,,,,,,,,,,,,,,,,,,,,,,,,,,,,,,,,,,,,,,,,,,,,,,,,,,,,,,,,,,,,,,,,,,,,,,,,,,,,,,,,
1676060274.631591,1676060274.631910,46.000000,0.000000,4288.077148,4257.307617,4293.717773,4274.102539,4272.307617,4299.743652,4273.461426,4348.077148,4271.025879,4259.358887,4426.153809,4480.384766,4363.717773,4425.384766,0.000000,4.000000,85.000000,,,,0.000000,4.000000,4.000000,4.000000,4.000000,4.000000,4.000000,4.000000,4.000000,4.000000,4.000000,4.000000,4.000000,4.000000,4.000000,100.000000,,,,,,,,,,,,,,,,,1.129991,3.102047,3.031928,1.660481,1.926087,7.069384,3.300088,2.170080,1.399587,1.948622,1.137086,4.749139,3.518327,1.882992,2.163701,3.547455,3.697294,2.033616,1.286545,1.923527,0.388051,1.225009,0.871452,0.580663,0.992778,0.285360,0.536165,0.453207,0.533062,1.202027,0.290545,0.927790,1.212287,0.993358,1.628700,0.495211,1.560992,1.207400,1.106978,1.699663,0.457825,0.987808,0.762026,1.075304,2.116012,0.617508,1.155638,1.512682,1.376960,2.825561,16.570126,4.232978,3.923738,2.535079,3.092685,2.812368,5.516311,4.682448,2.436578,3.337409,6.532612,5.210621,4.986278,1.952825,2.655929,2.020855,4.746618,4.767814,2.105585,2.834138
1676060274.639399,1676060274.639719,47.000000,0.000000,4301.025879,4267.436035,4309.230957,4290.512695,4289.615234,4318.461426,4290.256348,4359.615234,4281.538574,4268.077148,4438.974121,4494.102539,4368.205078,4434.230957,0.000000,4.000000,85.000000,,,,0.000000,4.000000,4.000000,4.000000,4.000000,4.000000,4.000000,4.000000,4.000000,4.000000,4.000000,4.000000,4.000000,4.000000,4.000000,100.000000,,,,,,,,,,,,,,,,,,,,,,,,,,,,,,,,,,,,,,,,,,,,,,,,,,,,,,,,,,,,,,,,,,,,,,,,,,,,,,,,,,,,,,
1676060274.647208,1676060274.647627,48.000000,0.000000,4327.820313,4292.948730,4327.436035,4311.922852,4303.846191,4331.794922,4313.333496,4377.436035,4302.179688,4286.666504,4463.846191,4515.384766,4390.897461,4456.922852,0.000000,4.000000,85.000000,,,,0.000000,4.000000,4.000000,4.000000,4.000000,4.000000,4.000000,4.000000,4.000000,4.000000,4.000000,4.000000,4.000000,4.000000,4.000000,100.000000,,,,,,,,,,,,,,,,,,,,,,,,,,,,,,,,,,,,,,,,,,,,,,,,,,,,,,,,,,,,,,,,,,,,,,,,,,,,,,,,,,,,,,
1676060274.655016,1676060274.655436,49.000000,0.000000,4311.922852,4281.922852,4313.461426,4297.820313,4293.846191,4321.794922,4310.769043,4370.384766,4290.000000,4277.692383,4443.589844,4498.717773,4376.666504,4443.205078,0.000000,4.000000,85.000000,,,,0.000000,4.000000,4.000000,4.000000,4.000000,4.000000,4.000000,4.000000,4.000000,4.000000,4.000000,4.000000,4.000000,4.000000,4.000000,100.000000,,,,,,,,,,,,,,,,,,,,,,,,,,,,,,,,,,,,,,,,,,,,,,,,,,,,,,,,,,,,,,,,,,,,,,,,,,,,,,,,,,,,,,
1676060274.662825,1676060274.663344,50.000000,0.000000,4289.102539,4260.256348,4302.179688,4281.282227,4287.563965,4315.897461,4303.717773,4358.333496,4279.615234,4262.051270,4436.538574,4484.230957,4362.563965,4427.436035,0.000000,4.000000,85.000000,,,,0.000000,4.000000,4.000000,4.000000,4.000000,4.000000,4.000000,4.000000,4.000000,4.000000,4.000000,4.000000,4.000000,4.000000,4.000000,100.000000,,,,,,,,,,,,,,,,,,,,,,,,,,,,,,,,,,,,,,,,,,,,,,,,,,,,,,,,,,,,,,,,,,,,,,,,,,,,,,,,,,,,,,
1676060274.670633,1676060274.671152,51.000000,0.000000,4296.538574,4270.512695,4311.282227,4289.358887,4292.563965,4318.846191,4303.461426,4359.102539,4294.871582,4269.230957,4470.897461,4500.641113,4381.922852,4437.948730,0.000000,4.000000,85.000000,,,,0.000000,4.000000,4.000000,4.000000,4.000000,4.000000,4.000000,4.000000,4.000000,4.000000,4.000000,4.000000,4.000000,4.000000,4.000000,100.000000,,,,,,,,,,,,,,,,,,,,,,,,,,,,,,,,,,,,,,,,,,,,,,,,,,,,,,,,,,,,,,,,,,,,,,,,,,,,,,,,,,,,,,
1676060274.678441,1676060274.679061,52.000000,0.000000,4305.769043,4284.358887,4317.563965,4297.179688,4293.333496,4312.563965,4301.025879,4359.487305,4304.230957,4284.615234,4487.307617,4508.974121,4388.333496,4440.384766,0.000000,4.000000,85.000000,,,,0.000000,4.000000,4.000000,4.000000,4.000000,4.000000,4.000000,4.000000,4.000000,4.000000,4.000000,4.000000,4.000000,4.000000,4.000000,100.000000,,,,,,,,,,,,,,,,,,,,,,,,,,,,,,,,,,,,,,,,,,,,,,,,,,,,,,,,,,,,,,,,,,,,,,,,,,,,,,,,,,,,,,
1676060274.686250,1676060274.686869,53.000000,0.000000,4296.922852,4271.410156,4308.077148,4285.897461,4285.641113,4295.000000,4288.974121,4343.333496,4294.102539,4285.897461,4476.538574,4488.589844,4374.230957,4428.589844,0.000000,4.000000,85.000000,,,,0.000000,4.000000,4.000000,4.000000,4.000000,4.000000,4.000000,4.000000,4.000000,4.000000,4.000000,4.000000,4.000000,4.000000,4.000000,100.000000,,,,,,,,,,,,,,,,,,,,,,,,,,,,,,,,,,,,,,,,,,,,,,,,,,,,,,,,,,,,,,,,,,,,,,,,,,,,,,,,,,,,,,
1676060274.694058,1676060274.694778,54.000000,0.000000,4285.256348,4257.692383,4294.358887,4272.948730,4273.846191,4287.179688,4274.358887,4325.512695,4282.948730,4273.589844,4478.846191,4471.922852,4372.436035,4424.615234,0.000000,4.000000,85.000000,,,,0.000000,4.000000,4.000000,4.000000,4.000000,4.000000,4.000000,4.000000,4.000000,4.000000,4.000000,4.000000,4.000000,4.000000,4.000000,100.000000,,,,,,,,,,,,,,,,,,,,,,,,,,,,,,,,,,,,,,,,,,,,,,,,,,,,,,,,,,,,,,,,,,,,,,,,,,,,,,,,,,,,,,
1676060274.701867,1676060274.702586,55.000000,0.000000,4283.846191,4262.307617,4290.128418,4274.102539,4271.666504,4294.743652,4274.230957,4326.666504,4280.128418,4262.051270,4491.538574,4472.948730,4370.897461,4420.769043,0.000000,4.000000,85.000000,,,,0.000000,4.000000,4.000000,4.000000,4.000000,4.000000,4.000000,4.000000,4.000000,4.000000,4.000000,4.000000,4.000000,4.000000,4.000000,100.000000,,,,,,,,,,,,,,,,,,,,,,,,,,,,,,,,,,,,,,,,,,,,,,,,,,,,,,,,,,,,,,,,,,,,,,,,,,,,,,,,,,,,,,
1676060274.709675,1676060274.710295,56.000000,0.000000,4288.974121,4265.128418,4295.256348,4276.794922,4277.692383,4296.153809,4284.743652,4332.948730,4282.179688,4263.974121,4496.666504,4474.615234,4361.922852,4413.717773,0.000000,4.000000,85.000000,,,,0.000000,4.000000,4.000000,4.000000,4.000000,4.000000,4.000000,4.000000,4.000000,4.000000,4.000000,4.000000,4.000000,4.000000,4.000000,100.000000,,,,,,,,,,,,,,,,,,,,,,,,,,,,,,,,,,,,,,,,,,,,,,,,,,,,,,,,,,,,,,,,,,,,,,,,,,,,,,,,,,,,,,
1676060274.717483,1676060274.718103,57.000000,0.000000,4294.358887,4263.333496,4302.692383,4277.563965,4282.563965,4293.077148,4296.025879,4341.282227,4292.820313,4280.256348,4507.436035,4483.077148,4371.282227,4422.051270,0.000000,4.000000,85.000000,,,,0.000000,4.000000,4.000000,4.000000,4.000000,4.000000,4.000000,4.000000,4.000000,4.000000,4.000000,4.000000,4.000000,4.000000,4.000000,100.000000,,,,,,,,,,,,,,,,,,,,,,,,,,,,,,,,,,,,,,,,,,,,,,,,,,,,,,,,,,,,,,,,,,,,,,,,,,,,,,,,,,,,,,
1676060274.725292,1676060274.725812,58.000000,0.000000,4295.769043,4266.666504,4310.897461,4281.282227,4287.948730,4305.641113,4304.358887,4350.000000,4302.307617,4289.871582,4515.641113,4497.820313,4385.769043,4432.692383,0.000000,4.000000,85.000000,,,,0.000000,4.000000,4.000000,4.000000,4.000000,4.000000,4.000000,4.000000,4.000000,4.000000,4.000000,4.000000,4.000000,4.000000,4.000000,100.000000,,,,,,,,,,,,,,,,,,,,,,,,,,,,,,,,,,,,,,,,,,,,,,,,,,,,,,,,,,,,,,,,,,,,,,,,,,,,,,,,,,,,,,
1676060274.733100,1676060274.733720,59.000000,0.000000,4286.666504,4263.589844,4310.641113,4277.820313,4286.025879,4309.615234,4300.769043,4343.589844,4296.282227,4277.692383,4495.256348,4488.717773,4370.641113,4418.846191,0.000000,4.000000,85.000000,,,,0.000000,4.000000,4.000000,4.000000,4.000000,4.000000,4.000000,4.000000,4.000000,4.000000,4.000000,4.000000,4.000000,4.000000,4.000000,100.000000,,,,,,,,,,,,,,,,,,,,,,,,,,,,,,,,,,,,,,,,,,,,,,,,,,,,,,,,,,,,,,,,,,,,,,,,,,,,,,,,,,,,,,
1676060274.740908,1676060274.741528,60.000000,0.000000,4280.384766,4258.589844,4302.948730,4272.563965,4279.487305,4294.615234,4291.282227,4330.641113,4284.102539,4262.820313,4469.871582,4472.820313,4352.563965,4405.641113,0.000000,4.000000,85.000000,,,,0.000000,4.000000,4.000000,4.000000,4.000000,4.000000,4.000000,4.000000,4.000000,4.000000,4.000000,4.000000,4.000000,4.000000,4.000000,100.000000,,,,,,,,,,,,,,,,,,,,,,,,,,,,,,,,,,,,,,,,,,,,,,,,,,,,,,,,,,,,,,,,,,,,,,,,,,,,,,,,,,,,,,
1676060274.748717,1676060274.749437,61.000000,0.000000,4289.743652,4270.256348,4301.794922,4277.948730,4287.436035,4298.333496,4297.436035,4331.282227,4292.436035,4263.205078,4476.666504,4480.769043,4370.897461,4418.077148,0.000000,4.000000,85.000000,,,,0.000000,4.000000,4.000000,4.000000,4.000000,4.000000,4.000000,4.000000,4.000000,4.000000,4.000000,4.000000,4.000000,4.000000,4.000000,100.000000,,,,,,,,,,,,,,,,,,,,,,,,,,,,,,,,,,,,,,,,,,,,,,,,,,,,,,,,,,,,,,,,,,,,,,,,,,,,,,,,,,,,,,
1676060274.756525,1676060274.757245,62.000000,0.000000,4294.102539,4280.128418,4300.256348,4283.589844,4295.769043,4309.615234,4301.794922,4331.922852,4302.179688,4268.461426,4482.692383,4486.410156,4386.282227,4428.974121,0.000000,4.000000,85.000000,,,,0.000000,4.000000,4.000000,4.000000,4.000000,4.000000,4.000000,4.000000,4.000000,4.000000,4.000000,4.000000,4.000000,4.000000,4.000000,100.000000,,,,,,,,,,,,,,,,,1.122803,2.552559,2.949983,1.440677,1.835931,4.567298,2.473318,2.196441,1.198186,1.794206,1.083185,4.306577,3.580883,1.590303,2.004886,3.085889,2.840218,2.068654,1.081943,1.812586,0.261961,0.913721,0.747307,0.452339,0.910634,0.293316,0.468933,0.390882,0.420185,1.144884,0.304066,0.773153,1.259990,0.846469,1.472054,0.626096,1.609210,1.317403,0.924019,1.574364,0.581812,0.958292,0.834399,0.913215,1.929107,0.668058,1.101185,1.301467,1.157762,2.656062,13.191296,4.340188,3.959027,2.070362,2.864890,2.484614,5.621341,4.825583,2.083712,3.098456,5.635386,5.148632,4.683537,1.534044,2.483888,2.207553,4.744437,4.614988,1.727040,2.569310
1676060274.764333,1676060274.765153,63.000000,0.000000,4287.179688,4265.641113,4291.025879,4277.820313,4283.717773,4293.974121,4284.230957,4314.615234,4286.794922,4269.615234,4460.769043,4471.025879,4366.794922,4419.871582,0.000000,4.000000,85.000000,,,,0.000000,4.000000,4.000000,4.000000,4.000000,4.000000,4.000000,4.000000,4.000000,4.000000,4.000000,4.000000,4.000000,4.000000,4.000000,100.000000,,,,,,,,,,,,,,,,,,,,,,,,,,,,,,,,,,,,,,,,,,,,,,,,,,,,,,,,,,,,,,,,,,,,,,,,,,,,,,,,,,,,,,
1676060274.772142,1676060274.772962,64.000000,0.000000,4298.589844,4262.307617,4296.922852,4279.102539,4281.153809,4282.692383,4277.820313,4308.333496,4280.384766,4277.051270,4455.256348,4467.563965,4360.000000,4417.051270,2546.000000,4.000000,85.000000,,,,0.000000,4.000000,4.000000,4.000000,4.000000,4.000000,4.000000,4.000000,4.000000,4.000000,4.000000,4.000000,4.000000,4.000000,4.000000,100.000000,,,,,,,,,,,,,,,,,,,,,,,,,,,,,,,,,,,,,,,,,,,,,,,,,,,,,,,,,,,,,,,,,,,,,,,,,,,,,,,,,,,,,,
1676060274.779950,1676060274.780870,65.000000,0.000000,4320.512695,4288.461426,4320.769043,4297.436035,4303.717773,4298.461426,4302.436035,4332.692383,4307.948730,4293.333496,4485.641113,4495.000000,4388.974121,4438.846191,2508.000000,4.000000,85.000000,,,,0.000000,4.000000,4.000000,4.000000,4.000000,4.000000,4.000000,4.000000,4.000000,4.000000,4.000000,4.000000,4.000000,4.000000,4.000000,100.000000,,,,,,,,,,,,,,,,,,,,,,,,,,,,,,,,,,,,,,,,,,,,,,,,,,,,,,,,,,,,,,,,,,,,,,,,,,,,,,,,,,,,,,
1676060274.787759,1676060274.788679,66.000000,0.000000,4319.743652,4298.205078,4330.256348,4302.436035,4310.769043,4306.794922,4315.256348,4350.512695,4326.538574,4302.692383,4499.230957,4512.820313,4407.948730,4454.743652,2431.000000,4.000000,85.000000,,,,0.000000,4.000000,4.000000,4.000000,4.000000,4.000000,4.000000,4.000000,4.000000,4.000000,4.000000,4.000000,4.000000,4.000000,4.000000,100.000000,,,,,,,,,,,,,,,,,,,,,,,,,,,,,,,,,,,,,,,,,,,,,,,,,,,,,,,,,,,,,,,,,,,,,,,,,,,,,,,,,,,,,,
1676060274.795567,1676060274.796587,67.000000,0.000000,4303.461426,4276.153809,4310.512695,4284.358887,4295.512695,4297.051270,4297.307617,4333.077148,4306.282227,4292.307617,4473.205078,4491.025879,4388.846191,4433.077148,2489.000000,4.000000,85.000000,,,,0.000000,4.000000,4.000000,4.000000,4.000000,4.000000,4.000000,4.000000,4.000000,4.000000,4.000000,4.000000,4.000000,4.000000,4.000000,100.000000,,,,,,,,,,,,,,,,,,,,,,,,,,,,,,,,,,,,,,,,,,,,,,,,,,,,,,,,,,,,,,,,,,,,,,,,,,,,,,,,,,,,,,
1676060274.803375,1676060274.804395,68.000000,0.000000,4306.282227,4274.230957,4295.128418,4277.948730,4293.333496,4289.102539,4287.179688,4319.871582,4287.820313,4283.333496,4456.153809,4469.743652,4366.538574,4408.589844,2456.000000,4.000000,85.000000,,,,0.000000,4.000000,4.000000,4.000000,4.000000,4.000000,4.000000,4.000000,4.000000,4.000000,4.000000,4.000000,4.000000,4.000000,4.000000,100.000000,,,,,,,,,,,,,,,,,,,,,,,,,,,,,,,,,,,,,,,,,,,,,,,,,,,,,,,,,,,,,,,,,,,,,,,,,,,,,,,,,,,,,,
1676060274.811184,1676060274.812304,69.000000,0.000000,4321.538574,4297.692383,4300.128418,4287.563965,4302.307617,4292.948730,4297.436035,4331.794922,4295.128418,4276.666504,4463.077148,4476.025879,4364.615234,4415.128418,2408.000000,4.000000,85.000000,,,,0.000000,4.000000,4.000000,4.000000,4.000000,4.000000,4.000000,4.000000,4.000000,4.000000,4.000000,4.000000,4.000000,4.000000,4.000000,100.000000,,,,,,,,,,,,,,,,,,,,,,,,,,,,,,,,,,,,,,,,,,,,,,,,,,,,,,,,,,,,,,,,,,,,,,,,,,,,,,,,,,,,,,
1676060274.818992,1676060274.820112,70.000000,0.000000,4316.666504,4301.666504,4297.051270,4283.461426,4298.205078,4295.256348,4298.717773,4326.922852,4297.436035,4261.282227,4453.333496,4470.384766,4354.487305,4413.077148,2254.000000,4.000000,85.000000,,,,0.000000,4.000000,4.000000,4.000000,4.000000,4.000000,4.000000,4.000000,4.000000,4.000000,4.000000,4.000000,4.000000,4.000000,4.000000,100.000000,,,,,,,,,,,,,,,,,,,,,,,,,,,,,,,,,,,,,,,,,,,,,,,,,,,,,,,,,,,,,,,,,,,,,,,,,,,,,,,,,,,,,,
1676060274.826800,1676060274.828021,71.000000,0.000000,4303.589844,4297.179688,4284.487305,4274.743652,4291.153809,4285.384766,4289.871582,4309.230957,4288.589844,4262.307617,4434.230957,4446.666504,4329.871582,4390.512695,2234.000000,4.000000,85.000000,,,,0.000000,4.000000,4.000000,4.000000,4.000000,4.000000,4.000000,4.000000,4.000000,4.000000,4.000000,4.000000,4.000000,4.000000,4.000000,100.000000,,,,,,,,,,,,,,,,,,,,,,,,,,,,,,,,,,,,,,,,,,,,,,,,,,,,,,,,,,,,,,,,,,,,,,,,,,,,,,,,,,,,,,
1676060274.834609,1676060274.835829,72.000000,0.000000,4315.512695,4311.282227,4292.051270,4287.179688,4296.410156,4281.666504,4291.153809,4314.871582,4292.692383,4285.641113,4448.333496,4449.230957,4332.692383,4398.205078,2291.000000,4.000000,85.000000,,,,0.000000,4.000000,4.000000,4.000000,4.000000,4.000000,4.000000,4.000000,4.000000,4.000000,4.000000,4.000000,4.000000,4.000000,4.000000,100.000000,,,,,,,,,,,,,,,,,,,,,,,,,,,,,,,,,,,,,,,,,,,,,,,,,,,,,,,,,,,,,,,,,,,,,,,,,,,,,,,,,,,,,,
1676060274.842417,1676060274.843737,73.000000,0.000000,4330.000000,4321.025879,4305.769043,4298.974121,4304.487305,4286.153809,4299.102539,4323.589844,4299.102539,4289.358887,4467.563965,4464.102539,4352.179688,4419.615234,2267.000000,4.000000,85.000000,,,,0.000000,4.000000,4.000000,4.000000,4.000000,4.000000,4.000000,4.000000,4.000000,4.000000,4.000000,4.000000,4.000000,4.000000,4.000000,100.000000,,,,,,,,,,,,,,,,,,,,,,,,,,,,,,,,,,,,,,,,,,,,,,,,,,,,,,,,,,,,,,,,,,,,,,,,,,,,,,,,,,,,,,
1676060274.850226,1676060274.851546,74.000000,0.000000,4321.666504,4309.230957,4302.307617,4288.717773,4306.538574,4285.641113,4297.563965,4310.384766,4288.077148,4268.717773,4454.615234,4462.436035,4342.179688,4408.589844,2750.000000,4.000000,85.000000,,,,0.000000,4.000000,4.000000,4.000000,4.000000,4.000000,4.000000,4.000000,4.000000,4.000000,4.000000,4.000000,4.000000,4.000000,4.000000,100.000000,,,,,,,,,,,,,,,,,,,,,,,,,,,,,,,,,,,,,,,,,,,,,,,,,,,,,,,,,,,,,,,,,,,,,,,,,,,,,,,,,,,,,,
1676060274.858034,1676060274.859454,75.000000,0.000000,4311.538574,4294.615234,4290.256348,4276.153809,4301.025879,4282.692383,4287.436035,4292.436035,4273.077148,4259.102539,4434.871582,4452.179688,4321.025879,4390.384766,2945.000000,4.000000,85.000000,,,,0.000000,4.000000,4.000000,4.000000,4.000000,4.000000,4.000000,4.000000,4.000000,4.000000,4.000000,4.000000,4.000000,4.000000,4.000000,100.000000,,,,,,,,,,,,,,,,,,,,,,,,,,,,,,,,,,,,,,,,,,,,,,,,,,,,,,,,,,,,,,,,,,,,,,,,,,,,,,,,,,,,,,
1676060274.865842,1676060274.867263,76.000000,0.000000,4319.102539,4295.256348,4288.846191,4283.077148,4296.794922,4288.205078,4286.153809,4292.692383,4273.333496,4265.128418,4434.743652,4452.436035,4326.410156,4393.717773,3146.000000,4.000000,85.000000,,,,0.000000,4.000000,4.000000,4.000000,4.000000,4.000000,4.000000,4.000000,4.000000,4.000000,4.000000,4.000000,4.000000,4.000000,4.000000,100.000000,,,,,,,,,,,,,,,,,,,,,,,,,,,,,,,,,,,,,,,,,,,,,,,,,,,,,,,,,,,,,,,,,,,,,,,,,,,,,,,,,,,,,,
1676060274.873651,1676060274.874971,77.000000,0.000000,4345.000000,4317.948730,4314.102539,4310.769043,4309.615234,4294.743652,4301.410156,4318.974121,4296.794922,4286.025879,4456.922852,4480.256348,4354.102539,4417.948730,3264.000000,4.000000,85.000000,,,,0.000000,4.000000,4.000000,4.000000,4.000000,4.000000,4.000000,4.000000,4.000000,4.000000,4.000000,4.000000,4.000000,4.000000,4.000000,100.000000,,,,,,,,,,,,,,,,,,,,,,,,,,,,,,,,,,,,,,,,,,,,,,,,,,,,,,,,,,,,,,,,,,,,,,,,,,,,,,,,,,,,,,
1676060274.881459,1676060274.882780,78.000000,0.000000,4356.282227,4328.333496,4333.205078,4322.436035,4314.743652,4287.563965,4305.897461,4338.077148,4309.230957,4294.102539,4465.128418,4498.846191,4362.436035,4430.897461,2750.000000,4.000000,85.000000,,,,0.000000,4.000000,4.000000,4.000000,4.000000,4.000000,4.000000,4.000000,4.000000,4.000000,4.000000,4.000000,4.000000,4.000000,4.000000,100.000000,1.000000,25.000000,4.000000,4.000000,1.000000,4.000000,4.000000,4.000000,3.000000,4.000000,4.000000,1.000000,3.000000,1.000000,3.000000,3.000000,1.188068,2.158004,2.692704,1.225229,1.643788,2.755246,1.805806,2.043117,0.993632,1.554879,1.068959,3.844993,3.364835,1.316904,1.749762,2.824575,2.107897,1.968175,0.881205,1.590212,0.220445,0.619057,0.580717,0.358104,0.789089,0.320838,0.441798,0.346614,0.347452,1.014791,0.352686,0.680999,1.266373,0.745485,1.256936,0.904487,1.730264,1.427991,0.807156,1.373551,0.670965,0.941455,0.971849,0.805212,1.654109,0.698285,1.008735,1.280812,1.079526,2.336389,9.231635,4.278216,3.893340,1.705159,2.499939,2.233546,5.541501,4.842602,1.801175,2.702709,4.674665,4.583426,4.171200,1.242434,2.216954,2.407265,4.558656,4.218518,1.449033,2.197882
1676060274.889268,1676060274.890488,79.000000,0.000000,4332.948730,4299.102539,4310.512695,4305.512695,4299.102539,4282.307617,4295.256348,4327.692383,4292.051270,4266.794922,4439.102539,4480.641113,4340.641113,4412.563965,2945.000000,4.000000,85.000000,,,,0.000000,4.000000,4.000000,4.000000,4.000000,4.000000,4.000000,4.000000,4.000000,4.000000,4.000000,4.000000,4.000000,4.000000,4.000000,100.000000,,,,,,,,,,,,,,,,,,,,,,,,,,,,,,,,,,,,,,,,,,,,,,,,,,,,,,,,,,,,,,,,,,,,,,,,,,,,,,,,,,,,,,
1676060274.897076,1676060274.898397,80.000000,0.000000,4322.563965,4283.205078,4289.487305,4305.769043,4298.717773,4290.769043,4297.436035,4325.384766,4285.256348,4256.922852,4423.974121,4475.128418,4332.692383,4401.666504,3146.000000,4.000000,85.000000,,,,0.000000,4.000000,4.000000,4.000000,4.000000,4.000000,4.000000,4.000000,4.000000,4.000000,4.000000,4.000000,4.000000,4.000000,4.000000,100.000000,,,,,,,,,,,,,,,,,,,,,,,,,,,,,,,,,,,,,,,,,,,,,,,,,,,,,,,,,,,,,,,,,,,,,,,,,,,,,,,,,,,,,,
1676060274.904884,1676060274.906205,81.000000,0.000000,4337.051270,4298.589844,4297.051270,4322.692383,4305.128418,4291.922852,4303.461426,4336.922852,4295.000000,4278.846191,4433.974121,4493.589844,4343.205078,4410.641113,3264.000000,4.000000,85.000000,,,,0.000000,4.000000,4.000000,4.000000,4.000000,4.000000,4.000000,4.000000,4.000000,4.000000,4.000000,4.000000,4.000000,4.000000,4.000000,100.000000,,,,,,,,,,,,,,,,,,,,,,,,,,,,,,,,,,,,,,,,,,,,,,,,,,,,,,,,,,,,,,,,,,,,,,,,,,,,,,,,,,,,,,
1676060274.912693,1676060274.914013,82.000000,0.000000,4331.538574,4299.871582,4295.641113,4319.358887,4292.692383,4279.102539,4296.794922,4332.692383,4293.846191,4282.563965,4430.128418,4494.743652,4340.128418,4410.000000,2750.000000,4.000000,85.000000,,,,0.000000,4.000000,4.000000,4.000000,4.000000,4.000000,4.000000,4.000000,4.000000,4.000000,4.000000,4.000000,4.000000,4.000000,4.000000,100.000000,,,,,,,,,,,,,,,,,,,,,,,,,,,,,,,,,,,,,,,,,,,,,,,,,,,,,,,,,,,,,,,,,,,,,,,,,,,,,,,,,,,,,,
1676060274.920501,1676060274.921722,83.000000,0.000000,4318.589844,4289.871582,4286.153809,4315.256348,4291.666504,4285.897461,4298.846191,4328.846191,4291.922852,4275.256348,4424.230957,4490.000000,4338.589844,4404.615234,2945.000000,4.000000,85.000000,,,,0.000000,4.000000,4.000000,4.000000,4.000000,4.000000,4.000000,4.000000,4.000000,4.000000,4.000000,4.000000,4.000000,4.000000,4.000000,100.000000,,,,,,,,,,,,,,,,,,,,,,,,,,,,,,,,,,,,,,,,,,,,,,,,,,,,,,,,,,,,,,,,,,,,,,,,,,,,,,,,,,,,,,
1676060274.928310,1676060274.929530,84.000000,0.000000,4328.589844,4295.769043,4286.666504,4330.384766,4307.051270,4301.794922,4306.153809,4332.179688,4296.538574,4281.666504,4433.974121,4496.025879,4351.282227,4408.205078,3146.000000,4.000000,85.000000,,,,0.000000,4.000000,4.000000,4.000000,4.000000,4.000000,4.000000,4.000000,4.000000,4.000000,4.000000,4.000000,4.000000,4.000000,4.000000,100.000000,,,,,,,,,,,,,,,,,,,,,,,,,,,,,,,,,,,,,,,,,,,,,,,,,,,,,,,,,,,,,,,,,,,,,,,,,,,,,,,,,,,,,,
1676060274.936118,1676060274.937239,85.000000,0.000000,4328.717773,4296.922852,4281.025879,4329.230957,4299.230957,4288.461426,4297.563965,4319.871582,4287.436035,4275.256348,4426.025879,4491.794922,4348.589844,4401.794922,3264.000000,4.000000,85.000000,,,,0.000000,4.000000,4.000000,4.000000,4.000000,4.000000,4.000000,4.000000,4.000000,4.000000,4.000000,4.000000,4.000000,4.000000,4.000000,100.000000,,,,,,,,,,,,,,,,,,,,,,,,,,,,,,,,,,,,,,,,,,,,,,,,,,,,,,,,,,,,,,,,,,,,,,,,,,,,,,,,,,,,,,
1676060274.943926,1676060274.945047,86.000000,0.000000,4312.563965,4285.512695,4272.948730,4311.794922,4278.974121,4271.666504,4290.128418,4307.436035,4278.333496,4257.563965,4405.641113,4482.179688,4332.436035,4386.282227,2750.000000,4.000000,85.000000,,,,0.000000,4.000000,4.000000,4.000000,4.000000,4.000000,4.000000,4.000000,4.000000,4.000000,4.000000,4.000000,4.000000,4.000000,4.000000,100.000000,,,,,,,,,,,,,,,,,,,,,,,,,,,,,,,,,,,,,,,,,,,,,,,,,,,,,,,,,,,,,,,,,,,,,,,,,,,,,,,,,,,,,,
1676060274.951735,1676060274.952756,87.000000,0.000000,4312.692383,4284.743652,4276.922852,4313.205078,4278.461426,4276.538574,4293.077148,4309.102539,4282.692383,4257.179688,4402.051270,4485.000000,4328.717773,4385.641113,2945.000000,4.000000,85.000000,,,,0.000000,4.000000,4.000000,4.000000,4.000000,4.000000,4.000000,4.000000,4.000000,4.000000,4.000000,4.000000,4.000000,4.000000,4.000000,100.000000,,,,,,,,,,,,,,,,,,,,,,,,,,,,,,,,,,,,,,,,,,,,,,,,,,,,,,,,,,,,,,,,,,,,,,,,,,,,,,,,,,,,,,
1676060274.959543,1676060274.960564,88.000000,0.000000,4337.179688,4295.256348,4295.000000,4328.333496,4291.538574,4283.077148,4295.000000,4314.358887,4291.922852,4269.230957,4418.461426,4502.563965,4344.743652,4403.717773,3146.000000,4.000000,85.000000,,,,0.000000,4.000000,4.000000,4.000000,4.000000,4.000000,4.000000,4.000000,4.000000,4.000000,4.000000,4.000000,4.000000,4.000000,4.000000,100.000000,,,,,,,,,,,,,,,,,,,,,,,,,,,,,,,,,,,,,,,,,,,,,,,,,,,,,,,,,,,,,,,,,,,,,,,,,,,,,,,,,,,,,,
1676060274.967351,1676060274.968273,89.000000,0.000000,4354.230957,4300.000000,4308.846191,4332.051270,4296.922852,4278.205078,4292.820313,4318.333496,4295.256348,4278.589844,4429.487305,4514.871582,4355.000000,4418.974121,3264.000000,4.000000,85.000000,,,,0.000000,4.000000,4.000000,4.000000,4.000000,4.000000,4.000000,4.000000,4.000000,4.000000,4.000000,4.000000,4.000000,4.000000,4.000000,100.000000,,,,,,,,,,,,,,,,,,,,,,,,,,,,,,,,,,,,,,,,,,,,,,,,,,,,,,,,,,,,,,,,,,,,,,,,,,,,,,,,,,,,,,
1676060274.975160,1676060274.976081,90.000000,0.000000,4342.820313,4291.922852,4302.563965,4324.230957,4293.333496,4275.512695,4289.615234,4316.538574,4286.538574,4276.538574,4420.384766,4508.077148,4344.615234,4412.436035,2750.000000,4.000000,85.000000,,,,0.000000,4.000000,4.000000,4.000000,4.000000,4.000000,4.000000,4.000000,4.000000,4.000000,4.000000,4.000000,4.000000,4.000000,4.000000,100.000000,,,,,,,,,,,,,,,,,,,,,,,,,,,,,,,,,,,,,,,,,,,,,,,,,,,,,,,,,,,,,,,,,,,,,,,,,,,,,,,,,,,,,,
1676060274.982968,1676060274.983790,91.000000,0.000000,4338.333496,4294.615234,4303.974121,4326.153809,4298.717773,4284.743652,4300.256348,4321.538574,4288.717773,4276.794922,4423.333496,4514.230957,4352.948730,4413.077148,2945.000000,4.000000,85.000000,,,,0.000000,4.000000,4.000000,4.000000,4.000000,4.000000,4.000000,4.000000,4.000000,4.000000,4.000000,4.000000,4.000000,4.000000,4.000000,100.000000,,,,,,,,,,,,,,,,,,,,,,,,,,,,,,,,,,,,,,,,,,,,,,,,,,,,,,,,,,,,,,,,,,,,,,,,,,,,,,,,,,,,,,
1676060274.990777,1676060274.991598,92.000000,0.000000,4344.871582,4303.205078,4310.897461,4332.563965,4304.871582,4291.666504,4311.538574,4329.102539,4299.102539,4282.179688,4434.743652,4525.000000,4368.333496,4423.333496,3146.000000,4.000000,85.000000,,,,0.000000,4.000000,4.000000,4.000000,4.000000,4.000000,4.000000,4.000000,4.000000,4.000000,4.000000,4.000000,4.000000,4.000000,4.000000,100.000000,,,,,,,,,,,,,,,,,,,,,,,,,,,,,,,,,,,,,,,,,,,,,,,,,,,,,,,,,,,,,,,,,,,,,,,,,,,,,,,,,,,,,,
1676060274.998585,1676060274.999307,93.000000,0.000000,4334.358887,4295.512695,4298.717773,4325.897461,4296.282227,4288.717773,4305.641113,4319.102539,4290.769043,4268.461426,4418.333496,4507.307617,4348.589844,4410.512695,3264.000000,4.000000,85.000000,,,,0.000000,4.000000,4.000000,4.000000,4.000000,4.000000,4.000000,4.000000,4.000000,4.000000,4.000000,4.000000,4.000000,4.000000,4.000000,100.000000,,,,,,,,,,,,,,,,,,,,,,,,,,,,,,,,,,,,,,,,,,,,,,,,,,,,,,,,,,,,,,,,,,,,,,,,,,,,,,,,,,,,,,
1676060275.006393,1676060275.007215,94.000000,0.000000,4329.358887,4291.538574,4293.974121,4323.589844,4291.922852,4291.794922,4304.871582,4315.000000,4286.025879,4259.230957,4404.230957,4497.436035,4336.666504,4400.769043,2750.000000,4.000000,85.000000,,,,0.000000,4.000000,4.000000,4.000000,4.000000,4.000000,4.000000,4.000000,4.000000,4.000000,4.000000,4.000000,4.000000,4.000000,4.000000,100.000000,,,,,,,,,,,,,,,,,1.386579,1.901296,2.369203,1.052233,1.406942,1.570422,1.363792,1.783312,0.816954,1.295215,1.083588,3.326375,2.999312,1.103984,1.458522,2.730642,1.615034,1.794123,0.721407,1.320424,0.257817,0.407348,0.441574,0.305842,0.660542,0.353773,0.445213,0.384014,0.314154,0.851588,0.414959,0.626545,1.312787,0.709903,1.032245,1.418171,1.883273,1.577146,0.765147,1.151446,0.691240,0.919081,1.153914,0.750706,1.357433,0.686046,0.868038,1.446540,1.126224,1.934282,5.794696,4.017485,3.766521,1.453209,2.092560,2.120992,5.174364,4.836044,1.598324,2.256190,3.600522,3.647387,3.568638,1.074971,1.928585,2.625571,4.127020,3.733549,1.281057,1.826442
1676060275.014202,1676060275.015024,95.000000,0.000000,4343.205078,4301.922852,4304.358887,4333.589844,4299.743652,4296.410156,4314.230957,4328.589844,4302.948730,4282.307617,4417.563965,4512.692383,4354.230957,4410.641113,2945.000000,4.000000,85.000000,,,,0.000000,4.000000,4.000000,4.000000,4.000000,4.000000,4.000000,4.000000,4.000000,4.000000,4.000000,4.000000,4.000000,4.000000,4.000000,100.000000,,,,,,,,,,,,,,,,,,,,,,,,,,,,,,,,,,,,,,,,,,,,,,,,,,,,,,,,,,,,,,,,,,,,,,,,,,,,,,,,,,,,,,
1676060275.022010,1676060275.022932,96.000000,0.000000,4341.153809,4300.000000,4301.282227,4335.769043,4301.922852,4287.692383,4314.358887,4326.922852,4304.230957,4290.897461,4415.128418,4507.948730,4351.025879,4406.153809,3146.000000,4.000000,85.000000,,,,0.000000,4.000000,4.000000,4.000000,4.000000,4.000000,4.000000,4.000000,4.000000,4.000000,4.000000,4.000000,4.000000,4.000000,4.000000,100.000000,,,,,,,,,,,,,,,,,,,,,,,,,,,,,,,,,,,,,,,,,,,,,,,,,,,,,,,,,,,,,,,,,,,,,,,,,,,,,,,,,,,,,,
1676060275.029818,1676060275.030741,97.000000,0.000000,4323.589844,4285.641113,4289.871582,4324.102539,4296.282227,4280.384766,4307.692383,4311.794922,4285.384766,4269.871582,4394.871582,4488.974121,4330.256348,4389.871582,3264.000000,4.000000,85.000000,,,,0.000000,4.000000,4.000000,4.000000,4.000000,4.000000,4.000000,4.000000,4.000000,4.000000,4.000000,4.000000,4.000000,4.000000,4.000000,100.000000,,,,,,,,,,,,,,,,,,,,,,,,,,,,,,,,,,,,,,,,,,,,,,,,,,,,,,,,,,,,,,,,,,,,,,,,,,,,,,,,,,,,,,
1676060275.037627,1676060275.038649,98.000000,0.000000,4321.410156,4287.948730,4285.641113,4316.922852,4293.974121,4280.000000,4301.282227,4307.820313,4278.717773,4262.179688,4389.615234,4487.436035,4329.102539,4388.589844,2750.000000,4.000000,85.000000,,,,0.000000,4.000000,4.000000,4.000000,4.000000,4.000000,4.000000,4.000000,4.000000,4.000000,4.000000,4.000000,4.000000,4.000000,4.000000,100.000000,,,,,,,,,,,,,,,,,,,,,,,,,,,,,,,,,,,,,,,,,,,,,,,,,,,,,,,,,,,,,,,,,,,,,,,,,,,,,,,,,,,,,,
1676060275.045435,1676060275.046457,99.000000,0.000000,4331.153809,4296.025879,4286.794922,4320.641113,4295.256348,4277.563965,4294.871582,4304.871582,4280.641113,4264.743652,4393.077148,4492.307617,4337.436035,4393.077148,2945.000000,4.000000,85.000000,,,,0.000000,4.000000,4.000000,4.000000,4.000000,4.000000,4.000000,4.000000,4.000000,4.000000,4.000000,4.000000,4.000000,4.000000,4.000000,100.000000,,,,,,,,,,,,,,,,,,,,,,,,,,,,,,,,,,,,,,,,,,,,,,,,,,,,,,,,,,,,,,,,,,,,,,,,,,,,,,,,,,,,,,
1676060275.053244,1676060275.054366,100.000000,0.000000,4348.846191,4296.282227,4300.897461,4329.102539,4299.102539,4282.436035,4301.282227,4307.307617,4289.102539,4268.077148,4409.871582,4502.820313,4353.846191,4404.487305,3146.000000,4.000000,85.000000,,,,0.000000,4.000000,4.000000,4.000000,4.000000,4.000000,4.000000,4.000000,4.000000,4.000000,4.000000,4.000000,4.000000,4.000000,4.000000,100.000000,,,,,,,,,,,,,,,,,,,,,,,,,,,,,,,,,,,,,,,,,,,,,,,,,,,,,,,,,,,,,,,,,,,,,,,,,,,,,,,,,,,,,,
1676060275.061052,1676060275.062174,101.000000,0.000000,4369.230957,4308.461426,4319.871582,4343.717773,4305.000000,4297.179688,4315.641113,4327.692383,4310.256348,4293.846191,4443.077148,4526.922852,4381.153809,4436.666504,3264.000000,4.000000,85.000000,,,,0.000000,4.000000,4.000000,4.000000,4.000000,4.000000,4.000000,4.000000,4.000000,4.000000,4.000000,4.000000,4.000000,4.000000,4.000000,100.000000,,,,,,,,,,,,,,,,,,,,,,,,,,,,,,,,,,,,,,,,,,,,,,,,,,,,,,,,,,,,,,,,,,,,,,,,,,,,,,,,,,,,,,
1676060275.068860,1676060275.069883,102.000000,0.000000,4363.717773,4315.000000,4315.897461,4342.051270,4302.948730,4298.846191,4307.692383,4329.743652,4313.589844,4310.384766,4441.538574,4530.000000,4379.230957,4446.025879,2750.000000,4.000000,85.000000,,,,0.000000,4.000000,4.000000,4.000000,4.000000,4.000000,4.000000,4.000000,4.000000,4.000000,4.000000,4.000000,4.000000,4.000000,4.000000,100.000000,,,,,,,,,,,,,,,,,,,,,,,,,,,,,,,,,,,,,,,,,,,,,,,,,,,,,,,,,,,,,,,,,,,,,,,,,,,,,,,,,,,,,,
1676060275.076669,1676060275.077691,103.000000,0.000000,4340.000000,4289.871582,4295.384766,4315.769043,4293.205078,4290.512695,4291.922852,4306.282227,4291.922852,4287.179688,4406.410156,4502.820313,4348.077148,4413.205078,2945.000000,4.000000,85.000000,,,,0.000000,4.000000,4.000000,4.000000,4.000000,4.000000,4.000000,4.000000,4.000000,4.000000,4.000000,4.000000,4.000000,4.000000,4.000000,100.000000,,,,,,,,,,,,,,,,,,,,,,,,,,,,,,,,,,,,,,,,,,,,,,,,,,,,,,,,,,,,,,,,,,,,,,,,,,,,,,,,,,,,,,
1676060275.084477,1676060275.085400,104.000000,0.000000,4342.051270,4275.897461,4299.487305,4308.589844,4295.000000,4297.692383,4304.615234,4312.307617,4293.846191,4277.692383,4411.153809,4502.307617,4352.563965,4408.461426,3146.000000,4.000000,85.000000,,,,0.000000,4.000000,4.000000,4.000000,4.000000,4.000000,4.000000,4.000000,4.000000,4.000000,4.000000,4.000000,4.000000,4.000000,4.000000,100.000000,,,,,,,,,,,,,,,,,,,,,,,,,,,,,,,,,,,,,,,,,,,,,,,,,,,,,,,,,,,,,,,,,,,,,,,,,,,,,,,,,,,,,,
1676060275.092286,1676060275.093208,105.000000,0.000000,4356.538574,4292.436035,4320.000000,4322.563965,4303.589844,4307.948730,4324.358887,4340.384766,4319.102539,4302.307617,4441.794922,4527.820313,4382.692383,4436.153809,3264.000000,4.000000,85.000000,,,,0.000000,4.000000,4.000000,4.000000,4.000000,4.000000,4.000000,4.000000,4.000000,4.000000,4.000000,4.000000,4.000000,4.000000,4.000000,100.000000,,,,,,,,,,,,,,,,,,,,,,,,,,,,,,,,,,,,,,,,,,,,,,,,,,,,,,,,,,,,,,,,,,,,,,,,,,,,,,,,,,,,,,
1676060275.100094,1676060275.100917,106.000000,0.000000,4339.358887,4287.820313,4307.692383,4308.974121,4295.769043,4300.512695,4315.000000,4330.512695,4311.922852,4304.230957,4426.538574,4518.717773,4367.563965,4422.820313,2750.000000,4.000000,85.000000,,,,0.000000,4.000000,4.000000,4.000000,4.000000,4.000000,4.000000,4.000000,4.000000,4.000000,4.000000,4.000000,4.000000,4.000000,4.000000,100.000000,,,,,,,,,,,,,,,,,,,,,,,,,,,,,,,,,,,,,,,,,,,,,,,,,,,,,,,,,,,,,,,,,,,,,,,,,,,,,,,,,,,,,,
1676060275.107902,1676060275.108725,107.000000,0.000000,4321.153809,4267.307617,4285.256348,4291.538574,4286.666504,4292.563965,4303.974121,4305.897461,4289.615234,4275.641113,4396.282227,4493.717773,4339.871582,4391.538574,2945.000000,4.000000,85.000000,,,,0.000000,4.000000,4.000000,4.000000,4.000000,4.000000,4.000000,4.000000,4.000000,4.000000,4.000000,4.000000,4.000000,4.000000,4.000000,100.000000,,,,,,,,,,,,,,,,,,,,,,,,,,,,,,,,,,,,,,,,,,,,,,,,,,,,,,,,,,,,,,,,,,,,,,,,,,,,,,,,,,,,,,
1676060275.115711,1676060275.116434,108.000000,0.000000,4342.051270,4284.743652,4303.589844,4318.205078,4304.615234,4308.333496,4321.666504,4319.615234,4302.563965,4275.641113,4414.358887,4507.179688,4359.102539,4413.589844,3146.000000,4.000000,85.000000,,,,0.000000,4.000000,4.000000,4.000000,4.000000,4.000000,4.000000,4.000000,4.000000,4.000000,4.000000,4.000000,4.000000,4.000000,4.000000,100.000000,,,,,,,,,,,,,,,,,,,,,,,,,,,,,,,,,,,,,,,,,,,,,,,,,,,,,,,,,,,,,,,,,,,,,,,,,,,,,,,,,,,,,,
1676060275.123519,1676060275.124242,109.000000,0.000000,4362.563965,4311.025879,4325.256348,4342.692383,4321.666504,4322.692383,4331.410156,4333.974121,4318.205078,4299.871582,4433.589844,4522.948730,4375.897461,4437.820313,3264.000000,4.000000,85.000000,,,,0.000000,4.000000,4.000000,4.000000,4.000000,4.000000,4.000000,4.000000,4.000000,4.000000,4.000000,4.000000,4.000000,4.000000,4.000000,100.000000,,,,,,,,,,,,,,,,,,,,,,,,,,,,,,,,,,,,,,,,,,,,,,,,,,,,,,,,,,,,,,,,,,,,,,,,,,,,,,,,,,,,,,
1676060275.131328,1676060275.131951,110.000000,0.000000,4352.948730,4302.563965,4315.128418,4330.512695,4313.974121,4309.358887,4313.077148,4309.102539,4295.384766,4292.948730,4411.282227,4501.410156,4358.974121,4415.256348,2750.000000,4.000000,85.000000,,,,0.000000,4.000000,4.000000,4.000000,4.000000,4.000000,4.000000,4.000000,4.000000,4.000000,4.000000,4.000000,4.000000,4.000000,4.000000,100.000000,,,,,,,,,,,,,,,,,1.686662,1.740173,2.081742,0.929345,1.191771,1.019246,1.120755,1.496719,0.679890,1.082540,1.090561,2.754730,2.651659,0.969519,1.193886,2.723866,1.350935,1.604131,0.618094,1.074256,0.380692,0.307477,0.380149,0.287738,0.556777,0.382007,0.464074,0.541166,0.308675,0.699450,0.459875,0.584461,1.471256,0.737383,0.844537,2.184484,2.017442,1.792367,0.792238,0.963695,0.643580,0.883698,1.358288,0.743969,1.106738,0.629561,0.705770,1.753751,1.234224,1.537544,3.761121,3.660089,3.654587,1.291759,1.743652,2.123919,4.532187,4.873933,1.456681,1.865417,2.580690,2.640599,3.018010,0.989477,1.688945,2.783814,3.514270,3.312275,1.188848,1.548736
1676060275.139136,1676060275.139759,111.000000,0.000000,4340.897461,4295.000000,4306.153809,4321.025879,4306.410156,4292.948730,4297.692383,4288.974121,4276.410156,4270.512695,4395.000000,4482.820313,4345.641113,4398.846191,2945.000000,4.000000,85.000000,,,,0.000000,4.000000,4.000000,4.000000,4.000000,4.000000,4.000000,4.000000,4.000000,4.000000,4.000000,4.000000,4.000000,4.000000,4.000000,100.000000,,,,,,,,,,,,,,,,,,,,,,,,,,,,,,,,,,,,,,,,,,,,,,,,,,,,,,,,,,,,,,,,,,,,,,,,,,,,,,,,,,,,,,
1676060275.146944,1676060275.147468,112.000000,0.000000,4343.846191,4307.307617,4310.000000,4329.871582,4311.153809,4295.641113,4303.333496,4300.897461,4290.256348,4279.230957,4405.384766,4494.230957,4350.384766,4410.384766,3146.000000,4.000000,85.000000,,,,0.000000,4.000000,4.000000,4.000000,4.000000,4.000000,4.000000,4.000000,4.000000,4.000000,4.000000,4.000000,4.000000,4.000000,4.000000,100.000000,,,,,,,,,,,,,,,,,,,,,,,,,,,,,,,,,,,,,,,,,,,,,,,,,,,,,,,,,,,,,,,,,,,,,,,,,,,,,,,,,,,,,,
1676060275.154753,1676060275.155276,113.000000,0.000000,4354.102539,4310.128418,4311.538574,4334.615234,4313.077148,4301.538574,4311.282227,4315.128418,4303.333496,4295.641113,4419.230957,4508.077148,4362.436035,4421.025879,3264.000000,4.000000,85.000000,,,,0.000000,4.000000,4.000000,4.000000,4.000000,4.000000,4.000000,4.000000,4.000000,4.000000,4.000000,4.000000,4.000000,4.000000,4.000000,100.000000,,,,,,,,,,,,,,,,,,,,,,,,,,,,,,,,,,,,,,,,,,,,,,,,,,,,,,,,,,,,,,,,,,,,,,,,,,,,,,,,,,,,,,
1676060275.162561,1676060275.162985,114.000000,0.000000,4358.461426,4306.666504,4311.410156,4328.846191,4310.769043,4295.897461,4312.051270,4321.153809,4306.410156,4288.717773,4428.077148,4510.256348,4374.615234,4426.538574,2750.000000,4.000000,85.000000,,,,0.000000,4.000000,4.000000,4.000000,4.000000,4.000000,4.000000,4.000000,4.000000,4.000000,4.000000,4.000000,4.000000,4.000000,4.000000,100.000000,,,,,,,,,,,,,,,,,,,,,,,,,,,,,,,,,,,,,,,,,,,,,,,,,,,,,,,,,,,,,,,,,,,,,,,,,,,,,,,,,,,,,,
1676060275.170370,1676060275.170893,115.000000,0.000000,4353.717773,4309.358887,4311.282227,4324.358887,4309.358887,4291.025879,4315.384766,4326.922852,4311.153809,4287.820313,4429.615234,4508.846191,4375.512695,4429.230957,2945.000000,4.000000,85.000000,,,,0.000000,4.000000,4.000000,4.000000,4.000000,4.000000,4.000000,4.000000,4.000000,4.000000,4.000000,4.000000,4.000000,4.000000,4.000000,100.000000,,,,,,,,,,,,,,,,,,,,,,,,,,,,,,,,,,,,,,,,,,,,,,,,,,,,,,,,,,,,,,,,,,,,,,,,,,,,,,,,,,,,,,
1676060275.178178,1676060275.178701,116.000000,0.000000,4352.948730,4304.487305,4310.641113,4322.563965,4303.717773,4295.512695,4319.487305,4321.153809,4310.256348,4300.512695,4423.205078,4506.922852,4369.487305,4425.384766,3146.000000,4.000000,85.000000,,,,0.000000,4.000000,4.000000,4.000000,4.000000,4.000000,4.000000,4.000000,4.000000,4.000000,4.000000,4.000000,4.000000,4.000000,4.000000,100.000000,,,,,,,,,,,,,,,,,,,,,,,,,,,,,,,,,,,,,,,,,,,,,,,,,,,,,,,,,,,,,,,,,,,,,,,,,,,,,,,,,,,,,,
1676060275.185986,1676060275.186510,117.000000,0.000000,4360.769043,4297.563965,4314.487305,4320.256348,4299.615234,4299.743652,4319.871582,4312.692383,4309.102539,4307.563965,4426.410156,4510.512695,4376.153809,4430.641113,3264.000000,4.000000,85.000000,,,,0.000000,4.000000,4.000000,4.000000,4.000000,4.000000,4.000000,4.000000,4.000000,4.000000,4.000000,4.000000,4.000000,4.000000,4.000000,100.000000,,,,,,,,,,,,,,,,,,,,,,,,,,,,,,,,,,,,,,,,,,,,,,,,,,,,,,,,,,,,,,,,,,,,,,,,,,,,,,,,,,,,,,
1676060275.193795,1676060275.194218,118.000000,0.000000,4358.077148,4291.025879,4311.794922,4312.820313,4298.846191,4296.538574,4317.692383,4313.205078,4306.153809,4298.461426,4427.307617,4511.025879,4375.256348,4430.897461,2750.000000,4.000000,85.000000,,,,0.000000,4.000000,4.000000,4.000000,4.000000,4.000000,4.000000,4.000000,4.000000,4.000000,4.000000,4.000000,4.000000,4.000000,4.000000,100.000000,,,,,,,,,,,,,,,,,,,,,,,,,,,,,,,,,,,,,,,,,,,,,,,,,,,,,,,,,,,,,,,,,,,,,,,,,,,,,,,,,,,,,,
1676060275.201603,1676060275.202127,119.000000,0.000000,4339.102539,4270.384766,4294.358887,4296.794922,4294.102539,4291.538574,4310.769043,4299.743652,4284.871582,4268.077148,4399.615234,4487.948730,4345.512695,4402.692383,2945.000000,4.000000,85.000000,,,,0.000000,4.000000,4.000000,4.000000,4.000000,4.000000,4.000000,4.000000,4.000000,4.000000,4.000000,4.000000,4.000000,4.000000,4.000000,100.000000,,,,,,,,,,,,,,,,,,,,,,,,,,,,,,,,,,,,,,,,,,,,,,,,,,,,,,,,,,,,,,,,,,,,,,,,,,,,,,,,,,,,,,
1676060275.209411,1676060275.209935,120.000000,0.000000,4331.282227,4264.487305,4285.897461,4287.948730,4287.948730,4294.487305,4306.666504,4288.846191,4275.897461,4258.077148,4383.461426,4476.025879,4335.641113,4390.128418,3146.000000,4.000000,85.000000,,,,0.000000,4.000000,4.000000,4.000000,4.000000,4.000000,4.000000,4.000000,4.000000,4.000000,4.000000,4.000000,4.000000,4.000000,4.000000,100.000000,,,,,,,,,,,,,,,,,,,,,,,,,,,,,,,,,,,,,,,,,,,,,,,,,,,,,,,,,,,,,,,,,,,,,,,,,,,,,,,,,,,,,,
1676060275.217220,1676060275.217844,121.000000,0.000000,4345.897461,4287.948730,4303.717773,4306.282227,4298.461426,4304.102539,4323.589844,4317.436035,4306.153809,4292.563965,4417.307617,4508.589844,4372.436035,4419.102539,3264.000000,4.000000,85.000000,,,,0.000000,4.000000,4.000000,4.000000,4.000000,4.000000,4.000000,4.000000,4.000000,4.000000,4.000000,4.000000,4.000000,4.000000,4.000000,100.000000,,,,,,,,,,,,,,,,,,,,,,,,,,,,,,,,,,,,,,,,,,,,,,,,,,,,,,,,,,,,,,,,,,,,,,,,,,,,,,,,,,,,,,
1676060275.225028,1676060275.225652,122.000000,0.000000,4358.461426,4301.153809,4323.461426,4328.846191,4320.128418,4313.717773,4344.615234,4342.820313,4328.461426,4314.230957,4449.230957,4533.846191,4394.230957,4441.538574,2750.000000,4.000000,85.000000,,,,0.000000,4.000000,4.000000,4.000000,4.000000,4.000000,4.000000,4.000000,4.000000,4.000000,4.000000,4.000000,4.000000,4.000000,4.000000,100.000000,,,,,,,,,,,,,,,,,,,,,,,,,,,,,,,,,,,,,,,,,,,,,,,,,,,,,,,,,,,,,,,,,,,,,,,,,,,,,,,,,,,,,,
1676060275.232836,1676060275.233560,123.000000,0.000000,4358.461426,4295.769043,4322.179688,4324.615234,4323.205078,4311.153809,4341.282227,4326.025879,4312.692383,4294.871582,4433.974121,4516.282227,4372.051270,4431.025879,2945.000000,4.000000,85.000000,,,,0.000000,4.000000,4.000000,4.000000,4.000000,4.000000,4.000000,4.000000,4.000000,4.000000,4.000000,4.000000,4.000000,4.000000,4.000000,100.000000,,,,,,,,,,,,,,,,,,,,,,,,,,,,,,,,,,,,,,,,,,,,,,,,,,,,,,,,,,,,,,,,,,,,,,,,,,,,,,,,,,,,,,
1676060275.240645,1676060275.241369,124.000000,0.000000,4357.179688,4291.153809,4312.436035,4309.743652,4309.358887,4297.820313,4326.922852,4306.922852,4293.846191,4276.282227,4409.743652,4493.846191,4355.897461,4411.922852,3146.000000,4.000000,85.000000,,,,0.000000,4.000000,4.000000,4.000000,4.000000,4.000000,4.000000,4.000000,4.000000,4.000000,4.000000,4.000000,4.000000,4.000000,4.000000,100.000000,,,,,,,,,,,,,,,,,,,,,,,,,,,,,,,,,,,,,,,,,,,,,,,,,,,,,,,,,,,,,,,,,,,,,,,,,,,,,,,,,,,,,,
1676060275.248453,1676060275.249277,125.000000,0.000000,4354.358887,4294.358887,4308.974121,4312.820313,4305.128418,4293.589844,4324.615234,4310.641113,4292.820313,4283.461426,4410.384766,4491.153809,4361.922852,4404.102539,3264.000000,4.000000,85.000000,,,,0.000000,4.000000,4.000000,4.000000,4.000000,4.000000,4.000000,4.000000,4.000000,4.000000,4.000000,4.000000,4.000000,4.000000,4.000000,100.000000,,,,,,,,,,,,,,,,,,,,,,,,,,,,,,,,,,,,,,,,,,,,,,,,,,,,,,,,,,,,,,,,,,,,,,,,,,,,,,,,,,,,,,
1676060275.256262,1676060275.257086,126.000000,0.000000,4349.102539,4304.871582,4310.000000,4325.256348,4315.384766,4298.846191,4329.230957,4311.025879,4295.256348,4293.461426,4413.333496,4492.436035,4361.538574,4409.358887,2750.000000,4.000000,85.000000,,,,0.000000,4.000000,4.000000,4.000000,4.000000,4.000000,4.000000,4.000000,4.000000,4.000000,4.000000,4.000000,4.000000,4.000000,4.000000,100.000000,,,,,,,,,,,,,,,,,2.028059,1.648047,1.869358,0.847433,1.045946,0.996065,1.005417,1.248450,0.587876,0.959749,1.095240,2.231217,2.422949,0.913336,0.999849,2.597881,1.232657,1.432231,0.570950,0.902029,0.544421,0.302521,0.408065,0.289243,0.497432,0.407691,0.493483,0.799712,0.313575,0.590831,0.481073,0.554509,1.741953,0.800066,0.722610,3.074341,2.123023,2.046250,0.867135,0.847312,0.559820,0.842312,1.528869,0.775972,0.946581,0.548961,0.574184,2.091359,1.341282,1.224335,3.268704,3.358429,3.559368,1.199396,1.520254,2.136773,3.776529,4.907842,1.347133,1.596388,1.888293,1.884995,2.589366,0.943781,1.539398,2.848425,2.902153,2.999167,1.130258,1.408179
1676060275.264070,1676060275.264994,127.000000,0.000000,4350.512695,4305.769043,4310.641113,4323.717773,4314.358887,4298.461426,4327.692383,4308.077148,4291.922852,4288.846191,4409.487305,4493.461426,4356.282227,4415.128418,85.000000,4.000000,85.000000,,,,0.000000,4.000000,4.000000,4.000000,4.000000,4.000000,4.000000,4.000000,4.000000,4.000000,4.000000,4.000000,4.000000,4.000000,4.000000,100.000000,,,,,,,,,,,,,,,,,,,,,,,,,,,,,,,,,,,,,,,,,,,,,,,,,,,,,,,,,,,,,,,,,,,,,,,,,,,,,,,,,,,,,,
1676060275.271878,1676060275.272802,0.000000,0.000000,4351.794922,4293.205078,4311.410156,4312.436035,4300.769043,4293.846191,4326.922852,4317.051270,4292.051270,4281.153809,4416.153809,4499.102539,4363.846191,4409.230957,2555.000000,4.000000,85.000000,,,,0.000000,4.000000,4.000000,4.000000,4.000000,4.000000,4.000000,4.000000,4.000000,4.000000,4.000000,4.000000,4.000000,4.000000,4.000000,100.000000,,,,,,,,,,,,,,,,,,,,,,,,,,,,,,,,,,,,,,,,,,,,,,,,,,,,,,,,,,,,,,,,,,,,,,,,,,,,,,,,,,,,,,
1676060275.279687,1676060275.280511,1.000000,0.000000,4350.769043,4292.307617,4310.641113,4308.461426,4299.743652,4295.000000,4333.077148,4328.333496,4301.666504,4293.717773,4426.025879,4506.794922,4374.358887,4413.846191,2511.000000,4.000000,85.000000,,,,0.000000,4.000000,4.000000,4.000000,4.000000,4.000000,4.000000,4.000000,4.000000,4.000000,4.000000,4.000000,4.000000,4.000000,4.000000,100.000000,,,,,,,,,,,,,,,,,,,,,,,,,,,,,,,,,,,,,,,,,,,,,,,,,,,,,,,,,,,,,,,,,,,,,,,,,,,,,,,,,,,,,,
1676060275.287495,1676060275.288319,2.000000,0.000000,4355.256348,4300.769043,4310.769043,4312.692383,4313.974121,4297.820313,4338.333496,4329.871582,4311.153809,4302.820313,4430.256348,4510.769043,4374.358887,4430.000000,2426.000000,4.000000,85.000000,,,,0.000000,4.000000,4.000000,4.000000,4.000000,4.000000,4.000000,4.000000,4.000000,4.000000,4.000000,4.000000,4.000000,4.000000,4.000000,100.000000,,,,,,,,,,,,,,,,,,,,,,,,,,,,,,,,,,,,,,,,,,,,,,,,,,,,,,,,,,,,,,,,,,,,,,,,,,,,,,,,,,,,,,
1676060275.295303,1676060275.296028,3.000000,0.000000,4353.974121,4291.410156,4309.615234,4310.384766,4315.641113,4297.179688,4336.666504,4321.153809,4308.846191,4282.948730,4428.077148,4500.769043,4374.615234,4426.538574,2498.000000,4.000000,85.000000,,,,0.000000,4.000000,4.000000,4.000000,4.000000,4.000000,4.000000,4.000000,4.000000,4.000000,4.000000,4.000000,4.000000,4.000000,4.000000,100.000000,,,,,,,,,,,,,,,,,,,,,,,,,,,,,,,,,,,,,,,,,,,,,,,,,,,,,,,,,,,,,,,,,,,,,,,,,,,,,,,,,,,,,,
1676060275.303112,1676060275.303836,4.000000,0.000000,4343.205078,4280.769043,4303.974121,4300.128418,4300.512695,4295.128418,4331.794922,4312.436035,4300.769043,4275.641113,4422.692383,4491.538574,4374.102539,4412.692383,2446.000000,4.000000,85.000000,,,,0.000000,4.000000,4.000000,4.000000,4.000000,4.000000,4.000000,4.000000,4.000000,4.000000,4.000000,4.000000,4.000000,4.000000,4.000000,100.000000,,,,,,,,,,,,,,,,,,,,,,,,,,,,,,,,,,,,,,,,,,,,,,,,,,,,,,,,,,,,,,,,,,,,,,,,,,,,,,,,,,,,,,
1676060275.310920,1676060275.311545,5.000000,0.000000,4340.384766,4283.717773,4302.820313,4294.358887,4297.179688,4293.461426,4329.743652,4311.666504,4296.410156,4290.128418,4423.717773,4490.641113,4363.717773,4411.538574,2399.000000,4.000000,85.000000,,,,0.000000,4.000000,4.000000,4.000000,4.000000,4.000000,4.000000,4.000000,4.000000,4.000000,4.000000,4.000000,4.000000,4.000000,4.000000,100.000000,,,,,,,,,,,,,,,,,,,,,,,,,,,,,,,,,,,,,,,,,,,,,,,,,,,,,,,,,,,,,,,,,,,,,,,,,,,,,,,,,,,,,,
1676060275.318729,1676060275.319453,6.000000,0.000000,4343.717773,4281.410156,4307.692383,4295.000000,4303.846191,4294.615234,4328.205078,4304.615234,4293.333496,4287.179688,4424.230957,4482.307617,4356.538574,4412.948730,2257.000000,4.000000,85.000000,,,,0.000000,4.000000,4.000000,4.000000,4.000000,4.000000,4.000000,4.000000,4.000000,4.000000,4.000000,4.000000,4.000000,4.000000,4.000000,100.000000,,,,,,,,,,,,,,,,,,,,,,,,,,,,,,,,,,,,,,,,,,,,,,,,,,,,,,,,,,,,,,,,,,,,,,,,,,,,,,,,,,,,,,
1676060275.326537,1676060275.327262,7.000000,0.000000,4336.922852,4275.128418,4310.384766,4296.538574,4306.666504,4297.179688,4327.051270,4294.358887,4288.974121,4273.589844,4419.102539,4475.512695,4356.025879,4411.025879,2261.000000,4.000000,85.000000,,,,0.000000,4.000000,4.000000,4.000000,4.000000,4.000000,4.000000,4.000000,4.000000,4.000000,4.000000,4.000000,4.000000,4.000000,4.000000,100.000000,,,,,,,,,,,,,,,,,,,,,,,,,,,,,,,,,,,,,,,,,,,,,,,,,,,,,,,,,,,,,,,,,,,,,,,,,,,,,,,,,,,,,,
1676060275.334345,1676060275.335170,8.000000,0.000000,4333.205078,4278.846191,4310.641113,4296.666504,4306.410156,4295.128418,4329.358887,4301.282227,4291.282227,4276.153809,4419.102539,4483.333496,4357.692383,4411.282227,2314.000000,4.000000,85.000000,,,,0.000000,4.000000,4.000000,4.000000,4.000000,4.000000,4.000000,4.000000,4.000000,4.000000,4.000000,4.000000,4.000000,4.000000,4.000000,100.000000,,,,,,,,,,,,,,,,,,,,,,,,,,,,,,,,,,,,,,,,,,,,,,,,,,,,,,,,,,,,,,,,,,,,,,,,,,,,,,,,,,,,,,
1676060275.342154,1676060275.342979,9.000000,0.000000,4348.974121,4291.282227,4313.846191,4304.230957,4307.820313,4294.102539,4333.205078,4313.717773,4302.820313,4287.307617,4426.922852,4491.794922,4367.307617,4414.743652,2276.000000,4.000000,85.000000,,,,0.000000,4.000000,4.000000,4.000000,4.000000,4.000000,4.000000,4.000000,4.000000,4.000000,4.000000,4.000000,4.000000,4.000000,4.000000,100.000000,,,,,,,,,,,,,,,,,,,,,,,,,,,,,,,,,,,,,,,,,,,,,,,,,,,,,,,,,,,,,,,,,,,,,,,,,,,,,,,,,,,,,,
1676060275.349962,1676060275.350887,10.000000,0.000000,4366.794922,4300.128418,4324.487305,4318.077148,4315.256348,4301.794922,4340.769043,4318.461426,4313.589844,4294.358887,4438.461426,4500.769043,4383.205078,4425.769043,2770.000000,4.000000,85.000000,,,,0.000000,4.000000,4.000000,4.000000,4.000000,4.000000,4.000000,4.000000,4.000000,4.000000,4.000000,4.000000,4.000000,4.000000,4.000000,100.000000,,,,,,,,,,,,,,,,,,,,,,,,,,,,,,,,,,,,,,,,,,,,,,,,,,,,,,,,,,,,,,,,,,,,,,,,,,,,,,,,,,,,,,
1676060275.357771,1676060275.358695,11.000000,0.000000,4368.717773,4305.897461,4331.153809,4322.692383,4321.025879,4305.000000,4345.384766,4323.333496,4313.846191,4299.487305,4448.205078,4513.461426,4390.512695,4439.102539,2960.000000,4.000000,85.000000,,,,0.000000,4.000000,4.000000,4.000000,4.000000,4.000000,4.000000,4.000000,4.000000,4.000000,4.000000,4.000000,4.000000,4.000000,4.000000,100.000000,,,,,,,,,,,,,,,,,,,,,,,,,,,,,,,,,,,,,,,,,,,,,,,,,,,,,,,,,,,,,,,,,,,,,,,,,,,,,,,,,,,,,,
1676060275.365579,1676060275.366504,12.000000,0.000000,4352.051270,4298.333496,4315.384766,4308.461426,4313.077148,4296.153809,4335.512695,4312.563965,4301.794922,4289.871582,4434.615234,4495.384766,4374.615234,4426.410156,3174.000000,4.000000,85.000000,,,,0.000000,4.000000,4.000000,4.000000,4.000000,4.000000,4.000000,4.000000,4.000000,4.000000,4.000000,4.000000,4.000000,4.000000,4.000000,100.000000,,,,,,,,,,,,,,,,,,,,,,,,,,,,,,,,,,,,,,,,,,,,,,,,,,,,,,,,,,,,,,,,,,,,,,,,,,,,,,,,,,,,,,
1676060275.373387,1676060275.374212,13.000000,0.000000,4333.205078,4282.436035,4291.538574,4291.282227,4298.589844,4290.769043,4323.077148,4291.282227,4288.589844,4268.205078,4404.871582,4459.615234,4351.794922,4398.461426,3286.000000,4.000000,85.000000,,,,0.000000,4.000000,4.000000,4.000000,4.000000,4.000000,4.000000,4.000000,4.000000,4.000000,4.000000,4.000000,4.000000,4.000000,4.000000,100.000000,,,,,,,,,,,,,,,,,,,,,,,,,,,,,,,,,,,,,,,,,,,,,,,,,,,,,,,,,,,,,,,,,,,,,,,,,,,,,,,,,,,,,,
1676060275.381196,1676060275.382021,14.000000,0.000000,4332.051270,4284.358887,4290.384766,4290.512695,4302.179688,4294.230957,4323.333496,4290.897461,4288.846191,4257.948730,4397.948730,4455.641113,4349.358887,4390.897461,2770.000000,4.000000,85.000000,,,,0.000000,4.000000,4.000000,4.000000,4.000000,4.000000,4.000000,4.000000,4.000000,4.000000,4.000000,4.000000,4.000000,4.000000,4.000000,100.000000,1.000000,25.000000,4.000000,4.000000,1.000000,4.000000,4.000000,3.000000,4.000000,4.000000,4.000000,1.000000,3.000000,1.000000,3.000000,3.000000,2.296936,1.624230,1.690495,0.797608,0.981019,1.341010,0.941733,1.048463,0.545231,0.930100,1.092228,1.892820,2.286639,0.917456,0.888885,2.311764,1.180429,1.267920,0.571719,0.818140,0.722429,0.358633,0.499052,0.297519,0.482781,0.426225,0.539832,1.093617,0.313413,0.535355,0.461400,0.563748,2.046134,0.854261,0.669251,3.878966,2.221846,2.270017,0.960058,0.810307,0.477522,0.814206,1.606629,0.836949,0.885554,0.460841,0.521145,2.320792,1.406798,1.036236,3.883347,3.227593,3.420258,1.163299,1.436102,2.205421,3.116060,4.801209,1.250600,1.456919,1.591469,1.556022,2.269249,0.916926,1.482623,2.813929,2.480487,2.729275,1.080916,1.388460
1676060275.389004,1676060275.389729,15.000000,0.000000,4340.128418,4295.128418,4298.205078,4294.743652,4311.538574,4296.410156,4327.051270,4297.563965,4295.128418,4270.512695,4406.282227,4465.128418,4355.769043,4396.410156,2960.000000,4.000000,85.000000,,,,0.000000,4.000000,4.000000,4.000000,4.000000,4.000000,4.000000,4.000000,4.000000,4.000000,4.000000,4.000000,4.000000,4.000000,4.000000,100.000000,,,,,,,,,,,,,,,,,,,,,,,,,,,,,,,,,,,,,,,,,,,,,,,,,,,,,,,,,,,,,,,,,,,,,,,,,,,,,,,,,,,,,,
1676060275.396813,1676060275.397538,16.000000,0.000000,4346.282227,4301.794922,4305.256348,4303.461426,4314.102539,4297.820313,4332.820313,4301.538574,4305.128418,4294.102539,4417.051270,4471.538574,4361.666504,4409.102539,0.000000,4.000000,85.000000,,,,0.000000,4.000000,4.000000,4.000000,4.000000,4.000000,4.000000,4.000000,4.000000,4.000000,4.000000,4.000000,4.000000,4.000000,4.000000,100.000000,,,,,,,,,,,,,,,,,,,,,,,,,,,,,,,,,,,,,,,,,,,,,,,,,,,,,,,,,,,,,,,,,,,,,,,,,,,,,,,,,,,,,,
1676060275.404621,1676060275.405246,17.000000,0.000000,4358.333496,4311.025879,4325.769043,4318.846191,4320.897461,4300.000000,4347.436035,4319.358887,4322.179688,4310.769043,4440.769043,4495.641113,4387.051270,4433.589844,0.000000,4.000000,85.000000,,,,0.000000,4.000000,4.000000,4.000000,4.000000,4.000000,4.000000,4.000000,4.000000,4.000000,4.000000,4.000000,4.000000,4.000000,4.000000,100.000000,,,,,,,,,,,,,,,,,,,,,,,,,,,,,,,,,,,,,,,,,,,,,,,,,,,,,,,,,,,,,,,,,,,,,,,,,,,,,,,,,,,,,,
1676060275.412429,1676060275.413155,18.000000,0.000000,4370.641113,4320.512695,4340.897461,4325.384766,4323.205078,4300.512695,4353.974121,4329.743652,4331.666504,4318.205078,4456.538574,4515.641113,4407.948730,4446.922852,0.000000,4.000000,85.000000,,,,0.000000,4.000000,4.000000,4.000000,4.000000,4.000000,4.000000,4.000000,4.000000,4.000000,4.000000,4.000000,4.000000,4.000000,4.000000,100.000000,,,,,,,,,,,,,,,,,,,,,,,,,,,,,,,,,,,,,,,,,,,,,,,,,,,,,,,,,,,,,,,,,,,,,,,,,,,,,,,,,,,,,,
1676060275.420238,1676060275.420963,19.000000,0.000000,4359.871582,4312.051270,4325.512695,4314.230957,4309.743652,4293.717773,4337.307617,4309.230957,4317.563965,4308.333496,4441.794922,4496.538574,4390.128418,4434.102539,0.000000,4.000000,85.000000,,,,0.000000,4.000000,4.000000,4.000000,4.000000,4.000000,4.000000,4.000000,4.000000,4.000000,4.000000,4.000000,4.000000,4.000000,4.000000,100.000000,,,,,,,,,,,,,,,,,,,,,,,,,,,,,,,,,,,,,,,,,,,,,,,,,,,,,,,,,,,,,,,,,,,,,,,,,,,,,,,,,,,,,,
1676060275.428046,1676060275.428871,20.000000,0.000000,4338.333496,4293.589844,4305.384766,4298.333496,4298.205078,4281.538574,4319.487305,4287.307617,4293.461426,4281.538574,4419.615234,4467.692383,4364.743652,4413.205078,0.000000,4.000000,85.000000,,,,0.000000,4.000000,4.000000,4.000000,4.000000,4.000000,4.000000,4.000000,4.000000,4.000000,4.000000,4.000000,4.000000,4.000000,4.000000,100.000000,,,,,,,,,,,,,,,,,,,,,,,,,,,,,,,,,,,,,,,,,,,,,,,,,,,,,,,,,,,,,,,,,,,,,,,,,,,,,,,,,,,,,,
1676060275.435855,1676060275.436680,21.000000,0.000000,4349.230957,4298.589844,4319.102539,4304.102539,4311.922852,4284.230957,4327.307617,4299.102539,4293.974121,4279.230957,4426.410156,4482.563965,4373.974121,4419.743652,0.000000,4.000000,85.000000,,,,0.000000,4.000000,4.000000,4.000000,4.000000,4.000000,4.000000,4.000000,4.000000,4.000000,4.000000,4.000000,4.000000,4.000000,4.000000,100.000000,,,,,,,,,,,,,,,,,,,,,,,,,,,,,,,,,,,,,,,,,,,,,,,,,,,,,,,,,,,,,,,,,,,,,,,,,,,,,,,,,,,,,,
1676060275.443663,1676060275.444588,22.000000,0.000000,4377.692383,4315.897461,4343.461426,4320.641113,4332.307617,4300.512695,4344.743652,4319.871582,4310.128418,4301.025879,4448.333496,4513.333496,4397.179688,4445.128418,0.000000,4.000000,85.000000,,,,0.000000,4.000000,4.000000,4.000000,4.000000,4.000000,4.000000,4.000000,4.000000,4.000000,4.000000,4.000000,4.000000,4.000000,4.000000,100.000000,,,,,,,,,,,,,,,,,,,,,,,,,,,,,,,,,,,,,,,,,,,,,,,,,,,,,,,,,,,,,,,,,,,,,,,,,,,,,,,,,,,,,,
1676060275.451471,1676060275.452397,23.000000,0.000000,4377.820313,4316.538574,4340.256348,4317.948730,4334.871582,4305.512695,4343.205078,4316.666504,4307.307617,4290.641113,4447.051270,4506.922852,4393.717773,4448.077148,0.000000,4.000000,85.000000,,,,0.000000,4.000000,4.000000,4.000000,4.000000,4.000000,4.000000,4.000000,4.000000,4.000000,4.000000,4.000000,4.000000,4.000000,4.000000,100.000000,,,,,,,,,,,,,,,,,,,,,,,,,,,,,,,,,,,,,,,,,,,,,,,,,,,,,,,,,,,,,,,,,,,,,,,,,,,,,,,,,,,,,,
1676060275.459280,1676060275.460105,24.000000,0.000000,4363.205078,4306.538574,4329.743652,4309.871582,4337.051270,4298.974121,4337.051270,4310.256348,4300.128418,4274.230957,4436.410156,4494.743652,4379.358887,4435.641113,0.000000,4.000000,85.000000,,,,0.000000,4.000000,4.000000,4.000000,4.000000,4.000000,4.000000,4.000000,4.000000,4.000000,4.000000,4.000000,4.000000,4.000000,4.000000,100.000000,,,,,,,,,,,,,,,,,,,,,,,,,,,,,,,,,,,,,,,,,,,,,,,,,,,,,,,,,,,,,,,,,,,,,,,,,,,,,,,,,,,,,,
1676060275.467088,1676060275.468014,25.000000,0.000000,4363.846191,4310.641113,4334.871582,4316.666504,4354.102539,4302.179688,4344.487305,4321.538574,4312.820313,4300.641113,4446.153809,4505.256348,4387.563965,4441.538574,0.000000,4.000000,85.000000,,,,0.000000,4.000000,4.000000,4.000000,4.000000,4.000000,4.000000,4.000000,4.000000,4.000000,4.000000,4.000000,4.000000,4.000000,4.000000,100.000000,,,,,,,,,,,,,,,,,,,,,,,,,,,,,,,,,,,,,,,,,,,,,,,,,,,,,,,,,,,,,,,,,,,,,,,,,,,,,,,,,,,,,,
1676060275.474896,1676060275.475822,26.000000,0.000000,4366.025879,4315.641113,4333.589844,4314.358887,4363.589844,4302.563965,4341.538574,4320.897461,4317.179688,4316.025879,4448.974121,4502.436035,4392.051270,4444.102539,0.000000,4.000000,85.000000,,,,0.000000,4.000000,4.000000,4.000000,4.000000,4.000000,4.000000,4.000000,4.000000,4.000000,4.000000,4.000000,4.000000,4.000000,4.000000,100.000000,,,,,,,,,,,,,,,,,,,,,,,,,,,,,,,,,,,,,,,,,,,,,,,,,,,,,,,,,,,,,,,,,,,,,,,,,,,,,,,,,,,,,,
1676060275.482705,1676060275.483630,27.000000,0.000000,4349.102539,4296.794922,4313.717773,4290.897461,4357.948730,4284.871582,4318.205078,4295.384766,4292.307617,4288.205078,4420.769043,4471.922852,4369.358887,4415.512695,0.000000,4.000000,85.000000,,,,0.000000,4.000000,4.000000,4.000000,4.000000,4.000000,4.000000,4.000000,4.000000,4.000000,4.000000,4.000000,4.000000,4.000000,4.000000,100.000000,,,,,,,,,,,,,,,,,,,,,,,,,,,,,,,,,,,,,,,,,,,,,,,,,,,,,,,,,,,,,,,,,,,,,,,,,,,,,,,,,,,,,,
1676060275.490513,1676060275.491339,28.000000,0.000000,4333.717773,4280.769043,4301.922852,4281.153809,4361.282227,4276.922852,4311.922852,4285.128418,4279.615234,4271.794922,4404.358887,4456.794922,4358.333496,4397.179688,0.000000,4.000000,85.000000,,,,0.000000,4.000000,4.000000,4.000000,4.000000,4.000000,4.000000,4.000000,4.000000,4.000000,4.000000,4.000000,4.000000,4.000000,4.000000,100.000000,,,,,,,,,,,,,,,,,,,,,,,,,,,,,,,,,,,,,,,,,,,,,,,,,,,,,,,,,,,,,,,,,,,,,,,,,,,,,,,,,,,,,,
1676060275.498321,1676060275.499147,29.000000,0.000000,4335.384766,4286.282227,4307.051270,4289.102539,4370.897461,4288.717773,4327.948730,4296.538574,4291.538574,4279.230957,4417.692383,4467.051270,4368.077148,4407.436035,0.000000,4.000000,85.000000,,,,0.000000,4.000000,4.000000,4.000000,4.000000,4.000000,4.000000,4.000000,4.000000,4.000000,4.000000,4.000000,4.000000,4.000000,4.000000,100.000000,,,,,,,,,,,,,,,,,,,,,,,,,,,,,,,,,,,,,,,,,,,,,,,,,,,,,,,,,,,,,,,,,,,,,,,,,,,,,,,,,,,,,,
1676060275.506130,1676060275.506856,30.000000,0.000000,4343.589844,4295.512695,4317.179688,4295.641113,4371.410156,4295.897461,4335.897461,4303.333496,4299.358887,4287.692383,4429.102539,4481.922852,4373.461426,4422.692383,0.000000,4.000000,85.000000,,,,0.000000,4.000000,4.000000,4.000000,4.000000,4.000000,4.000000,4.000000,4.000000,4.000000,4.000000,4.000000,4.000000,4.000000,4.000000,100.000000,,,,,,,,,,,,,,,,,2.395685,1.672467,1.497074,0.788846,0.975466,1.832909,0.913936,0.878212,0.557747,0.961083,1.084391,1.819488,2.157777,0.966554,0.842556,1.925050,1.172487,1.098549,0.616755,0.803860,0.881928,0.451813,0.610258,0.308441,0.496720,0.431152,0.611557,1.335346,0.303053,0.519396,0.422197,0.627451,2.270091,0.872567,0.662172,4.316504,2.322834,2.400974,1.059891,0.832458,0.420179,0.813004,1.572150,0.930785,0.897633,0.389381,0.564429,2.366229,1.448444,0.968884,4.665861,3.287101,3.204706,1.197640,1.456120,2.223802,2.686342,4.464025,1.192992,1.406847,1.614992,1.625317,2.022322,0.931502,1.490127,2.621809,2.343839,2.442739,1.059547,1.432063
1676060275.513938,1676060275.514664,31.000000,0.000000,4359.102539,4306.025879,4333.717773,4306.153809,4376.794922,4296.922852,4338.461426,4307.692383,4303.077148,4300.769043,4437.820313,4498.589844,4387.179688,4438.333496,0.000000,4.000000,85.000000,,,,0.000000,4.000000,4.000000,4.000000,4.000000,4.000000,4.000000,4.000000,4.000000,4.000000,4.000000,4.000000,4.000000,4.000000,4.000000,100.000000,,,,,,,,,,,,,,,,,,,,,,,,,,,,,,,,,,,,,,,,,,,,,,,,,,,,,,,,,,,,,,,,,,,,,,,,,,,,,,,,,,,,,,
1676060275.521747,1676060275.522373,32.000000,0.000000,4385.256348,4323.846191,4353.974121,4328.077148,4394.615234,4306.922852,4352.436035,4322.051270,4317.948730,4317.051270,4463.205078,4514.487305,4410.641113,4458.333496,0.000000,4.000000,85.000000,,,,0.000000,4.000000,4.000000,4.000000,4.000000,4.000000,4.000000,4.000000,4.000000,4.000000,4.000000,4.000000,4.000000,4.000000,4.000000,100.000000,,,,,,,,,,,,,,,,,,,,,,,,,,,,,,,,,,,,,,,,,,,,,,,,,,,,,,,,,,,,,,,,,,,,,,,,,,,,,,,,,,,,,,
1676060275.529555,1676060275.530181,33.000000,0.000000,4399.230957,4330.384766,4361.666504,4339.743652,4399.615234,4315.512695,4363.077148,4331.794922,4332.820313,4323.205078,4479.102539,4519.615234,4416.025879,4471.666504,0.000000,4.000000,85.000000,,,,0.000000,4.000000,4.000000,4.000000,4.000000,4.000000,4.000000,4.000000,4.000000,4.000000,4.000000,4.000000,4.000000,4.000000,4.000000,100.000000,,,,,,,,,,,,,,,,,,,,,,,,,,,,,,,,,,,,,,,,,,,,,,,,,,,,,,,,,,,,,,,,,,,,,,,,,,,,,,,,,,,,,,
1676060275.537363,1676060275.537890,34.000000,0.000000,4382.307617,4319.743652,4346.922852,4326.153809,4383.461426,4311.282227,4352.307617,4318.846191,4321.922852,4304.871582,4457.563965,4504.615234,4399.358887,4460.000000,0.000000,4.000000,85.000000,,,,0.000000,4.000000,4.000000,4.000000,4.000000,4.000000,4.000000,4.000000,4.000000,4.000000,4.000000,4.000000,4.000000,4.000000,4.000000,100.000000,,,,,,,,,,,,,,,,,,,,,,,,,,,,,,,,,,,,,,,,,,,,,,,,,,,,,,,,,,,,,,,,,,,,,,,,,,,,,,,,,,,,,,
1676060275.545172,1676060275.545698,35.000000,0.000000,4363.974121,4302.051270,4325.512695,4306.538574,4367.563965,4299.871582,4331.153809,4301.282227,4295.256348,4276.666504,4424.615234,4481.025879,4374.871582,4433.717773,0.000000,4.000000,85.000000,,,,0.000000,4.000000,4.000000,4.000000,4.000000,4.000000,4.000000,4.000000,4.000000,4.000000,4.000000,4.000000,4.000000,4.000000,4.000000,100.000000,,,,,,,,,,,,,,,,,,,,,,,,,,,,,,,,,,,,,,,,,,,,,,,,,,,,,,,,,,,,,,,,,,,,,,,,,,,,,,,,,,,,,,
1676060275.552980,1676060275.553407,36.000000,0.000000,4366.922852,4285.641113,4322.179688,4298.205078,4365.641113,4290.769043,4324.743652,4307.436035,4285.000000,4270.128418,4414.743652,4473.846191,4359.743652,4425.384766,0.000000,4.000000,85.000000,,,,0.000000,4.000000,4.000000,4.000000,4.000000,4.000000,4.000000,4.000000,4.000000,4.000000,4.000000,4.000000,4.000000,4.000000,4.000000,100.000000,,,,,,,,,,,,,,,,,,,,,,,,,,,,,,,,,,,,,,,,,,,,,,,,,,,,,,,,,,,,,,,,,,,,,,,,,,,,,,,,,,,,,,
1676060275.560789,1676060275.561215,37.000000,0.000000,4379.487305,4287.179688,4336.794922,4305.384766,4371.666504,4297.179688,4338.333496,4339.102539,4301.794922,4289.230957,4440.128418,4497.692383,4376.410156,4448.333496,0.000000,4.000000,85.000000,,,,0.000000,4.000000,4.000000,4.000000,4.000000,4.000000,4.000000,4.000000,4.000000,4.000000,4.000000,4.000000,4.000000,4.000000,4.000000,100.000000,,,,,,,,,,,,,,,,,,,,,,,,,,,,,,,,,,,,,,,,,,,,,,,,,,,,,,,,,,,,,,,,,,,,,,,,,,,,,,,,,,,,,,
1676060275.568597,1676060275.568924,38.000000,0.000000,4386.282227,4295.769043,4340.897461,4313.333496,4370.128418,4304.615234,4346.666504,4369.230957,4316.538574,4302.563965,4472.692383,4526.538574,4411.666504,4471.282227,0.000000,4.000000,85.000000,,,,0.000000,4.000000,4.000000,4.000000,4.000000,4.000000,4.000000,4.000000,4.000000,4.000000,4.000000,4.000000,4.000000,4.000000,4.000000,100.000000,,,,,,,,,,,,,,,,,,,,,,,,,,,,,,,,,,,,,,,,,,,,,,,,,,,,,,,,,,,,,,,,,,,,,,,,,,,,,,,,,,,,,,
1676060275.576405,1676060275.576832,39.000000,0.000000,4378.717773,4285.000000,4332.179688,4305.000000,4362.307617,4300.128418,4343.205078,4381.282227,4313.846191,4302.692383,4481.282227,4528.333496,4428.205078,4472.436035,0.000000,4.000000,85.000000,,,,0.000000,4.000000,4.000000,4.000000,4.000000,4.000000,4.000000,4.000000,4.000000,4.000000,4.000000,4.000000,4.000000,4.000000,4.000000,100.000000,,,,,,,,,,,,,,,,,,,,,,,,,,,,,,,,,,,,,,,,,,,,,,,,,,,,,,,,,,,,,,,,,,,,,,,,,,,,,,,,,,,,,,
1676060275.584214,1676060275.584641,40.000000,0.000000,4361.666504,4259.358887,4325.256348,4284.615234,4354.615234,4295.128418,4340.897461,4377.436035,4305.512695,4299.230957,4478.974121,4515.256348,4430.128418,4463.461426,0.000000,4.000000,85.000000,,,,0.000000,4.000000,4.000000,4.000000,4.000000,4.000000,4.000000,4.000000,4.000000,4.000000,4.000000,4.000000,4.000000,4.000000,4.000000,100.000000,,,,,,,,,,,,,,,,,,,,,,,,,,,,,,,,,,,,,,,,,,,,,,,,,,,,,,,,,,,,,,,,,,,,,,,,,,,,,,,,,,,,,,
1676060275.592022,1676060275.592549,41.000000,0.000000,4340.641113,4233.589844,4310.641113,4266.922852,4345.128418,4289.358887,4335.000000,4359.230957,4291.153809,4286.025879,4474.230957,4501.410156,4430.769043,4449.230957,0.000000,4.000000,85.000000,,,,0.000000,4.000000,4.000000,4.000000,4.000000,4.000000,4.000000,4.000000,4.000000,4.000000,4.000000,4.000000,4.000000,4.000000,4.000000,100.000000,,,,,,,,,,,,,,,,,,,,,,,,,,,,,,,,,,,,,,,,,,,,,,,,,,,,,,,,,,,,,,,,,,,,,,,,,,,,,,,,,,,,,,
1676060275.599831,1676060275.600358,42.000000,0.000000,4332.436035,4226.794922,4300.128418,4262.820313,4337.436035,4283.461426,4328.205078,4346.794922,4290.128418,4282.692383,4467.436035,4495.512695,4429.743652,4441.922852,0.000000,4.000000,85.000000,,,,0.000000,4.000000,4.000000,4.000000,4.000000,4.000000,4.000000,4.000000,4.000000,4.000000,4.000000,4.000000,4.000000,4.000000,4.000000,100.000000,,,,,,,,,,,,,,,,,,,,,,,,,,,,,,,,,,,,,,,,,,,,,,,,,,,,,,,,,,,,,,,,,,,,,,,,,,,,,,,,,,,,,,
1676060275.607639,1676060275.608266,43.000000,0.000000,4325.000000,4229.102539,4292.563965,4253.333496,4329.615234,4280.769043,4317.436035,4337.307617,4294.358887,4275.128418,4451.538574,4480.512695,4415.000000,4430.000000,0.000000,4.000000,85.000000,,,,0.000000,4.000000,4.000000,4.000000,4.000000,4.000000,4.000000,4.000000,4.000000,4.000000,4.000000,4.000000,4.000000,4.000000,4.000000,100.000000,,,,,,,,,,,,,,,,,,,,,,,,,,,,,,,,,,,,,,,,,,,,,,,,,,,,,,,,,,,,,,,,,,,,,,,,,,,,,,,,,,,,,,
1676060275.615447,1676060275.616074,44.000000,0.000000,4306.153809,4224.102539,4278.461426,4239.743652,4322.307617,4279.871582,4305.384766,4322.820313,4282.436035,4255.769043,4433.461426,4456.153809,4395.641113,4405.128418,0.000000,4.000000,85.000000,,,,0.000000,4.000000,4.000000,4.000000,4.000000,4.000000,4.000000,4.000000,4.000000,4.000000,4.000000,4.000000,4.000000,4.000000,4.000000,100.000000,,,,,,,,,,,,,,,,,,,,,,,,,,,,,,,,,,,,,,,,,,,,,,,,,,,,,,,,,,,,,,,,,,,,,,,,,,,,,,,,,,,,,,
1676060275.623256,1676060275.623983,45.000000,0.000000,4318.717773,4245.256348,4291.794922,4261.922852,4328.974121,4282.307617,4318.461426,4329.743652,4287.820313,4270.641113,4444.871582,4468.333496,4404.358887,4410.000000,0.000000,4.000000,85.000000,,,,0.000000,4.000000,4.000000,4.000000,4.000000,4.000000,4.000000,4.000000,4.000000,4.000000,4.000000,4.000000,4.000000,4.000000,4.000000,100.000000,,,,,,,,,,,,,,,,,,,,,,,,,,,,,,,,,,,,,,,,,,,,,,,,,,,,,,,,,,,,,,,,,,,,,,,,,,,,,,,,,,,,,,
1676060275.631064,1676060275.631791,46.000000,0.000000,4344.230957,4282.051270,4317.179688,4293.205078,4337.436035,4279.358887,4335.000000,4342.307617,4309.102539,4302.051270,4462.692383,4492.179688,4416.153809,4433.077148,0.000000,4.000000,85.000000,,,,0.000000,4.000000,4.000000,4.000000,4.000000,4.000000,4.000000,4.000000,4.000000,4.000000,4.000000,4.000000,4.000000,4.000000,4.000000,100.000000,,,,,,,,,,,,,,,,,2.286535,1.788392,1.276494,0.838801,0.993835,2.250948,0.971071,0.727396,0.621400,1.005370,1.036901,1.984742,1.955852,1.048421,0.829837,1.563410,1.255195,0.929852,0.701406,0.824448,0.958230,0.582011,0.699287,0.326421,0.519332,0.425244,0.704197,1.449287,0.289030,0.518927,0.372542,0.728459,2.308517,0.859221,0.671082,4.253206,2.405066,2.397430,1.177309,0.880898,0.388625,0.839982,1.450579,1.072816,0.941433,0.342251,0.688090,2.237036,1.522953,0.990541,4.975759,3.445322,2.896845,1.332636,1.523036,2.215365,2.510165,3.905300,1.228470,1.393010,1.790056,1.921816,1.806640,1.031380,1.523200,2.303616,2.459883,2.116436,1.113668,1.478404
1676060275.638873,1676060275.639700,47.000000,0.000000,4323.846191,4280.769043,4303.717773,4280.769043,4326.025879,4272.820313,4319.102539,4321.922852,4296.666504,4288.717773,4437.820313,4472.051270,4389.230957,4411.153809,0.000000,4.000000,85.000000,,,,0.000000,4.000000,4.000000,4.000000,4.000000,4.000000,4.000000,4.000000,4.000000,4.000000,4.000000,4.000000,4.000000,4.000000,4.000000,100.000000,,,,,,,,,,,,,,,,,,,,,,,,,,,,,,,,,,,,,,,,,,,,,,,,,,,,,,,,,,,,,,,,,,,,,,,,,,,,,,,,,,,,,,
1676060275.646681,1676060275.647508,48.000000,0.000000,4303.461426,4273.974121,4291.666504,4274.871582,4324.743652,4283.077148,4313.333496,4308.717773,4277.179688,4261.538574,4415.897461,4453.205078,4369.487305,4387.179688,0.000000,4.000000,85.000000,,,,0.000000,4.000000,4.000000,4.000000,4.000000,4.000000,4.000000,4.000000,4.000000,4.000000,4.000000,4.000000,4.000000,4.000000,4.000000,100.000000,,,,,,,,,,,,,,,,,,,,,,,,,,,,,,,,,,,,,,,,,,,,,,,,,,,,,,,,,,,,,,,,,,,,,,,,,,,,,,,,,,,,,,
1676060275.654489,1676060275.655217,49.000000,0.000000,4328.205078,4298.077148,4315.641113,4305.512695,4344.358887,4300.128418,4337.820313,4331.794922,4295.256348,4280.512695,4442.307617,4477.820313,4392.436035,4412.436035,0.000000,4.000000,85.000000,,,,0.000000,4.000000,4.000000,4.000000,4.000000,4.000000,4.000000,4.000000,4.000000,4.000000,4.000000,4.000000,4.000000,4.000000,4.000000,100.000000,,,,,,,,,,,,,,,,,,,,,,,,,,,,,,,,,,,,,,,,,,,,,,,,,,,,,,,,,,,,,,,,,,,,,,,,,,,,,,,,,,,,,,
1676060275.662298,1676060275.663025,50.000000,0.000000,4337.307617,4302.948730,4318.461426,4310.512695,4342.307617,4296.666504,4341.282227,4339.487305,4309.102539,4292.051270,4451.538574,4490.512695,4401.153809,4419.358887,0.000000,4.000000,85.000000,,,,0.000000,4.000000,4.000000,4.000000,4.000000,4.000000,4.000000,4.000000,4.000000,4.000000,4.000000,4.000000,4.000000,4.000000,4.000000,100.000000,,,,,,,,,,,,,,,,,,,,,,,,,,,,,,,,,,,,,,,,,,,,,,,,,,,,,,,,,,,,,,,,,,,,,,,,,,,,,,,,,,,,,,
1676060275.670106,1676060275.670734,51.000000,0.000000,4309.358887,4277.820313,4288.333496,4289.358887,4324.102539,4290.256348,4321.794922,4314.743652,4287.820313,4263.333496,4416.538574,4465.512695,4369.871582,4381.282227,0.000000,4.000000,85.000000,,,,0.000000,4.000000,4.000000,4.000000,4.000000,4.000000,4.000000,4.000000,4.000000,4.000000,4.000000,4.000000,4.000000,4.000000,4.000000,100.000000,,,,,,,,,,,,,,,,,,,,,,,,,,,,,,,,,,,,,,,,,,,,,,,,,,,,,,,,,,,,,,,,,,,,,,,,,,,,,,,,,,,,,,
1676060275.677914,1676060275.678542,52.000000,0.000000,4299.743652,4273.205078,4279.743652,4298.333496,4323.205078,4295.128418,4318.846191,4305.000000,4277.051270,4259.102539,4405.769043,4458.974121,4358.077148,4372.436035,0.000000,4.000000,85.000000,,,,0.000000,4.000000,4.000000,4.000000,4.000000,4.000000,4.000000,4.000000,4.000000,4.000000,4.000000,4.000000,4.000000,4.000000,4.000000,100.000000,,,,,,,,,,,,,,,,,,,,,,,,,,,,,,,,,,,,,,,,,,,,,,,,,,,,,,,,,,,,,,,,,,,,,,,,,,,,,,,,,,,,,,
1676060275.685723,1676060275.686250,53.000000,0.000000,4312.820313,4287.051270,4296.922852,4322.563965,4330.000000,4295.384766,4326.538574,4317.820313,4293.717773,4287.820313,4430.000000,4484.358887,4381.025879,4397.820313,0.000000,4.000000,85.000000,,,,0.000000,4.000000,4.000000,4.000000,4.000000,4.000000,4.000000,4.000000,4.000000,4.000000,4.000000,4.000000,4.000000,4.000000,4.000000,100.000000,,,,,,,,,,,,,,,,,,,,,,,,,,,,,,,,,,,,,,,,,,,,,,,,,,,,,,,,,,,,,,,,,,,,,,,,,,,,,,,,,,,,,,
1676060275.693531,1676060275.694059,54.000000,0.000000,4311.666504,4280.897461,4296.666504,4314.615234,4317.948730,4282.307617,4315.512695,4310.384766,4294.358887,4281.794922,4425.000000,4488.846191,4380.384766,4394.102539,0.000000,4.000000,85.000000,,,,0.000000,4.000000,4.000000,4.000000,4.000000,4.000000,4.000000,4.000000,4.000000,4.000000,4.000000,4.000000,4.000000,4.000000,4.000000,100.000000,,,,,,,,,,,,,,,,,,,,,,,,,,,,,,,,,,,,,,,,,,,,,,,,,,,,,,,,,,,,,,,,,,,,,,,,,,,,,,,,,,,,,,
1676060275.701340,1676060275.701767,55.000000,0.000000,4289.871582,4260.384766,4268.461426,4289.487305,4297.179688,4264.871582,4292.820313,4280.000000,4265.128418,4244.487305,4384.230957,4458.461426,4343.974121,4358.717773,0.000000,4.000000,85.000000,,,,0.000000,4.000000,4.000000,4.000000,4.000000,4.000000,4.000000,4.000000,4.000000,4.000000,4.000000,4.000000,4.000000,4.000000,4.000000,100.000000,,,,,,,,,,,,,,,,,,,,,,,,,,,,,,,,,,,,,,,,,,,,,,,,,,,,,,,,,,,,,,,,,,,,,,,,,,,,,,,,,,,,,,
1676060275.709148,1676060275.709576,56.000000,0.000000,4287.307617,4263.717773,4265.897461,4298.846191,4297.820313,4269.230957,4296.922852,4279.102539,4261.666504,4248.589844,4383.333496,4457.563965,4342.307617,4357.051270,0.000000,4.000000,85.000000,,,,0.000000,4.000000,4.000000,4.000000,4.000000,4.000000,4.000000,4.000000,4.000000,4.000000,4.000000,4.000000,4.000000,4.000000,4.000000,100.000000,,,,,,,,,,,,,,,,,,,,,,,,,,,,,,,,,,,,,,,,,,,,,,,,,,,,,,,,,,,,,,,,,,,,,,,,,,,,,,,,,,,,,,
1676060275.716956,1676060275.717284,57.000000,0.000000,4313.846191,4286.410156,4294.487305,4328.333496,4312.820313,4290.641113,4321.922852,4306.922852,4288.846191,4273.461426,4422.179688,4495.128418,4378.589844,4390.897461,0.000000,4.000000,85.000000,,,,0.000000,4.000000,4.000000,4.000000,4.000000,4.000000,4.000000,4.000000,4.000000,4.000000,4.000000,4.000000,4.000000,4.000000,4.000000,100.000000,,,,,,,,,,,,,,,,,,,,,,,,,,,,,,,,,,,,,,,,,,,,,,,,,,,,,,,,,,,,,,,,,,,,,,,,,,,,,,,,,,,,,,
1676060275.724765,1676060275.725093,58.000000,0.000000,4325.512695,4293.846191,4302.820313,4332.436035,4318.717773,4296.922852,4329.871582,4316.153809,4298.461426,4276.410156,4436.922852,4510.512695,4388.589844,4404.230957,0.000000,4.000000,85.000000,,,,0.000000,4.000000,4.000000,4.000000,4.000000,4.000000,4.000000,4.000000,4.000000,4.000000,4.000000,4.000000,4.000000,4.000000,4.000000,100.000000,,,,,,,,,,,,,,,,,,,,,,,,,,,,,,,,,,,,,,,,,,,,,,,,,,,,,,,,,,,,,,,,,,,,,,,,,,,,,,,,,,,,,,
1676060275.732573,1676060275.732801,59.000000,0.000000,4317.820313,4291.153809,4296.282227,4325.128418,4318.717773,4292.051270,4327.692383,4308.333496,4294.230957,4275.000000,4432.820313,4505.128418,4375.897461,4395.769043,0.000000,4.000000,85.000000,,,,0.000000,4.000000,4.000000,4.000000,4.000000,4.000000,4.000000,4.000000,4.000000,4.000000,4.000000,4.000000,4.000000,4.000000,4.000000,100.000000,,,,,,,,,,,,,,,,,,,,,,,,,,,,,,,,,,,,,,,,,,,,,,,,,,,,,,,,,,,,,,,,,,,,,,,,,,,,,,,,,,,,,,
1676060275.740381,1676060275.740610,60.000000,0.000000,4314.358887,4283.077148,4296.282227,4320.897461,4315.000000,4289.230957,4324.358887,4302.436035,4290.000000,4272.948730,4433.077148,4497.692383,4370.128418,4387.307617,0.000000,4.000000,85.000000,,,,0.000000,4.000000,4.000000,4.000000,4.000000,4.000000,4.000000,4.000000,4.000000,4.000000,4.000000,4.000000,4.000000,4.000000,4.000000,100.000000,,,,,,,,,,,,,,,,,,,,,,,,,,,,,,,,,,,,,,,,,,,,,,,,,,,,,,,,,,,,,,,,,,,,,,,,,,,,,,,,,,,,,,
1676060275.748190,1676060275.748318,61.000000,0.000000,4301.410156,4265.000000,4281.794922,4302.563965,4297.692383,4273.077148,4303.589844,4289.102539,4277.051270,4262.563965,4419.102539,4476.025879,4358.717773,4370.512695,0.000000,4.000000,85.000000,,,,0.000000,4.000000,4.000000,4.000000,4.000000,4.000000,4.000000,4.000000,4.000000,4.000000,4.000000,4.000000,4.000000,4.000000,4.000000,100.000000,,,,,,,,,,,,,,,,,,,,,,,,,,,,,,,,,,,,,,,,,,,,,,,,,,,,,,,,,,,,,,,,,,,,,,,,,,,,,,,,,,,,,,
1676060275.755998,1676060275.756227,62.000000,0.000000,4290.000000,4266.666504,4270.641113,4295.000000,4290.512695,4262.563965,4296.538574,4287.051270,4274.102539,4256.410156,4414.743652,4471.666504,4355.512695,4366.666504,0.000000,4.000000,85.000000,,,,0.000000,4.000000,4.000000,4.000000,4.000000,4.000000,4.000000,4.000000,4.000000,4.000000,4.000000,4.000000,4.000000,4.000000,4.000000,100.000000,,,,,,,,,,,,,,,,,1.956591,1.964420,1.034888,0.972365,1.006734,2.462761,1.178883,0.596626,0.731666,1.022742,0.937015,2.287135,1.641023,1.169464,0.825616,1.346862,1.487330,0.772645,0.828520,0.847490,1.034199,0.743996,0.728764,0.364134,0.535597,0.421750,0.796154,1.403553,0.284360,0.513944,0.347918,0.830525,2.110311,0.848850,0.674727,3.711433,2.426336,2.237278,1.345450,0.928779,0.375473,0.882464,1.277649,1.280324,0.981645,0.327505,0.856501,1.975827,1.690816,1.066233,4.610710,3.551018,2.488076,1.618419,1.586451,2.140741,2.519784,3.190869,1.429180,1.380919,1.917570,2.230986,1.573367,1.270307,1.550920,1.878489,2.716047,1.746572,1.307806,1.493407
1676060275.763806,1676060275.764035,63.000000,0.000000,4309.743652,4291.666504,4294.743652,4321.282227,4307.563965,4282.307617,4320.641113,4311.922852,4297.307617,4271.666504,4443.333496,4500.641113,4380.897461,4396.282227,0.000000,4.000000,85.000000,,,,0.000000,4.000000,4.000000,4.000000,4.000000,4.000000,4.000000,4.000000,4.000000,4.000000,4.000000,4.000000,4.000000,4.000000,4.000000,100.000000,,,,,,,,,,,,,,,,,,,,,,,,,,,,,,,,,,,,,,,,,,,,,,,,,,,,,,,,,,,,,,,,,,,,,,,,,,,,,,,,,,,,,,
1676060275.771615,1676060275.771944,64.000000,0.000000,4322.563965,4293.205078,4303.846191,4331.153809,4311.410156,4292.307617,4323.589844,4316.410156,4300.000000,4282.563965,4449.230957,4504.615234,4387.948730,4402.820313,2530.000000,4.000000,85.000000,,,,0.000000,4.000000,4.000000,4.000000,4.000000,4.000000,4.000000,4.000000,4.000000,4.000000,4.000000,4.000000,4.000000,4.000000,4.000000,100.000000,,,,,,,,,,,,,,,,,,,,,,,,,,,,,,,,,,,,,,,,,,,,,,,,,,,,,,,,,,,,,,,,,,,,,,,,,,,,,,,,,,,,,,
1676060275.779423,1676060275.779752,65.000000,0.000000,4308.974121,4276.922852,4287.179688,4312.307617,4298.846191,4279.487305,4305.128418,4294.102539,4276.153809,4270.769043,4425.256348,4481.794922,4365.128418,4378.589844,2483.000000,4.000000,85.000000,,,,0.000000,4.000000,4.000000,4.000000,4.000000,4.000000,4.000000,4.000000,4.000000,4.000000,4.000000,4.000000,4.000000,4.000000,4.000000,100.000000,,,,,,,,,,,,,,,,,,,,,,,,,,,,,,,,,,,,,,,,,,,,,,,,,,,,,,,,,,,,,,,,,,,,,,,,,,,,,,,,,,,,,,
1676060275.787232,1676060275.787660,66.000000,0.000000,4319.487305,4289.871582,4303.077148,4320.000000,4303.205078,4281.282227,4316.153809,4300.897461,4285.256348,4271.282227,4437.948730,4495.897461,4369.615234,4393.205078,2411.000000,4.000000,85.000000,,,,0.000000,4.000000,4.000000,4.000000,4.000000,4.000000,4.000000,4.000000,4.000000,4.000000,4.000000,4.000000,4.000000,4.000000,4.000000,100.000000,,,,,,,,,,,,,,,,,,,,,,,,,,,,,,,,,,,,,,,,,,,,,,,,,,,,,,,,,,,,,,,,,,,,,,,,,,,,,,,,,,,,,,
1676060275.795040,1676060275.795469,67.000000,0.000000,4340.641113,4307.179688,4329.358887,4341.538574,4319.615234,4294.358887,4336.025879,4320.641113,4309.871582,4290.769043,4468.077148,4523.974121,4396.538574,4422.436035,2474.000000,4.000000,85.000000,,,,0.000000,4.000000,4.000000,4.000000,4.000000,4.000000,4.000000,4.000000,4.000000,4.000000,4.000000,4.000000,4.000000,4.000000,4.000000,100.000000,,,,,,,,,,,,,,,,,,,,,,,,,,,,,,,,,,,,,,,,,,,,,,,,,,,,,,,,,,,,,,,,,,,,,,,,,,,,,,,,,,,,,,
1676060275.802848,1676060275.803377,68.000000,0.000000,4323.077148,4287.948730,4308.333496,4325.256348,4312.692383,4288.717773,4321.025879,4302.051270,4293.333496,4285.000000,4443.461426,4505.512695,4378.589844,4399.871582,2431.000000,4.000000,85.000000,,,,0.000000,4.000000,4.000000,4.000000,4.000000,4.000000,4.000000,4.000000,4.000000,4.000000,4.000000,4.000000,4.000000,4.000000,4.000000,100.000000,,,,,,,,,,,,,,,,,,,,,,,,,,,,,,,,,,,,,,,,,,,,,,,,,,,,,,,,,,,,,,,,,,,,,,,,,,,,,,,,,,,,,,
1676060275.810657,1676060275.811186,69.000000,0.000000,4301.666504,4271.153809,4282.436035,4305.000000,4295.256348,4275.897461,4305.641113,4282.692383,4270.897461,4259.102539,4407.436035,4477.948730,4343.461426,4373.589844,2376.000000,4.000000,85.000000,,,,0.000000,4.000000,4.000000,4.000000,4.000000,4.000000,4.000000,4.000000,4.000000,4.000000,4.000000,4.000000,4.000000,4.000000,4.000000,100.000000,,,,,,,,,,,,,,,,,,,,,,,,,,,,,,,,,,,,,,,,,,,,,,,,,,,,,,,,,,,,,,,,,,,,,,,,,,,,,,,,,,,,,,
1676060275.818465,1676060275.819094,70.000000,0.000000,4310.512695,4282.692383,4299.871582,4318.461426,4299.487305,4278.205078,4323.717773,4304.358887,4290.641113,4260.384766,4430.000000,4490.897461,4361.922852,4391.922852,2226.000000,4.000000,85.000000,,,,0.000000,4.000000,4.000000,4.000000,4.000000,4.000000,4.000000,4.000000,4.000000,4.000000,4.000000,4.000000,4.000000,4.000000,4.000000,100.000000,,,,,,,,,,,,,,,,,,,,,,,,,,,,,,,,,,,,,,,,,,,,,,,,,,,,,,,,,,,,,,,,,,,,,,,,,,,,,,,,,,,,,,
1676060275.826274,1676060275.826902,71.000000,0.000000,4310.769043,4286.153809,4307.692383,4322.820313,4306.410156,4290.128418,4336.153809,4320.769043,4307.179688,4273.205078,4448.333496,4501.410156,4380.000000,4395.512695,2234.000000,4.000000,85.000000,,,,0.000000,4.000000,4.000000,4.000000,4.000000,4.000000,4.000000,4.000000,4.000000,4.000000,4.000000,4.000000,4.000000,4.000000,4.000000,100.000000,,,,,,,,,,,,,,,,,,,,,,,,,,,,,,,,,,,,,,,,,,,,,,,,,,,,,,,,,,,,,,,,,,,,,,,,,,,,,,,,,,,,,,
1676060275.834082,1676060275.834811,72.000000,0.000000,4288.846191,4265.512695,4278.717773,4299.871582,4289.358887,4300.256348,4312.563965,4297.436035,4285.641113,4263.974121,4410.256348,4470.512695,4344.615234,4362.692383,2284.000000,4.000000,85.000000,,,,0.000000,4.000000,4.000000,4.000000,4.000000,4.000000,4.000000,4.000000,4.000000,4.000000,4.000000,4.000000,4.000000,4.000000,4.000000,100.000000,,,,,,,,,,,,,,,,,,,,,,,,,,,,,,,,,,,,,,,,,,,,,,,,,,,,,,,,,,,,,,,,,,,,,,,,,,,,,,,,,,,,,,
1676060275.841890,1676060275.842619,73.000000,0.000000,4289.358887,4263.846191,4270.512695,4299.102539,4279.871582,4324.358887,4298.461426,4283.205078,4275.512695,4257.820313,4398.589844,4457.692383,4337.563965,4363.589844,2261.000000,4.000000,85.000000,,,,0.000000,4.000000,4.000000,4.000000,4.000000,4.000000,4.000000,4.000000,4.000000,4.000000,4.000000,4.000000,4.000000,4.000000,4.000000,100.000000,,,,,,,,,,,,,,,,,,,,,,,,,,,,,,,,,,,,,,,,,,,,,,,,,,,,,,,,,,,,,,,,,,,,,,,,,,,,,,,,,,,,,,
1676060275.849699,1676060275.850328,74.000000,0.000000,4317.307617,4288.589844,4303.717773,4327.692383,4304.102539,4371.025879,4325.897461,4308.077148,4298.846191,4279.102539,4450.128418,4498.077148,4390.512695,4408.974121,2740.000000,4.000000,85.000000,,,,0.000000,4.000000,4.000000,4.000000,4.000000,4.000000,4.000000,4.000000,4.000000,4.000000,4.000000,4.000000,4.000000,4.000000,4.000000,100.000000,,,,,,,,,,,,,,,,,,,,,,,,,,,,,,,,,,,,,,,,,,,,,,,,,,,,,,,,,,,,,,,,,,,,,,,,,,,,,,,,,,,,,,
1676060275.857507,1676060275.858136,75.000000,0.000000,4333.461426,4294.615234,4321.922852,4336.282227,4317.820313,4393.717773,4343.205078,4323.205078,4311.666504,4295.769043,4482.692383,4523.461426,4419.871582,4434.102539,2934.000000,4.000000,85.000000,,,,0.000000,4.000000,4.000000,4.000000,4.000000,4.000000,4.000000,4.000000,4.000000,4.000000,4.000000,4.000000,4.000000,4.000000,4.000000,100.000000,,,,,,,,,,,,,,,,,,,,,,,,,,,,,,,,,,,,,,,,,,,,,,,,,,,,,,,,,,,,,,,,,,,,,,,,,,,,,,,,,,,,,,
1676060275.865316,1676060275.865845,76.000000,0.000000,4326.794922,4270.512695,4306.538574,4318.589844,4301.794922,4370.897461,4326.538574,4309.230957,4298.717773,4282.436035,4472.179688,4511.794922,4417.436035,4427.307617,3134.000000,4.000000,85.000000,,,,0.000000,4.000000,4.000000,4.000000,4.000000,4.000000,4.000000,4.000000,4.000000,4.000000,4.000000,4.000000,4.000000,4.000000,4.000000,100.000000,,,,,,,,,,,,,,,,,,,,,,,,,,,,,,,,,,,,,,,,,,,,,,,,,,,,,,,,,,,,,,,,,,,,,,,,,,,,,,,,,,,,,,
1676060275.873124,1676060275.873653,77.000000,0.000000,4314.871582,4242.436035,4294.615234,4304.358887,4292.692383,4349.487305,4317.436035,4303.846191,4291.538574,4273.205078,4471.282227,4504.615234,4426.025879,4424.871582,3236.000000,4.000000,85.000000,,,,0.000000,4.000000,4.000000,4.000000,4.000000,4.000000,4.000000,4.000000,4.000000,4.000000,4.000000,4.000000,4.000000,4.000000,4.000000,100.000000,,,,,,,,,,,,,,,,,,,,,,,,,,,,,,,,,,,,,,,,,,,,,,,,,,,,,,,,,,,,,,,,,,,,,,,,,,,,,,,,,,,,,,
1676060275.880932,1676060275.881362,78.000000,0.000000,4308.333496,4230.000000,4295.128418,4296.922852,4295.384766,4351.282227,4326.153809,4314.743652,4299.487305,4281.666504,4483.717773,4508.846191,4432.051270,4427.563965,2740.000000,4.000000,85.000000,,,,0.000000,4.000000,4.000000,4.000000,4.000000,4.000000,4.000000,4.000000,4.000000,4.000000,4.000000,4.000000,4.000000,4.000000,4.000000,100.000000,1.000000,75.000000,4.000000,4.000000,3.000000,4.000000,4.000000,3.000000,4.000000,4.000000,4.000000,3.000000,3.000000,3.000000,3.000000,3.000000,1.617186,2.220905,0.813019,1.213221,0.997071,2.614450,1.646071,0.505034,0.897553,0.992330,0.842706,2.632792,1.274913,1.354497,0.815843,1.412147,1.891627,0.648126,1.013577,0.853963,1.321598,0.917496,0.700300,0.436981,0.539188,0.447756,0.864752,1.238652,0.304073,0.493589,0.370173,0.902922,1.746598,0.894512,0.664050,2.998224,2.370184,1.992790,1.617269,0.960195,0.375970,0.924564,1.108003,1.567249,0.998375,0.345766,1.027499,1.664594,1.996246,1.163986,3.768825,3.511076,2.084014,2.102115,1.614912,2.037340,2.613079,2.500422,1.861627,1.357367,1.954168,2.406307,1.383963,1.690024,1.551835,1.537482,2.982001,1.415340,1.695403,1.471599
1676060275.888741,1676060275.889270,79.000000,0.000000,4311.666504,4231.410156,4301.794922,4292.820313,4296.538574,4353.205078,4331.282227,4318.846191,4305.769043,4281.282227,4492.436035,4515.769043,4439.871582,4431.666504,2934.000000,4.000000,85.000000,,,,0.000000,4.000000,4.000000,4.000000,4.000000,4.000000,4.000000,4.000000,4.000000,4.000000,4.000000,4.000000,4.000000,4.000000,4.000000,100.000000,,,,,,,,,,,,,,,,,,,,,,,,,,,,,,,,,,,,,,,,,,,,,,,,,,,,,,,,,,,,,,,,,,,,,,,,,,,,,,,,,,,,,,
1676060275.896549,1676060275.897079,80.000000,0.000000,4314.102539,4225.128418,4302.051270,4292.820313,4291.538574,4345.128418,4326.282227,4311.922852,4301.666504,4278.846191,4493.974121,4514.102539,4448.589844,4432.436035,3134.000000,4.000000,85.000000,,,,0.000000,4.000000,4.000000,4.000000,4.000000,4.000000,4.000000,4.000000,4.000000,4.000000,4.000000,4.000000,4.000000,4.000000,4.000000,100.000000,,,,,,,,,,,,,,,,,,,,,,,,,,,,,,,,,,,,,,,,,,,,,,,,,,,,,,,,,,,,,,,,,,,,,,,,,,,,,,,,,,,,,,
1676060275.904358,1676060275.904987,81.000000,0.000000,4311.282227,4216.538574,4298.461426,4293.205078,4291.538574,4340.641113,4322.820313,4311.794922,4300.256348,4290.256348,4491.282227,4509.102539,4443.589844,4429.871582,3236.000000,4.000000,85.000000,,,,0.000000,4.000000,4.000000,4.000000,4.000000,4.000000,4.000000,4.000000,4.000000,4.000000,4.000000,4.000000,4.000000,4.000000,4.000000,100.000000,,,,,,,,,,,,,,,,,,,,,,,,,,,,,,,,,,,,,,,,,,,,,,,,,,,,,,,,,,,,,,,,,,,,,,,,,,,,,,,,,,,,,,
1676060275.912166,1676060275.912795,82.000000,0.000000,4313.461426,4224.743652,4305.769043,4291.666504,4299.615234,4340.384766,4327.820313,4320.641113,4309.358887,4299.102539,4494.615234,4516.410156,4442.307617,4437.179688,2740.000000,4.000000,85.000000,,,,0.000000,4.000000,4.000000,4.000000,4.000000,4.000000,4.000000,4.000000,4.000000,4.000000,4.000000,4.000000,4.000000,4.000000,4.000000,100.000000,,,,,,,,,,,,,,,,,,,,,,,,,,,,,,,,,,,,,,,,,,,,,,,,,,,,,,,,,,,,,,,,,,,,,,,,,,,,,,,,,,,,,,
1676060275.919974,1676060275.920704,83.000000,0.000000,4313.589844,4231.025879,4308.333496,4287.051270,4300.641113,4332.436035,4325.769043,4316.025879,4309.230957,4293.717773,4494.230957,4516.538574,4443.077148,4438.077148,2934.000000,4.000000,85.000000,,,,0.000000,4.000000,4.000000,4.000000,4.000000,4.000000,4.000000,4.000000,4.000000,4.000000,4.000000,4.000000,4.000000,4.000000,4.000000,100.000000,,,,,,,,,,,,,,,,,,,,,,,,,,,,,,,,,,,,,,,,,,,,,,,,,,,,,,,,,,,,,,,,,,,,,,,,,,,,,,,,,,,,,,
1676060275.927783,1676060275.928512,84.000000,0.000000,4313.333496,4235.641113,4306.153809,4293.589844,4302.436035,4324.487305,4319.615234,4308.846191,4305.384766,4294.487305,4486.282227,4507.948730,4431.410156,4429.615234,3134.000000,4.000000,85.000000,,,,0.000000,4.000000,4.000000,4.000000,4.000000,4.000000,4.000000,4.000000,4.000000,4.000000,4.000000,4.000000,4.000000,4.000000,4.000000,100.000000,,,,,,,,,,,,,,,,,,,,,,,,,,,,,,,,,,,,,,,,,,,,,,,,,,,,,,,,,,,,,,,,,,,,,,,,,,,,,,,,,,,,,,
1676060275.935591,1676060275.936321,85.000000,0.000000,4320.384766,4260.897461,4313.974121,4314.102539,4316.153809,4330.128418,4322.948730,4312.307617,4307.692383,4298.717773,4479.102539,4512.436035,4415.897461,4431.666504,3236.000000,4.000000,85.000000,,,,0.000000,4.000000,4.000000,4.000000,4.000000,4.000000,4.000000,4.000000,4.000000,4.000000,4.000000,4.000000,4.000000,4.000000,4.000000,100.000000,,,,,,,,,,,,,,,,,,,,,,,,,,,,,,,,,,,,,,,,,,,,,,,,,,,,,,,,,,,,,,,,,,,,,,,,,,,,,,,,,,,,,,
1676060275.943399,1676060275.944029,86.000000,0.000000,4313.461426,4283.205078,4313.974121,4320.000000,4323.205078,4335.769043,4322.692383,4302.563965,4291.538574,4277.179688,4459.230957,4505.512695,4389.102539,4419.743652,2740.000000,4.000000,85.000000,,,,0.000000,4.000000,4.000000,4.000000,4.000000,4.000000,4.000000,4.000000,4.000000,4.000000,4.000000,4.000000,4.000000,4.000000,4.000000,100.000000,,,,,,,,,,,,,,,,,,,,,,,,,,,,,,,,,,,,,,,,,,,,,,,,,,,,,,,,,,,,,,,,,,,,,,,,,,,,,,,,,,,,,,
1676060275.951208,1676060275.951937,87.000000,0.000000,4308.461426,4300.128418,4311.410156,4322.051270,4325.769043,4333.846191,4323.205078,4298.333496,4281.410156,4263.077148,4444.871582,4493.461426,4370.128418,4402.692383,2934.000000,4.000000,85.000000,,,,0.000000,4.000000,4.000000,4.000000,4.000000,4.000000,4.000000,4.000000,4.000000,4.000000,4.000000,4.000000,4.000000,4.000000,4.000000,100.000000,,,,,,,,,,,,,,,,,,,,,,,,,,,,,,,,,,,,,,,,,,,,,,,,,,,,,,,,,,,,,,,,,,,,,,,,,,,,,,,,,,,,,,
1676060275.959016,1676060275.959746,88.000000,0.000000,4328.461426,4324.615234,4327.307617,4340.641113,4342.563965,4336.794922,4338.717773,4319.230957,4304.743652,4287.948730,4460.000000,4510.128418,4385.641113,4418.077148,3134.000000,4.000000,85.000000,,,,0.000000,4.000000,4.000000,4.000000,4.000000,4.000000,4.000000,4.000000,4.000000,4.000000,4.000000,4.000000,4.000000,4.000000,4.000000,100.000000,,,,,,,,,,,,,,,,,,,,,,,,,,,,,,,,,,,,,,,,,,,,,,,,,,,,,,,,,,,,,,,,,,,,,,,,,,,,,,,,,,,,,,
1676060275.966824,1676060275.967654,89.000000,0.000000,4327.436035,4320.769043,4325.512695,4338.717773,4342.307617,4329.615234,4334.743652,4317.051270,4305.641113,4293.205078,4461.153809,4510.384766,4383.077148,4422.692383,3236.000000,4.000000,85.000000,,,,0.000000,4.000000,4.000000,4.000000,4.000000,4.000000,4.000000,4.000000,4.000000,4.000000,4.000000,4.000000,4.000000,4.000000,4.000000,100.000000,,,,,,,,,,,,,,,,,,,,,,,,,,,,,,,,,,,,,,,,,,,,,,,,,,,,,,,,,,,,,,,,,,,,,,,,,,,,,,,,,,,,,,
1676060275.974633,1676060275.975463,90.000000,0.000000,4297.307617,4298.205078,4301.922852,4314.743652,4326.153809,4313.974121,4310.000000,4293.974121,4277.692383,4264.871582,4441.025879,4484.615234,4355.512695,4395.897461,2740.000000,4.000000,85.000000,,,,0.000000,4.000000,4.000000,4.000000,4.000000,4.000000,4.000000,4.000000,4.000000,4.000000,4.000000,4.000000,4.000000,4.000000,4.000000,100.000000,,,,,,,,,,,,,,,,,,,,,,,,,,,,,,,,,,,,,,,,,,,,,,,,,,,,,,,,,,,,,,,,,,,,,,,,,,,,,,,,,,,,,,
1676060275.982441,1676060275.983371,91.000000,0.000000,4292.179688,4306.538574,4304.358887,4316.922852,4333.589844,4316.794922,4315.384766,4301.538574,4280.384766,4268.077148,4452.179688,4486.153809,4361.922852,4392.563965,2934.000000,4.000000,85.000000,,,,0.000000,4.000000,4.000000,4.000000,4.000000,4.000000,4.000000,4.000000,4.000000,4.000000,4.000000,4.000000,4.000000,4.000000,4.000000,100.000000,,,,,,,,,,,,,,,,,,,,,,,,,,,,,,,,,,,,,,,,,,,,,,,,,,,,,,,,,,,,,,,,,,,,,,,,,,,,,,,,,,,,,,
1676060275.990250,1676060275.991180,92.000000,0.000000,4308.333496,4321.282227,4316.538574,4332.563965,4343.846191,4320.641113,4330.384766,4313.461426,4300.128418,4287.179688,4476.538574,4499.487305,4379.102539,4407.820313,3134.000000,4.000000,85.000000,,,,0.000000,4.000000,4.000000,4.000000,4.000000,4.000000,4.000000,4.000000,4.000000,4.000000,4.000000,4.000000,4.000000,4.000000,4.000000,100.000000,,,,,,,,,,,,,,,,,,,,,,,,,,,,,,,,,,,,,,,,,,,,,,,,,,,,,,,,,,,,,,,,,,,,,,,,,,,,,,,,,,,,,,
1676060275.998058,1676060275.999088,93.000000,0.000000,4311.153809,4316.153809,4315.384766,4332.051270,4338.589844,4312.179688,4319.102539,4303.461426,4298.974121,4275.897461,4483.974121,4497.307617,4374.615234,4408.461426,3236.000000,4.000000,85.000000,,,,0.000000,4.000000,4.000000,4.000000,4.000000,4.000000,4.000000,4.000000,4.000000,4.000000,4.000000,4.000000,4.000000,4.000000,4.000000,100.000000,,,,,,,,,,,,,,,,,,,,,,,,,,,,,,,,,,,,,,,,,,,,,,,,,,,,,,,,,,,,,,,,,,,,,,,,,,,,,,,,,,,,,,
1676060276.005866,1676060276.006896,94.000000,0.000000,4300.128418,4305.769043,4307.820313,4320.384766,4332.948730,4309.230957,4306.153809,4294.358887,4285.641113,4265.128418,4495.769043,4486.538574,4366.410156,4399.871582,2740.000000,4.000000,85.000000,,,,0.000000,4.000000,4.000000,4.000000,4.000000,4.000000,4.000000,4.000000,4.000000,4.000000,4.000000,4.000000,4.000000,4.000000,4.000000,100.000000,,,,,,,,,,,,,,,,,1.443118,2.576525,0.681286,1.544008,0.965668,2.991358,2.424579,0.484601,1.117711,0.920958,0.794434,2.962488,0.988553,1.599469,0.802976,1.884520,2.424753,0.587390,1.257834,0.845440,1.960559,1.058382,0.651126,0.546285,0.532872,0.541914,0.901641,1.059402,0.359419,0.458539,0.438487,0.931426,1.365726,1.019952,0.644364,2.518886,2.251921,1.781375,2.002742,0.973407,0.388018,0.953865,0.986889,1.912355,0.992969,0.382231,1.162288,1.407875,2.423920,1.258266,2.880551,3.290744,1.858181,2.750237,1.606824,1.998959,2.690418,2.035581,2.501558,1.330750,2.025660,2.407305,1.372073,2.255472,1.524374,1.459148,3.160342,1.251340,2.248161,1.432678
1676060276.013675,1676060276.014805,95.000000,0.000000,4291.410156,4300.512695,4297.436035,4310.000000,4330.897461,4311.410156,4308.461426,4289.487305,4277.436035,4272.692383,4511.538574,4472.820313,4358.974121,4389.615234,2934.000000,4.000000,85.000000,,,,0.000000,4.000000,4.000000,4.000000,4.000000,4.000000,4.000000,4.000000,4.000000,4.000000,4.000000,4.000000,4.000000,4.000000,4.000000,100.000000,,,,,,,,,,,,,,,,,,,,,,,,,,,,,,,,,,,,,,,,,,,,,,,,,,,,,,,,,,,,,,,,,,,,,,,,,,,,,,,,,,,,,,
1676060276.021483,1676060276.022613,96.000000,0.000000,4295.897461,4307.436035,4301.410156,4316.410156,4333.461426,4316.538574,4321.666504,4294.230957,4286.282227,4281.410156,4523.974121,4472.692383,4360.512695,4392.436035,3134.000000,4.000000,85.000000,,,,0.000000,4.000000,4.000000,4.000000,4.000000,4.000000,4.000000,4.000000,4.000000,4.000000,4.000000,4.000000,4.000000,4.000000,4.000000,100.000000,,,,,,,,,,,,,,,,,,,,,,,,,,,,,,,,,,,,,,,,,,,,,,,,,,,,,,,,,,,,,,,,,,,,,,,,,,,,,,,,,,,,,,
1676060276.029292,1676060276.030322,97.000000,0.000000,4297.820313,4311.666504,4311.410156,4324.102539,4335.769043,4319.230957,4324.230957,4301.538574,4297.436035,4285.512695,4530.000000,4479.743652,4368.717773,4402.051270,3236.000000,4.000000,85.000000,,,,0.000000,4.000000,4.000000,4.000000,4.000000,4.000000,4.000000,4.000000,4.000000,4.000000,4.000000,4.000000,4.000000,4.000000,4.000000,100.000000,,,,,,,,,,,,,,,,,,,,,,,,,,,,,,,,,,,,,,,,,,,,,,,,,,,,,,,,,,,,,,,,,,,,,,,,,,,,,,,,,,,,,,
1676060276.037100,1676060276.038130,98.000000,0.000000,4282.051270,4298.974121,4298.846191,4309.871582,4326.025879,4305.384766,4304.102539,4290.641113,4283.974121,4272.179688,4511.538574,4464.871582,4354.230957,4384.487305,2740.000000,4.000000,85.000000,,,,0.000000,4.000000,4.000000,4.000000,4.000000,4.000000,4.000000,4.000000,4.000000,4.000000,4.000000,4.000000,4.000000,4.000000,4.000000,100.000000,,,,,,,,,,,,,,,,,,,,,,,,,,,,,,,,,,,,,,,,,,,,,,,,,,,,,,,,,,,,,,,,,,,,,,,,,,,,,,,,,,,,,,
1676060276.044908,1676060276.045839,99.000000,0.000000,4273.974121,4293.846191,4287.820313,4296.538574,4320.769043,4293.717773,4294.358887,4278.333496,4270.000000,4255.769043,4489.615234,4450.512695,4336.410156,4363.974121,2934.000000,4.000000,85.000000,,,,0.000000,4.000000,4.000000,4.000000,4.000000,4.000000,4.000000,4.000000,4.000000,4.000000,4.000000,4.000000,4.000000,4.000000,4.000000,100.000000,,,,,,,,,,,,,,,,,,,,,,,,,,,,,,,,,,,,,,,,,,,,,,,,,,,,,,,,,,,,,,,,,,,,,,,,,,,,,,,,,,,,,,
1676060276.052717,1676060276.053647,100.000000,0.000000,4289.743652,4305.256348,4305.384766,4307.820313,4330.641113,4304.871582,4311.410156,4291.794922,4282.563965,4267.692383,4501.666504,4469.487305,4353.333496,4377.820313,3134.000000,4.000000,85.000000,,,,0.000000,4.000000,4.000000,4.000000,4.000000,4.000000,4.000000,4.000000,4.000000,4.000000,4.000000,4.000000,4.000000,4.000000,4.000000,100.000000,,,,,,,,,,,,,,,,,,,,,,,,,,,,,,,,,,,,,,,,,,,,,,,,,,,,,,,,,,,,,,,,,,,,,,,,,,,,,,,,,,,,,,
1676060276.060525,1676060276.061356,101.000000,0.000000,4305.000000,4312.436035,4325.897461,4324.871582,4341.153809,4314.871582,4326.794922,4307.948730,4296.666504,4281.538574,4523.333496,4498.717773,4378.205078,4404.871582,3236.000000,4.000000,85.000000,,,,0.000000,4.000000,4.000000,4.000000,4.000000,4.000000,4.000000,4.000000,4.000000,4.000000,4.000000,4.000000,4.000000,4.000000,4.000000,100.000000,,,,,,,,,,,,,,,,,,,,,,,,,,,,,,,,,,,,,,,,,,,,,,,,,,,,,,,,,,,,,,,,,,,,,,,,,,,,,,,,,,,,,,
1676060276.068334,1676060276.069164,102.000000,0.000000,4313.846191,4324.358887,4335.512695,4334.230957,4348.717773,4311.538574,4329.230957,4307.948730,4295.769043,4278.205078,4530.641113,4509.743652,4386.922852,4425.256348,2740.000000,4.000000,85.000000,,,,0.000000,4.000000,4.000000,4.000000,4.000000,4.000000,4.000000,4.000000,4.000000,4.000000,4.000000,4.000000,4.000000,4.000000,4.000000,100.000000,,,,,,,,,,,,,,,,,,,,,,,,,,,,,,,,,,,,,,,,,,,,,,,,,,,,,,,,,,,,,,,,,,,,,,,,,,,,,,,,,,,,,,
1676060276.076142,1676060276.076873,103.000000,0.000000,4313.333496,4329.230957,4335.769043,4331.794922,4345.769043,4303.717773,4320.000000,4295.000000,4285.000000,4279.230957,4521.025879,4496.794922,4380.128418,4439.743652,2934.000000,4.000000,85.000000,,,,0.000000,4.000000,4.000000,4.000000,4.000000,4.000000,4.000000,4.000000,4.000000,4.000000,4.000000,4.000000,4.000000,4.000000,4.000000,100.000000,,,,,,,,,,,,,,,,,,,,,,,,,,,,,,,,,,,,,,,,,,,,,,,,,,,,,,,,,,,,,,,,,,,,,,,,,,,,,,,,,,,,,,
1676060276.083950,1676060276.084681,104.000000,0.000000,4300.384766,4311.410156,4327.948730,4318.846191,4338.205078,4298.205078,4307.436035,4278.077148,4275.769043,4279.615234,4500.897461,4478.717773,4363.846191,4475.769043,3134.000000,4.000000,85.000000,,,,0.000000,4.000000,4.000000,4.000000,4.000000,4.000000,4.000000,4.000000,4.000000,4.000000,4.000000,4.000000,4.000000,4.000000,4.000000,100.000000,,,,,,,,,,,,,,,,,,,,,,,,,,,,,,,,,,,,,,,,,,,,,,,,,,,,,,,,,,,,,,,,,,,,,,,,,,,,,,,,,,,,,,
1676060276.091759,1676060276.092390,105.000000,0.000000,4302.179688,4310.897461,4334.358887,4320.384766,4346.282227,4307.436035,4315.000000,4288.974121,4287.051270,4282.820313,4505.256348,4488.974121,4366.922852,4549.743652,3236.000000,4.000000,85.000000,,,,0.000000,4.000000,4.000000,4.000000,4.000000,4.000000,4.000000,4.000000,4.000000,4.000000,4.000000,4.000000,4.000000,4.000000,4.000000,100.000000,,,,,,,,,,,,,,,,,,,,,,,,,,,,,,,,,,,,,,,,,,,,,,,,,,,,,,,,,,,,,,,,,,,,,,,,,,,,,,,,,,,,,,
1676060276.099567,1676060276.100198,106.000000,0.000000,4318.846191,4330.384766,4345.256348,4330.384766,4356.153809,4316.025879,4327.948730,4318.333496,4308.846191,4300.000000,4532.436035,4512.436035,4390.384766,4605.256348,2740.000000,4.000000,85.000000,,,,0.000000,4.000000,4.000000,4.000000,4.000000,4.000000,4.000000,4.000000,4.000000,4.000000,4.000000,4.000000,4.000000,4.000000,4.000000,100.000000,,,,,,,,,,,,,,,,,,,,,,,,,,,,,,,,,,,,,,,,,,,,,,,,,,,,,,,,,,,,,,,,,,,,,,,,,,,,,,,,,,,,,,
1676060276.107376,1676060276.107907,107.000000,0.000000,4302.563965,4315.897461,4322.820313,4311.538574,4342.179688,4301.282227,4316.666504,4313.846191,4306.153809,4291.410156,4517.820313,4492.436035,4382.820313,4570.512695,2934.000000,4.000000,85.000000,,,,0.000000,4.000000,4.000000,4.000000,4.000000,4.000000,4.000000,4.000000,4.000000,4.000000,4.000000,4.000000,4.000000,4.000000,4.000000,100.000000,,,,,,,,,,,,,,,,,,,,,,,,,,,,,,,,,,,,,,,,,,,,,,,,,,,,,,,,,,,,,,,,,,,,,,,,,,,,,,,,,,,,,,
1676060276.115184,1676060276.115715,108.000000,0.000000,4260.641113,4278.205078,4289.102539,4281.025879,4328.333496,4291.025879,4303.077148,4288.717773,4284.358887,4254.871582,4465.000000,4443.205078,4338.461426,4487.051270,3134.000000,4.000000,85.000000,,,,0.000000,4.000000,4.000000,4.000000,4.000000,4.000000,4.000000,4.000000,4.000000,4.000000,4.000000,4.000000,4.000000,4.000000,4.000000,100.000000,,,,,,,,,,,,,,,,,,,,,,,,,,,,,,,,,,,,,,,,,,,,,,,,,,,,,,,,,,,,,,,,,,,,,,,,,,,,,,,,,,,,,,
1676060276.122992,1676060276.123424,109.000000,0.000000,4261.153809,4277.692383,4293.077148,4285.384766,4333.846191,4301.922852,4311.538574,4294.871582,4286.794922,4260.384766,4460.769043,4441.025879,4332.307617,4467.179688,3236.000000,4.000000,85.000000,,,,0.000000,4.000000,4.000000,4.000000,4.000000,4.000000,4.000000,4.000000,4.000000,4.000000,4.000000,4.000000,4.000000,4.000000,4.000000,100.000000,,,,,,,,,,,,,,,,,,,,,,,,,,,,,,,,,,,,,,,,,,,,,,,,,,,,,,,,,,,,,,,,,,,,,,,,,,,,,,,,,,,,,,
1676060276.130801,1676060276.131232,110.000000,0.000000,4298.846191,4295.641113,4316.666504,4306.922852,4336.282227,4305.512695,4323.589844,4317.563965,4306.922852,4298.717773,4507.820313,4482.436035,4383.077148,4507.692383,2740.000000,4.000000,85.000000,,,,0.000000,4.000000,4.000000,4.000000,4.000000,4.000000,4.000000,4.000000,4.000000,4.000000,4.000000,4.000000,4.000000,4.000000,4.000000,100.000000,,,,,,,,,,,,,,,,,1.559612,2.992500,0.713702,1.900305,0.931430,3.842953,3.415536,0.589699,1.370055,0.840298,0.833588,3.228836,0.898883,1.861464,0.806793,2.824394,2.960557,0.629379,1.534687,0.840354,2.954671,1.120983,0.634879,0.672929,0.525730,0.835699,0.971613,1.001526,0.461552,0.420047,0.515726,0.916393,1.123317,1.206955,0.635471,2.554506,2.106789,1.701506,2.445227,0.981215,0.413993,0.962659,0.929419,2.249749,0.986898,0.423651,1.237679,1.282720,2.886083,1.333300,2.394392,2.941668,1.910240,3.438090,1.595007,2.118759,2.663587,1.916110,3.221582,1.327098,2.405425,2.276457,1.617734,2.848167,1.494075,1.716188,3.192038,1.346972,2.853998,1.411270
1676060276.138609,1676060276.138941,111.000000,0.000000,4292.307617,4267.179688,4305.641113,4286.282227,4320.384766,4287.563965,4308.205078,4302.948730,4295.897461,4292.179688,4516.025879,4479.615234,4403.589844,4506.922852,2934.000000,4.000000,85.000000,,,,0.000000,4.000000,4.000000,4.000000,4.000000,4.000000,4.000000,4.000000,4.000000,4.000000,4.000000,4.000000,4.000000,4.000000,4.000000,100.000000,,,,,,,,,,,,,,,,,,,,,,,,,,,,,,,,,,,,,,,,,,,,,,,,,,,,,,,,,,,,,,,,,,,,,,,,,,,,,,,,,,,,,,
1676060276.146417,1676060276.146849,112.000000,0.000000,4244.487305,4212.051270,4268.205078,4241.538574,4301.538574,4267.307617,4277.051270,4263.205078,4259.615234,4252.307617,4476.922852,4431.410156,4375.384766,4451.538574,3134.000000,4.000000,85.000000,,,,0.000000,4.000000,4.000000,4.000000,4.000000,4.000000,4.000000,4.000000,4.000000,4.000000,4.000000,4.000000,4.000000,4.000000,4.000000,100.000000,,,,,,,,,,,,,,,,,,,,,,,,,,,,,,,,,,,,,,,,,,,,,,,,,,,,,,,,,,,,,,,,,,,,,,,,,,,,,,,,,,,,,,
1676060276.154226,1676060276.154657,113.000000,0.000000,4244.743652,4210.897461,4274.230957,4246.794922,4310.769043,4275.512695,4282.692383,4256.794922,4258.461426,4253.333496,4478.461426,4433.461426,4381.282227,4443.461426,3236.000000,4.000000,85.000000,,,,0.000000,4.000000,4.000000,4.000000,4.000000,4.000000,4.000000,4.000000,4.000000,4.000000,4.000000,4.000000,4.000000,4.000000,4.000000,100.000000,,,,,,,,,,,,,,,,,,,,,,,,,,,,,,,,,,,,,,,,,,,,,,,,,,,,,,,,,,,,,,,,,,,,,,,,,,,,,,,,,,,,,,
1676060276.162034,1676060276.162566,114.000000,0.000000,4302.948730,4262.948730,4329.871582,4296.538574,4344.358887,4306.282227,4323.077148,4298.974121,4303.717773,4300.128418,4545.512695,4498.077148,4431.410156,4503.461426,2740.000000,4.000000,85.000000,,,,0.000000,4.000000,4.000000,4.000000,4.000000,4.000000,4.000000,4.000000,4.000000,4.000000,4.000000,4.000000,4.000000,4.000000,4.000000,100.000000,,,,,,,,,,,,,,,,,,,,,,,,,,,,,,,,,,,,,,,,,,,,,,,,,,,,,,,,,,,,,,,,,,,,,,,,,,,,,,,,,,,,,,
1676060276.169843,1676060276.170374,115.000000,0.000000,4322.820313,4279.102539,4345.128418,4310.769043,4350.641113,4307.307617,4327.436035,4318.974121,4318.717773,4312.563965,4580.897461,4519.230957,4441.282227,4516.025879,2934.000000,4.000000,85.000000,,,,0.000000,4.000000,4.000000,4.000000,4.000000,4.000000,4.000000,4.000000,4.000000,4.000000,4.000000,4.000000,4.000000,4.000000,4.000000,100.000000,,,,,,,,,,,,,,,,,,,,,,,,,,,,,,,,,,,,,,,,,,,,,,,,,,,,,,,,,,,,,,,,,,,,,,,,,,,,,,,,,,,,,,
1676060276.177651,1676060276.178283,116.000000,0.000000,4294.743652,4258.461426,4315.512695,4288.333496,4329.871582,4280.512695,4301.153809,4289.358887,4290.000000,4280.128418,4558.589844,4480.769043,4413.717773,4475.000000,3134.000000,4.000000,85.000000,,,,0.000000,4.000000,4.000000,4.000000,4.000000,4.000000,4.000000,4.000000,4.000000,4.000000,4.000000,4.000000,4.000000,4.000000,4.000000,100.000000,,,,,,,,,,,,,,,,,,,,,,,,,,,,,,,,,,,,,,,,,,,,,,,,,,,,,,,,,,,,,,,,,,,,,,,,,,,,,,,,,,,,,,
1676060276.185459,1676060276.186091,117.000000,0.000000,4295.641113,4265.897461,4319.358887,4290.256348,4332.307617,4286.666504,4304.615234,4280.769043,4286.666504,4280.128418,4556.666504,4477.179688,4415.256348,4474.743652,3236.000000,4.000000,85.000000,,,,0.000000,4.000000,4.000000,4.000000,4.000000,4.000000,4.000000,4.000000,4.000000,4.000000,4.000000,4.000000,4.000000,4.000000,4.000000,100.000000,,,,,,,,,,,,,,,,,,,,,,,,,,,,,,,,,,,,,,,,,,,,,,,,,,,,,,,,,,,,,,,,,,,,,,,,,,,,,,,,,,,,,,
1676060276.193268,1676060276.193999,118.000000,0.000000,4318.333496,4287.948730,4341.153809,4310.128418,4347.051270,4307.563965,4324.743652,4309.615234,4307.820313,4307.179688,4580.384766,4509.102539,4433.461426,4505.000000,2740.000000,4.000000,85.000000,,,,0.000000,4.000000,4.000000,4.000000,4.000000,4.000000,4.000000,4.000000,4.000000,4.000000,4.000000,4.000000,4.000000,4.000000,4.000000,100.000000,,,,,,,,,,,,,,,,,,,,,,,,,,,,,,,,,,,,,,,,,,,,,,,,,,,,,,,,,,,,,,,,,,,,,,,,,,,,,,,,,,,,,,
1676060276.201076,1676060276.201808,119.000000,0.000000,4317.436035,4284.230957,4334.615234,4306.794922,4339.871582,4300.128418,4325.256348,4317.948730,4302.692383,4297.307617,4577.948730,4505.000000,4431.794922,4495.384766,2934.000000,4.000000,85.000000,,,,0.000000,4.000000,4.000000,4.000000,4.000000,4.000000,4.000000,4.000000,4.000000,4.000000,4.000000,4.000000,4.000000,4.000000,4.000000,100.000000,,,,,,,,,,,,,,,,,,,,,,,,,,,,,,,,,,,,,,,,,,,,,,,,,,,,,,,,,,,,,,,,,,,,,,,,,,,,,,,,,,,,,,
1676060276.208884,1676060276.209716,120.000000,0.000000,4307.179688,4273.974121,4328.846191,4297.307617,4329.487305,4292.820313,4320.000000,4308.333496,4291.794922,4283.333496,4562.820313,4488.974121,4424.743652,4471.282227,3134.000000,4.000000,85.000000,,,,0.000000,4.000000,4.000000,4.000000,4.000000,4.000000,4.000000,4.000000,4.000000,4.000000,4.000000,4.000000,4.000000,4.000000,4.000000,100.000000,,,,,,,,,,,,,,,,,,,,,,,,,,,,,,,,,,,,,,,,,,,,,,,,,,,,,,,,,,,,,,,,,,,,,,,,,,,,,,,,,,,,,,
1676060276.216693,1676060276.217525,121.000000,0.000000,4301.153809,4277.179688,4333.205078,4299.230957,4325.512695,4295.769043,4319.487305,4312.436035,4303.077148,4300.769043,4565.256348,4495.641113,4423.077148,4474.743652,3236.000000,4.000000,85.000000,,,,0.000000,4.000000,4.000000,4.000000,4.000000,4.000000,4.000000,4.000000,4.000000,4.000000,4.000000,4.000000,4.000000,4.000000,4.000000,100.000000,,,,,,,,,,,,,,,,,,,,,,,,,,,,,,,,,,,,,,,,,,,,,,,,,,,,,,,,,,,,,,,,,,,,,,,,,,,,,,,,,,,,,,
1676060276.224501,1676060276.225233,122.000000,0.000000,4280.897461,4263.205078,4311.922852,4286.025879,4309.230957,4281.666504,4303.589844,4303.717773,4293.333496,4291.153809,4550.256348,4475.769043,4400.128418,4458.333496,2740.000000,4.000000,85.000000,,,,0.000000,4.000000,4.000000,4.000000,4.000000,4.000000,4.000000,4.000000,4.000000,4.000000,4.000000,4.000000,4.000000,4.000000,4.000000,100.000000,,,,,,,,,,,,,,,,,,,,,,,,,,,,,,,,,,,,,,,,,,,,,,,,,,,,,,,,,,,,,,,,,,,,,,,,,,,,,,,,,,,,,,
1676060276.232309,1676060276.233042,123.000000,0.000000,4271.922852,4244.871582,4296.025879,4271.153809,4303.974121,4274.871582,4297.563965,4288.205078,4276.153809,4265.000000,4531.025879,4451.153809,4380.000000,4430.512695,2934.000000,4.000000,85.000000,,,,0.000000,4.000000,4.000000,4.000000,4.000000,4.000000,4.000000,4.000000,4.000000,4.000000,4.000000,4.000000,4.000000,4.000000,4.000000,100.000000,,,,,,,,,,,,,,,,,,,,,,,,,,,,,,,,,,,,,,,,,,,,,,,,,,,,,,,,,,,,,,,,,,,,,,,,,,,,,,,,,,,,,,
1676060276.240118,1676060276.240750,124.000000,0.000000,4293.077148,4260.384766,4317.436035,4288.461426,4321.025879,4294.102539,4322.436035,4305.769043,4297.692383,4282.820313,4552.307617,4478.205078,4402.179688,4445.512695,3134.000000,4.000000,85.000000,,,,0.000000,4.000000,4.000000,4.000000,4.000000,4.000000,4.000000,4.000000,4.000000,4.000000,4.000000,4.000000,4.000000,4.000000,4.000000,100.000000,,,,,,,,,,,,,,,,,,,,,,,,,,,,,,,,,,,,,,,,,,,,,,,,,,,,,,,,,,,,,,,,,,,,,,,,,,,,,,,,,,,,,,
1676060276.247926,1676060276.248559,125.000000,0.000000,4293.846191,4271.794922,4324.230957,4297.179688,4319.615234,4298.589844,4327.692383,4317.307617,4313.717773,4292.692383,4557.948730,4494.102539,4411.794922,4459.230957,3236.000000,4.000000,85.000000,,,,0.000000,4.000000,4.000000,4.000000,4.000000,4.000000,4.000000,4.000000,4.000000,4.000000,4.000000,4.000000,4.000000,4.000000,4.000000,100.000000,,,,,,,,,,,,,,,,,,,,,,,,,,,,,,,,,,,,,,,,,,,,,,,,,,,,,,,,,,,,,,,,,,,,,,,,,,,,,,,,,,,,,,
1676060276.255735,1676060276.256267,126.000000,0.000000,4275.769043,4258.846191,4307.563965,4279.871582,4305.256348,4290.128418,4311.922852,4301.153809,4296.410156,4268.461426,4528.717773,4473.205078,4388.717773,4440.128418,2740.000000,4.000000,85.000000,,,,0.000000,4.000000,4.000000,4.000000,4.000000,4.000000,4.000000,4.000000,4.000000,4.000000,4.000000,4.000000,4.000000,4.000000,4.000000,100.000000,,,,,,,,,,,,,,,,,1.949404,3.365788,0.935830,2.193462,0.919428,5.451634,4.448467,0.856288,1.613458,0.787783,0.993328,3.383098,1.050877,2.073613,0.850542,4.140078,3.355702,0.799563,1.794172,0.860206,4.168915,1.087925,0.690351,0.785585,0.527334,1.529141,1.196142,1.167169,0.620508,0.393088,0.579988,0.865545,1.102695,1.397321,0.660496,3.087751,1.959444,1.775811,2.825327,1.002818,0.450813,0.946303,0.926832,2.484063,1.007870,0.472126,1.246174,1.304187,3.253094,1.384525,2.914660,2.634402,2.255695,3.993464,1.624512,2.477596,2.522846,2.143997,3.826444,1.371450,3.544018,2.139997,2.101433,3.309593,1.497529,2.433909,3.103661,1.759813,3.372352,1.438814
1676060276.263543,1676060276.264076,127.000000,0.000000,4279.871582,4254.230957,4307.307617,4278.461426,4305.641113,4293.717773,4311.282227,4288.846191,4278.717773,4264.358887,4518.589844,4464.102539,4380.384766,4431.025879,85.000000,4.000000,85.000000,,,,0.000000,4.000000,4.000000,4.000000,4.000000,4.000000,4.000000,4.000000,4.000000,4.000000,4.000000,4.000000,4.000000,4.000000,4.000000,100.000000,,,,,,,,,,,,,,,,,,,,,,,,,,,,,,,,,,,,,,,,,,,,,,,,,,,,,,,,,,,,,,,,,,,,,,,,,,,,,,,,,,,,,,
1676060276.271351,1676060276.271784,0.000000,0.000000,4297.563965,4269.871582,4327.051270,4296.410156,4315.128418,4297.051270,4323.589844,4295.512695,4285.769043,4280.769043,4537.179688,4480.897461,4397.948730,4444.102539,2488.000000,4.000000,85.000000,,,,0.000000,4.000000,4.000000,4.000000,4.000000,4.000000,4.000000,4.000000,4.000000,4.000000,4.000000,4.000000,4.000000,4.000000,4.000000,100.000000,,,,,,,,,,,,,,,,,,,,,,,,,,,,,,,,,,,,,,,,,,,,,,,,,,,,,,,,,,,,,,,,,,,,,,,,,,,,,,,,,,,,,,
1676060276.279160,1676060276.279593,1.000000,0.000000,4307.692383,4284.871582,4342.820313,4306.153809,4318.717773,4293.717773,4325.512695,4305.384766,4300.897461,4287.436035,4548.846191,4498.589844,4414.743652,4453.717773,2448.000000,4.000000,85.000000,,,,0.000000,4.000000,4.000000,4.000000,4.000000,4.000000,4.000000,4.000000,4.000000,4.000000,4.000000,4.000000,4.000000,4.000000,4.000000,100.000000,,,,,,,,,,,,,,,,,,,,,,,,,,,,,,,,,,,,,,,,,,,,,,,,,,,,,,,,,,,,,,,,,,,,,,,,,,,,,,,,,,,,,,
1676060276.286968,1676060276.287301,2.000000,0.000000,4317.692383,4292.436035,4352.563965,4312.307617,4319.871582,4293.974121,4318.717773,4308.461426,4309.871582,4300.000000,4554.871582,4510.384766,4422.179688,4467.948730,2371.000000,4.000000,85.000000,,,,0.000000,4.000000,4.000000,4.000000,4.000000,4.000000,4.000000,4.000000,4.000000,4.000000,4.000000,4.000000,4.000000,4.000000,4.000000,100.000000,,,,,,,,,,,,,,,,,,,,,,,,,,,,,,,,,,,,,,,,,,,,,,,,,,,,,,,,,,,,,,,,,,,,,,,,,,,,,,,,,,,,,,
1676060276.294777,1676060276.295110,3.000000,0.000000,4323.333496,4294.358887,4357.692383,4313.974121,4317.563965,4289.102539,4314.102539,4307.820313,4311.666504,4310.128418,4562.563965,4515.769043,4423.333496,4478.974121,2431.000000,4.000000,85.000000,,,,0.000000,4.000000,4.000000,4.000000,4.000000,4.000000,4.000000,4.000000,4.000000,4.000000,4.000000,4.000000,4.000000,4.000000,4.000000,100.000000,,,,,,,,,,,,,,,,,,,,,,,,,,,,,,,,,,,,,,,,,,,,,,,,,,,,,,,,,,,,,,,,,,,,,,,,,,,,,,,,,,,,,,
1676060276.302585,1676060276.302818,4.000000,0.000000,4305.897461,4285.384766,4346.410156,4300.512695,4304.743652,4278.333496,4310.769043,4303.077148,4307.820313,4291.538574,4549.487305,4505.000000,4411.666504,4457.436035,2421.000000,4.000000,85.000000,,,,0.000000,4.000000,4.000000,4.000000,4.000000,4.000000,4.000000,4.000000,4.000000,4.000000,4.000000,4.000000,4.000000,4.000000,4.000000,100.000000,,,,,,,,,,,,,,,,,,,,,,,,,,,,,,,,,,,,,,,,,,,,,,,,,,,,,,,,,,,,,,,,,,,,,,,,,,,,,,,,,,,,,,
1676060276.310393,1676060276.310627,5.000000,0.000000,4284.487305,4266.922852,4326.025879,4283.589844,4295.256348,4278.589844,4304.230957,4296.153809,4299.358887,4275.512695,4520.769043,4479.230957,4391.794922,4424.102539,2368.000000,4.000000,85.000000,,,,0.000000,4.000000,4.000000,4.000000,4.000000,4.000000,4.000000,4.000000,4.000000,4.000000,4.000000,4.000000,4.000000,4.000000,4.000000,100.000000,,,,,,,,,,,,,,,,,,,,,,,,,,,,,,,,,,,,,,,,,,,,,,,,,,,,,,,,,,,,,,,,,,,,,,,,,,,,,,,,,,,,,,
1676060276.318202,1676060276.318335,6.000000,0.000000,4273.205078,4246.410156,4307.948730,4274.487305,4291.025879,4281.922852,4295.000000,4287.820313,4282.307617,4274.615234,4499.102539,4455.512695,4371.666504,4409.487305,2197.000000,4.000000,85.000000,,,,0.000000,4.000000,4.000000,4.000000,4.000000,4.000000,4.000000,4.000000,4.000000,4.000000,4.000000,4.000000,4.000000,4.000000,4.000000,100.000000,,,,,,,,,,,,,,,,,,,,,,,,,,,,,,,,,,,,,,,,,,,,,,,,,,,,,,,,,,,,,,,,,,,,,,,,,,,,,,,,,,,,,,
1676060276.326010,1676060276.326243,7.000000,0.000000,4279.230957,4259.102539,4308.077148,4284.615234,4296.153809,4284.487305,4304.487305,4296.153809,4283.846191,4276.794922,4501.282227,4463.974121,4371.666504,4420.512695,2199.000000,4.000000,85.000000,,,,0.000000,4.000000,4.000000,4.000000,4.000000,4.000000,4.000000,4.000000,4.000000,4.000000,4.000000,4.000000,4.000000,4.000000,4.000000,100.000000,,,,,,,,,,,,,,,,,,,,,,,,,,,,,,,,,,,,,,,,,,,,,,,,,,,,,,,,,,,,,,,,,,,,,,,,,,,,,,,,,,,,,,
1676060276.333819,1676060276.334052,8.000000,0.000000,4290.512695,4280.128418,4317.307617,4298.205078,4301.794922,4290.897461,4319.487305,4312.307617,4302.307617,4282.436035,4510.000000,4478.846191,4382.179688,4427.051270,2249.000000,4.000000,85.000000,,,,0.000000,4.000000,4.000000,4.000000,4.000000,4.000000,4.000000,4.000000,4.000000,4.000000,4.000000,4.000000,4.000000,4.000000,4.000000,100.000000,,,,,,,,,,,,,,,,,,,,,,,,,,,,,,,,,,,,,,,,,,,,,,,,,,,,,,,,,,,,,,,,,,,,,,,,,,,,,,,,,,,,,,
1676060276.341627,1676060276.341960,9.000000,0.000000,4285.384766,4270.641113,4314.230957,4290.641113,4297.436035,4292.051270,4315.256348,4310.897461,4302.307617,4283.717773,4506.153809,4469.871582,4381.794922,4417.436035,2222.000000,4.000000,85.000000,,,,0.000000,4.000000,4.000000,4.000000,4.000000,4.000000,4.000000,4.000000,4.000000,4.000000,4.000000,4.000000,4.000000,4.000000,4.000000,100.000000,,,,,,,,,,,,,,,,,,,,,,,,,,,,,,,,,,,,,,,,,,,,,,,,,,,,,,,,,,,,,,,,,,,,,,,,,,,,,,,,,,,,,,
1676060276.349435,1676060276.349769,10.000000,0.000000,4284.230957,4263.461426,4312.051270,4285.769043,4296.025879,4288.974121,4309.871582,4309.358887,4293.974121,4280.384766,4507.179688,4469.743652,4385.641113,4421.922852,2688.000000,4.000000,85.000000,,,,0.000000,4.000000,4.000000,4.000000,4.000000,4.000000,4.000000,4.000000,4.000000,4.000000,4.000000,4.000000,4.000000,4.000000,4.000000,100.000000,,,,,,,,,,,,,,,,,,,,,,,,,,,,,,,,,,,,,,,,,,,,,,,,,,,,,,,,,,,,,,,,,,,,,,,,,,,,,,,,,,,,,,
1676060276.357244,1676060276.357677,11.000000,0.000000,4295.384766,4270.512695,4318.846191,4292.563965,4298.461426,4288.333496,4311.538574,4311.153809,4295.641113,4278.333496,4507.820313,4479.102539,4387.436035,4430.512695,2882.000000,4.000000,85.000000,,,,0.000000,4.000000,4.000000,4.000000,4.000000,4.000000,4.000000,4.000000,4.000000,4.000000,4.000000,4.000000,4.000000,4.000000,4.000000,100.000000,,,,,,,,,,,,,,,,,,,,,,,,,,,,,,,,,,,,,,,,,,,,,,,,,,,,,,,,,,,,,,,,,,,,,,,,,,,,,,,,,,,,,,
1676060276.365052,1676060276.365485,12.000000,0.000000,4301.410156,4276.025879,4323.846191,4295.000000,4298.846191,4290.256348,4313.333496,4306.922852,4293.974121,4278.974121,4509.230957,4477.692383,4387.307617,4428.461426,3086.000000,4.000000,85.000000,,,,0.000000,4.000000,4.000000,4.000000,4.000000,4.000000,4.000000,4.000000,4.000000,4.000000,4.000000,4.000000,4.000000,4.000000,4.000000,100.000000,,,,,,,,,,,,,,,,,,,,,,,,,,,,,,,,,,,,,,,,,,,,,,,,,,,,,,,,,,,,,,,,,,,,,,,,,,,,,,,,,,,,,,
1676060276.372861,1676060276.373394,13.000000,0.000000,4297.179688,4277.307617,4323.974121,4290.000000,4296.410156,4293.461426,4312.436035,4303.205078,4289.487305,4277.051270,4519.358887,4477.436035,4393.974121,4434.743652,3204.000000,4.000000,85.000000,,,,0.000000,4.000000,4.000000,4.000000,4.000000,4.000000,4.000000,4.000000,4.000000,4.000000,4.000000,4.000000,4.000000,4.000000,4.000000,100.000000,,,,,,,,,,,,,,,,,,,,,,,,,,,,,,,,,,,,,,,,,,,,,,,,,,,,,,,,,,,,,,,,,,,,,,,,,,,,,,,,,,,,,,
1676060276.380669,1676060276.381202,14.000000,0.000000,4305.897461,4280.512695,4330.641113,4294.743652,4298.461426,4295.897461,4311.794922,4307.051270,4300.641113,4279.102539,4528.205078,4489.102539,4405.000000,4449.743652,2688.000000,4.000000,85.000000,,,,0.000000,4.000000,4.000000,4.000000,4.000000,4.000000,4.000000,4.000000,4.000000,4.000000,4.000000,4.000000,4.000000,4.000000,4.000000,100.000000,1.000000,41.666668,4.000000,4.000000,3.000000,4.000000,4.000000,4.000000,4.000000,4.000000,4.000000,3.000000,3.000000,1.000000,3.000000,1.000000,2.509038,3.629090,1.308158,2.340456,0.958869,7.939278,5.408143,1.266846,1.794582,0.796126,1.299004,3.450995,1.386558,2.164068,0.952605,5.617955,3.560365,1.080914,1.972355,0.922560,5.267175,0.999149,0.814840,0.852868,0.544707,2.712384,1.655550,1.560801,0.827733,0.392956,0.612643,0.798338,1.266300,1.516008,0.736642,3.816564,1.821935,1.931874,3.003509,1.061527,0.496607,0.904078,0.946431,2.524371,1.078738,0.550741,1.193742,1.416266,3.400265,1.424425,4.575938,2.519368,2.813295,4.250257,1.740089,3.067885,2.395472,2.584274,4.119164,1.489627,5.718283,2.144881,2.708969,3.500975,1.570918,4.094988,3.338149,2.548699,3.688242,1.556715
1676060276.388477,1676060276.389111,15.000000,0.000000,4315.128418,4279.358887,4336.666504,4298.205078,4298.589844,4291.410156,4310.769043,4305.000000,4304.743652,4286.410156,4528.205078,4494.102539,4412.179688,4448.333496,2882.000000,4.000000,85.000000,,,,0.000000,4.000000,4.000000,4.000000,4.000000,4.000000,4.000000,4.000000,4.000000,4.000000,4.000000,4.000000,4.000000,4.000000,4.000000,100.000000,,,,,,,,,,,,,,,,,,,,,,,,,,,,,,,,,,,,,,,,,,,,,,,,,,,,,,,,,,,,,,,,,,,,,,,,,,,,,,,,,,,,,,
1676060276.396286,1676060276.396919,16.000000,0.000000,4301.410156,4274.358887,4330.512695,4287.307617,4294.358887,4289.230957,4308.717773,4296.666504,4295.769043,4294.615234,4527.563965,4490.641113,4413.974121,4441.025879,0.000000,4.000000,85.000000,,,,0.000000,4.000000,4.000000,4.000000,4.000000,4.000000,4.000000,4.000000,4.000000,4.000000,4.000000,4.000000,4.000000,4.000000,4.000000,100.000000,,,,,,,,,,,,,,,,,,,,,,,,,,,,,,,,,,,,,,,,,,,,,,,,,,,,,,,,,,,,,,,,,,,,,,,,,,,,,,,,,,,,,,
1676060276.404094,1676060276.404827,17.000000,0.000000,4293.717773,4277.948730,4323.717773,4284.871582,4291.922852,4289.871582,4309.230957,4298.077148,4299.743652,4297.179688,4524.230957,4487.820313,4411.666504,4441.666504,0.000000,4.000000,85.000000,,,,0.000000,4.000000,4.000000,4.000000,4.000000,4.000000,4.000000,4.000000,4.000000,4.000000,4.000000,4.000000,4.000000,4.000000,4.000000,100.000000,,,,,,,,,,,,,,,,,,,,,,,,,,,,,,,,,,,,,,,,,,,,,,,,,,,,,,,,,,,,,,,,,,,,,,,,,,,,,,,,,,,,,,
1676060276.411902,1676060276.412636,18.000000,0.000000,4302.436035,4299.487305,4324.743652,4303.589844,4293.333496,4285.384766,4309.487305,4303.077148,4305.128418,4290.256348,4510.769043,4481.282227,4400.000000,4439.230957,0.000000,4.000000,85.000000,,,,0.000000,4.000000,4.000000,4.000000,4.000000,4.000000,4.000000,4.000000,4.000000,4.000000,4.000000,4.000000,4.000000,4.000000,4.000000,100.000000,,,,,,,,,,,,,,,,,,,,,,,,,,,,,,,,,,,,,,,,,,,,,,,,,,,,,,,,,,,,,,,,,,,,,,,,,,,,,,,,,,,,,,
1676060276.419711,1676060276.420344,19.000000,0.000000,4301.153809,4331.153809,4329.230957,4323.974121,4296.282227,4284.743652,4309.615234,4305.384766,4294.102539,4282.563965,4490.384766,4471.538574,4375.128418,4426.153809,0.000000,4.000000,85.000000,,,,0.000000,4.000000,4.000000,4.000000,4.000000,4.000000,4.000000,4.000000,4.000000,4.000000,4.000000,4.000000,4.000000,4.000000,4.000000,100.000000,,,,,,,,,,,,,,,,,,,,,,,,,,,,,,,,,,,,,,,,,,,,,,,,,,,,,,,,,,,,,,,,,,,,,,,,,,,,,,,,,,,,,,
1676060276.427519,1676060276.428153,20.000000,0.000000,4274.487305,4342.820313,4314.615234,4322.563965,4287.051270,4285.384766,4302.307617,4294.102539,4274.230957,4262.436035,4453.589844,4445.384766,4329.743652,4390.000000,0.000000,4.000000,85.000000,,,,0.000000,4.000000,4.000000,4.000000,4.000000,4.000000,4.000000,4.000000,4.000000,4.000000,4.000000,4.000000,4.000000,4.000000,4.000000,100.000000,,,,,,,,,,,,,,,,,,,,,,,,,,,,,,,,,,,,,,,,,,,,,,,,,,,,,,,,,,,,,,,,,,,,,,,,,,,,,,,,,,,,,,
1676060276.435328,1676060276.435861,21.000000,0.000000,4257.179688,4355.256348,4293.717773,4322.820313,4275.000000,4281.410156,4290.512695,4269.487305,4257.051270,4229.871582,4413.205078,4414.487305,4280.000000,4351.025879,0.000000,4.000000,85.000000,,,,0.000000,4.000000,4.000000,4.000000,4.000000,4.000000,4.000000,4.000000,4.000000,4.000000,4.000000,4.000000,4.000000,4.000000,4.000000,100.000000,,,,,,,,,,,,,,,,,,,,,,,,,,,,,,,,,,,,,,,,,,,,,,,,,,,,,,,,,,,,,,,,,,,,,,,,,,,,,,,,,,,,,,
1676060276.443136,1676060276.443670,22.000000,0.000000,4272.051270,4395.128418,4307.563965,4351.282227,4285.000000,4285.512695,4297.948730,4268.461426,4260.000000,4229.358887,4416.153809,4425.512695,4265.897461,4353.846191,0.000000,4.000000,85.000000,,,,0.000000,4.000000,4.000000,4.000000,4.000000,4.000000,4.000000,4.000000,4.000000,4.000000,4.000000,4.000000,4.000000,4.000000,4.000000,100.000000,,,,,,,,,,,,,,,,,,,,,,,,,,,,,,,,,,,,,,,,,,,,,,,,,,,,,,,,,,,,,,,,,,,,,,,,,,,,,,,,,,,,,,
1676060276.450944,1676060276.451378,23.000000,0.000000,4286.282227,4423.333496,4335.769043,4379.615234,4301.025879,4295.000000,4314.487305,4291.922852,4279.102539,4262.051270,4446.153809,4463.077148,4285.128418,4381.666504,0.000000,4.000000,85.000000,,,,0.000000,4.000000,4.000000,4.000000,4.000000,4.000000,4.000000,4.000000,4.000000,4.000000,4.000000,4.000000,4.000000,4.000000,4.000000,100.000000,,,,,,,,,,,,,,,,,,,,,,,,,,,,,,,,,,,,,,,,,,,,,,,,,,,,,,,,,,,,,,,,,,,,,,,,,,,,,,,,,,,,,,
1676060276.458753,1676060276.459187,24.000000,0.000000,4271.794922,4405.512695,4322.692383,4371.538574,4290.769043,4284.743652,4306.922852,4294.358887,4279.871582,4258.205078,4440.641113,4467.436035,4281.025879,4376.025879,0.000000,4.000000,85.000000,,,,0.000000,4.000000,4.000000,4.000000,4.000000,4.000000,4.000000,4.000000,4.000000,4.000000,4.000000,4.000000,4.000000,4.000000,4.000000,100.000000,,,,,,,,,,,,,,,,,,,,,,,,,,,,,,,,,,,,,,,,,,,,,,,,,,,,,,,,,,,,,,,,,,,,,,,,,,,,,,,,,,,,,,
1676060276.466561,1676060276.466895,25.000000,0.000000,4254.230957,4379.102539,4297.436035,4351.153809,4272.692383,4269.230957,4291.153809,4275.000000,4265.769043,4225.128418,4413.205078,4449.487305,4255.897461,4349.743652,0.000000,4.000000,85.000000,,,,0.000000,4.000000,4.000000,4.000000,4.000000,4.000000,4.000000,4.000000,4.000000,4.000000,4.000000,4.000000,4.000000,4.000000,4.000000,100.000000,,,,,,,,,,,,,,,,,,,,,,,,,,,,,,,,,,,,,,,,,,,,,,,,,,,,,,,,,,,,,,,,,,,,,,,,,,,,,,,,,,,,,,
1676060276.474369,1676060276.474804,26.000000,0.000000,4277.692383,4392.436035,4321.538574,4368.589844,4286.153809,4281.794922,4298.974121,4279.358887,4279.358887,4243.461426,4429.871582,4468.333496,4275.897461,4376.282227,0.000000,4.000000,85.000000,,,,0.000000,4.000000,4.000000,4.000000,4.000000,4.000000,4.000000,4.000000,4.000000,4.000000,4.000000,4.000000,4.000000,4.000000,4.000000,100.000000,,,,,,,,,,,,,,,,,,,,,,,,,,,,,,,,,,,,,,,,,,,,,,,,,,,,,,,,,,,,,,,,,,,,,,,,,,,,,,,,,,,,,,
1676060276.482178,1676060276.482612,27.000000,0.000000,4295.512695,4404.743652,4341.410156,4385.256348,4298.461426,4290.897461,4301.410156,4285.641113,4290.384766,4275.769043,4450.384766,4486.538574,4302.692383,4417.820313,0.000000,4.000000,85.000000,,,,0.000000,4.000000,4.000000,4.000000,4.000000,4.000000,4.000000,4.000000,4.000000,4.000000,4.000000,4.000000,4.000000,4.000000,4.000000,100.000000,,,,,,,,,,,,,,,,,,,,,,,,,,,,,,,,,,,,,,,,,,,,,,,,,,,,,,,,,,,,,,,,,,,,,,,,,,,,,,,,,,,,,,
1676060276.489986,1676060276.490421,28.000000,0.000000,4271.410156,4387.307617,4318.077148,4370.128418,4285.256348,4280.256348,4286.794922,4265.641113,4268.461426,4257.820313,4427.563965,4463.589844,4282.179688,4406.282227,0.000000,4.000000,85.000000,,,,0.000000,4.000000,4.000000,4.000000,4.000000,4.000000,4.000000,4.000000,4.000000,4.000000,4.000000,4.000000,4.000000,4.000000,4.000000,100.000000,,,,,,,,,,,,,,,,,,,,,,,,,,,,,,,,,,,,,,,,,,,,,,,,,,,,,,,,,,,,,,,,,,,,,,,,,,,,,,,,,,,,,,
1676060276.497795,1676060276.498129,29.000000,0.000000,4268.077148,4383.205078,4315.641113,4367.692383,4287.307617,4283.846191,4294.743652,4267.436035,4270.128418,4244.102539,4420.384766,4461.282227,4272.436035,4390.897461,0.000000,4.000000,85.000000,,,,0.000000,4.000000,4.000000,4.000000,4.000000,4.000000,4.000000,4.000000,4.000000,4.000000,4.000000,4.000000,4.000000,4.000000,4.000000,100.000000,,,,,,,,,,,,,,,,,,,,,,,,,,,,,,,,,,,,,,,,,,,,,,,,,,,,,,,,,,,,,,,,,,,,,,,,,,,,,,,,,,,,,,
1676060276.505603,1676060276.505938,30.000000,0.000000,4282.948730,4388.333496,4323.205078,4372.563965,4293.846191,4291.666504,4305.256348,4282.563965,4286.922852,4252.051270,4430.128418,4473.077148,4285.000000,4397.051270,0.000000,4.000000,85.000000,,,,0.000000,4.000000,4.000000,4.000000,4.000000,4.000000,4.000000,4.000000,4.000000,4.000000,4.000000,4.000000,4.000000,4.000000,4.000000,100.000000,,,,,,,,,,,,,,,,,3.054532,3.842160,1.744189,2.301352,1.075234,11.103212,6.364780,1.763486,1.876849,0.884071,1.738325,3.596678,1.778445,2.093803,1.117843,6.969910,3.702001,1.416881,2.024524,1.034986,5.977279,0.972062,0.969196,0.859366,0.579806,4.219696,2.315640,2.072998,1.051096,0.429381,0.627025,0.743918,1.485769,1.516759,0.865466,4.340423,1.704658,2.062429,2.902901,1.174862,0.547031,0.850386,0.956351,2.345897,1.207099,0.674937,1.113991,1.534572,3.267763,1.480879,7.400911,2.719425,3.391124,4.124659,1.965930,3.728234,2.488286,3.022825,4.001912,1.703662,8.813087,2.413071,3.261237,3.364959,1.731192,7.300955,4.565293,3.715163,3.774948,1.810676
1676060276.513411,1676060276.513646,31.000000,0.000000,4266.666504,4371.538574,4293.589844,4351.153809,4275.897461,4279.230957,4289.871582,4272.692383,4269.743652,4238.974121,4408.333496,4449.743652,4268.205078,4383.205078,0.000000,4.000000,85.000000,,,,0.000000,4.000000,4.000000,4.000000,4.000000,4.000000,4.000000,4.000000,4.000000,4.000000,4.000000,4.000000,4.000000,4.000000,4.000000,100.000000,,,,,,,,,,,,,,,,,,,,,,,,,,,,,,,,,,,,,,,,,,,,,,,,,,,,,,,,,,,,,,,,,,,,,,,,,,,,,,,,,,,,,,
1676060276.521220,1676060276.521455,32.000000,0.000000,4244.871582,4357.307617,4275.512695,4337.051270,4267.179688,4272.051270,4283.333496,4268.077148,4260.897461,4234.358887,4393.717773,4431.025879,4254.487305,4368.205078,0.000000,4.000000,85.000000,,,,0.000000,4.000000,4.000000,4.000000,4.000000,4.000000,4.000000,4.000000,4.000000,4.000000,4.000000,4.000000,4.000000,4.000000,4.000000,100.000000,,,,,,,,,,,,,,,,,,,,,,,,,,,,,,,,,,,,,,,,,,,,,,,,,,,,,,,,,,,,,,,,,,,,,,,,,,,,,,,,,,,,,,
1676060276.529028,1676060276.529163,33.000000,0.000000,4247.179688,4359.743652,4288.077148,4342.692383,4274.102539,4276.666504,4292.563965,4279.230957,4277.820313,4246.666504,4403.077148,4441.153809,4265.897461,4373.589844,0.000000,4.000000,85.000000,,,,0.000000,4.000000,4.000000,4.000000,4.000000,4.000000,4.000000,4.000000,4.000000,4.000000,4.000000,4.000000,4.000000,4.000000,4.000000,100.000000,,,,,,,,,,,,,,,,,,,,,,,,,,,,,,,,,,,,,,,,,,,,,,,,,,,,,,,,,,,,,,,,,,,,,,,,,,,,,,,,,,,,,,
1676060276.536837,1676060276.537072,34.000000,0.000000,4262.179688,4364.487305,4297.692383,4350.384766,4277.820313,4282.820313,4298.589844,4287.307617,4282.051270,4246.922852,4410.256348,4457.307617,4276.538574,4384.230957,0.000000,4.000000,85.000000,,,,0.000000,4.000000,4.000000,4.000000,4.000000,4.000000,4.000000,4.000000,4.000000,4.000000,4.000000,4.000000,4.000000,4.000000,4.000000,100.000000,,,,,,,,,,,,,,,,,,,,,,,,,,,,,,,,,,,,,,,,,,,,,,,,,,,,,,,,,,,,,,,,,,,,,,,,,,,,,,,,,,,,,,
1676060276.544645,1676060276.544880,35.000000,0.000000,4275.897461,4365.897461,4306.538574,4360.128418,4285.512695,4294.102539,4304.487305,4296.410156,4282.307617,4249.615234,4421.410156,4474.102539,4286.282227,4399.230957,0.000000,4.000000,85.000000,,,,0.000000,4.000000,4.000000,4.000000,4.000000,4.000000,4.000000,4.000000,4.000000,4.000000,4.000000,4.000000,4.000000,4.000000,4.000000,100.000000,,,,,,,,,,,,,,,,,,,,,,,,,,,,,,,,,,,,,,,,,,,,,,,,,,,,,,,,,,,,,,,,,,,,,,,,,,,,,,,,,,,,,,
1676060276.552453,1676060276.552788,36.000000,0.000000,4266.538574,4356.666504,4299.615234,4351.410156,4281.794922,4288.205078,4300.128418,4292.307617,4284.358887,4249.358887,4421.666504,4467.051270,4284.102539,4393.205078,0.000000,4.000000,85.000000,,,,0.000000,4.000000,4.000000,4.000000,4.000000,4.000000,4.000000,4.000000,4.000000,4.000000,4.000000,4.000000,4.000000,4.000000,4.000000,100.000000,,,,,,,,,,,,,,,,,,,,,,,,,,,,,,,,,,,,,,,,,,,,,,,,,,,,,,,,,,,,,,,,,,,,,,,,,,,,,,,,,,,,,,
1676060276.560262,1676060276.560597,37.000000,0.000000,4253.589844,4349.230957,4282.948730,4333.846191,4268.333496,4271.922852,4287.563965,4277.820313,4276.922852,4245.000000,4417.948730,4448.461426,4278.077148,4375.384766,0.000000,4.000000,85.000000,,,,0.000000,4.000000,4.000000,4.000000,4.000000,4.000000,4.000000,4.000000,4.000000,4.000000,4.000000,4.000000,4.000000,4.000000,4.000000,100.000000,,,,,,,,,,,,,,,,,,,,,,,,,,,,,,,,,,,,,,,,,,,,,,,,,,,,,,,,,,,,,,,,,,,,,,,,,,,,,,,,,,,,,,
1676060276.568070,1676060276.568505,38.000000,0.000000,4283.717773,4366.794922,4307.051270,4353.974121,4282.051270,4286.410156,4296.922852,4290.769043,4291.025879,4267.436035,4467.948730,4479.102539,4303.205078,4406.922852,0.000000,4.000000,85.000000,,,,0.000000,4.000000,4.000000,4.000000,4.000000,4.000000,4.000000,4.000000,4.000000,4.000000,4.000000,4.000000,4.000000,4.000000,4.000000,100.000000,,,,,,,,,,,,,,,,,,,,,,,,,,,,,,,,,,,,,,,,,,,,,,,,,,,,,,,,,,,,,,,,,,,,,,,,,,,,,,,,,,,,,,
1676060276.575879,1676060276.576314,39.000000,0.000000,4307.692383,4373.846191,4330.897461,4374.230957,4296.282227,4298.589844,4305.897461,4300.128418,4304.102539,4284.871582,4525.000000,4504.358887,4319.487305,4437.051270,0.000000,4.000000,85.000000,,,,0.000000,4.000000,4.000000,4.000000,4.000000,4.000000,4.000000,4.000000,4.000000,4.000000,4.000000,4.000000,4.000000,4.000000,4.000000,100.000000,,,,,,,,,,,,,,,,,,,,,,,,,,,,,,,,,,,,,,,,,,,,,,,,,,,,,,,,,,,,,,,,,,,,,,,,,,,,,,,,,,,,,,
1676060276.583687,1676060276.584222,40.000000,0.000000,4293.077148,4363.846191,4314.487305,4357.820313,4285.769043,4280.897461,4289.871582,4276.282227,4281.538574,4261.922852,4532.692383,4476.666504,4300.897461,4420.128418,0.000000,4.000000,85.000000,,,,0.000000,4.000000,4.000000,4.000000,4.000000,4.000000,4.000000,4.000000,4.000000,4.000000,4.000000,4.000000,4.000000,4.000000,4.000000,100.000000,,,,,,,,,,,,,,,,,,,,,,,,,,,,,,,,,,,,,,,,,,,,,,,,,,,,,,,,,,,,,,,,,,,,,,,,,,,,,,,,,,,,,,
1676060276.591495,1676060276.592130,41.000000,0.000000,4299.615234,4375.256348,4314.358887,4356.794922,4287.179688,4282.820313,4293.205078,4274.871582,4275.256348,4255.000000,4551.282227,4472.051270,4301.153809,4418.077148,0.000000,4.000000,85.000000,,,,0.000000,4.000000,4.000000,4.000000,4.000000,4.000000,4.000000,4.000000,4.000000,4.000000,4.000000,4.000000,4.000000,4.000000,4.000000,100.000000,,,,,,,,,,,,,,,,,,,,,,,,,,,,,,,,,,,,,,,,,,,,,,,,,,,,,,,,,,,,,,,,,,,,,,,,,,,,,,,,,,,,,,
1676060276.599304,1676060276.599939,42.000000,0.000000,4315.384766,4381.410156,4330.897461,4375.512695,4303.077148,4307.179688,4317.436035,4295.384766,4293.333496,4274.230957,4583.717773,4492.307617,4309.487305,4427.820313,0.000000,4.000000,85.000000,,,,0.000000,4.000000,4.000000,4.000000,4.000000,4.000000,4.000000,4.000000,4.000000,4.000000,4.000000,4.000000,4.000000,4.000000,4.000000,100.000000,,,,,,,,,,,,,,,,,,,,,,,,,,,,,,,,,,,,,,,,,,,,,,,,,,,,,,,,,,,,,,,,,,,,,,,,,,,,,,,,,,,,,,
1676060276.607112,1676060276.607747,43.000000,0.000000,4307.051270,4362.692383,4321.025879,4371.282227,4301.666504,4307.307617,4315.384766,4292.436035,4290.128418,4264.615234,4580.897461,4482.436035,4295.128418,4415.769043,0.000000,4.000000,85.000000,,,,0.000000,4.000000,4.000000,4.000000,4.000000,4.000000,4.000000,4.000000,4.000000,4.000000,4.000000,4.000000,4.000000,4.000000,4.000000,100.000000,,,,,,,,,,,,,,,,,,,,,,,,,,,,,,,,,,,,,,,,,,,,,,,,,,,,,,,,,,,,,,,,,,,,,,,,,,,,,,,,,,,,,,
1676060276.614920,1676060276.615456,44.000000,0.000000,4291.025879,4340.769043,4298.461426,4343.461426,4278.589844,4282.307617,4290.128418,4276.410156,4273.077148,4239.615234,4569.487305,4455.384766,4290.384766,4405.000000,0.000000,4.000000,85.000000,,,,0.000000,4.000000,4.000000,4.000000,4.000000,4.000000,4.000000,4.000000,4.000000,4.000000,4.000000,4.000000,4.000000,4.000000,4.000000,100.000000,,,,,,,,,,,,,,,,,,,,,,,,,,,,,,,,,,,,,,,,,,,,,,,,,,,,,,,,,,,,,,,,,,,,,,,,,,,,,,,,,,,,,,
1676060276.622729,1676060276.623264,45.000000,0.000000,4281.922852,4318.974121,4288.846191,4321.025879,4260.769043,4269.102539,4283.205078,4273.461426,4272.307617,4243.589844,4584.615234,4451.794922,4312.307617,4411.922852,0.000000,4.000000,85.000000,,,,0.000000,4.000000,4.000000,4.000000,4.000000,4.000000,4.000000,4.000000,4.000000,4.000000,4.000000,4.000000,4.000000,4.000000,4.000000,100.000000,,,,,,,,,,,,,,,,,,,,,,,,,,,,,,,,,,,,,,,,,,,,,,,,,,,,,,,,,,,,,,,,,,,,,,,,,,,,,,,,,,,,,,
1676060276.630537,1676060276.630973,46.000000,0.000000,4287.820313,4297.692383,4299.743652,4321.666504,4270.512695,4284.615234,4302.436035,4290.641113,4288.461426,4267.563965,4610.897461,4479.743652,4349.743652,4434.615234,0.000000,4.000000,85.000000,,,,0.000000,4.000000,4.000000,4.000000,4.000000,4.000000,4.000000,4.000000,4.000000,4.000000,4.000000,4.000000,4.000000,4.000000,4.000000,100.000000,,,,,,,,,,,,,,,,,3.358886,4.141422,2.113944,2.095995,1.270279,14.691109,7.449295,2.262849,1.856420,1.045048,2.192315,4.000361,2.071034,1.879399,1.326976,8.047736,3.942488,1.716880,1.946288,1.186714,6.039894,1.112782,1.093831,0.812593,0.627451,5.688924,3.013426,2.524002,1.239043,0.499712,0.626078,0.719674,1.612218,1.404544,1.025955,4.446527,1.598751,2.062260,2.552372,1.336880,0.597333,0.817364,0.930443,2.013049,1.375754,0.843587,1.093095,1.591198,2.889248,1.575199,11.007709,3.416481,3.773276,3.670534,2.278857,4.212461,3.004699,3.239103,3.531879,2.005790,12.584904,3.148443,3.597383,2.959336,1.956205,12.370591,7.196746,5.118760,3.690433,2.211430
1676060276.638346,1676060276.638781,47.000000,0.000000,4309.487305,4287.307617,4319.230957,4328.589844,4284.871582,4298.846191,4317.948730,4312.179688,4303.461426,4284.230957,4626.410156,4511.922852,4390.769043,4464.615234,0.000000,4.000000,85.000000,,,,0.000000,4.000000,4.000000,4.000000,4.000000,4.000000,4.000000,4.000000,4.000000,4.000000,4.000000,4.000000,4.000000,4.000000,4.000000,100.000000,,,,,,,,,,,,,,,,,,,,,,,,,,,,,,,,,,,,,,,,,,,,,,,,,,,,,,,,,,,,,,,,,,,,,,,,,,,,,,,,,,,,,,
1676060276.646154,1676060276.646490,48.000000,0.000000,4305.128418,4270.897461,4316.666504,4313.333496,4275.000000,4286.538574,4308.461426,4308.205078,4299.743652,4284.743652,4617.307617,4509.487305,4398.589844,4462.820313,0.000000,4.000000,85.000000,,,,0.000000,4.000000,4.000000,4.000000,4.000000,4.000000,4.000000,4.000000,4.000000,4.000000,4.000000,4.000000,4.000000,4.000000,4.000000,100.000000,,,,,,,,,,,,,,,,,,,,,,,,,,,,,,,,,,,,,,,,,,,,,,,,,,,,,,,,,,,,,,,,,,,,,,,,,,,,,,,,,,,,,,
1676060276.653962,1676060276.654298,49.000000,0.000000,4282.948730,4255.000000,4306.538574,4300.641113,4269.743652,4276.153809,4298.589844,4296.282227,4292.307617,4280.641113,4598.205078,4496.666504,4385.897461,4445.128418,0.000000,4.000000,85.000000,,,,0.000000,4.000000,4.000000,4.000000,4.000000,4.000000,4.000000,4.000000,4.000000,4.000000,4.000000,4.000000,4.000000,4.000000,4.000000,100.000000,,,,,,,,,,,,,,,,,,,,,,,,,,,,,,,,,,,,,,,,,,,,,,,,,,,,,,,,,,,,,,,,,,,,,,,,,,,,,,,,,,,,,,
1676060276.661771,1676060276.662007,50.000000,0.000000,4294.487305,4267.307617,4313.846191,4313.717773,4283.974121,4286.025879,4306.666504,4302.948730,4300.384766,4283.461426,4595.512695,4507.948730,4395.641113,4452.820313,0.000000,4.000000,85.000000,,,,0.000000,4.000000,4.000000,4.000000,4.000000,4.000000,4.000000,4.000000,4.000000,4.000000,4.000000,4.000000,4.000000,4.000000,4.000000,100.000000,,,,,,,,,,,,,,,,,,,,,,,,,,,,,,,,,,,,,,,,,,,,,,,,,,,,,,,,,,,,,,,,,,,,,,,,,,,,,,,,,,,,,,
1676060276.669579,1676060276.669815,51.000000,0.000000,4303.974121,4271.922852,4306.282227,4312.948730,4275.641113,4280.384766,4294.487305,4290.256348,4289.615234,4276.666504,4574.230957,4491.922852,4388.461426,4443.461426,0.000000,4.000000,85.000000,,,,0.000000,4.000000,4.000000,4.000000,4.000000,4.000000,4.000000,4.000000,4.000000,4.000000,4.000000,4.000000,4.000000,4.000000,4.000000,100.000000,,,,,,,,,,,,,,,,,,,,,,,,,,,,,,,,,,,,,,,,,,,,,,,,,,,,,,,,,,,,,,,,,,,,,,,,,,,,,,,,,,,,,,
1676060276.677387,1676060276.677524,52.000000,0.000000,4298.846191,4264.743652,4294.871582,4305.512695,4264.230957,4268.717773,4275.384766,4268.333496,4271.666504,4260.641113,4552.820313,4471.410156,4372.948730,4432.820313,0.000000,4.000000,85.000000,,,,0.000000,4.000000,4.000000,4.000000,4.000000,4.000000,4.000000,4.000000,4.000000,4.000000,4.000000,4.000000,4.000000,4.000000,4.000000,100.000000,,,,,,,,,,,,,,,,,,,,,,,,,,,,,,,,,,,,,,,,,,,,,,,,,,,,,,,,,,,,,,,,,,,,,,,,,,,,,,,,,,,,,,
1676060276.685196,1676060276.685332,53.000000,0.000000,4323.077148,4282.307617,4324.230957,4328.717773,4288.461426,4286.538574,4299.615234,4292.948730,4295.641113,4272.692383,4588.461426,4515.256348,4409.743652,4473.461426,0.000000,4.000000,85.000000,,,,0.000000,4.000000,4.000000,4.000000,4.000000,4.000000,4.000000,4.000000,4.000000,4.000000,4.000000,4.000000,4.000000,4.000000,4.000000,100.000000,,,,,,,,,,,,,,,,,,,,,,,,,,,,,,,,,,,,,,,,,,,,,,,,,,,,,,,,,,,,,,,,,,,,,,,,,,,,,,,,,,,,,,
1676060276.693004,1676060276.693041,54.000000,0.000000,4339.615234,4297.051270,4350.384766,4345.000000,4300.641113,4299.743652,4321.794922,4315.128418,4317.051270,4301.666504,4619.102539,4551.794922,4447.692383,4503.333496,0.000000,4.000000,85.000000,,,,0.000000,4.000000,4.000000,4.000000,4.000000,4.000000,4.000000,4.000000,4.000000,4.000000,4.000000,4.000000,4.000000,4.000000,4.000000,100.000000,,,,,,,,,,,,,,,,,,,,,,,,,,,,,,,,,,,,,,,,,,,,,,,,,,,,,,,,,,,,,,,,,,,,,,,,,,,,,,,,,,,,,,
1676060276.700813,1676060276.700949,55.000000,0.000000,4313.461426,4270.641113,4326.282227,4319.487305,4281.410156,4284.871582,4301.282227,4293.846191,4297.820313,4301.666504,4586.410156,4521.025879,4424.358887,4472.436035,0.000000,4.000000,85.000000,,,,0.000000,4.000000,4.000000,4.000000,4.000000,4.000000,4.000000,4.000000,4.000000,4.000000,4.000000,4.000000,4.000000,4.000000,4.000000,100.000000,,,,,,,,,,,,,,,,,,,,,,,,,,,,,,,,,,,,,,,,,,,,,,,,,,,,,,,,,,,,,,,,,,,,,,,,,,,,,,,,,,,,,,
1676060276.708621,1676060276.708757,56.000000,0.000000,4289.230957,4243.077148,4300.897461,4294.487305,4270.641113,4276.025879,4288.461426,4284.871582,4287.307617,4283.846191,4554.102539,4493.461426,4398.461426,4442.820313,0.000000,4.000000,85.000000,,,,0.000000,4.000000,4.000000,4.000000,4.000000,4.000000,4.000000,4.000000,4.000000,4.000000,4.000000,4.000000,4.000000,4.000000,4.000000,100.000000,,,,,,,,,,,,,,,,,,,,,,,,,,,,,,,,,,,,,,,,,,,,,,,,,,,,,,,,,,,,,,,,,,,,,,,,,,,,,,,,,,,,,,
1676060276.716429,1676060276.716666,57.000000,0.000000,4286.410156,4246.025879,4306.153809,4297.307617,4271.666504,4282.948730,4304.102539,4301.538574,4298.846191,4283.333496,4560.000000,4500.512695,4406.538574,4449.615234,0.000000,4.000000,85.000000,,,,0.000000,4.000000,4.000000,4.000000,4.000000,4.000000,4.000000,4.000000,4.000000,4.000000,4.000000,4.000000,4.000000,4.000000,4.000000,100.000000,,,,,,,,,,,,,,,,,,,,,,,,,,,,,,,,,,,,,,,,,,,,,,,,,,,,,,,,,,,,,,,,,,,,,,,,,,,,,,,,,,,,,,
1676060276.724238,1676060276.724474,58.000000,0.000000,4282.692383,4249.487305,4306.153809,4294.743652,4264.871582,4284.871582,4307.692383,4301.922852,4298.333496,4282.820313,4554.871582,4497.436035,4404.102539,4444.615234,0.000000,4.000000,85.000000,,,,0.000000,4.000000,4.000000,4.000000,4.000000,4.000000,4.000000,4.000000,4.000000,4.000000,4.000000,4.000000,4.000000,4.000000,4.000000,100.000000,,,,,,,,,,,,,,,,,,,,,,,,,,,,,,,,,,,,,,,,,,,,,,,,,,,,,,,,,,,,,,,,,,,,,,,,,,,,,,,,,,,,,,
1676060276.732046,1676060276.732383,59.000000,0.000000,4273.717773,4241.922852,4291.410156,4282.820313,4259.615234,4279.230957,4298.333496,4292.692383,4292.179688,4266.794922,4533.205078,4488.846191,4389.487305,4427.563965,0.000000,4.000000,85.000000,,,,0.000000,4.000000,4.000000,4.000000,4.000000,4.000000,4.000000,4.000000,4.000000,4.000000,4.000000,4.000000,4.000000,4.000000,4.000000,100.000000,,,,,,,,,,,,,,,,,,,,,,,,,,,,,,,,,,,,,,,,,,,,,,,,,,,,,,,,,,,,,,,,,,,,,,,,,,,,,,,,,,,,,,
1676060276.739854,1676060276.740191,60.000000,0.000000,4270.256348,4240.897461,4286.794922,4284.358887,4262.948730,4278.461426,4294.487305,4296.666504,4293.717773,4263.846191,4525.128418,4487.307617,4387.692383,4429.487305,0.000000,4.000000,85.000000,,,,0.000000,4.000000,4.000000,4.000000,4.000000,4.000000,4.000000,4.000000,4.000000,4.000000,4.000000,4.000000,4.000000,4.000000,4.000000,100.000000,,,,,,,,,,,,,,,,,,,,,,,,,,,,,,,,,,,,,,,,,,,,,,,,,,,,,,,,,,,,,,,,,,,,,,,,,,,,,,,,,,,,,,
1676060276.747663,1676060276.748099,61.000000,0.000000,4287.051270,4256.666504,4298.974121,4298.077148,4274.230957,4285.384766,4301.282227,4307.692383,4300.000000,4288.846191,4537.307617,4491.666504,4403.589844,4440.641113,0.000000,4.000000,85.000000,,,,0.000000,4.000000,4.000000,4.000000,4.000000,4.000000,4.000000,4.000000,4.000000,4.000000,4.000000,4.000000,4.000000,4.000000,4.000000,100.000000,,,,,,,,,,,,,,,,,,,,,,,,,,,,,,,,,,,,,,,,,,,,,,,,,,,,,,,,,,,,,,,,,,,,,,,,,,,,,,,,,,,,,,
1676060276.755471,1676060276.755908,62.000000,0.000000,4297.436035,4264.615234,4306.922852,4301.282227,4282.820313,4288.846191,4301.922852,4309.487305,4306.794922,4301.282227,4544.487305,4498.974121,4412.179688,4438.589844,0.000000,4.000000,85.000000,,,,0.000000,4.000000,4.000000,4.000000,4.000000,4.000000,4.000000,4.000000,4.000000,4.000000,4.000000,4.000000,4.000000,4.000000,4.000000,100.000000,,,,,,,,,,,,,,,,,3.316047,4.652377,2.286996,1.796637,1.516098,18.555773,8.749894,2.710395,1.764830,1.247643,2.543593,4.766560,2.149195,1.592472,1.541491,8.857052,4.395251,1.899152,1.777960,1.350369,5.444551,1.444864,1.139999,0.739296,0.676627,6.711610,3.522057,2.749228,1.338459,0.587880,0.623693,0.722753,1.564630,1.224173,1.179317,4.084516,1.475610,1.879457,2.067985,1.513843,0.649739,0.835002,0.859049,1.639977,1.544985,1.052049,1.221646,1.551483,2.376084,1.707565,14.909157,4.758492,3.805681,3.054454,2.608497,4.322553,4.095036,3.116953,2.893197,2.349330,16.730984,4.594111,3.648646,2.423468,2.187666,18.830902,11.115239,6.461276,3.529114,2.707631
1676060276.763280,1676060276.763816,63.000000,0.000000,4274.487305,4253.333496,4292.307617,4293.205078,4273.717773,4274.871582,4280.897461,4288.589844,4293.077148,4283.077148,4520.769043,4486.794922,4389.743652,4423.589844,0.000000,4.000000,85.000000,,,,0.000000,4.000000,4.000000,4.000000,4.000000,4.000000,4.000000,4.000000,4.000000,4.000000,4.000000,4.000000,4.000000,4.000000,4.000000,100.000000,,,,,,,,,,,,,,,,,,,,,,,,,,,,,,,,,,,,,,,,,,,,,,,,,,,,,,,,,,,,,,,,,,,,,,,,,,,,,,,,,,,,,,
1676060276.771088,1676060276.771625,64.000000,0.000000,4276.922852,4265.384766,4292.307617,4307.692383,4280.641113,4275.128418,4279.615234,4281.922852,4284.102539,4275.256348,4512.436035,4483.205078,4388.077148,4432.051270,2523.000000,4.000000,85.000000,,,,0.000000,4.000000,4.000000,4.000000,4.000000,4.000000,4.000000,4.000000,4.000000,4.000000,4.000000,4.000000,4.000000,4.000000,4.000000,100.000000,,,,,,,,,,,,,,,,,,,,,,,,,,,,,,,,,,,,,,,,,,,,,,,,,,,,,,,,,,,,,,,,,,,,,,,,,,,,,,,,,,,,,,
1676060276.778896,1676060276.779333,65.000000,0.000000,4306.410156,4287.436035,4319.743652,4325.384766,4304.230957,4293.974121,4303.974121,4303.461426,4306.025879,4284.358887,4537.051270,4510.000000,4417.051270,4455.256348,2468.000000,4.000000,85.000000,,,,0.000000,4.000000,4.000000,4.000000,4.000000,4.000000,4.000000,4.000000,4.000000,4.000000,4.000000,4.000000,4.000000,4.000000,4.000000,100.000000,,,,,,,,,,,,,,,,,,,,,,,,,,,,,,,,,,,,,,,,,,,,,,,,,,,,,,,,,,,,,,,,,,,,,,,,,,,,,,,,,,,,,,
1676060276.786705,1676060276.787142,66.000000,0.000000,4292.563965,4271.025879,4322.563965,4306.794922,4295.897461,4284.871582,4302.563965,4301.025879,4311.153809,4281.666504,4529.358887,4511.025879,4404.358887,4446.282227,2406.000000,4.000000,85.000000,,,,0.000000,4.000000,4.000000,4.000000,4.000000,4.000000,4.000000,4.000000,4.000000,4.000000,4.000000,4.000000,4.000000,4.000000,4.000000,100.000000,,,,,,,,,,,,,,,,,,,,,,,,,,,,,,,,,,,,,,,,,,,,,,,,,,,,,,,,,,,,,,,,,,,,,,,,,,,,,,,,,,,,,,
1676060276.794513,1676060276.794850,67.000000,0.000000,4273.205078,4261.794922,4304.871582,4296.410156,4276.538574,4271.153809,4289.871582,4285.256348,4292.179688,4277.948730,4501.153809,4492.179688,4377.820313,4431.025879,2474.000000,4.000000,85.000000,,,,0.000000,4.000000,4.000000,4.000000,4.000000,4.000000,4.000000,4.000000,4.000000,4.000000,4.000000,4.000000,4.000000,4.000000,4.000000,100.000000,,,,,,,,,,,,,,,,,,,,,,,,,,,,,,,,,,,,,,,,,,,,,,,,,,,,,,,,,,,,,,,,,,,,,,,,,,,,,,,,,,,,,,
1676060276.802322,1676060276.802659,68.000000,0.000000,4297.948730,4299.487305,4310.641113,4321.410156,4289.230957,4286.794922,4299.358887,4300.256348,4294.358887,4287.436035,4503.205078,4500.128418,4384.871582,4437.307617,2434.000000,4.000000,85.000000,,,,0.000000,4.000000,4.000000,4.000000,4.000000,4.000000,4.000000,4.000000,4.000000,4.000000,4.000000,4.000000,4.000000,4.000000,4.000000,100.000000,,,,,,,,,,,,,,,,,,,,,,,,,,,,,,,,,,,,,,,,,,,,,,,,,,,,,,,,,,,,,,,,,,,,,,,,,,,,,,,,,,,,,,
1676060276.810130,1676060276.810367,69.000000,0.000000,4307.820313,4325.897461,4316.922852,4329.230957,4300.897461,4296.025879,4306.282227,4313.974121,4306.922852,4287.563965,4498.974121,4501.282227,4371.794922,4433.461426,2376.000000,4.000000,85.000000,,,,0.000000,4.000000,4.000000,4.000000,4.000000,4.000000,4.000000,4.000000,4.000000,4.000000,4.000000,4.000000,4.000000,4.000000,4.000000,100.000000,,,,,,,,,,,,,,,,,,,,,,,,,,,,,,,,,,,,,,,,,,,,,,,,,,,,,,,,,,,,,,,,,,,,,,,,,,,,,,,,,,,,,,
1676060276.817938,1676060276.818176,70.000000,0.000000,4282.307617,4315.897461,4302.820313,4310.128418,4285.641113,4283.846191,4297.051270,4298.974121,4296.538574,4270.769043,4471.025879,4476.922852,4333.717773,4412.051270,2222.000000,4.000000,85.000000,,,,0.000000,4.000000,4.000000,4.000000,4.000000,4.000000,4.000000,4.000000,4.000000,4.000000,4.000000,4.000000,4.000000,4.000000,4.000000,100.000000,,,,,,,,,,,,,,,,,,,,,,,,,,,,,,,,,,,,,,,,,,,,,,,,,,,,,,,,,,,,,,,,,,,,,,,,,,,,,,,,,,,,,,
1676060276.825747,1676060276.825884,71.000000,0.000000,4270.641113,4303.333496,4290.641113,4301.538574,4274.230957,4273.974121,4288.461426,4286.153809,4280.641113,4256.025879,4464.102539,4462.179688,4324.743652,4400.128418,2221.000000,4.000000,85.000000,,,,0.000000,4.000000,4.000000,4.000000,4.000000,4.000000,4.000000,4.000000,4.000000,4.000000,4.000000,4.000000,4.000000,4.000000,4.000000,100.000000,,,,,,,,,,,,,,,,,,,,,,,,,,,,,,,,,,,,,,,,,,,,,,,,,,,,,,,,,,,,,,,,,,,,,,,,,,,,,,,,,,,,,,
1676060276.833555,1676060276.833693,72.000000,0.000000,4268.974121,4297.436035,4283.974121,4296.794922,4274.615234,4270.384766,4276.794922,4279.230957,4274.358887,4248.974121,4470.000000,4452.436035,4325.384766,4389.871582,2271.000000,4.000000,85.000000,,,,0.000000,4.000000,4.000000,4.000000,4.000000,4.000000,4.000000,4.000000,4.000000,4.000000,4.000000,4.000000,4.000000,4.000000,4.000000,100.000000,,,,,,,,,,,,,,,,,,,,,,,,,,,,,,,,,,,,,,,,,,,,,,,,,,,,,,,,,,,,,,,,,,,,,,,,,,,,,,,,,,,,,,
1676060276.841364,1676060276.841401,73.000000,0.000000,4268.846191,4301.922852,4292.820313,4300.128418,4280.512695,4275.512695,4279.743652,4280.000000,4276.025879,4250.769043,4490.897461,4455.769043,4323.589844,4394.102539,2252.000000,4.000000,85.000000,,,,0.000000,4.000000,4.000000,4.000000,4.000000,4.000000,4.000000,4.000000,4.000000,4.000000,4.000000,4.000000,4.000000,4.000000,4.000000,100.000000,,,,,,,,,,,,,,,,,,,,,,,,,,,,,,,,,,,,,,,,,,,,,,,,,,,,,,,,,,,,,,,,,,,,,,,,,,,,,,,,,,,,,,
1676060276.849172,1676060276.849210,74.000000,0.000000,4293.589844,4320.769043,4323.077148,4324.615234,4295.000000,4291.794922,4307.563965,4303.974121,4291.666504,4267.820313,4570.384766,4492.563965,4351.153809,4434.615234,2720.000000,4.000000,85.000000,,,,0.000000,4.000000,4.000000,4.000000,4.000000,4.000000,4.000000,4.000000,4.000000,4.000000,4.000000,4.000000,4.000000,4.000000,4.000000,100.000000,,,,,,,,,,,,,,,,,,,,,,,,,,,,,,,,,,,,,,,,,,,,,,,,,,,,,,,,,,,,,,,,,,,,,,,,,,,,,,,,,,,,,,
1676060276.856980,1676060276.856918,75.000000,0.000000,4310.897461,4322.820313,4328.077148,4330.384766,4298.846191,4296.025879,4312.820313,4311.153809,4297.563965,4282.692383,4651.794922,4505.512695,4363.205078,4447.307617,2915.000000,4.000000,85.000000,,,,0.000000,4.000000,4.000000,4.000000,4.000000,4.000000,4.000000,4.000000,4.000000,4.000000,4.000000,4.000000,4.000000,4.000000,4.000000,100.000000,,,,,,,,,,,,,,,,,,,,,,,,,,,,,,,,,,,,,,,,,,,,,,,,,,,,,,,,,,,,,,,,,,,,,,,,,,,,,,,,,,,,,,
1676060276.864789,1676060276.864727,76.000000,0.000000,4306.922852,4311.025879,4311.666504,4319.230957,4294.358887,4293.717773,4298.846191,4297.179688,4292.179688,4279.487305,4684.871582,4486.538574,4347.179688,4427.820313,3101.000000,4.000000,85.000000,,,,0.000000,4.000000,4.000000,4.000000,4.000000,4.000000,4.000000,4.000000,4.000000,4.000000,4.000000,4.000000,4.000000,4.000000,4.000000,100.000000,,,,,,,,,,,,,,,,,,,,,,,,,,,,,,,,,,,,,,,,,,,,,,,,,,,,,,,,,,,,,,,,,,,,,,,,,,,,,,,,,,,,,,
1676060276.872597,1676060276.872435,77.000000,0.000000,4303.589844,4307.307617,4311.153809,4317.692383,4296.282227,4290.641113,4294.615234,4296.538574,4287.563965,4268.589844,4706.538574,4480.384766,4341.025879,4425.897461,3236.000000,4.000000,85.000000,,,,0.000000,4.000000,4.000000,4.000000,4.000000,4.000000,4.000000,4.000000,4.000000,4.000000,4.000000,4.000000,4.000000,4.000000,4.000000,100.000000,,,,,,,,,,,,,,,,,,,,,,,,,,,,,,,,,,,,,,,,,,,,,,,,,,,,,,,,,,,,,,,,,,,,,,,,,,,,,,,,,,,,,,
1676060276.880405,1676060276.880244,78.000000,0.000000,4294.615234,4305.769043,4311.153809,4313.333496,4294.743652,4276.153809,4287.692383,4291.025879,4279.358887,4261.282227,4728.077148,4473.846191,4341.538574,4424.743652,2720.000000,4.000000,85.000000,,,,0.000000,4.000000,4.000000,4.000000,4.000000,4.000000,4.000000,4.000000,4.000000,4.000000,4.000000,4.000000,4.000000,4.000000,4.000000,100.000000,1.000000,25.000000,4.000000,4.000000,1.000000,4.000000,4.000000,3.000000,4.000000,4.000000,4.000000,3.000000,1.000000,1.000000,3.000000,1.000000,3.034817,5.437802,2.196383,1.494260,1.762531,22.147263,10.248148,3.107878,1.647380,1.442960,2.705465,5.868692,1.982555,1.332038,1.718656,9.392182,5.088268,1.930120,1.580979,1.491458,4.383189,1.907829,1.086558,0.670810,0.716575,6.901736,3.663564,2.666239,1.319323,0.673369,0.626513,0.740514,1.354170,1.036834,1.285739,3.381219,1.320991,1.555259,1.598902,1.656564,0.707861,0.915482,0.756522,1.341242,1.667593,1.282988,1.550448,1.432354,1.878852,1.850859,18.977486,6.832317,3.456212,2.500366,2.865841,4.020411,5.727555,2.703560,2.322002,2.662986,20.598335,6.808303,3.526228,1.942466,2.355219,25.187145,15.574429,7.385192,3.380554,3.189657
1676060276.888214,1676060276.887952,79.000000,0.000000,4291.666504,4311.153809,4312.948730,4312.051270,4292.436035,4276.410156,4284.871582,4286.666504,4286.153809,4270.000000,4747.563965,4476.282227,4352.436035,4427.692383,2915.000000,4.000000,85.000000,,,,0.000000,4.000000,4.000000,4.000000,4.000000,4.000000,4.000000,4.000000,4.000000,4.000000,4.000000,4.000000,4.000000,4.000000,4.000000,100.000000,,,,,,,,,,,,,,,,,,,,,,,,,,,,,,,,,,,,,,,,,,,,,,,,,,,,,,,,,,,,,,,,,,,,,,,,,,,,,,,,,,,,,,
1676060276.896022,1676060276.895860,80.000000,0.000000,4307.820313,4318.974121,4326.794922,4320.000000,4298.077148,4291.794922,4297.307617,4304.358887,4308.077148,4287.307617,4767.563965,4496.922852,4369.358887,4447.563965,3101.000000,4.000000,85.000000,,,,0.000000,4.000000,4.000000,4.000000,4.000000,4.000000,4.000000,4.000000,4.000000,4.000000,4.000000,4.000000,4.000000,4.000000,4.000000,100.000000,,,,,,,,,,,,,,,,,,,,,,,,,,,,,,,,,,,,,,,,,,,,,,,,,,,,,,,,,,,,,,,,,,,,,,,,,,,,,,,,,,,,,,
1676060276.903831,1676060276.903669,81.000000,0.000000,4308.717773,4312.692383,4321.666504,4314.230957,4295.897461,4283.077148,4297.179688,4308.974121,4305.897461,4285.256348,4757.436035,4493.205078,4362.820313,4445.384766,3236.000000,4.000000,85.000000,,,,0.000000,4.000000,4.000000,4.000000,4.000000,4.000000,4.000000,4.000000,4.000000,4.000000,4.000000,4.000000,4.000000,4.000000,4.000000,100.000000,,,,,,,,,,,,,,,,,,,,,,,,,,,,,,,,,,,,,,,,,,,,,,,,,,,,,,,,,,,,,,,,,,,,,,,,,,,,,,,,,,,,,,
1676060276.911639,1676060276.911577,82.000000,0.000000,4290.128418,4306.666504,4308.333496,4305.128418,4290.769043,4272.948730,4290.384766,4298.461426,4291.282227,4270.641113,4736.025879,4477.692383,4349.358887,4428.077148,2720.000000,4.000000,85.000000,,,,0.000000,4.000000,4.000000,4.000000,4.000000,4.000000,4.000000,4.000000,4.000000,4.000000,4.000000,4.000000,4.000000,4.000000,4.000000,100.000000,,,,,,,,,,,,,,,,,,,,,,,,,,,,,,,,,,,,,,,,,,,,,,,,,,,,,,,,,,,,,,,,,,,,,,,,,,,,,,,,,,,,,,
1676060276.919447,1676060276.919386,83.000000,0.000000,4293.717773,4311.794922,4318.846191,4315.897461,4298.205078,4295.000000,4307.820313,4310.000000,4304.743652,4273.846191,4744.615234,4492.948730,4362.051270,4438.589844,2915.000000,4.000000,85.000000,,,,0.000000,4.000000,4.000000,4.000000,4.000000,4.000000,4.000000,4.000000,4.000000,4.000000,4.000000,4.000000,4.000000,4.000000,4.000000,100.000000,,,,,,,,,,,,,,,,,,,,,,,,,,,,,,,,,,,,,,,,,,,,,,,,,,,,,,,,,,,,,,,,,,,,,,,,,,,,,,,,,,,,,,
1676060276.927256,1676060276.927294,84.000000,0.000000,4301.410156,4305.384766,4319.871582,4315.512695,4295.769043,4303.974121,4311.538574,4314.230957,4310.128418,4280.512695,4733.205078,4495.641113,4364.871582,4440.128418,3101.000000,4.000000,85.000000,,,,0.000000,4.000000,4.000000,4.000000,4.000000,4.000000,4.000000,4.000000,4.000000,4.000000,4.000000,4.000000,4.000000,4.000000,4.000000,100.000000,,,,,,,,,,,,,,,,,,,,,,,,,,,,,,,,,,,,,,,,,,,,,,,,,,,,,,,,,,,,,,,,,,,,,,,,,,,,,,,,,,,,,,
1676060276.935064,1676060276.935103,85.000000,0.000000,4284.743652,4294.871582,4297.692383,4297.179688,4282.563965,4283.333496,4283.333496,4290.384766,4285.769043,4269.871582,4681.538574,4462.179688,4340.512695,4417.563965,3236.000000,4.000000,85.000000,,,,0.000000,4.000000,4.000000,4.000000,4.000000,4.000000,4.000000,4.000000,4.000000,4.000000,4.000000,4.000000,4.000000,4.000000,4.000000,100.000000,,,,,,,,,,,,,,,,,,,,,,,,,,,,,,,,,,,,,,,,,,,,,,,,,,,,,,,,,,,,,,,,,,,,,,,,,,,,,,,,,,,,,,
1676060276.942872,1676060276.943011,86.000000,0.000000,4273.717773,4295.000000,4288.589844,4293.205078,4283.717773,4280.897461,4273.461426,4281.922852,4275.641113,4266.922852,4654.871582,4449.871582,4333.333496,4416.282227,2720.000000,4.000000,85.000000,,,,0.000000,4.000000,4.000000,4.000000,4.000000,4.000000,4.000000,4.000000,4.000000,4.000000,4.000000,4.000000,4.000000,4.000000,4.000000,100.000000,,,,,,,,,,,,,,,,,,,,,,,,,,,,,,,,,,,,,,,,,,,,,,,,,,,,,,,,,,,,,,,,,,,,,,,,,,,,,,,,,,,,,,
1676060276.950681,1676060276.950819,87.000000,0.000000,4287.820313,4300.384766,4297.692383,4305.512695,4296.538574,4296.666504,4292.820313,4296.794922,4290.384766,4281.538574,4660.384766,4471.794922,4351.922852,4431.922852,2915.000000,4.000000,85.000000,,,,0.000000,4.000000,4.000000,4.000000,4.000000,4.000000,4.000000,4.000000,4.000000,4.000000,4.000000,4.000000,4.000000,4.000000,4.000000,100.000000,,,,,,,,,,,,,,,,,,,,,,,,,,,,,,,,,,,,,,,,,,,,,,,,,,,,,,,,,,,,,,,,,,,,,,,,,,,,,,,,,,,,,,
1676060276.958489,1676060276.958728,88.000000,0.000000,4297.563965,4301.666504,4302.948730,4308.333496,4299.230957,4296.538574,4300.512695,4299.230957,4291.153809,4277.179688,4643.077148,4477.820313,4356.153809,4429.487305,3101.000000,4.000000,85.000000,,,,0.000000,4.000000,4.000000,4.000000,4.000000,4.000000,4.000000,4.000000,4.000000,4.000000,4.000000,4.000000,4.000000,4.000000,4.000000,100.000000,,,,,,,,,,,,,,,,,,,,,,,,,,,,,,,,,,,,,,,,,,,,,,,,,,,,,,,,,,,,,,,,,,,,,,,,,,,,,,,,,,,,,,
1676060276.966298,1676060276.966536,89.000000,0.000000,4292.563965,4298.333496,4303.077148,4299.615234,4299.615234,4291.282227,4291.922852,4288.974121,4275.128418,4256.282227,4612.307617,4467.436035,4341.282227,4417.820313,3236.000000,4.000000,85.000000,,,,0.000000,4.000000,4.000000,4.000000,4.000000,4.000000,4.000000,4.000000,4.000000,4.000000,4.000000,4.000000,4.000000,4.000000,4.000000,100.000000,,,,,,,,,,,,,,,,,,,,,,,,,,,,,,,,,,,,,,,,,,,,,,,,,,,,,,,,,,,,,,,,,,,,,,,,,,,,,,,,,,,,,,
1676060276.974106,1676060276.974444,90.000000,0.000000,4297.436035,4305.641113,4315.641113,4305.641113,4316.538574,4295.384766,4300.641113,4296.922852,4281.410156,4269.230957,4616.025879,4483.589844,4353.077148,4433.974121,2720.000000,4.000000,85.000000,,,,0.000000,4.000000,4.000000,4.000000,4.000000,4.000000,4.000000,4.000000,4.000000,4.000000,4.000000,4.000000,4.000000,4.000000,4.000000,100.000000,,,,,,,,,,,,,,,,,,,,,,,,,,,,,,,,,,,,,,,,,,,,,,,,,,,,,,,,,,,,,,,,,,,,,,,,,,,,,,,,,,,,,,
1676060276.981914,1676060276.982253,91.000000,0.000000,4314.743652,4325.769043,4339.615234,4328.333496,4337.179688,4299.358887,4319.615234,4320.641113,4310.512695,4304.358887,4635.384766,4514.487305,4381.922852,4462.436035,2915.000000,4.000000,85.000000,,,,0.000000,4.000000,4.000000,4.000000,4.000000,4.000000,4.000000,4.000000,4.000000,4.000000,4.000000,4.000000,4.000000,4.000000,4.000000,100.000000,,,,,,,,,,,,,,,,,,,,,,,,,,,,,,,,,,,,,,,,,,,,,,,,,,,,,,,,,,,,,,,,,,,,,,,,,,,,,,,,,,,,,,
1676060276.989723,1676060276.989961,92.000000,0.000000,4317.692383,4332.436035,4342.820313,4333.333496,4339.230957,4298.205078,4318.077148,4323.974121,4320.384766,4309.102539,4624.743652,4512.820313,4375.641113,4459.743652,3101.000000,4.000000,85.000000,,,,0.000000,4.000000,4.000000,4.000000,4.000000,4.000000,4.000000,4.000000,4.000000,4.000000,4.000000,4.000000,4.000000,4.000000,4.000000,100.000000,,,,,,,,,,,,,,,,,,,,,,,,,,,,,,,,,,,,,,,,,,,,,,,,,,,,,,,,,,,,,,,,,,,,,,,,,,,,,,,,,,,,,,
1676060276.997531,1676060276.997770,93.000000,0.000000,4297.051270,4308.461426,4315.000000,4308.333496,4329.743652,4291.666504,4295.000000,4300.641113,4295.256348,4278.846191,4583.589844,4479.487305,4348.333496,4430.256348,3236.000000,4.000000,85.000000,,,,0.000000,4.000000,4.000000,4.000000,4.000000,4.000000,4.000000,4.000000,4.000000,4.000000,4.000000,4.000000,4.000000,4.000000,4.000000,100.000000,,,,,,,,,,,,,,,,,,,,,,,,,,,,,,,,,,,,,,,,,,,,,,,,,,,,,,,,,,,,,,,,,,,,,,,,,,,,,,,,,,,,,,
1676060277.005340,1676060277.005478,94.000000,0.000000,4279.230957,4287.051270,4302.436035,4294.487305,4339.615234,4294.871582,4288.589844,4293.589844,4284.871582,4260.512695,4557.692383,4467.307617,4340.769043,4413.717773,2720.000000,4.000000,85.000000,,,,0.000000,4.000000,4.000000,4.000000,4.000000,4.000000,4.000000,4.000000,4.000000,4.000000,4.000000,4.000000,4.000000,4.000000,4.000000,100.000000,,,,,,,,,,,,,,,,,2.697440,6.411493,1.875655,1.276119,1.953897,24.900909,11.761580,3.482716,1.550304,1.582855,2.658165,7.099861,1.634590,1.189065,1.827992,9.744471,5.923132,1.834029,1.418202,1.582091,3.152766,2.384640,0.951789,0.635622,0.742361,6.207670,3.380791,2.301296,1.197490,0.740379,0.632914,0.755779,1.055579,0.899022,1.322629,2.612984,1.161903,1.182907,1.268591,1.723782,0.769793,1.045929,0.654956,1.186277,1.709124,1.495395,2.049054,1.291660,1.534106,1.961363,23.748631,9.512776,2.854904,2.203357,2.981044,3.400120,7.619171,2.177892,2.015015,2.876862,23.502716,9.548083,3.458609,1.682853,2.408444,29.572212,19.400387,7.655358,3.308397,3.528132
1676060277.013148,1676060277.013387,95.000000,0.000000,4274.230957,4280.769043,4309.358887,4296.153809,4354.615234,4300.000000,4295.512695,4300.384766,4295.769043,4268.846191,4547.820313,4471.282227,4330.641113,4407.179688,2915.000000,4.000000,85.000000,,,,0.000000,4.000000,4.000000,4.000000,4.000000,4.000000,4.000000,4.000000,4.000000,4.000000,4.000000,4.000000,4.000000,4.000000,4.000000,100.000000,,,,,,,,,,,,,,,,,,,,,,,,,,,,,,,,,,,,,,,,,,,,,,,,,,,,,,,,,,,,,,,,,,,,,,,,,,,,,,,,,,,,,,
1676060277.020956,1676060277.021195,96.000000,0.000000,4280.769043,4278.077148,4307.820313,4291.666504,4353.974121,4295.384766,4293.461426,4295.769043,4294.358887,4273.846191,4542.563965,4468.717773,4334.102539,4413.205078,3101.000000,4.000000,85.000000,,,,0.000000,4.000000,4.000000,4.000000,4.000000,4.000000,4.000000,4.000000,4.000000,4.000000,4.000000,4.000000,4.000000,4.000000,4.000000,100.000000,,,,,,,,,,,,,,,,,,,,,,,,,,,,,,,,,,,,,,,,,,,,,,,,,,,,,,,,,,,,,,,,,,,,,,,,,,,,,,,,,,,,,,
1676060277.028765,1676060277.029104,97.000000,0.000000,4301.410156,4284.102539,4315.641113,4297.948730,4371.282227,4302.692383,4308.205078,4307.948730,4299.615234,4276.153809,4568.333496,4490.256348,4388.589844,4447.820313,3236.000000,4.000000,85.000000,,,,0.000000,4.000000,4.000000,4.000000,4.000000,4.000000,4.000000,4.000000,4.000000,4.000000,4.000000,4.000000,4.000000,4.000000,4.000000,100.000000,,,,,,,,,,,,,,,,,,,,,,,,,,,,,,,,,,,,,,,,,,,,,,,,,,,,,,,,,,,,,,,,,,,,,,,,,,,,,,,,,,,,,,
1676060277.036573,1676060277.036912,98.000000,0.000000,4305.512695,4275.897461,4326.538574,4301.538574,4397.051270,4310.641113,4324.871582,4330.512695,4315.641113,4289.102539,4598.461426,4517.051270,4426.538574,4467.179688,2720.000000,4.000000,85.000000,,,,0.000000,4.000000,4.000000,4.000000,4.000000,4.000000,4.000000,4.000000,4.000000,4.000000,4.000000,4.000000,4.000000,4.000000,4.000000,100.000000,,,,,,,,,,,,,,,,,,,,,,,,,,,,,,,,,,,,,,,,,,,,,,,,,,,,,,,,,,,,,,,,,,,,,,,,,,,,,,,,,,,,,,
1676060277.044382,1676060277.044820,99.000000,0.000000,4283.333496,4242.948730,4312.051270,4279.743652,4391.794922,4295.897461,4309.358887,4321.153809,4309.230957,4298.717773,4586.282227,4501.922852,4414.102539,4449.230957,2915.000000,4.000000,85.000000,,,,0.000000,4.000000,4.000000,4.000000,4.000000,4.000000,4.000000,4.000000,4.000000,4.000000,4.000000,4.000000,4.000000,4.000000,4.000000,100.000000,,,,,,,,,,,,,,,,,,,,,,,,,,,,,,,,,,,,,,,,,,,,,,,,,,,,,,,,,,,,,,,,,,,,,,,,,,,,,,,,,,,,,,
1676060277.052190,1676060277.052629,100.000000,0.000000,4282.820313,4226.153809,4302.307617,4269.102539,4389.487305,4290.512695,4297.820313,4307.820313,4300.000000,4296.282227,4567.436035,4486.282227,4416.153809,4443.333496,3101.000000,4.000000,85.000000,,,,0.000000,4.000000,4.000000,4.000000,4.000000,4.000000,4.000000,4.000000,4.000000,4.000000,4.000000,4.000000,4.000000,4.000000,4.000000,100.000000,,,,,,,,,,,,,,,,,,,,,,,,,,,,,,,,,,,,,,,,,,,,,,,,,,,,,,,,,,,,,,,,,,,,,,,,,,,,,,,,,,,,,,
1676060277.059998,1676060277.060437,101.000000,0.000000,4304.615234,4240.000000,4319.615234,4287.563965,4417.563965,4305.512695,4313.333496,4319.230957,4309.358887,4295.641113,4577.820313,4503.974121,4439.871582,4461.922852,3236.000000,4.000000,85.000000,,,,0.000000,4.000000,4.000000,4.000000,4.000000,4.000000,4.000000,4.000000,4.000000,4.000000,4.000000,4.000000,4.000000,4.000000,4.000000,100.000000,,,,,,,,,,,,,,,,,,,,,,,,,,,,,,,,,,,,,,,,,,,,,,,,,,,,,,,,,,,,,,,,,,,,,,,,,,,,,,,,,,,,,,
1676060277.067807,1676060277.068146,102.000000,0.000000,4303.205078,4248.205078,4328.846191,4296.153809,4434.102539,4303.717773,4315.000000,4322.820313,4305.512695,4301.794922,4580.512695,4512.436035,4435.000000,4465.000000,2720.000000,4.000000,85.000000,,,,0.000000,4.000000,4.000000,4.000000,4.000000,4.000000,4.000000,4.000000,4.000000,4.000000,4.000000,4.000000,4.000000,4.000000,4.000000,100.000000,,,,,,,,,,,,,,,,,,,,,,,,,,,,,,,,,,,,,,,,,,,,,,,,,,,,,,,,,,,,,,,,,,,,,,,,,,,,,,,,,,,,,,
1676060277.075615,1676060277.076054,103.000000,0.000000,4295.641113,4244.358887,4322.692383,4288.333496,4432.436035,4290.641113,4301.025879,4313.461426,4292.820313,4294.358887,4565.128418,4508.974121,4422.820313,4459.871582,2915.000000,4.000000,85.000000,,,,0.000000,4.000000,4.000000,4.000000,4.000000,4.000000,4.000000,4.000000,4.000000,4.000000,4.000000,4.000000,4.000000,4.000000,4.000000,100.000000,,,,,,,,,,,,,,,,,,,,,,,,,,,,,,,,,,,,,,,,,,,,,,,,,,,,,,,,,,,,,,,,,,,,,,,,,,,,,,,,,,,,,,
1676060277.083424,1676060277.083863,104.000000,0.000000,4312.692383,4250.128418,4327.948730,4294.871582,4443.717773,4297.179688,4307.436035,4316.794922,4300.256348,4286.282227,4566.922852,4522.179688,4435.256348,4470.641113,3101.000000,4.000000,85.000000,,,,0.000000,4.000000,4.000000,4.000000,4.000000,4.000000,4.000000,4.000000,4.000000,4.000000,4.000000,4.000000,4.000000,4.000000,4.000000,100.000000,,,,,,,,,,,,,,,,,,,,,,,,,,,,,,,,,,,,,,,,,,,,,,,,,,,,,,,,,,,,,,,,,,,,,,,,,,,,,,,,,,,,,,
1676060277.091232,1676060277.091771,105.000000,0.000000,4319.743652,4253.077148,4335.000000,4301.922852,4457.948730,4302.307617,4316.025879,4323.333496,4309.358887,4296.025879,4576.922852,4524.615234,4439.871582,4477.436035,3236.000000,4.000000,85.000000,,,,0.000000,4.000000,4.000000,4.000000,4.000000,4.000000,4.000000,4.000000,4.000000,4.000000,4.000000,4.000000,4.000000,4.000000,4.000000,100.000000,,,,,,,,,,,,,,,,,,,,,,,,,,,,,,,,,,,,,,,,,,,,,,,,,,,,,,,,,,,,,,,,,,,,,,,,,,,,,,,,,,,,,,
1676060277.099040,1676060277.099579,106.000000,0.000000,4287.179688,4231.794922,4310.897461,4279.358887,4446.282227,4287.307617,4298.333496,4310.512695,4292.820313,4289.358887,4556.922852,4493.077148,4408.461426,4451.794922,2720.000000,4.000000,85.000000,,,,0.000000,4.000000,4.000000,4.000000,4.000000,4.000000,4.000000,4.000000,4.000000,4.000000,4.000000,4.000000,4.000000,4.000000,4.000000,100.000000,,,,,,,,,,,,,,,,,,,,,,,,,,,,,,,,,,,,,,,,,,,,,,,,,,,,,,,,,,,,,,,,,,,,,,,,,,,,,,,,,,,,,,
1676060277.106849,1676060277.107488,107.000000,0.000000,4265.128418,4215.000000,4278.846191,4253.205078,4432.820313,4277.820313,4280.384766,4292.563965,4276.666504,4266.025879,4533.974121,4466.153809,4383.333496,4423.077148,2915.000000,4.000000,85.000000,,,,0.000000,4.000000,4.000000,4.000000,4.000000,4.000000,4.000000,4.000000,4.000000,4.000000,4.000000,4.000000,4.000000,4.000000,4.000000,100.000000,,,,,,,,,,,,,,,,,,,,,,,,,,,,,,,,,,,,,,,,,,,,,,,,,,,,,,,,,,,,,,,,,,,,,,,,,,,,,,,,,,,,,,
1676060277.114657,1676060277.115296,108.000000,0.000000,4284.487305,4231.410156,4288.589844,4262.563965,4446.153809,4291.922852,4290.128418,4300.641113,4295.000000,4277.436035,4553.974121,4476.025879,4399.230957,4433.717773,3101.000000,4.000000,85.000000,,,,0.000000,4.000000,4.000000,4.000000,4.000000,4.000000,4.000000,4.000000,4.000000,4.000000,4.000000,4.000000,4.000000,4.000000,4.000000,100.000000,,,,,,,,,,,,,,,,,,,,,,,,,,,,,,,,,,,,,,,,,,,,,,,,,,,,,,,,,,,,,,,,,,,,,,,,,,,,,,,,,,,,,,
1676060277.122465,1676060277.123205,109.000000,0.000000,4305.769043,4254.358887,4316.666504,4284.871582,4465.641113,4312.307617,4313.333496,4323.974121,4321.153809,4310.256348,4589.871582,4503.205078,4421.153809,4462.692383,3236.000000,4.000000,85.000000,,,,0.000000,4.000000,4.000000,4.000000,4.000000,4.000000,4.000000,4.000000,4.000000,4.000000,4.000000,4.000000,4.000000,4.000000,4.000000,100.000000,,,,,,,,,,,,,,,,,,,,,,,,,,,,,,,,,,,,,,,,,,,,,,,,,,,,,,,,,,,,,,,,,,,,,,,,,,,,,,,,,,,,,,
1676060277.130274,1676060277.131013,110.000000,0.000000,4299.615234,4249.743652,4315.384766,4284.358887,4463.461426,4310.769043,4313.077148,4324.743652,4317.563965,4301.794922,4591.538574,4506.666504,4417.820313,4467.307617,2720.000000,4.000000,85.000000,,,,0.000000,4.000000,4.000000,4.000000,4.000000,4.000000,4.000000,4.000000,4.000000,4.000000,4.000000,4.000000,4.000000,4.000000,4.000000,100.000000,,,,,,,,,,,,,,,,,2.517007,7.366751,1.435468,1.192701,2.046035,26.250105,12.892838,3.831460,1.497894,1.632601,2.440027,8.136270,1.230361,1.199882,1.856657,9.814941,6.673132,1.668267,1.323958,1.606451,2.105438,2.750806,0.776881,0.642272,0.754603,4.852252,2.766573,1.773890,1.023410,0.782082,0.629798,0.753373,0.771485,0.838618,1.292805,1.970740,1.040364,0.862131,1.121750,1.698036,0.826020,1.195376,0.589474,1.166534,1.659595,1.638942,2.604078,1.200021,1.412207,1.993226,31.662804,12.653101,2.277629,2.246028,2.928823,2.650620,9.314804,1.763651,2.037030,2.942737,24.955099,12.256140,3.650808,1.708105,2.334673,30.597572,21.467173,7.252519,3.320055,3.618889
1676060277.138082,1676060277.138921,111.000000,0.000000,4285.641113,4239.102539,4301.794922,4276.282227,4456.153809,4298.333496,4299.358887,4310.641113,4300.256348,4274.743652,4566.410156,4490.256348,4408.461426,4449.743652,2915.000000,4.000000,85.000000,,,,0.000000,4.000000,4.000000,4.000000,4.000000,4.000000,4.000000,4.000000,4.000000,4.000000,4.000000,4.000000,4.000000,4.000000,4.000000,100.000000,,,,,,,,,,,,,,,,,,,,,,,,,,,,,,,,,,,,,,,,,,,,,,,,,,,,,,,,,,,,,,,,,,,,,,,,,,,,,,,,,,,,,,
1676060277.145890,1676060277.146730,112.000000,0.000000,4290.000000,4247.948730,4308.589844,4280.641113,4463.077148,4300.769043,4304.230957,4310.897461,4300.128418,4276.922852,4555.000000,4488.333496,4408.461426,4445.641113,3101.000000,4.000000,85.000000,,,,0.000000,4.000000,4.000000,4.000000,4.000000,4.000000,4.000000,4.000000,4.000000,4.000000,4.000000,4.000000,4.000000,4.000000,4.000000,100.000000,,,,,,,,,,,,,,,,,,,,,,,,,,,,,,,,,,,,,,,,,,,,,,,,,,,,,,,,,,,,,,,,,,,,,,,,,,,,,,,,,,,,,,
1676060277.153699,1676060277.154438,113.000000,0.000000,4289.871582,4243.077148,4308.717773,4277.948730,4459.487305,4302.948730,4306.538574,4311.282227,4296.025879,4281.410156,4547.948730,4483.589844,4399.871582,4442.563965,3236.000000,4.000000,85.000000,,,,0.000000,4.000000,4.000000,4.000000,4.000000,4.000000,4.000000,4.000000,4.000000,4.000000,4.000000,4.000000,4.000000,4.000000,4.000000,100.000000,,,,,,,,,,,,,,,,,,,,,,,,,,,,,,,,,,,,,,,,,,,,,,,,,,,,,,,,,,,,,,,,,,,,,,,,,,,,,,,,,,,,,,
1676060277.161507,1676060277.162247,114.000000,0.000000,4281.794922,4227.436035,4301.410156,4271.666504,4451.153809,4298.717773,4298.974121,4309.615234,4292.179688,4285.897461,4546.410156,4476.025879,4395.000000,4439.230957,2720.000000,4.000000,85.000000,,,,0.000000,4.000000,4.000000,4.000000,4.000000,4.000000,4.000000,4.000000,4.000000,4.000000,4.000000,4.000000,4.000000,4.000000,4.000000,100.000000,,,,,,,,,,,,,,,,,,,,,,,,,,,,,,,,,,,,,,,,,,,,,,,,,,,,,,,,,,,,,,,,,,,,,,,,,,,,,,,,,,,,,,
1676060277.169316,1676060277.169955,115.000000,0.000000,4289.487305,4239.615234,4312.436035,4284.102539,4455.000000,4300.641113,4301.410156,4316.538574,4308.461426,4296.794922,4560.384766,4488.333496,4403.333496,4453.974121,2915.000000,4.000000,85.000000,,,,0.000000,4.000000,4.000000,4.000000,4.000000,4.000000,4.000000,4.000000,4.000000,4.000000,4.000000,4.000000,4.000000,4.000000,4.000000,100.000000,,,,,,,,,,,,,,,,,,,,,,,,,,,,,,,,,,,,,,,,,,,,,,,,,,,,,,,,,,,,,,,,,,,,,,,,,,,,,,,,,,,,,,
1676060277.177124,1676060277.177764,116.000000,0.000000,4303.846191,4262.948730,4317.948730,4299.871582,4454.230957,4301.025879,4303.333496,4309.615234,4306.025879,4288.461426,4562.051270,4488.974121,4394.871582,4453.974121,3101.000000,4.000000,85.000000,,,,0.000000,4.000000,4.000000,4.000000,4.000000,4.000000,4.000000,4.000000,4.000000,4.000000,4.000000,4.000000,4.000000,4.000000,4.000000,100.000000,,,,,,,,,,,,,,,,,,,,,,,,,,,,,,,,,,,,,,,,,,,,,,,,,,,,,,,,,,,,,,,,,,,,,,,,,,,,,,,,,,,,,,
1676060277.184932,1676060277.185472,117.000000,0.000000,4308.077148,4269.487305,4313.205078,4310.641113,4445.769043,4295.512695,4293.333496,4298.461426,4285.128418,4275.384766,4556.410156,4479.871582,4383.717773,4443.589844,3236.000000,4.000000,85.000000,,,,0.000000,4.000000,4.000000,4.000000,4.000000,4.000000,4.000000,4.000000,4.000000,4.000000,4.000000,4.000000,4.000000,4.000000,4.000000,100.000000,,,,,,,,,,,,,,,,,,,,,,,,,,,,,,,,,,,,,,,,,,,,,,,,,,,,,,,,,,,,,,,,,,,,,,,,,,,,,,,,,,,,,,
1676060277.192741,1676060277.193281,118.000000,0.000000,4310.641113,4271.794922,4317.948730,4324.743652,4442.692383,4298.333496,4290.384766,4308.077148,4288.717773,4281.025879,4573.077148,4502.436035,4392.436035,4459.230957,2720.000000,4.000000,85.000000,,,,0.000000,4.000000,4.000000,4.000000,4.000000,4.000000,4.000000,4.000000,4.000000,4.000000,4.000000,4.000000,4.000000,4.000000,4.000000,100.000000,,,,,,,,,,,,,,,,,,,,,,,,,,,,,,,,,,,,,,,,,,,,,,,,,,,,,,,,,,,,,,,,,,,,,,,,,,,,,,,,,,,,,,
1676060277.200549,1676060277.200989,119.000000,0.000000,4319.615234,4281.666504,4326.794922,4336.922852,4445.384766,4304.743652,4297.948730,4317.179688,4305.897461,4284.230957,4595.512695,4525.512695,4399.102539,4477.563965,2915.000000,4.000000,85.000000,,,,0.000000,4.000000,4.000000,4.000000,4.000000,4.000000,4.000000,4.000000,4.000000,4.000000,4.000000,4.000000,4.000000,4.000000,4.000000,100.000000,,,,,,,,,,,,,,,,,,,,,,,,,,,,,,,,,,,,,,,,,,,,,,,,,,,,,,,,,,,,,,,,,,,,,,,,,,,,,,,,,,,,,,
1676060277.208357,1676060277.208798,120.000000,0.000000,4324.358887,4284.358887,4326.025879,4343.846191,4443.846191,4307.692383,4300.769043,4310.897461,4305.000000,4285.128418,4586.410156,4517.563965,4387.948730,4464.487305,3101.000000,4.000000,85.000000,,,,0.000000,4.000000,4.000000,4.000000,4.000000,4.000000,4.000000,4.000000,4.000000,4.000000,4.000000,4.000000,4.000000,4.000000,4.000000,100.000000,,,,,,,,,,,,,,,,,,,,,,,,,,,,,,,,,,,,,,,,,,,,,,,,,,,,,,,,,,,,,,,,,,,,,,,,,,,,,,,,,,,,,,
1676060277.216166,1676060277.216506,121.000000,0.000000,4325.641113,4285.512695,4321.794922,4350.512695,4438.717773,4311.666504,4303.205078,4309.358887,4301.538574,4299.358887,4570.769043,4518.333496,4384.358887,4455.641113,3236.000000,4.000000,85.000000,,,,0.000000,4.000000,4.000000,4.000000,4.000000,4.000000,4.000000,4.000000,4.000000,4.000000,4.000000,4.000000,4.000000,4.000000,4.000000,100.000000,,,,,,,,,,,,,,,,,,,,,,,,,,,,,,,,,,,,,,,,,,,,,,,,,,,,,,,,,,,,,,,,,,,,,,,,,,,,,,,,,,,,,,
1676060277.223974,1676060277.224315,122.000000,0.000000,4316.282227,4280.128418,4311.025879,4343.461426,4427.820313,4302.307617,4296.410156,4304.615234,4297.051270,4292.820313,4563.461426,4520.769043,4378.589844,4462.307617,2720.000000,4.000000,85.000000,,,,0.000000,4.000000,4.000000,4.000000,4.000000,4.000000,4.000000,4.000000,4.000000,4.000000,4.000000,4.000000,4.000000,4.000000,4.000000,100.000000,,,,,,,,,,,,,,,,,,,,,,,,,,,,,,,,,,,,,,,,,,,,,,,,,,,,,,,,,,,,,,,,,,,,,,,,,,,,,,,,,,,,,,
1676060277.231783,1676060277.232023,123.000000,0.000000,4311.922852,4270.256348,4307.051270,4334.102539,4422.563965,4296.922852,4293.461426,4302.820313,4293.461426,4278.461426,4564.487305,4520.256348,4377.051270,4470.769043,2915.000000,4.000000,85.000000,,,,0.000000,4.000000,4.000000,4.000000,4.000000,4.000000,4.000000,4.000000,4.000000,4.000000,4.000000,4.000000,4.000000,4.000000,4.000000,100.000000,,,,,,,,,,,,,,,,,,,,,,,,,,,,,,,,,,,,,,,,,,,,,,,,,,,,,,,,,,,,,,,,,,,,,,,,,,,,,,,,,,,,,,
1676060277.239591,1676060277.239832,124.000000,0.000000,4331.666504,4280.769043,4324.487305,4349.871582,4427.692383,4312.436035,4307.563965,4318.717773,4305.128418,4287.692383,4579.487305,4540.256348,4398.974121,4488.205078,3101.000000,4.000000,85.000000,,,,0.000000,4.000000,4.000000,4.000000,4.000000,4.000000,4.000000,4.000000,4.000000,4.000000,4.000000,4.000000,4.000000,4.000000,4.000000,100.000000,,,,,,,,,,,,,,,,,,,,,,,,,,,,,,,,,,,,,,,,,,,,,,,,,,,,,,,,,,,,,,,,,,,,,,,,,,,,,,,,,,,,,,
1676060277.247399,1676060277.247540,125.000000,0.000000,4335.128418,4287.692383,4323.846191,4354.615234,4417.820313,4312.051270,4303.077148,4316.410156,4298.717773,4280.000000,4565.641113,4538.717773,4384.102539,4476.538574,3236.000000,4.000000,85.000000,,,,0.000000,4.000000,4.000000,4.000000,4.000000,4.000000,4.000000,4.000000,4.000000,4.000000,4.000000,4.000000,4.000000,4.000000,4.000000,100.000000,,,,,,,,,,,,,,,,,,,,,,,,,,,,,,,,,,,,,,,,,,,,,,,,,,,,,,,,,,,,,,,,,,,,,,,,,,,,,,,,,,,,,,
1676060277.255208,1676060277.255349,126.000000,0.000000,4319.743652,4275.128418,4312.563965,4337.948730,4406.794922,4301.282227,4290.384766,4302.692383,4282.436035,4258.717773,4543.974121,4521.794922,4347.179688,4452.820313,2720.000000,4.000000,85.000000,,,,0.000000,4.000000,4.000000,4.000000,4.000000,4.000000,4.000000,4.000000,4.000000,4.000000,4.000000,4.000000,4.000000,4.000000,4.000000,100.000000,,,,,,,,,,,,,,,,,2.537848,8.041321,1.010019,1.239859,2.024063,25.921434,13.237651,4.118014,1.484028,1.584183,2.139676,8.663840,0.904951,1.330499,1.811516,9.485179,7.132708,1.500777,1.293997,1.566993,1.470625,2.942626,0.605404,0.677432,0.758494,3.255158,2.005512,1.227541,0.857567,0.802218,0.598793,0.723399,0.587179,0.853383,1.223154,1.549011,0.971491,0.667414,1.122316,1.595216,0.864336,1.323736,0.591244,1.212702,1.541847,1.678510,3.060776,1.204281,1.492657,1.925635,45.772438,16.013086,2.013174,2.574802,2.742605,1.959083,10.365841,1.630246,2.311995,2.856244,24.720573,14.215036,4.177814,1.956939,2.167155,27.865110,21.183029,6.367515,3.374816,3.434997
1676060277.263016,1676060277.263057,127.000000,0.000000,4333.205078,4288.461426,4335.641113,4348.589844,4416.410156,4313.717773,4312.436035,4324.615234,4301.153809,4280.512695,4579.871582,4551.794922,4377.307617,4480.769043,85.000000,4.000000,85.000000,,,,0.000000,4.000000,4.000000,4.000000,4.000000,4.000000,4.000000,4.000000,4.000000,4.000000,4.000000,4.000000,4.000000,4.000000,4.000000,100.000000,,,,,,,,,,,,,,,,,,,,,,,,,,,,,,,,,,,,,,,,,,,,,,,,,,,,,,,,,,,,,,,,,,,,,,,,,,,,,,,,,,,,,,
1676060277.270825,1676060277.270866,0.000000,0.000000,4350.384766,4309.871582,4349.871582,4364.102539,4413.077148,4312.820313,4321.794922,4336.153809,4311.410156,4301.666504,4605.384766,4569.743652,4406.538574,4500.897461,2530.000000,4.000000,85.000000,,,,0.000000,4.000000,4.000000,4.000000,4.000000,4.000000,4.000000,4.000000,4.000000,4.000000,4.000000,4.000000,4.000000,4.000000,4.000000,100.000000,,,,,,,,,,,,,,,,,,,,,,,,,,,,,,,,,,,,,,,,,,,,,,,,,,,,,,,,,,,,,,,,,,,,,,,,,,,,,,,,,,,,,,
1676060277.278633,1676060277.278574,1.000000,0.000000,4332.307617,4299.102539,4322.692383,4347.820313,4388.846191,4287.820313,4288.333496,4303.846191,4286.410156,4280.641113,4559.102539,4528.717773,4361.025879,4470.384766,2476.000000,4.000000,85.000000,,,,0.000000,4.000000,4.000000,4.000000,4.000000,4.000000,4.000000,4.000000,4.000000,4.000000,4.000000,4.000000,4.000000,4.000000,4.000000,100.000000,,,,,,,,,,,,,,,,,,,,,,,,,,,,,,,,,,,,,,,,,,,,,,,,,,,,,,,,,,,,,,,,,,,,,,,,,,,,,,,,,,,,,,
1676060277.286441,1676060277.286483,2.000000,0.000000,4329.743652,4306.538574,4319.102539,4347.692383,4387.307617,4291.410156,4281.794922,4295.897461,4282.436035,4276.153809,4534.871582,4514.358887,4338.974121,4470.256348,2404.000000,4.000000,85.000000,,,,0.000000,4.000000,4.000000,4.000000,4.000000,4.000000,4.000000,4.000000,4.000000,4.000000,4.000000,4.000000,4.000000,4.000000,4.000000,100.000000,,,,,,,,,,,,,,,,,,,,,,,,,,,,,,,,,,,,,,,,,,,,,,,,,,,,,,,,,,,,,,,,,,,,,,,,,,,,,,,,,,,,,,
1676060277.294250,1676060277.294291,3.000000,0.000000,4357.436035,4339.871582,4350.384766,4377.051270,4403.974121,4315.128418,4307.307617,4321.153809,4303.589844,4294.102539,4557.692383,4544.871582,4364.102539,4500.256348,2474.000000,4.000000,85.000000,,,,0.000000,4.000000,4.000000,4.000000,4.000000,4.000000,4.000000,4.000000,4.000000,4.000000,4.000000,4.000000,4.000000,4.000000,4.000000,100.000000,,,,,,,,,,,,,,,,,,,,,,,,,,,,,,,,,,,,,,,,,,,,,,,,,,,,,,,,,,,,,,,,,,,,,,,,,,,,,,,,,,,,,,
1676060277.302058,1676060277.302199,4.000000,0.000000,4359.230957,4338.077148,4351.282227,4376.410156,4395.256348,4312.051270,4305.000000,4321.282227,4301.025879,4284.487305,4541.538574,4544.102539,4348.717773,4483.077148,2429.000000,4.000000,85.000000,,,,0.000000,4.000000,4.000000,4.000000,4.000000,4.000000,4.000000,4.000000,4.000000,4.000000,4.000000,4.000000,4.000000,4.000000,4.000000,100.000000,,,,,,,,,,,,,,,,,,,,,,,,,,,,,,,,,,,,,,,,,,,,,,,,,,,,,,,,,,,,,,,,,,,,,,,,,,,,,,,,,,,,,,
1676060277.309867,1676060277.310008,5.000000,0.000000,4340.256348,4319.487305,4328.846191,4353.333496,4372.436035,4295.897461,4288.333496,4298.974121,4284.230957,4265.769043,4502.692383,4517.948730,4317.948730,4451.922852,2383.000000,4.000000,85.000000,,,,0.000000,4.000000,4.000000,4.000000,4.000000,4.000000,4.000000,4.000000,4.000000,4.000000,4.000000,4.000000,4.000000,4.000000,4.000000,100.000000,,,,,,,,,,,,,,,,,,,,,,,,,,,,,,,,,,,,,,,,,,,,,,,,,,,,,,,,,,,,,,,,,,,,,,,,,,,,,,,,,,,,,,
1676060277.317675,1676060277.317916,6.000000,0.000000,4339.615234,4320.256348,4325.512695,4356.153809,4369.743652,4292.436035,4290.512695,4294.230957,4279.615234,4263.717773,4499.230957,4515.769043,4322.307617,4461.153809,2232.000000,4.000000,85.000000,,,,0.000000,4.000000,4.000000,4.000000,4.000000,4.000000,4.000000,4.000000,4.000000,4.000000,4.000000,4.000000,4.000000,4.000000,4.000000,100.000000,,,,,,,,,,,,,,,,,,,,,,,,,,,,,,,,,,,,,,,,,,,,,,,,,,,,,,,,,,,,,,,,,,,,,,,,,,,,,,,,,,,,,,
1676060277.325483,1676060277.325725,7.000000,0.000000,4343.717773,4320.384766,4331.153809,4366.282227,4373.974121,4294.358887,4295.769043,4304.615234,4280.512695,4259.358887,4511.538574,4528.333496,4334.743652,4472.307617,2219.000000,4.000000,85.000000,,,,0.000000,4.000000,4.000000,4.000000,4.000000,4.000000,4.000000,4.000000,4.000000,4.000000,4.000000,4.000000,4.000000,4.000000,4.000000,100.000000,,,,,,,,,,,,,,,,,,,,,,,,,,,,,,,,,,,,,,,,,,,,,,,,,,,,,,,,,,,,,,,,,,,,,,,,,,,,,,,,,,,,,,
1676060277.333292,1676060277.333633,8.000000,0.000000,4344.358887,4322.563965,4336.025879,4363.974121,4372.563965,4305.128418,4305.641113,4314.102539,4287.179688,4265.384766,4520.384766,4537.436035,4351.153809,4475.384766,2277.000000,4.000000,85.000000,,,,0.000000,4.000000,4.000000,4.000000,4.000000,4.000000,4.000000,4.000000,4.000000,4.000000,4.000000,4.000000,4.000000,4.000000,4.000000,100.000000,,,,,,,,,,,,,,,,,,,,,,,,,,,,,,,,,,,,,,,,,,,,,,,,,,,,,,,,,,,,,,,,,,,,,,,,,,,,,,,,,,,,,,
1676060277.341100,1676060277.341441,9.000000,0.000000,4358.205078,4328.589844,4345.256348,4368.717773,4375.897461,4320.384766,4320.769043,4319.871582,4299.871582,4287.051270,4525.000000,4547.179688,4374.102539,4489.102539,2241.000000,4.000000,85.000000,,,,0.000000,4.000000,4.000000,4.000000,4.000000,4.000000,4.000000,4.000000,4.000000,4.000000,4.000000,4.000000,4.000000,4.000000,4.000000,100.000000,,,,,,,,,,,,,,,,,,,,,,,,,,,,,,,,,,,,,,,,,,,,,,,,,,,,,,,,,,,,,,,,,,,,,,,,,,,,,,,,,,,,,,
1676060277.348908,1676060277.349350,10.000000,0.000000,4361.410156,4317.820313,4342.179688,4371.410156,4373.717773,4319.615234,4314.743652,4317.692383,4298.333496,4291.666504,4515.384766,4541.538574,4375.769043,4492.307617,2720.000000,4.000000,85.000000,,,,0.000000,4.000000,4.000000,4.000000,4.000000,4.000000,4.000000,4.000000,4.000000,4.000000,4.000000,4.000000,4.000000,4.000000,4.000000,100.000000,,,,,,,,,,,,,,,,,,,,,,,,,,,,,,,,,,,,,,,,,,,,,,,,,,,,,,,,,,,,,,,,,,,,,,,,,,,,,,,,,,,,,,
1676060277.356717,1676060277.357158,11.000000,0.000000,4342.948730,4304.230957,4327.051270,4357.563965,4358.974121,4308.974121,4293.461426,4306.922852,4282.307617,4278.717773,4502.179688,4523.205078,4369.230957,4483.205078,2910.000000,4.000000,85.000000,,,,0.000000,4.000000,4.000000,4.000000,4.000000,4.000000,4.000000,4.000000,4.000000,4.000000,4.000000,4.000000,4.000000,4.000000,4.000000,100.000000,,,,,,,,,,,,,,,,,,,,,,,,,,,,,,,,,,,,,,,,,,,,,,,,,,,,,,,,,,,,,,,,,,,,,,,,,,,,,,,,,,,,,,
1676060277.364525,1676060277.364867,12.000000,0.000000,4334.358887,4296.666504,4326.410156,4347.692383,4351.538574,4306.410156,4289.358887,4300.769043,4279.358887,4273.717773,4503.846191,4525.128418,4382.692383,4484.615234,3111.000000,4.000000,85.000000,,,,0.000000,4.000000,4.000000,4.000000,4.000000,4.000000,4.000000,4.000000,4.000000,4.000000,4.000000,4.000000,4.000000,4.000000,4.000000,100.000000,,,,,,,,,,,,,,,,,,,,,,,,,,,,,,,,,,,,,,,,,,,,,,,,,,,,,,,,,,,,,,,,,,,,,,,,,,,,,,,,,,,,,,
1676060277.372334,1676060277.372675,13.000000,0.000000,4356.538574,4300.128418,4348.846191,4361.153809,4361.666504,4314.871582,4306.922852,4318.589844,4302.692383,4293.205078,4526.025879,4558.589844,4414.230957,4508.461426,3234.000000,4.000000,85.000000,,,,0.000000,4.000000,4.000000,4.000000,4.000000,4.000000,4.000000,4.000000,4.000000,4.000000,4.000000,4.000000,4.000000,4.000000,4.000000,100.000000,,,,,,,,,,,,,,,,,,,,,,,,,,,,,,,,,,,,,,,,,,,,,,,,,,,,,,,,,,,,,,,,,,,,,,,,,,,,,,,,,,,,,,
1676060277.380142,1676060277.380384,14.000000,0.000000,4365.512695,4297.820313,4351.666504,4360.384766,4357.307617,4313.077148,4308.461426,4329.358887,4312.436035,4298.333496,4534.102539,4568.077148,4422.563965,4520.128418,2720.000000,4.000000,85.000000,,,,0.000000,4.000000,4.000000,4.000000,4.000000,4.000000,4.000000,4.000000,4.000000,4.000000,4.000000,4.000000,4.000000,4.000000,4.000000,100.000000,1.000000,25.000000,3.000000,4.000000,1.000000,4.000000,3.000000,3.000000,3.000000,3.000000,4.000000,4.000000,1.000000,1.000000,3.000000,1.000000,2.630790,8.222650,0.694274,1.379370,1.906560,24.137312,12.684312,4.262811,1.498083,1.459212,1.835994,8.516089,0.736281,1.514769,1.713417,8.831187,7.225811,1.373414,1.304788,1.481034,1.204370,2.961272,0.466899,0.719107,0.760296,1.855381,1.305870,0.775185,0.744271,0.809866,0.533180,0.661087,0.533708,0.928166,1.148825,1.290560,0.936960,0.616092,1.197859,1.453104,0.874800,1.393630,0.667888,1.250807,1.399012,1.601013,3.278170,1.308053,1.694062,1.771131,68.242729,19.228472,2.235179,3.055334,2.494031,1.445417,10.482097,1.793486,2.703365,2.655370,23.177206,14.894840,4.909712,2.307308,1.966942,22.331171,18.756239,5.282770,3.427178,3.037464
1676060277.387950,1676060277.388192,15.000000,0.000000,4324.230957,4266.410156,4314.102539,4324.871582,4332.820313,4295.769043,4285.769043,4307.948730,4286.794922,4266.410156,4500.897461,4527.692383,4391.794922,4488.077148,2910.000000,4.000000,85.000000,,,,0.000000,4.000000,4.000000,4.000000,4.000000,4.000000,4.000000,4.000000,4.000000,4.000000,4.000000,4.000000,4.000000,4.000000,4.000000,100.000000,,,,,,,,,,,,,,,,,,,,,,,,,,,,,,,,,,,,,,,,,,,,,,,,,,,,,,,,,,,,,,,,,,,,,,,,,,,,,,,,,,,,,,
1676060277.395759,1676060277.395901,16.000000,0.000000,4309.615234,4264.871582,4303.717773,4320.641113,4337.179688,4296.922852,4287.179688,4303.589844,4280.256348,4261.922852,4486.025879,4517.692383,4383.974121,4472.051270,0.000000,4.000000,85.000000,,,,0.000000,4.000000,4.000000,4.000000,4.000000,4.000000,4.000000,4.000000,4.000000,4.000000,4.000000,4.000000,4.000000,4.000000,4.000000,100.000000,,,,,,,,,,,,,,,,,,,,,,,,,,,,,,,,,,,,,,,,,,,,,,,,,,,,,,,,,,,,,,,,,,,,,,,,,,,,,,,,,,,,,,
1676060277.403567,1676060277.403709,17.000000,0.000000,4345.384766,4305.897461,4331.410156,4352.051270,4362.307617,4313.461426,4308.205078,4323.077148,4303.846191,4296.538574,4497.307617,4544.230957,4397.051270,4490.641113,0.000000,4.000000,85.000000,,,,0.000000,4.000000,4.000000,4.000000,4.000000,4.000000,4.000000,4.000000,4.000000,4.000000,4.000000,4.000000,4.000000,4.000000,4.000000,100.000000,,,,,,,,,,,,,,,,,,,,,,,,,,,,,,,,,,,,,,,,,,,,,,,,,,,,,,,,,,,,,,,,,,,,,,,,,,,,,,,,,,,,,,
1676060277.411375,1676060277.411418,18.000000,0.000000,4342.307617,4313.077148,4323.461426,4347.436035,4355.384766,4309.615234,4299.871582,4314.871582,4298.077148,4291.666504,4467.563965,4523.333496,4368.846191,4470.769043,0.000000,4.000000,85.000000,,,,0.000000,4.000000,4.000000,4.000000,4.000000,4.000000,4.000000,4.000000,4.000000,4.000000,4.000000,4.000000,4.000000,4.000000,4.000000,100.000000,,,,,,,,,,,,,,,,,,,,,,,,,,,,,,,,,,,,,,,,,,,,,,,,,,,,,,,,,,,,,,,,,,,,,,,,,,,,,,,,,,,,,,
1676060277.419184,1676060277.419226,19.000000,0.000000,4317.948730,4302.307617,4307.563965,4333.077148,4341.025879,4301.794922,4290.769043,4303.205078,4283.846191,4267.051270,4438.717773,4496.282227,4347.051270,4443.846191,0.000000,4.000000,85.000000,,,,0.000000,4.000000,4.000000,4.000000,4.000000,4.000000,4.000000,4.000000,4.000000,4.000000,4.000000,4.000000,4.000000,4.000000,4.000000,100.000000,,,,,,,,,,,,,,,,,,,,,,,,,,,,,,,,,,,,,,,,,,,,,,,,,,,,,,,,,,,,,,,,,,,,,,,,,,,,,,,,,,,,,,
1676060277.426992,1676060277.426935,20.000000,0.000000,4336.922852,4326.410156,4329.230957,4352.179688,4352.563965,4313.846191,4307.179688,4321.025879,4302.692383,4283.333496,4462.051270,4521.282227,4375.000000,4472.820313,0.000000,4.000000,85.000000,,,,0.000000,4.000000,4.000000,4.000000,4.000000,4.000000,4.000000,4.000000,4.000000,4.000000,4.000000,4.000000,4.000000,4.000000,4.000000,100.000000,,,,,,,,,,,,,,,,,,,,,,,,,,,,,,,,,,,,,,,,,,,,,,,,,,,,,,,,,,,,,,,,,,,,,,,,,,,,,,,,,,,,,,
1676060277.434801,1676060277.434743,21.000000,0.000000,4337.307617,4329.102539,4320.128418,4347.948730,4347.307617,4309.743652,4297.051270,4310.128418,4294.743652,4281.410156,4452.820313,4514.743652,4369.871582,4467.948730,0.000000,4.000000,85.000000,,,,0.000000,4.000000,4.000000,4.000000,4.000000,4.000000,4.000000,4.000000,4.000000,4.000000,4.000000,4.000000,4.000000,4.000000,4.000000,100.000000,,,,,,,,,,,,,,,,,,,,,,,,,,,,,,,,,,,,,,,,,,,,,,,,,,,,,,,,,,,,,,,,,,,,,,,,,,,,,,,,,,,,,,
1676060277.442609,1676060277.442452,22.000000,0.000000,4304.743652,4303.974121,4288.717773,4323.077148,4324.102539,4291.794922,4271.025879,4275.769043,4256.794922,4245.256348,4410.641113,4471.794922,4333.846191,4427.051270,0.000000,4.000000,85.000000,,,,0.000000,4.000000,4.000000,4.000000,4.000000,4.000000,4.000000,4.000000,4.000000,4.000000,4.000000,4.000000,4.000000,4.000000,4.000000,100.000000,,,,,,,,,,,,,,,,,,,,,,,,,,,,,,,,,,,,,,,,,,,,,,,,,,,,,,,,,,,,,,,,,,,,,,,,,,,,,,,,,,,,,,
1676060277.450417,1676060277.450260,23.000000,0.000000,4311.410156,4311.538574,4303.717773,4332.692383,4322.436035,4293.974121,4276.922852,4282.179688,4262.436035,4245.384766,4415.384766,4477.948730,4340.641113,4442.563965,0.000000,4.000000,85.000000,,,,0.000000,4.000000,4.000000,4.000000,4.000000,4.000000,4.000000,4.000000,4.000000,4.000000,4.000000,4.000000,4.000000,4.000000,4.000000,100.000000,,,,,,,,,,,,,,,,,,,,,,,,,,,,,,,,,,,,,,,,,,,,,,,,,,,,,,,,,,,,,,,,,,,,,,,,,,,,,,,,,,,,,,
1676060277.458226,1676060277.457969,24.000000,0.000000,4337.692383,4333.974121,4327.563965,4349.743652,4330.000000,4302.179688,4289.871582,4302.436035,4286.282227,4275.000000,4434.615234,4505.897461,4358.077148,4468.077148,0.000000,4.000000,85.000000,,,,0.000000,4.000000,4.000000,4.000000,4.000000,4.000000,4.000000,4.000000,4.000000,4.000000,4.000000,4.000000,4.000000,4.000000,4.000000,100.000000,,,,,,,,,,,,,,,,,,,,,,,,,,,,,,,,,,,,,,,,,,,,,,,,,,,,,,,,,,,,,,,,,,,,,,,,,,,,,,,,,,,,,,
1676060277.466034,1676060277.465877,25.000000,0.000000,4347.436035,4349.487305,4328.589844,4356.025879,4331.794922,4310.512695,4290.769043,4296.922852,4283.589844,4284.743652,4432.436035,4513.846191,4360.128418,4463.077148,0.000000,4.000000,85.000000,,,,0.000000,4.000000,4.000000,4.000000,4.000000,4.000000,4.000000,4.000000,4.000000,4.000000,4.000000,4.000000,4.000000,4.000000,4.000000,100.000000,,,,,,,,,,,,,,,,,,,,,,,,,,,,,,,,,,,,,,,,,,,,,,,,,,,,,,,,,,,,,,,,,,,,,,,,,,,,,,,,,,,,,,
1676060277.473843,1676060277.473686,26.000000,0.000000,4352.692383,4364.358887,4335.000000,4365.256348,4334.487305,4316.410156,4293.974121,4295.256348,4283.077148,4282.436035,4438.589844,4521.666504,4364.358887,4467.948730,0.000000,4.000000,85.000000,,,,0.000000,4.000000,4.000000,4.000000,4.000000,4.000000,4.000000,4.000000,4.000000,4.000000,4.000000,4.000000,4.000000,4.000000,4.000000,100.000000,,,,,,,,,,,,,,,,,,,,,,,,,,,,,,,,,,,,,,,,,,,,,,,,,,,,,,,,,,,,,,,,,,,,,,,,,,,,,,,,,,,,,,
1676060277.481651,1676060277.481594,27.000000,0.000000,4348.846191,4369.743652,4343.333496,4370.897461,4338.333496,4312.948730,4296.922852,4313.077148,4297.820313,4286.666504,4456.922852,4528.205078,4365.128418,4475.256348,0.000000,4.000000,85.000000,,,,0.000000,4.000000,4.000000,4.000000,4.000000,4.000000,4.000000,4.000000,4.000000,4.000000,4.000000,4.000000,4.000000,4.000000,4.000000,100.000000,,,,,,,,,,,,,,,,,,,,,,,,,,,,,,,,,,,,,,,,,,,,,,,,,,,,,,,,,,,,,,,,,,,,,,,,,,,,,,,,,,,,,,
1676060277.489459,1676060277.489402,28.000000,0.000000,4336.153809,4365.384766,4339.487305,4367.820313,4335.512695,4308.077148,4296.025879,4322.436035,4302.179688,4287.436035,4458.333496,4522.179688,4356.538574,4463.333496,0.000000,4.000000,85.000000,,,,0.000000,4.000000,4.000000,4.000000,4.000000,4.000000,4.000000,4.000000,4.000000,4.000000,4.000000,4.000000,4.000000,4.000000,4.000000,100.000000,,,,,,,,,,,,,,,,,,,,,,,,,,,,,,,,,,,,,,,,,,,,,,,,,,,,,,,,,,,,,,,,,,,,,,,,,,,,,,,,,,,,,,
1676060277.497268,1676060277.497311,29.000000,0.000000,4323.974121,4353.974121,4324.615234,4355.512695,4321.410156,4304.230957,4292.948730,4310.384766,4289.102539,4271.025879,4432.436035,4507.563965,4340.128418,4442.051270,0.000000,4.000000,85.000000,,,,0.000000,4.000000,4.000000,4.000000,4.000000,4.000000,4.000000,4.000000,4.000000,4.000000,4.000000,4.000000,4.000000,4.000000,4.000000,100.000000,,,,,,,,,,,,,,,,,,,,,,,,,,,,,,,,,,,,,,,,,,,,,,,,,,,,,,,,,,,,,,,,,,,,,,,,,,,,,,,,,,,,,,
1676060277.505076,1676060277.505119,30.000000,0.000000,4314.230957,4337.307617,4308.717773,4342.051270,4309.871582,4301.538574,4287.307617,4301.410156,4277.179688,4256.538574,4407.436035,4493.589844,4326.922852,4428.461426,0.000000,4.000000,85.000000,,,,0.000000,4.000000,4.000000,4.000000,4.000000,4.000000,4.000000,4.000000,4.000000,4.000000,4.000000,4.000000,4.000000,4.000000,4.000000,100.000000,,,,,,,,,,,,,,,,,2.654000,7.830307,0.517517,1.562233,1.733893,21.201990,11.330480,4.151646,1.539237,1.296878,1.573311,7.739340,0.727401,1.692616,1.586748,7.881423,6.927511,1.281048,1.334386,1.369469,1.385626,2.836964,0.373378,0.748972,0.761712,0.922574,0.809888,0.473379,0.696293,0.810611,0.442776,0.583703,0.577423,1.039889,1.094727,1.097408,0.904195,0.660756,1.282013,1.311166,0.855608,1.389840,0.797020,1.244604,1.270841,1.434809,3.188059,1.462608,1.918568,1.567682,95.422333,21.827806,2.958773,3.532305,2.258409,1.230834,9.660805,2.130071,3.083176,2.400872,20.822962,14.162402,5.568644,2.635942,1.795435,15.658763,15.048427,4.269089,3.457777,2.546124
1676060277.512885,1676060277.513027,31.000000,0.000000,4310.769043,4328.717773,4305.897461,4338.589844,4307.820313,4299.358887,4288.461426,4308.589844,4278.717773,4267.436035,4410.256348,4489.743652,4331.666504,4434.487305,0.000000,4.000000,85.000000,,,,0.000000,4.000000,4.000000,4.000000,4.000000,4.000000,4.000000,4.000000,4.000000,4.000000,4.000000,4.000000,4.000000,4.000000,4.000000,100.000000,,,,,,,,,,,,,,,,,,,,,,,,,,,,,,,,,,,,,,,,,,,,,,,,,,,,,,,,,,,,,,,,,,,,,,,,,,,,,,,,,,,,,,
1676060277.520693,1676060277.520836,32.000000,0.000000,4310.512695,4326.666504,4310.897461,4336.153809,4302.563965,4299.615234,4294.102539,4314.102539,4288.077148,4283.333496,4423.333496,4496.666504,4348.589844,4446.153809,0.000000,4.000000,85.000000,,,,0.000000,4.000000,4.000000,4.000000,4.000000,4.000000,4.000000,4.000000,4.000000,4.000000,4.000000,4.000000,4.000000,4.000000,4.000000,100.000000,,,,,,,,,,,,,,,,,,,,,,,,,,,,,,,,,,,,,,,,,,,,,,,,,,,,,,,,,,,,,,,,,,,,,,,,,,,,,,,,,,,,,,
1676060277.528501,1676060277.528744,33.000000,0.000000,4306.922852,4316.025879,4310.128418,4330.512695,4296.153809,4303.974121,4296.282227,4311.922852,4293.589844,4280.769043,4427.051270,4503.846191,4361.025879,4442.820313,0.000000,4.000000,85.000000,,,,0.000000,4.000000,4.000000,4.000000,4.000000,4.000000,4.000000,4.000000,4.000000,4.000000,4.000000,4.000000,4.000000,4.000000,4.000000,100.000000,,,,,,,,,,,,,,,,,,,,,,,,,,,,,,,,,,,,,,,,,,,,,,,,,,,,,,,,,,,,,,,,,,,,,,,,,,,,,,,,,,,,,,
1676060277.536310,1676060277.536553,34.000000,0.000000,4308.717773,4311.538574,4309.615234,4333.461426,4297.948730,4307.692383,4295.128418,4312.820313,4296.025879,4276.282227,4430.512695,4508.589844,4366.025879,4441.666504,0.000000,4.000000,85.000000,,,,0.000000,4.000000,4.000000,4.000000,4.000000,4.000000,4.000000,4.000000,4.000000,4.000000,4.000000,4.000000,4.000000,4.000000,4.000000,100.000000,,,,,,,,,,,,,,,,,,,,,,,,,,,,,,,,,,,,,,,,,,,,,,,,,,,,,,,,,,,,,,,,,,,,,,,,,,,,,,,,,,,,,,
1676060277.544118,1676060277.544461,35.000000,0.000000,4314.743652,4321.153809,4313.589844,4334.102539,4293.846191,4296.538574,4285.256348,4305.769043,4294.743652,4282.563965,4422.051270,4505.000000,4359.871582,4445.512695,0.000000,4.000000,85.000000,,,,0.000000,4.000000,4.000000,4.000000,4.000000,4.000000,4.000000,4.000000,4.000000,4.000000,4.000000,4.000000,4.000000,4.000000,4.000000,100.000000,,,,,,,,,,,,,,,,,,,,,,,,,,,,,,,,,,,,,,,,,,,,,,,,,,,,,,,,,,,,,,,,,,,,,,,,,,,,,,,,,,,,,,
1676060277.551926,1676060277.552270,36.000000,0.000000,4319.743652,4325.128418,4321.025879,4334.871582,4290.769043,4288.717773,4279.230957,4294.871582,4291.282227,4281.410156,4413.589844,4502.692383,4355.641113,4446.666504,0.000000,4.000000,85.000000,,,,0.000000,4.000000,4.000000,4.000000,4.000000,4.000000,4.000000,4.000000,4.000000,4.000000,4.000000,4.000000,4.000000,4.000000,4.000000,100.000000,,,,,,,,,,,,,,,,,,,,,,,,,,,,,,,,,,,,,,,,,,,,,,,,,,,,,,,,,,,,,,,,,,,,,,,,,,,,,,,,,,,,,,
1676060277.559735,1676060277.559978,37.000000,0.000000,4330.641113,4327.179688,4332.179688,4352.179688,4303.077148,4302.563965,4290.000000,4301.538574,4293.717773,4276.410156,4427.307617,4514.102539,4372.948730,4455.897461,0.000000,4.000000,85.000000,,,,0.000000,4.000000,4.000000,4.000000,4.000000,4.000000,4.000000,4.000000,4.000000,4.000000,4.000000,4.000000,4.000000,4.000000,4.000000,100.000000,,,,,,,,,,,,,,,,,,,,,,,,,,,,,,,,,,,,,,,,,,,,,,,,,,,,,,,,,,,,,,,,,,,,,,,,,,,,,,,,,,,,,,
1676060277.567543,1676060277.567787,38.000000,0.000000,4349.871582,4343.461426,4345.641113,4370.769043,4315.641113,4313.846191,4300.384766,4313.461426,4300.769043,4285.769043,4446.153809,4529.743652,4394.743652,4472.051270,0.000000,4.000000,85.000000,,,,0.000000,4.000000,4.000000,4.000000,4.000000,4.000000,4.000000,4.000000,4.000000,4.000000,4.000000,4.000000,4.000000,4.000000,4.000000,100.000000,,,,,,,,,,,,,,,,,,,,,,,,,,,,,,,,,,,,,,,,,,,,,,,,,,,,,,,,,,,,,,,,,,,,,,,,,,,,,,,,,,,,,,
1676060277.575352,1676060277.575495,39.000000,0.000000,4354.615234,4352.307617,4347.436035,4367.820313,4312.051270,4311.410156,4297.051270,4313.974121,4305.256348,4299.871582,4448.846191,4532.692383,4398.205078,4477.307617,0.000000,4.000000,85.000000,,,,0.000000,4.000000,4.000000,4.000000,4.000000,4.000000,4.000000,4.000000,4.000000,4.000000,4.000000,4.000000,4.000000,4.000000,4.000000,100.000000,,,,,,,,,,,,,,,,,,,,,,,,,,,,,,,,,,,,,,,,,,,,,,,,,,,,,,,,,,,,,,,,,,,,,,,,,,,,,,,,,,,,,,
1676060277.583160,1676060277.583304,40.000000,0.000000,4330.000000,4324.102539,4325.128418,4342.948730,4299.102539,4307.179688,4286.153809,4306.153809,4293.974121,4293.974121,4434.871582,4510.897461,4381.410156,4456.410156,0.000000,4.000000,85.000000,,,,0.000000,4.000000,4.000000,4.000000,4.000000,4.000000,4.000000,4.000000,4.000000,4.000000,4.000000,4.000000,4.000000,4.000000,4.000000,100.000000,,,,,,,,,,,,,,,,,,,,,,,,,,,,,,,,,,,,,,,,,,,,,,,,,,,,,,,,,,,,,,,,,,,,,,,,,,,,,,,,,,,,,,
1676060277.590968,1676060277.591012,41.000000,0.000000,4307.307617,4295.000000,4305.512695,4323.077148,4292.051270,4309.487305,4288.717773,4305.641113,4283.333496,4281.794922,4431.922852,4490.641113,4371.538574,4440.512695,0.000000,4.000000,85.000000,,,,0.000000,4.000000,4.000000,4.000000,4.000000,4.000000,4.000000,4.000000,4.000000,4.000000,4.000000,4.000000,4.000000,4.000000,4.000000,100.000000,,,,,,,,,,,,,,,,,,,,,,,,,,,,,,,,,,,,,,,,,,,,,,,,,,,,,,,,,,,,,,,,,,,,,,,,,,,,,,,,,,,,,,
1676060277.598777,1676060277.598920,42.000000,0.000000,4302.051270,4296.025879,4300.512695,4316.538574,4286.794922,4305.512695,4296.282227,4309.230957,4284.230957,4279.743652,4440.641113,4489.358887,4374.615234,4450.641113,0.000000,4.000000,85.000000,,,,0.000000,4.000000,4.000000,4.000000,4.000000,4.000000,4.000000,4.000000,4.000000,4.000000,4.000000,4.000000,4.000000,4.000000,4.000000,100.000000,,,,,,,,,,,,,,,,,,,,,,,,,,,,,,,,,,,,,,,,,,,,,,,,,,,,,,,,,,,,,,,,,,,,,,,,,,,,,,,,,,,,,,
1676060277.606585,1676060277.606729,43.000000,0.000000,4294.230957,4293.205078,4294.230957,4308.589844,4277.051270,4294.615234,4289.230957,4305.897461,4279.871582,4269.615234,4442.436035,4488.589844,4373.589844,4460.256348,0.000000,4.000000,85.000000,,,,0.000000,4.000000,4.000000,4.000000,4.000000,4.000000,4.000000,4.000000,4.000000,4.000000,4.000000,4.000000,4.000000,4.000000,4.000000,100.000000,,,,,,,,,,,,,,,,,,,,,,,,,,,,,,,,,,,,,,,,,,,,,,,,,,,,,,,,,,,,,,,,,,,,,,,,,,,,,,,,,,,,,,
1676060277.614393,1676060277.614637,44.000000,0.000000,4290.000000,4287.436035,4299.102539,4307.051270,4275.641113,4299.358887,4287.307617,4308.974121,4284.615234,4268.461426,4446.538574,4488.589844,4376.025879,4473.589844,0.000000,4.000000,85.000000,,,,0.000000,4.000000,4.000000,4.000000,4.000000,4.000000,4.000000,4.000000,4.000000,4.000000,4.000000,4.000000,4.000000,4.000000,4.000000,100.000000,,,,,,,,,,,,,,,,,,,,,,,,,,,,,,,,,,,,,,,,,,,,,,,,,,,,,,,,,,,,,,,,,,,,,,,,,,,,,,,,,,,,,,
1676060277.622202,1676060277.622446,45.000000,0.000000,4295.384766,4297.051270,4308.717773,4313.846191,4281.794922,4313.077148,4299.743652,4317.179688,4299.358887,4283.589844,4458.717773,4493.461426,4383.974121,4509.358887,0.000000,4.000000,85.000000,,,,0.000000,4.000000,4.000000,4.000000,4.000000,4.000000,4.000000,4.000000,4.000000,4.000000,4.000000,4.000000,4.000000,4.000000,4.000000,100.000000,,,,,,,,,,,,,,,,,,,,,,,,,,,,,,,,,,,,,,,,,,,,,,,,,,,,,,,,,,,,,,,,,,,,,,,,,,,,,,,,,,,,,,
1676060277.630010,1676060277.630254,46.000000,0.000000,4300.000000,4302.820313,4305.641113,4317.051270,4282.436035,4315.000000,4302.179688,4317.179688,4300.641113,4279.871582,4464.487305,4496.153809,4387.948730,4532.820313,0.000000,4.000000,85.000000,,,,0.000000,4.000000,4.000000,4.000000,4.000000,4.000000,4.000000,4.000000,4.000000,4.000000,4.000000,4.000000,4.000000,4.000000,4.000000,100.000000,,,,,,,,,,,,,,,,,2.480177,6.960950,0.452955,1.740774,1.555012,17.691662,9.517810,3.736329,1.609863,1.138852,1.360303,6.576234,0.829530,1.826844,1.456676,6.705948,6.312816,1.195991,1.369965,1.252767,1.838842,2.602758,0.324237,0.757479,0.760433,0.478379,0.541090,0.311747,0.697661,0.804608,0.348093,0.526511,0.663596,1.159185,1.069786,0.905547,0.861862,0.742691,1.337926,1.197916,0.811671,1.330407,0.947641,1.205078,1.182129,1.214067,2.835975,1.610671,2.093177,1.368562,121.437012,23.405397,4.002080,3.871424,2.089818,1.404185,8.202051,2.485297,3.360687,2.157875,18.243233,12.428432,5.917633,2.851777,1.696091,9.934098,11.176955,3.483287,3.463199,2.091568
1676060277.637819,1676060277.637963,47.000000,0.000000,4304.230957,4299.487305,4302.820313,4313.333496,4275.897461,4309.487305,4292.436035,4308.205078,4293.717773,4266.153809,4455.897461,4492.436035,4382.692383,4515.641113,0.000000,4.000000,85.000000,,,,0.000000,4.000000,4.000000,4.000000,4.000000,4.000000,4.000000,4.000000,4.000000,4.000000,4.000000,4.000000,4.000000,4.000000,4.000000,100.000000,,,,,,,,,,,,,,,,,,,,,,,,,,,,,,,,,,,,,,,,,,,,,,,,,,,,,,,,,,,,,,,,,,,,,,,,,,,,,,,,,,,,,,
1676060277.645627,1676060277.645871,48.000000,0.000000,4307.307617,4305.000000,4307.692383,4309.871582,4273.077148,4308.717773,4290.000000,4298.333496,4291.153809,4270.000000,4439.743652,4487.692383,4370.256348,4492.307617,0.000000,4.000000,85.000000,,,,0.000000,4.000000,4.000000,4.000000,4.000000,4.000000,4.000000,4.000000,4.000000,4.000000,4.000000,4.000000,4.000000,4.000000,4.000000,100.000000,,,,,,,,,,,,,,,,,,,,,,,,,,,,,,,,,,,,,,,,,,,,,,,,,,,,,,,,,,,,,,,,,,,,,,,,,,,,,,,,,,,,,,
1676060277.653435,1676060277.653679,49.000000,0.000000,4309.358887,4317.051270,4317.820313,4318.717773,4278.077148,4311.922852,4297.436035,4299.615234,4293.717773,4282.563965,4431.794922,4491.922852,4365.512695,4488.461426,0.000000,4.000000,85.000000,,,,0.000000,4.000000,4.000000,4.000000,4.000000,4.000000,4.000000,4.000000,4.000000,4.000000,4.000000,4.000000,4.000000,4.000000,4.000000,100.000000,,,,,,,,,,,,,,,,,,,,,,,,,,,,,,,,,,,,,,,,,,,,,,,,,,,,,,,,,,,,,,,,,,,,,,,,,,,,,,,,,,,,,,
1676060277.661244,1676060277.661588,50.000000,0.000000,4320.256348,4326.282227,4331.666504,4335.512695,4284.615234,4314.102539,4307.436035,4310.128418,4301.666504,4288.974121,4442.179688,4506.922852,4376.282227,4493.461426,0.000000,4.000000,85.000000,,,,0.000000,4.000000,4.000000,4.000000,4.000000,4.000000,4.000000,4.000000,4.000000,4.000000,4.000000,4.000000,4.000000,4.000000,4.000000,100.000000,,,,,,,,,,,,,,,,,,,,,,,,,,,,,,,,,,,,,,,,,,,,,,,,,,,,,,,,,,,,,,,,,,,,,,,,,,,,,,,,,,,,,,
1676060277.669052,1676060277.669396,51.000000,0.000000,4327.820313,4331.538574,4333.846191,4334.871582,4283.589844,4311.025879,4310.256348,4310.256348,4302.820313,4288.974121,4441.282227,4513.205078,4382.307617,4493.461426,0.000000,4.000000,85.000000,,,,0.000000,4.000000,4.000000,4.000000,4.000000,4.000000,4.000000,4.000000,4.000000,4.000000,4.000000,4.000000,4.000000,4.000000,4.000000,100.000000,,,,,,,,,,,,,,,,,,,,,,,,,,,,,,,,,,,,,,,,,,,,,,,,,,,,,,,,,,,,,,,,,,,,,,,,,,,,,,,,,,,,,,
1676060277.676860,1676060277.677305,52.000000,0.000000,4326.153809,4330.897461,4328.205078,4326.410156,4280.769043,4308.717773,4307.563965,4309.102539,4295.128418,4291.922852,4431.410156,4509.230957,4379.615234,4492.307617,0.000000,4.000000,85.000000,,,,0.000000,4.000000,4.000000,4.000000,4.000000,4.000000,4.000000,4.000000,4.000000,4.000000,4.000000,4.000000,4.000000,4.000000,4.000000,100.000000,,,,,,,,,,,,,,,,,,,,,,,,,,,,,,,,,,,,,,,,,,,,,,,,,,,,,,,,,,,,,,,,,,,,,,,,,,,,,,,,,,,,,,
1676060277.684669,1676060277.685113,53.000000,0.000000,4319.102539,4323.077148,4328.974121,4327.436035,4277.179688,4310.897461,4305.769043,4318.333496,4295.000000,4291.922852,4435.769043,4505.512695,4384.230957,4490.512695,0.000000,4.000000,85.000000,,,,0.000000,4.000000,4.000000,4.000000,4.000000,4.000000,4.000000,4.000000,4.000000,4.000000,4.000000,4.000000,4.000000,4.000000,4.000000,100.000000,,,,,,,,,,,,,,,,,,,,,,,,,,,,,,,,,,,,,,,,,,,,,,,,,,,,,,,,,,,,,,,,,,,,,,,,,,,,,,,,,,,,,,
1676060277.692477,1676060277.693021,54.000000,0.000000,4304.102539,4314.358887,4318.974121,4321.282227,4270.256348,4313.077148,4297.692383,4318.077148,4298.461426,4282.307617,4435.897461,4496.153809,4390.512695,4479.871582,0.000000,4.000000,85.000000,,,,0.000000,4.000000,4.000000,4.000000,4.000000,4.000000,4.000000,4.000000,4.000000,4.000000,4.000000,4.000000,4.000000,4.000000,4.000000,100.000000,,,,,,,,,,,,,,,,,,,,,,,,,,,,,,,,,,,,,,,,,,,,,,,,,,,,,,,,,,,,,,,,,,,,,,,,,,,,,,,,,,,,,,
1676060277.700286,1676060277.700830,55.000000,0.000000,4293.589844,4307.179688,4299.102539,4306.922852,4261.153809,4308.205078,4286.666504,4310.769043,4298.974121,4281.794922,4420.000000,4482.436035,4385.128418,4464.102539,0.000000,4.000000,85.000000,,,,0.000000,4.000000,4.000000,4.000000,4.000000,4.000000,4.000000,4.000000,4.000000,4.000000,4.000000,4.000000,4.000000,4.000000,4.000000,100.000000,,,,,,,,,,,,,,,,,,,,,,,,,,,,,,,,,,,,,,,,,,,,,,,,,,,,,,,,,,,,,,,,,,,,,,,,,,,,,,,,,,,,,,
1676060277.708094,1676060277.708738,56.000000,0.000000,4287.179688,4296.282227,4288.077148,4295.769043,4248.077148,4295.641113,4276.538574,4304.743652,4290.128418,4284.743652,4402.307617,4466.666504,4367.563965,4444.743652,0.000000,4.000000,85.000000,,,,0.000000,4.000000,4.000000,4.000000,4.000000,4.000000,4.000000,4.000000,4.000000,4.000000,4.000000,4.000000,4.000000,4.000000,4.000000,100.000000,,,,,,,,,,,,,,,,,,,,,,,,,,,,,,,,,,,,,,,,,,,,,,,,,,,,,,,,,,,,,,,,,,,,,,,,,,,,,,,,,,,,,,
1676060277.715902,1676060277.716547,57.000000,0.000000,4279.487305,4293.846191,4292.307617,4292.051270,4245.769043,4295.128418,4276.538574,4304.487305,4286.666504,4276.666504,4403.589844,4465.128418,4365.512695,4442.948730,0.000000,4.000000,85.000000,,,,0.000000,4.000000,4.000000,4.000000,4.000000,4.000000,4.000000,4.000000,4.000000,4.000000,4.000000,4.000000,4.000000,4.000000,4.000000,100.000000,,,,,,,,,,,,,,,,,,,,,,,,,,,,,,,,,,,,,,,,,,,,,,,,,,,,,,,,,,,,,,,,,,,,,,,,,,,,,,,,,,,,,,
1676060277.723711,1676060277.724455,58.000000,0.000000,4280.128418,4302.820313,4308.461426,4297.692383,4256.282227,4309.487305,4293.205078,4318.589844,4307.179688,4285.256348,4421.538574,4486.410156,4384.487305,4460.384766,0.000000,4.000000,85.000000,,,,0.000000,4.000000,4.000000,4.000000,4.000000,4.000000,4.000000,4.000000,4.000000,4.000000,4.000000,4.000000,4.000000,4.000000,4.000000,100.000000,,,,,,,,,,,,,,,,,,,,,,,,,,,,,,,,,,,,,,,,,,,,,,,,,,,,,,,,,,,,,,,,,,,,,,,,,,,,,,,,,,,,,,
1676060277.731519,1676060277.732263,59.000000,0.000000,4285.256348,4297.692383,4306.410156,4297.051270,4251.282227,4306.410156,4293.205078,4314.358887,4309.230957,4292.436035,4414.230957,4486.153809,4380.897461,4454.102539,0.000000,4.000000,85.000000,,,,0.000000,4.000000,4.000000,4.000000,4.000000,4.000000,4.000000,4.000000,4.000000,4.000000,4.000000,4.000000,4.000000,4.000000,4.000000,100.000000,,,,,,,,,,,,,,,,,,,,,,,,,,,,,,,,,,,,,,,,,,,,,,,,,,,,,,,,,,,,,,,,,,,,,,,,,,,,,,,,,,,,,,
1676060277.739328,1676060277.739972,60.000000,0.000000,4285.641113,4290.641113,4290.512695,4290.256348,4240.384766,4291.538574,4273.333496,4289.102539,4286.282227,4268.205078,4382.436035,4459.871582,4356.666504,4426.794922,0.000000,4.000000,85.000000,,,,0.000000,4.000000,4.000000,4.000000,4.000000,4.000000,4.000000,4.000000,4.000000,4.000000,4.000000,4.000000,4.000000,4.000000,4.000000,100.000000,,,,,,,,,,,,,,,,,,,,,,,,,,,,,,,,,,,,,,,,,,,,,,,,,,,,,,,,,,,,,,,,,,,,,,,,,,,,,,,,,,,,,,
1676060277.747136,1676060277.747780,61.000000,0.000000,4302.563965,4325.384766,4309.487305,4314.743652,4256.153809,4300.128418,4285.769043,4297.563965,4296.410156,4268.846191,4388.846191,4473.974121,4363.974121,4437.563965,0.000000,4.000000,85.000000,,,,0.000000,4.000000,4.000000,4.000000,4.000000,4.000000,4.000000,4.000000,4.000000,4.000000,4.000000,4.000000,4.000000,4.000000,4.000000,100.000000,,,,,,,,,,,,,,,,,,,,,,,,,,,,,,,,,,,,,,,,,,,,,,,,,,,,,,,,,,,,,,,,,,,,,,,,,,,,,,,,,,,,,,
1676060277.754944,1676060277.755489,62.000000,0.000000,4320.384766,4360.000000,4335.000000,4341.538574,4272.820313,4314.871582,4308.717773,4320.000000,4314.743652,4292.820313,4411.794922,4500.769043,4381.538574,4464.230957,0.000000,4.000000,85.000000,,,,0.000000,4.000000,4.000000,4.000000,4.000000,4.000000,4.000000,4.000000,4.000000,4.000000,4.000000,4.000000,4.000000,4.000000,4.000000,100.000000,,,,,,,,,,,,,,,,,2.189012,5.880588,0.461633,1.874335,1.414021,14.454104,7.726498,3.130201,1.698436,1.018122,1.226162,5.372725,0.980606,1.897245,1.348262,5.677850,5.567089,1.122479,1.399545,1.150636,2.347366,2.295340,0.327593,0.741085,0.753654,0.339876,0.440231,0.254683,0.717658,0.788497,0.279924,0.521236,0.760138,1.250494,1.068231,0.747919,0.836395,0.834989,1.351670,1.126121,0.767121,1.250168,1.090331,1.161581,1.140084,1.005211,2.353958,1.720532,2.181649,1.224380,137.799377,23.685076,5.084609,3.988158,2.010219,1.997905,6.570783,2.733200,3.481130,1.979239,16.114111,10.438051,5.843553,2.906954,1.683763,6.233302,8.042248,2.972263,3.418502,1.771148
1676060277.762753,1676060277.763297,63.000000,0.000000,4302.179688,4344.102539,4316.538574,4320.641113,4262.307617,4309.487305,4291.922852,4301.538574,4293.077148,4277.692383,4387.179688,4474.230957,4357.307617,4442.563965,0.000000,4.000000,85.000000,,,,0.000000,4.000000,4.000000,4.000000,4.000000,4.000000,4.000000,4.000000,4.000000,4.000000,4.000000,4.000000,4.000000,4.000000,4.000000,100.000000,,,,,,,,,,,,,,,,,,,,,,,,,,,,,,,,,,,,,,,,,,,,,,,,,,,,,,,,,,,,,,,,,,,,,,,,,,,,,,,,,,,,,,
1676060277.770561,1676060277.771006,64.000000,0.000000,4291.410156,4337.692383,4301.794922,4311.025879,4258.717773,4305.256348,4281.025879,4285.384766,4283.333496,4255.512695,4363.717773,4456.282227,4337.436035,4419.615234,2520.000000,4.000000,85.000000,,,,0.000000,4.000000,4.000000,4.000000,4.000000,4.000000,4.000000,4.000000,4.000000,4.000000,4.000000,4.000000,4.000000,4.000000,4.000000,100.000000,,,,,,,,,,,,,,,,,,,,,,,,,,,,,,,,,,,,,,,,,,,,,,,,,,,,,,,,,,,,,,,,,,,,,,,,,,,,,,,,,,,,,,
1676060277.778370,1676060277.778814,65.000000,0.000000,4305.641113,4367.563965,4322.051270,4339.743652,4270.128418,4313.077148,4299.743652,4306.666504,4304.743652,4264.102539,4377.436035,4477.051270,4347.436035,4431.922852,2471.000000,4.000000,85.000000,,,,0.000000,4.000000,4.000000,4.000000,4.000000,4.000000,4.000000,4.000000,4.000000,4.000000,4.000000,4.000000,4.000000,4.000000,4.000000,100.000000,,,,,,,,,,,,,,,,,,,,,,,,,,,,,,,,,,,,,,,,,,,,,,,,,,,,,,,,,,,,,,,,,,,,,,,,,,,,,,,,,,,,,,
1676060277.786178,1676060277.786523,66.000000,0.000000,4295.384766,4370.512695,4315.256348,4336.153809,4262.563965,4307.179688,4295.000000,4310.384766,4303.205078,4268.846191,4365.512695,4465.897461,4332.948730,4419.487305,2399.000000,4.000000,85.000000,,,,0.000000,4.000000,4.000000,4.000000,4.000000,4.000000,4.000000,4.000000,4.000000,4.000000,4.000000,4.000000,4.000000,4.000000,4.000000,100.000000,,,,,,,,,,,,,,,,,,,,,,,,,,,,,,,,,,,,,,,,,,,,,,,,,,,,,,,,,,,,,,,,,,,,,,,,,,,,,,,,,,,,,,
1676060277.793986,1676060277.794331,67.000000,0.000000,4270.256348,4345.769043,4281.282227,4304.615234,4244.358887,4293.461426,4269.743652,4284.871582,4285.512695,4260.256348,4327.563965,4432.436035,4298.974121,4385.256348,2461.000000,4.000000,85.000000,,,,0.000000,4.000000,4.000000,4.000000,4.000000,4.000000,4.000000,4.000000,4.000000,4.000000,4.000000,4.000000,4.000000,4.000000,4.000000,100.000000,,,,,,,,,,,,,,,,,,,,,,,,,,,,,,,,,,,,,,,,,,,,,,,,,,,,,,,,,,,,,,,,,,,,,,,,,,,,,,,,,,,,,,
1676060277.801795,1676060277.802040,68.000000,0.000000,4278.205078,4352.051270,4284.358887,4311.538574,4245.128418,4298.846191,4273.205078,4287.179688,4293.589844,4266.282227,4332.820313,4442.436035,4305.769043,4393.717773,2436.000000,4.000000,85.000000,,,,0.000000,4.000000,4.000000,4.000000,4.000000,4.000000,4.000000,4.000000,4.000000,4.000000,4.000000,4.000000,4.000000,4.000000,4.000000,100.000000,,,,,,,,,,,,,,,,,,,,,,,,,,,,,,,,,,,,,,,,,,,,,,,,,,,,,,,,,,,,,,,,,,,,,,,,,,,,,,,,,,,,,,
1676060277.809603,1676060277.809848,69.000000,0.000000,4290.384766,4372.436035,4302.563965,4331.538574,4253.205078,4310.512695,4291.538574,4309.743652,4310.897461,4280.000000,4355.128418,4464.743652,4325.641113,4417.436035,2379.000000,4.000000,85.000000,,,,0.000000,4.000000,4.000000,4.000000,4.000000,4.000000,4.000000,4.000000,4.000000,4.000000,4.000000,4.000000,4.000000,4.000000,4.000000,100.000000,,,,,,,,,,,,,,,,,,,,,,,,,,,,,,,,,,,,,,,,,,,,,,,,,,,,,,,,,,,,,,,,,,,,,,,,,,,,,,,,,,,,,,
1676060277.817412,1676060277.817557,70.000000,0.000000,4282.692383,4376.025879,4303.205078,4325.897461,4257.692383,4317.051270,4299.230957,4316.922852,4317.692383,4289.615234,4354.743652,4465.256348,4319.358887,4415.769043,2231.000000,4.000000,85.000000,,,,0.000000,4.000000,4.000000,4.000000,4.000000,4.000000,4.000000,4.000000,4.000000,4.000000,4.000000,4.000000,4.000000,4.000000,4.000000,100.000000,,,,,,,,,,,,,,,,,,,,,,,,,,,,,,,,,,,,,,,,,,,,,,,,,,,,,,,,,,,,,,,,,,,,,,,,,,,,,,,,,,,,,,
1676060277.825220,1676060277.825365,71.000000,0.000000,4281.410156,4375.000000,4301.282227,4318.717773,4256.025879,4318.077148,4300.000000,4314.358887,4318.974121,4289.615234,4350.128418,4460.769043,4313.974121,4410.000000,2219.000000,4.000000,85.000000,,,,0.000000,4.000000,4.000000,4.000000,4.000000,4.000000,4.000000,4.000000,4.000000,4.000000,4.000000,4.000000,4.000000,4.000000,4.000000,100.000000,,,,,,,,,,,,,,,,,,,,,,,,,,,,,,,,,,,,,,,,,,,,,,,,,,,,,,,,,,,,,,,,,,,,,,,,,,,,,,,,,,,,,,
1676060277.833028,1676060277.833074,72.000000,0.000000,4274.230957,4360.256348,4289.487305,4311.538574,4240.000000,4303.974121,4286.410156,4301.666504,4300.512695,4269.230957,4328.077148,4438.717773,4299.102539,4389.615234,2279.000000,4.000000,85.000000,,,,0.000000,4.000000,4.000000,4.000000,4.000000,4.000000,4.000000,4.000000,4.000000,4.000000,4.000000,4.000000,4.000000,4.000000,4.000000,100.000000,,,,,,,,,,,,,,,,,,,,,,,,,,,,,,,,,,,,,,,,,,,,,,,,,,,,,,,,,,,,,,,,,,,,,,,,,,,,,,,,,,,,,,
1676060277.840837,1676060277.840982,73.000000,0.000000,4262.820313,4351.282227,4280.256348,4308.333496,4236.282227,4288.333496,4275.128418,4286.410156,4281.282227,4243.846191,4301.282227,4419.358887,4274.102539,4367.820313,2247.000000,4.000000,85.000000,,,,0.000000,4.000000,4.000000,4.000000,4.000000,4.000000,4.000000,4.000000,4.000000,4.000000,4.000000,4.000000,4.000000,4.000000,4.000000,100.000000,,,,,,,,,,,,,,,,,,,,,,,,,,,,,,,,,,,,,,,,,,,,,,,,,,,,,,,,,,,,,,,,,,,,,,,,,,,,,,,,,,,,,,
1676060277.848645,1676060277.848791,74.000000,0.000000,4276.538574,4373.333496,4301.794922,4325.769043,4253.974121,4295.512695,4285.769043,4291.538574,4290.128418,4240.256348,4310.512695,4436.922852,4278.974121,4383.333496,2732.000000,4.000000,85.000000,,,,0.000000,4.000000,4.000000,4.000000,4.000000,4.000000,4.000000,4.000000,4.000000,4.000000,4.000000,4.000000,4.000000,4.000000,4.000000,100.000000,,,,,,,,,,,,,,,,,,,,,,,,,,,,,,,,,,,,,,,,,,,,,,,,,,,,,,,,,,,,,,,,,,,,,,,,,,,,,,,,,,,,,,
1676060277.856453,1676060277.856699,75.000000,0.000000,4294.871582,4388.333496,4322.179688,4343.333496,4257.307617,4310.512695,4300.128418,4302.051270,4300.384766,4257.051270,4329.230957,4462.692383,4300.769043,4405.256348,2912.000000,4.000000,85.000000,,,,0.000000,4.000000,4.000000,4.000000,4.000000,4.000000,4.000000,4.000000,4.000000,4.000000,4.000000,4.000000,4.000000,4.000000,4.000000,100.000000,,,,,,,,,,,,,,,,,,,,,,,,,,,,,,,,,,,,,,,,,,,,,,,,,,,,,,,,,,,,,,,,,,,,,,,,,,,,,,,,,,,,,,
1676060277.864262,1676060277.864507,76.000000,0.000000,4289.615234,4372.436035,4306.538574,4333.333496,4246.538574,4308.077148,4296.025879,4296.666504,4292.820313,4267.179688,4327.179688,4459.487305,4302.563965,4396.025879,3132.000000,4.000000,85.000000,,,,0.000000,4.000000,4.000000,4.000000,4.000000,4.000000,4.000000,4.000000,4.000000,4.000000,4.000000,4.000000,4.000000,4.000000,4.000000,100.000000,,,,,,,,,,,,,,,,,,,,,,,,,,,,,,,,,,,,,,,,,,,,,,,,,,,,,,,,,,,,,,,,,,,,,,,,,,,,,,,,,,,,,,
1676060277.872070,1676060277.872416,77.000000,0.000000,4277.307617,4357.692383,4291.666504,4316.410156,4246.538574,4298.333496,4284.743652,4294.487305,4292.307617,4264.358887,4330.769043,4447.820313,4300.641113,4387.307617,3238.000000,4.000000,85.000000,,,,0.000000,4.000000,4.000000,4.000000,4.000000,4.000000,4.000000,4.000000,4.000000,4.000000,4.000000,4.000000,4.000000,4.000000,4.000000,100.000000,,,,,,,,,,,,,,,,,,,,,,,,,,,,,,,,,,,,,,,,,,,,,,,,,,,,,,,,,,,,,,,,,,,,,,,,,,,,,,,,,,,,,,
1676060277.879878,1676060277.880224,78.000000,0.000000,4270.000000,4352.948730,4289.230957,4309.102539,4243.205078,4293.846191,4280.000000,4297.436035,4297.436035,4263.077148,4335.256348,4443.589844,4310.897461,4389.358887,2732.000000,4.000000,85.000000,,,,0.000000,4.000000,4.000000,4.000000,4.000000,4.000000,4.000000,4.000000,4.000000,4.000000,4.000000,4.000000,4.000000,4.000000,4.000000,100.000000,1.000000,25.000000,3.000000,4.000000,1.000000,4.000000,1.000000,4.000000,3.000000,4.000000,4.000000,4.000000,1.000000,1.000000,3.000000,1.000000,1.866033,4.937513,0.532132,1.930878,1.328558,12.079024,6.321621,2.593289,1.771124,0.946510,1.170804,4.436737,1.132396,1.893642,1.274914,4.930358,4.876125,1.117295,1.407511,1.072755,2.667771,1.960246,0.403210,0.701850,0.738558,0.310456,0.427057,0.263321,0.735407,0.757893,0.250339,0.566298,0.840057,1.279380,1.073167,0.660699,0.842349,0.906716,1.314137,1.091252,0.735997,1.170013,1.196142,1.133109,1.133325,0.856633,1.886007,1.783580,2.174000,1.157921,138.855438,22.504103,5.893607,3.853852,2.003231,2.875283,5.182261,2.795452,3.418320,1.881539,14.757792,8.800078,5.349356,2.799796,1.737457,4.713751,5.990471,2.686112,3.288606,1.612553
1676060277.887687,1676060277.888133,79.000000,0.000000,4265.641113,4347.436035,4286.666504,4303.461426,4233.205078,4296.794922,4280.897461,4297.051270,4295.128418,4270.000000,4327.436035,4443.333496,4311.538574,4384.871582,2912.000000,4.000000,85.000000,,,,0.000000,4.000000,4.000000,4.000000,4.000000,4.000000,4.000000,4.000000,4.000000,4.000000,4.000000,4.000000,4.000000,4.000000,4.000000,100.000000,,,,,,,,,,,,,,,,,,,,,,,,,,,,,,,,,,,,,,,,,,,,,,,,,,,,,,,,,,,,,,,,,,,,,,,,,,,,,,,,,,,,,,
1676060277.895495,1676060277.895941,80.000000,0.000000,4266.538574,4337.307617,4284.487305,4295.128418,4231.282227,4297.948730,4282.948730,4297.307617,4294.871582,4265.256348,4325.000000,4445.897461,4300.000000,4381.410156,3132.000000,4.000000,85.000000,,,,0.000000,4.000000,4.000000,4.000000,4.000000,4.000000,4.000000,4.000000,4.000000,4.000000,4.000000,4.000000,4.000000,4.000000,4.000000,100.000000,,,,,,,,,,,,,,,,,,,,,,,,,,,,,,,,,,,,,,,,,,,,,,,,,,,,,,,,,,,,,,,,,,,,,,,,,,,,,,,,,,,,,,
1676060277.903304,1676060277.903849,81.000000,0.000000,4262.179688,4325.384766,4278.205078,4291.282227,4231.025879,4293.205078,4277.307617,4293.461426,4293.205078,4252.563965,4323.589844,4439.487305,4294.615234,4378.846191,3238.000000,4.000000,85.000000,,,,0.000000,4.000000,4.000000,4.000000,4.000000,4.000000,4.000000,4.000000,4.000000,4.000000,4.000000,4.000000,4.000000,4.000000,4.000000,100.000000,,,,,,,,,,,,,,,,,,,,,,,,,,,,,,,,,,,,,,,,,,,,,,,,,,,,,,,,,,,,,,,,,,,,,,,,,,,,,,,,,,,,,,
1676060277.911112,1676060277.911658,82.000000,0.000000,4261.538574,4328.333496,4285.641113,4297.051270,4231.282227,4298.589844,4279.871582,4298.717773,4297.820313,4256.538574,4325.897461,4440.128418,4304.358887,4380.256348,2732.000000,4.000000,85.000000,,,,0.000000,4.000000,4.000000,4.000000,4.000000,4.000000,4.000000,4.000000,4.000000,4.000000,4.000000,4.000000,4.000000,4.000000,4.000000,100.000000,,,,,,,,,,,,,,,,,,,,,,,,,,,,,,,,,,,,,,,,,,,,,,,,,,,,,,,,,,,,,,,,,,,,,,,,,,,,,,,,,,,,,,
1676060277.918920,1676060277.919466,83.000000,0.000000,4275.000000,4336.025879,4298.974121,4302.692383,4232.436035,4310.128418,4292.692383,4309.743652,4303.974121,4260.384766,4333.589844,4450.512695,4310.769043,4385.769043,2912.000000,4.000000,85.000000,,,,0.000000,4.000000,4.000000,4.000000,4.000000,4.000000,4.000000,4.000000,4.000000,4.000000,4.000000,4.000000,4.000000,4.000000,4.000000,100.000000,,,,,,,,,,,,,,,,,,,,,,,,,,,,,,,,,,,,,,,,,,,,,,,,,,,,,,,,,,,,,,,,,,,,,,,,,,,,,,,,,,,,,,
1676060277.926729,1676060277.927275,84.000000,0.000000,4281.153809,4327.307617,4298.846191,4304.230957,4233.461426,4316.410156,4298.846191,4310.000000,4301.153809,4259.487305,4342.051270,4457.948730,4316.538574,4391.282227,3132.000000,4.000000,85.000000,,,,0.000000,4.000000,4.000000,4.000000,4.000000,4.000000,4.000000,4.000000,4.000000,4.000000,4.000000,4.000000,4.000000,4.000000,4.000000,100.000000,,,,,,,,,,,,,,,,,,,,,,,,,,,,,,,,,,,,,,,,,,,,,,,,,,,,,,,,,,,,,,,,,,,,,,,,,,,,,,,,,,,,,,
1676060277.934537,1676060277.934983,85.000000,0.000000,4278.717773,4319.871582,4306.410156,4313.717773,4236.794922,4317.436035,4302.307617,4313.077148,4307.436035,4276.666504,4361.922852,4471.922852,4345.384766,4410.769043,3238.000000,4.000000,85.000000,,,,0.000000,4.000000,4.000000,4.000000,4.000000,4.000000,4.000000,4.000000,4.000000,4.000000,4.000000,4.000000,4.000000,4.000000,4.000000,100.000000,,,,,,,,,,,,,,,,,,,,,,,,,,,,,,,,,,,,,,,,,,,,,,,,,,,,,,,,,,,,,,,,,,,,,,,,,,,,,,,,,,,,,,
1676060277.942346,1676060277.942792,86.000000,0.000000,4280.128418,4312.179688,4312.948730,4316.282227,4232.820313,4315.000000,4297.820313,4309.487305,4306.153809,4282.563965,4368.717773,4475.769043,4360.000000,4420.384766,2732.000000,4.000000,85.000000,,,,0.000000,4.000000,4.000000,4.000000,4.000000,4.000000,4.000000,4.000000,4.000000,4.000000,4.000000,4.000000,4.000000,4.000000,4.000000,100.000000,,,,,,,,,,,,,,,,,,,,,,,,,,,,,,,,,,,,,,,,,,,,,,,,,,,,,,,,,,,,,,,,,,,,,,,,,,,,,,,,,,,,,,
1676060277.950154,1676060277.950500,87.000000,0.000000,4266.922852,4284.487305,4288.846191,4298.077148,4223.717773,4313.077148,4281.282227,4280.641113,4278.205078,4250.128418,4341.025879,4452.692383,4331.794922,4394.230957,2912.000000,4.000000,85.000000,,,,0.000000,4.000000,4.000000,4.000000,4.000000,4.000000,4.000000,4.000000,4.000000,4.000000,4.000000,4.000000,4.000000,4.000000,4.000000,100.000000,,,,,,,,,,,,,,,,,,,,,,,,,,,,,,,,,,,,,,,,,,,,,,,,,,,,,,,,,,,,,,,,,,,,,,,,,,,,,,,,,,,,,,
1676060277.957962,1676060277.958309,88.000000,0.000000,4257.692383,4276.153809,4279.743652,4301.282227,4228.461426,4321.410156,4283.205078,4271.922852,4273.077148,4242.563965,4336.794922,4452.436035,4328.461426,4384.615234,3132.000000,4.000000,85.000000,,,,0.000000,4.000000,4.000000,4.000000,4.000000,4.000000,4.000000,4.000000,4.000000,4.000000,4.000000,4.000000,4.000000,4.000000,4.000000,100.000000,,,,,,,,,,,,,,,,,,,,,,,,,,,,,,,,,,,,,,,,,,,,,,,,,,,,,,,,,,,,,,,,,,,,,,,,,,,,,,,,,,,,,,
1676060277.965771,1676060277.966017,89.000000,0.000000,4278.717773,4298.717773,4306.922852,4335.128418,4241.922852,4333.846191,4306.666504,4305.000000,4304.743652,4283.461426,4373.717773,4493.846191,4367.948730,4415.512695,3238.000000,4.000000,85.000000,,,,0.000000,4.000000,4.000000,4.000000,4.000000,4.000000,4.000000,4.000000,4.000000,4.000000,4.000000,4.000000,4.000000,4.000000,4.000000,100.000000,,,,,,,,,,,,,,,,,,,,,,,,,,,,,,,,,,,,,,,,,,,,,,,,,,,,,,,,,,,,,,,,,,,,,,,,,,,,,,,,,,,,,,
1676060277.973579,1676060277.973826,90.000000,0.000000,4278.205078,4295.384766,4300.769043,4335.641113,4233.974121,4323.589844,4301.794922,4313.077148,4308.974121,4285.256348,4371.922852,4498.333496,4363.461426,4406.794922,2732.000000,4.000000,85.000000,,,,0.000000,4.000000,4.000000,4.000000,4.000000,4.000000,4.000000,4.000000,4.000000,4.000000,4.000000,4.000000,4.000000,4.000000,4.000000,100.000000,,,,,,,,,,,,,,,,,,,,,,,,,,,,,,,,,,,,,,,,,,,,,,,,,,,,,,,,,,,,,,,,,,,,,,,,,,,,,,,,,,,,,,
1676060277.981388,1676060277.981534,91.000000,0.000000,4242.051270,4268.205078,4262.436035,4304.615234,4213.717773,4307.179688,4275.128418,4287.436035,4287.948730,4246.922852,4333.205078,4462.820313,4321.922852,4363.077148,2912.000000,4.000000,85.000000,,,,0.000000,4.000000,4.000000,4.000000,4.000000,4.000000,4.000000,4.000000,4.000000,4.000000,4.000000,4.000000,4.000000,4.000000,4.000000,100.000000,,,,,,,,,,,,,,,,,,,,,,,,,,,,,,,,,,,,,,,,,,,,,,,,,,,,,,,,,,,,,,,,,,,,,,,,,,,,,,,,,,,,,,
1676060277.989196,1676060277.989343,92.000000,0.000000,4237.307617,4270.769043,4257.307617,4304.358887,4214.230957,4307.948730,4275.128418,4288.717773,4293.461426,4251.538574,4335.000000,4465.897461,4329.102539,4366.922852,3132.000000,4.000000,85.000000,,,,0.000000,4.000000,4.000000,4.000000,4.000000,4.000000,4.000000,4.000000,4.000000,4.000000,4.000000,4.000000,4.000000,4.000000,4.000000,100.000000,,,,,,,,,,,,,,,,,,,,,,,,,,,,,,,,,,,,,,,,,,,,,,,,,,,,,,,,,,,,,,,,,,,,,,,,,,,,,,,,,,,,,,
1676060277.997004,1676060277.997051,93.000000,0.000000,4258.974121,4284.230957,4270.512695,4322.051270,4217.948730,4304.358887,4285.897461,4300.769043,4301.922852,4277.692383,4356.025879,4484.358887,4351.666504,4386.794922,3238.000000,4.000000,85.000000,,,,0.000000,4.000000,4.000000,4.000000,4.000000,4.000000,4.000000,4.000000,4.000000,4.000000,4.000000,4.000000,4.000000,4.000000,4.000000,100.000000,,,,,,,,,,,,,,,,,,,,,,,,,,,,,,,,,,,,,,,,,,,,,,,,,,,,,,,,,,,,,,,,,,,,,,,,,,,,,,,,,,,,,,
1676060278.004813,1676060278.004860,94.000000,0.000000,4251.025879,4268.846191,4263.077148,4313.077148,4205.512695,4291.794922,4276.282227,4285.384766,4282.692383,4265.897461,4344.487305,4467.948730,4333.846191,4368.974121,2732.000000,4.000000,85.000000,,,,0.000000,4.000000,4.000000,4.000000,4.000000,4.000000,4.000000,4.000000,4.000000,4.000000,4.000000,4.000000,4.000000,4.000000,4.000000,100.000000,,,,,,,,,,,,,,,,,1.573194,4.469267,0.648249,1.898545,1.283989,10.926358,5.534151,2.317890,1.788982,0.916935,1.168825,3.978145,1.247364,1.823382,1.235505,4.531189,4.464231,1.210714,1.384351,1.017601,2.644177,1.671721,0.545632,0.647910,0.713756,0.306538,0.445281,0.298749,0.748115,0.710829,0.257173,0.639268,0.880906,1.231123,1.067000,0.640821,0.877875,0.933377,1.226605,1.077015,0.723336,1.096592,1.251990,1.118357,1.138690,0.777609,1.548184,1.808099,2.078071,1.154319,123.490845,19.912594,6.155774,3.511000,2.023086,3.737501,4.298990,2.672627,3.191010,1.843125,14.080469,7.786504,4.540993,2.576463,1.807297,4.354769,4.858819,2.517214,3.079004,1.574605
1676060278.012621,1676060278.012568,95.000000,0.000000,4239.102539,4262.820313,4259.743652,4307.436035,4205.384766,4297.179688,4274.871582,4277.179688,4273.717773,4251.025879,4332.179688,4459.743652,4322.820313,4356.025879,2912.000000,4.000000,85.000000,,,,0.000000,4.000000,4.000000,4.000000,4.000000,4.000000,4.000000,4.000000,4.000000,4.000000,4.000000,4.000000,4.000000,4.000000,4.000000,100.000000,,,,,,,,,,,,,,,,,,,,,,,,,,,,,,,,,,,,,,,,,,,,,,,,,,,,,,,,,,,,,,,,,,,,,,,,,,,,,,,,,,,,,,
1676060278.020429,1676060278.020377,96.000000,0.000000,4265.384766,4292.948730,4295.000000,4336.538574,4235.384766,4326.666504,4308.205078,4308.461426,4305.000000,4275.128418,4363.974121,4506.025879,4355.000000,4393.205078,3132.000000,4.000000,85.000000,,,,0.000000,4.000000,4.000000,4.000000,4.000000,4.000000,4.000000,4.000000,4.000000,4.000000,4.000000,4.000000,4.000000,4.000000,4.000000,100.000000,,,,,,,,,,,,,,,,,,,,,,,,,,,,,,,,,,,,,,,,,,,,,,,,,,,,,,,,,,,,,,,,,,,,,,,,,,,,,,,,,,,,,,
1676060278.028238,1676060278.028085,97.000000,0.000000,4291.410156,4311.666504,4329.102539,4358.589844,4253.077148,4340.641113,4329.358887,4334.615234,4332.948730,4302.051270,4400.256348,4546.794922,4382.820313,4426.025879,3238.000000,4.000000,85.000000,,,,0.000000,4.000000,4.000000,4.000000,4.000000,4.000000,4.000000,4.000000,4.000000,4.000000,4.000000,4.000000,4.000000,4.000000,4.000000,100.000000,,,,,,,,,,,,,,,,,,,,,,,,,,,,,,,,,,,,,,,,,,,,,,,,,,,,,,,,,,,,,,,,,,,,,,,,,,,,,,,,,,,,,,
1676060278.036046,1676060278.035994,98.000000,0.000000,4271.410156,4283.717773,4313.077148,4333.846191,4237.051270,4324.230957,4306.410156,4315.641113,4316.666504,4286.538574,4383.461426,4523.589844,4363.077148,4399.487305,2732.000000,4.000000,85.000000,,,,0.000000,4.000000,4.000000,4.000000,4.000000,4.000000,4.000000,4.000000,4.000000,4.000000,4.000000,4.000000,4.000000,4.000000,4.000000,100.000000,,,,,,,,,,,,,,,,,,,,,,,,,,,,,,,,,,,,,,,,,,,,,,,,,,,,,,,,,,,,,,,,,,,,,,,,,,,,,,,,,,,,,,
1676060278.043855,1676060278.043802,99.000000,0.000000,4246.922852,4261.666504,4289.230957,4308.717773,4226.538574,4308.333496,4286.922852,4294.230957,4295.641113,4261.410156,4354.102539,4495.897461,4335.641113,4367.436035,2912.000000,4.000000,85.000000,,,,0.000000,4.000000,4.000000,4.000000,4.000000,4.000000,4.000000,4.000000,4.000000,4.000000,4.000000,4.000000,4.000000,4.000000,4.000000,100.000000,,,,,,,,,,,,,,,,,,,,,,,,,,,,,,,,,,,,,,,,,,,,,,,,,,,,,,,,,,,,,,,,,,,,,,,,,,,,,,,,,,,,,,
1676060278.051663,1676060278.051710,100.000000,0.000000,4254.230957,4273.589844,4293.846191,4317.692383,4232.051270,4309.487305,4293.077148,4296.153809,4296.794922,4267.179688,4357.563965,4502.179688,4341.538574,4374.230957,3132.000000,4.000000,85.000000,,,,0.000000,4.000000,4.000000,4.000000,4.000000,4.000000,4.000000,4.000000,4.000000,4.000000,4.000000,4.000000,4.000000,4.000000,4.000000,100.000000,,,,,,,,,,,,,,,,,,,,,,,,,,,,,,,,,,,,,,,,,,,,,,,,,,,,,,,,,,,,,,,,,,,,,,,,,,,,,,,,,,,,,,
1676060278.059471,1676060278.059519,101.000000,0.000000,4263.717773,4278.461426,4296.922852,4326.666504,4230.512695,4312.692383,4294.102539,4295.384766,4296.794922,4280.641113,4362.692383,4501.666504,4352.307617,4387.307617,3238.000000,4.000000,85.000000,,,,0.000000,4.000000,4.000000,4.000000,4.000000,4.000000,4.000000,4.000000,4.000000,4.000000,4.000000,4.000000,4.000000,4.000000,4.000000,100.000000,,,,,,,,,,,,,,,,,,,,,,,,,,,,,,,,,,,,,,,,,,,,,,,,,,,,,,,,,,,,,,,,,,,,,,,,,,,,,,,,,,,,,,
1676060278.067280,1676060278.067427,102.000000,0.000000,4274.487305,4286.538574,4298.974121,4334.102539,4228.077148,4307.179688,4296.666504,4297.820313,4300.384766,4280.000000,4368.205078,4502.051270,4356.538574,4400.769043,2732.000000,4.000000,85.000000,,,,0.000000,4.000000,4.000000,4.000000,4.000000,4.000000,4.000000,4.000000,4.000000,4.000000,4.000000,4.000000,4.000000,4.000000,4.000000,100.000000,,,,,,,,,,,,,,,,,,,,,,,,,,,,,,,,,,,,,,,,,,,,,,,,,,,,,,,,,,,,,,,,,,,,,,,,,,,,,,,,,,,,,,
1676060278.075088,1676060278.075236,103.000000,0.000000,4287.948730,4304.230957,4313.717773,4343.717773,4234.615234,4308.846191,4306.282227,4316.153809,4312.436035,4284.871582,4389.743652,4518.846191,4372.436035,4419.487305,2912.000000,4.000000,85.000000,,,,0.000000,4.000000,4.000000,4.000000,4.000000,4.000000,4.000000,4.000000,4.000000,4.000000,4.000000,4.000000,4.000000,4.000000,4.000000,100.000000,,,,,,,,,,,,,,,,,,,,,,,,,,,,,,,,,,,,,,,,,,,,,,,,,,,,,,,,,,,,,,,,,,,,,,,,,,,,,,,,,,,,,,
1676060278.082897,1676060278.083144,104.000000,0.000000,4283.333496,4296.794922,4313.461426,4334.358887,4231.538574,4312.179688,4302.692383,4326.282227,4311.538574,4284.230957,4396.025879,4520.512695,4377.563965,4415.128418,3132.000000,4.000000,85.000000,,,,0.000000,4.000000,4.000000,4.000000,4.000000,4.000000,4.000000,4.000000,4.000000,4.000000,4.000000,4.000000,4.000000,4.000000,4.000000,100.000000,,,,,,,,,,,,,,,,,,,,,,,,,,,,,,,,,,,,,,,,,,,,,,,,,,,,,,,,,,,,,,,,,,,,,,,,,,,,,,,,,,,,,,
1676060278.090705,1676060278.090952,105.000000,0.000000,4272.051270,4283.461426,4296.922852,4319.358887,4216.922852,4298.846191,4292.692383,4309.358887,4295.512695,4264.871582,4381.666504,4502.692383,4356.922852,4397.820313,3238.000000,4.000000,85.000000,,,,0.000000,4.000000,4.000000,4.000000,4.000000,4.000000,4.000000,4.000000,4.000000,4.000000,4.000000,4.000000,4.000000,4.000000,4.000000,100.000000,,,,,,,,,,,,,,,,,,,,,,,,,,,,,,,,,,,,,,,,,,,,,,,,,,,,,,,,,,,,,,,,,,,,,,,,,,,,,,,,,,,,,,
1676060278.098513,1676060278.098861,106.000000,0.000000,4268.846191,4298.333496,4294.743652,4325.256348,4214.743652,4287.692383,4291.025879,4295.256348,4284.230957,4257.948730,4377.820313,4492.051270,4337.692383,4390.512695,2732.000000,4.000000,85.000000,,,,0.000000,4.000000,4.000000,4.000000,4.000000,4.000000,4.000000,4.000000,4.000000,4.000000,4.000000,4.000000,4.000000,4.000000,4.000000,100.000000,,,,,,,,,,,,,,,,,,,,,,,,,,,,,,,,,,,,,,,,,,,,,,,,,,,,,,,,,,,,,,,,,,,,,,,,,,,,,,,,,,,,,,
1676060278.106322,1676060278.106669,107.000000,0.000000,4270.000000,4322.307617,4300.897461,4340.769043,4227.948730,4300.128418,4294.487305,4301.025879,4286.666504,4263.077148,4384.487305,4492.307617,4328.077148,4386.794922,2912.000000,4.000000,85.000000,,,,0.000000,4.000000,4.000000,4.000000,4.000000,4.000000,4.000000,4.000000,4.000000,4.000000,4.000000,4.000000,4.000000,4.000000,4.000000,100.000000,,,,,,,,,,,,,,,,,,,,,,,,,,,,,,,,,,,,,,,,,,,,,,,,,,,,,,,,,,,,,,,,,,,,,,,,,,,,,,,,,,,,,,
1676060278.114130,1676060278.114578,108.000000,0.000000,4275.256348,4342.307617,4305.897461,4349.230957,4242.948730,4320.769043,4305.384766,4314.615234,4299.743652,4265.000000,4392.307617,4501.282227,4323.717773,4387.436035,3132.000000,4.000000,85.000000,,,,0.000000,4.000000,4.000000,4.000000,4.000000,4.000000,4.000000,4.000000,4.000000,4.000000,4.000000,4.000000,4.000000,4.000000,4.000000,100.000000,,,,,,,,,,,,,,,,,,,,,,,,,,,,,,,,,,,,,,,,,,,,,,,,,,,,,,,,,,,,,,,,,,,,,,,,,,,,,,,,,,,,,,
1676060278.121938,1676060278.122386,109.000000,0.000000,4276.410156,4355.384766,4309.871582,4354.743652,4249.615234,4325.512695,4314.615234,4320.256348,4309.230957,4278.077148,4400.641113,4508.974121,4323.846191,4391.666504,3238.000000,4.000000,85.000000,,,,0.000000,4.000000,4.000000,4.000000,4.000000,4.000000,4.000000,4.000000,4.000000,4.000000,4.000000,4.000000,4.000000,4.000000,4.000000,100.000000,,,,,,,,,,,,,,,,,,,,,,,,,,,,,,,,,,,,,,,,,,,,,,,,,,,,,,,,,,,,,,,,,,,,,,,,,,,,,,,,,,,,,,
1676060278.129747,1676060278.130095,110.000000,0.000000,4264.743652,4339.615234,4302.948730,4351.025879,4246.666504,4321.153809,4306.666504,4313.846191,4303.974121,4291.025879,4398.333496,4504.102539,4318.461426,4385.641113,2732.000000,4.000000,85.000000,,,,0.000000,4.000000,4.000000,4.000000,4.000000,4.000000,4.000000,4.000000,4.000000,4.000000,4.000000,4.000000,4.000000,4.000000,4.000000,100.000000,,,,,,,,,,,,,,,,,1.337218,4.663863,0.780303,1.788082,1.249167,10.590256,5.424613,2.332669,1.728459,0.915971,1.195736,4.066082,1.297652,1.708263,1.218374,4.366028,4.488575,1.373371,1.329905,0.980961,2.353029,1.518405,0.718596,0.590946,0.679708,0.319615,0.474380,0.336201,0.761778,0.651666,0.297608,0.716477,0.876779,1.121383,1.040881,0.659685,0.926796,0.903996,1.106627,1.066870,0.731713,1.024829,1.257837,1.105034,1.134153,0.759847,1.369978,1.807236,1.924258,1.176968,95.058784,16.229048,5.828059,3.061993,2.018042,4.334325,3.950510,2.428794,2.863257,1.824080,13.519498,7.230658,3.603139,2.312341,1.838545,4.464343,4.291268,2.410053,2.839050,1.584895
1676060278.137555,1676060278.137903,111.000000,0.000000,4261.538574,4325.000000,4298.717773,4342.948730,4242.179688,4319.487305,4296.794922,4310.897461,4297.948730,4286.410156,4396.153809,4502.307617,4320.128418,4384.487305,2912.000000,4.000000,85.000000,,,,0.000000,4.000000,4.000000,4.000000,4.000000,4.000000,4.000000,4.000000,4.000000,4.000000,4.000000,4.000000,4.000000,4.000000,4.000000,100.000000,,,,,,,,,,,,,,,,,,,,,,,,,,,,,,,,,,,,,,,,,,,,,,,,,,,,,,,,,,,,,,,,,,,,,,,,,,,,,,,,,,,,,,
1676060278.145363,1676060278.145612,112.000000,0.000000,4273.333496,4342.436035,4307.948730,4344.487305,4245.000000,4318.077148,4296.922852,4308.974121,4297.563965,4278.589844,4402.436035,4507.692383,4336.282227,4398.461426,3132.000000,4.000000,85.000000,,,,0.000000,4.000000,4.000000,4.000000,4.000000,4.000000,4.000000,4.000000,4.000000,4.000000,4.000000,4.000000,4.000000,4.000000,4.000000,100.000000,,,,,,,,,,,,,,,,,,,,,,,,,,,,,,,,,,,,,,,,,,,,,,,,,,,,,,,,,,,,,,,,,,,,,,,,,,,,,,,,,,,,,,
1676060278.153172,1676060278.153420,113.000000,0.000000,4288.974121,4355.641113,4315.128418,4352.948730,4246.922852,4313.077148,4300.769043,4303.846191,4298.717773,4283.846191,4402.563965,4513.205078,4341.794922,4407.179688,3238.000000,4.000000,85.000000,,,,0.000000,4.000000,4.000000,4.000000,4.000000,4.000000,4.000000,4.000000,4.000000,4.000000,4.000000,4.000000,4.000000,4.000000,4.000000,100.000000,,,,,,,,,,,,,,,,,,,,,,,,,,,,,,,,,,,,,,,,,,,,,,,,,,,,,,,,,,,,,,,,,,,,,,,,,,,,,,,,,,,,,,
1676060278.160980,1676060278.161129,114.000000,0.000000,4292.179688,4344.358887,4309.358887,4353.717773,4237.307617,4299.487305,4298.205078,4300.256348,4294.230957,4282.692383,4387.948730,4504.487305,4327.307617,4399.743652,2732.000000,4.000000,85.000000,,,,0.000000,4.000000,4.000000,4.000000,4.000000,4.000000,4.000000,4.000000,4.000000,4.000000,4.000000,4.000000,4.000000,4.000000,4.000000,100.000000,,,,,,,,,,,,,,,,,,,,,,,,,,,,,,,,,,,,,,,,,,,,,,,,,,,,,,,,,,,,,,,,,,,,,,,,,,,,,,,,,,,,,,
1676060278.168789,1676060278.169037,115.000000,0.000000,4280.256348,4340.769043,4303.717773,4347.948730,4230.256348,4289.615234,4293.974121,4306.410156,4289.743652,4270.641113,4377.051270,4489.102539,4321.153809,4392.948730,2912.000000,4.000000,85.000000,,,,0.000000,4.000000,4.000000,4.000000,4.000000,4.000000,4.000000,4.000000,4.000000,4.000000,4.000000,4.000000,4.000000,4.000000,4.000000,100.000000,,,,,,,,,,,,,,,,,,,,,,,,,,,,,,,,,,,,,,,,,,,,,,,,,,,,,,,,,,,,,,,,,,,,,,,,,,,,,,,,,,,,,,
1676060278.176597,1676060278.176845,116.000000,0.000000,4291.153809,4357.820313,4314.230957,4357.307617,4234.487305,4295.512695,4301.794922,4323.589844,4304.230957,4272.179688,4391.922852,4505.769043,4339.871582,4411.153809,3132.000000,4.000000,85.000000,,,,0.000000,4.000000,4.000000,4.000000,4.000000,4.000000,4.000000,4.000000,4.000000,4.000000,4.000000,4.000000,4.000000,4.000000,4.000000,100.000000,,,,,,,,,,,,,,,,,,,,,,,,,,,,,,,,,,,,,,,,,,,,,,,,,,,,,,,,,,,,,,,,,,,,,,,,,,,,,,,,,,,,,,
1676060278.184405,1676060278.184754,117.000000,0.000000,4304.871582,4358.461426,4324.487305,4359.487305,4235.128418,4297.820313,4303.974121,4327.051270,4311.282227,4279.230957,4402.051270,4523.846191,4344.102539,4420.769043,3238.000000,4.000000,85.000000,,,,0.000000,4.000000,4.000000,4.000000,4.000000,4.000000,4.000000,4.000000,4.000000,4.000000,4.000000,4.000000,4.000000,4.000000,4.000000,100.000000,,,,,,,,,,,,,,,,,,,,,,,,,,,,,,,,,,,,,,,,,,,,,,,,,,,,,,,,,,,,,,,,,,,,,,,,,,,,,,,,,,,,,,
1676060278.192214,1676060278.192562,118.000000,0.000000,4291.025879,4340.641113,4326.282227,4346.282227,4236.794922,4293.717773,4295.256348,4322.436035,4302.436035,4284.102539,4392.051270,4511.025879,4329.743652,4403.589844,2732.000000,4.000000,85.000000,,,,0.000000,4.000000,4.000000,4.000000,4.000000,4.000000,4.000000,4.000000,4.000000,4.000000,4.000000,4.000000,4.000000,4.000000,4.000000,100.000000,,,,,,,,,,,,,,,,,,,,,,,,,,,,,,,,,,,,,,,,,,,,,,,,,,,,,,,,,,,,,,,,,,,,,,,,,,,,,,,,,,,,,,
1676060278.200022,1676060278.200371,119.000000,0.000000,4275.384766,4330.769043,4324.230957,4340.641113,4245.769043,4297.307617,4292.692383,4325.897461,4304.743652,4290.512695,4385.256348,4499.487305,4329.102539,4393.974121,2912.000000,4.000000,85.000000,,,,0.000000,4.000000,4.000000,4.000000,4.000000,4.000000,4.000000,4.000000,4.000000,4.000000,4.000000,4.000000,4.000000,4.000000,4.000000,100.000000,,,,,,,,,,,,,,,,,,,,,,,,,,,,,,,,,,,,,,,,,,,,,,,,,,,,,,,,,,,,,,,,,,,,,,,,,,,,,,,,,,,,,,
1676060278.207831,1676060278.208079,120.000000,0.000000,4267.563965,4322.051270,4311.666504,4332.179688,4241.922852,4300.384766,4293.077148,4324.487305,4309.743652,4288.589844,4377.820313,4497.179688,4326.025879,4387.563965,3132.000000,4.000000,85.000000,,,,0.000000,4.000000,4.000000,4.000000,4.000000,4.000000,4.000000,4.000000,4.000000,4.000000,4.000000,4.000000,4.000000,4.000000,4.000000,100.000000,,,,,,,,,,,,,,,,,,,,,,,,,,,,,,,,,,,,,,,,,,,,,,,,,,,,,,,,,,,,,,,,,,,,,,,,,,,,,,,,,,,,,,
1676060278.215639,1676060278.215987,121.000000,0.000000,4248.846191,4300.897461,4285.897461,4311.025879,4226.922852,4291.666504,4280.769043,4301.922852,4289.871582,4271.410156,4357.563965,4472.948730,4300.769043,4361.794922,3238.000000,4.000000,85.000000,,,,0.000000,4.000000,4.000000,4.000000,4.000000,4.000000,4.000000,4.000000,4.000000,4.000000,4.000000,4.000000,4.000000,4.000000,4.000000,100.000000,,,,,,,,,,,,,,,,,,,,,,,,,,,,,,,,,,,,,,,,,,,,,,,,,,,,,,,,,,,,,,,,,,,,,,,,,,,,,,,,,,,,,,
1676060278.223447,1676060278.223796,122.000000,0.000000,4235.256348,4288.077148,4268.461426,4299.871582,4223.205078,4287.051270,4273.077148,4286.153809,4268.974121,4254.102539,4349.102539,4448.077148,4284.615234,4342.563965,2732.000000,4.000000,85.000000,,,,0.000000,4.000000,4.000000,4.000000,4.000000,4.000000,4.000000,4.000000,4.000000,4.000000,4.000000,4.000000,4.000000,4.000000,4.000000,100.000000,,,,,,,,,,,,,,,,,,,,,,,,,,,,,,,,,,,,,,,,,,,,,,,,,,,,,,,,,,,,,,,,,,,,,,,,,,,,,,,,,,,,,,
1676060278.231256,1676060278.231704,123.000000,0.000000,4258.461426,4307.948730,4285.256348,4316.538574,4231.922852,4296.410156,4294.230957,4306.025879,4284.230957,4263.717773,4382.307617,4466.922852,4310.897461,4366.794922,2912.000000,4.000000,85.000000,,,,0.000000,4.000000,4.000000,4.000000,4.000000,4.000000,4.000000,4.000000,4.000000,4.000000,4.000000,4.000000,4.000000,4.000000,4.000000,100.000000,,,,,,,,,,,,,,,,,,,,,,,,,,,,,,,,,,,,,,,,,,,,,,,,,,,,,,,,,,,,,,,,,,,,,,,,,,,,,,,,,,,,,,
1676060278.239064,1676060278.239513,124.000000,0.000000,4289.102539,4336.282227,4314.230957,4339.102539,4245.256348,4309.358887,4317.436035,4323.461426,4307.692383,4290.769043,4424.743652,4503.077148,4347.051270,4405.641113,3132.000000,4.000000,85.000000,,,,0.000000,4.000000,4.000000,4.000000,4.000000,4.000000,4.000000,4.000000,4.000000,4.000000,4.000000,4.000000,4.000000,4.000000,4.000000,100.000000,,,,,,,,,,,,,,,,,,,,,,,,,,,,,,,,,,,,,,,,,,,,,,,,,,,,,,,,,,,,,,,,,,,,,,,,,,,,,,,,,,,,,,
1676060278.246873,1676060278.247421,125.000000,0.000000,4292.179688,4337.307617,4321.666504,4341.666504,4248.974121,4311.538574,4314.230957,4316.025879,4306.025879,4293.846191,4437.307617,4510.897461,4350.769043,4416.922852,3238.000000,4.000000,85.000000,,,,0.000000,4.000000,4.000000,4.000000,4.000000,4.000000,4.000000,4.000000,4.000000,4.000000,4.000000,4.000000,4.000000,4.000000,4.000000,100.000000,,,,,,,,,,,,,,,,,,,,,,,,,,,,,,,,,,,,,,,,,,,,,,,,,,,,,,,,,,,,,,,,,,,,,,,,,,,,,,,,,,,,,,
1676060278.254681,1676060278.255230,126.000000,0.000000,4279.230957,4316.025879,4309.230957,4325.897461,4234.743652,4299.743652,4296.025879,4302.307617,4289.615234,4264.230957,4426.538574,4489.230957,4330.000000,4398.717773,2732.000000,4.000000,85.000000,,,,0.000000,4.000000,4.000000,4.000000,4.000000,4.000000,4.000000,4.000000,4.000000,4.000000,4.000000,4.000000,4.000000,4.000000,4.000000,100.000000,,,,,,,,,,,,,,,,,1.172716,5.464963,0.884246,1.628101,1.201451,10.482151,5.912328,2.495435,1.600752,0.935470,1.228516,4.647300,1.263627,1.576520,1.212029,4.218816,4.951375,1.520278,1.258669,0.963198,1.922636,1.564695,0.859619,0.542347,0.639410,0.358043,0.512047,0.360273,0.780887,0.590057,0.369181,0.802166,0.831536,0.990965,0.998911,0.685970,0.974005,0.823419,0.988880,1.055524,0.758871,0.959191,1.219998,1.084628,1.110490,0.782395,1.319837,1.804277,1.746791,1.197373,63.220646,12.164058,5.075366,2.622000,1.966565,4.487998,3.975226,2.146913,2.521683,1.799230,12.708816,6.767089,2.765537,2.074446,1.807852,4.800005,4.042254,2.429535,2.633768,1.595913
1676060278.262489,1676060278.263138,127.000000,0.000000,4277.820313,4308.589844,4308.461426,4321.922852,4228.717773,4293.974121,4293.461426,4308.205078,4289.871582,4262.436035,4433.717773,4485.769043,4326.538574,4388.461426,85.000000,4.000000,85.000000,,,,0.000000,4.000000,4.000000,4.000000,4.000000,4.000000,4.000000,4.000000,4.000000,4.000000,4.000000,4.000000,4.000000,4.000000,4.000000,100.000000,,,,,,,,,,,,,,,,,,,,,,,,,,,,,,,,,,,,,,,,,,,,,,,,,,,,,,,,,,,,,,,,,,,,,,,,,,,,,,,,,,,,,,
1676060278.270298,1676060278.270946,0.000000,0.000000,4281.922852,4311.794922,4315.512695,4330.128418,4229.487305,4291.794922,4297.820313,4320.512695,4299.615234,4286.153809,4453.717773,4498.846191,4332.436035,4397.179688,2503.000000,4.000000,85.000000,,,,0.000000,4.000000,4.000000,4.000000,4.000000,4.000000,4.000000,4.000000,4.000000,4.000000,4.000000,4.000000,4.000000,4.000000,4.000000,100.000000,,,,,,,,,,,,,,,,,,,,,,,,,,,,,,,,,,,,,,,,,,,,,,,,,,,,,,,,,,,,,,,,,,,,,,,,,,,,,,,,,,,,,,
1676060278.278106,1676060278.278855,1.000000,0.000000,4277.563965,4304.487305,4309.615234,4323.333496,4218.205078,4280.000000,4292.692383,4316.538574,4293.717773,4273.333496,4455.897461,4494.743652,4322.307617,4394.871582,2456.000000,4.000000,85.000000,,,,0.000000,4.000000,4.000000,4.000000,4.000000,4.000000,4.000000,4.000000,4.000000,4.000000,4.000000,4.000000,4.000000,4.000000,4.000000,100.000000,,,,,,,,,,,,,,,,,,,,,,,,,,,,,,,,,,,,,,,,,,,,,,,,,,,,,,,,,,,,,,,,,,,,,,,,,,,,,,,,,,,,,,
1676060278.285915,1676060278.286663,2.000000,0.000000,4284.871582,4309.358887,4314.487305,4328.077148,4219.487305,4284.230957,4298.589844,4324.358887,4299.358887,4267.563965,4476.794922,4502.436035,4332.563965,4398.461426,2384.000000,4.000000,85.000000,,,,0.000000,4.000000,4.000000,4.000000,4.000000,4.000000,4.000000,4.000000,4.000000,4.000000,4.000000,4.000000,4.000000,4.000000,4.000000,100.000000,,,,,,,,,,,,,,,,,,,,,,,,,,,,,,,,,,,,,,,,,,,,,,,,,,,,,,,,,,,,,,,,,,,,,,,,,,,,,,,,,,,,,,
1676060278.293723,1676060278.294571,3.000000,0.000000,4288.974121,4322.307617,4324.487305,4344.871582,4234.743652,4296.153809,4308.205078,4337.051270,4315.769043,4296.538574,4510.000000,4513.077148,4349.615234,4407.563965,2439.000000,4.000000,85.000000,,,,0.000000,4.000000,4.000000,4.000000,4.000000,4.000000,4.000000,4.000000,4.000000,4.000000,4.000000,4.000000,4.000000,4.000000,4.000000,100.000000,,,,,,,,,,,,,,,,,,,,,,,,,,,,,,,,,,,,,,,,,,,,,,,,,,,,,,,,,,,,,,,,,,,,,,,,,,,,,,,,,,,,,,
1676060278.301531,1676060278.302380,4.000000,0.000000,4270.256348,4313.461426,4311.025879,4334.358887,4235.769043,4285.000000,4298.077148,4319.615234,4302.820313,4287.948730,4505.769043,4489.358887,4330.512695,4390.769043,2431.000000,4.000000,85.000000,,,,0.000000,4.000000,4.000000,4.000000,4.000000,4.000000,4.000000,4.000000,4.000000,4.000000,4.000000,4.000000,4.000000,4.000000,4.000000,100.000000,,,,,,,,,,,,,,,,,,,,,,,,,,,,,,,,,,,,,,,,,,,,,,,,,,,,,,,,,,,,,,,,,,,,,,,,,,,,,,,,,,,,,,
1676060278.309340,1676060278.310088,5.000000,0.000000,4269.230957,4308.846191,4306.922852,4325.000000,4239.615234,4284.487305,4293.461426,4303.333496,4287.563965,4260.384766,4501.922852,4479.743652,4322.179688,4383.461426,2369.000000,4.000000,85.000000,,,,0.000000,4.000000,4.000000,4.000000,4.000000,4.000000,4.000000,4.000000,4.000000,4.000000,4.000000,4.000000,4.000000,4.000000,4.000000,100.000000,,,,,,,,,,,,,,,,,,,,,,,,,,,,,,,,,,,,,,,,,,,,,,,,,,,,,,,,,,,,,,,,,,,,,,,,,,,,,,,,,,,,,,
1676060278.317148,1676060278.317897,6.000000,0.000000,4282.051270,4318.205078,4313.461426,4333.717773,4251.666504,4303.333496,4300.000000,4309.358887,4292.179688,4274.871582,4521.410156,4492.820313,4340.128418,4393.589844,2207.000000,4.000000,85.000000,,,,0.000000,4.000000,4.000000,4.000000,4.000000,4.000000,4.000000,4.000000,4.000000,4.000000,4.000000,4.000000,4.000000,4.000000,4.000000,100.000000,,,,,,,,,,,,,,,,,,,,,,,,,,,,,,,,,,,,,,,,,,,,,,,,,,,,,,,,,,,,,,,,,,,,,,,,,,,,,,,,,,,,,,
1676060278.324956,1676060278.325605,7.000000,0.000000,4271.282227,4311.666504,4298.589844,4325.384766,4249.871582,4302.051270,4295.512695,4305.512695,4285.384766,4286.410156,4526.282227,4477.179688,4332.563965,4387.051270,2206.000000,4.000000,85.000000,,,,0.000000,4.000000,4.000000,4.000000,4.000000,4.000000,4.000000,4.000000,4.000000,4.000000,4.000000,4.000000,4.000000,4.000000,4.000000,100.000000,,,,,,,,,,,,,,,,,,,,,,,,,,,,,,,,,,,,,,,,,,,,,,,,,,,,,,,,,,,,,,,,,,,,,,,,,,,,,,,,,,,,,,
1676060278.332765,1676060278.333414,8.000000,0.000000,4273.717773,4313.846191,4299.615234,4319.871582,4247.820313,4296.538574,4297.948730,4305.769043,4282.436035,4277.307617,4536.922852,4475.256348,4333.077148,4394.102539,2262.000000,4.000000,85.000000,,,,0.000000,4.000000,4.000000,4.000000,4.000000,4.000000,4.000000,4.000000,4.000000,4.000000,4.000000,4.000000,4.000000,4.000000,4.000000,100.000000,,,,,,,,,,,,,,,,,,,,,,,,,,,,,,,,,,,,,,,,,,,,,,,,,,,,,,,,,,,,,,,,,,,,,,,,,,,,,,,,,,,,,,
1676060278.340573,1676060278.341122,9.000000,0.000000,4291.538574,4325.000000,4315.512695,4325.128418,4248.077148,4299.230957,4304.102539,4317.436035,4295.384766,4279.102539,4553.461426,4494.358887,4355.897461,4412.307617,2217.000000,4.000000,85.000000,,,,0.000000,4.000000,4.000000,4.000000,4.000000,4.000000,4.000000,4.000000,4.000000,4.000000,4.000000,4.000000,4.000000,4.000000,4.000000,100.000000,,,,,,,,,,,,,,,,,,,,,,,,,,,,,,,,,,,,,,,,,,,,,,,,,,,,,,,,,,,,,,,,,,,,,,,,,,,,,,,,,,,,,,
1676060278.348381,1676060278.348931,10.000000,0.000000,4273.077148,4301.922852,4290.256348,4303.077148,4233.461426,4285.000000,4282.563965,4297.820313,4279.615234,4267.179688,4520.641113,4467.179688,4338.717773,4388.589844,2717.000000,4.000000,85.000000,,,,0.000000,4.000000,4.000000,4.000000,4.000000,4.000000,4.000000,4.000000,4.000000,4.000000,4.000000,4.000000,4.000000,4.000000,4.000000,100.000000,,,,,,,,,,,,,,,,,,,,,,,,,,,,,,,,,,,,,,,,,,,,,,,,,,,,,,,,,,,,,,,,,,,,,,,,,,,,,,,,,,,,,,
1676060278.356190,1676060278.356639,11.000000,0.000000,4258.205078,4288.846191,4273.333496,4288.846191,4225.000000,4272.051270,4270.384766,4283.846191,4266.025879,4255.769043,4499.615234,4449.358887,4317.948730,4374.487305,2905.000000,4.000000,85.000000,,,,0.000000,4.000000,4.000000,4.000000,4.000000,4.000000,4.000000,4.000000,4.000000,4.000000,4.000000,4.000000,4.000000,4.000000,4.000000,100.000000,,,,,,,,,,,,,,,,,,,,,,,,,,,,,,,,,,,,,,,,,,,,,,,,,,,,,,,,,,,,,,,,,,,,,,,,,,,,,,,,,,,,,,
1676060278.363998,1676060278.364448,12.000000,0.000000,4284.102539,4309.743652,4308.205078,4313.461426,4233.717773,4280.128418,4295.641113,4314.230957,4297.051270,4282.820313,4540.769043,4490.384766,4344.487305,4403.717773,3096.000000,4.000000,85.000000,,,,0.000000,4.000000,4.000000,4.000000,4.000000,4.000000,4.000000,4.000000,4.000000,4.000000,4.000000,4.000000,4.000000,4.000000,4.000000,100.000000,,,,,,,,,,,,,,,,,,,,,,,,,,,,,,,,,,,,,,,,,,,,,,,,,,,,,,,,,,,,,,,,,,,,,,,,,,,,,,,,,,,,,,
1676060278.371807,1676060278.372156,13.000000,0.000000,4289.615234,4307.948730,4319.487305,4317.436035,4235.128418,4283.333496,4302.179688,4328.974121,4317.563965,4302.820313,4564.615234,4503.717773,4364.487305,4409.871582,3213.000000,4.000000,85.000000,,,,0.000000,4.000000,4.000000,4.000000,4.000000,4.000000,4.000000,4.000000,4.000000,4.000000,4.000000,4.000000,4.000000,4.000000,4.000000,100.000000,,,,,,,,,,,,,,,,,,,,,,,,,,,,,,,,,,,,,,,,,,,,,,,,,,,,,,,,,,,,,,,,,,,,,,,,,,,,,,,,,,,,,,
1676060278.379615,1676060278.379965,14.000000,0.000000,4269.487305,4287.820313,4294.230957,4295.384766,4230.512695,4273.333496,4280.897461,4312.692383,4304.230957,4285.512695,4553.589844,4476.666504,4350.256348,4393.461426,2717.000000,4.000000,85.000000,,,,0.000000,4.000000,4.000000,4.000000,4.000000,4.000000,4.000000,4.000000,4.000000,4.000000,4.000000,4.000000,4.000000,4.000000,4.000000,100.000000,1.000000,25.000000,4.000000,4.000000,1.000000,4.000000,1.000000,4.000000,4.000000,4.000000,4.000000,3.000000,1.000000,1.000000,3.000000,3.000000,1.040425,6.577453,0.941599,1.467939,1.136310,9.940416,6.722329,2.606346,1.466450,0.973730,1.263341,5.558890,1.161826,1.469059,1.209305,3.862422,5.656627,1.568379,1.210412,0.966642,1.435169,1.816393,0.919676,0.517619,0.597921,0.430033,0.590513,0.370556,0.814999,0.536944,0.464530,0.921529,0.768115,0.896940,0.952978,0.691798,1.011146,0.709747,0.931204,1.046309,0.786578,0.907436,1.145017,1.077397,1.072359,0.800829,1.327416,1.813144,1.581062,1.208297,34.749466,8.502028,4.139058,2.292955,1.878798,4.151178,4.140381,1.892678,2.265701,1.764651,11.331545,6.079521,2.185222,1.907850,1.728435,5.128148,3.880909,2.584189,2.524702,1.596382
1676060278.387423,1676060278.387673,15.000000,0.000000,4268.974121,4288.077148,4293.846191,4296.538574,4233.717773,4271.922852,4279.102539,4308.717773,4295.769043,4270.128418,4557.436035,4475.000000,4338.205078,4392.051270,2905.000000,4.000000,85.000000,,,,0.000000,4.000000,4.000000,4.000000,4.000000,4.000000,4.000000,4.000000,4.000000,4.000000,4.000000,4.000000,4.000000,4.000000,4.000000,100.000000,,,,,,,,,,,,,,,,,,,,,,,,,,,,,,,,,,,,,,,,,,,,,,,,,,,,,,,,,,,,,,,,,,,,,,,,,,,,,,,,,,,,,,
1676060278.395232,1676060278.395482,16.000000,0.000000,4281.153809,4299.743652,4317.692383,4316.538574,4247.307617,4285.000000,4297.948730,4320.384766,4302.948730,4283.205078,4579.230957,4491.666504,4346.794922,4401.666504,0.000000,4.000000,85.000000,,,,0.000000,4.000000,4.000000,4.000000,4.000000,4.000000,4.000000,4.000000,4.000000,4.000000,4.000000,4.000000,4.000000,4.000000,4.000000,100.000000,,,,,,,,,,,,,,,,,,,,,,,,,,,,,,,,,,,,,,,,,,,,,,,,,,,,,,,,,,,,,,,,,,,,,,,,,,,,,,,,,,,,,,
1676060278.403040,1676060278.403190,17.000000,0.000000,4293.846191,4311.153809,4331.410156,4327.179688,4257.692383,4289.871582,4307.436035,4328.333496,4313.461426,4298.846191,4594.487305,4499.358887,4363.333496,4413.333496,0.000000,4.000000,85.000000,,,,0.000000,4.000000,4.000000,4.000000,4.000000,4.000000,4.000000,4.000000,4.000000,4.000000,4.000000,4.000000,4.000000,4.000000,4.000000,100.000000,,,,,,,,,,,,,,,,,,,,,,,,,,,,,,,,,,,,,,,,,,,,,,,,,,,,,,,,,,,,,,,,,,,,,,,,,,,,,,,,,,,,,,
1676060278.410849,1676060278.411099,18.000000,0.000000,4295.000000,4312.179688,4321.282227,4320.256348,4253.717773,4281.794922,4298.846191,4319.615234,4304.102539,4285.769043,4582.692383,4492.948730,4352.948730,4405.897461,0.000000,4.000000,85.000000,,,,0.000000,4.000000,4.000000,4.000000,4.000000,4.000000,4.000000,4.000000,4.000000,4.000000,4.000000,4.000000,4.000000,4.000000,4.000000,100.000000,,,,,,,,,,,,,,,,,,,,,,,,,,,,,,,,,,,,,,,,,,,,,,,,,,,,,,,,,,,,,,,,,,,,,,,,,,,,,,,,,,,,,,
1676060278.418657,1676060278.418907,19.000000,0.000000,4291.538574,4307.436035,4316.025879,4316.538574,4255.000000,4280.641113,4295.128418,4309.871582,4287.820313,4268.717773,4565.641113,4486.153809,4340.384766,4397.820313,0.000000,4.000000,85.000000,,,,0.000000,4.000000,4.000000,4.000000,4.000000,4.000000,4.000000,4.000000,4.000000,4.000000,4.000000,4.000000,4.000000,4.000000,4.000000,100.000000,,,,,,,,,,,,,,,,,,,,,,,,,,,,,,,,,,,,,,,,,,,,,,,,,,,,,,,,,,,,,,,,,,,,,,,,,,,,,,,,,,,,,,
1676060278.426465,1676060278.426816,20.000000,0.000000,4303.461426,4318.461426,4335.000000,4330.256348,4269.358887,4286.538574,4302.948730,4317.563965,4291.794922,4275.128418,4573.717773,4494.871582,4365.384766,4423.589844,0.000000,4.000000,85.000000,,,,0.000000,4.000000,4.000000,4.000000,4.000000,4.000000,4.000000,4.000000,4.000000,4.000000,4.000000,4.000000,4.000000,4.000000,4.000000,100.000000,,,,,,,,,,,,,,,,,,,,,,,,,,,,,,,,,,,,,,,,,,,,,,,,,,,,,,,,,,,,,,,,,,,,,,,,,,,,,,,,,,,,,,
1676060278.434274,1676060278.434624,21.000000,0.000000,4308.205078,4326.922852,4337.051270,4333.077148,4272.051270,4284.487305,4301.922852,4322.692383,4300.897461,4285.256348,4573.717773,4497.948730,4374.743652,4439.358887,0.000000,4.000000,85.000000,,,,0.000000,4.000000,4.000000,4.000000,4.000000,4.000000,4.000000,4.000000,4.000000,4.000000,4.000000,4.000000,4.000000,4.000000,4.000000,100.000000,,,,,,,,,,,,,,,,,,,,,,,,,,,,,,,,,,,,,,,,,,,,,,,,,,,,,,,,,,,,,,,,,,,,,,,,,,,,,,,,,,,,,,
1676060278.442082,1676060278.442532,22.000000,0.000000,4286.538574,4309.871582,4301.922852,4312.436035,4259.615234,4282.692383,4287.563965,4304.743652,4291.922852,4278.333496,4535.641113,4475.641113,4342.820313,4407.692383,0.000000,4.000000,85.000000,,,,0.000000,4.000000,4.000000,4.000000,4.000000,4.000000,4.000000,4.000000,4.000000,4.000000,4.000000,4.000000,4.000000,4.000000,4.000000,100.000000,,,,,,,,,,,,,,,,,,,,,,,,,,,,,,,,,,,,,,,,,,,,,,,,,,,,,,,,,,,,,,,,,,,,,,,,,,,,,,,,,,,,,,
1676060278.449891,1676060278.450341,23.000000,0.000000,4283.846191,4304.743652,4291.410156,4304.615234,4261.922852,4288.974121,4285.000000,4298.589844,4290.897461,4273.461426,4521.538574,4466.922852,4343.333496,4399.230957,0.000000,4.000000,85.000000,,,,0.000000,4.000000,4.000000,4.000000,4.000000,4.000000,4.000000,4.000000,4.000000,4.000000,4.000000,4.000000,4.000000,4.000000,4.000000,100.000000,,,,,,,,,,,,,,,,,,,,,,,,,,,,,,,,,,,,,,,,,,,,,,,,,,,,,,,,,,,,,,,,,,,,,,,,,,,,,,,,,,,,,,
1676060278.457699,1676060278.458249,24.000000,0.000000,4304.615234,4314.871582,4312.692383,4311.794922,4268.077148,4287.563965,4289.743652,4309.102539,4299.230957,4279.487305,4536.153809,4482.051270,4370.641113,4424.615234,0.000000,4.000000,85.000000,,,,0.000000,4.000000,4.000000,4.000000,4.000000,4.000000,4.000000,4.000000,4.000000,4.000000,4.000000,4.000000,4.000000,4.000000,4.000000,100.000000,,,,,,,,,,,,,,,,,,,,,,,,,,,,,,,,,,,,,,,,,,,,,,,,,,,,,,,,,,,,,,,,,,,,,,,,,,,,,,,,,,,,,,
1676060278.465507,1676060278.466058,25.000000,0.000000,4289.102539,4298.333496,4304.102539,4292.820313,4250.641113,4276.025879,4276.794922,4295.769043,4284.615234,4277.307617,4514.871582,4470.128418,4350.897461,4412.179688,0.000000,4.000000,85.000000,,,,0.000000,4.000000,4.000000,4.000000,4.000000,4.000000,4.000000,4.000000,4.000000,4.000000,4.000000,4.000000,4.000000,4.000000,4.000000,100.000000,,,,,,,,,,,,,,,,,,,,,,,,,,,,,,,,,,,,,,,,,,,,,,,,,,,,,,,,,,,,,,,,,,,,,,,,,,,,,,,,,,,,,,
1676060278.473316,1676060278.473966,26.000000,0.000000,4273.077148,4285.641113,4297.307617,4280.512695,4245.256348,4280.128418,4277.820313,4288.717773,4282.179688,4283.077148,4496.410156,4463.077148,4334.615234,4399.102539,0.000000,4.000000,85.000000,,,,0.000000,4.000000,4.000000,4.000000,4.000000,4.000000,4.000000,4.000000,4.000000,4.000000,4.000000,4.000000,4.000000,4.000000,4.000000,100.000000,,,,,,,,,,,,,,,,,,,,,,,,,,,,,,,,,,,,,,,,,,,,,,,,,,,,,,,,,,,,,,,,,,,,,,,,,,,,,,,,,,,,,,
1676060278.481124,1676060278.481774,27.000000,0.000000,4290.256348,4293.846191,4315.641113,4293.589844,4256.153809,4283.589844,4292.307617,4308.205078,4301.410156,4291.025879,4510.256348,4481.794922,4358.333496,4416.410156,0.000000,4.000000,85.000000,,,,0.000000,4.000000,4.000000,4.000000,4.000000,4.000000,4.000000,4.000000,4.000000,4.000000,4.000000,4.000000,4.000000,4.000000,4.000000,100.000000,,,,,,,,,,,,,,,,,,,,,,,,,,,,,,,,,,,,,,,,,,,,,,,,,,,,,,,,,,,,,,,,,,,,,,,,,,,,,,,,,,,,,,
1676060278.488932,1676060278.489583,28.000000,0.000000,4285.256348,4285.256348,4310.769043,4289.615234,4248.077148,4267.179688,4290.000000,4314.102539,4301.025879,4276.666504,4498.205078,4472.436035,4355.128418,4408.333496,0.000000,4.000000,85.000000,,,,0.000000,4.000000,4.000000,4.000000,4.000000,4.000000,4.000000,4.000000,4.000000,4.000000,4.000000,4.000000,4.000000,4.000000,4.000000,100.000000,,,,,,,,,,,,,,,,,,,,,,,,,,,,,,,,,,,,,,,,,,,,,,,,,,,,,,,,,,,,,,,,,,,,,,,,,,,,,,,,,,,,,,
1676060278.496741,1676060278.497391,29.000000,0.000000,4272.436035,4285.897461,4302.051270,4286.794922,4249.102539,4274.358887,4299.102539,4318.717773,4304.871582,4276.410156,4485.769043,4465.128418,4341.922852,4401.025879,0.000000,4.000000,85.000000,,,,0.000000,4.000000,4.000000,4.000000,4.000000,4.000000,4.000000,4.000000,4.000000,4.000000,4.000000,4.000000,4.000000,4.000000,4.000000,100.000000,,,,,,,,,,,,,,,,,,,,,,,,,,,,,,,,,,,,,,,,,,,,,,,,,,,,,,,,,,,,,,,,,,,,,,,,,,,,,,,,,,,,,,
1676060278.504549,1676060278.505100,30.000000,0.000000,4293.077148,4307.051270,4323.717773,4311.922852,4277.179688,4308.974121,4326.666504,4338.589844,4324.230957,4304.871582,4507.563965,4491.794922,4363.717773,4425.256348,0.000000,4.000000,85.000000,,,,0.000000,4.000000,4.000000,4.000000,4.000000,4.000000,4.000000,4.000000,4.000000,4.000000,4.000000,4.000000,4.000000,4.000000,4.000000,100.000000,,,,,,,,,,,,,,,,,0.937626,7.577572,0.994884,1.360422,1.058451,8.899407,7.418564,2.563948,1.406422,1.024016,1.299245,6.522326,1.055792,1.435388,1.201780,3.426291,6.259094,1.504757,1.230286,0.984819,1.076572,2.195754,0.890789,0.533197,0.557636,0.526681,0.761818,0.375633,0.872776,0.496668,0.562705,1.082247,0.713748,0.886389,0.910160,0.663511,1.045575,0.587467,0.987471,1.038620,0.790011,0.887908,1.041689,1.123168,1.027709,0.779899,1.339014,1.827618,1.464976,1.214453,15.711522,5.622652,3.258800,2.149074,1.772669,3.441221,4.257816,1.692766,2.183266,1.720879,9.545877,5.158249,1.910208,1.847707,1.630161,5.426638,3.704937,2.809188,2.545232,1.584558
1676060278.512358,1676060278.512908,31.000000,0.000000,4304.230957,4303.717773,4327.307617,4319.743652,4286.922852,4313.846191,4323.077148,4331.410156,4312.948730,4304.615234,4500.384766,4489.871582,4368.974121,4421.025879,0.000000,4.000000,85.000000,,,,0.000000,4.000000,4.000000,4.000000,4.000000,4.000000,4.000000,4.000000,4.000000,4.000000,4.000000,4.000000,4.000000,4.000000,4.000000,100.000000,,,,,,,,,,,,,,,,,,,,,,,,,,,,,,,,,,,,,,,,,,,,,,,,,,,,,,,,,,,,,,,,,,,,,,,,,,,,,,,,,,,,,,
1676060278.520166,1676060278.520617,32.000000,0.000000,4293.333496,4297.179688,4309.230957,4308.717773,4279.487305,4299.230957,4298.717773,4310.256348,4292.051270,4274.615234,4472.436035,4464.102539,4347.563965,4401.666504,0.000000,4.000000,85.000000,,,,0.000000,4.000000,4.000000,4.000000,4.000000,4.000000,4.000000,4.000000,4.000000,4.000000,4.000000,4.000000,4.000000,4.000000,4.000000,100.000000,,,,,,,,,,,,,,,,,,,,,,,,,,,,,,,,,,,,,,,,,,,,,,,,,,,,,,,,,,,,,,,,,,,,,,,,,,,,,,,,,,,,,,
1676060278.527974,1676060278.528425,33.000000,0.000000,4285.384766,4303.717773,4300.512695,4303.717773,4274.358887,4291.282227,4284.230957,4305.128418,4287.179688,4261.538574,4462.051270,4456.282227,4335.256348,4401.794922,0.000000,4.000000,85.000000,,,,0.000000,4.000000,4.000000,4.000000,4.000000,4.000000,4.000000,4.000000,4.000000,4.000000,4.000000,4.000000,4.000000,4.000000,4.000000,100.000000,,,,,,,,,,,,,,,,,,,,,,,,,,,,,,,,,,,,,,,,,,,,,,,,,,,,,,,,,,,,,,,,,,,,,,,,,,,,,,,,,,,,,,
1676060278.535783,1676060278.536134,34.000000,0.000000,4274.743652,4289.358887,4287.692383,4293.589844,4268.461426,4285.512695,4280.128418,4301.922852,4275.641113,4261.025879,4443.589844,4448.717773,4324.743652,4386.794922,0.000000,4.000000,85.000000,,,,0.000000,4.000000,4.000000,4.000000,4.000000,4.000000,4.000000,4.000000,4.000000,4.000000,4.000000,4.000000,4.000000,4.000000,4.000000,100.000000,,,,,,,,,,,,,,,,,,,,,,,,,,,,,,,,,,,,,,,,,,,,,,,,,,,,,,,,,,,,,,,,,,,,,,,,,,,,,,,,,,,,,,
1676060278.543591,1676060278.543942,35.000000,0.000000,4252.436035,4260.769043,4262.563965,4271.025879,4258.333496,4281.025879,4271.666504,4282.820313,4260.128418,4249.871582,4410.769043,4423.461426,4303.077148,4354.615234,0.000000,4.000000,85.000000,,,,0.000000,4.000000,4.000000,4.000000,4.000000,4.000000,4.000000,4.000000,4.000000,4.000000,4.000000,4.000000,4.000000,4.000000,4.000000,100.000000,,,,,,,,,,,,,,,,,,,,,,,,,,,,,,,,,,,,,,,,,,,,,,,,,,,,,,,,,,,,,,,,,,,,,,,,,,,,,,,,,,,,,,
1676060278.551400,1676060278.551651,36.000000,0.000000,4235.769043,4249.102539,4246.153809,4251.922852,4243.333496,4272.051270,4255.512695,4256.282227,4247.948730,4233.974121,4390.256348,4398.589844,4289.358887,4338.846191,0.000000,4.000000,85.000000,,,,0.000000,4.000000,4.000000,4.000000,4.000000,4.000000,4.000000,4.000000,4.000000,4.000000,4.000000,4.000000,4.000000,4.000000,4.000000,100.000000,,,,,,,,,,,,,,,,,,,,,,,,,,,,,,,,,,,,,,,,,,,,,,,,,,,,,,,,,,,,,,,,,,,,,,,,,,,,,,,,,,,,,,
1676060278.559208,1676060278.559459,37.000000,0.000000,4266.153809,4277.820313,4279.487305,4274.743652,4253.205078,4277.436035,4277.563965,4280.897461,4278.077148,4260.512695,4426.153809,4431.153809,4327.948730,4374.230957,0.000000,4.000000,85.000000,,,,0.000000,4.000000,4.000000,4.000000,4.000000,4.000000,4.000000,4.000000,4.000000,4.000000,4.000000,4.000000,4.000000,4.000000,4.000000,100.000000,,,,,,,,,,,,,,,,,,,,,,,,,,,,,,,,,,,,,,,,,,,,,,,,,,,,,,,,,,,,,,,,,,,,,,,,,,,,,,,,,,,,,,
1676060278.567016,1676060278.567168,38.000000,0.000000,4321.410156,4322.948730,4339.615234,4319.358887,4289.102539,4311.794922,4332.948730,4347.179688,4344.487305,4318.974121,4503.589844,4510.128418,4402.436035,4443.846191,0.000000,4.000000,85.000000,,,,0.000000,4.000000,4.000000,4.000000,4.000000,4.000000,4.000000,4.000000,4.000000,4.000000,4.000000,4.000000,4.000000,4.000000,4.000000,100.000000,,,,,,,,,,,,,,,,,,,,,,,,,,,,,,,,,,,,,,,,,,,,,,,,,,,,,,,,,,,,,,,,,,,,,,,,,,,,,,,,,,,,,,
1676060278.574825,1676060278.574976,39.000000,0.000000,4322.820313,4314.871582,4349.230957,4318.717773,4296.410156,4329.871582,4340.769043,4357.436035,4358.333496,4330.769043,4525.641113,4533.077148,4430.897461,4467.692383,0.000000,4.000000,85.000000,,,,0.000000,4.000000,4.000000,4.000000,4.000000,4.000000,4.000000,4.000000,4.000000,4.000000,4.000000,4.000000,4.000000,4.000000,4.000000,100.000000,,,,,,,,,,,,,,,,,,,,,,,,,,,,,,,,,,,,,,,,,,,,,,,,,,,,,,,,,,,,,,,,,,,,,,,,,,,,,,,,,,,,,,
1676060278.582633,1676060278.582685,40.000000,0.000000,4291.922852,4275.000000,4318.205078,4287.563965,4277.051270,4316.153809,4312.948730,4327.692383,4329.358887,4301.922852,4487.692383,4497.820313,4404.615234,4436.666504,0.000000,4.000000,85.000000,,,,0.000000,4.000000,4.000000,4.000000,4.000000,4.000000,4.000000,4.000000,4.000000,4.000000,4.000000,4.000000,4.000000,4.000000,4.000000,100.000000,,,,,,,,,,,,,,,,,,,,,,,,,,,,,,,,,,,,,,,,,,,,,,,,,,,,,,,,,,,,,,,,,,,,,,,,,,,,,,,,,,,,,,
1676060278.590441,1676060278.590593,41.000000,0.000000,4292.820313,4274.102539,4312.051270,4282.051270,4278.077148,4309.871582,4317.051270,4335.641113,4336.153809,4295.897461,4477.948730,4491.025879,4394.487305,4422.563965,0.000000,4.000000,85.000000,,,,0.000000,4.000000,4.000000,4.000000,4.000000,4.000000,4.000000,4.000000,4.000000,4.000000,4.000000,4.000000,4.000000,4.000000,4.000000,100.000000,,,,,,,,,,,,,,,,,,,,,,,,,,,,,,,,,,,,,,,,,,,,,,,,,,,,,,,,,,,,,,,,,,,,,,,,,,,,,,,,,,,,,,
1676060278.598250,1676060278.598402,42.000000,0.000000,4301.025879,4287.948730,4317.948730,4290.384766,4284.487305,4313.589844,4325.641113,4344.358887,4349.358887,4301.282227,4481.153809,4499.871582,4401.410156,4426.922852,0.000000,4.000000,85.000000,,,,0.000000,4.000000,4.000000,4.000000,4.000000,4.000000,4.000000,4.000000,4.000000,4.000000,4.000000,4.000000,4.000000,4.000000,4.000000,100.000000,,,,,,,,,,,,,,,,,,,,,,,,,,,,,,,,,,,,,,,,,,,,,,,,,,,,,,,,,,,,,,,,,,,,,,,,,,,,,,,,,,,,,,
1676060278.606058,1676060278.606310,43.000000,0.000000,4296.153809,4280.384766,4312.948730,4293.461426,4281.538574,4313.205078,4308.205078,4323.461426,4335.512695,4298.205078,4463.205078,4485.384766,4389.487305,4420.897461,0.000000,4.000000,85.000000,,,,0.000000,4.000000,4.000000,4.000000,4.000000,4.000000,4.000000,4.000000,4.000000,4.000000,4.000000,4.000000,4.000000,4.000000,4.000000,100.000000,,,,,,,,,,,,,,,,,,,,,,,,,,,,,,,,,,,,,,,,,,,,,,,,,,,,,,,,,,,,,,,,,,,,,,,,,,,,,,,,,,,,,,
1676060278.613866,1676060278.614118,44.000000,0.000000,4290.384766,4276.025879,4306.922852,4294.615234,4281.153809,4308.717773,4293.846191,4311.153809,4327.820313,4293.461426,4448.333496,4469.358887,4371.538574,4411.282227,0.000000,4.000000,85.000000,,,,0.000000,4.000000,4.000000,4.000000,4.000000,4.000000,4.000000,4.000000,4.000000,4.000000,4.000000,4.000000,4.000000,4.000000,4.000000,100.000000,,,,,,,,,,,,,,,,,,,,,,,,,,,,,,,,,,,,,,,,,,,,,,,,,,,,,,,,,,,,,,,,,,,,,,,,,,,,,,,,,,,,,,
1676060278.621675,1676060278.622027,45.000000,0.000000,4282.307617,4278.589844,4300.256348,4285.384766,4281.025879,4302.307617,4294.358887,4302.692383,4327.692383,4286.794922,4437.436035,4461.538574,4363.974121,4400.256348,0.000000,4.000000,85.000000,,,,0.000000,4.000000,4.000000,4.000000,4.000000,4.000000,4.000000,4.000000,4.000000,4.000000,4.000000,4.000000,4.000000,4.000000,4.000000,100.000000,,,,,,,,,,,,,,,,,,,,,,,,,,,,,,,,,,,,,,,,,,,,,,,,,,,,,,,,,,,,,,,,,,,,,,,,,,,,,,,,,,,,,,
1676060278.629483,1676060278.629835,46.000000,0.000000,4275.128418,4272.436035,4295.641113,4278.205078,4277.179688,4296.794922,4294.102539,4287.948730,4321.410156,4281.282227,4424.102539,4455.897461,4361.666504,4389.230957,0.000000,4.000000,85.000000,,,,0.000000,4.000000,4.000000,4.000000,4.000000,4.000000,4.000000,4.000000,4.000000,4.000000,4.000000,4.000000,4.000000,4.000000,4.000000,100.000000,,,,,,,,,,,,,,,,,0.901065,8.073585,1.110494,1.334280,0.982344,7.688660,7.570867,2.401879,1.470459,1.073919,1.369181,7.214654,1.025101,1.500835,1.186703,3.050158,6.411470,1.384570,1.332882,1.005724,0.825859,2.576509,0.799699,0.593028,0.519475,0.628175,1.063566,0.389677,0.950788,0.468136,0.638853,1.269455,0.697663,0.969508,0.872275,0.605538,1.105318,0.489109,1.168641,1.030192,0.752344,0.917980,0.922130,1.242779,0.985562,0.717344,1.323689,1.826266,1.422317,1.230041,6.945331,3.672926,2.620213,2.203450,1.669381,2.579012,4.221056,1.548450,2.296172,1.675184,7.627502,4.207103,1.912038,1.906660,1.547324,5.524533,3.528722,3.034502,2.680553,1.565602
1676060278.637292,1676060278.637744,47.000000,0.000000,4263.589844,4260.769043,4283.205078,4274.487305,4267.051270,4285.641113,4280.000000,4274.102539,4301.538574,4263.974121,4408.974121,4439.358887,4346.922852,4376.922852,0.000000,4.000000,85.000000,,,,0.000000,4.000000,4.000000,4.000000,4.000000,4.000000,4.000000,4.000000,4.000000,4.000000,4.000000,4.000000,4.000000,4.000000,4.000000,100.000000,,,,,,,,,,,,,,,,,,,,,,,,,,,,,,,,,,,,,,,,,,,,,,,,,,,,,,,,,,,,,,,,,,,,,,,,,,,,,,,,,,,,,,
1676060278.645100,1676060278.645552,48.000000,0.000000,4266.282227,4274.615234,4284.871582,4281.282227,4268.846191,4286.410156,4281.153809,4278.974121,4295.641113,4262.820313,4410.641113,4440.769043,4353.333496,4386.922852,0.000000,4.000000,85.000000,,,,0.000000,4.000000,4.000000,4.000000,4.000000,4.000000,4.000000,4.000000,4.000000,4.000000,4.000000,4.000000,4.000000,4.000000,4.000000,100.000000,,,,,,,,,,,,,,,,,,,,,,,,,,,,,,,,,,,,,,,,,,,,,,,,,,,,,,,,,,,,,,,,,,,,,,,,,,,,,,,,,,,,,,
1676060278.652908,1676060278.653460,49.000000,0.000000,4298.333496,4306.282227,4320.000000,4305.128418,4288.077148,4303.846191,4309.743652,4310.897461,4327.820313,4300.769043,4444.487305,4480.256348,4392.051270,4424.615234,0.000000,4.000000,85.000000,,,,0.000000,4.000000,4.000000,4.000000,4.000000,4.000000,4.000000,4.000000,4.000000,4.000000,4.000000,4.000000,4.000000,4.000000,4.000000,100.000000,,,,,,,,,,,,,,,,,,,,,,,,,,,,,,,,,,,,,,,,,,,,,,,,,,,,,,,,,,,,,,,,,,,,,,,,,,,,,,,,,,,,,,
1676060278.660717,1676060278.661269,50.000000,0.000000,4309.871582,4307.563965,4336.025879,4309.230957,4285.256348,4300.769043,4315.897461,4330.256348,4343.461426,4315.384766,4464.871582,4500.128418,4403.846191,4437.179688,0.000000,4.000000,85.000000,,,,0.000000,4.000000,4.000000,4.000000,4.000000,4.000000,4.000000,4.000000,4.000000,4.000000,4.000000,4.000000,4.000000,4.000000,4.000000,100.000000,,,,,,,,,,,,,,,,,,,,,,,,,,,,,,,,,,,,,,,,,,,,,,,,,,,,,,,,,,,,,,,,,,,,,,,,,,,,,,,,,,,,,,
1676060278.668525,1676060278.669177,51.000000,0.000000,4291.922852,4290.000000,4317.307617,4292.307617,4264.358887,4288.205078,4297.692383,4322.948730,4325.897461,4294.615234,4450.000000,4485.641113,4385.256348,4419.615234,0.000000,4.000000,85.000000,,,,0.000000,4.000000,4.000000,4.000000,4.000000,4.000000,4.000000,4.000000,4.000000,4.000000,4.000000,4.000000,4.000000,4.000000,4.000000,100.000000,,,,,,,,,,,,,,,,,,,,,,,,,,,,,,,,,,,,,,,,,,,,,,,,,,,,,,,,,,,,,,,,,,,,,,,,,,,,,,,,,,,,,,
1676060278.676334,1676060278.676986,52.000000,0.000000,4294.102539,4289.102539,4316.025879,4288.205078,4261.282227,4293.717773,4300.641113,4327.307617,4330.000000,4297.692383,4444.871582,4485.769043,4387.436035,4418.333496,0.000000,4.000000,85.000000,,,,0.000000,4.000000,4.000000,4.000000,4.000000,4.000000,4.000000,4.000000,4.000000,4.000000,4.000000,4.000000,4.000000,4.000000,4.000000,100.000000,,,,,,,,,,,,,,,,,,,,,,,,,,,,,,,,,,,,,,,,,,,,,,,,,,,,,,,,,,,,,,,,,,,,,,,,,,,,,,,,,,,,,,
1676060278.684142,1676060278.684694,53.000000,0.000000,4287.307617,4271.794922,4310.512695,4275.512695,4257.948730,4289.358887,4302.307617,4328.974121,4331.538574,4303.589844,4433.077148,4476.538574,4380.897461,4404.871582,0.000000,4.000000,85.000000,,,,0.000000,4.000000,4.000000,4.000000,4.000000,4.000000,4.000000,4.000000,4.000000,4.000000,4.000000,4.000000,4.000000,4.000000,4.000000,100.000000,,,,,,,,,,,,,,,,,,,,,,,,,,,,,,,,,,,,,,,,,,,,,,,,,,,,,,,,,,,,,,,,,,,,,,,,,,,,,,,,,,,,,,
1676060278.691950,1676060278.692503,54.000000,0.000000,4243.717773,4227.563965,4268.333496,4239.102539,4239.230957,4270.641113,4279.871582,4301.666504,4298.846191,4269.358887,4391.025879,4433.205078,4333.205078,4356.666504,0.000000,4.000000,85.000000,,,,0.000000,4.000000,4.000000,4.000000,4.000000,4.000000,4.000000,4.000000,4.000000,4.000000,4.000000,4.000000,4.000000,4.000000,4.000000,100.000000,,,,,,,,,,,,,,,,,,,,,,,,,,,,,,,,,,,,,,,,,,,,,,,,,,,,,,,,,,,,,,,,,,,,,,,,,,,,,,,,,,,,,,
1676060278.699759,1676060278.700211,55.000000,0.000000,4235.769043,4226.538574,4263.205078,4243.589844,4247.051270,4285.384766,4285.769043,4295.897461,4300.512695,4256.025879,4388.589844,4433.461426,4329.871582,4357.948730,0.000000,4.000000,85.000000,,,,0.000000,4.000000,4.000000,4.000000,4.000000,4.000000,4.000000,4.000000,4.000000,4.000000,4.000000,4.000000,4.000000,4.000000,4.000000,100.000000,,,,,,,,,,,,,,,,,,,,,,,,,,,,,,,,,,,,,,,,,,,,,,,,,,,,,,,,,,,,,,,,,,,,,,,,,,,,,,,,,,,,,,
1676060278.707567,1676060278.708020,56.000000,0.000000,4275.384766,4267.820313,4305.000000,4291.025879,4278.974121,4316.666504,4317.820313,4327.179688,4340.256348,4294.358887,4434.102539,4484.743652,4385.000000,4411.538574,0.000000,4.000000,85.000000,,,,0.000000,4.000000,4.000000,4.000000,4.000000,4.000000,4.000000,4.000000,4.000000,4.000000,4.000000,4.000000,4.000000,4.000000,4.000000,100.000000,,,,,,,,,,,,,,,,,,,,,,,,,,,,,,,,,,,,,,,,,,,,,,,,,,,,,,,,,,,,,,,,,,,,,,,,,,,,,,,,,,,,,,
1676060278.715376,1676060278.715728,57.000000,0.000000,4282.820313,4278.974121,4310.512695,4308.974121,4282.307617,4312.179688,4310.256348,4326.666504,4332.563965,4312.948730,4438.333496,4487.820313,4396.153809,4413.974121,0.000000,4.000000,85.000000,,,,0.000000,4.000000,4.000000,4.000000,4.000000,4.000000,4.000000,4.000000,4.000000,4.000000,4.000000,4.000000,4.000000,4.000000,4.000000,100.000000,,,,,,,,,,,,,,,,,,,,,,,,,,,,,,,,,,,,,,,,,,,,,,,,,,,,,,,,,,,,,,,,,,,,,,,,,,,,,,,,,,,,,,
1676060278.723184,1676060278.723636,58.000000,0.000000,4251.410156,4257.436035,4277.692383,4293.461426,4260.512695,4290.384766,4278.846191,4285.128418,4288.974121,4280.128418,4394.487305,4444.230957,4354.358887,4368.205078,0.000000,4.000000,85.000000,,,,0.000000,4.000000,4.000000,4.000000,4.000000,4.000000,4.000000,4.000000,4.000000,4.000000,4.000000,4.000000,4.000000,4.000000,4.000000,100.000000,,,,,,,,,,,,,,,,,,,,,,,,,,,,,,,,,,,,,,,,,,,,,,,,,,,,,,,,,,,,,,,,,,,,,,,,,,,,,,,,,,,,,,
1676060278.730992,1676060278.731445,59.000000,0.000000,4240.384766,4248.333496,4270.128418,4288.077148,4257.179688,4287.948730,4276.666504,4274.615234,4285.641113,4259.743652,4384.615234,4444.358887,4345.256348,4362.307617,0.000000,4.000000,85.000000,,,,0.000000,4.000000,4.000000,4.000000,4.000000,4.000000,4.000000,4.000000,4.000000,4.000000,4.000000,4.000000,4.000000,4.000000,4.000000,100.000000,,,,,,,,,,,,,,,,,,,,,,,,,,,,,,,,,,,,,,,,,,,,,,,,,,,,,,,,,,,,,,,,,,,,,,,,,,,,,,,,,,,,,,
1676060278.738801,1676060278.739353,60.000000,0.000000,4255.769043,4261.025879,4280.256348,4300.769043,4264.230957,4288.589844,4283.846191,4291.153809,4296.666504,4268.974121,4406.538574,4476.922852,4363.846191,4385.128418,0.000000,4.000000,85.000000,,,,0.000000,4.000000,4.000000,4.000000,4.000000,4.000000,4.000000,4.000000,4.000000,4.000000,4.000000,4.000000,4.000000,4.000000,4.000000,100.000000,,,,,,,,,,,,,,,,,,,,,,,,,,,,,,,,,,,,,,,,,,,,,,,,,,,,,,,,,,,,,,,,,,,,,,,,,,,,,,,,,,,,,,
1676060278.746609,1676060278.747162,61.000000,0.000000,4272.692383,4286.538574,4289.487305,4321.282227,4262.307617,4285.384766,4284.230957,4296.282227,4291.153809,4275.384766,4415.512695,4490.384766,4357.436035,4391.153809,0.000000,4.000000,85.000000,,,,0.000000,4.000000,4.000000,4.000000,4.000000,4.000000,4.000000,4.000000,4.000000,4.000000,4.000000,4.000000,4.000000,4.000000,4.000000,100.000000,,,,,,,,,,,,,,,,,,,,,,,,,,,,,,,,,,,,,,,,,,,,,,,,,,,,,,,,,,,,,,,,,,,,,,,,,,,,,,,,,,,,,,
1676060278.754418,1676060278.755070,62.000000,0.000000,4283.333496,4315.512695,4303.717773,4343.717773,4268.974121,4292.820313,4296.794922,4306.410156,4303.589844,4282.563965,4413.846191,4495.769043,4343.846191,4391.538574,0.000000,4.000000,85.000000,,,,0.000000,4.000000,4.000000,4.000000,4.000000,4.000000,4.000000,4.000000,4.000000,4.000000,4.000000,4.000000,4.000000,4.000000,4.000000,100.000000,,,,,,,,,,,,,,,,,0.977300,7.884851,1.372027,1.390008,0.927532,6.665838,7.026922,2.248426,1.646607,1.109713,1.508814,7.420357,1.163196,1.658607,1.173893,2.808226,6.014766,1.311298,1.493426,1.020197,0.704802,2.871557,0.709178,0.685802,0.486211,0.706341,1.483246,0.438981,1.036412,0.451248,0.676837,1.470273,0.779888,1.116129,0.842602,0.534401,1.250272,0.489819,1.430995,1.023984,0.680084,1.039153,0.833307,1.421409,0.956514,0.624475,1.296008,1.807040,1.458766,1.268465,5.329027,2.595123,2.366138,2.409968,1.593527,1.871592,4.041508,1.519341,2.550702,1.644524,5.832451,3.451549,2.163581,2.064444,1.508744,5.347536,3.408896,3.269153,2.871953,1.549940
1676060278.762226,1676060278.762878,63.000000,0.000000,4277.051270,4329.871582,4301.410156,4346.794922,4275.256348,4295.897461,4301.153809,4308.974121,4308.974121,4278.846191,4402.051270,4488.974121,4335.000000,4382.179688,0.000000,4.000000,85.000000,,,,0.000000,4.000000,4.000000,4.000000,4.000000,4.000000,4.000000,4.000000,4.000000,4.000000,4.000000,4.000000,4.000000,4.000000,4.000000,100.000000,,,,,,,,,,,,,,,,,,,,,,,,,,,,,,,,,,,,,,,,,,,,,,,,,,,,,,,,,,,,,,,,,,,,,,,,,,,,,,,,,,,,,,
1676060278.770034,1676060278.770687,64.000000,0.000000,4270.769043,4335.512695,4291.666504,4345.512695,4270.256348,4295.256348,4294.487305,4300.384766,4296.666504,4268.077148,4396.410156,4480.512695,4331.282227,4373.717773,2516.000000,4.000000,85.000000,,,,0.000000,4.000000,4.000000,4.000000,4.000000,4.000000,4.000000,4.000000,4.000000,4.000000,4.000000,4.000000,4.000000,4.000000,4.000000,100.000000,,,,,,,,,,,,,,,,,,,,,,,,,,,,,,,,,,,,,,,,,,,,,,,,,,,,,,,,,,,,,,,,,,,,,,,,,,,,,,,,,,,,,,
1676060278.777843,1676060278.778395,65.000000,0.000000,4276.922852,4338.077148,4294.615234,4349.743652,4270.384766,4298.461426,4296.538574,4304.871582,4299.871582,4277.307617,4406.538574,4488.461426,4331.922852,4383.461426,2473.000000,4.000000,85.000000,,,,0.000000,4.000000,4.000000,4.000000,4.000000,4.000000,4.000000,4.000000,4.000000,4.000000,4.000000,4.000000,4.000000,4.000000,4.000000,100.000000,,,,,,,,,,,,,,,,,,,,,,,,,,,,,,,,,,,,,,,,,,,,,,,,,,,,,,,,,,,,,,,,,,,,,,,,,,,,,,,,,,,,,,
1676060278.785651,1676060278.786204,66.000000,0.000000,4268.717773,4325.128418,4286.282227,4335.897461,4267.692383,4288.333496,4288.846191,4303.717773,4298.205078,4278.589844,4400.641113,4482.948730,4324.102539,4377.179688,2401.000000,4.000000,85.000000,,,,0.000000,4.000000,4.000000,4.000000,4.000000,4.000000,4.000000,4.000000,4.000000,4.000000,4.000000,4.000000,4.000000,4.000000,4.000000,100.000000,,,,,,,,,,,,,,,,,,,,,,,,,,,,,,,,,,,,,,,,,,,,,,,,,,,,,,,,,,,,,,,,,,,,,,,,,,,,,,,,,,,,,,
1676060278.793459,1676060278.793912,67.000000,0.000000,4255.641113,4310.512695,4271.666504,4320.128418,4259.871582,4282.051270,4276.794922,4291.794922,4284.358887,4260.384766,4385.512695,4465.769043,4320.769043,4356.922852,2466.000000,4.000000,85.000000,,,,0.000000,4.000000,4.000000,4.000000,4.000000,4.000000,4.000000,4.000000,4.000000,4.000000,4.000000,4.000000,4.000000,4.000000,4.000000,100.000000,,,,,,,,,,,,,,,,,,,,,,,,,,,,,,,,,,,,,,,,,,,,,,,,,,,,,,,,,,,,,,,,,,,,,,,,,,,,,,,,,,,,,,
1676060278.801268,1676060278.801721,68.000000,0.000000,4260.128418,4307.307617,4280.128418,4322.692383,4260.384766,4295.256348,4286.922852,4298.077148,4293.077148,4266.025879,4392.948730,4472.051270,4330.000000,4365.897461,2448.000000,4.000000,85.000000,,,,0.000000,4.000000,4.000000,4.000000,4.000000,4.000000,4.000000,4.000000,4.000000,4.000000,4.000000,4.000000,4.000000,4.000000,4.000000,100.000000,,,,,,,,,,,,,,,,,,,,,,,,,,,,,,,,,,,,,,,,,,,,,,,,,,,,,,,,,,,,,,,,,,,,,,,,,,,,,,,,,,,,,,
1676060278.809076,1676060278.809429,69.000000,0.000000,4269.743652,4310.512695,4296.538574,4331.153809,4268.077148,4299.615234,4299.358887,4305.641113,4304.743652,4287.179688,4402.179688,4487.307617,4332.436035,4387.692383,2389.000000,4.000000,85.000000,,,,0.000000,4.000000,4.000000,4.000000,4.000000,4.000000,4.000000,4.000000,4.000000,4.000000,4.000000,4.000000,4.000000,4.000000,4.000000,100.000000,,,,,,,,,,,,,,,,,,,,,,,,,,,,,,,,,,,,,,,,,,,,,,,,,,,,,,,,,,,,,,,,,,,,,,,,,,,,,,,,,,,,,,
1676060278.816885,1676060278.817338,70.000000,0.000000,4273.589844,4313.333496,4301.025879,4330.641113,4273.846191,4292.948730,4296.922852,4300.128418,4294.871582,4282.436035,4399.743652,4489.487305,4324.615234,4382.948730,2232.000000,4.000000,85.000000,,,,0.000000,4.000000,4.000000,4.000000,4.000000,4.000000,4.000000,4.000000,4.000000,4.000000,4.000000,4.000000,4.000000,4.000000,4.000000,100.000000,,,,,,,,,,,,,,,,,,,,,,,,,,,,,,,,,,,,,,,,,,,,,,,,,,,,,,,,,,,,,,,,,,,,,,,,,,,,,,,,,,,,,,
1676060278.824693,1676060278.825146,71.000000,0.000000,4277.692383,4314.743652,4301.410156,4330.128418,4275.384766,4293.717773,4299.102539,4304.743652,4290.769043,4266.666504,4404.102539,4490.897461,4330.256348,4373.589844,2227.000000,4.000000,85.000000,,,,0.000000,4.000000,4.000000,4.000000,4.000000,4.000000,4.000000,4.000000,4.000000,4.000000,4.000000,4.000000,4.000000,4.000000,4.000000,100.000000,,,,,,,,,,,,,,,,,,,,,,,,,,,,,,,,,,,,,,,,,,,,,,,,,,,,,,,,,,,,,,,,,,,,,,,,,,,,,,,,,,,,,,
1676060278.832501,1676060278.833055,72.000000,0.000000,4286.025879,4322.948730,4305.384766,4344.743652,4278.077148,4299.102539,4311.410156,4315.000000,4301.794922,4272.051270,4412.563965,4498.333496,4345.641113,4387.563965,2279.000000,4.000000,85.000000,,,,0.000000,4.000000,4.000000,4.000000,4.000000,4.000000,4.000000,4.000000,4.000000,4.000000,4.000000,4.000000,4.000000,4.000000,4.000000,100.000000,,,,,,,,,,,,,,,,,,,,,,,,,,,,,,,,,,,,,,,,,,,,,,,,,,,,,,,,,,,,,,,,,,,,,,,,,,,,,,,,,,,,,,
1676060278.840310,1676060278.840863,73.000000,0.000000,4283.333496,4328.589844,4300.512695,4352.948730,4277.563965,4294.102539,4308.205078,4312.692383,4304.871582,4283.717773,4408.589844,4494.487305,4339.743652,4390.256348,2249.000000,4.000000,85.000000,,,,0.000000,4.000000,4.000000,4.000000,4.000000,4.000000,4.000000,4.000000,4.000000,4.000000,4.000000,4.000000,4.000000,4.000000,4.000000,100.000000,,,,,,,,,,,,,,,,,,,,,,,,,,,,,,,,,,,,,,,,,,,,,,,,,,,,,,,,,,,,,,,,,,,,,,,,,,,,,,,,,,,,,,
1676060278.848118,1676060278.848771,74.000000,0.000000,4264.615234,4315.641113,4283.461426,4336.794922,4271.794922,4285.256348,4293.717773,4302.179688,4292.051270,4272.948730,4397.692383,4473.205078,4316.922852,4364.743652,2745.000000,4.000000,85.000000,,,,0.000000,4.000000,4.000000,4.000000,4.000000,4.000000,4.000000,4.000000,4.000000,4.000000,4.000000,4.000000,4.000000,4.000000,4.000000,100.000000,,,,,,,,,,,,,,,,,,,,,,,,,,,,,,,,,,,,,,,,,,,,,,,,,,,,,,,,,,,,,,,,,,,,,,,,,,,,,,,,,,,,,,
1676060278.855926,1676060278.856580,75.000000,0.000000,4257.051270,4303.846191,4276.410156,4323.333496,4264.871582,4289.358887,4294.615234,4296.794922,4283.589844,4259.487305,4395.384766,4464.102539,4315.512695,4355.384766,2937.000000,4.000000,85.000000,,,,0.000000,4.000000,4.000000,4.000000,4.000000,4.000000,4.000000,4.000000,4.000000,4.000000,4.000000,4.000000,4.000000,4.000000,4.000000,100.000000,,,,,,,,,,,,,,,,,,,,,,,,,,,,,,,,,,,,,,,,,,,,,,,,,,,,,,,,,,,,,,,,,,,,,,,,,,,,,,,,,,,,,,
1676060278.863735,1676060278.864488,76.000000,0.000000,4265.384766,4303.846191,4275.512695,4322.692383,4260.769043,4293.717773,4293.846191,4293.717773,4285.128418,4261.666504,4392.436035,4466.282227,4324.487305,4362.051270,3144.000000,4.000000,85.000000,,,,0.000000,4.000000,4.000000,4.000000,4.000000,4.000000,4.000000,4.000000,4.000000,4.000000,4.000000,4.000000,4.000000,4.000000,4.000000,100.000000,,,,,,,,,,,,,,,,,,,,,,,,,,,,,,,,,,,,,,,,,,,,,,,,,,,,,,,,,,,,,,,,,,,,,,,,,,,,,,,,,,,,,,
1676060278.871543,1676060278.872297,77.000000,0.000000,4264.615234,4307.692383,4272.179688,4322.051270,4268.077148,4288.589844,4281.794922,4291.538574,4288.461426,4263.717773,4390.897461,4464.102539,4322.563965,4361.922852,3244.000000,4.000000,85.000000,,,,0.000000,4.000000,4.000000,4.000000,4.000000,4.000000,4.000000,4.000000,4.000000,4.000000,4.000000,4.000000,4.000000,4.000000,4.000000,100.000000,,,,,,,,,,,,,,,,,,,,,,,,,,,,,,,,,,,,,,,,,,,,,,,,,,,,,,,,,,,,,,,,,,,,,,,,,,,,,,,,,,,,,,
1676060278.879352,1676060278.880205,78.000000,0.000000,4269.102539,4323.717773,4287.692383,4335.128418,4285.256348,4296.282227,4292.820313,4307.692383,4306.922852,4271.153809,4416.538574,4483.589844,4340.769043,4379.230957,2745.000000,4.000000,85.000000,,,,0.000000,4.000000,4.000000,4.000000,4.000000,4.000000,4.000000,4.000000,4.000000,4.000000,4.000000,4.000000,4.000000,4.000000,4.000000,100.000000,1.000000,25.000000,4.000000,4.000000,1.000000,4.000000,1.000000,4.000000,3.000000,3.000000,4.000000,3.000000,1.000000,1.000000,3.000000,3.000000,1.196095,7.116072,1.851678,1.518478,0.911687,6.158648,5.948805,2.274597,1.880819,1.127361,1.733523,7.159410,1.568059,1.881894,1.177693,2.814827,5.233885,1.410089,1.669215,1.024142,0.654652,3.057439,0.704901,0.789453,0.461956,0.748690,1.959271,0.565494,1.110959,0.446548,0.678987,1.731757,1.047868,1.274016,0.828140,0.486632,1.646445,0.705861,1.699296,1.029428,0.642081,1.414651,0.875386,1.624097,0.950653,0.534725,1.373859,1.803537,1.568552,1.332173,6.765385,2.381557,2.593467,2.701076,1.563308,1.546136,3.941255,1.757712,2.857012,1.644702,4.420360,3.174927,2.712954,2.276099,1.526791,4.893625,3.484401,3.641126,3.060637,1.547540
1676060278.887160,1676060278.888013,79.000000,0.000000,4274.230957,4325.769043,4295.384766,4338.077148,4281.538574,4299.871582,4301.153809,4316.538574,4316.794922,4281.025879,4428.205078,4493.589844,4355.641113,4389.102539,2937.000000,4.000000,85.000000,,,,0.000000,4.000000,4.000000,4.000000,4.000000,4.000000,4.000000,4.000000,4.000000,4.000000,4.000000,4.000000,4.000000,4.000000,4.000000,100.000000,,,,,,,,,,,,,,,,,,,,,,,,,,,,,,,,,,,,,,,,,,,,,,,,,,,,,,,,,,,,,,,,,,,,,,,,,,,,,,,,,,,,,,
1676060278.894968,1676060278.895722,80.000000,0.000000,4242.948730,4281.794922,4253.205078,4297.820313,4247.307617,4270.897461,4262.692383,4277.179688,4276.538574,4257.436035,4373.589844,4440.897461,4309.743652,4343.461426,3144.000000,4.000000,85.000000,,,,0.000000,4.000000,4.000000,4.000000,4.000000,4.000000,4.000000,4.000000,4.000000,4.000000,4.000000,4.000000,4.000000,4.000000,4.000000,100.000000,,,,,,,,,,,,,,,,,,,,,,,,,,,,,,,,,,,,,,,,,,,,,,,,,,,,,,,,,,,,,,,,,,,,,,,,,,,,,,,,,,,,,,
1676060278.902777,1676060278.903530,81.000000,0.000000,4227.051270,4258.333496,4234.358887,4279.615234,4239.358887,4259.487305,4248.461426,4250.384766,4247.692383,4236.410156,4342.692383,4411.794922,4280.128418,4320.384766,3244.000000,4.000000,85.000000,,,,0.000000,4.000000,4.000000,4.000000,4.000000,4.000000,4.000000,4.000000,4.000000,4.000000,4.000000,4.000000,4.000000,4.000000,4.000000,100.000000,,,,,,,,,,,,,,,,,,,,,,,,,,,,,,,,,,,,,,,,,,,,,,,,,,,,,,,,,,,,,,,,,,,,,,,,,,,,,,,,,,,,,,
1676060278.910585,1676060278.911239,82.000000,0.000000,4264.358887,4294.487305,4275.384766,4313.461426,4269.615234,4292.051270,4292.179688,4286.282227,4279.230957,4258.205078,4396.282227,4464.743652,4330.384766,4371.794922,2745.000000,4.000000,85.000000,,,,0.000000,4.000000,4.000000,4.000000,4.000000,4.000000,4.000000,4.000000,4.000000,4.000000,4.000000,4.000000,4.000000,4.000000,4.000000,100.000000,,,,,,,,,,,,,,,,,,,,,,,,,,,,,,,,,,,,,,,,,,,,,,,,,,,,,,,,,,,,,,,,,,,,,,,,,,,,,,,,,,,,,,
1676060278.918393,1676060278.919047,83.000000,0.000000,4289.743652,4316.282227,4303.589844,4330.384766,4284.871582,4311.025879,4319.871582,4322.179688,4309.871582,4284.487305,4438.717773,4507.307617,4372.948730,4412.436035,2937.000000,4.000000,85.000000,,,,0.000000,4.000000,4.000000,4.000000,4.000000,4.000000,4.000000,4.000000,4.000000,4.000000,4.000000,4.000000,4.000000,4.000000,4.000000,100.000000,,,,,,,,,,,,,,,,,,,,,,,,,,,,,,,,,,,,,,,,,,,,,,,,,,,,,,,,,,,,,,,,,,,,,,,,,,,,,,,,,,,,,,
1676060278.926202,1676060278.926756,84.000000,0.000000,4276.153809,4298.717773,4295.256348,4313.717773,4278.077148,4302.179688,4310.512695,4320.512695,4311.538574,4287.563965,4426.410156,4500.897461,4360.641113,4405.641113,3144.000000,4.000000,85.000000,,,,0.000000,4.000000,4.000000,4.000000,4.000000,4.000000,4.000000,4.000000,4.000000,4.000000,4.000000,4.000000,4.000000,4.000000,4.000000,100.000000,,,,,,,,,,,,,,,,,,,,,,,,,,,,,,,,,,,,,,,,,,,,,,,,,,,,,,,,,,,,,,,,,,,,,,,,,,,,,,,,,,,,,,
1676060278.934010,1676060278.934564,85.000000,0.000000,4263.205078,4286.794922,4284.871582,4304.358887,4276.666504,4291.153809,4299.102539,4304.615234,4302.436035,4273.333496,4407.820313,4486.410156,4344.230957,4395.641113,3244.000000,4.000000,85.000000,,,,0.000000,4.000000,4.000000,4.000000,4.000000,4.000000,4.000000,4.000000,4.000000,4.000000,4.000000,4.000000,4.000000,4.000000,4.000000,100.000000,,,,,,,,,,,,,,,,,,,,,,,,,,,,,,,,,,,,,,,,,,,,,,,,,,,,,,,,,,,,,,,,,,,,,,,,,,,,,,,,,,,,,,
1676060278.941819,1676060278.942273,86.000000,0.000000,4264.743652,4293.717773,4282.563965,4310.128418,4280.256348,4286.153809,4288.077148,4288.974121,4283.717773,4255.000000,4394.743652,4469.743652,4334.615234,4392.820313,2745.000000,4.000000,85.000000,,,,0.000000,4.000000,4.000000,4.000000,4.000000,4.000000,4.000000,4.000000,4.000000,4.000000,4.000000,4.000000,4.000000,4.000000,4.000000,100.000000,,,,,,,,,,,,,,,,,,,,,,,,,,,,,,,,,,,,,,,,,,,,,,,,,,,,,,,,,,,,,,,,,,,,,,,,,,,,,,,,,,,,,,
1676060278.949627,1676060278.950081,87.000000,0.000000,4263.333496,4304.743652,4277.051270,4311.538574,4271.794922,4276.410156,4267.307617,4275.641113,4265.128418,4246.666504,4367.692383,4444.743652,4312.820313,4377.307617,2937.000000,4.000000,85.000000,,,,0.000000,4.000000,4.000000,4.000000,4.000000,4.000000,4.000000,4.000000,4.000000,4.000000,4.000000,4.000000,4.000000,4.000000,4.000000,100.000000,,,,,,,,,,,,,,,,,,,,,,,,,,,,,,,,,,,,,,,,,,,,,,,,,,,,,,,,,,,,,,,,,,,,,,,,,,,,,,,,,,,,,,
1676060278.957435,1676060278.957790,88.000000,0.000000,4259.230957,4311.538574,4270.384766,4314.358887,4269.102539,4277.179688,4262.820313,4272.307617,4265.641113,4248.333496,4350.384766,4436.538574,4299.487305,4363.333496,3144.000000,4.000000,85.000000,,,,0.000000,4.000000,4.000000,4.000000,4.000000,4.000000,4.000000,4.000000,4.000000,4.000000,4.000000,4.000000,4.000000,4.000000,4.000000,100.000000,,,,,,,,,,,,,,,,,,,,,,,,,,,,,,,,,,,,,,,,,,,,,,,,,,,,,,,,,,,,,,,,,,,,,,,,,,,,,,,,,,,,,,
1676060278.965244,1676060278.965598,89.000000,0.000000,4272.307617,4323.077148,4285.128418,4335.769043,4288.205078,4293.077148,4282.179688,4290.897461,4288.205078,4266.794922,4376.922852,4463.589844,4319.871582,4385.512695,3244.000000,4.000000,85.000000,,,,0.000000,4.000000,4.000000,4.000000,4.000000,4.000000,4.000000,4.000000,4.000000,4.000000,4.000000,4.000000,4.000000,4.000000,4.000000,100.000000,,,,,,,,,,,,,,,,,,,,,,,,,,,,,,,,,,,,,,,,,,,,,,,,,,,,,,,,,,,,,,,,,,,,,,,,,,,,,,,,,,,,,,
1676060278.973052,1676060278.973307,90.000000,0.000000,4293.333496,4335.128418,4310.512695,4347.948730,4293.589844,4291.666504,4288.717773,4309.871582,4302.051270,4283.333496,4404.358887,4484.487305,4340.000000,4415.384766,2745.000000,4.000000,85.000000,,,,0.000000,4.000000,4.000000,4.000000,4.000000,4.000000,4.000000,4.000000,4.000000,4.000000,4.000000,4.000000,4.000000,4.000000,4.000000,100.000000,,,,,,,,,,,,,,,,,,,,,,,,,,,,,,,,,,,,,,,,,,,,,,,,,,,,,,,,,,,,,,,,,,,,,,,,,,,,,,,,,,,,,,
1676060278.980861,1676060278.981115,91.000000,0.000000,4295.641113,4337.307617,4309.743652,4338.974121,4279.102539,4284.487305,4285.512695,4308.077148,4294.230957,4272.820313,4398.846191,4477.948730,4343.333496,4417.051270,2937.000000,4.000000,85.000000,,,,0.000000,4.000000,4.000000,4.000000,4.000000,4.000000,4.000000,4.000000,4.000000,4.000000,4.000000,4.000000,4.000000,4.000000,4.000000,100.000000,,,,,,,,,,,,,,,,,,,,,,,,,,,,,,,,,,,,,,,,,,,,,,,,,,,,,,,,,,,,,,,,,,,,,,,,,,,,,,,,,,,,,,
1676060278.988669,1676060278.988824,92.000000,0.000000,4288.461426,4331.538574,4297.948730,4332.563965,4280.256348,4296.922852,4300.897461,4308.077148,4292.436035,4267.179688,4396.666504,4474.102539,4350.128418,4411.538574,3144.000000,4.000000,85.000000,,,,0.000000,4.000000,4.000000,4.000000,4.000000,4.000000,4.000000,4.000000,4.000000,4.000000,4.000000,4.000000,4.000000,4.000000,4.000000,100.000000,,,,,,,,,,,,,,,,,,,,,,,,,,,,,,,,,,,,,,,,,,,,,,,,,,,,,,,,,,,,,,,,,,,,,,,,,,,,,,,,,,,,,,
1676060278.996477,1676060278.996632,93.000000,0.000000,4283.077148,4315.897461,4296.666504,4326.410156,4284.615234,4306.538574,4309.102539,4319.230957,4296.025879,4276.282227,4403.974121,4479.102539,4348.077148,4407.436035,3244.000000,4.000000,85.000000,,,,0.000000,4.000000,4.000000,4.000000,4.000000,4.000000,4.000000,4.000000,4.000000,4.000000,4.000000,4.000000,4.000000,4.000000,4.000000,100.000000,,,,,,,,,,,,,,,,,,,,,,,,,,,,,,,,,,,,,,,,,,,,,,,,,,,,,,,,,,,,,,,,,,,,,,,,,,,,,,,,,,,,,,
1676060279.004286,1676060279.004341,94.000000,0.000000,4270.384766,4302.820313,4286.538574,4313.333496,4268.589844,4291.025879,4294.743652,4315.000000,4284.358887,4257.820313,4394.230957,4475.769043,4332.948730,4398.461426,2745.000000,4.000000,85.000000,,,,0.000000,4.000000,4.000000,4.000000,4.000000,4.000000,4.000000,4.000000,4.000000,4.000000,4.000000,4.000000,4.000000,4.000000,4.000000,100.000000,,,,,,,,,,,,,,,,,1.539277,6.088657,2.570776,1.711317,0.944308,6.183168,4.772953,2.563308,2.126393,1.135682,2.019808,6.649028,2.305580,2.147421,1.209812,3.038233,4.400829,1.771001,1.836775,1.021674,0.668573,3.137409,0.861029,0.887660,0.450806,0.773102,2.393274,0.802599,1.162513,0.454904,0.663610,2.135754,1.576278,1.395142,0.836882,0.490042,2.493809,1.241715,1.905598,1.057748,0.737584,2.211713,1.149769,1.817176,0.977223,0.491307,1.704116,1.874399,1.735931,1.413804,9.083187,3.144153,3.410825,3.033423,1.586683,1.648066,4.204529,2.458505,3.138964,1.684734,3.597251,3.557331,3.706068,2.503580,1.597780,4.394884,3.867032,4.374161,3.237346,1.567656
1676060279.012094,1676060279.012249,95.000000,0.000000,4266.538574,4302.307617,4277.563965,4306.794922,4261.666504,4277.436035,4289.615234,4298.589844,4273.974121,4240.641113,4380.256348,4469.743652,4331.282227,4399.102539,2937.000000,4.000000,85.000000,,,,0.000000,4.000000,4.000000,4.000000,4.000000,4.000000,4.000000,4.000000,4.000000,4.000000,4.000000,4.000000,4.000000,4.000000,4.000000,100.000000,,,,,,,,,,,,,,,,,,,,,,,,,,,,,,,,,,,,,,,,,,,,,,,,,,,,,,,,,,,,,,,,,,,,,,,,,,,,,,,,,,,,,,
1676060279.019903,1676060279.020058,96.000000,0.000000,4284.615234,4302.563965,4290.769043,4311.410156,4275.897461,4283.461426,4290.000000,4295.769043,4280.641113,4268.589844,4387.051270,4473.974121,4344.230957,4412.820313,3144.000000,4.000000,85.000000,,,,0.000000,4.000000,4.000000,4.000000,4.000000,4.000000,4.000000,4.000000,4.000000,4.000000,4.000000,4.000000,4.000000,4.000000,4.000000,100.000000,,,,,,,,,,,,,,,,,,,,,,,,,,,,,,,,,,,,,,,,,,,,,,,,,,,,,,,,,,,,,,,,,,,,,,,,,,,,,,,,,,,,,,
1676060279.027711,1676060279.027966,97.000000,0.000000,4289.743652,4297.563965,4298.589844,4313.461426,4280.128418,4290.512695,4278.589844,4293.846191,4280.897461,4284.102539,4391.922852,4475.512695,4341.410156,4413.205078,3244.000000,4.000000,85.000000,,,,0.000000,4.000000,4.000000,4.000000,4.000000,4.000000,4.000000,4.000000,4.000000,4.000000,4.000000,4.000000,4.000000,4.000000,4.000000,100.000000,,,,,,,,,,,,,,,,,,,,,,,,,,,,,,,,,,,,,,,,,,,,,,,,,,,,,,,,,,,,,,,,,,,,,,,,,,,,,,,,,,,,,,
1676060279.035519,1676060279.035775,98.000000,0.000000,4279.615234,4303.205078,4295.897461,4318.717773,4280.512695,4295.897461,4279.230957,4291.794922,4280.256348,4271.794922,4390.000000,4476.922852,4337.179688,4410.384766,2745.000000,4.000000,85.000000,,,,0.000000,4.000000,4.000000,4.000000,4.000000,4.000000,4.000000,4.000000,4.000000,4.000000,4.000000,4.000000,4.000000,4.000000,4.000000,100.000000,,,,,,,,,,,,,,,,,,,,,,,,,,,,,,,,,,,,,,,,,,,,,,,,,,,,,,,,,,,,,,,,,,,,,,,,,,,,,,,,,,,,,,
1676060279.043328,1676060279.043683,99.000000,0.000000,4284.358887,4312.948730,4300.769043,4325.512695,4289.102539,4295.641113,4290.512695,4299.230957,4290.769043,4280.641113,4400.897461,4486.794922,4355.128418,4421.794922,2937.000000,4.000000,85.000000,,,,0.000000,4.000000,4.000000,4.000000,4.000000,4.000000,4.000000,4.000000,4.000000,4.000000,4.000000,4.000000,4.000000,4.000000,4.000000,100.000000,,,,,,,,,,,,,,,,,,,,,,,,,,,,,,,,,,,,,,,,,,,,,,,,,,,,,,,,,,,,,,,,,,,,,,,,,,,,,,,,,,,,,,
1676060279.051136,1676060279.051491,100.000000,0.000000,4295.128418,4311.794922,4304.230957,4320.897461,4287.307617,4294.358887,4293.717773,4307.692383,4296.922852,4290.000000,4413.846191,4493.846191,4370.384766,4428.589844,3144.000000,4.000000,85.000000,,,,0.000000,4.000000,4.000000,4.000000,4.000000,4.000000,4.000000,4.000000,4.000000,4.000000,4.000000,4.000000,4.000000,4.000000,4.000000,100.000000,,,,,,,,,,,,,,,,,,,,,,,,,,,,,,,,,,,,,,,,,,,,,,,,,,,,,,,,,,,,,,,,,,,,,,,,,,,,,,,,,,,,,,
1676060279.058944,1676060279.059300,101.000000,0.000000,4293.717773,4311.666504,4304.487305,4318.717773,4284.743652,4299.871582,4302.051270,4319.358887,4300.769043,4282.051270,4417.051270,4495.769043,4367.948730,4427.436035,3244.000000,4.000000,85.000000,,,,0.000000,4.000000,4.000000,4.000000,4.000000,4.000000,4.000000,4.000000,4.000000,4.000000,4.000000,4.000000,4.000000,4.000000,4.000000,100.000000,,,,,,,,,,,,,,,,,,,,,,,,,,,,,,,,,,,,,,,,,,,,,,,,,,,,,,,,,,,,,,,,,,,,,,,,,,,,,,,,,,,,,,
1676060279.066753,1676060279.067108,102.000000,0.000000,4286.153809,4311.666504,4303.846191,4324.102539,4291.282227,4305.384766,4313.077148,4325.769043,4302.563965,4275.256348,4411.666504,4494.871582,4355.769043,4423.333496,2745.000000,4.000000,85.000000,,,,0.000000,4.000000,4.000000,4.000000,4.000000,4.000000,4.000000,4.000000,4.000000,4.000000,4.000000,4.000000,4.000000,4.000000,4.000000,100.000000,,,,,,,,,,,,,,,,,,,,,,,,,,,,,,,,,,,,,,,,,,,,,,,,,,,,,,,,,,,,,,,,,,,,,,,,,,,,,,,,,,,,,,
1676060279.074561,1676060279.074817,103.000000,0.000000,4281.282227,4310.384766,4300.000000,4327.307617,4290.000000,4302.179688,4307.307617,4318.077148,4300.384766,4272.179688,4402.307617,4487.948730,4348.846191,4417.179688,2937.000000,4.000000,85.000000,,,,0.000000,4.000000,4.000000,4.000000,4.000000,4.000000,4.000000,4.000000,4.000000,4.000000,4.000000,4.000000,4.000000,4.000000,4.000000,100.000000,,,,,,,,,,,,,,,,,,,,,,,,,,,,,,,,,,,,,,,,,,,,,,,,,,,,,,,,,,,,,,,,,,,,,,,,,,,,,,,,,,,,,,
1676060279.082370,1676060279.082625,104.000000,0.000000,4280.897461,4312.436035,4295.641113,4325.256348,4281.410156,4294.743652,4296.538574,4307.051270,4294.487305,4270.128418,4388.717773,4475.256348,4345.128418,4401.538574,3144.000000,4.000000,85.000000,,,,0.000000,4.000000,4.000000,4.000000,4.000000,4.000000,4.000000,4.000000,4.000000,4.000000,4.000000,4.000000,4.000000,4.000000,4.000000,100.000000,,,,,,,,,,,,,,,,,,,,,,,,,,,,,,,,,,,,,,,,,,,,,,,,,,,,,,,,,,,,,,,,,,,,,,,,,,,,,,,,,,,,,,
1676060279.090178,1676060279.090334,105.000000,0.000000,4271.794922,4302.436035,4282.563965,4311.666504,4271.922852,4287.436035,4286.794922,4292.820313,4275.641113,4255.769043,4366.410156,4453.077148,4326.666504,4371.794922,3244.000000,4.000000,85.000000,,,,0.000000,4.000000,4.000000,4.000000,4.000000,4.000000,4.000000,4.000000,4.000000,4.000000,4.000000,4.000000,4.000000,4.000000,4.000000,100.000000,,,,,,,,,,,,,,,,,,,,,,,,,,,,,,,,,,,,,,,,,,,,,,,,,,,,,,,,,,,,,,,,,,,,,,,,,,,,,,,,,,,,,,
1676060279.097986,1676060279.098142,106.000000,0.000000,4256.153809,4287.307617,4268.589844,4295.384766,4263.077148,4278.077148,4274.487305,4278.333496,4257.179688,4236.153809,4351.025879,4435.512695,4307.436035,4357.179688,2745.000000,4.000000,85.000000,,,,0.000000,4.000000,4.000000,4.000000,4.000000,4.000000,4.000000,4.000000,4.000000,4.000000,4.000000,4.000000,4.000000,4.000000,4.000000,100.000000,,,,,,,,,,,,,,,,,,,,,,,,,,,,,,,,,,,,,,,,,,,,,,,,,,,,,,,,,,,,,,,,,,,,,,,,,,,,,,,,,,,,,,
1676060279.105795,1676060279.105851,107.000000,0.000000,4262.179688,4293.205078,4276.666504,4302.436035,4270.128418,4279.230957,4276.794922,4285.384766,4268.205078,4243.717773,4362.051270,4447.692383,4319.615234,4376.410156,2937.000000,4.000000,85.000000,,,,0.000000,4.000000,4.000000,4.000000,4.000000,4.000000,4.000000,4.000000,4.000000,4.000000,4.000000,4.000000,4.000000,4.000000,4.000000,100.000000,,,,,,,,,,,,,,,,,,,,,,,,,,,,,,,,,,,,,,,,,,,,,,,,,,,,,,,,,,,,,,,,,,,,,,,,,,,,,,,,,,,,,,
1676060279.113603,1676060279.113659,108.000000,0.000000,4294.487305,4318.333496,4304.102539,4328.077148,4289.871582,4294.358887,4298.077148,4312.948730,4297.307617,4281.922852,4396.025879,4481.922852,4356.153809,4407.563965,3144.000000,4.000000,85.000000,,,,0.000000,4.000000,4.000000,4.000000,4.000000,4.000000,4.000000,4.000000,4.000000,4.000000,4.000000,4.000000,4.000000,4.000000,4.000000,100.000000,,,,,,,,,,,,,,,,,,,,,,,,,,,,,,,,,,,,,,,,,,,,,,,,,,,,,,,,,,,,,,,,,,,,,,,,,,,,,,,,,,,,,,
1676060279.121411,1676060279.121368,109.000000,0.000000,4309.358887,4328.461426,4311.153809,4333.077148,4289.871582,4296.282227,4298.974121,4316.538574,4303.205078,4291.025879,4410.769043,4487.436035,4365.512695,4414.487305,3244.000000,4.000000,85.000000,,,,0.000000,4.000000,4.000000,4.000000,4.000000,4.000000,4.000000,4.000000,4.000000,4.000000,4.000000,4.000000,4.000000,4.000000,4.000000,100.000000,,,,,,,,,,,,,,,,,,,,,,,,,,,,,,,,,,,,,,,,,,,,,,,,,,,,,,,,,,,,,,,,,,,,,,,,,,,,,,,,,,,,,,
1676060279.129220,1676060279.129176,110.000000,0.000000,4303.077148,4319.743652,4302.692383,4323.717773,4280.769043,4282.307617,4281.666504,4300.641113,4292.436035,4269.102539,4406.922852,4474.743652,4359.487305,4412.179688,2745.000000,4.000000,85.000000,,,,0.000000,4.000000,4.000000,4.000000,4.000000,4.000000,4.000000,4.000000,4.000000,4.000000,4.000000,4.000000,4.000000,4.000000,4.000000,100.000000,,,,,,,,,,,,,,,,,1.929631,5.153296,3.438317,1.962855,1.020856,6.488789,3.990294,3.044685,2.377456,1.150322,2.316515,6.170841,3.316429,2.449789,1.272209,3.375948,3.838231,2.365530,2.009007,1.024026,0.766449,3.119694,1.173372,0.982802,0.455923,0.808914,2.680656,1.132948,1.193105,0.477407,0.665207,2.740492,2.358116,1.474430,0.874383,0.560540,3.853644,2.106914,2.036328,1.115087,1.027739,3.450732,1.671068,2.002587,1.042081,0.521501,2.338521,2.053657,1.943992,1.501194,11.275079,4.869415,4.755955,3.400993,1.660297,2.095148,5.017896,3.680024,3.395356,1.764452,3.363606,4.580374,5.193586,2.742047,1.706269,3.913685,4.593878,5.546100,3.438557,1.618453
1676060279.137028,1676060279.136885,111.000000,0.000000,4309.487305,4313.461426,4307.051270,4321.025879,4282.436035,4277.563965,4279.358887,4298.974121,4291.538574,4270.512695,4418.717773,4484.102539,4375.000000,4423.589844,2937.000000,4.000000,85.000000,,,,0.000000,4.000000,4.000000,4.000000,4.000000,4.000000,4.000000,4.000000,4.000000,4.000000,4.000000,4.000000,4.000000,4.000000,4.000000,100.000000,,,,,,,,,,,,,,,,,,,,,,,,,,,,,,,,,,,,,,,,,,,,,,,,,,,,,,,,,,,,,,,,,,,,,,,,,,,,,,,,,,,,,,
1676060279.144837,1676060279.144693,112.000000,0.000000,4315.128418,4311.666504,4312.051270,4315.769043,4282.051270,4284.615234,4283.974121,4302.307617,4296.025879,4283.974121,4433.974121,4492.179688,4381.922852,4430.641113,3144.000000,4.000000,85.000000,,,,0.000000,4.000000,4.000000,4.000000,4.000000,4.000000,4.000000,4.000000,4.000000,4.000000,4.000000,4.000000,4.000000,4.000000,4.000000,100.000000,,,,,,,,,,,,,,,,,,,,,,,,,,,,,,,,,,,,,,,,,,,,,,,,,,,,,,,,,,,,,,,,,,,,,,,,,,,,,,,,,,,,,,
1676060279.152645,1676060279.152402,113.000000,0.000000,4293.846191,4300.641113,4299.871582,4304.102539,4278.461426,4293.205078,4284.102539,4296.410156,4288.205078,4280.384766,4435.256348,4479.102539,4363.589844,4415.128418,3244.000000,4.000000,85.000000,,,,0.000000,4.000000,4.000000,4.000000,4.000000,4.000000,4.000000,4.000000,4.000000,4.000000,4.000000,4.000000,4.000000,4.000000,4.000000,100.000000,,,,,,,,,,,,,,,,,,,,,,,,,,,,,,,,,,,,,,,,,,,,,,,,,,,,,,,,,,,,,,,,,,,,,,,,,,,,,,,,,,,,,,
1676060279.160453,1676060279.160310,114.000000,0.000000,4273.077148,4282.692383,4287.436035,4295.000000,4274.615234,4295.641113,4287.436035,4295.256348,4279.615234,4270.512695,4436.282227,4466.410156,4351.025879,4396.153809,2745.000000,4.000000,85.000000,,,,0.000000,4.000000,4.000000,4.000000,4.000000,4.000000,4.000000,4.000000,4.000000,4.000000,4.000000,4.000000,4.000000,4.000000,4.000000,100.000000,,,,,,,,,,,,,,,,,,,,,,,,,,,,,,,,,,,,,,,,,,,,,,,,,,,,,,,,,,,,,,,,,,,,,,,,,,,,,,,,,,,,,,
1676060279.168262,1676060279.168119,115.000000,0.000000,4277.820313,4275.000000,4291.410156,4291.538574,4272.051270,4293.589844,4293.717773,4306.410156,4288.333496,4272.051270,4449.358887,4467.692383,4353.717773,4395.897461,2937.000000,4.000000,85.000000,,,,0.000000,4.000000,4.000000,4.000000,4.000000,4.000000,4.000000,4.000000,4.000000,4.000000,4.000000,4.000000,4.000000,4.000000,4.000000,100.000000,,,,,,,,,,,,,,,,,,,,,,,,,,,,,,,,,,,,,,,,,,,,,,,,,,,,,,,,,,,,,,,,,,,,,,,,,,,,,,,,,,,,,,
1676060279.176070,1676060279.176027,116.000000,0.000000,4287.307617,4278.205078,4293.589844,4291.922852,4271.922852,4293.333496,4295.256348,4312.436035,4294.102539,4264.871582,4456.922852,4471.025879,4349.102539,4398.205078,3144.000000,4.000000,85.000000,,,,0.000000,4.000000,4.000000,4.000000,4.000000,4.000000,4.000000,4.000000,4.000000,4.000000,4.000000,4.000000,4.000000,4.000000,4.000000,100.000000,,,,,,,,,,,,,,,,,,,,,,,,,,,,,,,,,,,,,,,,,,,,,,,,,,,,,,,,,,,,,,,,,,,,,,,,,,,,,,,,,,,,,,
1676060279.183879,1676060279.183835,117.000000,0.000000,4297.051270,4290.256348,4297.948730,4303.461426,4278.717773,4295.641113,4301.538574,4317.692383,4294.743652,4256.538574,4465.512695,4481.410156,4353.974121,4403.589844,3244.000000,4.000000,85.000000,,,,0.000000,4.000000,4.000000,4.000000,4.000000,4.000000,4.000000,4.000000,4.000000,4.000000,4.000000,4.000000,4.000000,4.000000,4.000000,100.000000,,,,,,,,,,,,,,,,,,,,,,,,,,,,,,,,,,,,,,,,,,,,,,,,,,,,,,,,,,,,,,,,,,,,,,,,,,,,,,,,,,,,,,
1676060279.191687,1676060279.191744,118.000000,0.000000,4311.666504,4305.128418,4311.794922,4320.000000,4290.384766,4300.256348,4312.436035,4329.615234,4305.384766,4273.589844,4479.230957,4496.282227,4370.769043,4417.563965,2745.000000,4.000000,85.000000,,,,0.000000,4.000000,4.000000,4.000000,4.000000,4.000000,4.000000,4.000000,4.000000,4.000000,4.000000,4.000000,4.000000,4.000000,4.000000,100.000000,,,,,,,,,,,,,,,,,,,,,,,,,,,,,,,,,,,,,,,,,,,,,,,,,,,,,,,,,,,,,,,,,,,,,,,,,,,,,,,,,,,,,,
1676060279.199495,1676060279.199552,119.000000,0.000000,4305.897461,4303.589844,4310.512695,4319.615234,4291.410156,4298.333496,4304.871582,4329.102539,4309.230957,4282.692383,4469.487305,4488.717773,4361.410156,4411.794922,2937.000000,4.000000,85.000000,,,,0.000000,4.000000,4.000000,4.000000,4.000000,4.000000,4.000000,4.000000,4.000000,4.000000,4.000000,4.000000,4.000000,4.000000,4.000000,100.000000,,,,,,,,,,,,,,,,,,,,,,,,,,,,,,,,,,,,,,,,,,,,,,,,,,,,,,,,,,,,,,,,,,,,,,,,,,,,,,,,,,,,,,
1676060279.207304,1676060279.207460,120.000000,0.000000,4279.230957,4282.051270,4289.743652,4297.051270,4276.794922,4284.230957,4281.794922,4300.384766,4278.974121,4256.282227,4430.769043,4454.102539,4329.743652,4380.769043,3144.000000,4.000000,85.000000,,,,0.000000,4.000000,4.000000,4.000000,4.000000,4.000000,4.000000,4.000000,4.000000,4.000000,4.000000,4.000000,4.000000,4.000000,4.000000,100.000000,,,,,,,,,,,,,,,,,,,,,,,,,,,,,,,,,,,,,,,,,,,,,,,,,,,,,,,,,,,,,,,,,,,,,,,,,,,,,,,,,,,,,,
1676060279.215112,1676060279.215269,121.000000,0.000000,4272.948730,4269.871582,4287.307617,4288.589844,4280.384766,4281.666504,4274.743652,4279.871582,4254.358887,4233.077148,4408.333496,4438.589844,4314.358887,4363.077148,3244.000000,4.000000,85.000000,,,,0.000000,4.000000,4.000000,4.000000,4.000000,4.000000,4.000000,4.000000,4.000000,4.000000,4.000000,4.000000,4.000000,4.000000,4.000000,100.000000,,,,,,,,,,,,,,,,,,,,,,,,,,,,,,,,,,,,,,,,,,,,,,,,,,,,,,,,,,,,,,,,,,,,,,,,,,,,,,,,,,,,,,
1676060279.222921,1676060279.223177,122.000000,0.000000,4302.820313,4294.230957,4319.358887,4313.205078,4309.102539,4298.974121,4295.128418,4303.717773,4281.282227,4262.563965,4435.769043,4478.205078,4341.538574,4389.230957,2745.000000,4.000000,85.000000,,,,0.000000,4.000000,4.000000,4.000000,4.000000,4.000000,4.000000,4.000000,4.000000,4.000000,4.000000,4.000000,4.000000,4.000000,4.000000,100.000000,,,,,,,,,,,,,,,,,,,,,,,,,,,,,,,,,,,,,,,,,,,,,,,,,,,,,,,,,,,,,,,,,,,,,,,,,,,,,,,,,,,,,,
1676060279.230729,1676060279.230986,123.000000,0.000000,4318.333496,4309.230957,4329.487305,4322.307617,4311.410156,4299.230957,4299.487305,4317.436035,4299.358887,4288.077148,4463.589844,4501.410156,4377.179688,4417.563965,2937.000000,4.000000,85.000000,,,,0.000000,4.000000,4.000000,4.000000,4.000000,4.000000,4.000000,4.000000,4.000000,4.000000,4.000000,4.000000,4.000000,4.000000,4.000000,100.000000,,,,,,,,,,,,,,,,,,,,,,,,,,,,,,,,,,,,,,,,,,,,,,,,,,,,,,,,,,,,,,,,,,,,,,,,,,,,,,,,,,,,,,
1676060279.238537,1676060279.238894,124.000000,0.000000,4298.717773,4282.307617,4301.410156,4298.846191,4293.846191,4286.922852,4283.333496,4293.717773,4277.307617,4267.563965,4461.922852,4474.358887,4383.077148,4408.205078,3144.000000,4.000000,85.000000,,,,0.000000,4.000000,4.000000,4.000000,4.000000,4.000000,4.000000,4.000000,4.000000,4.000000,4.000000,4.000000,4.000000,4.000000,4.000000,100.000000,,,,,,,,,,,,,,,,,,,,,,,,,,,,,,,,,,,,,,,,,,,,,,,,,,,,,,,,,,,,,,,,,,,,,,,,,,,,,,,,,,,,,,
1676060279.246346,1676060279.246702,125.000000,0.000000,4292.436035,4255.641113,4290.000000,4284.487305,4296.922852,4295.384766,4286.922852,4287.436035,4277.436035,4265.000000,4474.871582,4464.615234,4387.820313,4403.589844,3244.000000,4.000000,85.000000,,,,0.000000,4.000000,4.000000,4.000000,4.000000,4.000000,4.000000,4.000000,4.000000,4.000000,4.000000,4.000000,4.000000,4.000000,4.000000,100.000000,,,,,,,,,,,,,,,,,,,,,,,,,,,,,,,,,,,,,,,,,,,,,,,,,,,,,,,,,,,,,,,,,,,,,,,,,,,,,,,,,,,,,,
1676060279.254154,1676060279.254411,126.000000,0.000000,4304.358887,4254.230957,4297.307617,4285.384766,4302.948730,4302.179688,4299.743652,4303.077148,4300.769043,4280.897461,4511.794922,4480.897461,4411.794922,4425.256348,2745.000000,4.000000,85.000000,,,,0.000000,4.000000,4.000000,4.000000,4.000000,4.000000,4.000000,4.000000,4.000000,4.000000,4.000000,4.000000,4.000000,4.000000,4.000000,100.000000,,,,,,,,,,,,,,,,,2.303333,4.475068,4.241722,2.257874,1.122347,6.870341,3.882082,3.525260,2.648432,1.184487,2.581794,5.862327,4.385870,2.786687,1.353057,3.809918,3.701232,3.045687,2.212227,1.041912,0.919496,2.999605,1.550601,1.088583,0.479162,0.875110,2.750879,1.493727,1.217558,0.514133,0.706232,3.494523,3.301155,1.544089,0.938366,0.691716,5.518573,3.194481,2.135059,1.194343,1.477166,4.906605,2.348545,2.216535,1.138289,0.614818,3.155765,2.336293,2.173472,1.578705,12.847855,7.126761,6.429132,3.824722,1.768031,2.725658,6.261228,5.254939,3.688536,1.869621,3.546420,5.898221,7.025681,3.019457,1.829471,3.631484,5.471688,6.976594,3.719295,1.700732
1676060279.261962,1676060279.262219,127.000000,0.000000,4301.666504,4250.641113,4294.487305,4279.743652,4299.102539,4298.205078,4299.358887,4311.282227,4300.000000,4276.153809,4536.922852,4487.179688,4423.589844,4432.307617,85.000000,4.000000,85.000000,,,,0.000000,4.000000,4.000000,4.000000,4.000000,4.000000,4.000000,4.000000,4.000000,4.000000,4.000000,4.000000,4.000000,4.000000,4.000000,100.000000,,,,,,,,,,,,,,,,,,,,,,,,,,,,,,,,,,,,,,,,,,,,,,,,,,,,,,,,,,,,,,,,,,,,,,,,,,,,,,,,,,,,,,
1676060279.269771,1676060279.269928,0.000000,0.000000,4290.641113,4241.666504,4290.512695,4274.102539,4297.563965,4296.794922,4294.358887,4314.743652,4292.436035,4269.743652,4538.717773,4483.589844,4408.974121,4415.512695,2526.000000,4.000000,85.000000,,,,0.000000,4.000000,4.000000,4.000000,4.000000,4.000000,4.000000,4.000000,4.000000,4.000000,4.000000,4.000000,4.000000,4.000000,4.000000,100.000000,,,,,,,,,,,,,,,,,,,,,,,,,,,,,,,,,,,,,,,,,,,,,,,,,,,,,,,,,,,,,,,,,,,,,,,,,,,,,,,,,,,,,,
1676060279.277579,1676060279.277736,1.000000,0.000000,4295.256348,4250.512695,4296.794922,4279.487305,4296.153809,4289.743652,4292.820313,4316.025879,4297.948730,4281.794922,4541.666504,4484.358887,4402.307617,4409.615234,2491.000000,4.000000,85.000000,,,,0.000000,4.000000,4.000000,4.000000,4.000000,4.000000,4.000000,4.000000,4.000000,4.000000,4.000000,4.000000,4.000000,4.000000,4.000000,100.000000,,,,,,,,,,,,,,,,,,,,,,,,,,,,,,,,,,,,,,,,,,,,,,,,,,,,,,,,,,,,,,,,,,,,,,,,,,,,,,,,,,,,,,
1676060279.285388,1676060279.285445,2.000000,0.000000,4304.743652,4264.358887,4299.871582,4291.153809,4295.256348,4287.692383,4296.794922,4317.436035,4297.179688,4286.025879,4555.128418,4486.922852,4409.743652,4418.205078,2413.000000,4.000000,85.000000,,,,0.000000,4.000000,4.000000,4.000000,4.000000,4.000000,4.000000,4.000000,4.000000,4.000000,4.000000,4.000000,4.000000,4.000000,4.000000,100.000000,,,,,,,,,,,,,,,,,,,,,,,,,,,,,,,,,,,,,,,,,,,,,,,,,,,,,,,,,,,,,,,,,,,,,,,,,,,,,,,,,,,,,,
1676060279.293196,1676060279.293353,3.000000,0.000000,4302.051270,4267.436035,4301.922852,4297.820313,4298.846191,4295.128418,4299.871582,4322.820313,4295.128418,4273.205078,4567.563965,4486.794922,4407.820313,4418.205078,2479.000000,4.000000,85.000000,,,,0.000000,4.000000,4.000000,4.000000,4.000000,4.000000,4.000000,4.000000,4.000000,4.000000,4.000000,4.000000,4.000000,4.000000,4.000000,100.000000,,,,,,,,,,,,,,,,,,,,,,,,,,,,,,,,,,,,,,,,,,,,,,,,,,,,,,,,,,,,,,,,,,,,,,,,,,,,,,,,,,,,,,
1676060279.301004,1676060279.301162,4.000000,0.000000,4288.974121,4260.384766,4295.769043,4287.692383,4294.230957,4290.128418,4288.589844,4311.666504,4289.102539,4262.307617,4559.230957,4470.641113,4389.230957,4405.384766,2451.000000,4.000000,85.000000,,,,0.000000,4.000000,4.000000,4.000000,4.000000,4.000000,4.000000,4.000000,4.000000,4.000000,4.000000,4.000000,4.000000,4.000000,4.000000,100.000000,,,,,,,,,,,,,,,,,,,,,,,,,,,,,,,,,,,,,,,,,,,,,,,,,,,,,,,,,,,,,,,,,,,,,,,,,,,,,,,,,,,,,,
1676060279.308813,1676060279.309070,5.000000,0.000000,4281.025879,4253.717773,4283.974121,4278.589844,4290.512695,4283.077148,4275.769043,4292.051270,4279.615234,4262.436035,4543.461426,4453.974121,4376.794922,4392.563965,2396.000000,4.000000,85.000000,,,,0.000000,4.000000,4.000000,4.000000,4.000000,4.000000,4.000000,4.000000,4.000000,4.000000,4.000000,4.000000,4.000000,4.000000,4.000000,100.000000,,,,,,,,,,,,,,,,,,,,,,,,,,,,,,,,,,,,,,,,,,,,,,,,,,,,,,,,,,,,,,,,,,,,,,,,,,,,,,,,,,,,,,
1676060279.316621,1676060279.316879,6.000000,0.000000,4283.589844,4251.025879,4284.743652,4280.641113,4294.615234,4288.974121,4276.410156,4284.487305,4278.205078,4261.794922,4541.153809,4456.282227,4381.153809,4390.000000,2241.000000,4.000000,85.000000,,,,0.000000,4.000000,4.000000,4.000000,4.000000,4.000000,4.000000,4.000000,4.000000,4.000000,4.000000,4.000000,4.000000,4.000000,4.000000,100.000000,,,,,,,,,,,,,,,,,,,,,,,,,,,,,,,,,,,,,,,,,,,,,,,,,,,,,,,,,,,,,,,,,,,,,,,,,,,,,,,,,,,,,,
1676060279.324429,1676060279.324787,7.000000,0.000000,4281.538574,4243.461426,4283.205078,4276.025879,4292.436035,4287.051270,4271.410156,4277.692383,4270.897461,4250.512695,4535.384766,4450.128418,4376.282227,4387.436035,2226.000000,4.000000,85.000000,,,,0.000000,4.000000,4.000000,4.000000,4.000000,4.000000,4.000000,4.000000,4.000000,4.000000,4.000000,4.000000,4.000000,4.000000,4.000000,100.000000,,,,,,,,,,,,,,,,,,,,,,,,,,,,,,,,,,,,,,,,,,,,,,,,,,,,,,,,,,,,,,,,,,,,,,,,,,,,,,,,,,,,,,
1676060279.332238,1676060279.332595,8.000000,0.000000,4291.922852,4256.794922,4290.384766,4285.128418,4301.794922,4291.922852,4277.692383,4288.461426,4274.743652,4261.410156,4542.179688,4458.846191,4382.436035,4396.794922,2289.000000,4.000000,85.000000,,,,0.000000,4.000000,4.000000,4.000000,4.000000,4.000000,4.000000,4.000000,4.000000,4.000000,4.000000,4.000000,4.000000,4.000000,4.000000,100.000000,,,,,,,,,,,,,,,,,,,,,,,,,,,,,,,,,,,,,,,,,,,,,,,,,,,,,,,,,,,,,,,,,,,,,,,,,,,,,,,,,,,,,,
1676060279.340046,1676060279.340404,9.000000,0.000000,4315.384766,4281.538574,4315.384766,4307.820313,4319.102539,4310.641113,4302.563965,4314.743652,4295.000000,4288.077148,4562.436035,4490.512695,4410.512695,4419.615234,2251.000000,4.000000,85.000000,,,,0.000000,4.000000,4.000000,4.000000,4.000000,4.000000,4.000000,4.000000,4.000000,4.000000,4.000000,4.000000,4.000000,4.000000,4.000000,100.000000,,,,,,,,,,,,,,,,,,,,,,,,,,,,,,,,,,,,,,,,,,,,,,,,,,,,,,,,,,,,,,,,,,,,,,,,,,,,,,,,,,,,,,
1676060279.347855,1676060279.348112,10.000000,0.000000,4309.230957,4268.333496,4314.102539,4294.743652,4306.410156,4302.820313,4301.666504,4311.666504,4289.743652,4278.461426,4542.436035,4485.769043,4405.769043,4411.922852,2743.000000,4.000000,85.000000,,,,0.000000,4.000000,4.000000,4.000000,4.000000,4.000000,4.000000,4.000000,4.000000,4.000000,4.000000,4.000000,4.000000,4.000000,4.000000,100.000000,,,,,,,,,,,,,,,,,,,,,,,,,,,,,,,,,,,,,,,,,,,,,,,,,,,,,,,,,,,,,,,,,,,,,,,,,,,,,,,,,,,,,,
1676060279.355663,1676060279.356021,11.000000,0.000000,4293.717773,4248.717773,4302.436035,4274.230957,4288.589844,4288.205078,4292.820313,4307.563965,4281.922852,4273.461426,4523.077148,4476.025879,4388.461426,4401.538574,2944.000000,4.000000,85.000000,,,,0.000000,4.000000,4.000000,4.000000,4.000000,4.000000,4.000000,4.000000,4.000000,4.000000,4.000000,4.000000,4.000000,4.000000,4.000000,100.000000,,,,,,,,,,,,,,,,,,,,,,,,,,,,,,,,,,,,,,,,,,,,,,,,,,,,,,,,,,,,,,,,,,,,,,,,,,,,,,,,,,,,,,
1676060279.363471,1676060279.363829,12.000000,0.000000,4304.230957,4261.410156,4315.897461,4289.487305,4297.051270,4294.358887,4307.179688,4333.974121,4306.282227,4298.589844,4547.692383,4499.743652,4407.436035,4418.205078,3137.000000,4.000000,85.000000,,,,0.000000,4.000000,4.000000,4.000000,4.000000,4.000000,4.000000,4.000000,4.000000,4.000000,4.000000,4.000000,4.000000,4.000000,4.000000,100.000000,,,,,,,,,,,,,,,,,,,,,,,,,,,,,,,,,,,,,,,,,,,,,,,,,,,,,,,,,,,,,,,,,,,,,,,,,,,,,,,,,,,,,,
1676060279.371280,1676060279.371738,13.000000,0.000000,4305.512695,4262.436035,4317.436035,4292.051270,4298.077148,4294.102539,4308.461426,4344.615234,4314.871582,4302.179688,4550.384766,4505.128418,4418.461426,4420.897461,3258.000000,4.000000,85.000000,,,,0.000000,4.000000,4.000000,4.000000,4.000000,4.000000,4.000000,4.000000,4.000000,4.000000,4.000000,4.000000,4.000000,4.000000,4.000000,100.000000,,,,,,,,,,,,,,,,,,,,,,,,,,,,,,,,,,,,,,,,,,,,,,,,,,,,,,,,,,,,,,,,,,,,,,,,,,,,,,,,,,,,,,
1676060279.379088,1676060279.379546,14.000000,0.000000,4281.410156,4234.743652,4292.563965,4265.128418,4279.230957,4277.051270,4282.692383,4315.384766,4286.153809,4275.641113,4509.487305,4472.051270,4390.512695,4398.205078,2743.000000,4.000000,85.000000,,,,0.000000,4.000000,4.000000,4.000000,4.000000,4.000000,4.000000,4.000000,4.000000,4.000000,4.000000,4.000000,4.000000,4.000000,4.000000,100.000000,1.000000,25.000000,4.000000,4.000000,1.000000,4.000000,3.000000,4.000000,3.000000,3.000000,4.000000,3.000000,1.000000,1.000000,3.000000,3.000000,2.599580,4.016172,4.798328,2.552491,1.220744,7.222014,4.397656,3.820819,2.921334,1.238491,2.757386,5.645291,5.248178,3.124936,1.427821,4.317471,3.923321,3.626246,2.440121,1.076367,1.041677,2.766305,1.863102,1.209466,0.518324,0.970538,2.599370,1.798440,1.249990,0.561534,0.787984,4.246557,4.241486,1.638051,1.014996,0.856775,7.075747,4.304528,2.257520,1.274347,1.949162,6.171297,3.022628,2.487620,1.242761,0.722626,3.911572,2.677551,2.395904,1.632550,13.042066,9.275440,8.111543,4.284901,1.883488,3.373470,7.538298,6.856990,4.058589,1.973569,3.805645,7.036841,8.865669,3.336191,1.941946,3.432265,6.200579,8.318686,4.079682,1.800555
1676060279.386896,1676060279.387454,15.000000,0.000000,4272.436035,4226.538574,4285.897461,4260.641113,4275.384766,4276.153809,4272.307617,4293.974121,4272.436035,4257.563965,4490.512695,4456.666504,4372.948730,4385.256348,2944.000000,4.000000,85.000000,,,,0.000000,4.000000,4.000000,4.000000,4.000000,4.000000,4.000000,4.000000,4.000000,4.000000,4.000000,4.000000,4.000000,4.000000,4.000000,100.000000,,,,,,,,,,,,,,,,,,,,,,,,,,,,,,,,,,,,,,,,,,,,,,,,,,,,,,,,,,,,,,,,,,,,,,,,,,,,,,,,,,,,,,
1676060279.394705,1676060279.395263,16.000000,0.000000,4282.948730,4245.641113,4296.666504,4280.769043,4289.358887,4289.615234,4287.948730,4306.666504,4290.512695,4263.205078,4502.563965,4470.128418,4384.487305,4389.487305,0.000000,4.000000,85.000000,,,,0.000000,4.000000,4.000000,4.000000,4.000000,4.000000,4.000000,4.000000,4.000000,4.000000,4.000000,4.000000,4.000000,4.000000,4.000000,100.000000,,,,,,,,,,,,,,,,,,,,,,,,,,,,,,,,,,,,,,,,,,,,,,,,,,,,,,,,,,,,,,,,,,,,,,,,,,,,,,,,,,,,,,
1676060279.402513,1676060279.403171,17.000000,0.000000,4287.692383,4259.743652,4301.153809,4288.333496,4300.897461,4295.128418,4298.717773,4319.743652,4306.025879,4280.000000,4506.025879,4477.051270,4392.948730,4395.512695,0.000000,4.000000,85.000000,,,,0.000000,4.000000,4.000000,4.000000,4.000000,4.000000,4.000000,4.000000,4.000000,4.000000,4.000000,4.000000,4.000000,4.000000,4.000000,100.000000,,,,,,,,,,,,,,,,,,,,,,,,,,,,,,,,,,,,,,,,,,,,,,,,,,,,,,,,,,,,,,,,,,,,,,,,,,,,,,,,,,,,,,
1676060279.410322,1676060279.410980,18.000000,0.000000,4297.692383,4270.769043,4314.102539,4297.307617,4312.179688,4304.487305,4306.666504,4327.948730,4311.922852,4296.794922,4512.179688,4489.487305,4404.743652,4414.743652,0.000000,4.000000,85.000000,,,,0.000000,4.000000,4.000000,4.000000,4.000000,4.000000,4.000000,4.000000,4.000000,4.000000,4.000000,4.000000,4.000000,4.000000,4.000000,100.000000,,,,,,,,,,,,,,,,,,,,,,,,,,,,,,,,,,,,,,,,,,,,,,,,,,,,,,,,,,,,,,,,,,,,,,,,,,,,,,,,,,,,,,
1676060279.418130,1676060279.418888,19.000000,0.000000,4303.974121,4268.717773,4317.051270,4298.717773,4306.794922,4301.666504,4299.487305,4326.538574,4304.871582,4292.563965,4511.794922,4492.307617,4407.307617,4418.717773,0.000000,4.000000,85.000000,,,,0.000000,4.000000,4.000000,4.000000,4.000000,4.000000,4.000000,4.000000,4.000000,4.000000,4.000000,4.000000,4.000000,4.000000,4.000000,100.000000,,,,,,,,,,,,,,,,,,,,,,,,,,,,,,,,,,,,,,,,,,,,,,,,,,,,,,,,,,,,,,,,,,,,,,,,,,,,,,,,,,,,,,
1676060279.425938,1676060279.426696,20.000000,0.000000,4283.974121,4242.307617,4292.051270,4269.487305,4282.692383,4278.974121,4271.025879,4307.179688,4282.563965,4267.563965,4484.102539,4463.333496,4382.820313,4388.077148,0.000000,4.000000,85.000000,,,,0.000000,4.000000,4.000000,4.000000,4.000000,4.000000,4.000000,4.000000,4.000000,4.000000,4.000000,4.000000,4.000000,4.000000,4.000000,100.000000,,,,,,,,,,,,,,,,,,,,,,,,,,,,,,,,,,,,,,,,,,,,,,,,,,,,,,,,,,,,,,,,,,,,,,,,,,,,,,,,,,,,,,
1676060279.433747,1676060279.434405,21.000000,0.000000,4261.922852,4228.333496,4275.384766,4252.051270,4277.948730,4270.384766,4264.743652,4292.436035,4265.256348,4249.230957,4463.717773,4439.871582,4364.487305,4370.641113,0.000000,4.000000,85.000000,,,,0.000000,4.000000,4.000000,4.000000,4.000000,4.000000,4.000000,4.000000,4.000000,4.000000,4.000000,4.000000,4.000000,4.000000,4.000000,100.000000,,,,,,,,,,,,,,,,,,,,,,,,,,,,,,,,,,,,,,,,,,,,,,,,,,,,,,,,,,,,,,,,,,,,,,,,,,,,,,,,,,,,,,
1676060279.441555,1676060279.442213,22.000000,0.000000,4264.487305,4237.436035,4278.974121,4262.179688,4284.230957,4280.897461,4277.563965,4287.307617,4262.051270,4241.922852,4462.692383,4444.871582,4369.615234,4377.436035,0.000000,4.000000,85.000000,,,,0.000000,4.000000,4.000000,4.000000,4.000000,4.000000,4.000000,4.000000,4.000000,4.000000,4.000000,4.000000,4.000000,4.000000,4.000000,100.000000,,,,,,,,,,,,,,,,,,,,,,,,,,,,,,,,,,,,,,,,,,,,,,,,,,,,,,,,,,,,,,,,,,,,,,,,,,,,,,,,,,,,,,
1676060279.449364,1676060279.449922,23.000000,0.000000,4274.487305,4236.794922,4275.641113,4262.563965,4270.256348,4277.692383,4266.666504,4275.384766,4260.256348,4245.641113,4457.948730,4442.692383,4375.897461,4377.436035,0.000000,4.000000,85.000000,,,,0.000000,4.000000,4.000000,4.000000,4.000000,4.000000,4.000000,4.000000,4.000000,4.000000,4.000000,4.000000,4.000000,4.000000,4.000000,100.000000,,,,,,,,,,,,,,,,,,,,,,,,,,,,,,,,,,,,,,,,,,,,,,,,,,,,,,,,,,,,,,,,,,,,,,,,,,,,,,,,,,,,,,
1676060279.457172,1676060279.457730,24.000000,0.000000,4276.794922,4232.692383,4272.820313,4259.358887,4262.948730,4266.538574,4258.077148,4276.153809,4265.128418,4264.102539,4459.358887,4437.051270,4381.025879,4379.358887,0.000000,4.000000,85.000000,,,,0.000000,4.000000,4.000000,4.000000,4.000000,4.000000,4.000000,4.000000,4.000000,4.000000,4.000000,4.000000,4.000000,4.000000,4.000000,100.000000,,,,,,,,,,,,,,,,,,,,,,,,,,,,,,,,,,,,,,,,,,,,,,,,,,,,,,,,,,,,,,,,,,,,,,,,,,,,,,,,,,,,,,
1676060279.464980,1676060279.465439,25.000000,0.000000,4288.333496,4255.769043,4296.666504,4283.077148,4283.077148,4280.641113,4289.487305,4311.922852,4294.358887,4290.128418,4495.128418,4476.538574,4407.179688,4414.615234,0.000000,4.000000,85.000000,,,,0.000000,4.000000,4.000000,4.000000,4.000000,4.000000,4.000000,4.000000,4.000000,4.000000,4.000000,4.000000,4.000000,4.000000,4.000000,100.000000,,,,,,,,,,,,,,,,,,,,,,,,,,,,,,,,,,,,,,,,,,,,,,,,,,,,,,,,,,,,,,,,,,,,,,,,,,,,,,,,,,,,,,
1676060279.472789,1676060279.473247,26.000000,0.000000,4287.563965,4255.384766,4295.641113,4284.615234,4276.794922,4285.769043,4296.922852,4320.512695,4308.589844,4290.897461,4504.743652,4496.410156,4411.538574,4421.153809,0.000000,4.000000,85.000000,,,,0.000000,4.000000,4.000000,4.000000,4.000000,4.000000,4.000000,4.000000,4.000000,4.000000,4.000000,4.000000,4.000000,4.000000,4.000000,100.000000,,,,,,,,,,,,,,,,,,,,,,,,,,,,,,,,,,,,,,,,,,,,,,,,,,,,,,,,,,,,,,,,,,,,,,,,,,,,,,,,,,,,,,
1676060279.480597,1676060279.480956,27.000000,0.000000,4271.282227,4223.589844,4263.846191,4261.922852,4254.743652,4276.538574,4272.563965,4298.333496,4293.461426,4276.153809,4472.436035,4469.743652,4387.692383,4388.717773,0.000000,4.000000,85.000000,,,,0.000000,4.000000,4.000000,4.000000,4.000000,4.000000,4.000000,4.000000,4.000000,4.000000,4.000000,4.000000,4.000000,4.000000,4.000000,100.000000,,,,,,,,,,,,,,,,,,,,,,,,,,,,,,,,,,,,,,,,,,,,,,,,,,,,,,,,,,,,,,,,,,,,,,,,,,,,,,,,,,,,,,
1676060279.488406,1676060279.488764,28.000000,0.000000,4282.948730,4233.205078,4270.256348,4281.794922,4279.487305,4285.512695,4285.897461,4311.922852,4294.230957,4285.256348,4475.897461,4481.666504,4393.589844,4395.897461,0.000000,4.000000,85.000000,,,,0.000000,4.000000,4.000000,4.000000,4.000000,4.000000,4.000000,4.000000,4.000000,4.000000,4.000000,4.000000,4.000000,4.000000,4.000000,100.000000,,,,,,,,,,,,,,,,,,,,,,,,,,,,,,,,,,,,,,,,,,,,,,,,,,,,,,,,,,,,,,,,,,,,,,,,,,,,,,,,,,,,,,
1676060279.496214,1676060279.496473,29.000000,0.000000,4290.384766,4253.333496,4285.128418,4302.563965,4303.717773,4293.846191,4301.025879,4325.897461,4298.205078,4285.769043,4482.051270,4500.641113,4397.307617,4405.512695,0.000000,4.000000,85.000000,,,,0.000000,4.000000,4.000000,4.000000,4.000000,4.000000,4.000000,4.000000,4.000000,4.000000,4.000000,4.000000,4.000000,4.000000,4.000000,100.000000,,,,,,,,,,,,,,,,,,,,,,,,,,,,,,,,,,,,,,,,,,,,,,,,,,,,,,,,,,,,,,,,,,,,,,,,,,,,,,,,,,,,,,
1676060279.504022,1676060279.504281,30.000000,0.000000,4266.922852,4235.897461,4267.307617,4290.256348,4287.948730,4288.846191,4283.589844,4305.641113,4280.769043,4260.000000,4448.589844,4477.563965,4369.230957,4377.179688,0.000000,4.000000,85.000000,,,,0.000000,4.000000,4.000000,4.000000,4.000000,4.000000,4.000000,4.000000,4.000000,4.000000,4.000000,4.000000,4.000000,4.000000,4.000000,100.000000,,,,,,,,,,,,,,,,,2.777565,3.645545,5.022230,2.792378,1.291053,7.472140,5.220381,3.854532,3.148219,1.297051,2.829961,5.339320,5.694397,3.402468,1.470483,4.754538,4.270828,3.959255,2.649887,1.116827,1.154438,2.436069,2.004965,1.329988,0.567397,1.056631,2.282979,1.972768,1.291843,0.611534,0.885502,4.775409,4.968949,1.765860,1.083045,1.009929,8.051905,5.188731,2.434338,1.331141,2.270327,6.831054,3.527144,2.801096,1.328174,0.790845,4.379077,2.985463,2.574357,1.658610,12.183397,10.791261,9.424014,4.711992,1.976356,3.787413,8.375552,8.078893,4.483514,2.049865,3.952232,7.748264,10.279946,3.655339,2.018812,3.290342,6.604302,9.200169,4.448491,1.890013
1676060279.511831,1676060279.511990,31.000000,0.000000,4250.512695,4217.820313,4250.000000,4284.358887,4275.769043,4284.487305,4270.641113,4283.589844,4261.666504,4236.025879,4419.615234,4457.436035,4345.256348,4352.692383,0.000000,4.000000,85.000000,,,,0.000000,4.000000,4.000000,4.000000,4.000000,4.000000,4.000000,4.000000,4.000000,4.000000,4.000000,4.000000,4.000000,4.000000,4.000000,100.000000,,,,,,,,,,,,,,,,,,,,,,,,,,,,,,,,,,,,,,,,,,,,,,,,,,,,,,,,,,,,,,,,,,,,,,,,,,,,,,,,,,,,,,
1676060279.519639,1676060279.519798,32.000000,0.000000,4261.922852,4236.025879,4261.153809,4300.512695,4285.512695,4287.051270,4277.563965,4284.487305,4260.000000,4237.051270,4429.615234,4472.051270,4355.128418,4361.410156,0.000000,4.000000,85.000000,,,,0.000000,4.000000,4.000000,4.000000,4.000000,4.000000,4.000000,4.000000,4.000000,4.000000,4.000000,4.000000,4.000000,4.000000,4.000000,100.000000,,,,,,,,,,,,,,,,,,,,,,,,,,,,,,,,,,,,,,,,,,,,,,,,,,,,,,,,,,,,,,,,,,,,,,,,,,,,,,,,,,,,,,
1676060279.527447,1676060279.527507,33.000000,0.000000,4275.128418,4256.153809,4276.282227,4311.538574,4287.563965,4282.948730,4277.563965,4291.666504,4268.077148,4253.717773,4445.256348,4487.436035,4371.025879,4377.820313,0.000000,4.000000,85.000000,,,,0.000000,4.000000,4.000000,4.000000,4.000000,4.000000,4.000000,4.000000,4.000000,4.000000,4.000000,4.000000,4.000000,4.000000,4.000000,100.000000,,,,,,,,,,,,,,,,,,,,,,,,,,,,,,,,,,,,,,,,,,,,,,,,,,,,,,,,,,,,,,,,,,,,,,,,,,,,,,,,,,,,,,
1676060279.535256,1676060279.535315,34.000000,0.000000,4270.128418,4242.820313,4270.128418,4301.538574,4270.641113,4271.282227,4263.846191,4281.153809,4265.512695,4252.179688,4430.897461,4475.256348,4361.153809,4370.512695,0.000000,4.000000,85.000000,,,,0.000000,4.000000,4.000000,4.000000,4.000000,4.000000,4.000000,4.000000,4.000000,4.000000,4.000000,4.000000,4.000000,4.000000,4.000000,100.000000,,,,,,,,,,,,,,,,,,,,,,,,,,,,,,,,,,,,,,,,,,,,,,,,,,,,,,,,,,,,,,,,,,,,,,,,,,,,,,,,,,,,,,
1676060279.543064,1676060279.543024,35.000000,0.000000,4265.128418,4230.897461,4265.128418,4290.769043,4264.230957,4267.051270,4263.589844,4274.871582,4263.717773,4246.025879,4423.077148,4468.846191,4354.743652,4363.077148,0.000000,4.000000,85.000000,,,,0.000000,4.000000,4.000000,4.000000,4.000000,4.000000,4.000000,4.000000,4.000000,4.000000,4.000000,4.000000,4.000000,4.000000,4.000000,100.000000,,,,,,,,,,,,,,,,,,,,,,,,,,,,,,,,,,,,,,,,,,,,,,,,,,,,,,,,,,,,,,,,,,,,,,,,,,,,,,,,,,,,,,
1676060279.550873,1676060279.550932,36.000000,0.000000,4279.102539,4244.102539,4283.846191,4299.230957,4273.589844,4274.615234,4279.487305,4295.769043,4282.820313,4268.717773,4449.230957,4496.282227,4378.205078,4386.666504,0.000000,4.000000,85.000000,,,,0.000000,4.000000,4.000000,4.000000,4.000000,4.000000,4.000000,4.000000,4.000000,4.000000,4.000000,4.000000,4.000000,4.000000,4.000000,100.000000,,,,,,,,,,,,,,,,,,,,,,,,,,,,,,,,,,,,,,,,,,,,,,,,,,,,,,,,,,,,,,,,,,,,,,,,,,,,,,,,,,,,,,
1676060279.558681,1676060279.558741,37.000000,0.000000,4308.846191,4270.000000,4313.461426,4325.769043,4283.717773,4283.589844,4295.641113,4318.461426,4305.128418,4290.897461,4485.000000,4530.512695,4411.666504,4424.615234,0.000000,4.000000,85.000000,,,,0.000000,4.000000,4.000000,4.000000,4.000000,4.000000,4.000000,4.000000,4.000000,4.000000,4.000000,4.000000,4.000000,4.000000,4.000000,100.000000,,,,,,,,,,,,,,,,,,,,,,,,,,,,,,,,,,,,,,,,,,,,,,,,,,,,,,,,,,,,,,,,,,,,,,,,,,,,,,,,,,,,,,
1676060279.566489,1676060279.566649,38.000000,0.000000,4325.769043,4282.563965,4325.256348,4336.282227,4285.384766,4282.692383,4299.102539,4316.666504,4309.230957,4283.974121,4495.000000,4536.922852,4422.948730,4434.615234,0.000000,4.000000,85.000000,,,,0.000000,4.000000,4.000000,4.000000,4.000000,4.000000,4.000000,4.000000,4.000000,4.000000,4.000000,4.000000,4.000000,4.000000,4.000000,100.000000,,,,,,,,,,,,,,,,,,,,,,,,,,,,,,,,,,,,,,,,,,,,,,,,,,,,,,,,,,,,,,,,,,,,,,,,,,,,,,,,,,,,,,
1676060279.574298,1676060279.574457,39.000000,0.000000,4312.436035,4270.128418,4311.282227,4319.230957,4280.769043,4279.871582,4289.102539,4306.282227,4301.153809,4280.384766,4476.282227,4519.102539,4406.666504,4419.615234,0.000000,4.000000,85.000000,,,,0.000000,4.000000,4.000000,4.000000,4.000000,4.000000,4.000000,4.000000,4.000000,4.000000,4.000000,4.000000,4.000000,4.000000,4.000000,100.000000,,,,,,,,,,,,,,,,,,,,,,,,,,,,,,,,,,,,,,,,,,,,,,,,,,,,,,,,,,,,,,,,,,,,,,,,,,,,,,,,,,,,,,
1676060279.582106,1676060279.582366,40.000000,0.000000,4283.974121,4245.256348,4282.436035,4297.307617,4276.922852,4278.333496,4275.512695,4294.358887,4284.871582,4276.153809,4438.333496,4489.358887,4373.077148,4394.358887,0.000000,4.000000,85.000000,,,,0.000000,4.000000,4.000000,4.000000,4.000000,4.000000,4.000000,4.000000,4.000000,4.000000,4.000000,4.000000,4.000000,4.000000,4.000000,100.000000,,,,,,,,,,,,,,,,,,,,,,,,,,,,,,,,,,,,,,,,,,,,,,,,,,,,,,,,,,,,,,,,,,,,,,,,,,,,,,,,,,,,,,
1676060279.589914,1676060279.590174,41.000000,0.000000,4278.717773,4243.846191,4274.871582,4298.205078,4283.717773,4284.871582,4279.871582,4293.717773,4279.871582,4263.974121,4425.897461,4478.846191,4360.384766,4382.692383,0.000000,4.000000,85.000000,,,,0.000000,4.000000,4.000000,4.000000,4.000000,4.000000,4.000000,4.000000,4.000000,4.000000,4.000000,4.000000,4.000000,4.000000,4.000000,100.000000,,,,,,,,,,,,,,,,,,,,,,,,,,,,,,,,,,,,,,,,,,,,,,,,,,,,,,,,,,,,,,,,,,,,,,,,,,,,,,,,,,,,,,
1676060279.597723,1676060279.598083,42.000000,0.000000,4296.794922,4262.051270,4294.358887,4310.000000,4295.641113,4294.358887,4294.871582,4310.897461,4296.153809,4273.589844,4452.051270,4500.897461,4381.666504,4395.641113,0.000000,4.000000,85.000000,,,,0.000000,4.000000,4.000000,4.000000,4.000000,4.000000,4.000000,4.000000,4.000000,4.000000,4.000000,4.000000,4.000000,4.000000,4.000000,100.000000,,,,,,,,,,,,,,,,,,,,,,,,,,,,,,,,,,,,,,,,,,,,,,,,,,,,,,,,,,,,,,,,,,,,,,,,,,,,,,,,,,,,,,
1676060279.605531,1676060279.605891,43.000000,0.000000,4309.102539,4266.153809,4303.846191,4313.461426,4298.205078,4295.384766,4298.461426,4321.153809,4304.743652,4283.846191,4462.307617,4516.153809,4397.563965,4409.487305,0.000000,4.000000,85.000000,,,,0.000000,4.000000,4.000000,4.000000,4.000000,4.000000,4.000000,4.000000,4.000000,4.000000,4.000000,4.000000,4.000000,4.000000,4.000000,100.000000,,,,,,,,,,,,,,,,,,,,,,,,,,,,,,,,,,,,,,,,,,,,,,,,,,,,,,,,,,,,,,,,,,,,,,,,,,,,,,,,,,,,,,
1676060279.613340,1676060279.613799,44.000000,0.000000,4309.615234,4263.077148,4299.358887,4316.410156,4293.974121,4292.179688,4290.897461,4312.948730,4285.897461,4269.487305,4447.563965,4505.128418,4388.461426,4409.230957,0.000000,4.000000,85.000000,,,,0.000000,4.000000,4.000000,4.000000,4.000000,4.000000,4.000000,4.000000,4.000000,4.000000,4.000000,4.000000,4.000000,4.000000,4.000000,100.000000,,,,,,,,,,,,,,,,,,,,,,,,,,,,,,,,,,,,,,,,,,,,,,,,,,,,,,,,,,,,,,,,,,,,,,,,,,,,,,,,,,,,,,
1676060279.621148,1676060279.621608,45.000000,0.000000,4297.051270,4260.256348,4289.871582,4314.358887,4286.666504,4288.974121,4283.717773,4299.230957,4262.051270,4251.025879,4433.077148,4485.897461,4371.922852,4396.922852,0.000000,4.000000,85.000000,,,,0.000000,4.000000,4.000000,4.000000,4.000000,4.000000,4.000000,4.000000,4.000000,4.000000,4.000000,4.000000,4.000000,4.000000,4.000000,100.000000,,,,,,,,,,,,,,,,,,,,,,,,,,,,,,,,,,,,,,,,,,,,,,,,,,,,,,,,,,,,,,,,,,,,,,,,,,,,,,,,,,,,,,
1676060279.628956,1676060279.629416,46.000000,0.000000,4295.641113,4268.589844,4295.769043,4319.871582,4289.615234,4295.384766,4293.205078,4307.563965,4269.615234,4251.922852,4444.358887,4493.205078,4381.922852,4401.794922,0.000000,4.000000,85.000000,,,,0.000000,4.000000,4.000000,4.000000,4.000000,4.000000,4.000000,4.000000,4.000000,4.000000,4.000000,4.000000,4.000000,4.000000,4.000000,100.000000,,,,,,,,,,,,,,,,,2.777966,3.267827,4.937438,2.931037,1.315755,7.572763,5.968707,3.675756,3.275450,1.335027,2.794227,4.823118,5.653814,3.547647,1.460329,5.066044,4.503601,3.996027,2.782999,1.143839,1.218207,2.063285,1.948627,1.416951,0.616673,1.096995,1.893621,1.989377,1.322644,0.651900,0.965987,4.905191,5.330905,1.904943,1.119424,1.110990,8.160285,5.677737,2.649034,1.346262,2.312348,6.678024,3.766394,3.092703,1.371662,0.786634,4.462609,3.171104,2.679043,1.655912,10.787089,11.473639,10.075968,5.007388,2.017070,3.858131,8.494103,8.636888,4.876539,2.075005,3.921714,8.074072,10.911758,3.913239,2.034040,3.040446,6.691082,9.385902,4.715480,1.932966
1676060279.636765,1676060279.637225,47.000000,0.000000,4321.410156,4291.922852,4320.128418,4339.871582,4305.128418,4302.563965,4309.743652,4337.051270,4300.897461,4275.128418,4476.666504,4527.820313,4415.128418,4431.538574,0.000000,4.000000,85.000000,,,,0.000000,4.000000,4.000000,4.000000,4.000000,4.000000,4.000000,4.000000,4.000000,4.000000,4.000000,4.000000,4.000000,4.000000,4.000000,100.000000,,,,,,,,,,,,,,,,,,,,,,,,,,,,,,,,,,,,,,,,,,,,,,,,,,,,,,,,,,,,,,,,,,,,,,,,,,,,,,,,,,,,,,
1676060279.644573,1676060279.644933,48.000000,0.000000,4322.563965,4286.153809,4313.589844,4332.436035,4299.871582,4289.102539,4294.743652,4335.641113,4306.025879,4291.794922,4475.641113,4525.000000,4417.563965,4432.692383,0.000000,4.000000,85.000000,,,,0.000000,4.000000,4.000000,4.000000,4.000000,4.000000,4.000000,4.000000,4.000000,4.000000,4.000000,4.000000,4.000000,4.000000,4.000000,100.000000,,,,,,,,,,,,,,,,,,,,,,,,,,,,,,,,,,,,,,,,,,,,,,,,,,,,,,,,,,,,,,,,,,,,,,,,,,,,,,,,,,,,,,
1676060279.652382,1676060279.652842,49.000000,0.000000,4285.641113,4248.077148,4271.025879,4292.948730,4274.743652,4271.538574,4262.820313,4300.384766,4276.153809,4272.692383,4434.230957,4475.384766,4380.641113,4393.205078,0.000000,4.000000,85.000000,,,,0.000000,4.000000,4.000000,4.000000,4.000000,4.000000,4.000000,4.000000,4.000000,4.000000,4.000000,4.000000,4.000000,4.000000,4.000000,100.000000,,,,,,,,,,,,,,,,,,,,,,,,,,,,,,,,,,,,,,,,,,,,,,,,,,,,,,,,,,,,,,,,,,,,,,,,,,,,,,,,,,,,,,
1676060279.660190,1676060279.660650,50.000000,0.000000,4274.743652,4242.436035,4260.384766,4281.282227,4272.307617,4280.128418,4263.717773,4293.205078,4267.179688,4256.922852,4425.000000,4465.128418,4368.589844,4380.512695,0.000000,4.000000,85.000000,,,,0.000000,4.000000,4.000000,4.000000,4.000000,4.000000,4.000000,4.000000,4.000000,4.000000,4.000000,4.000000,4.000000,4.000000,4.000000,100.000000,,,,,,,,,,,,,,,,,,,,,,,,,,,,,,,,,,,,,,,,,,,,,,,,,,,,,,,,,,,,,,,,,,,,,,,,,,,,,,,,,,,,,,
1676060279.667998,1676060279.668459,51.000000,0.000000,4275.769043,4251.410156,4266.153809,4284.615234,4271.410156,4280.128418,4267.307617,4300.512695,4273.589844,4260.384766,4430.256348,4475.512695,4370.000000,4384.487305,0.000000,4.000000,85.000000,,,,0.000000,4.000000,4.000000,4.000000,4.000000,4.000000,4.000000,4.000000,4.000000,4.000000,4.000000,4.000000,4.000000,4.000000,4.000000,100.000000,,,,,,,,,,,,,,,,,,,,,,,,,,,,,,,,,,,,,,,,,,,,,,,,,,,,,,,,,,,,,,,,,,,,,,,,,,,,,,,,,,,,,,
1676060279.675807,1676060279.676167,52.000000,0.000000,4261.666504,4233.205078,4251.794922,4269.743652,4255.897461,4260.641113,4251.153809,4285.769043,4264.871582,4255.641113,4407.051270,4456.922852,4355.641113,4367.307617,0.000000,4.000000,85.000000,,,,0.000000,4.000000,4.000000,4.000000,4.000000,4.000000,4.000000,4.000000,4.000000,4.000000,4.000000,4.000000,4.000000,4.000000,4.000000,100.000000,,,,,,,,,,,,,,,,,,,,,,,,,,,,,,,,,,,,,,,,,,,,,,,,,,,,,,,,,,,,,,,,,,,,,,,,,,,,,,,,,,,,,,
1676060279.683615,1676060279.683976,53.000000,0.000000,4290.641113,4254.230957,4282.436035,4292.692383,4277.820313,4278.205078,4275.384766,4305.641113,4284.230957,4270.641113,4436.153809,4488.333496,4384.615234,4397.051270,0.000000,4.000000,85.000000,,,,0.000000,4.000000,4.000000,4.000000,4.000000,4.000000,4.000000,4.000000,4.000000,4.000000,4.000000,4.000000,4.000000,4.000000,4.000000,100.000000,,,,,,,,,,,,,,,,,,,,,,,,,,,,,,,,,,,,,,,,,,,,,,,,,,,,,,,,,,,,,,,,,,,,,,,,,,,,,,,,,,,,,,
1676060279.691424,1676060279.691684,54.000000,0.000000,4326.666504,4290.256348,4326.794922,4323.589844,4306.794922,4305.512695,4311.153809,4346.025879,4314.615234,4290.000000,4487.948730,4543.717773,4421.922852,4444.487305,0.000000,4.000000,85.000000,,,,0.000000,4.000000,4.000000,4.000000,4.000000,4.000000,4.000000,4.000000,4.000000,4.000000,4.000000,4.000000,4.000000,4.000000,4.000000,100.000000,,,,,,,,,,,,,,,,,,,,,,,,,,,,,,,,,,,,,,,,,,,,,,,,,,,,,,,,,,,,,,,,,,,,,,,,,,,,,,,,,,,,,,
1676060279.699232,1676060279.699493,55.000000,0.000000,4311.153809,4268.077148,4311.794922,4299.230957,4290.769043,4291.410156,4295.769043,4333.205078,4298.974121,4273.717773,4465.000000,4524.230957,4399.487305,4427.179688,0.000000,4.000000,85.000000,,,,0.000000,4.000000,4.000000,4.000000,4.000000,4.000000,4.000000,4.000000,4.000000,4.000000,4.000000,4.000000,4.000000,4.000000,4.000000,100.000000,,,,,,,,,,,,,,,,,,,,,,,,,,,,,,,,,,,,,,,,,,,,,,,,,,,,,,,,,,,,,,,,,,,,,,,,,,,,,,,,,,,,,,
1676060279.707040,1676060279.707201,56.000000,0.000000,4295.897461,4240.128418,4293.589844,4276.666504,4277.563965,4278.717773,4276.922852,4303.205078,4272.051270,4263.589844,4427.692383,4490.769043,4373.333496,4396.794922,0.000000,4.000000,85.000000,,,,0.000000,4.000000,4.000000,4.000000,4.000000,4.000000,4.000000,4.000000,4.000000,4.000000,4.000000,4.000000,4.000000,4.000000,4.000000,100.000000,,,,,,,,,,,,,,,,,,,,,,,,,,,,,,,,,,,,,,,,,,,,,,,,,,,,,,,,,,,,,,,,,,,,,,,,,,,,,,,,,,,,,,
1676060279.714849,1676060279.715109,57.000000,0.000000,4307.179688,4252.051270,4311.666504,4295.512695,4297.948730,4296.153809,4294.487305,4312.692383,4276.922852,4278.333496,4440.384766,4508.974121,4384.871582,4411.666504,0.000000,4.000000,85.000000,,,,0.000000,4.000000,4.000000,4.000000,4.000000,4.000000,4.000000,4.000000,4.000000,4.000000,4.000000,4.000000,4.000000,4.000000,4.000000,100.000000,,,,,,,,,,,,,,,,,,,,,,,,,,,,,,,,,,,,,,,,,,,,,,,,,,,,,,,,,,,,,,,,,,,,,,,,,,,,,,,,,,,,,,
1676060279.722657,1676060279.722918,58.000000,0.000000,4308.846191,4263.205078,4316.153809,4302.436035,4304.358887,4305.512695,4302.563965,4325.384766,4285.512695,4279.871582,4458.077148,4517.307617,4393.461426,4429.615234,0.000000,4.000000,85.000000,,,,0.000000,4.000000,4.000000,4.000000,4.000000,4.000000,4.000000,4.000000,4.000000,4.000000,4.000000,4.000000,4.000000,4.000000,4.000000,100.000000,,,,,,,,,,,,,,,,,,,,,,,,,,,,,,,,,,,,,,,,,,,,,,,,,,,,,,,,,,,,,,,,,,,,,,,,,,,,,,,,,,,,,,
1676060279.730465,1676060279.730726,59.000000,0.000000,4304.743652,4259.487305,4303.461426,4293.846191,4293.077148,4302.179688,4292.948730,4318.205078,4286.410156,4273.846191,4454.102539,4505.256348,4394.358887,4424.230957,0.000000,4.000000,85.000000,,,,0.000000,4.000000,4.000000,4.000000,4.000000,4.000000,4.000000,4.000000,4.000000,4.000000,4.000000,4.000000,4.000000,4.000000,4.000000,100.000000,,,,,,,,,,,,,,,,,,,,,,,,,,,,,,,,,,,,,,,,,,,,,,,,,,,,,,,,,,,,,,,,,,,,,,,,,,,,,,,,,,,,,,
1676060279.738274,1676060279.738435,60.000000,0.000000,4307.563965,4261.153809,4301.282227,4303.461426,4295.000000,4310.384766,4295.384766,4313.974121,4286.153809,4271.025879,4446.666504,4504.871582,4396.922852,4421.025879,0.000000,4.000000,85.000000,,,,0.000000,4.000000,4.000000,4.000000,4.000000,4.000000,4.000000,4.000000,4.000000,4.000000,4.000000,4.000000,4.000000,4.000000,4.000000,100.000000,,,,,,,,,,,,,,,,,,,,,,,,,,,,,,,,,,,,,,,,,,,,,,,,,,,,,,,,,,,,,,,,,,,,,,,,,,,,,,,,,,,,,,
1676060279.746082,1676060279.746343,61.000000,0.000000,4306.153809,4271.538574,4297.692383,4314.871582,4301.025879,4318.333496,4296.153809,4311.666504,4278.717773,4261.410156,4437.563965,4496.410156,4388.846191,4418.589844,0.000000,4.000000,85.000000,,,,0.000000,4.000000,4.000000,4.000000,4.000000,4.000000,4.000000,4.000000,4.000000,4.000000,4.000000,4.000000,4.000000,4.000000,4.000000,100.000000,,,,,,,,,,,,,,,,,,,,,,,,,,,,,,,,,,,,,,,,,,,,,,,,,,,,,,,,,,,,,,,,,,,,,,,,,,,,,,,,,,,,,,
1676060279.753891,1676060279.754152,62.000000,0.000000,4307.436035,4280.897461,4292.692383,4312.307617,4295.641113,4312.307617,4287.948730,4310.512695,4281.282227,4264.102539,4434.102539,4488.205078,4384.358887,4415.769043,0.000000,4.000000,85.000000,,,,0.000000,4.000000,4.000000,4.000000,4.000000,4.000000,4.000000,4.000000,4.000000,4.000000,4.000000,4.000000,4.000000,4.000000,4.000000,100.000000,,,,,,,,,,,,,,,,,2.602830,2.849942,4.646054,2.940413,1.289885,7.410573,6.303981,3.402235,3.267995,1.336402,2.685119,4.052264,5.204657,3.509460,1.393389,5.116357,4.440667,3.773812,2.794517,1.143282,1.224932,1.727505,1.741586,1.433653,0.659017,1.050356,1.524773,1.869324,1.309262,0.671637,1.012008,4.586675,5.291174,2.008994,1.112655,1.149321,7.441133,5.763856,2.841979,1.317185,2.066990,5.845243,3.782446,3.279670,1.362858,0.713835,4.259140,3.221081,2.707611,1.623720,9.455679,11.424036,10.026005,5.081939,1.993148,3.588153,7.877140,8.495755,5.114741,2.038496,3.711753,8.188256,10.663055,4.043155,1.973991,2.682979,6.583571,8.917249,4.784614,1.903773
1676060279.761699,1676060279.762060,63.000000,0.000000,4306.666504,4271.666504,4286.282227,4301.538574,4283.333496,4299.743652,4279.615234,4308.461426,4289.743652,4276.025879,4431.922852,4488.717773,4384.102539,4410.512695,0.000000,4.000000,85.000000,,,,0.000000,4.000000,4.000000,4.000000,4.000000,4.000000,4.000000,4.000000,4.000000,4.000000,4.000000,4.000000,4.000000,4.000000,4.000000,100.000000,,,,,,,,,,,,,,,,,,,,,,,,,,,,,,,,,,,,,,,,,,,,,,,,,,,,,,,,,,,,,,,,,,,,,,,,,,,,,,,,,,,,,,
1676060279.769507,1676060279.769868,64.000000,0.000000,4303.077148,4269.358887,4286.922852,4300.256348,4277.563965,4302.948730,4281.025879,4307.563965,4290.641113,4278.589844,4432.692383,4488.846191,4387.692383,4413.846191,2533.000000,4.000000,85.000000,,,,0.000000,4.000000,4.000000,4.000000,4.000000,4.000000,4.000000,4.000000,4.000000,4.000000,4.000000,4.000000,4.000000,4.000000,4.000000,100.000000,,,,,,,,,,,,,,,,,,,,,,,,,,,,,,,,,,,,,,,,,,,,,,,,,,,,,,,,,,,,,,,,,,,,,,,,,,,,,,,,,,,,,,
1676060279.777316,1676060279.777777,65.000000,0.000000,4312.563965,4284.487305,4299.743652,4308.589844,4283.333496,4320.000000,4291.025879,4318.461426,4296.666504,4283.077148,4445.256348,4494.230957,4398.461426,4426.666504,2479.000000,4.000000,85.000000,,,,0.000000,4.000000,4.000000,4.000000,4.000000,4.000000,4.000000,4.000000,4.000000,4.000000,4.000000,4.000000,4.000000,4.000000,4.000000,100.000000,,,,,,,,,,,,,,,,,,,,,,,,,,,,,,,,,,,,,,,,,,,,,,,,,,,,,,,,,,,,,,,,,,,,,,,,,,,,,,,,,,,,,,
1676060279.785124,1676060279.785585,66.000000,0.000000,4310.000000,4271.922852,4297.820313,4298.205078,4280.384766,4319.615234,4286.410156,4320.256348,4296.538574,4280.128418,4443.077148,4492.948730,4389.102539,4415.641113,2411.000000,4.000000,85.000000,,,,0.000000,4.000000,4.000000,4.000000,4.000000,4.000000,4.000000,4.000000,4.000000,4.000000,4.000000,4.000000,4.000000,4.000000,4.000000,100.000000,,,,,,,,,,,,,,,,,,,,,,,,,,,,,,,,,,,,,,,,,,,,,,,,,,,,,,,,,,,,,,,,,,,,,,,,,,,,,,,,,,,,,,
1676060279.792932,1676060279.793494,67.000000,0.000000,4299.615234,4261.410156,4290.641113,4291.282227,4268.717773,4309.871582,4278.461426,4311.922852,4288.589844,4275.641113,4437.179688,4492.692383,4382.307617,4411.025879,2466.000000,4.000000,85.000000,,,,0.000000,4.000000,4.000000,4.000000,4.000000,4.000000,4.000000,4.000000,4.000000,4.000000,4.000000,4.000000,4.000000,4.000000,4.000000,100.000000,,,,,,,,,,,,,,,,,,,,,,,,,,,,,,,,,,,,,,,,,,,,,,,,,,,,,,,,,,,,,,,,,,,,,,,,,,,,,,,,,,,,,,
1676060279.800741,1676060279.801302,68.000000,0.000000,4299.102539,4268.461426,4289.358887,4295.512695,4264.230957,4308.461426,4279.230957,4308.077148,4282.692383,4268.333496,4433.205078,4489.871582,4384.102539,4414.358887,2443.000000,4.000000,85.000000,,,,0.000000,4.000000,4.000000,4.000000,4.000000,4.000000,4.000000,4.000000,4.000000,4.000000,4.000000,4.000000,4.000000,4.000000,4.000000,100.000000,,,,,,,,,,,,,,,,,,,,,,,,,,,,,,,,,,,,,,,,,,,,,,,,,,,,,,,,,,,,,,,,,,,,,,,,,,,,,,,,,,,,,,
1676060279.808549,1676060279.809210,69.000000,0.000000,4297.179688,4251.922852,4284.743652,4287.051270,4268.333496,4307.820313,4280.384766,4304.743652,4274.230957,4246.025879,4412.563965,4471.666504,4360.000000,4392.820313,2378.000000,4.000000,85.000000,,,,0.000000,4.000000,4.000000,4.000000,4.000000,4.000000,4.000000,4.000000,4.000000,4.000000,4.000000,4.000000,4.000000,4.000000,4.000000,100.000000,,,,,,,,,,,,,,,,,,,,,,,,,,,,,,,,,,,,,,,,,,,,,,,,,,,,,,,,,,,,,,,,,,,,,,,,,,,,,,,,,,,,,,
1676060279.816358,1676060279.817019,70.000000,0.000000,4307.051270,4256.922852,4300.769043,4298.974121,4285.000000,4312.563965,4292.051270,4311.922852,4285.769043,4257.820313,4428.077148,4485.128418,4371.410156,4405.256348,2227.000000,4.000000,85.000000,,,,0.000000,4.000000,4.000000,4.000000,4.000000,4.000000,4.000000,4.000000,4.000000,4.000000,4.000000,4.000000,4.000000,4.000000,4.000000,100.000000,,,,,,,,,,,,,,,,,,,,,,,,,,,,,,,,,,,,,,,,,,,,,,,,,,,,,,,,,,,,,,,,,,,,,,,,,,,,,,,,,,,,,,
1676060279.824166,1676060279.824927,71.000000,0.000000,4324.487305,4288.846191,4323.717773,4322.820313,4297.307617,4319.102539,4304.358887,4323.205078,4305.256348,4296.538574,4472.820313,4519.487305,4424.871582,4452.436035,2229.000000,4.000000,85.000000,,,,0.000000,4.000000,4.000000,4.000000,4.000000,4.000000,4.000000,4.000000,4.000000,4.000000,4.000000,4.000000,4.000000,4.000000,4.000000,100.000000,,,,,,,,,,,,,,,,,,,,,,,,,,,,,,,,,,,,,,,,,,,,,,,,,,,,,,,,,,,,,,,,,,,,,,,,,,,,,,,,,,,,,,
1676060279.831974,1676060279.832736,72.000000,0.000000,4318.077148,4272.307617,4310.641113,4307.179688,4288.461426,4314.615234,4293.205078,4314.230957,4293.077148,4293.077148,4467.051270,4506.922852,4426.922852,4449.230957,2284.000000,4.000000,85.000000,,,,0.000000,4.000000,4.000000,4.000000,4.000000,4.000000,4.000000,4.000000,4.000000,4.000000,4.000000,4.000000,4.000000,4.000000,4.000000,100.000000,,,,,,,,,,,,,,,,,,,,,,,,,,,,,,,,,,,,,,,,,,,,,,,,,,,,,,,,,,,,,,,,,,,,,,,,,,,,,,,,,,,,,,
1676060279.839783,1676060279.840444,73.000000,0.000000,4307.563965,4239.615234,4291.922852,4287.692383,4279.230957,4308.589844,4278.333496,4302.051270,4278.589844,4274.230957,4437.820313,4484.102539,4400.641113,4422.436035,2254.000000,4.000000,85.000000,,,,0.000000,4.000000,4.000000,4.000000,4.000000,4.000000,4.000000,4.000000,4.000000,4.000000,4.000000,4.000000,4.000000,4.000000,4.000000,100.000000,,,,,,,,,,,,,,,,,,,,,,,,,,,,,,,,,,,,,,,,,,,,,,,,,,,,,,,,,,,,,,,,,,,,,,,,,,,,,,,,,,,,,,
1676060279.847591,1676060279.848253,74.000000,0.000000,4314.230957,4248.717773,4298.333496,4296.922852,4283.077148,4308.846191,4281.153809,4304.102539,4287.692383,4279.871582,4444.743652,4492.179688,4409.230957,4428.205078,2742.000000,4.000000,85.000000,,,,0.000000,4.000000,4.000000,4.000000,4.000000,4.000000,4.000000,4.000000,4.000000,4.000000,4.000000,4.000000,4.000000,4.000000,4.000000,100.000000,,,,,,,,,,,,,,,,,,,,,,,,,,,,,,,,,,,,,,,,,,,,,,,,,,,,,,,,,,,,,,,,,,,,,,,,,,,,,,,,,,,,,,
1676060279.855399,1676060279.855961,75.000000,0.000000,4303.846191,4250.000000,4295.128418,4295.512695,4283.077148,4307.692383,4281.538574,4296.282227,4282.948730,4271.538574,4447.051270,4480.384766,4401.538574,4419.358887,2917.000000,4.000000,85.000000,,,,0.000000,4.000000,4.000000,4.000000,4.000000,4.000000,4.000000,4.000000,4.000000,4.000000,4.000000,4.000000,4.000000,4.000000,4.000000,100.000000,,,,,,,,,,,,,,,,,,,,,,,,,,,,,,,,,,,,,,,,,,,,,,,,,,,,,,,,,,,,,,,,,,,,,,,,,,,,,,,,,,,,,,
1676060279.863208,1676060279.863869,76.000000,0.000000,4293.461426,4239.615234,4291.282227,4289.358887,4281.794922,4306.410156,4282.948730,4292.051270,4273.589844,4256.666504,4436.538574,4466.666504,4376.794922,4399.743652,3139.000000,4.000000,85.000000,,,,0.000000,4.000000,4.000000,4.000000,4.000000,4.000000,4.000000,4.000000,4.000000,4.000000,4.000000,4.000000,4.000000,4.000000,4.000000,100.000000,,,,,,,,,,,,,,,,,,,,,,,,,,,,,,,,,,,,,,,,,,,,,,,,,,,,,,,,,,,,,,,,,,,,,,,,,,,,,,,,,,,,,,
1676060279.871016,1676060279.871678,77.000000,0.000000,4310.512695,4258.461426,4308.589844,4303.846191,4288.333496,4306.282227,4289.871582,4304.230957,4282.948730,4263.205078,4454.102539,4487.179688,4390.641113,4414.615234,3248.000000,4.000000,85.000000,,,,0.000000,4.000000,4.000000,4.000000,4.000000,4.000000,4.000000,4.000000,4.000000,4.000000,4.000000,4.000000,4.000000,4.000000,4.000000,100.000000,,,,,,,,,,,,,,,,,,,,,,,,,,,,,,,,,,,,,,,,,,,,,,,,,,,,,,,,,,,,,,,,,,,,,,,,,,,,,,,,,,,,,,
1676060279.878825,1676060279.879586,78.000000,0.000000,4304.871582,4258.333496,4304.871582,4298.717773,4281.410156,4296.410156,4274.358887,4294.615234,4270.641113,4252.179688,4459.102539,4477.051270,4393.846191,4413.846191,2742.000000,4.000000,85.000000,,,,0.000000,4.000000,4.000000,4.000000,4.000000,4.000000,4.000000,4.000000,4.000000,4.000000,4.000000,4.000000,4.000000,4.000000,4.000000,100.000000,1.000000,25.000000,4.000000,4.000000,1.000000,4.000000,4.000000,4.000000,3.000000,3.000000,4.000000,3.000000,1.000000,1.000000,3.000000,3.000000,2.297996,2.435737,4.290977,2.818926,1.228677,6.877087,6.081063,3.148570,3.123879,1.308912,2.593237,3.116841,4.549561,3.282067,1.292602,4.910187,4.057234,3.399808,2.676269,1.119557,1.175514,1.522495,1.477315,1.361193,0.694512,0.935177,1.243623,1.666655,1.226001,0.665960,1.031075,3.925718,4.909352,2.027621,1.071811,1.135922,6.238234,5.583349,2.933159,1.262573,1.627002,4.734328,3.711319,3.297282,1.310745,0.596921,3.997929,3.198539,2.673196,1.564480,8.698993,10.908854,9.475388,4.891479,1.925047,3.111347,6.754460,7.874509,5.092380,1.958601,3.407410,8.281612,9.746422,3.995721,1.854314,2.270810,6.403436,8.072606,4.605606,1.809106
1676060279.886633,1676060279.887395,79.000000,0.000000,4290.769043,4243.333496,4290.769043,4286.410156,4272.307617,4289.230957,4263.077148,4282.563965,4258.846191,4248.717773,4457.948730,4456.538574,4379.615234,4400.769043,2917.000000,4.000000,85.000000,,,,0.000000,4.000000,4.000000,4.000000,4.000000,4.000000,4.000000,4.000000,4.000000,4.000000,4.000000,4.000000,4.000000,4.000000,4.000000,100.000000,,,,,,,,,,,,,,,,,,,,,,,,,,,,,,,,,,,,,,,,,,,,,,,,,,,,,,,,,,,,,,,,,,,,,,,,,,,,,,,,,,,,,,
1676060279.894441,1676060279.895303,80.000000,0.000000,4317.820313,4268.589844,4311.025879,4307.563965,4284.487305,4303.461426,4285.897461,4305.641113,4282.051270,4280.128418,4492.436035,4489.487305,4401.410156,4424.743652,3139.000000,4.000000,85.000000,,,,0.000000,4.000000,4.000000,4.000000,4.000000,4.000000,4.000000,4.000000,4.000000,4.000000,4.000000,4.000000,4.000000,4.000000,4.000000,100.000000,,,,,,,,,,,,,,,,,,,,,,,,,,,,,,,,,,,,,,,,,,,,,,,,,,,,,,,,,,,,,,,,,,,,,,,,,,,,,,,,,,,,,,
1676060279.902250,1676060279.903112,81.000000,0.000000,4341.666504,4297.692383,4331.410156,4325.641113,4293.461426,4313.974121,4305.000000,4329.871582,4301.666504,4297.948730,4520.769043,4518.846191,4431.666504,4455.128418,3248.000000,4.000000,85.000000,,,,0.000000,4.000000,4.000000,4.000000,4.000000,4.000000,4.000000,4.000000,4.000000,4.000000,4.000000,4.000000,4.000000,4.000000,4.000000,100.000000,,,,,,,,,,,,,,,,,,,,,,,,,,,,,,,,,,,,,,,,,,,,,,,,,,,,,,,,,,,,,,,,,,,,,,,,,,,,,,,,,,,,,,
1676060279.910058,1676060279.910920,82.000000,0.000000,4335.384766,4291.794922,4325.641113,4317.820313,4287.436035,4302.051270,4298.205078,4325.769043,4305.769043,4295.256348,4523.461426,4511.538574,4439.487305,4461.538574,2742.000000,4.000000,85.000000,,,,0.000000,4.000000,4.000000,4.000000,4.000000,4.000000,4.000000,4.000000,4.000000,4.000000,4.000000,4.000000,4.000000,4.000000,4.000000,100.000000,,,,,,,,,,,,,,,,,,,,,,,,,,,,,,,,,,,,,,,,,,,,,,,,,,,,,,,,,,,,,,,,,,,,,,,,,,,,,,,,,,,,,,
1676060279.917867,1676060279.918629,83.000000,0.000000,4338.205078,4288.717773,4328.589844,4317.820313,4290.897461,4296.025879,4292.051270,4316.666504,4309.358887,4301.794922,4529.487305,4512.051270,4439.871582,4463.589844,2917.000000,4.000000,85.000000,,,,0.000000,4.000000,4.000000,4.000000,4.000000,4.000000,4.000000,4.000000,4.000000,4.000000,4.000000,4.000000,4.000000,4.000000,4.000000,100.000000,,,,,,,,,,,,,,,,,,,,,,,,,,,,,,,,,,,,,,,,,,,,,,,,,,,,,,,,,,,,,,,,,,,,,,,,,,,,,,,,,,,,,,
1676060279.925675,1676060279.926437,84.000000,0.000000,4331.282227,4283.846191,4323.717773,4310.769043,4287.179688,4298.846191,4281.282227,4300.769043,4292.948730,4289.743652,4510.384766,4499.615234,4422.948730,4444.230957,3139.000000,4.000000,85.000000,,,,0.000000,4.000000,4.000000,4.000000,4.000000,4.000000,4.000000,4.000000,4.000000,4.000000,4.000000,4.000000,4.000000,4.000000,4.000000,100.000000,,,,,,,,,,,,,,,,,,,,,,,,,,,,,,,,,,,,,,,,,,,,,,,,,,,,,,,,,,,,,,,,,,,,,,,,,,,,,,,,,,,,,,
1676060279.933483,1676060279.934145,85.000000,0.000000,4299.102539,4255.769043,4293.974121,4280.512695,4266.153809,4291.025879,4266.538574,4282.692383,4268.974121,4256.153809,4465.641113,4464.615234,4394.358887,4406.922852,3248.000000,4.000000,85.000000,,,,0.000000,4.000000,4.000000,4.000000,4.000000,4.000000,4.000000,4.000000,4.000000,4.000000,4.000000,4.000000,4.000000,4.000000,4.000000,100.000000,,,,,,,,,,,,,,,,,,,,,,,,,,,,,,,,,,,,,,,,,,,,,,,,,,,,,,,,,,,,,,,,,,,,,,,,,,,,,,,,,,,,,,
1676060279.941292,1676060279.941954,86.000000,0.000000,4292.692383,4255.000000,4292.563965,4279.230957,4270.769043,4294.615234,4280.384766,4301.538574,4282.692383,4261.922852,4470.256348,4471.538574,4402.948730,4411.794922,2742.000000,4.000000,85.000000,,,,0.000000,4.000000,4.000000,4.000000,4.000000,4.000000,4.000000,4.000000,4.000000,4.000000,4.000000,4.000000,4.000000,4.000000,4.000000,100.000000,,,,,,,,,,,,,,,,,,,,,,,,,,,,,,,,,,,,,,,,,,,,,,,,,,,,,,,,,,,,,,,,,,,,,,,,,,,,,,,,,,,,,,
1676060279.949100,1676060279.949662,87.000000,0.000000,4293.589844,4262.563965,4300.512695,4289.230957,4282.436035,4300.000000,4291.025879,4316.538574,4294.102539,4281.282227,4480.641113,4483.974121,4405.769043,4418.846191,2917.000000,4.000000,85.000000,,,,0.000000,4.000000,4.000000,4.000000,4.000000,4.000000,4.000000,4.000000,4.000000,4.000000,4.000000,4.000000,4.000000,4.000000,4.000000,100.000000,,,,,,,,,,,,,,,,,,,,,,,,,,,,,,,,,,,,,,,,,,,,,,,,,,,,,,,,,,,,,,,,,,,,,,,,,,,,,,,,,,,,,,
1676060279.956909,1676060279.957571,88.000000,0.000000,4268.461426,4235.897461,4276.666504,4265.384766,4263.717773,4285.769043,4273.205078,4293.077148,4274.615234,4261.794922,4441.922852,4450.769043,4369.358887,4381.025879,3139.000000,4.000000,85.000000,,,,0.000000,4.000000,4.000000,4.000000,4.000000,4.000000,4.000000,4.000000,4.000000,4.000000,4.000000,4.000000,4.000000,4.000000,4.000000,100.000000,,,,,,,,,,,,,,,,,,,,,,,,,,,,,,,,,,,,,,,,,,,,,,,,,,,,,,,,,,,,,,,,,,,,,,,,,,,,,,,,,,,,,,
1676060279.964717,1676060279.965379,89.000000,0.000000,4268.333496,4227.692383,4272.051270,4256.666504,4257.563965,4286.794922,4275.769043,4292.179688,4280.512695,4255.256348,4435.128418,4445.769043,4368.717773,4375.641113,3248.000000,4.000000,85.000000,,,,0.000000,4.000000,4.000000,4.000000,4.000000,4.000000,4.000000,4.000000,4.000000,4.000000,4.000000,4.000000,4.000000,4.000000,4.000000,100.000000,,,,,,,,,,,,,,,,,,,,,,,,,,,,,,,,,,,,,,,,,,,,,,,,,,,,,,,,,,,,,,,,,,,,,,,,,,,,,,,,,,,,,,
1676060279.972525,1676060279.973288,90.000000,0.000000,4297.692383,4253.461426,4302.307617,4282.436035,4279.871582,4305.128418,4303.205078,4328.077148,4315.641113,4292.820313,4480.897461,4492.692383,4409.743652,4417.563965,2742.000000,4.000000,85.000000,,,,0.000000,4.000000,4.000000,4.000000,4.000000,4.000000,4.000000,4.000000,4.000000,4.000000,4.000000,4.000000,4.000000,4.000000,4.000000,100.000000,,,,,,,,,,,,,,,,,,,,,,,,,,,,,,,,,,,,,,,,,,,,,,,,,,,,,,,,,,,,,,,,,,,,,,,,,,,,,,,,,,,,,,
1676060279.980334,1676060279.981096,91.000000,0.000000,4287.692383,4253.461426,4302.948730,4280.769043,4277.948730,4300.512695,4300.512695,4328.205078,4312.948730,4291.922852,4483.589844,4496.282227,4407.051270,4415.512695,2917.000000,4.000000,85.000000,,,,0.000000,4.000000,4.000000,4.000000,4.000000,4.000000,4.000000,4.000000,4.000000,4.000000,4.000000,4.000000,4.000000,4.000000,4.000000,100.000000,,,,,,,,,,,,,,,,,,,,,,,,,,,,,,,,,,,,,,,,,,,,,,,,,,,,,,,,,,,,,,,,,,,,,,,,,,,,,,,,,,,,,,
1676060279.988142,1676060279.989004,92.000000,0.000000,4266.410156,4238.077148,4286.153809,4263.077148,4265.512695,4289.743652,4282.948730,4301.025879,4283.846191,4252.436035,4450.769043,4465.512695,4378.974121,4385.256348,3139.000000,4.000000,85.000000,,,,0.000000,4.000000,4.000000,4.000000,4.000000,4.000000,4.000000,4.000000,4.000000,4.000000,4.000000,4.000000,4.000000,4.000000,4.000000,100.000000,,,,,,,,,,,,,,,,,,,,,,,,,,,,,,,,,,,,,,,,,,,,,,,,,,,,,,,,,,,,,,,,,,,,,,,,,,,,,,,,,,,,,,
1676060279.995950,1676060279.996813,93.000000,0.000000,4290.897461,4253.077148,4300.384766,4281.282227,4285.641113,4298.717773,4295.384766,4312.436035,4295.384766,4267.563965,4461.794922,4485.000000,4393.589844,4405.000000,3248.000000,4.000000,85.000000,,,,0.000000,4.000000,4.000000,4.000000,4.000000,4.000000,4.000000,4.000000,4.000000,4.000000,4.000000,4.000000,4.000000,4.000000,4.000000,100.000000,,,,,,,,,,,,,,,,,,,,,,,,,,,,,,,,,,,,,,,,,,,,,,,,,,,,,,,,,,,,,,,,,,,,,,,,,,,,,,,,,,,,,,
1676060280.003759,1676060280.004721,94.000000,0.000000,4293.846191,4251.025879,4295.641113,4283.589844,4300.128418,4291.538574,4292.692383,4315.384766,4303.461426,4289.871582,4463.974121,4491.794922,4393.333496,4412.307617,2742.000000,4.000000,85.000000,,,,0.000000,4.000000,4.000000,4.000000,4.000000,4.000000,4.000000,4.000000,4.000000,4.000000,4.000000,4.000000,4.000000,4.000000,4.000000,100.000000,,,,,,,,,,,,,,,,,2.000745,2.133183,4.042897,2.602688,1.162948,5.974615,5.386068,2.993270,2.886159,1.281986,2.670221,2.293577,3.998412,2.922355,1.200009,4.508367,3.496537,3.031001,2.469486,1.094103,1.109961,1.519675,1.256137,1.213785,0.729672,0.813033,1.088433,1.445363,1.077139,0.640818,1.046179,3.188754,4.350767,1.940881,1.022137,1.097658,5.031982,5.325099,2.876653,1.212528,1.166566,3.810804,3.678960,3.139476,1.237920,0.484224,3.905134,3.201000,2.602149,1.485566,8.605875,10.260838,8.788674,4.482179,1.859181,2.690553,5.577590,7.190347,4.795892,1.879969,3.104863,8.461612,8.595874,3.777516,1.718084,1.907071,6.274936,7.249080,4.208758,1.689356
1676060280.011567,1676060280.012530,95.000000,0.000000,4261.794922,4229.615234,4267.307617,4257.179688,4316.153809,4276.794922,4270.000000,4286.410156,4275.128418,4269.743652,4436.282227,4454.102539,4366.538574,4382.820313,2917.000000,4.000000,85.000000,,,,0.000000,4.000000,4.000000,4.000000,4.000000,4.000000,4.000000,4.000000,4.000000,4.000000,4.000000,4.000000,4.000000,4.000000,4.000000,100.000000,,,,,,,,,,,,,,,,,,,,,,,,,,,,,,,,,,,,,,,,,,,,,,,,,,,,,,,,,,,,,,,,,,,,,,,,,,,,,,,,,,,,,,
1676060280.019376,1676060280.020238,96.000000,0.000000,4277.563965,4248.333496,4284.615234,4268.077148,4381.410156,4296.666504,4285.512695,4295.512695,4282.307617,4273.589844,4461.025879,4468.717773,4388.077148,4401.282227,3139.000000,4.000000,85.000000,,,,0.000000,4.000000,4.000000,4.000000,4.000000,4.000000,4.000000,4.000000,4.000000,4.000000,4.000000,4.000000,4.000000,4.000000,4.000000,100.000000,,,,,,,,,,,,,,,,,,,,,,,,,,,,,,,,,,,,,,,,,,,,,,,,,,,,,,,,,,,,,,,,,,,,,,,,,,,,,,,,,,,,,,
1676060280.027184,1676060280.028047,97.000000,0.000000,4316.666504,4278.077148,4317.307617,4296.666504,4441.153809,4315.641113,4309.358887,4323.974121,4313.846191,4297.436035,4503.461426,4509.102539,4421.025879,4440.769043,3248.000000,4.000000,85.000000,,,,0.000000,4.000000,4.000000,4.000000,4.000000,4.000000,4.000000,4.000000,4.000000,4.000000,4.000000,4.000000,4.000000,4.000000,4.000000,100.000000,,,,,,,,,,,,,,,,,,,,,,,,,,,,,,,,,,,,,,,,,,,,,,,,,,,,,,,,,,,,,,,,,,,,,,,,,,,,,,,,,,,,,,
1676060280.034992,1676060280.035755,98.000000,0.000000,4298.205078,4258.333496,4294.487305,4280.256348,4431.025879,4301.282227,4286.410156,4303.077148,4293.461426,4276.410156,4475.769043,4478.589844,4392.436035,4414.230957,2742.000000,4.000000,85.000000,,,,0.000000,4.000000,4.000000,4.000000,4.000000,4.000000,4.000000,4.000000,4.000000,4.000000,4.000000,4.000000,4.000000,4.000000,4.000000,100.000000,,,,,,,,,,,,,,,,,,,,,,,,,,,,,,,,,,,,,,,,,,,,,,,,,,,,,,,,,,,,,,,,,,,,,,,,,,,,,,,,,,,,,,
1676060280.042801,1676060280.043564,99.000000,0.000000,4272.820313,4238.205078,4271.794922,4261.282227,4409.230957,4297.051270,4267.692383,4283.461426,4271.025879,4252.307617,4451.025879,4445.641113,4365.641113,4384.102539,2917.000000,4.000000,85.000000,,,,0.000000,4.000000,4.000000,4.000000,4.000000,4.000000,4.000000,4.000000,4.000000,4.000000,4.000000,4.000000,4.000000,4.000000,4.000000,100.000000,,,,,,,,,,,,,,,,,,,,,,,,,,,,,,,,,,,,,,,,,,,,,,,,,,,,,,,,,,,,,,,,,,,,,,,,,,,,,,,,,,,,,,
1676060280.050609,1676060280.051272,100.000000,0.000000,4303.333496,4271.153809,4302.436035,4286.922852,4419.102539,4314.487305,4297.179688,4320.000000,4304.358887,4276.794922,4496.794922,4483.077148,4400.897461,4423.077148,3139.000000,4.000000,85.000000,,,,0.000000,4.000000,4.000000,4.000000,4.000000,4.000000,4.000000,4.000000,4.000000,4.000000,4.000000,4.000000,4.000000,4.000000,4.000000,100.000000,,,,,,,,,,,,,,,,,,,,,,,,,,,,,,,,,,,,,,,,,,,,,,,,,,,,,,,,,,,,,,,,,,,,,,,,,,,,,,,,,,,,,,
1676060280.058417,1676060280.059081,101.000000,0.000000,4314.743652,4280.512695,4307.436035,4294.871582,4405.512695,4306.282227,4302.563965,4330.769043,4313.846191,4290.000000,4510.256348,4493.974121,4416.666504,4439.358887,3248.000000,4.000000,85.000000,,,,0.000000,4.000000,4.000000,4.000000,4.000000,4.000000,4.000000,4.000000,4.000000,4.000000,4.000000,4.000000,4.000000,4.000000,4.000000,100.000000,,,,,,,,,,,,,,,,,,,,,,,,,,,,,,,,,,,,,,,,,,,,,,,,,,,,,,,,,,,,,,,,,,,,,,,,,,,,,,,,,,,,,,
1676060280.066226,1676060280.066789,102.000000,0.000000,4274.743652,4233.333496,4260.769043,4258.589844,4366.410156,4284.230957,4265.000000,4285.769043,4272.179688,4262.563965,4454.102539,4441.025879,4371.025879,4387.051270,2742.000000,4.000000,85.000000,,,,0.000000,4.000000,4.000000,4.000000,4.000000,4.000000,4.000000,4.000000,4.000000,4.000000,4.000000,4.000000,4.000000,4.000000,4.000000,100.000000,,,,,,,,,,,,,,,,,,,,,,,,,,,,,,,,,,,,,,,,,,,,,,,,,,,,,,,,,,,,,,,,,,,,,,,,,,,,,,,,,,,,,,
1676060280.074034,1676060280.074598,103.000000,0.000000,4271.922852,4231.794922,4260.128418,4256.025879,4362.820313,4289.743652,4263.205078,4280.897461,4273.205078,4256.410156,4445.000000,4437.179688,4359.230957,4376.153809,2917.000000,4.000000,85.000000,,,,0.000000,4.000000,4.000000,4.000000,4.000000,4.000000,4.000000,4.000000,4.000000,4.000000,4.000000,4.000000,4.000000,4.000000,4.000000,100.000000,,,,,,,,,,,,,,,,,,,,,,,,,,,,,,,,,,,,,,,,,,,,,,,,,,,,,,,,,,,,,,,,,,,,,,,,,,,,,,,,,,,,,,
1676060280.081843,1676060280.082306,104.000000,0.000000,4310.256348,4277.436035,4303.846191,4290.256348,4378.717773,4303.333496,4294.230957,4318.205078,4310.128418,4290.384766,4490.000000,4484.487305,4404.102539,4422.692383,3139.000000,4.000000,85.000000,,,,0.000000,4.000000,4.000000,4.000000,4.000000,4.000000,4.000000,4.000000,4.000000,4.000000,4.000000,4.000000,4.000000,4.000000,4.000000,100.000000,,,,,,,,,,,,,,,,,,,,,,,,,,,,,,,,,,,,,,,,,,,,,,,,,,,,,,,,,,,,,,,,,,,,,,,,,,,,,,,,,,,,,,
1676060280.089651,1676060280.090115,105.000000,0.000000,4316.410156,4281.538574,4308.589844,4293.974121,4371.666504,4304.743652,4299.358887,4318.974121,4308.717773,4301.666504,4491.666504,4488.974121,4416.282227,4432.307617,3248.000000,4.000000,85.000000,,,,0.000000,4.000000,4.000000,4.000000,4.000000,4.000000,4.000000,4.000000,4.000000,4.000000,4.000000,4.000000,4.000000,4.000000,4.000000,100.000000,,,,,,,,,,,,,,,,,,,,,,,,,,,,,,,,,,,,,,,,,,,,,,,,,,,,,,,,,,,,,,,,,,,,,,,,,,,,,,,,,,,,,,
1676060280.097459,1676060280.097823,106.000000,0.000000,4303.974121,4268.461426,4297.051270,4287.563965,4364.358887,4308.974121,4294.230957,4305.897461,4298.846191,4284.230957,4473.717773,4478.717773,4397.307617,4419.487305,2742.000000,4.000000,85.000000,,,,0.000000,4.000000,4.000000,4.000000,4.000000,4.000000,4.000000,4.000000,4.000000,4.000000,4.000000,4.000000,4.000000,4.000000,4.000000,100.000000,,,,,,,,,,,,,,,,,,,,,,,,,,,,,,,,,,,,,,,,,,,,,,,,,,,,,,,,,,,,,,,,,,,,,,,,,,,,,,,,,,,,,,
1676060280.105268,1676060280.105632,107.000000,0.000000,4301.538574,4271.410156,4300.897461,4293.589844,4362.179688,4307.179688,4294.358887,4310.384766,4303.077148,4277.179688,4478.077148,4485.000000,4396.538574,4423.077148,2917.000000,4.000000,85.000000,,,,0.000000,4.000000,4.000000,4.000000,4.000000,4.000000,4.000000,4.000000,4.000000,4.000000,4.000000,4.000000,4.000000,4.000000,4.000000,100.000000,,,,,,,,,,,,,,,,,,,,,,,,,,,,,,,,,,,,,,,,,,,,,,,,,,,,,,,,,,,,,,,,,,,,,,,,,,,,,,,,,,,,,,
1676060280.113076,1676060280.113340,108.000000,0.000000,4289.743652,4258.589844,4292.692383,4281.025879,4345.641113,4292.692383,4279.615234,4297.307617,4282.307617,4266.282227,4465.256348,4466.794922,4388.589844,4409.743652,3139.000000,4.000000,85.000000,,,,0.000000,4.000000,4.000000,4.000000,4.000000,4.000000,4.000000,4.000000,4.000000,4.000000,4.000000,4.000000,4.000000,4.000000,4.000000,100.000000,,,,,,,,,,,,,,,,,,,,,,,,,,,,,,,,,,,,,,,,,,,,,,,,,,,,,,,,,,,,,,,,,,,,,,,,,,,,,,,,,,,,,,
1676060280.120885,1676060280.121149,109.000000,0.000000,4294.358887,4254.230957,4298.077148,4276.410156,4341.410156,4291.538574,4278.846191,4295.256348,4276.153809,4266.922852,4461.025879,4467.051270,4385.256348,4409.102539,3248.000000,4.000000,85.000000,,,,0.000000,4.000000,4.000000,4.000000,4.000000,4.000000,4.000000,4.000000,4.000000,4.000000,4.000000,4.000000,4.000000,4.000000,4.000000,100.000000,,,,,,,,,,,,,,,,,,,,,,,,,,,,,,,,,,,,,,,,,,,,,,,,,,,,,,,,,,,,,,,,,,,,,,,,,,,,,,,,,,,,,,
1676060280.128693,1676060280.128857,110.000000,0.000000,4311.410156,4268.846191,4316.025879,4287.948730,4347.051270,4295.256348,4296.025879,4318.461426,4301.922852,4291.025879,4477.692383,4494.487305,4400.000000,4433.205078,2742.000000,4.000000,85.000000,,,,0.000000,4.000000,4.000000,4.000000,4.000000,4.000000,4.000000,4.000000,4.000000,4.000000,4.000000,4.000000,4.000000,4.000000,4.000000,100.000000,,,,,,,,,,,,,,,,,1.836157,1.994608,4.000109,2.346436,1.122172,4.865543,4.418320,2.950937,2.622045,1.287833,2.982772,1.848989,3.790847,2.528938,1.152477,4.056440,2.911019,2.787907,2.243365,1.090495,1.089002,1.692362,1.134191,1.036588,0.769578,0.774615,1.061890,1.257558,0.896443,0.608449,1.080130,2.638448,3.790528,1.774594,0.988686,1.052825,4.183389,5.112584,2.687568,1.190447,0.824953,3.363907,3.743291,2.870743,1.169005,0.414663,4.077872,3.315368,2.520418,1.400967,8.916276,9.748088,8.291862,3.977931,1.841763,2.486152,4.759313,6.811767,4.311818,1.849384,2.893735,8.688026,7.646601,3.455724,1.616555,1.677106,6.270830,6.761138,3.697330,1.598978
1676060280.136501,1676060280.136766,111.000000,0.000000,4301.282227,4262.179688,4301.922852,4280.512695,4335.769043,4282.563965,4287.692383,4312.820313,4294.102539,4287.051270,4462.307617,4479.487305,4390.384766,4423.205078,2917.000000,4.000000,85.000000,,,,0.000000,4.000000,4.000000,4.000000,4.000000,4.000000,4.000000,4.000000,4.000000,4.000000,4.000000,4.000000,4.000000,4.000000,4.000000,100.000000,,,,,,,,,,,,,,,,,,,,,,,,,,,,,,,,,,,,,,,,,,,,,,,,,,,,,,,,,,,,,,,,,,,,,,,,,,,,,,,,,,,,,,
1676060280.144310,1676060280.144574,112.000000,0.000000,4298.589844,4260.512695,4300.000000,4281.153809,4334.743652,4283.461426,4282.948730,4306.922852,4281.282227,4271.538574,4455.256348,4468.589844,4382.948730,4413.077148,3139.000000,4.000000,85.000000,,,,0.000000,4.000000,4.000000,4.000000,4.000000,4.000000,4.000000,4.000000,4.000000,4.000000,4.000000,4.000000,4.000000,4.000000,4.000000,100.000000,,,,,,,,,,,,,,,,,,,,,,,,,,,,,,,,,,,,,,,,,,,,,,,,,,,,,,,,,,,,,,,,,,,,,,,,,,,,,,,,,,,,,,
1676060280.152118,1676060280.152382,113.000000,0.000000,4311.025879,4271.538574,4323.717773,4295.000000,4347.307617,4302.179688,4300.384766,4327.436035,4306.025879,4287.436035,4481.153809,4495.512695,4402.948730,4432.179688,3248.000000,4.000000,85.000000,,,,0.000000,4.000000,4.000000,4.000000,4.000000,4.000000,4.000000,4.000000,4.000000,4.000000,4.000000,4.000000,4.000000,4.000000,4.000000,100.000000,,,,,,,,,,,,,,,,,,,,,,,,,,,,,,,,,,,,,,,,,,,,,,,,,,,,,,,,,,,,,,,,,,,,,,,,,,,,,,,,,,,,,,
1676060280.159927,1676060280.160091,114.000000,0.000000,4300.897461,4261.922852,4313.461426,4288.846191,4338.589844,4300.256348,4296.025879,4319.487305,4306.922852,4298.205078,4470.897461,4486.410156,4398.333496,4424.615234,2742.000000,4.000000,85.000000,,,,0.000000,4.000000,4.000000,4.000000,4.000000,4.000000,4.000000,4.000000,4.000000,4.000000,4.000000,4.000000,4.000000,4.000000,4.000000,100.000000,,,,,,,,,,,,,,,,,,,,,,,,,,,,,,,,,,,,,,,,,,,,,,,,,,,,,,,,,,,,,,,,,,,,,,,,,,,,,,,,,,,,,,
1676060280.167735,1676060280.167999,115.000000,0.000000,4289.358887,4263.717773,4284.871582,4290.512695,4329.615234,4286.794922,4277.179688,4291.282227,4280.000000,4277.563965,4436.538574,4450.512695,4370.641113,4400.000000,2917.000000,4.000000,85.000000,,,,0.000000,4.000000,4.000000,4.000000,4.000000,4.000000,4.000000,4.000000,4.000000,4.000000,4.000000,4.000000,4.000000,4.000000,4.000000,100.000000,,,,,,,,,,,,,,,,,,,,,,,,,,,,,,,,,,,,,,,,,,,,,,,,,,,,,,,,,,,,,,,,,,,,,,,,,,,,,,,,,,,,,,
1676060280.175543,1676060280.175808,116.000000,0.000000,4286.538574,4295.512695,4277.692383,4309.487305,4336.282227,4288.589844,4274.743652,4287.692383,4275.000000,4260.384766,4422.051270,4443.205078,4353.846191,4387.179688,3139.000000,4.000000,85.000000,,,,0.000000,4.000000,4.000000,4.000000,4.000000,4.000000,4.000000,4.000000,4.000000,4.000000,4.000000,4.000000,4.000000,4.000000,4.000000,100.000000,,,,,,,,,,,,,,,,,,,,,,,,,,,,,,,,,,,,,,,,,,,,,,,,,,,,,,,,,,,,,,,,,,,,,,,,,,,,,,,,,,,,,,
1676060280.183352,1676060280.183716,117.000000,0.000000,4279.615234,4338.846191,4285.000000,4326.025879,4337.051270,4297.051270,4282.179688,4295.384766,4282.307617,4263.205078,4413.077148,4456.410156,4341.922852,4379.102539,3248.000000,4.000000,85.000000,,,,0.000000,4.000000,4.000000,4.000000,4.000000,4.000000,4.000000,4.000000,4.000000,4.000000,4.000000,4.000000,4.000000,4.000000,4.000000,100.000000,,,,,,,,,,,,,,,,,,,,,,,,,,,,,,,,,,,,,,,,,,,,,,,,,,,,,,,,,,,,,,,,,,,,,,,,,,,,,,,,,,,,,,
1676060280.191160,1676060280.191525,118.000000,0.000000,4282.179688,4382.563965,4292.948730,4347.179688,4335.128418,4299.743652,4285.641113,4299.487305,4282.179688,4271.025879,4403.077148,4464.102539,4325.384766,4378.846191,2742.000000,4.000000,85.000000,,,,0.000000,4.000000,4.000000,4.000000,4.000000,4.000000,4.000000,4.000000,4.000000,4.000000,4.000000,4.000000,4.000000,4.000000,4.000000,100.000000,,,,,,,,,,,,,,,,,,,,,,,,,,,,,,,,,,,,,,,,,,,,,,,,,,,,,,,,,,,,,,,,,,,,,,,,,,,,,,,,,,,,,,
1676060280.198969,1676060280.199433,119.000000,0.000000,4276.538574,4406.282227,4284.487305,4360.384766,4334.743652,4293.333496,4275.384766,4290.256348,4271.025879,4260.000000,4372.692383,4444.230957,4287.179688,4360.512695,2917.000000,4.000000,85.000000,,,,0.000000,4.000000,4.000000,4.000000,4.000000,4.000000,4.000000,4.000000,4.000000,4.000000,4.000000,4.000000,4.000000,4.000000,4.000000,100.000000,,,,,,,,,,,,,,,,,,,,,,,,,,,,,,,,,,,,,,,,,,,,,,,,,,,,,,,,,,,,,,,,,,,,,,,,,,,,,,,,,,,,,,
1676060280.206777,1676060280.207241,120.000000,0.000000,4259.487305,4425.384766,4271.922852,4365.000000,4335.641113,4290.128418,4266.538574,4275.256348,4256.025879,4243.589844,4336.794922,4424.358887,4247.051270,4326.153809,3139.000000,4.000000,85.000000,,,,0.000000,4.000000,4.000000,4.000000,4.000000,4.000000,4.000000,4.000000,4.000000,4.000000,4.000000,4.000000,4.000000,4.000000,4.000000,100.000000,,,,,,,,,,,,,,,,,,,,,,,,,,,,,,,,,,,,,,,,,,,,,,,,,,,,,,,,,,,,,,,,,,,,,,,,,,,,,,,,,,,,,,
1676060280.214585,1676060280.215150,121.000000,0.000000,4271.794922,4464.487305,4290.000000,4386.922852,4346.410156,4299.871582,4280.897461,4281.922852,4264.102539,4248.333496,4342.692383,4443.589844,4251.538574,4330.897461,3248.000000,4.000000,85.000000,,,,0.000000,4.000000,4.000000,4.000000,4.000000,4.000000,4.000000,4.000000,4.000000,4.000000,4.000000,4.000000,4.000000,4.000000,4.000000,100.000000,,,,,,,,,,,,,,,,,,,,,,,,,,,,,,,,,,,,,,,,,,,,,,,,,,,,,,,,,,,,,,,,,,,,,,,,,,,,,,,,,,,,,,
1676060280.222394,1676060280.222958,122.000000,0.000000,4280.128418,4474.487305,4301.025879,4394.487305,4346.153809,4303.974121,4285.769043,4289.102539,4268.589844,4241.922852,4345.384766,4450.384766,4250.256348,4338.974121,2742.000000,4.000000,85.000000,,,,0.000000,4.000000,4.000000,4.000000,4.000000,4.000000,4.000000,4.000000,4.000000,4.000000,4.000000,4.000000,4.000000,4.000000,4.000000,100.000000,,,,,,,,,,,,,,,,,,,,,,,,,,,,,,,,,,,,,,,,,,,,,,,,,,,,,,,,,,,,,,,,,,,,,,,,,,,,,,,,,,,,,,
1676060280.230202,1676060280.230667,123.000000,0.000000,4259.615234,4444.871582,4283.717773,4374.487305,4328.846191,4291.794922,4264.615234,4272.563965,4244.487305,4219.487305,4319.230957,4427.820313,4223.205078,4316.538574,2917.000000,4.000000,85.000000,,,,0.000000,4.000000,4.000000,4.000000,4.000000,4.000000,4.000000,4.000000,4.000000,4.000000,4.000000,4.000000,4.000000,4.000000,4.000000,100.000000,,,,,,,,,,,,,,,,,,,,,,,,,,,,,,,,,,,,,,,,,,,,,,,,,,,,,,,,,,,,,,,,,,,,,,,,,,,,,,,,,,,,,,
1676060280.238010,1676060280.238475,124.000000,0.000000,4260.128418,4442.692383,4286.025879,4373.077148,4328.077148,4288.974121,4265.000000,4273.205078,4241.922852,4230.000000,4327.307617,4439.102539,4233.846191,4324.743652,3139.000000,4.000000,85.000000,,,,0.000000,4.000000,4.000000,4.000000,4.000000,4.000000,4.000000,4.000000,4.000000,4.000000,4.000000,4.000000,4.000000,4.000000,4.000000,100.000000,,,,,,,,,,,,,,,,,,,,,,,,,,,,,,,,,,,,,,,,,,,,,,,,,,,,,,,,,,,,,,,,,,,,,,,,,,,,,,,,,,,,,,
1676060280.245819,1676060280.246184,125.000000,0.000000,4281.666504,4465.128418,4310.256348,4390.897461,4344.487305,4304.230957,4293.077148,4303.077148,4278.333496,4261.794922,4365.128418,4477.820313,4265.769043,4360.897461,3248.000000,4.000000,85.000000,,,,0.000000,4.000000,4.000000,4.000000,4.000000,4.000000,4.000000,4.000000,4.000000,4.000000,4.000000,4.000000,4.000000,4.000000,4.000000,100.000000,,,,,,,,,,,,,,,,,,,,,,,,,,,,,,,,,,,,,,,,,,,,,,,,,,,,,,,,,,,,,,,,,,,,,,,,,,,,,,,,,,,,,,
1676060280.253627,1676060280.253992,126.000000,0.000000,4287.692383,4460.769043,4316.794922,4393.077148,4345.384766,4309.102539,4301.410156,4314.487305,4296.025879,4276.410156,4375.512695,4485.512695,4271.794922,4367.820313,2742.000000,4.000000,85.000000,,,,0.000000,4.000000,4.000000,4.000000,4.000000,4.000000,4.000000,4.000000,4.000000,4.000000,4.000000,4.000000,4.000000,4.000000,4.000000,100.000000,,,,,,,,,,,,,,,,,1.904515,2.011521,4.141707,2.102921,1.124418,3.877470,3.430879,2.977663,2.391660,1.345063,3.471494,1.862338,3.944378,2.200653,1.165264,3.627842,2.405644,2.692756,2.059239,1.121010,1.563655,2.021813,1.130950,0.891637,0.814956,0.859160,1.133271,1.121839,0.732733,0.581869,1.140593,2.391501,3.337936,1.588218,0.985402,1.003071,3.775341,4.974306,2.432186,1.206130,0.677739,3.366870,3.878747,2.590452,1.123919,0.397647,4.410338,3.561949,2.445195,1.329269,9.129352,9.380486,8.112036,3.530391,1.900167,2.489131,4.449953,6.835570,3.783459,1.895740,2.733363,8.758456,7.121183,3.133922,1.589062,1.650158,6.346366,6.687432,3.207821,1.584720
1676060280.261435,1676060280.261701,127.000000,0.000000,4274.487305,4432.051270,4298.974121,4376.025879,4328.077148,4297.436035,4284.102539,4291.794922,4272.307617,4260.128418,4356.153809,4462.563965,4261.538574,4346.538574,85.000000,4.000000,85.000000,,,,0.000000,4.000000,4.000000,4.000000,4.000000,4.000000,4.000000,4.000000,4.000000,4.000000,4.000000,4.000000,4.000000,4.000000,4.000000,100.000000,,,,,,,,,,,,,,,,,,,,,,,,,,,,,,,,,,,,,,,,,,,,,,,,,,,,,,,,,,,,,,,,,,,,,,,,,,,,,,,,,,,,,,
1676060280.269244,1676060280.269509,0.000000,0.000000,4262.051270,4412.307617,4286.666504,4363.461426,4316.153809,4291.025879,4272.179688,4274.615234,4250.000000,4234.743652,4338.461426,4446.922852,4248.846191,4330.512695,2558.000000,4.000000,85.000000,,,,0.000000,4.000000,4.000000,4.000000,4.000000,4.000000,4.000000,4.000000,4.000000,4.000000,4.000000,4.000000,4.000000,4.000000,4.000000,100.000000,,,,,,,,,,,,,,,,,,,,,,,,,,,,,,,,,,,,,,,,,,,,,,,,,,,,,,,,,,,,,,,,,,,,,,,,,,,,,,,,,,,,,,
1676060280.277052,1676060280.277218,1.000000,0.000000,4267.820313,4415.641113,4294.487305,4367.307617,4319.487305,4297.563965,4277.051270,4286.922852,4257.692383,4238.974121,4339.743652,4454.230957,4246.410156,4339.102539,2494.000000,4.000000,85.000000,,,,0.000000,4.000000,4.000000,4.000000,4.000000,4.000000,4.000000,4.000000,4.000000,4.000000,4.000000,4.000000,4.000000,4.000000,4.000000,100.000000,,,,,,,,,,,,,,,,,,,,,,,,,,,,,,,,,,,,,,,,,,,,,,,,,,,,,,,,,,,,,,,,,,,,,,,,,,,,,,,,,,,,,,
1676060280.284861,1676060280.285026,2.000000,0.000000,4283.077148,4423.846191,4302.948730,4370.897461,4321.666504,4302.820313,4285.512695,4304.615234,4272.051270,4266.282227,4354.487305,4471.538574,4261.538574,4356.666504,2421.000000,4.000000,85.000000,,,,0.000000,4.000000,4.000000,4.000000,4.000000,4.000000,4.000000,4.000000,4.000000,4.000000,4.000000,4.000000,4.000000,4.000000,4.000000,100.000000,,,,,,,,,,,,,,,,,,,,,,,,,,,,,,,,,,,,,,,,,,,,,,,,,,,,,,,,,,,,,,,,,,,,,,,,,,,,,,,,,,,,,,
1676060280.292669,1676060280.292735,3.000000,0.000000,4281.922852,4414.615234,4295.256348,4362.692383,4312.179688,4297.307617,4288.717773,4304.615234,4271.538574,4265.384766,4360.128418,4472.051270,4266.282227,4353.461426,2464.000000,4.000000,85.000000,,,,0.000000,4.000000,4.000000,4.000000,4.000000,4.000000,4.000000,4.000000,4.000000,4.000000,4.000000,4.000000,4.000000,4.000000,4.000000,100.000000,,,,,,,,,,,,,,,,,,,,,,,,,,,,,,,,,,,,,,,,,,,,,,,,,,,,,,,,,,,,,,,,,,,,,,,,,,,,,,,,,,,,,,
1676060280.300477,1676060280.300543,4.000000,0.000000,4278.461426,4405.000000,4292.692383,4364.615234,4310.769043,4291.282227,4292.307617,4304.615234,4274.871582,4257.563965,4365.384766,4467.948730,4267.563965,4351.025879,2449.000000,4.000000,85.000000,,,,0.000000,4.000000,4.000000,4.000000,4.000000,4.000000,4.000000,4.000000,4.000000,4.000000,4.000000,4.000000,4.000000,4.000000,4.000000,100.000000,,,,,,,,,,,,,,,,,,,,,,,,,,,,,,,,,,,,,,,,,,,,,,,,,,,,,,,,,,,,,,,,,,,,,,,,,,,,,,,,,,,,,,
1676060280.308286,1676060280.308252,5.000000,0.000000,4290.769043,4418.846191,4304.358887,4376.153809,4320.769043,4297.307617,4296.794922,4314.871582,4285.128418,4274.615234,4380.000000,4475.512695,4287.179688,4372.307617,2383.000000,4.000000,85.000000,,,,0.000000,4.000000,4.000000,4.000000,4.000000,4.000000,4.000000,4.000000,4.000000,4.000000,4.000000,4.000000,4.000000,4.000000,4.000000,100.000000,,,,,,,,,,,,,,,,,,,,,,,,,,,,,,,,,,,,,,,,,,,,,,,,,,,,,,,,,,,,,,,,,,,,,,,,,,,,,,,,,,,,,,
1676060280.316094,1676060280.316160,6.000000,0.000000,4302.179688,4432.436035,4307.948730,4378.589844,4322.436035,4303.846191,4293.461426,4314.871582,4285.128418,4276.282227,4385.769043,4481.282227,4300.641113,4386.538574,2246.000000,4.000000,85.000000,,,,0.000000,4.000000,4.000000,4.000000,4.000000,4.000000,4.000000,4.000000,4.000000,4.000000,4.000000,4.000000,4.000000,4.000000,4.000000,100.000000,,,,,,,,,,,,,,,,,,,,,,,,,,,,,,,,,,,,,,,,,,,,,,,,,,,,,,,,,,,,,,,,,,,,,,,,,,,,,,,,,,,,,,
1676060280.323902,1676060280.323968,7.000000,0.000000,4308.589844,4426.794922,4305.128418,4380.897461,4319.743652,4299.871582,4285.384766,4300.769043,4279.743652,4263.461426,4384.615234,4480.384766,4298.589844,4383.333496,2252.000000,4.000000,85.000000,,,,0.000000,4.000000,4.000000,4.000000,4.000000,4.000000,4.000000,4.000000,4.000000,4.000000,4.000000,4.000000,4.000000,4.000000,4.000000,100.000000,,,,,,,,,,,,,,,,,,,,,,,,,,,,,,,,,,,,,,,,,,,,,,,,,,,,,,,,,,,,,,,,,,,,,,,,,,,,,,,,,,,,,,
1676060280.331711,1676060280.331877,8.000000,0.000000,4301.794922,4415.128418,4298.846191,4379.230957,4316.794922,4294.102539,4274.230957,4289.358887,4270.128418,4268.333496,4373.333496,4468.461426,4290.128418,4376.538574,2312.000000,4.000000,85.000000,,,,0.000000,4.000000,4.000000,4.000000,4.000000,4.000000,4.000000,4.000000,4.000000,4.000000,4.000000,4.000000,4.000000,4.000000,4.000000,100.000000,,,,,,,,,,,,,,,,,,,,,,,,,,,,,,,,,,,,,,,,,,,,,,,,,,,,,,,,,,,,,,,,,,,,,,,,,,,,,,,,,,,,,,
1676060280.339519,1676060280.339685,9.000000,0.000000,4280.256348,4404.871582,4283.461426,4357.436035,4302.436035,4285.384766,4260.769043,4282.179688,4257.179688,4267.563965,4351.794922,4446.922852,4281.410156,4361.666504,2272.000000,4.000000,85.000000,,,,0.000000,4.000000,4.000000,4.000000,4.000000,4.000000,4.000000,4.000000,4.000000,4.000000,4.000000,4.000000,4.000000,4.000000,4.000000,100.000000,,,,,,,,,,,,,,,,,,,,,,,,,,,,,,,,,,,,,,,,,,,,,,,,,,,,,,,,,,,,,,,,,,,,,,,,,,,,,,,,,,,,,,
1676060280.347328,1676060280.347594,10.000000,0.000000,4269.871582,4388.205078,4269.487305,4338.589844,4291.794922,4277.820313,4259.615234,4274.487305,4253.333496,4249.743652,4338.205078,4432.820313,4266.922852,4341.794922,2765.000000,4.000000,85.000000,,,,0.000000,4.000000,4.000000,4.000000,4.000000,4.000000,4.000000,4.000000,4.000000,4.000000,4.000000,4.000000,4.000000,4.000000,4.000000,100.000000,,,,,,,,,,,,,,,,,,,,,,,,,,,,,,,,,,,,,,,,,,,,,,,,,,,,,,,,,,,,,,,,,,,,,,,,,,,,,,,,,,,,,,
1676060280.355136,1676060280.355402,11.000000,0.000000,4285.128418,4380.000000,4280.128418,4349.615234,4301.538574,4292.179688,4280.384766,4285.000000,4267.179688,4250.512695,4348.077148,4446.922852,4263.846191,4349.102539,2947.000000,4.000000,85.000000,,,,0.000000,4.000000,4.000000,4.000000,4.000000,4.000000,4.000000,4.000000,4.000000,4.000000,4.000000,4.000000,4.000000,4.000000,4.000000,100.000000,,,,,,,,,,,,,,,,,,,,,,,,,,,,,,,,,,,,,,,,,,,,,,,,,,,,,,,,,,,,,,,,,,,,,,,,,,,,,,,,,,,,,,
1676060280.362944,1676060280.363310,12.000000,0.000000,4303.333496,4391.666504,4302.692383,4368.461426,4312.948730,4310.256348,4295.897461,4310.641113,4285.128418,4267.563965,4374.743652,4475.512695,4291.025879,4378.846191,3164.000000,4.000000,85.000000,,,,0.000000,4.000000,4.000000,4.000000,4.000000,4.000000,4.000000,4.000000,4.000000,4.000000,4.000000,4.000000,4.000000,4.000000,4.000000,100.000000,,,,,,,,,,,,,,,,,,,,,,,,,,,,,,,,,,,,,,,,,,,,,,,,,,,,,,,,,,,,,,,,,,,,,,,,,,,,,,,,,,,,,,
1676060280.370753,1676060280.371119,13.000000,0.000000,4311.666504,4393.461426,4308.077148,4365.000000,4312.051270,4307.307617,4296.922852,4322.692383,4292.051270,4270.641113,4402.563965,4493.333496,4327.692383,4401.153809,3263.000000,4.000000,85.000000,,,,0.000000,4.000000,4.000000,4.000000,4.000000,4.000000,4.000000,4.000000,4.000000,4.000000,4.000000,4.000000,4.000000,4.000000,4.000000,100.000000,,,,,,,,,,,,,,,,,,,,,,,,,,,,,,,,,,,,,,,,,,,,,,,,,,,,,,,,,,,,,,,,,,,,,,,,,,,,,,,,,,,,,,
1676060280.378561,1676060280.379027,14.000000,0.000000,4314.102539,4362.179688,4300.256348,4342.436035,4302.563965,4298.717773,4298.333496,4316.666504,4284.743652,4264.871582,4414.743652,4490.128418,4345.000000,4409.615234,2765.000000,4.000000,85.000000,,,,0.000000,4.000000,4.000000,4.000000,4.000000,4.000000,4.000000,4.000000,4.000000,4.000000,4.000000,4.000000,4.000000,4.000000,4.000000,100.000000,1.000000,25.000000,4.000000,3.000000,1.000000,4.000000,3.000000,4.000000,3.000000,3.000000,4.000000,1.000000,1.000000,1.000000,1.000000,1.000000,2.269217,2.170571,4.346313,1.900494,1.175382,3.424290,2.691688,3.021117,2.216904,1.452136,3.990360,2.243334,4.264269,1.986941,1.235283,3.364953,2.071007,2.687087,1.930740,1.181399,3.319144,2.617365,1.286954,0.833300,0.864250,1.045897,1.230700,1.020564,0.621340,0.570465,1.219763,2.371490,2.987439,1.432875,1.015511,0.955313,3.627364,4.825516,2.176876,1.261337,0.690613,3.540479,3.985905,2.369191,1.119955,0.439388,4.673879,3.869121,2.373250,1.292749,9.364057,9.083567,8.149191,3.225107,2.042140,2.646180,4.554997,7.054612,3.325413,2.028637,2.773790,8.507612,6.978405,2.880515,1.654438,1.919160,6.453284,6.870740,2.829226,1.673580
1676060280.386370,1676060280.386836,15.000000,0.000000,4304.871582,4312.563965,4288.717773,4316.538574,4288.205078,4297.179688,4291.922852,4303.205078,4271.025879,4261.794922,4412.051270,4478.974121,4352.948730,4411.282227,2947.000000,4.000000,85.000000,,,,0.000000,4.000000,4.000000,4.000000,4.000000,4.000000,4.000000,4.000000,4.000000,4.000000,4.000000,4.000000,4.000000,4.000000,4.000000,100.000000,,,,,,,,,,,,,,,,,,,,,,,,,,,,,,,,,,,,,,,,,,,,,,,,,,,,,,,,,,,,,,,,,,,,,,,,,,,,,,,,,,,,,,
1676060280.394178,1676060280.394744,16.000000,0.000000,4306.410156,4276.794922,4290.512695,4306.153809,4285.512695,4295.641113,4283.461426,4299.487305,4268.846191,4271.922852,4427.563965,4488.333496,4377.307617,4426.666504,0.000000,4.000000,85.000000,,,,0.000000,4.000000,4.000000,4.000000,4.000000,4.000000,4.000000,4.000000,4.000000,4.000000,4.000000,4.000000,4.000000,4.000000,4.000000,100.000000,,,,,,,,,,,,,,,,,,,,,,,,,,,,,,,,,,,,,,,,,,,,,,,,,,,,,,,,,,,,,,,,,,,,,,,,,,,,,,,,,,,,,,
1676060280.401986,1676060280.402552,17.000000,0.000000,4333.589844,4272.563965,4314.743652,4318.717773,4298.333496,4298.461426,4292.307617,4310.897461,4280.769043,4285.128418,4464.615234,4515.384766,4406.666504,4460.512695,0.000000,4.000000,85.000000,,,,0.000000,4.000000,4.000000,4.000000,4.000000,4.000000,4.000000,4.000000,4.000000,4.000000,4.000000,4.000000,4.000000,4.000000,4.000000,100.000000,,,,,,,,,,,,,,,,,,,,,,,,,,,,,,,,,,,,,,,,,,,,,,,,,,,,,,,,,,,,,,,,,,,,,,,,,,,,,,,,,,,,,,
1676060280.409795,1676060280.410261,18.000000,0.000000,4355.641113,4284.743652,4339.487305,4334.615234,4304.871582,4302.051270,4303.077148,4323.333496,4297.820313,4293.717773,4486.794922,4536.666504,4426.282227,4484.102539,0.000000,4.000000,85.000000,,,,0.000000,4.000000,4.000000,4.000000,4.000000,4.000000,4.000000,4.000000,4.000000,4.000000,4.000000,4.000000,4.000000,4.000000,4.000000,100.000000,,,,,,,,,,,,,,,,,,,,,,,,,,,,,,,,,,,,,,,,,,,,,,,,,,,,,,,,,,,,,,,,,,,,,,,,,,,,,,,,,,,,,,
1676060280.417603,1676060280.418069,19.000000,0.000000,4338.846191,4272.051270,4325.897461,4320.384766,4288.461426,4286.922852,4284.358887,4306.922852,4287.051270,4280.384766,4462.692383,4517.436035,4409.487305,4458.846191,0.000000,4.000000,85.000000,,,,0.000000,4.000000,4.000000,4.000000,4.000000,4.000000,4.000000,4.000000,4.000000,4.000000,4.000000,4.000000,4.000000,4.000000,4.000000,100.000000,,,,,,,,,,,,,,,,,,,,,,,,,,,,,,,,,,,,,,,,,,,,,,,,,,,,,,,,,,,,,,,,,,,,,,,,,,,,,,,,,,,,,,
1676060280.425412,1676060280.425778,20.000000,0.000000,4317.692383,4252.820313,4301.025879,4303.205078,4275.897461,4275.000000,4267.051270,4287.051270,4264.871582,4258.461426,4436.666504,4487.436035,4385.641113,4433.077148,0.000000,4.000000,85.000000,,,,0.000000,4.000000,4.000000,4.000000,4.000000,4.000000,4.000000,4.000000,4.000000,4.000000,4.000000,4.000000,4.000000,4.000000,4.000000,100.000000,,,,,,,,,,,,,,,,,,,,,,,,,,,,,,,,,,,,,,,,,,,,,,,,,,,,,,,,,,,,,,,,,,,,,,,,,,,,,,,,,,,,,,
1676060280.433220,1676060280.433586,21.000000,0.000000,4335.769043,4271.025879,4318.205078,4323.846191,4288.717773,4288.589844,4283.589844,4304.615234,4281.794922,4275.769043,4461.922852,4506.794922,4411.153809,4462.179688,0.000000,4.000000,85.000000,,,,0.000000,4.000000,4.000000,4.000000,4.000000,4.000000,4.000000,4.000000,4.000000,4.000000,4.000000,4.000000,4.000000,4.000000,4.000000,100.000000,,,,,,,,,,,,,,,,,,,,,,,,,,,,,,,,,,,,,,,,,,,,,,,,,,,,,,,,,,,,,,,,,,,,,,,,,,,,,,,,,,,,,,
1676060280.441028,1676060280.441295,22.000000,0.000000,4354.615234,4286.794922,4338.974121,4338.846191,4300.769043,4298.461426,4301.538574,4324.743652,4302.563965,4305.641113,4488.205078,4534.230957,4438.333496,4481.538574,0.000000,4.000000,85.000000,,,,0.000000,4.000000,4.000000,4.000000,4.000000,4.000000,4.000000,4.000000,4.000000,4.000000,4.000000,4.000000,4.000000,4.000000,4.000000,100.000000,,,,,,,,,,,,,,,,,,,,,,,,,,,,,,,,,,,,,,,,,,,,,,,,,,,,,,,,,,,,,,,,,,,,,,,,,,,,,,,,,,,,,,
1676060280.448837,1676060280.449203,23.000000,0.000000,4342.563965,4271.538574,4328.077148,4323.333496,4293.461426,4297.820313,4297.051270,4318.974121,4291.410156,4295.897461,4476.794922,4520.128418,4424.358887,4459.358887,0.000000,4.000000,85.000000,,,,0.000000,4.000000,4.000000,4.000000,4.000000,4.000000,4.000000,4.000000,4.000000,4.000000,4.000000,4.000000,4.000000,4.000000,4.000000,100.000000,,,,,,,,,,,,,,,,,,,,,,,,,,,,,,,,,,,,,,,,,,,,,,,,,,,,,,,,,,,,,,,,,,,,,,,,,,,,,,,,,,,,,,
1676060280.456645,1676060280.457012,24.000000,0.000000,4314.743652,4247.820313,4300.512695,4303.589844,4277.948730,4291.025879,4279.615234,4297.307617,4268.974121,4268.333496,4454.358887,4486.794922,4403.717773,4436.282227,0.000000,4.000000,85.000000,,,,0.000000,4.000000,4.000000,4.000000,4.000000,4.000000,4.000000,4.000000,4.000000,4.000000,4.000000,4.000000,4.000000,4.000000,4.000000,100.000000,,,,,,,,,,,,,,,,,,,,,,,,,,,,,,,,,,,,,,,,,,,,,,,,,,,,,,,,,,,,,,,,,,,,,,,,,,,,,,,,,,,,,,
1676060280.464454,1676060280.464820,25.000000,0.000000,4305.384766,4233.205078,4290.769043,4294.102539,4273.077148,4283.717773,4273.589844,4289.358887,4265.897461,4264.358887,4449.871582,4474.743652,4407.307617,4433.974121,0.000000,4.000000,85.000000,,,,0.000000,4.000000,4.000000,4.000000,4.000000,4.000000,4.000000,4.000000,4.000000,4.000000,4.000000,4.000000,4.000000,4.000000,4.000000,100.000000,,,,,,,,,,,,,,,,,,,,,,,,,,,,,,,,,,,,,,,,,,,,,,,,,,,,,,,,,,,,,,,,,,,,,,,,,,,,,,,,,,,,,,
1676060280.472262,1676060280.472529,26.000000,0.000000,4320.641113,4233.589844,4303.589844,4295.384766,4281.666504,4290.897461,4283.717773,4303.205078,4278.077148,4268.461426,4465.384766,4487.948730,4418.461426,4443.333496,0.000000,4.000000,85.000000,,,,0.000000,4.000000,4.000000,4.000000,4.000000,4.000000,4.000000,4.000000,4.000000,4.000000,4.000000,4.000000,4.000000,4.000000,4.000000,100.000000,,,,,,,,,,,,,,,,,,,,,,,,,,,,,,,,,,,,,,,,,,,,,,,,,,,,,,,,,,,,,,,,,,,,,,,,,,,,,,,,,,,,,,
1676060280.480070,1676060280.480337,27.000000,0.000000,4318.974121,4232.179688,4299.230957,4290.769043,4277.948730,4295.256348,4283.205078,4305.128418,4277.179688,4263.589844,4475.769043,4490.769043,4415.000000,4439.743652,0.000000,4.000000,85.000000,,,,0.000000,4.000000,4.000000,4.000000,4.000000,4.000000,4.000000,4.000000,4.000000,4.000000,4.000000,4.000000,4.000000,4.000000,4.000000,100.000000,,,,,,,,,,,,,,,,,,,,,,,,,,,,,,,,,,,,,,,,,,,,,,,,,,,,,,,,,,,,,,,,,,,,,,,,,,,,,,,,,,,,,,
1676060280.487879,1676060280.488046,28.000000,0.000000,4294.871582,4215.897461,4278.205078,4274.487305,4260.641113,4280.000000,4269.487305,4290.641113,4263.333496,4262.948730,4471.282227,4477.563965,4402.436035,4423.974121,0.000000,4.000000,85.000000,,,,0.000000,4.000000,4.000000,4.000000,4.000000,4.000000,4.000000,4.000000,4.000000,4.000000,4.000000,4.000000,4.000000,4.000000,4.000000,100.000000,,,,,,,,,,,,,,,,,,,,,,,,,,,,,,,,,,,,,,,,,,,,,,,,,,,,,,,,,,,,,,,,,,,,,,,,,,,,,,,,,,,,,,
1676060280.495687,1676060280.495954,29.000000,0.000000,4298.974121,4217.820313,4288.333496,4280.384766,4267.948730,4284.358887,4281.282227,4300.897461,4273.846191,4273.589844,4486.153809,4491.410156,4414.871582,4435.128418,0.000000,4.000000,85.000000,,,,0.000000,4.000000,4.000000,4.000000,4.000000,4.000000,4.000000,4.000000,4.000000,4.000000,4.000000,4.000000,4.000000,4.000000,4.000000,100.000000,,,,,,,,,,,,,,,,,,,,,,,,,,,,,,,,,,,,,,,,,,,,,,,,,,,,,,,,,,,,,,,,,,,,,,,,,,,,,,,,,,,,,,
1676060280.503495,1676060280.503763,30.000000,0.000000,4333.846191,4247.692383,4325.128418,4312.948730,4295.512695,4312.692383,4311.922852,4331.538574,4306.410156,4292.948730,4518.461426,4529.615234,4447.051270,4466.794922,0.000000,4.000000,85.000000,,,,0.000000,4.000000,4.000000,4.000000,4.000000,4.000000,4.000000,4.000000,4.000000,4.000000,4.000000,4.000000,4.000000,4.000000,4.000000,100.000000,,,,,,,,,,,,,,,,,2.917810,2.408135,4.462114,1.735545,1.269784,4.336637,2.487986,3.007818,2.080952,1.592939,4.382710,2.769049,4.469786,1.869543,1.350555,3.422195,1.965894,2.659014,1.824911,1.257596,7.199990,3.578776,1.626131,0.879739,0.914439,1.275608,1.265869,0.920458,0.568579,0.577644,1.288762,2.393738,2.678712,1.331529,1.075490,0.931082,3.454648,4.563632,1.963907,1.353977,0.788619,3.557884,3.963820,2.221852,1.172881,0.562449,4.664047,4.109387,2.288938,1.312640,9.893535,8.803152,8.200141,3.048192,2.255073,2.849736,4.809822,7.145296,2.978960,2.238961,3.507223,7.939406,7.029620,2.694182,1.805953,2.663573,6.532895,7.065803,2.570257,1.863084
1676060280.511304,1676060280.511671,31.000000,0.000000,4343.333496,4269.615234,4331.794922,4324.615234,4298.205078,4306.794922,4305.897461,4325.769043,4305.897461,4294.230957,4517.179688,4530.000000,4442.563965,4465.000000,0.000000,4.000000,85.000000,,,,0.000000,4.000000,4.000000,4.000000,4.000000,4.000000,4.000000,4.000000,4.000000,4.000000,4.000000,4.000000,4.000000,4.000000,4.000000,100.000000,,,,,,,,,,,,,,,,,,,,,,,,,,,,,,,,,,,,,,,,,,,,,,,,,,,,,,,,,,,,,,,,,,,,,,,,,,,,,,,,,,,,,,
1676060280.519112,1676060280.519479,32.000000,0.000000,4338.717773,4295.000000,4328.974121,4331.153809,4292.307617,4289.615234,4291.922852,4318.077148,4295.128418,4292.436035,4505.000000,4521.666504,4427.436035,4462.820313,0.000000,4.000000,85.000000,,,,0.000000,4.000000,4.000000,4.000000,4.000000,4.000000,4.000000,4.000000,4.000000,4.000000,4.000000,4.000000,4.000000,4.000000,4.000000,100.000000,,,,,,,,,,,,,,,,,,,,,,,,,,,,,,,,,,,,,,,,,,,,,,,,,,,,,,,,,,,,,,,,,,,,,,,,,,,,,,,,,,,,,,
1676060280.526920,1676060280.527288,33.000000,0.000000,4345.256348,4322.563965,4340.769043,4350.256348,4301.153809,4303.461426,4304.230957,4339.871582,4306.282227,4302.820313,4506.794922,4535.641113,4429.358887,4474.743652,0.000000,4.000000,85.000000,,,,0.000000,4.000000,4.000000,4.000000,4.000000,4.000000,4.000000,4.000000,4.000000,4.000000,4.000000,4.000000,4.000000,4.000000,4.000000,100.000000,,,,,,,,,,,,,,,,,,,,,,,,,,,,,,,,,,,,,,,,,,,,,,,,,,,,,,,,,,,,,,,,,,,,,,,,,,,,,,,,,,,,,,
1676060280.534729,1676060280.534996,34.000000,0.000000,4343.333496,4327.820313,4337.692383,4350.384766,4302.820313,4311.025879,4310.897461,4355.769043,4306.282227,4297.692383,4502.307617,4533.846191,4415.000000,4460.000000,0.000000,4.000000,85.000000,,,,0.000000,4.000000,4.000000,4.000000,4.000000,4.000000,4.000000,4.000000,4.000000,4.000000,4.000000,4.000000,4.000000,4.000000,4.000000,100.000000,,,,,,,,,,,,,,,,,,,,,,,,,,,,,,,,,,,,,,,,,,,,,,,,,,,,,,,,,,,,,,,,,,,,,,,,,,,,,,,,,,,,,,
1676060280.542537,1676060280.542905,35.000000,0.000000,4326.153809,4327.307617,4318.205078,4335.000000,4290.641113,4298.333496,4296.153809,4353.846191,4291.538574,4276.410156,4486.282227,4510.128418,4384.102539,4437.692383,0.000000,4.000000,85.000000,,,,0.000000,4.000000,4.000000,4.000000,4.000000,4.000000,4.000000,4.000000,4.000000,4.000000,4.000000,4.000000,4.000000,4.000000,4.000000,100.000000,,,,,,,,,,,,,,,,,,,,,,,,,,,,,,,,,,,,,,,,,,,,,,,,,,,,,,,,,,,,,,,,,,,,,,,,,,,,,,,,,,,,,,
1676060280.550346,1676060280.550713,36.000000,0.000000,4300.512695,4326.794922,4293.974121,4319.102539,4276.922852,4291.025879,4277.948730,4337.307617,4276.025879,4263.461426,4456.538574,4477.692383,4351.538574,4417.051270,0.000000,4.000000,85.000000,,,,0.000000,4.000000,4.000000,4.000000,4.000000,4.000000,4.000000,4.000000,4.000000,4.000000,4.000000,4.000000,4.000000,4.000000,4.000000,100.000000,,,,,,,,,,,,,,,,,,,,,,,,,,,,,,,,,,,,,,,,,,,,,,,,,,,,,,,,,,,,,,,,,,,,,,,,,,,,,,,,,,,,,,
1676060280.558154,1676060280.558621,37.000000,0.000000,4293.846191,4332.436035,4291.153809,4320.256348,4282.563965,4301.410156,4280.512695,4330.512695,4271.282227,4262.563965,4441.282227,4468.717773,4336.282227,4400.512695,0.000000,4.000000,85.000000,,,,0.000000,4.000000,4.000000,4.000000,4.000000,4.000000,4.000000,4.000000,4.000000,4.000000,4.000000,4.000000,4.000000,4.000000,4.000000,100.000000,,,,,,,,,,,,,,,,,,,,,,,,,,,,,,,,,,,,,,,,,,,,,,,,,,,,,,,,,,,,,,,,,,,,,,,,,,,,,,,,,,,,,,
1676060280.565962,1676060280.566430,38.000000,0.000000,4318.333496,4359.102539,4320.000000,4343.846191,4304.871582,4314.743652,4300.641113,4348.077148,4284.487305,4261.538574,4465.769043,4496.538574,4350.512695,4416.282227,0.000000,4.000000,85.000000,,,,0.000000,4.000000,4.000000,4.000000,4.000000,4.000000,4.000000,4.000000,4.000000,4.000000,4.000000,4.000000,4.000000,4.000000,4.000000,100.000000,,,,,,,,,,,,,,,,,,,,,,,,,,,,,,,,,,,,,,,,,,,,,,,,,,,,,,,,,,,,,,,,,,,,,,,,,,,,,,,,,,,,,,
1676060280.573771,1676060280.574338,39.000000,0.000000,4331.538574,4372.563965,4331.922852,4355.384766,4307.820313,4314.487305,4306.282227,4353.846191,4296.153809,4265.000000,4481.666504,4508.461426,4358.974121,4432.820313,0.000000,4.000000,85.000000,,,,0.000000,4.000000,4.000000,4.000000,4.000000,4.000000,4.000000,4.000000,4.000000,4.000000,4.000000,4.000000,4.000000,4.000000,4.000000,100.000000,,,,,,,,,,,,,,,,,,,,,,,,,,,,,,,,,,,,,,,,,,,,,,,,,,,,,,,,,,,,,,,,,,,,,,,,,,,,,,,,,,,,,,
1676060280.581579,1676060280.582247,40.000000,0.000000,4318.974121,4356.153809,4315.769043,4341.922852,4294.743652,4309.487305,4295.512695,4338.846191,4292.307617,4276.666504,4471.025879,4490.641113,4347.307617,4420.769043,0.000000,4.000000,85.000000,,,,0.000000,4.000000,4.000000,4.000000,4.000000,4.000000,4.000000,4.000000,4.000000,4.000000,4.000000,4.000000,4.000000,4.000000,4.000000,100.000000,,,,,,,,,,,,,,,,,,,,,,,,,,,,,,,,,,,,,,,,,,,,,,,,,,,,,,,,,,,,,,,,,,,,,,,,,,,,,,,,,,,,,,
1676060280.589388,1676060280.590055,41.000000,0.000000,4309.230957,4346.666504,4312.051270,4333.205078,4293.461426,4311.282227,4292.563965,4337.436035,4290.128418,4282.692383,4476.922852,4485.769043,4349.743652,4416.794922,0.000000,4.000000,85.000000,,,,0.000000,4.000000,4.000000,4.000000,4.000000,4.000000,4.000000,4.000000,4.000000,4.000000,4.000000,4.000000,4.000000,4.000000,4.000000,100.000000,,,,,,,,,,,,,,,,,,,,,,,,,,,,,,,,,,,,,,,,,,,,,,,,,,,,,,,,,,,,,,,,,,,,,,,,,,,,,,,,,,,,,,
1676060280.597196,1676060280.597863,42.000000,0.000000,4313.205078,4351.410156,4322.307617,4337.307617,4294.871582,4309.615234,4294.230957,4338.461426,4294.871582,4282.692383,4498.205078,4494.871582,4362.563965,4427.179688,0.000000,4.000000,85.000000,,,,0.000000,4.000000,4.000000,4.000000,4.000000,4.000000,4.000000,4.000000,4.000000,4.000000,4.000000,4.000000,4.000000,4.000000,4.000000,100.000000,,,,,,,,,,,,,,,,,,,,,,,,,,,,,,,,,,,,,,,,,,,,,,,,,,,,,,,,,,,,,,,,,,,,,,,,,,,,,,,,,,,,,,
1676060280.605004,1676060280.605572,43.000000,0.000000,4330.000000,4354.615234,4329.615234,4344.615234,4293.589844,4297.820313,4291.538574,4325.897461,4295.000000,4286.410156,4511.025879,4502.948730,4367.820313,4434.487305,0.000000,4.000000,85.000000,,,,0.000000,4.000000,4.000000,4.000000,4.000000,4.000000,4.000000,4.000000,4.000000,4.000000,4.000000,4.000000,4.000000,4.000000,4.000000,100.000000,,,,,,,,,,,,,,,,,,,,,,,,,,,,,,,,,,,,,,,,,,,,,,,,,,,,,,,,,,,,,,,,,,,,,,,,,,,,,,,,,,,,,,
1676060280.612813,1676060280.613380,44.000000,0.000000,4351.153809,4359.230957,4344.871582,4353.846191,4298.589844,4298.205078,4296.794922,4332.051270,4298.333496,4295.897461,4525.641113,4523.077148,4385.641113,4453.205078,0.000000,4.000000,85.000000,,,,0.000000,4.000000,4.000000,4.000000,4.000000,4.000000,4.000000,4.000000,4.000000,4.000000,4.000000,4.000000,4.000000,4.000000,4.000000,100.000000,,,,,,,,,,,,,,,,,,,,,,,,,,,,,,,,,,,,,,,,,,,,,,,,,,,,,,,,,,,,,,,,,,,,,,,,,,,,,,,,,,,,,,
1676060280.620621,1676060280.621089,45.000000,0.000000,4345.641113,4350.000000,4344.615234,4344.487305,4297.948730,4308.589844,4297.563965,4344.102539,4303.205078,4295.641113,4524.743652,4527.179688,4397.051270,4459.615234,0.000000,4.000000,85.000000,,,,0.000000,4.000000,4.000000,4.000000,4.000000,4.000000,4.000000,4.000000,4.000000,4.000000,4.000000,4.000000,4.000000,4.000000,4.000000,100.000000,,,,,,,,,,,,,,,,,,,,,,,,,,,,,,,,,,,,,,,,,,,,,,,,,,,,,,,,,,,,,,,,,,,,,,,,,,,,,,,,,,,,,,
1676060280.628430,1676060280.628897,46.000000,0.000000,4327.820313,4331.153809,4323.846191,4326.410156,4292.563965,4311.410156,4295.000000,4342.563965,4304.615234,4290.384766,4510.641113,4510.384766,4387.051270,4445.641113,0.000000,4.000000,85.000000,,,,0.000000,4.000000,4.000000,4.000000,4.000000,4.000000,4.000000,4.000000,4.000000,4.000000,4.000000,4.000000,4.000000,4.000000,4.000000,100.000000,,,,,,,,,,,,,,,,,3.726015,2.641568,4.362249,1.589364,1.392780,7.221798,3.060363,2.903517,1.963524,1.742209,4.534143,3.205050,4.333724,1.793787,1.491927,3.828723,2.098384,2.515609,1.702151,1.330577,13.054566,4.865168,2.121294,1.006436,0.960223,1.456693,1.190782,0.813882,0.556729,0.599415,1.314680,2.305403,2.370569,1.270098,1.154934,0.951008,3.079342,4.144177,1.794701,1.475388,0.899286,3.255874,3.756005,2.114054,1.286687,0.800714,4.324800,4.161412,2.183921,1.397128,11.135759,8.606721,8.106922,2.908586,2.503680,3.053980,4.965638,6.852516,2.716598,2.495802,5.409357,7.292391,7.136946,2.514943,2.009621,4.021136,6.565992,7.078542,2.376225,2.118665
1676060280.636238,1676060280.636606,47.000000,0.000000,4325.256348,4323.974121,4319.358887,4323.461426,4293.846191,4311.153809,4303.205078,4345.641113,4303.333496,4279.743652,4501.025879,4504.615234,4379.102539,4435.641113,0.000000,4.000000,85.000000,,,,0.000000,4.000000,4.000000,4.000000,4.000000,4.000000,4.000000,4.000000,4.000000,4.000000,4.000000,4.000000,4.000000,4.000000,4.000000,100.000000,,,,,,,,,,,,,,,,,,,,,,,,,,,,,,,,,,,,,,,,,,,,,,,,,,,,,,,,,,,,,,,,,,,,,,,,,,,,,,,,,,,,,,
1676060280.644046,1676060280.644414,48.000000,0.000000,4322.948730,4323.205078,4326.922852,4324.871582,4298.077148,4315.512695,4309.102539,4350.641113,4300.128418,4271.282227,4491.794922,4504.871582,4375.897461,4430.641113,0.000000,4.000000,85.000000,,,,0.000000,4.000000,4.000000,4.000000,4.000000,4.000000,4.000000,4.000000,4.000000,4.000000,4.000000,4.000000,4.000000,4.000000,4.000000,100.000000,,,,,,,,,,,,,,,,,,,,,,,,,,,,,,,,,,,,,,,,,,,,,,,,,,,,,,,,,,,,,,,,,,,,,,,,,,,,,,,,,,,,,,
1676060280.651855,1676060280.652123,49.000000,0.000000,4323.717773,4329.871582,4329.230957,4329.487305,4308.717773,4325.000000,4313.974121,4353.077148,4308.205078,4293.974121,4498.974121,4507.563965,4385.256348,4437.307617,0.000000,4.000000,85.000000,,,,0.000000,4.000000,4.000000,4.000000,4.000000,4.000000,4.000000,4.000000,4.000000,4.000000,4.000000,4.000000,4.000000,4.000000,4.000000,100.000000,,,,,,,,,,,,,,,,,,,,,,,,,,,,,,,,,,,,,,,,,,,,,,,,,,,,,,,,,,,,,,,,,,,,,,,,,,,,,,,,,,,,,,
1676060280.659663,1676060280.659931,50.000000,0.000000,4324.230957,4328.333496,4318.974121,4328.589844,4312.179688,4326.025879,4317.307617,4351.666504,4314.487305,4310.897461,4501.666504,4501.666504,4383.589844,4431.153809,0.000000,4.000000,85.000000,,,,0.000000,4.000000,4.000000,4.000000,4.000000,4.000000,4.000000,4.000000,4.000000,4.000000,4.000000,4.000000,4.000000,4.000000,4.000000,100.000000,,,,,,,,,,,,,,,,,,,,,,,,,,,,,,,,,,,,,,,,,,,,,,,,,,,,,,,,,,,,,,,,,,,,,,,,,,,,,,,,,,,,,,
1676060280.667472,1676060280.667640,51.000000,0.000000,4297.051270,4297.948730,4288.974121,4301.794922,4289.102539,4305.641113,4296.153809,4325.897461,4289.487305,4276.025879,4466.794922,4465.000000,4342.563965,4388.077148,0.000000,4.000000,85.000000,,,,0.000000,4.000000,4.000000,4.000000,4.000000,4.000000,4.000000,4.000000,4.000000,4.000000,4.000000,4.000000,4.000000,4.000000,4.000000,100.000000,,,,,,,,,,,,,,,,,,,,,,,,,,,,,,,,,,,,,,,,,,,,,,,,,,,,,,,,,,,,,,,,,,,,,,,,,,,,,,,,,,,,,,
1676060280.675280,1676060280.675448,52.000000,0.000000,4280.384766,4279.615234,4276.282227,4283.461426,4275.256348,4292.948730,4273.717773,4302.436035,4268.461426,4250.384766,4465.769043,4449.358887,4338.974121,4381.922852,0.000000,4.000000,85.000000,,,,0.000000,4.000000,4.000000,4.000000,4.000000,4.000000,4.000000,4.000000,4.000000,4.000000,4.000000,4.000000,4.000000,4.000000,4.000000,100.000000,,,,,,,,,,,,,,,,,,,,,,,,,,,,,,,,,,,,,,,,,,,,,,,,,,,,,,,,,,,,,,,,,,,,,,,,,,,,,,,,,,,,,,
1676060280.683088,1676060280.683157,53.000000,0.000000,4311.538574,4300.000000,4307.436035,4310.512695,4292.948730,4305.897461,4290.641113,4326.282227,4295.000000,4283.974121,4526.538574,4494.358887,4407.179688,4440.897461,0.000000,4.000000,85.000000,,,,0.000000,4.000000,4.000000,4.000000,4.000000,4.000000,4.000000,4.000000,4.000000,4.000000,4.000000,4.000000,4.000000,4.000000,4.000000,100.000000,,,,,,,,,,,,,,,,,,,,,,,,,,,,,,,,,,,,,,,,,,,,,,,,,,,,,,,,,,,,,,,,,,,,,,,,,,,,,,,,,,,,,,
1676060280.690897,1676060280.691065,54.000000,0.000000,4318.846191,4297.563965,4322.563965,4320.000000,4292.179688,4306.794922,4301.410156,4342.179688,4307.179688,4297.563965,4536.922852,4509.358887,4423.461426,4450.256348,0.000000,4.000000,85.000000,,,,0.000000,4.000000,4.000000,4.000000,4.000000,4.000000,4.000000,4.000000,4.000000,4.000000,4.000000,4.000000,4.000000,4.000000,4.000000,100.000000,,,,,,,,,,,,,,,,,,,,,,,,,,,,,,,,,,,,,,,,,,,,,,,,,,,,,,,,,,,,,,,,,,,,,,,,,,,,,,,,,,,,,,
1676060280.698705,1676060280.698874,55.000000,0.000000,4291.538574,4272.820313,4305.512695,4294.358887,4272.436035,4290.000000,4280.512695,4316.282227,4278.846191,4262.820313,4497.179688,4472.948730,4384.615234,4409.743652,0.000000,4.000000,85.000000,,,,0.000000,4.000000,4.000000,4.000000,4.000000,4.000000,4.000000,4.000000,4.000000,4.000000,4.000000,4.000000,4.000000,4.000000,4.000000,100.000000,,,,,,,,,,,,,,,,,,,,,,,,,,,,,,,,,,,,,,,,,,,,,,,,,,,,,,,,,,,,,,,,,,,,,,,,,,,,,,,,,,,,,,
1676060280.706513,1676060280.706782,56.000000,0.000000,4298.974121,4283.589844,4312.692383,4299.615234,4280.512695,4292.051270,4284.358887,4316.794922,4281.025879,4264.743652,4503.077148,4476.794922,4398.846191,4420.000000,0.000000,4.000000,85.000000,,,,0.000000,4.000000,4.000000,4.000000,4.000000,4.000000,4.000000,4.000000,4.000000,4.000000,4.000000,4.000000,4.000000,4.000000,4.000000,100.000000,,,,,,,,,,,,,,,,,,,,,,,,,,,,,,,,,,,,,,,,,,,,,,,,,,,,,,,,,,,,,,,,,,,,,,,,,,,,,,,,,,,,,,
1676060280.714322,1676060280.714591,57.000000,0.000000,4309.743652,4285.897461,4317.307617,4308.717773,4287.948730,4297.563965,4298.461426,4336.025879,4304.615234,4292.820313,4513.077148,4496.410156,4415.128418,4435.641113,0.000000,4.000000,85.000000,,,,0.000000,4.000000,4.000000,4.000000,4.000000,4.000000,4.000000,4.000000,4.000000,4.000000,4.000000,4.000000,4.000000,4.000000,4.000000,100.000000,,,,,,,,,,,,,,,,,,,,,,,,,,,,,,,,,,,,,,,,,,,,,,,,,,,,,,,,,,,,,,,,,,,,,,,,,,,,,,,,,,,,,,
1676060280.722130,1676060280.722499,58.000000,0.000000,4302.051270,4271.282227,4308.205078,4295.384766,4277.948730,4293.974121,4295.641113,4338.846191,4311.025879,4299.487305,4507.051270,4492.436035,4400.512695,4425.769043,0.000000,4.000000,85.000000,,,,0.000000,4.000000,4.000000,4.000000,4.000000,4.000000,4.000000,4.000000,4.000000,4.000000,4.000000,4.000000,4.000000,4.000000,4.000000,100.000000,,,,,,,,,,,,,,,,,,,,,,,,,,,,,,,,,,,,,,,,,,,,,,,,,,,,,,,,,,,,,,,,,,,,,,,,,,,,,,,,,,,,,,
1676060280.729938,1676060280.730307,59.000000,0.000000,4310.256348,4284.358887,4321.153809,4301.794922,4283.589844,4303.717773,4306.153809,4347.563965,4315.256348,4297.436035,4521.282227,4504.102539,4410.512695,4437.051270,0.000000,4.000000,85.000000,,,,0.000000,4.000000,4.000000,4.000000,4.000000,4.000000,4.000000,4.000000,4.000000,4.000000,4.000000,4.000000,4.000000,4.000000,4.000000,100.000000,,,,,,,,,,,,,,,,,,,,,,,,,,,,,,,,,,,,,,,,,,,,,,,,,,,,,,,,,,,,,,,,,,,,,,,,,,,,,,,,,,,,,,
1676060280.737747,1676060280.738216,60.000000,0.000000,4318.205078,4295.000000,4327.820313,4315.384766,4294.615234,4314.615234,4314.102539,4347.948730,4310.256348,4291.794922,4515.512695,4510.000000,4414.230957,4444.487305,0.000000,4.000000,85.000000,,,,0.000000,4.000000,4.000000,4.000000,4.000000,4.000000,4.000000,4.000000,4.000000,4.000000,4.000000,4.000000,4.000000,4.000000,4.000000,100.000000,,,,,,,,,,,,,,,,,,,,,,,,,,,,,,,,,,,,,,,,,,,,,,,,,,,,,,,,,,,,,,,,,,,,,,,,,,,,,,,,,,,,,,
1676060280.745555,1676060280.746024,61.000000,0.000000,4309.358887,4285.641113,4317.692383,4307.948730,4292.820313,4310.641113,4302.179688,4329.358887,4296.410156,4285.384766,4493.077148,4491.794922,4401.282227,4431.410156,0.000000,4.000000,85.000000,,,,0.000000,4.000000,4.000000,4.000000,4.000000,4.000000,4.000000,4.000000,4.000000,4.000000,4.000000,4.000000,4.000000,4.000000,4.000000,100.000000,,,,,,,,,,,,,,,,,,,,,,,,,,,,,,,,,,,,,,,,,,,,,,,,,,,,,,,,,,,,,,,,,,,,,,,,,,,,,,,,,,,,,,
1676060280.753364,1676060280.753933,62.000000,0.000000,4310.128418,4287.692383,4321.922852,4308.717773,4294.487305,4308.974121,4298.077148,4328.717773,4301.410156,4291.410156,4497.948730,4492.051270,4405.256348,4430.641113,0.000000,4.000000,85.000000,,,,0.000000,4.000000,4.000000,4.000000,4.000000,4.000000,4.000000,4.000000,4.000000,4.000000,4.000000,4.000000,4.000000,4.000000,4.000000,100.000000,,,,,,,,,,,,,,,,,4.518008,2.870426,4.012596,1.456163,1.523814,11.811050,4.534719,2.791731,1.867055,1.871528,4.447765,3.458639,3.837315,1.719882,1.635302,4.472405,2.433882,2.268766,1.555126,1.383303,19.768478,6.212569,2.683676,1.160231,0.995216,1.524689,1.008502,0.724425,0.560622,0.627255,1.280294,2.056375,2.091474,1.219764,1.238223,1.084272,2.548225,3.644505,1.655428,1.607254,1.003224,2.719497,3.397817,2.000623,1.445229,1.169251,3.799031,3.983111,2.066660,1.527818,13.308043,8.757362,7.808167,2.718352,2.732705,3.346682,5.018871,6.150502,2.498327,2.749468,8.472788,7.073150,7.215478,2.281127,2.211201,5.946264,6.700353,6.825830,2.190344,2.380678
1676060280.761172,1676060280.761741,63.000000,0.000000,4313.717773,4295.641113,4325.769043,4315.641113,4297.692383,4312.051270,4302.820313,4339.615234,4306.153809,4292.563965,4500.641113,4499.615234,4401.666504,4434.230957,0.000000,4.000000,85.000000,,,,0.000000,4.000000,4.000000,4.000000,4.000000,4.000000,4.000000,4.000000,4.000000,4.000000,4.000000,4.000000,4.000000,4.000000,4.000000,100.000000,,,,,,,,,,,,,,,,,,,,,,,,,,,,,,,,,,,,,,,,,,,,,,,,,,,,,,,,,,,,,,,,,,,,,,,,,,,,,,,,,,,,,,
1676060280.768980,1676060280.769450,64.000000,0.000000,4307.820313,4287.820313,4314.230957,4301.922852,4289.871582,4308.974121,4298.846191,4333.846191,4295.128418,4275.512695,4486.538574,4487.563965,4387.948730,4423.974121,2521.000000,4.000000,85.000000,,,,0.000000,4.000000,4.000000,4.000000,4.000000,4.000000,4.000000,4.000000,4.000000,4.000000,4.000000,4.000000,4.000000,4.000000,4.000000,100.000000,,,,,,,,,,,,,,,,,,,,,,,,,,,,,,,,,,,,,,,,,,,,,,,,,,,,,,,,,,,,,,,,,,,,,,,,,,,,,,,,,,,,,,
1676060280.776789,1676060280.777258,65.000000,0.000000,4308.077148,4281.410156,4312.436035,4293.974121,4282.436035,4307.051270,4299.871582,4330.000000,4294.615234,4273.717773,4485.641113,4485.000000,4394.358887,4422.948730,2464.000000,4.000000,85.000000,,,,0.000000,4.000000,4.000000,4.000000,4.000000,4.000000,4.000000,4.000000,4.000000,4.000000,4.000000,4.000000,4.000000,4.000000,4.000000,100.000000,,,,,,,,,,,,,,,,,,,,,,,,,,,,,,,,,,,,,,,,,,,,,,,,,,,,,,,,,,,,,,,,,,,,,,,,,,,,,,,,,,,,,,
1676060280.784597,1676060280.784967,66.000000,0.000000,4312.820313,4286.794922,4320.256348,4307.692383,4285.512695,4309.871582,4307.436035,4338.461426,4300.512695,4287.948730,4493.589844,4499.102539,4404.230957,4435.128418,2393.000000,4.000000,85.000000,,,,0.000000,4.000000,4.000000,4.000000,4.000000,4.000000,4.000000,4.000000,4.000000,4.000000,4.000000,4.000000,4.000000,4.000000,4.000000,100.000000,,,,,,,,,,,,,,,,,,,,,,,,,,,,,,,,,,,,,,,,,,,,,,,,,,,,,,,,,,,,,,,,,,,,,,,,,,,,,,,,,,,,,,
1676060280.792405,1676060280.792775,67.000000,0.000000,4317.307617,4295.256348,4326.922852,4318.717773,4294.615234,4312.692383,4313.333496,4349.358887,4307.692383,4299.102539,4505.256348,4510.897461,4409.615234,4447.307617,2451.000000,4.000000,85.000000,,,,0.000000,4.000000,4.000000,4.000000,4.000000,4.000000,4.000000,4.000000,4.000000,4.000000,4.000000,4.000000,4.000000,4.000000,4.000000,100.000000,,,,,,,,,,,,,,,,,,,,,,,,,,,,,,,,,,,,,,,,,,,,,,,,,,,,,,,,,,,,,,,,,,,,,,,,,,,,,,,,,,,,,,
1676060280.800214,1676060280.800484,68.000000,0.000000,4313.846191,4292.179688,4328.717773,4311.538574,4295.384766,4311.282227,4315.128418,4351.666504,4316.538574,4303.077148,4510.128418,4511.410156,4413.333496,4446.410156,2419.000000,4.000000,85.000000,,,,0.000000,4.000000,4.000000,4.000000,4.000000,4.000000,4.000000,4.000000,4.000000,4.000000,4.000000,4.000000,4.000000,4.000000,4.000000,100.000000,,,,,,,,,,,,,,,,,,,,,,,,,,,,,,,,,,,,,,,,,,,,,,,,,,,,,,,,,,,,,,,,,,,,,,,,,,,,,,,,,,,,,,
1676060280.808022,1676060280.808292,69.000000,0.000000,4309.487305,4283.717773,4325.256348,4305.897461,4289.743652,4308.846191,4309.615234,4343.717773,4313.461426,4301.410156,4497.179688,4505.512695,4409.871582,4438.846191,2349.000000,4.000000,85.000000,,,,0.000000,4.000000,4.000000,4.000000,4.000000,4.000000,4.000000,4.000000,4.000000,4.000000,4.000000,4.000000,4.000000,4.000000,4.000000,100.000000,,,,,,,,,,,,,,,,,,,,,,,,,,,,,,,,,,,,,,,,,,,,,,,,,,,,,,,,,,,,,,,,,,,,,,,,,,,,,,,,,,,,,,
1676060280.815831,1676060280.816001,70.000000,0.000000,4314.871582,4285.256348,4326.666504,4310.128418,4294.230957,4314.230957,4308.077148,4337.948730,4302.692383,4298.077148,4489.102539,4503.333496,4407.563965,4444.743652,2209.000000,4.000000,85.000000,,,,0.000000,4.000000,4.000000,4.000000,4.000000,4.000000,4.000000,4.000000,4.000000,4.000000,4.000000,4.000000,4.000000,4.000000,4.000000,100.000000,,,,,,,,,,,,,,,,,,,,,,,,,,,,,,,,,,,,,,,,,,,,,,,,,,,,,,,,,,,,,,,,,,,,,,,,,,,,,,,,,,,,,,
1676060280.823639,1676060280.823809,71.000000,0.000000,4313.717773,4281.922852,4324.743652,4301.666504,4298.461426,4321.025879,4310.769043,4332.692383,4295.384766,4285.256348,4490.641113,4497.948730,4400.897461,4444.102539,2211.000000,4.000000,85.000000,,,,0.000000,4.000000,4.000000,4.000000,4.000000,4.000000,4.000000,4.000000,4.000000,4.000000,4.000000,4.000000,4.000000,4.000000,4.000000,100.000000,,,,,,,,,,,,,,,,,,,,,,,,,,,,,,,,,,,,,,,,,,,,,,,,,,,,,,,,,,,,,,,,,,,,,,,,,,,,,,,,,,,,,,
1676060280.831447,1676060280.831518,72.000000,0.000000,4300.897461,4275.641113,4315.641113,4290.897461,4292.436035,4322.692383,4309.743652,4329.230957,4292.948730,4271.025879,4484.615234,4487.563965,4392.563965,4425.769043,2267.000000,4.000000,85.000000,,,,0.000000,4.000000,4.000000,4.000000,4.000000,4.000000,4.000000,4.000000,4.000000,4.000000,4.000000,4.000000,4.000000,4.000000,4.000000,100.000000,,,,,,,,,,,,,,,,,,,,,,,,,,,,,,,,,,,,,,,,,,,,,,,,,,,,,,,,,,,,,,,,,,,,,,,,,,,,,,,,,,,,,,
1676060280.839256,1676060280.839326,73.000000,0.000000,4302.179688,4283.846191,4319.743652,4302.307617,4289.102539,4323.461426,4308.333496,4339.743652,4304.615234,4283.974121,4484.871582,4492.436035,4403.077148,4427.948730,2239.000000,4.000000,85.000000,,,,0.000000,4.000000,4.000000,4.000000,4.000000,4.000000,4.000000,4.000000,4.000000,4.000000,4.000000,4.000000,4.000000,4.000000,4.000000,100.000000,,,,,,,,,,,,,,,,,,,,,,,,,,,,,,,,,,,,,,,,,,,,,,,,,,,,,,,,,,,,,,,,,,,,,,,,,,,,,,,,,,,,,,
1676060280.847064,1676060280.847035,74.000000,0.000000,4319.102539,4294.743652,4331.538574,4317.307617,4292.436035,4322.051270,4311.410156,4354.615234,4325.769043,4318.333496,4505.000000,4511.538574,4419.743652,4452.436035,2708.000000,4.000000,85.000000,,,,0.000000,4.000000,4.000000,4.000000,4.000000,4.000000,4.000000,4.000000,4.000000,4.000000,4.000000,4.000000,4.000000,4.000000,4.000000,100.000000,,,,,,,,,,,,,,,,,,,,,,,,,,,,,,,,,,,,,,,,,,,,,,,,,,,,,,,,,,,,,,,,,,,,,,,,,,,,,,,,,,,,,,
1676060280.854873,1676060280.854843,75.000000,0.000000,4310.641113,4286.922852,4325.256348,4307.820313,4285.128418,4309.743652,4311.282227,4354.743652,4326.410156,4326.282227,4508.974121,4511.794922,4414.487305,4449.743652,2897.000000,4.000000,85.000000,,,,0.000000,4.000000,4.000000,4.000000,4.000000,4.000000,4.000000,4.000000,4.000000,4.000000,4.000000,4.000000,4.000000,4.000000,4.000000,100.000000,,,,,,,,,,,,,,,,,,,,,,,,,,,,,,,,,,,,,,,,,,,,,,,,,,,,,,,,,,,,,,,,,,,,,,,,,,,,,,,,,,,,,,
1676060280.862681,1676060280.862551,76.000000,0.000000,4280.897461,4270.512695,4305.512695,4293.589844,4265.256348,4294.743652,4300.384766,4342.307617,4308.205078,4294.358887,4478.205078,4490.897461,4392.307617,4419.743652,3102.000000,4.000000,85.000000,,,,0.000000,4.000000,4.000000,4.000000,4.000000,4.000000,4.000000,4.000000,4.000000,4.000000,4.000000,4.000000,4.000000,4.000000,4.000000,100.000000,,,,,,,,,,,,,,,,,,,,,,,,,,,,,,,,,,,,,,,,,,,,,,,,,,,,,,,,,,,,,,,,,,,,,,,,,,,,,,,,,,,,,,
1676060280.870489,1676060280.870460,77.000000,0.000000,4282.307617,4277.948730,4303.974121,4305.384766,4259.615234,4295.256348,4296.922852,4338.589844,4304.743652,4278.589844,4459.102539,4487.563965,4381.410156,4414.487305,3218.000000,4.000000,85.000000,,,,0.000000,4.000000,4.000000,4.000000,4.000000,4.000000,4.000000,4.000000,4.000000,4.000000,4.000000,4.000000,4.000000,4.000000,4.000000,100.000000,,,,,,,,,,,,,,,,,,,,,,,,,,,,,,,,,,,,,,,,,,,,,,,,,,,,,,,,,,,,,,,,,,,,,,,,,,,,,,,,,,,,,,
1676060280.878298,1676060280.878268,78.000000,0.000000,4301.666504,4305.000000,4311.025879,4329.358887,4267.436035,4296.922852,4295.128418,4335.641113,4303.846191,4287.307617,4461.025879,4491.282227,4377.051270,4424.102539,2708.000000,4.000000,85.000000,,,,0.000000,4.000000,4.000000,4.000000,4.000000,4.000000,4.000000,4.000000,4.000000,4.000000,4.000000,4.000000,4.000000,4.000000,4.000000,100.000000,1.000000,25.000000,4.000000,3.000000,1.000000,4.000000,3.000000,4.000000,3.000000,3.000000,4.000000,3.000000,1.000000,1.000000,3.000000,1.000000,5.120435,3.160022,3.473543,1.355750,1.642771,17.465326,6.806732,2.798382,1.818725,1.954328,4.207149,3.603371,3.132101,1.648001,1.756963,5.181335,2.926822,2.010522,1.421506,1.407441,25.343811,7.218287,3.160109,1.281446,1.013260,1.457979,0.773766,0.679892,0.559147,0.652686,1.210379,1.719469,1.890722,1.158770,1.307117,1.409370,2.065258,3.176903,1.531404,1.723412,1.095373,2.172626,2.983572,1.855923,1.614449,1.610543,3.322893,3.611559,1.947510,1.666592,15.768641,9.519801,7.290788,2.448946,2.890472,3.778177,5.178686,5.199379,2.312116,2.947695,12.113617,7.704823,7.191784,1.981348,2.361920,8.067084,7.141809,6.317145,1.996798,2.589089
1676060280.886106,1676060280.886177,79.000000,0.000000,4278.461426,4310.256348,4289.743652,4325.256348,4258.333496,4283.205078,4271.538574,4306.025879,4271.282227,4256.538574,4424.871582,4458.205078,4340.512695,4391.666504,2897.000000,4.000000,85.000000,,,,0.000000,4.000000,4.000000,4.000000,4.000000,4.000000,4.000000,4.000000,4.000000,4.000000,4.000000,4.000000,4.000000,4.000000,4.000000,100.000000,,,,,,,,,,,,,,,,,,,,,,,,,,,,,,,,,,,,,,,,,,,,,,,,,,,,,,,,,,,,,,,,,,,,,,,,,,,,,,,,,,,,,,
1676060280.893915,1676060280.893985,80.000000,0.000000,4251.410156,4316.794922,4267.948730,4317.051270,4252.563965,4283.077148,4259.871582,4283.461426,4247.179688,4214.871582,4381.538574,4431.794922,4302.051270,4352.179688,3102.000000,4.000000,85.000000,,,,0.000000,4.000000,4.000000,4.000000,4.000000,4.000000,4.000000,4.000000,4.000000,4.000000,4.000000,4.000000,4.000000,4.000000,4.000000,100.000000,,,,,,,,,,,,,,,,,,,,,,,,,,,,,,,,,,,,,,,,,,,,,,,,,,,,,,,,,,,,,,,,,,,,,,,,,,,,,,,,,,,,,,
1676060280.901723,1676060280.901893,81.000000,0.000000,4273.846191,4355.512695,4285.512695,4343.077148,4273.205078,4308.589844,4286.282227,4305.000000,4273.205078,4245.384766,4397.820313,4458.974121,4308.846191,4368.461426,3218.000000,4.000000,85.000000,,,,0.000000,4.000000,4.000000,4.000000,4.000000,4.000000,4.000000,4.000000,4.000000,4.000000,4.000000,4.000000,4.000000,4.000000,4.000000,100.000000,,,,,,,,,,,,,,,,,,,,,,,,,,,,,,,,,,,,,,,,,,,,,,,,,,,,,,,,,,,,,,,,,,,,,,,,,,,,,,,,,,,,,,
1676060280.909531,1676060280.909702,82.000000,0.000000,4291.282227,4376.410156,4302.436035,4363.717773,4285.000000,4315.000000,4302.692383,4326.922852,4295.128418,4284.743652,4417.307617,4483.589844,4319.871582,4394.615234,2708.000000,4.000000,85.000000,,,,0.000000,4.000000,4.000000,4.000000,4.000000,4.000000,4.000000,4.000000,4.000000,4.000000,4.000000,4.000000,4.000000,4.000000,4.000000,100.000000,,,,,,,,,,,,,,,,,,,,,,,,,,,,,,,,,,,,,,,,,,,,,,,,,,,,,,,,,,,,,,,,,,,,,,,,,,,,,,,,,,,,,,
1676060280.917340,1676060280.917610,83.000000,0.000000,4288.333496,4368.461426,4303.717773,4361.666504,4281.025879,4302.692383,4293.205078,4324.230957,4287.948730,4271.666504,4414.102539,4484.871582,4318.077148,4396.410156,2897.000000,4.000000,85.000000,,,,0.000000,4.000000,4.000000,4.000000,4.000000,4.000000,4.000000,4.000000,4.000000,4.000000,4.000000,4.000000,4.000000,4.000000,4.000000,100.000000,,,,,,,,,,,,,,,,,,,,,,,,,,,,,,,,,,,,,,,,,,,,,,,,,,,,,,,,,,,,,,,,,,,,,,,,,,,,,,,,,,,,,,
1676060280.925148,1676060280.925419,84.000000,0.000000,4304.230957,4371.794922,4320.512695,4370.256348,4287.563965,4306.922852,4297.307617,4331.922852,4295.512695,4267.692383,4433.589844,4503.717773,4337.179688,4409.743652,3102.000000,4.000000,85.000000,,,,0.000000,4.000000,4.000000,4.000000,4.000000,4.000000,4.000000,4.000000,4.000000,4.000000,4.000000,4.000000,4.000000,4.000000,4.000000,100.000000,,,,,,,,,,,,,,,,,,,,,,,,,,,,,,,,,,,,,,,,,,,,,,,,,,,,,,,,,,,,,,,,,,,,,,,,,,,,,,,,,,,,,,
1676060280.932957,1676060280.933327,85.000000,0.000000,4311.666504,4375.512695,4329.102539,4374.615234,4291.282227,4311.666504,4302.179688,4339.102539,4306.538574,4282.820313,4446.025879,4515.256348,4345.000000,4416.794922,3218.000000,4.000000,85.000000,,,,0.000000,4.000000,4.000000,4.000000,4.000000,4.000000,4.000000,4.000000,4.000000,4.000000,4.000000,4.000000,4.000000,4.000000,4.000000,100.000000,,,,,,,,,,,,,,,,,,,,,,,,,,,,,,,,,,,,,,,,,,,,,,,,,,,,,,,,,,,,,,,,,,,,,,,,,,,,,,,,,,,,,,
1676060280.940765,1676060280.941135,86.000000,0.000000,4287.692383,4351.538574,4304.743652,4351.153809,4275.128418,4294.871582,4285.769043,4319.230957,4287.051270,4269.358887,4420.384766,4488.974121,4318.846191,4392.179688,2708.000000,4.000000,85.000000,,,,0.000000,4.000000,4.000000,4.000000,4.000000,4.000000,4.000000,4.000000,4.000000,4.000000,4.000000,4.000000,4.000000,4.000000,4.000000,100.000000,,,,,,,,,,,,,,,,,,,,,,,,,,,,,,,,,,,,,,,,,,,,,,,,,,,,,,,,,,,,,,,,,,,,,,,,,,,,,,,,,,,,,,
1676060280.948573,1676060280.949044,87.000000,0.000000,4275.512695,4329.487305,4294.358887,4336.922852,4262.051270,4282.692383,4275.128418,4306.666504,4273.974121,4249.871582,4408.205078,4476.922852,4310.897461,4386.666504,2897.000000,4.000000,85.000000,,,,0.000000,4.000000,4.000000,4.000000,4.000000,4.000000,4.000000,4.000000,4.000000,4.000000,4.000000,4.000000,4.000000,4.000000,4.000000,100.000000,,,,,,,,,,,,,,,,,,,,,,,,,,,,,,,,,,,,,,,,,,,,,,,,,,,,,,,,,,,,,,,,,,,,,,,,,,,,,,,,,,,,,,
1676060280.956382,1676060280.956852,88.000000,0.000000,4280.641113,4326.794922,4305.128418,4337.563965,4260.641113,4284.358887,4278.205078,4310.128418,4278.077148,4246.922852,4415.128418,4487.820313,4319.615234,4396.538574,3102.000000,4.000000,85.000000,,,,0.000000,4.000000,4.000000,4.000000,4.000000,4.000000,4.000000,4.000000,4.000000,4.000000,4.000000,4.000000,4.000000,4.000000,4.000000,100.000000,,,,,,,,,,,,,,,,,,,,,,,,,,,,,,,,,,,,,,,,,,,,,,,,,,,,,,,,,,,,,,,,,,,,,,,,,,,,,,,,,,,,,,
1676060280.964190,1676060280.964561,89.000000,0.000000,4287.563965,4337.948730,4310.000000,4339.487305,4268.205078,4291.794922,4289.487305,4313.717773,4275.897461,4254.102539,4417.692383,4493.333496,4322.179688,4398.205078,3218.000000,4.000000,85.000000,,,,0.000000,4.000000,4.000000,4.000000,4.000000,4.000000,4.000000,4.000000,4.000000,4.000000,4.000000,4.000000,4.000000,4.000000,4.000000,100.000000,,,,,,,,,,,,,,,,,,,,,,,,,,,,,,,,,,,,,,,,,,,,,,,,,,,,,,,,,,,,,,,,,,,,,,,,,,,,,,,,,,,,,,
1676060280.971998,1676060280.972369,90.000000,0.000000,4307.436035,4357.436035,4322.436035,4357.179688,4285.256348,4307.948730,4310.512695,4331.410156,4288.717773,4278.333496,4437.179688,4510.641113,4338.717773,4422.179688,2708.000000,4.000000,85.000000,,,,0.000000,4.000000,4.000000,4.000000,4.000000,4.000000,4.000000,4.000000,4.000000,4.000000,4.000000,4.000000,4.000000,4.000000,4.000000,100.000000,,,,,,,,,,,,,,,,,,,,,,,,,,,,,,,,,,,,,,,,,,,,,,,,,,,,,,,,,,,,,,,,,,,,,,,,,,,,,,,,,,,,,,
1676060280.979807,1676060280.980078,91.000000,0.000000,4324.358887,4363.205078,4335.000000,4372.563965,4291.922852,4321.282227,4323.077148,4349.230957,4305.897461,4292.179688,4459.487305,4530.000000,4358.589844,4446.666504,2897.000000,4.000000,85.000000,,,,0.000000,4.000000,4.000000,4.000000,4.000000,4.000000,4.000000,4.000000,4.000000,4.000000,4.000000,4.000000,4.000000,4.000000,4.000000,100.000000,,,,,,,,,,,,,,,,,,,,,,,,,,,,,,,,,,,,,,,,,,,,,,,,,,,,,,,,,,,,,,,,,,,,,,,,,,,,,,,,,,,,,,
1676060280.987615,1676060280.987886,92.000000,0.000000,4313.974121,4351.794922,4323.205078,4363.589844,4285.000000,4315.000000,4311.922852,4339.615234,4294.743652,4273.717773,4448.589844,4518.974121,4352.563965,4429.358887,3102.000000,4.000000,85.000000,,,,0.000000,4.000000,4.000000,4.000000,4.000000,4.000000,4.000000,4.000000,4.000000,4.000000,4.000000,4.000000,4.000000,4.000000,4.000000,100.000000,,,,,,,,,,,,,,,,,,,,,,,,,,,,,,,,,,,,,,,,,,,,,,,,,,,,,,,,,,,,,,,,,,,,,,,,,,,,,,,,,,,,,,
1676060280.995423,1676060280.995595,93.000000,0.000000,4287.051270,4330.256348,4299.615234,4339.743652,4274.743652,4300.256348,4295.897461,4319.102539,4274.487305,4257.051270,4411.282227,4488.717773,4318.717773,4387.307617,3218.000000,4.000000,85.000000,,,,0.000000,4.000000,4.000000,4.000000,4.000000,4.000000,4.000000,4.000000,4.000000,4.000000,4.000000,4.000000,4.000000,4.000000,4.000000,100.000000,,,,,,,,,,,,,,,,,,,,,,,,,,,,,,,,,,,,,,,,,,,,,,,,,,,,,,,,,,,,,,,,,,,,,,,,,,,,,,,,,,,,,,
1676060281.003232,1676060281.003503,94.000000,0.000000,4275.128418,4313.846191,4292.692383,4331.666504,4268.846191,4296.538574,4292.051270,4319.487305,4276.794922,4262.692383,4403.077148,4482.179688,4307.692383,4379.487305,2708.000000,4.000000,85.000000,,,,0.000000,4.000000,4.000000,4.000000,4.000000,4.000000,4.000000,4.000000,4.000000,4.000000,4.000000,4.000000,4.000000,4.000000,4.000000,100.000000,,,,,,,,,,,,,,,,,5.354450,3.561633,2.846864,1.308833,1.727220,23.234049,9.406583,2.972122,1.831234,1.967330,3.906308,3.760679,2.414378,1.602689,1.833183,5.785741,3.498968,1.835524,1.344933,1.401281,27.993494,7.510769,3.392058,1.328112,1.009159,1.316645,0.561256,0.691546,0.544230,0.669078,1.150731,1.396872,1.804343,1.081711,1.341994,1.945381,1.778871,2.809207,1.419411,1.792908,1.177179,1.814282,2.597717,1.683157,1.745671,2.017201,3.076798,3.133144,1.824200,1.769530,17.303028,10.907432,6.563001,2.143317,2.942868,4.300511,5.645345,4.205056,2.178684,3.044888,15.200235,9.268435,6.970831,1.663220,2.432184,9.738270,7.972808,5.595854,1.817624,2.700383
1676060281.011040,1676060281.011312,95.000000,0.000000,4281.538574,4304.487305,4295.641113,4334.358887,4267.436035,4293.589844,4286.153809,4325.000000,4286.153809,4266.794922,4434.487305,4492.563965,4343.461426,4405.128418,2897.000000,4.000000,85.000000,,,,0.000000,4.000000,4.000000,4.000000,4.000000,4.000000,4.000000,4.000000,4.000000,4.000000,4.000000,4.000000,4.000000,4.000000,4.000000,100.000000,,,,,,,,,,,,,,,,,,,,,,,,,,,,,,,,,,,,,,,,,,,,,,,,,,,,,,,,,,,,,,,,,,,,,,,,,,,,,,,,,,,,,,
1676060281.018849,1676060281.019220,96.000000,0.000000,4275.641113,4276.666504,4286.282227,4316.153809,4257.436035,4280.128418,4272.307617,4312.307617,4279.615234,4257.307617,4451.153809,4486.922852,4374.358887,4416.025879,3102.000000,4.000000,85.000000,,,,0.000000,4.000000,4.000000,4.000000,4.000000,4.000000,4.000000,4.000000,4.000000,4.000000,4.000000,4.000000,4.000000,4.000000,4.000000,100.000000,,,,,,,,,,,,,,,,,,,,,,,,,,,,,,,,,,,,,,,,,,,,,,,,,,,,,,,,,,,,,,,,,,,,,,,,,,,,,,,,,,,,,,
1676060281.026657,1676060281.027028,97.000000,0.000000,4280.769043,4253.589844,4291.410156,4305.769043,4255.128418,4278.333496,4277.563965,4317.563965,4285.769043,4271.282227,4466.410156,4498.974121,4395.512695,4427.820313,3218.000000,4.000000,85.000000,,,,0.000000,4.000000,4.000000,4.000000,4.000000,4.000000,4.000000,4.000000,4.000000,4.000000,4.000000,4.000000,4.000000,4.000000,4.000000,100.000000,,,,,,,,,,,,,,,,,,,,,,,,,,,,,,,,,,,,,,,,,,,,,,,,,,,,,,,,,,,,,,,,,,,,,,,,,,,,,,,,,,,,,,
1676060281.034465,1676060281.034837,98.000000,0.000000,4316.666504,4265.641113,4317.692383,4329.102539,4272.179688,4292.563965,4300.256348,4350.384766,4314.358887,4303.333496,4504.102539,4540.512695,4429.358887,4461.666504,2708.000000,4.000000,85.000000,,,,0.000000,4.000000,4.000000,4.000000,4.000000,4.000000,4.000000,4.000000,4.000000,4.000000,4.000000,4.000000,4.000000,4.000000,4.000000,100.000000,,,,,,,,,,,,,,,,,,,,,,,,,,,,,,,,,,,,,,,,,,,,,,,,,,,,,,,,,,,,,,,,,,,,,,,,,,,,,,,,,,,,,,
1676060281.042274,1676060281.042545,99.000000,0.000000,4322.820313,4271.922852,4321.410156,4335.769043,4277.051270,4298.205078,4302.563965,4355.000000,4321.282227,4307.307617,4511.666504,4547.307617,4432.948730,4467.820313,2897.000000,4.000000,85.000000,,,,0.000000,4.000000,4.000000,4.000000,4.000000,4.000000,4.000000,4.000000,4.000000,4.000000,4.000000,4.000000,4.000000,4.000000,4.000000,100.000000,,,,,,,,,,,,,,,,,,,,,,,,,,,,,,,,,,,,,,,,,,,,,,,,,,,,,,,,,,,,,,,,,,,,,,,,,,,,,,,,,,,,,,
1676060281.050082,1676060281.050354,100.000000,0.000000,4295.384766,4255.256348,4303.589844,4313.846191,4265.384766,4289.743652,4289.871582,4332.436035,4302.307617,4291.794922,4484.358887,4518.205078,4405.641113,4440.000000,3102.000000,4.000000,85.000000,,,,0.000000,4.000000,4.000000,4.000000,4.000000,4.000000,4.000000,4.000000,4.000000,4.000000,4.000000,4.000000,4.000000,4.000000,4.000000,100.000000,,,,,,,,,,,,,,,,,,,,,,,,,,,,,,,,,,,,,,,,,,,,,,,,,,,,,,,,,,,,,,,,,,,,,,,,,,,,,,,,,,,,,,
1676060281.057891,1676060281.058062,101.000000,0.000000,4297.179688,4256.025879,4308.461426,4314.102539,4269.102539,4287.948730,4297.051270,4340.641113,4306.282227,4294.358887,4485.000000,4520.512695,4407.692383,4441.025879,3218.000000,4.000000,85.000000,,,,0.000000,4.000000,4.000000,4.000000,4.000000,4.000000,4.000000,4.000000,4.000000,4.000000,4.000000,4.000000,4.000000,4.000000,4.000000,100.000000,,,,,,,,,,,,,,,,,,,,,,,,,,,,,,,,,,,,,,,,,,,,,,,,,,,,,,,,,,,,,,,,,,,,,,,,,,,,,,,,,,,,,,
1676060281.065699,1676060281.065971,102.000000,0.000000,4303.333496,4259.102539,4313.589844,4316.025879,4272.948730,4293.846191,4306.282227,4354.871582,4318.461426,4298.846191,4492.948730,4530.128418,4414.230957,4447.820313,2708.000000,4.000000,85.000000,,,,0.000000,4.000000,4.000000,4.000000,4.000000,4.000000,4.000000,4.000000,4.000000,4.000000,4.000000,4.000000,4.000000,4.000000,4.000000,100.000000,,,,,,,,,,,,,,,,,,,,,,,,,,,,,,,,,,,,,,,,,,,,,,,,,,,,,,,,,,,,,,,,,,,,,,,,,,,,,,,,,,,,,,
1676060281.073507,1676060281.073779,103.000000,0.000000,4291.153809,4249.102539,4303.589844,4302.820313,4267.307617,4302.051270,4304.615234,4346.794922,4311.153809,4288.077148,4482.948730,4519.743652,4402.948730,4433.846191,2897.000000,4.000000,85.000000,,,,0.000000,4.000000,4.000000,4.000000,4.000000,4.000000,4.000000,4.000000,4.000000,4.000000,4.000000,4.000000,4.000000,4.000000,4.000000,100.000000,,,,,,,,,,,,,,,,,,,,,,,,,,,,,,,,,,,,,,,,,,,,,,,,,,,,,,,,,,,,,,,,,,,,,,,,,,,,,,,,,,,,,,
1676060281.081316,1676060281.081687,104.000000,0.000000,4276.410156,4239.102539,4293.717773,4292.307617,4264.743652,4299.230957,4295.897461,4331.153809,4293.974121,4269.230957,4462.307617,4501.410156,4383.589844,4414.102539,3102.000000,4.000000,85.000000,,,,0.000000,4.000000,4.000000,4.000000,4.000000,4.000000,4.000000,4.000000,4.000000,4.000000,4.000000,4.000000,4.000000,4.000000,4.000000,100.000000,,,,,,,,,,,,,,,,,,,,,,,,,,,,,,,,,,,,,,,,,,,,,,,,,,,,,,,,,,,,,,,,,,,,,,,,,,,,,,,,,,,,,,
1676060281.089124,1676060281.089496,105.000000,0.000000,4253.205078,4222.179688,4273.205078,4275.512695,4256.666504,4285.256348,4276.410156,4301.538574,4265.000000,4240.769043,4424.615234,4465.384766,4352.563965,4384.102539,3218.000000,4.000000,85.000000,,,,0.000000,4.000000,4.000000,4.000000,4.000000,4.000000,4.000000,4.000000,4.000000,4.000000,4.000000,4.000000,4.000000,4.000000,4.000000,100.000000,,,,,,,,,,,,,,,,,,,,,,,,,,,,,,,,,,,,,,,,,,,,,,,,,,,,,,,,,,,,,,,,,,,,,,,,,,,,,,,,,,,,,,
1676060281.096933,1676060281.097404,106.000000,0.000000,4257.563965,4232.307617,4276.282227,4283.717773,4265.897461,4293.333496,4279.358887,4297.692383,4265.641113,4250.128418,4430.897461,4464.743652,4363.974121,4390.769043,2708.000000,4.000000,85.000000,,,,0.000000,4.000000,4.000000,4.000000,4.000000,4.000000,4.000000,4.000000,4.000000,4.000000,4.000000,4.000000,4.000000,4.000000,4.000000,100.000000,,,,,,,,,,,,,,,,,,,,,,,,,,,,,,,,,,,,,,,,,,,,,,,,,,,,,,,,,,,,,,,,,,,,,,,,,,,,,,,,,,,,,,
1676060281.104741,1676060281.105213,107.000000,0.000000,4305.897461,4277.051270,4317.436035,4327.051270,4296.794922,4316.922852,4306.410156,4338.205078,4305.512695,4300.256348,4492.179688,4520.641113,4418.589844,4445.769043,2897.000000,4.000000,85.000000,,,,0.000000,4.000000,4.000000,4.000000,4.000000,4.000000,4.000000,4.000000,4.000000,4.000000,4.000000,4.000000,4.000000,4.000000,4.000000,100.000000,,,,,,,,,,,,,,,,,,,,,,,,,,,,,,,,,,,,,,,,,,,,,,,,,,,,,,,,,,,,,,,,,,,,,,,,,,,,,,,,,,,,,,
1676060281.112549,1676060281.113121,108.000000,0.000000,4313.205078,4278.077148,4322.307617,4328.974121,4290.897461,4307.692383,4297.820313,4341.025879,4306.153809,4300.256348,4498.461426,4526.025879,4420.384766,4455.897461,3102.000000,4.000000,85.000000,,,,0.000000,4.000000,4.000000,4.000000,4.000000,4.000000,4.000000,4.000000,4.000000,4.000000,4.000000,4.000000,4.000000,4.000000,4.000000,100.000000,,,,,,,,,,,,,,,,,,,,,,,,,,,,,,,,,,,,,,,,,,,,,,,,,,,,,,,,,,,,,,,,,,,,,,,,,,,,,,,,,,,,,,
1676060281.120358,1676060281.120930,109.000000,0.000000,4275.769043,4241.922852,4288.205078,4291.794922,4261.025879,4279.358887,4268.846191,4301.025879,4271.666504,4261.538574,4450.128418,4474.871582,4379.230957,4411.410156,3218.000000,4.000000,85.000000,,,,0.000000,4.000000,4.000000,4.000000,4.000000,4.000000,4.000000,4.000000,4.000000,4.000000,4.000000,4.000000,4.000000,4.000000,4.000000,100.000000,,,,,,,,,,,,,,,,,,,,,,,,,,,,,,,,,,,,,,,,,,,,,,,,,,,,,,,,,,,,,,,,,,,,,,,,,,,,,,,,,,,,,,
1676060281.128166,1676060281.128838,110.000000,0.000000,4282.051270,4249.487305,4291.538574,4295.769043,4263.077148,4282.179688,4279.358887,4304.358887,4274.743652,4263.077148,4452.179688,4478.717773,4382.051270,4410.384766,2708.000000,4.000000,85.000000,,,,0.000000,4.000000,4.000000,4.000000,4.000000,4.000000,4.000000,4.000000,4.000000,4.000000,4.000000,4.000000,4.000000,4.000000,4.000000,100.000000,,,,,,,,,,,,,,,,,5.256011,4.060028,2.246964,1.322719,1.758402,27.695236,11.600017,3.259817,1.880443,1.897660,3.685706,4.027756,1.851310,1.608128,1.843758,6.117273,4.008636,1.794168,1.344661,1.368079,26.823013,6.942018,3.297114,1.286228,0.979417,1.178360,0.447630,0.761613,0.517938,0.672624,1.150074,1.186849,1.852037,0.997091,1.327248,2.629955,1.730260,2.587052,1.322933,1.790608,1.242010,1.743095,2.322358,1.504965,1.795241,2.290015,3.126794,2.697399,1.694361,1.810368,17.123621,12.632716,5.682317,1.899377,2.880597,4.768263,6.466624,3.357758,2.129194,3.012985,16.723553,11.425560,6.479490,1.422067,2.415270,10.524629,9.085617,4.744422,1.706534,2.697564
1676060281.135975,1676060281.136746,111.000000,0.000000,4310.128418,4271.666504,4313.077148,4317.436035,4271.538574,4295.384766,4294.358887,4327.692383,4290.897461,4274.615234,4481.922852,4513.974121,4402.307617,4445.000000,2897.000000,4.000000,85.000000,,,,0.000000,4.000000,4.000000,4.000000,4.000000,4.000000,4.000000,4.000000,4.000000,4.000000,4.000000,4.000000,4.000000,4.000000,4.000000,100.000000,,,,,,,,,,,,,,,,,,,,,,,,,,,,,,,,,,,,,,,,,,,,,,,,,,,,,,,,,,,,,,,,,,,,,,,,,,,,,,,,,,,,,,
1676060281.143783,1676060281.144555,112.000000,0.000000,4307.307617,4267.820313,4311.025879,4312.307617,4267.179688,4293.077148,4287.948730,4324.615234,4287.692383,4272.436035,4481.282227,4511.666504,4401.922852,4448.846191,3102.000000,4.000000,85.000000,,,,0.000000,4.000000,4.000000,4.000000,4.000000,4.000000,4.000000,4.000000,4.000000,4.000000,4.000000,4.000000,4.000000,4.000000,4.000000,100.000000,,,,,,,,,,,,,,,,,,,,,,,,,,,,,,,,,,,,,,,,,,,,,,,,,,,,,,,,,,,,,,,,,,,,,,,,,,,,,,,,,,,,,,
1676060281.151591,1676060281.152363,113.000000,0.000000,4303.589844,4273.589844,4315.897461,4313.717773,4274.871582,4297.563965,4297.051270,4329.871582,4299.358887,4293.717773,4482.820313,4510.128418,4410.897461,4441.922852,3218.000000,4.000000,85.000000,,,,0.000000,4.000000,4.000000,4.000000,4.000000,4.000000,4.000000,4.000000,4.000000,4.000000,4.000000,4.000000,4.000000,4.000000,4.000000,100.000000,,,,,,,,,,,,,,,,,,,,,,,,,,,,,,,,,,,,,,,,,,,,,,,,,,,,,,,,,,,,,,,,,,,,,,,,,,,,,,,,,,,,,,
1676060281.159400,1676060281.160072,114.000000,0.000000,4313.717773,4283.717773,4325.000000,4321.666504,4282.436035,4307.307617,4308.333496,4347.179688,4317.820313,4310.897461,4495.641113,4527.179688,4418.205078,4447.051270,2708.000000,4.000000,85.000000,,,,0.000000,4.000000,4.000000,4.000000,4.000000,4.000000,4.000000,4.000000,4.000000,4.000000,4.000000,4.000000,4.000000,4.000000,4.000000,100.000000,,,,,,,,,,,,,,,,,,,,,,,,,,,,,,,,,,,,,,,,,,,,,,,,,,,,,,,,,,,,,,,,,,,,,,,,,,,,,,,,,,,,,,
1676060281.167208,1676060281.167880,115.000000,0.000000,4313.461426,4271.538574,4316.153809,4314.743652,4277.948730,4308.974121,4300.000000,4348.589844,4314.487305,4295.769043,4491.025879,4525.641113,4407.436035,4448.077148,2897.000000,4.000000,85.000000,,,,0.000000,4.000000,4.000000,4.000000,4.000000,4.000000,4.000000,4.000000,4.000000,4.000000,4.000000,4.000000,4.000000,4.000000,4.000000,100.000000,,,,,,,,,,,,,,,,,,,,,,,,,,,,,,,,,,,,,,,,,,,,,,,,,,,,,,,,,,,,,,,,,,,,,,,,,,,,,,,,,,,,,,
1676060281.175016,1676060281.175589,116.000000,0.000000,4301.794922,4263.974121,4310.000000,4310.128418,4280.897461,4310.897461,4297.051270,4345.256348,4302.948730,4290.256348,4481.794922,4513.205078,4405.000000,4444.871582,3102.000000,4.000000,85.000000,,,,0.000000,4.000000,4.000000,4.000000,4.000000,4.000000,4.000000,4.000000,4.000000,4.000000,4.000000,4.000000,4.000000,4.000000,4.000000,100.000000,,,,,,,,,,,,,,,,,,,,,,,,,,,,,,,,,,,,,,,,,,,,,,,,,,,,,,,,,,,,,,,,,,,,,,,,,,,,,,,,,,,,,,
1676060281.182825,1676060281.183397,117.000000,0.000000,4293.333496,4262.563965,4307.948730,4305.000000,4280.256348,4309.871582,4301.538574,4345.128418,4298.077148,4291.666504,4478.205078,4506.153809,4405.769043,4436.410156,3218.000000,4.000000,85.000000,,,,0.000000,4.000000,4.000000,4.000000,4.000000,4.000000,4.000000,4.000000,4.000000,4.000000,4.000000,4.000000,4.000000,4.000000,4.000000,100.000000,,,,,,,,,,,,,,,,,,,,,,,,,,,,,,,,,,,,,,,,,,,,,,,,,,,,,,,,,,,,,,,,,,,,,,,,,,,,,,,,,,,,,,
1676060281.190633,1676060281.191106,118.000000,0.000000,4285.128418,4246.794922,4293.589844,4289.230957,4264.487305,4296.153809,4293.205078,4332.692383,4291.153809,4265.000000,4463.974121,4492.563965,4385.512695,4416.410156,2708.000000,4.000000,85.000000,,,,0.000000,4.000000,4.000000,4.000000,4.000000,4.000000,4.000000,4.000000,4.000000,4.000000,4.000000,4.000000,4.000000,4.000000,4.000000,100.000000,,,,,,,,,,,,,,,,,,,,,,,,,,,,,,,,,,,,,,,,,,,,,,,,,,,,,,,,,,,,,,,,,,,,,,,,,,,,,,,,,,,,,,
1676060281.198442,1676060281.198914,119.000000,0.000000,4293.589844,4253.846191,4297.692383,4301.282227,4270.128418,4294.871582,4291.794922,4332.436035,4291.922852,4261.794922,4467.307617,4496.410156,4386.922852,4420.897461,2897.000000,4.000000,85.000000,,,,0.000000,4.000000,4.000000,4.000000,4.000000,4.000000,4.000000,4.000000,4.000000,4.000000,4.000000,4.000000,4.000000,4.000000,4.000000,100.000000,,,,,,,,,,,,,,,,,,,,,,,,,,,,,,,,,,,,,,,,,,,,,,,,,,,,,,,,,,,,,,,,,,,,,,,,,,,,,,,,,,,,,,
1676060281.206250,1676060281.206623,120.000000,0.000000,4300.769043,4271.282227,4312.051270,4316.794922,4282.436035,4298.461426,4290.256348,4336.410156,4293.461426,4285.769043,4481.153809,4501.153809,4400.897461,4435.000000,3102.000000,4.000000,85.000000,,,,0.000000,4.000000,4.000000,4.000000,4.000000,4.000000,4.000000,4.000000,4.000000,4.000000,4.000000,4.000000,4.000000,4.000000,4.000000,100.000000,,,,,,,,,,,,,,,,,,,,,,,,,,,,,,,,,,,,,,,,,,,,,,,,,,,,,,,,,,,,,,,,,,,,,,,,,,,,,,,,,,,,,,
1676060281.214058,1676060281.214431,121.000000,0.000000,4281.538574,4252.179688,4295.512695,4295.128418,4268.846191,4282.563965,4269.871582,4313.333496,4278.333496,4277.179688,4467.563965,4474.358887,4375.256348,4413.205078,3218.000000,4.000000,85.000000,,,,0.000000,4.000000,4.000000,4.000000,4.000000,4.000000,4.000000,4.000000,4.000000,4.000000,4.000000,4.000000,4.000000,4.000000,4.000000,100.000000,,,,,,,,,,,,,,,,,,,,,,,,,,,,,,,,,,,,,,,,,,,,,,,,,,,,,,,,,,,,,,,,,,,,,,,,,,,,,,,,,,,,,,
1676060281.221867,1676060281.222140,122.000000,0.000000,4286.794922,4248.974121,4292.948730,4294.615234,4266.794922,4276.922852,4268.461426,4305.128418,4277.563965,4266.794922,4475.384766,4478.461426,4371.153809,4412.820313,2708.000000,4.000000,85.000000,,,,0.000000,4.000000,4.000000,4.000000,4.000000,4.000000,4.000000,4.000000,4.000000,4.000000,4.000000,4.000000,4.000000,4.000000,4.000000,100.000000,,,,,,,,,,,,,,,,,,,,,,,,,,,,,,,,,,,,,,,,,,,,,,,,,,,,,,,,,,,,,,,,,,,,,,,,,,,,,,,,,,,,,,
1676060281.229675,1676060281.229948,123.000000,0.000000,4328.974121,4286.153809,4329.871582,4331.666504,4294.615234,4299.102539,4297.307617,4336.282227,4303.589844,4295.384766,4522.179688,4527.563965,4421.153809,4461.666504,2897.000000,4.000000,85.000000,,,,0.000000,4.000000,4.000000,4.000000,4.000000,4.000000,4.000000,4.000000,4.000000,4.000000,4.000000,4.000000,4.000000,4.000000,4.000000,100.000000,,,,,,,,,,,,,,,,,,,,,,,,,,,,,,,,,,,,,,,,,,,,,,,,,,,,,,,,,,,,,,,,,,,,,,,,,,,,,,,,,,,,,,
1676060281.237483,1676060281.237657,124.000000,0.000000,4344.230957,4300.641113,4347.436035,4342.948730,4305.897461,4314.358887,4314.358887,4358.846191,4320.384766,4321.538574,4542.179688,4545.000000,4446.025879,4484.358887,3102.000000,4.000000,85.000000,,,,0.000000,4.000000,4.000000,4.000000,4.000000,4.000000,4.000000,4.000000,4.000000,4.000000,4.000000,4.000000,4.000000,4.000000,4.000000,100.000000,,,,,,,,,,,,,,,,,,,,,,,,,,,,,,,,,,,,,,,,,,,,,,,,,,,,,,,,,,,,,,,,,,,,,,,,,,,,,,,,,,,,,,
1676060281.245292,1676060281.245465,125.000000,0.000000,4316.282227,4277.436035,4322.436035,4316.282227,4286.666504,4303.333496,4305.384766,4350.641113,4311.794922,4305.641113,4519.871582,4518.717773,4422.051270,4460.000000,3218.000000,4.000000,85.000000,,,,0.000000,4.000000,4.000000,4.000000,4.000000,4.000000,4.000000,4.000000,4.000000,4.000000,4.000000,4.000000,4.000000,4.000000,4.000000,100.000000,,,,,,,,,,,,,,,,,,,,,,,,,,,,,,,,,,,,,,,,,,,,,,,,,,,,,,,,,,,,,,,,,,,,,,,,,,,,,,,,,,,,,,
1676060281.253100,1676060281.253174,126.000000,0.000000,4300.384766,4266.666504,4302.948730,4299.871582,4275.384766,4292.563965,4295.384766,4341.153809,4303.974121,4283.333496,4505.641113,4501.794922,4407.948730,4443.077148,2708.000000,4.000000,85.000000,,,,0.000000,4.000000,4.000000,4.000000,4.000000,4.000000,4.000000,4.000000,4.000000,4.000000,4.000000,4.000000,4.000000,4.000000,4.000000,100.000000,,,,,,,,,,,,,,,,,4.897575,4.563914,1.792562,1.388620,1.729118,29.712963,12.692709,3.606274,1.911373,1.747380,3.566033,4.411170,1.531802,1.664466,1.778163,6.133221,4.295491,1.886781,1.404433,1.312698,22.272995,5.665959,2.936937,1.170307,0.922467,1.125080,0.483947,0.905382,0.484669,0.661290,1.240482,1.129369,2.022053,0.919640,1.256599,3.352856,1.869452,2.546488,1.248107,1.709774,1.297988,1.940485,2.238817,1.347203,1.747321,2.396905,3.417774,2.491604,1.579513,1.796724,14.976102,14.314600,4.782267,1.813319,2.718421,5.049695,7.501750,2.793393,2.172936,2.854412,16.169294,13.616031,5.754456,1.350955,2.321681,10.241117,10.227500,3.895972,1.720178,2.593119
1676060281.260908,1676060281.261082,127.000000,0.000000,4299.102539,4266.794922,4297.948730,4295.769043,4278.974121,4296.538574,4288.333496,4332.051270,4296.922852,4280.769043,4495.769043,4490.128418,4404.871582,4440.769043,85.000000,4.000000,85.000000,,,,0.000000,4.000000,4.000000,4.000000,4.000000,4.000000,4.000000,4.000000,4.000000,4.000000,4.000000,4.000000,4.000000,4.000000,4.000000,100.000000,,,,,,,,,,,,,,,,,,,,,,,,,,,,,,,,,,,,,,,,,,,,,,,,,,,,,,,,,,,,,,,,,,,,,,,,,,,,,,,,,,,,,,
1676060281.268717,1676060281.268890,0.000000,0.000000,4284.358887,4250.897461,4283.077148,4283.846191,4277.436035,4297.692383,4279.230957,4321.025879,4282.436035,4281.410156,4472.692383,4468.974121,4383.077148,4425.897461,2515.000000,4.000000,85.000000,,,,0.000000,4.000000,4.000000,4.000000,4.000000,4.000000,4.000000,4.000000,4.000000,4.000000,4.000000,4.000000,4.000000,4.000000,4.000000,100.000000,,,,,,,,,,,,,,,,,,,,,,,,,,,,,,,,,,,,,,,,,,,,,,,,,,,,,,,,,,,,,,,,,,,,,,,,,,,,,,,,,,,,,,
1676060281.276525,1676060281.276799,1.000000,0.000000,4280.512695,4245.256348,4280.512695,4283.461426,4272.820313,4291.538574,4281.410156,4322.307617,4281.666504,4273.846191,4467.820313,4466.282227,4371.410156,4417.436035,2459.000000,4.000000,85.000000,,,,0.000000,4.000000,4.000000,4.000000,4.000000,4.000000,4.000000,4.000000,4.000000,4.000000,4.000000,4.000000,4.000000,4.000000,4.000000,100.000000,,,,,,,,,,,,,,,,,,,,,,,,,,,,,,,,,,,,,,,,,,,,,,,,,,,,,,,,,,,,,,,,,,,,,,,,,,,,,,,,,,,,,,
1676060281.284334,1676060281.284607,2.000000,0.000000,4299.743652,4266.282227,4303.461426,4299.230957,4277.948730,4297.051270,4298.333496,4335.641113,4297.436035,4282.692383,4488.205078,4492.179688,4396.282227,4436.538574,2384.000000,4.000000,85.000000,,,,0.000000,4.000000,4.000000,4.000000,4.000000,4.000000,4.000000,4.000000,4.000000,4.000000,4.000000,4.000000,4.000000,4.000000,4.000000,100.000000,,,,,,,,,,,,,,,,,,,,,,,,,,,,,,,,,,,,,,,,,,,,,,,,,,,,,,,,,,,,,,,,,,,,,,,,,,,,,,,,,,,,,,
1676060281.292142,1676060281.292516,3.000000,0.000000,4310.512695,4276.666504,4316.282227,4304.487305,4283.205078,4310.128418,4307.051270,4342.948730,4304.871582,4299.358887,4500.897461,4508.205078,4415.512695,4453.974121,2471.000000,4.000000,85.000000,,,,0.000000,4.000000,4.000000,4.000000,4.000000,4.000000,4.000000,4.000000,4.000000,4.000000,4.000000,4.000000,4.000000,4.000000,4.000000,100.000000,,,,,,,,,,,,,,,,,,,,,,,,,,,,,,,,,,,,,,,,,,,,,,,,,,,,,,,,,,,,,,,,,,,,,,,,,,,,,,,,,,,,,,
1676060281.299950,1676060281.300324,4.000000,0.000000,4298.974121,4261.153809,4304.615234,4294.871582,4276.153809,4303.205078,4293.974121,4329.102539,4292.563965,4281.282227,4487.820313,4493.333496,4398.077148,4441.922852,2428.000000,4.000000,85.000000,,,,0.000000,4.000000,4.000000,4.000000,4.000000,4.000000,4.000000,4.000000,4.000000,4.000000,4.000000,4.000000,4.000000,4.000000,4.000000,100.000000,,,,,,,,,,,,,,,,,,,,,,,,,,,,,,,,,,,,,,,,,,,,,,,,,,,,,,,,,,,,,,,,,,,,,,,,,,,,,,,,,,,,,,
1676060281.307759,1676060281.308232,5.000000,0.000000,4307.563965,4268.974121,4311.538574,4306.922852,4283.589844,4297.563965,4293.974121,4323.974121,4290.641113,4279.102539,4487.563965,4494.358887,4396.794922,4443.333496,2361.000000,4.000000,85.000000,,,,0.000000,4.000000,4.000000,4.000000,4.000000,4.000000,4.000000,4.000000,4.000000,4.000000,4.000000,4.000000,4.000000,4.000000,4.000000,100.000000,,,,,,,,,,,,,,,,,,,,,,,,,,,,,,,,,,,,,,,,,,,,,,,,,,,,,,,,,,,,,,,,,,,,,,,,,,,,,,,,,,,,,,
1676060281.315567,1676060281.316041,6.000000,0.000000,4327.563965,4294.743652,4333.077148,4326.922852,4301.410156,4310.897461,4310.384766,4340.000000,4306.538574,4308.333496,4506.410156,4517.820313,4420.769043,4467.692383,2212.000000,4.000000,85.000000,,,,0.000000,4.000000,4.000000,4.000000,4.000000,4.000000,4.000000,4.000000,4.000000,4.000000,4.000000,4.000000,4.000000,4.000000,4.000000,100.000000,,,,,,,,,,,,,,,,,,,,,,,,,,,,,,,,,,,,,,,,,,,,,,,,,,,,,,,,,,,,,,,,,,,,,,,,,,,,,,,,,,,,,,
1676060281.323376,1676060281.323949,7.000000,0.000000,4307.179688,4279.615234,4317.307617,4310.769043,4287.948730,4305.000000,4295.512695,4326.410156,4301.153809,4293.589844,4488.205078,4502.051270,4404.743652,4450.128418,2211.000000,4.000000,85.000000,,,,0.000000,4.000000,4.000000,4.000000,4.000000,4.000000,4.000000,4.000000,4.000000,4.000000,4.000000,4.000000,4.000000,4.000000,4.000000,100.000000,,,,,,,,,,,,,,,,,,,,,,,,,,,,,,,,,,,,,,,,,,,,,,,,,,,,,,,,,,,,,,,,,,,,,,,,,,,,,,,,,,,,,,
1676060281.331184,1676060281.331758,8.000000,0.000000,4295.512695,4264.487305,4303.205078,4301.538574,4274.871582,4291.794922,4277.179688,4305.000000,4286.666504,4271.794922,4468.974121,4482.820313,4385.000000,4427.692383,2272.000000,4.000000,85.000000,,,,0.000000,4.000000,4.000000,4.000000,4.000000,4.000000,4.000000,4.000000,4.000000,4.000000,4.000000,4.000000,4.000000,4.000000,4.000000,100.000000,,,,,,,,,,,,,,,,,,,,,,,,,,,,,,,,,,,,,,,,,,,,,,,,,,,,,,,,,,,,,,,,,,,,,,,,,,,,,,,,,,,,,,
1676060281.338992,1676060281.339466,9.000000,0.000000,4316.666504,4280.769043,4321.538574,4316.538574,4290.000000,4302.307617,4289.102539,4321.538574,4290.512695,4292.948730,4487.436035,4500.512695,4401.282227,4445.512695,2247.000000,4.000000,85.000000,,,,0.000000,4.000000,4.000000,4.000000,4.000000,4.000000,4.000000,4.000000,4.000000,4.000000,4.000000,4.000000,4.000000,4.000000,4.000000,100.000000,,,,,,,,,,,,,,,,,,,,,,,,,,,,,,,,,,,,,,,,,,,,,,,,,,,,,,,,,,,,,,,,,,,,,,,,,,,,,,,,,,,,,,
1676060281.346801,1676060281.347275,10.000000,0.000000,4314.487305,4283.589844,4322.051270,4311.025879,4292.692383,4306.666504,4293.333496,4334.358887,4296.282227,4297.051270,4491.922852,4500.128418,4404.743652,4448.333496,2713.000000,4.000000,85.000000,,,,0.000000,4.000000,4.000000,4.000000,4.000000,4.000000,4.000000,4.000000,4.000000,4.000000,4.000000,4.000000,4.000000,4.000000,4.000000,100.000000,,,,,,,,,,,,,,,,,,,,,,,,,,,,,,,,,,,,,,,,,,,,,,,,,,,,,,,,,,,,,,,,,,,,,,,,,,,,,,,,,,,,,,
1676060281.354609,1676060281.354983,11.000000,0.000000,4296.025879,4269.743652,4302.563965,4295.384766,4281.025879,4296.153809,4287.051270,4324.743652,4295.641113,4273.333496,4475.769043,4485.256348,4397.051270,4435.641113,2909.000000,4.000000,85.000000,,,,0.000000,4.000000,4.000000,4.000000,4.000000,4.000000,4.000000,4.000000,4.000000,4.000000,4.000000,4.000000,4.000000,4.000000,4.000000,100.000000,,,,,,,,,,,,,,,,,,,,,,,,,,,,,,,,,,,,,,,,,,,,,,,,,,,,,,,,,,,,,,,,,,,,,,,,,,,,,,,,,,,,,,
1676060281.362418,1676060281.362792,12.000000,0.000000,4305.641113,4275.769043,4310.000000,4301.538574,4290.641113,4304.487305,4301.794922,4335.641113,4300.641113,4279.487305,4486.025879,4499.615234,4409.871582,4451.025879,3119.000000,4.000000,85.000000,,,,0.000000,4.000000,4.000000,4.000000,4.000000,4.000000,4.000000,4.000000,4.000000,4.000000,4.000000,4.000000,4.000000,4.000000,4.000000,100.000000,,,,,,,,,,,,,,,,,,,,,,,,,,,,,,,,,,,,,,,,,,,,,,,,,,,,,,,,,,,,,,,,,,,,,,,,,,,,,,,,,,,,,,
1676060281.370226,1676060281.370500,13.000000,0.000000,4314.102539,4284.615234,4325.897461,4307.692383,4302.563965,4319.487305,4316.794922,4352.692383,4306.153809,4299.230957,4503.974121,4511.410156,4415.641113,4464.102539,3238.000000,4.000000,85.000000,,,,0.000000,4.000000,4.000000,4.000000,4.000000,4.000000,4.000000,4.000000,4.000000,4.000000,4.000000,4.000000,4.000000,4.000000,4.000000,100.000000,,,,,,,,,,,,,,,,,,,,,,,,,,,,,,,,,,,,,,,,,,,,,,,,,,,,,,,,,,,,,,,,,,,,,,,,,,,,,,,,,,,,,,
1676060281.378034,1676060281.378309,14.000000,0.000000,4294.615234,4270.000000,4312.051270,4291.153809,4285.769043,4307.179688,4301.666504,4336.410156,4297.436035,4291.025879,4483.205078,4485.256348,4392.563965,4439.102539,2713.000000,4.000000,85.000000,,,,0.000000,4.000000,4.000000,4.000000,4.000000,4.000000,4.000000,4.000000,4.000000,4.000000,4.000000,4.000000,4.000000,4.000000,4.000000,100.000000,1.000000,25.000000,3.000000,3.000000,1.000000,4.000000,3.000000,4.000000,3.000000,3.000000,4.000000,3.000000,1.000000,1.000000,1.000000,1.000000,4.439909,4.946543,1.574746,1.506366,1.657509,29.169409,12.342600,3.972495,1.888217,1.545108,3.519995,4.808750,1.447804,1.759049,1.649171,5.922399,4.243207,2.070407,1.497152,1.248424,15.980886,4.087385,2.481004,1.021724,0.844187,1.176563,0.680694,1.137534,0.451836,0.637707,1.416503,1.214103,2.272535,0.869694,1.141775,3.945265,2.119816,2.687969,1.217252,1.575850,1.351372,2.314784,2.367646,1.247446,1.626350,2.379151,3.814793,2.643619,1.547780,1.765866,11.798021,15.593434,4.024806,1.962080,2.503946,5.079848,8.488232,2.553919,2.319137,2.618486,14.178598,15.297684,4.926983,1.524716,2.182819,9.141164,11.120300,3.193433,1.911689,2.433702
1676060281.385843,1676060281.386017,15.000000,0.000000,4286.794922,4260.897461,4298.461426,4284.615234,4275.512695,4295.384766,4288.461426,4317.692383,4286.282227,4281.153809,4462.179688,4467.436035,4381.410156,4423.846191,2909.000000,4.000000,85.000000,,,,0.000000,4.000000,4.000000,4.000000,4.000000,4.000000,4.000000,4.000000,4.000000,4.000000,4.000000,4.000000,4.000000,4.000000,4.000000,100.000000,,,,,,,,,,,,,,,,,,,,,,,,,,,,,,,,,,,,,,,,,,,,,,,,,,,,,,,,,,,,,,,,,,,,,,,,,,,,,,,,,,,,,,
1676060281.393651,1676060281.393826,16.000000,0.000000,4307.307617,4279.102539,4311.922852,4302.948730,4290.897461,4308.846191,4299.871582,4327.307617,4295.897461,4295.000000,4484.743652,4493.205078,4406.794922,4452.179688,0.000000,4.000000,85.000000,,,,0.000000,4.000000,4.000000,4.000000,4.000000,4.000000,4.000000,4.000000,4.000000,4.000000,4.000000,4.000000,4.000000,4.000000,4.000000,100.000000,,,,,,,,,,,,,,,,,,,,,,,,,,,,,,,,,,,,,,,,,,,,,,,,,,,,,,,,,,,,,,,,,,,,,,,,,,,,,,,,,,,,,,
1676060281.401460,1676060281.401534,17.000000,0.000000,4324.743652,4293.205078,4327.179688,4315.512695,4297.307617,4312.692383,4306.922852,4337.436035,4310.128418,4309.871582,4509.102539,4513.077148,4425.769043,4476.922852,0.000000,4.000000,85.000000,,,,0.000000,4.000000,4.000000,4.000000,4.000000,4.000000,4.000000,4.000000,4.000000,4.000000,4.000000,4.000000,4.000000,4.000000,4.000000,100.000000,,,,,,,,,,,,,,,,,,,,,,,,,,,,,,,,,,,,,,,,,,,,,,,,,,,,,,,,,,,,,,,,,,,,,,,,,,,,,,,,,,,,,,
1676060281.409268,1676060281.409343,18.000000,0.000000,4324.230957,4284.487305,4331.025879,4308.717773,4290.769043,4297.948730,4298.077148,4332.179688,4307.692383,4300.256348,4501.410156,4505.384766,4417.692383,4468.589844,0.000000,4.000000,85.000000,,,,0.000000,4.000000,4.000000,4.000000,4.000000,4.000000,4.000000,4.000000,4.000000,4.000000,4.000000,4.000000,4.000000,4.000000,4.000000,100.000000,,,,,,,,,,,,,,,,,,,,,,,,,,,,,,,,,,,,,,,,,,,,,,,,,,,,,,,,,,,,,,,,,,,,,,,,,,,,,,,,,,,,,,
1676060281.417076,1676060281.417051,19.000000,0.000000,4317.948730,4272.051270,4328.205078,4298.205078,4288.589844,4293.846191,4289.743652,4323.589844,4298.333496,4278.974121,4482.948730,4498.461426,4404.358887,4452.948730,0.000000,4.000000,85.000000,,,,0.000000,4.000000,4.000000,4.000000,4.000000,4.000000,4.000000,4.000000,4.000000,4.000000,4.000000,4.000000,4.000000,4.000000,4.000000,100.000000,,,,,,,,,,,,,,,,,,,,,,,,,,,,,,,,,,,,,,,,,,,,,,,,,,,,,,,,,,,,,,,,,,,,,,,,,,,,,,,,,,,,,,
1676060281.424885,1676060281.424860,20.000000,0.000000,4320.128418,4281.153809,4327.948730,4307.436035,4295.256348,4307.307617,4295.897461,4326.410156,4302.436035,4285.256348,4486.922852,4505.128418,4405.384766,4459.743652,0.000000,4.000000,85.000000,,,,0.000000,4.000000,4.000000,4.000000,4.000000,4.000000,4.000000,4.000000,4.000000,4.000000,4.000000,4.000000,4.000000,4.000000,4.000000,100.000000,,,,,,,,,,,,,,,,,,,,,,,,,,,,,,,,,,,,,,,,,,,,,,,,,,,,,,,,,,,,,,,,,,,,,,,,,,,,,,,,,,,,,,
1676060281.432693,1676060281.432568,21.000000,0.000000,4331.410156,4306.794922,4338.589844,4326.538574,4303.589844,4313.461426,4302.436035,4338.589844,4314.743652,4316.538574,4506.538574,4512.307617,4418.205078,4478.974121,0.000000,4.000000,85.000000,,,,0.000000,4.000000,4.000000,4.000000,4.000000,4.000000,4.000000,4.000000,4.000000,4.000000,4.000000,4.000000,4.000000,4.000000,4.000000,100.000000,,,,,,,,,,,,,,,,,,,,,,,,,,,,,,,,,,,,,,,,,,,,,,,,,,,,,,,,,,,,,,,,,,,,,,,,,,,,,,,,,,,,,,
1676060281.440501,1676060281.440476,22.000000,0.000000,4338.974121,4323.205078,4342.820313,4328.846191,4305.769043,4309.487305,4300.256348,4342.179688,4317.563965,4320.000000,4508.846191,4511.282227,4425.256348,4483.974121,0.000000,4.000000,85.000000,,,,0.000000,4.000000,4.000000,4.000000,4.000000,4.000000,4.000000,4.000000,4.000000,4.000000,4.000000,4.000000,4.000000,4.000000,4.000000,100.000000,,,,,,,,,,,,,,,,,,,,,,,,,,,,,,,,,,,,,,,,,,,,,,,,,,,,,,,,,,,,,,,,,,,,,,,,,,,,,,,,,,,,,,
1676060281.448310,1676060281.448285,23.000000,0.000000,4322.436035,4312.692383,4321.410156,4313.333496,4296.025879,4303.717773,4292.948730,4332.820313,4308.461426,4285.641113,4484.358887,4493.846191,4403.333496,4458.717773,0.000000,4.000000,85.000000,,,,0.000000,4.000000,4.000000,4.000000,4.000000,4.000000,4.000000,4.000000,4.000000,4.000000,4.000000,4.000000,4.000000,4.000000,4.000000,100.000000,,,,,,,,,,,,,,,,,,,,,,,,,,,,,,,,,,,,,,,,,,,,,,,,,,,,,,,,,,,,,,,,,,,,,,,,,,,,,,,,,,,,,,
1676060281.456118,1676060281.456193,24.000000,0.000000,4300.256348,4304.102539,4301.794922,4304.230957,4288.589844,4296.538574,4287.948730,4323.077148,4295.897461,4274.743652,4467.179688,4470.897461,4371.794922,4431.153809,0.000000,4.000000,85.000000,,,,0.000000,4.000000,4.000000,4.000000,4.000000,4.000000,4.000000,4.000000,4.000000,4.000000,4.000000,4.000000,4.000000,4.000000,4.000000,100.000000,,,,,,,,,,,,,,,,,,,,,,,,,,,,,,,,,,,,,,,,,,,,,,,,,,,,,,,,,,,,,,,,,,,,,,,,,,,,,,,,,,,,,,
1676060281.463927,1676060281.464002,25.000000,0.000000,4305.384766,4321.282227,4308.717773,4311.153809,4293.333496,4296.666504,4291.410156,4319.487305,4290.641113,4281.922852,4476.794922,4470.897461,4364.358887,4432.948730,0.000000,4.000000,85.000000,,,,0.000000,4.000000,4.000000,4.000000,4.000000,4.000000,4.000000,4.000000,4.000000,4.000000,4.000000,4.000000,4.000000,4.000000,4.000000,100.000000,,,,,,,,,,,,,,,,,,,,,,,,,,,,,,,,,,,,,,,,,,,,,,,,,,,,,,,,,,,,,,,,,,,,,,,,,,,,,,,,,,,,,,
1676060281.471735,1676060281.471910,26.000000,0.000000,4314.230957,4332.563965,4314.487305,4312.563965,4295.641113,4305.000000,4296.153809,4319.102539,4291.153809,4266.922852,4479.871582,4477.563965,4360.256348,4434.743652,0.000000,4.000000,85.000000,,,,0.000000,4.000000,4.000000,4.000000,4.000000,4.000000,4.000000,4.000000,4.000000,4.000000,4.000000,4.000000,4.000000,4.000000,4.000000,100.000000,,,,,,,,,,,,,,,,,,,,,,,,,,,,,,,,,,,,,,,,,,,,,,,,,,,,,,,,,,,,,,,,,,,,,,,,,,,,,,,,,,,,,,
1676060281.479543,1676060281.479718,27.000000,0.000000,4306.153809,4327.948730,4308.717773,4311.025879,4294.871582,4309.871582,4295.128418,4319.230957,4292.307617,4262.820313,4474.230957,4473.077148,4353.461426,4423.974121,0.000000,4.000000,85.000000,,,,0.000000,4.000000,4.000000,4.000000,4.000000,4.000000,4.000000,4.000000,4.000000,4.000000,4.000000,4.000000,4.000000,4.000000,4.000000,100.000000,,,,,,,,,,,,,,,,,,,,,,,,,,,,,,,,,,,,,,,,,,,,,,,,,,,,,,,,,,,,,,,,,,,,,,,,,,,,,,,,,,,,,,
1676060281.487352,1676060281.487627,28.000000,0.000000,4307.692383,4330.641113,4315.512695,4316.794922,4294.871582,4308.461426,4292.948730,4314.487305,4289.871582,4284.358887,4488.205078,4475.512695,4366.538574,4432.820313,0.000000,4.000000,85.000000,,,,0.000000,4.000000,4.000000,4.000000,4.000000,4.000000,4.000000,4.000000,4.000000,4.000000,4.000000,4.000000,4.000000,4.000000,4.000000,100.000000,,,,,,,,,,,,,,,,,,,,,,,,,,,,,,,,,,,,,,,,,,,,,,,,,,,,,,,,,,,,,,,,,,,,,,,,,,,,,,,,,,,,,,
1676060281.495160,1676060281.495435,29.000000,0.000000,4334.102539,4345.769043,4339.743652,4330.384766,4299.487305,4309.743652,4303.461426,4320.512695,4294.871582,4306.410156,4524.487305,4502.436035,4396.410156,4468.077148,0.000000,4.000000,85.000000,,,,0.000000,4.000000,4.000000,4.000000,4.000000,4.000000,4.000000,4.000000,4.000000,4.000000,4.000000,4.000000,4.000000,4.000000,4.000000,100.000000,,,,,,,,,,,,,,,,,,,,,,,,,,,,,,,,,,,,,,,,,,,,,,,,,,,,,,,,,,,,,,,,,,,,,,,,,,,,,,,,,,,,,,
1676060281.502968,1676060281.503344,30.000000,0.000000,4345.256348,4350.897461,4350.512695,4336.410156,4304.230957,4308.461426,4308.846191,4335.128418,4306.666504,4311.153809,4545.897461,4520.256348,4406.794922,4482.948730,0.000000,4.000000,85.000000,,,,0.000000,4.000000,4.000000,4.000000,4.000000,4.000000,4.000000,4.000000,4.000000,4.000000,4.000000,4.000000,4.000000,4.000000,4.000000,100.000000,,,,,,,,,,,,,,,,,4.003714,5.116670,1.623763,1.668862,1.577166,26.857250,10.749998,4.362401,1.809783,1.339814,3.466475,5.070537,1.531893,1.869928,1.489697,5.665786,3.865727,2.294278,1.595101,1.194577,9.874148,2.654762,2.136314,0.888114,0.759903,1.303252,0.991232,1.467407,0.427685,0.609944,1.625386,1.382705,2.571318,0.865443,1.010178,4.284231,2.419363,2.992992,1.252426,1.434334,1.409459,2.746553,2.664437,1.237013,1.478869,2.316335,4.170258,3.161991,1.666482,1.755799,8.974019,16.223639,3.538668,2.350886,2.297906,4.854387,9.150098,2.630476,2.561874,2.378205,11.836467,16.119671,4.174843,1.951098,2.037326,7.646320,11.564494,2.753097,2.283014,2.278737
1676060281.510777,1676060281.511152,31.000000,0.000000,4309.487305,4324.743652,4319.358887,4309.615234,4288.077148,4295.256348,4286.666504,4313.589844,4288.333496,4275.769043,4510.897461,4480.512695,4368.717773,4438.717773,0.000000,4.000000,85.000000,,,,0.000000,4.000000,4.000000,4.000000,4.000000,4.000000,4.000000,4.000000,4.000000,4.000000,4.000000,4.000000,4.000000,4.000000,4.000000,100.000000,,,,,,,,,,,,,,,,,,,,,,,,,,,,,,,,,,,,,,,,,,,,,,,,,,,,,,,,,,,,,,,,,,,,,,,,,,,,,,,,,,,,,,
1676060281.518585,1676060281.519060,32.000000,0.000000,4282.307617,4301.538574,4293.974121,4285.256348,4272.179688,4291.666504,4276.153809,4294.230957,4269.230957,4249.230957,4476.794922,4445.897461,4338.461426,4404.743652,0.000000,4.000000,85.000000,,,,0.000000,4.000000,4.000000,4.000000,4.000000,4.000000,4.000000,4.000000,4.000000,4.000000,4.000000,4.000000,4.000000,4.000000,4.000000,100.000000,,,,,,,,,,,,,,,,,,,,,,,,,,,,,,,,,,,,,,,,,,,,,,,,,,,,,,,,,,,,,,,,,,,,,,,,,,,,,,,,,,,,,,
1676060281.526394,1676060281.526869,33.000000,0.000000,4302.692383,4315.641113,4316.538574,4304.230957,4288.205078,4306.922852,4301.025879,4326.410156,4293.717773,4282.692383,4503.205078,4480.128418,4364.871582,4435.897461,0.000000,4.000000,85.000000,,,,0.000000,4.000000,4.000000,4.000000,4.000000,4.000000,4.000000,4.000000,4.000000,4.000000,4.000000,4.000000,4.000000,4.000000,4.000000,100.000000,,,,,,,,,,,,,,,,,,,,,,,,,,,,,,,,,,,,,,,,,,,,,,,,,,,,,,,,,,,,,,,,,,,,,,,,,,,,,,,,,,,,,,
1676060281.534202,1676060281.534577,34.000000,0.000000,4312.820313,4327.179688,4328.974121,4317.820313,4301.282227,4314.102539,4314.615234,4348.077148,4309.615234,4301.153809,4519.358887,4502.051270,4383.974121,4451.538574,0.000000,4.000000,85.000000,,,,0.000000,4.000000,4.000000,4.000000,4.000000,4.000000,4.000000,4.000000,4.000000,4.000000,4.000000,4.000000,4.000000,4.000000,4.000000,100.000000,,,,,,,,,,,,,,,,,,,,,,,,,,,,,,,,,,,,,,,,,,,,,,,,,,,,,,,,,,,,,,,,,,,,,,,,,,,,,,,,,,,,,,
1676060281.542010,1676060281.542386,35.000000,0.000000,4285.769043,4303.974121,4300.384766,4291.282227,4284.871582,4307.179688,4295.769043,4326.794922,4293.846191,4274.102539,4482.820313,4465.000000,4355.000000,4413.077148,0.000000,4.000000,85.000000,,,,0.000000,4.000000,4.000000,4.000000,4.000000,4.000000,4.000000,4.000000,4.000000,4.000000,4.000000,4.000000,4.000000,4.000000,4.000000,100.000000,,,,,,,,,,,,,,,,,,,,,,,,,,,,,,,,,,,,,,,,,,,,,,,,,,,,,,,,,,,,,,,,,,,,,,,,,,,,,,,,,,,,,,
1676060281.549819,1676060281.550094,36.000000,0.000000,4273.717773,4293.717773,4286.153809,4281.410156,4276.666504,4303.333496,4282.948730,4314.487305,4291.794922,4272.436035,4463.717773,4447.051270,4338.589844,4396.922852,0.000000,4.000000,85.000000,,,,0.000000,4.000000,4.000000,4.000000,4.000000,4.000000,4.000000,4.000000,4.000000,4.000000,4.000000,4.000000,4.000000,4.000000,4.000000,100.000000,,,,,,,,,,,,,,,,,,,,,,,,,,,,,,,,,,,,,,,,,,,,,,,,,,,,,,,,,,,,,,,,,,,,,,,,,,,,,,,,,,,,,,
1676060281.557627,1676060281.557903,37.000000,0.000000,4276.282227,4302.051270,4294.102539,4295.256348,4282.307617,4298.461426,4284.230957,4315.897461,4292.051270,4278.846191,4474.743652,4458.333496,4348.717773,4409.871582,0.000000,4.000000,85.000000,,,,0.000000,4.000000,4.000000,4.000000,4.000000,4.000000,4.000000,4.000000,4.000000,4.000000,4.000000,4.000000,4.000000,4.000000,4.000000,100.000000,,,,,,,,,,,,,,,,,,,,,,,,,,,,,,,,,,,,,,,,,,,,,,,,,,,,,,,,,,,,,,,,,,,,,,,,,,,,,,,,,,,,,,
1676060281.565436,1676060281.565611,38.000000,0.000000,4269.102539,4296.282227,4290.897461,4292.948730,4277.179688,4291.922852,4281.538574,4306.282227,4275.384766,4255.641113,4469.358887,4454.487305,4348.589844,4407.948730,0.000000,4.000000,85.000000,,,,0.000000,4.000000,4.000000,4.000000,4.000000,4.000000,4.000000,4.000000,4.000000,4.000000,4.000000,4.000000,4.000000,4.000000,4.000000,100.000000,,,,,,,,,,,,,,,,,,,,,,,,,,,,,,,,,,,,,,,,,,,,,,,,,,,,,,,,,,,,,,,,,,,,,,,,,,,,,,,,,,,,,,
1676060281.573244,1676060281.573520,39.000000,0.000000,4287.051270,4304.615234,4302.307617,4307.692383,4285.000000,4299.358887,4290.512695,4314.487305,4287.436035,4266.282227,4477.179688,4470.000000,4362.948730,4418.205078,0.000000,4.000000,85.000000,,,,0.000000,4.000000,4.000000,4.000000,4.000000,4.000000,4.000000,4.000000,4.000000,4.000000,4.000000,4.000000,4.000000,4.000000,4.000000,100.000000,,,,,,,,,,,,,,,,,,,,,,,,,,,,,,,,,,,,,,,,,,,,,,,,,,,,,,,,,,,,,,,,,,,,,,,,,,,,,,,,,,,,,,
1676060281.581052,1676060281.581328,40.000000,0.000000,4311.922852,4325.512695,4325.000000,4338.974121,4300.256348,4308.717773,4304.102539,4331.666504,4313.205078,4306.538574,4501.922852,4503.333496,4387.820313,4441.666504,0.000000,4.000000,85.000000,,,,0.000000,4.000000,4.000000,4.000000,4.000000,4.000000,4.000000,4.000000,4.000000,4.000000,4.000000,4.000000,4.000000,4.000000,4.000000,100.000000,,,,,,,,,,,,,,,,,,,,,,,,,,,,,,,,,,,,,,,,,,,,,,,,,,,,,,,,,,,,,,,,,,,,,,,,,,,,,,,,,,,,,,
1676060281.588861,1676060281.589237,41.000000,0.000000,4292.179688,4311.794922,4307.692383,4331.282227,4286.025879,4298.846191,4287.563965,4315.641113,4293.461426,4294.615234,4485.512695,4491.538574,4368.846191,4426.538574,0.000000,4.000000,85.000000,,,,0.000000,4.000000,4.000000,4.000000,4.000000,4.000000,4.000000,4.000000,4.000000,4.000000,4.000000,4.000000,4.000000,4.000000,4.000000,100.000000,,,,,,,,,,,,,,,,,,,,,,,,,,,,,,,,,,,,,,,,,,,,,,,,,,,,,,,,,,,,,,,,,,,,,,,,,,,,,,,,,,,,,,
1676060281.596669,1676060281.597045,42.000000,0.000000,4284.871582,4298.333496,4294.487305,4324.743652,4280.897461,4293.077148,4275.641113,4303.974121,4277.692383,4269.230957,4468.333496,4480.128418,4353.717773,4412.820313,0.000000,4.000000,85.000000,,,,0.000000,4.000000,4.000000,4.000000,4.000000,4.000000,4.000000,4.000000,4.000000,4.000000,4.000000,4.000000,4.000000,4.000000,4.000000,100.000000,,,,,,,,,,,,,,,,,,,,,,,,,,,,,,,,,,,,,,,,,,,,,,,,,,,,,,,,,,,,,,,,,,,,,,,,,,,,,,,,,,,,,,
1676060281.604478,1676060281.604853,43.000000,0.000000,4323.077148,4326.410156,4330.256348,4358.846191,4309.230957,4311.025879,4300.256348,4328.333496,4305.512695,4290.384766,4500.256348,4520.000000,4388.846191,4445.384766,0.000000,4.000000,85.000000,,,,0.000000,4.000000,4.000000,4.000000,4.000000,4.000000,4.000000,4.000000,4.000000,4.000000,4.000000,4.000000,4.000000,4.000000,4.000000,100.000000,,,,,,,,,,,,,,,,,,,,,,,,,,,,,,,,,,,,,,,,,,,,,,,,,,,,,,,,,,,,,,,,,,,,,,,,,,,,,,,,,,,,,,
1676060281.612286,1676060281.612562,44.000000,0.000000,4324.615234,4333.077148,4339.487305,4366.153809,4311.538574,4318.077148,4310.256348,4335.128418,4314.102539,4299.102539,4504.102539,4533.717773,4394.871582,4453.333496,0.000000,4.000000,85.000000,,,,0.000000,4.000000,4.000000,4.000000,4.000000,4.000000,4.000000,4.000000,4.000000,4.000000,4.000000,4.000000,4.000000,4.000000,4.000000,100.000000,,,,,,,,,,,,,,,,,,,,,,,,,,,,,,,,,,,,,,,,,,,,,,,,,,,,,,,,,,,,,,,,,,,,,,,,,,,,,,,,,,,,,,
1676060281.620094,1676060281.620370,45.000000,0.000000,4282.179688,4295.512695,4299.615234,4332.307617,4284.615234,4303.589844,4290.128418,4311.538574,4290.384766,4265.256348,4457.692383,4495.384766,4349.487305,4411.410156,0.000000,4.000000,85.000000,,,,0.000000,4.000000,4.000000,4.000000,4.000000,4.000000,4.000000,4.000000,4.000000,4.000000,4.000000,4.000000,4.000000,4.000000,4.000000,100.000000,,,,,,,,,,,,,,,,,,,,,,,,,,,,,,,,,,,,,,,,,,,,,,,,,,,,,,,,,,,,,,,,,,,,,,,,,,,,,,,,,,,,,,
1676060281.627903,1676060281.628079,46.000000,0.000000,4267.436035,4275.897461,4284.358887,4314.358887,4277.692383,4298.333496,4284.615234,4305.897461,4287.436035,4253.205078,4438.717773,4475.897461,4333.205078,4391.153809,0.000000,4.000000,85.000000,,,,0.000000,4.000000,4.000000,4.000000,4.000000,4.000000,4.000000,4.000000,4.000000,4.000000,4.000000,4.000000,4.000000,4.000000,4.000000,100.000000,,,,,,,,,,,,,,,,,3.663213,5.073581,1.941451,1.852562,1.521000,23.699722,8.538234,4.789815,1.695716,1.183706,3.354103,5.104095,1.747988,1.967018,1.341231,5.436544,3.321743,2.539579,1.670991,1.168349,5.367920,1.670267,2.032488,0.805003,0.689604,1.410248,1.324523,1.865524,0.418240,0.588138,1.775567,1.555996,2.892388,0.914080,0.894230,4.290298,2.712951,3.406934,1.358653,1.327752,1.472941,3.138539,3.063465,1.320013,1.346823,2.284390,4.399375,3.956496,1.939481,1.785207,7.406381,16.143047,3.472820,2.889454,2.148065,4.474262,9.337152,3.037987,2.864510,2.197605,10.122123,15.996320,3.762219,2.550071,1.917044,6.326255,11.503240,2.717117,2.762160,2.174306
1676060281.635711,1676060281.635987,47.000000,0.000000,4272.051270,4278.717773,4290.769043,4312.307617,4281.153809,4298.461426,4292.820313,4314.102539,4295.384766,4269.102539,4444.102539,4483.205078,4343.205078,4397.179688,0.000000,4.000000,85.000000,,,,0.000000,4.000000,4.000000,4.000000,4.000000,4.000000,4.000000,4.000000,4.000000,4.000000,4.000000,4.000000,4.000000,4.000000,4.000000,100.000000,,,,,,,,,,,,,,,,,,,,,,,,,,,,,,,,,,,,,,,,,,,,,,,,,,,,,,,,,,,,,,,,,,,,,,,,,,,,,,,,,,,,,,
1676060281.643519,1676060281.643796,48.000000,0.000000,4272.436035,4277.307617,4285.384766,4310.384766,4277.820313,4297.948730,4296.025879,4320.769043,4295.128418,4279.230957,4446.794922,4489.487305,4346.666504,4401.282227,0.000000,4.000000,85.000000,,,,0.000000,4.000000,4.000000,4.000000,4.000000,4.000000,4.000000,4.000000,4.000000,4.000000,4.000000,4.000000,4.000000,4.000000,4.000000,100.000000,,,,,,,,,,,,,,,,,,,,,,,,,,,,,,,,,,,,,,,,,,,,,,,,,,,,,,,,,,,,,,,,,,,,,,,,,,,,,,,,,,,,,,
1676060281.651328,1676060281.651704,49.000000,0.000000,4276.282227,4276.410156,4286.410156,4312.051270,4279.871582,4303.205078,4295.256348,4326.794922,4298.461426,4280.641113,4456.794922,4492.563965,4355.256348,4408.205078,0.000000,4.000000,85.000000,,,,0.000000,4.000000,4.000000,4.000000,4.000000,4.000000,4.000000,4.000000,4.000000,4.000000,4.000000,4.000000,4.000000,4.000000,4.000000,100.000000,,,,,,,,,,,,,,,,,,,,,,,,,,,,,,,,,,,,,,,,,,,,,,,,,,,,,,,,,,,,,,,,,,,,,,,,,,,,,,,,,,,,,,
1676060281.659136,1676060281.659513,50.000000,0.000000,4269.230957,4275.000000,4284.358887,4309.487305,4279.615234,4300.384766,4283.846191,4314.743652,4291.153809,4268.589844,4452.563965,4478.333496,4348.974121,4402.692383,0.000000,4.000000,85.000000,,,,0.000000,4.000000,4.000000,4.000000,4.000000,4.000000,4.000000,4.000000,4.000000,4.000000,4.000000,4.000000,4.000000,4.000000,4.000000,100.000000,,,,,,,,,,,,,,,,,,,,,,,,,,,,,,,,,,,,,,,,,,,,,,,,,,,,,,,,,,,,,,,,,,,,,,,,,,,,,,,,,,,,,,
1676060281.666945,1676060281.667421,51.000000,0.000000,4265.512695,4281.025879,4280.256348,4315.000000,4279.358887,4291.922852,4276.282227,4302.820313,4282.948730,4263.205078,4447.948730,4472.692383,4340.897461,4396.538574,0.000000,4.000000,85.000000,,,,0.000000,4.000000,4.000000,4.000000,4.000000,4.000000,4.000000,4.000000,4.000000,4.000000,4.000000,4.000000,4.000000,4.000000,4.000000,100.000000,,,,,,,,,,,,,,,,,,,,,,,,,,,,,,,,,,,,,,,,,,,,,,,,,,,,,,,,,,,,,,,,,,,,,,,,,,,,,,,,,,,,,,
1676060281.674753,1676060281.675229,52.000000,0.000000,4290.256348,4301.153809,4301.922852,4334.743652,4291.538574,4301.538574,4290.128418,4319.743652,4294.487305,4277.820313,4471.410156,4501.922852,4365.512695,4418.589844,0.000000,4.000000,85.000000,,,,0.000000,4.000000,4.000000,4.000000,4.000000,4.000000,4.000000,4.000000,4.000000,4.000000,4.000000,4.000000,4.000000,4.000000,4.000000,100.000000,,,,,,,,,,,,,,,,,,,,,,,,,,,,,,,,,,,,,,,,,,,,,,,,,,,,,,,,,,,,,,,,,,,,,,,,,,,,,,,,,,,,,,
1676060281.682561,1676060281.683138,53.000000,0.000000,4307.948730,4311.538574,4322.179688,4344.102539,4297.948730,4312.948730,4304.743652,4330.000000,4299.615234,4286.282227,4485.000000,4517.563965,4387.563965,4438.846191,0.000000,4.000000,85.000000,,,,0.000000,4.000000,4.000000,4.000000,4.000000,4.000000,4.000000,4.000000,4.000000,4.000000,4.000000,4.000000,4.000000,4.000000,4.000000,100.000000,,,,,,,,,,,,,,,,,,,,,,,,,,,,,,,,,,,,,,,,,,,,,,,,,,,,,,,,,,,,,,,,,,,,,,,,,,,,,,,,,,,,,,
1676060281.690370,1676060281.690946,54.000000,0.000000,4304.230957,4311.794922,4322.307617,4342.307617,4298.077148,4306.410156,4309.358887,4316.282227,4293.205078,4286.538574,4479.615234,4510.769043,4384.487305,4444.871582,0.000000,4.000000,85.000000,,,,0.000000,4.000000,4.000000,4.000000,4.000000,4.000000,4.000000,4.000000,4.000000,4.000000,4.000000,4.000000,4.000000,4.000000,4.000000,100.000000,,,,,,,,,,,,,,,,,,,,,,,,,,,,,,,,,,,,,,,,,,,,,,,,,,,,,,,,,,,,,,,,,,,,,,,,,,,,,,,,,,,,,,
1676060281.698178,1676060281.698854,55.000000,0.000000,4296.794922,4307.179688,4318.205078,4334.871582,4296.666504,4296.666504,4314.615234,4311.410156,4294.358887,4290.384766,4478.461426,4507.051270,4373.717773,4442.179688,0.000000,4.000000,85.000000,,,,0.000000,4.000000,4.000000,4.000000,4.000000,4.000000,4.000000,4.000000,4.000000,4.000000,4.000000,4.000000,4.000000,4.000000,4.000000,100.000000,,,,,,,,,,,,,,,,,,,,,,,,,,,,,,,,,,,,,,,,,,,,,,,,,,,,,,,,,,,,,,,,,,,,,,,,,,,,,,,,,,,,,,
1676060281.705986,1676060281.706763,56.000000,0.000000,4284.230957,4289.743652,4303.846191,4317.563965,4284.743652,4292.563965,4308.589844,4311.922852,4285.128418,4275.897461,4462.948730,4492.948730,4361.538574,4415.384766,0.000000,4.000000,85.000000,,,,0.000000,4.000000,4.000000,4.000000,4.000000,4.000000,4.000000,4.000000,4.000000,4.000000,4.000000,4.000000,4.000000,4.000000,4.000000,100.000000,,,,,,,,,,,,,,,,,,,,,,,,,,,,,,,,,,,,,,,,,,,,,,,,,,,,,,,,,,,,,,,,,,,,,,,,,,,,,,,,,,,,,,
1676060281.713795,1676060281.714571,57.000000,0.000000,4282.436035,4292.948730,4291.922852,4318.461426,4281.282227,4301.666504,4300.256348,4305.769043,4271.410156,4256.666504,4448.589844,4478.846191,4356.282227,4401.153809,0.000000,4.000000,85.000000,,,,0.000000,4.000000,4.000000,4.000000,4.000000,4.000000,4.000000,4.000000,4.000000,4.000000,4.000000,4.000000,4.000000,4.000000,4.000000,100.000000,,,,,,,,,,,,,,,,,,,,,,,,,,,,,,,,,,,,,,,,,,,,,,,,,,,,,,,,,,,,,,,,,,,,,,,,,,,,,,,,,,,,,,
1676060281.721603,1676060281.722380,58.000000,0.000000,4300.897461,4325.256348,4303.205078,4341.922852,4295.256348,4313.205078,4307.307617,4307.820313,4281.794922,4270.512695,4459.230957,4488.846191,4360.512695,4425.512695,0.000000,4.000000,85.000000,,,,0.000000,4.000000,4.000000,4.000000,4.000000,4.000000,4.000000,4.000000,4.000000,4.000000,4.000000,4.000000,4.000000,4.000000,4.000000,100.000000,,,,,,,,,,,,,,,,,,,,,,,,,,,,,,,,,,,,,,,,,,,,,,,,,,,,,,,,,,,,,,,,,,,,,,,,,,,,,,,,,,,,,,
1676060281.729411,1676060281.730088,59.000000,0.000000,4307.307617,4342.179688,4309.743652,4348.589844,4298.461426,4306.922852,4306.794922,4311.410156,4288.205078,4288.461426,4457.051270,4494.743652,4350.897461,4432.948730,0.000000,4.000000,85.000000,,,,0.000000,4.000000,4.000000,4.000000,4.000000,4.000000,4.000000,4.000000,4.000000,4.000000,4.000000,4.000000,4.000000,4.000000,4.000000,100.000000,,,,,,,,,,,,,,,,,,,,,,,,,,,,,,,,,,,,,,,,,,,,,,,,,,,,,,,,,,,,,,,,,,,,,,,,,,,,,,,,,,,,,,
1676060281.737220,1676060281.737897,60.000000,0.000000,4304.743652,4352.948730,4307.179688,4347.307617,4293.205078,4303.205078,4300.769043,4310.128418,4282.692383,4283.205078,4438.846191,4489.871582,4335.256348,4419.871582,0.000000,4.000000,85.000000,,,,0.000000,4.000000,4.000000,4.000000,4.000000,4.000000,4.000000,4.000000,4.000000,4.000000,4.000000,4.000000,4.000000,4.000000,4.000000,100.000000,,,,,,,,,,,,,,,,,,,,,,,,,,,,,,,,,,,,,,,,,,,,,,,,,,,,,,,,,,,,,,,,,,,,,,,,,,,,,,,,,,,,,,
1676060281.745028,1676060281.745605,61.000000,0.000000,4305.512695,4370.000000,4307.307617,4355.384766,4295.256348,4308.846191,4299.615234,4306.282227,4275.512695,4263.589844,4423.077148,4485.384766,4317.563965,4414.102539,0.000000,4.000000,85.000000,,,,0.000000,4.000000,4.000000,4.000000,4.000000,4.000000,4.000000,4.000000,4.000000,4.000000,4.000000,4.000000,4.000000,4.000000,4.000000,100.000000,,,,,,,,,,,,,,,,,,,,,,,,,,,,,,,,,,,,,,,,,,,,,,,,,,,,,,,,,,,,,,,,,,,,,,,,,,,,,,,,,,,,,,
1676060281.752837,1676060281.753414,62.000000,0.000000,4308.589844,4379.615234,4308.589844,4361.794922,4298.077148,4307.436035,4299.230957,4308.333496,4270.512695,4253.333496,4417.307617,4482.307617,4302.179688,4415.769043,0.000000,4.000000,85.000000,,,,0.000000,4.000000,4.000000,4.000000,4.000000,4.000000,4.000000,4.000000,4.000000,4.000000,4.000000,4.000000,4.000000,4.000000,4.000000,100.000000,,,,,,,,,,,,,,,,,3.381629,4.915834,2.439875,2.028667,1.508074,20.562950,6.432955,5.181832,1.583350,1.111658,3.159118,4.937498,2.073615,2.027002,1.239787,5.260556,2.853394,2.773654,1.714234,1.176745,2.892149,1.188415,2.140472,0.783537,0.648637,1.427213,1.581666,2.249820,0.429933,0.579729,1.798879,1.672929,3.186501,1.009874,0.817179,4.005737,2.947308,3.817381,1.521239,1.275285,1.545829,3.427563,3.437919,1.471610,1.248508,2.296699,4.479691,4.771129,2.310622,1.848601,7.219135,15.437686,3.841447,3.429562,2.075522,4.060486,9.069032,3.703034,3.173298,2.109530,9.363372,15.040648,3.812272,3.186827,1.838551,5.388908,11.001254,3.095932,3.233462,2.139339
1676060281.760645,1676060281.761122,63.000000,0.000000,4316.025879,4391.025879,4315.641113,4364.230957,4298.205078,4304.102539,4302.307617,4315.000000,4277.179688,4260.256348,4424.230957,4487.051270,4303.077148,4424.615234,0.000000,4.000000,85.000000,,,,0.000000,4.000000,4.000000,4.000000,4.000000,4.000000,4.000000,4.000000,4.000000,4.000000,4.000000,4.000000,4.000000,4.000000,4.000000,100.000000,,,,,,,,,,,,,,,,,,,,,,,,,,,,,,,,,,,,,,,,,,,,,,,,,,,,,,,,,,,,,,,,,,,,,,,,,,,,,,,,,,,,,,
1676060281.768453,1676060281.768931,64.000000,0.000000,4321.666504,4400.384766,4318.461426,4365.769043,4297.179688,4307.307617,4304.487305,4315.256348,4288.461426,4265.897461,4421.282227,4489.871582,4301.153809,4430.000000,2518.000000,4.000000,85.000000,,,,0.000000,4.000000,4.000000,4.000000,4.000000,4.000000,4.000000,4.000000,4.000000,4.000000,4.000000,4.000000,4.000000,4.000000,4.000000,100.000000,,,,,,,,,,,,,,,,,,,,,,,,,,,,,,,,,,,,,,,,,,,,,,,,,,,,,,,,,,,,,,,,,,,,,,,,,,,,,,,,,,,,,,
1676060281.776262,1676060281.776639,65.000000,0.000000,4319.871582,4394.230957,4313.846191,4366.025879,4298.077148,4310.256348,4301.538574,4310.128418,4285.384766,4262.179688,4412.820313,4485.128418,4295.384766,4424.615234,2474.000000,4.000000,85.000000,,,,0.000000,4.000000,4.000000,4.000000,4.000000,4.000000,4.000000,4.000000,4.000000,4.000000,4.000000,4.000000,4.000000,4.000000,4.000000,100.000000,,,,,,,,,,,,,,,,,,,,,,,,,,,,,,,,,,,,,,,,,,,,,,,,,,,,,,,,,,,,,,,,,,,,,,,,,,,,,,,,,,,,,,
1676060281.784070,1676060281.784448,66.000000,0.000000,4315.897461,4380.769043,4313.205078,4365.769043,4305.512695,4310.512695,4302.692383,4309.487305,4276.794922,4255.641113,4419.871582,4483.461426,4300.256348,4422.563965,2399.000000,4.000000,85.000000,,,,0.000000,4.000000,4.000000,4.000000,4.000000,4.000000,4.000000,4.000000,4.000000,4.000000,4.000000,4.000000,4.000000,4.000000,4.000000,100.000000,,,,,,,,,,,,,,,,,,,,,,,,,,,,,,,,,,,,,,,,,,,,,,,,,,,,,,,,,,,,,,,,,,,,,,,,,,,,,,,,,,,,,,
1676060281.791879,1676060281.792156,67.000000,0.000000,4318.589844,4380.128418,4314.487305,4368.589844,4308.846191,4310.256348,4308.717773,4311.410156,4282.307617,4264.358887,4430.512695,4486.922852,4309.871582,4433.846191,2484.000000,4.000000,85.000000,,,,0.000000,4.000000,4.000000,4.000000,4.000000,4.000000,4.000000,4.000000,4.000000,4.000000,4.000000,4.000000,4.000000,4.000000,4.000000,100.000000,,,,,,,,,,,,,,,,,,,,,,,,,,,,,,,,,,,,,,,,,,,,,,,,,,,,,,,,,,,,,,,,,,,,,,,,,,,,,,,,,,,,,,
1676060281.799687,1676060281.799965,68.000000,0.000000,4337.563965,4398.846191,4322.692383,4378.589844,4308.974121,4311.410156,4308.461426,4312.948730,4288.333496,4278.077148,4433.589844,4497.563965,4318.461426,4449.615234,2444.000000,4.000000,85.000000,,,,0.000000,4.000000,4.000000,4.000000,4.000000,4.000000,4.000000,4.000000,4.000000,4.000000,4.000000,4.000000,4.000000,4.000000,4.000000,100.000000,,,,,,,,,,,,,,,,,,,,,,,,,,,,,,,,,,,,,,,,,,,,,,,,,,,,,,,,,,,,,,,,,,,,,,,,,,,,,,,,,,,,,,
1676060281.807495,1676060281.807673,69.000000,0.000000,4354.743652,4404.358887,4335.512695,4386.538574,4313.974121,4312.307617,4304.487305,4316.025879,4283.077148,4265.897461,4434.487305,4506.153809,4318.974121,4453.077148,2381.000000,4.000000,85.000000,,,,0.000000,4.000000,4.000000,4.000000,4.000000,4.000000,4.000000,4.000000,4.000000,4.000000,4.000000,4.000000,4.000000,4.000000,4.000000,100.000000,,,,,,,,,,,,,,,,,,,,,,,,,,,,,,,,,,,,,,,,,,,,,,,,,,,,,,,,,,,,,,,,,,,,,,,,,,,,,,,,,,,,,,
1676060281.815304,1676060281.815482,70.000000,0.000000,4346.794922,4378.974121,4333.333496,4374.102539,4308.077148,4309.102539,4298.205078,4309.743652,4276.025879,4249.230957,4437.563965,4500.769043,4311.410156,4449.358887,2232.000000,4.000000,85.000000,,,,0.000000,4.000000,4.000000,4.000000,4.000000,4.000000,4.000000,4.000000,4.000000,4.000000,4.000000,4.000000,4.000000,4.000000,4.000000,100.000000,,,,,,,,,,,,,,,,,,,,,,,,,,,,,,,,,,,,,,,,,,,,,,,,,,,,,,,,,,,,,,,,,,,,,,,,,,,,,,,,,,,,,,
1676060281.823112,1676060281.823190,71.000000,0.000000,4340.769043,4369.102539,4331.794922,4364.615234,4296.282227,4307.307617,4300.256348,4306.922852,4282.436035,4265.512695,4455.512695,4504.871582,4320.384766,4462.436035,2221.000000,4.000000,85.000000,,,,0.000000,4.000000,4.000000,4.000000,4.000000,4.000000,4.000000,4.000000,4.000000,4.000000,4.000000,4.000000,4.000000,4.000000,4.000000,100.000000,,,,,,,,,,,,,,,,,,,,,,,,,,,,,,,,,,,,,,,,,,,,,,,,,,,,,,,,,,,,,,,,,,,,,,,,,,,,,,,,,,,,,,
1676060281.830921,1676060281.831099,72.000000,0.000000,4359.615234,4391.538574,4347.692383,4379.102539,4301.025879,4311.025879,4307.948730,4320.897461,4297.051270,4287.948730,4487.051270,4525.512695,4348.846191,4485.128418,2279.000000,4.000000,85.000000,,,,0.000000,4.000000,4.000000,4.000000,4.000000,4.000000,4.000000,4.000000,4.000000,4.000000,4.000000,4.000000,4.000000,4.000000,4.000000,100.000000,,,,,,,,,,,,,,,,,,,,,,,,,,,,,,,,,,,,,,,,,,,,,,,,,,,,,,,,,,,,,,,,,,,,,,,,,,,,,,,,,,,,,,
1676060281.838729,1676060281.838907,73.000000,0.000000,4367.820313,4388.974121,4345.897461,4382.179688,4310.128418,4311.794922,4300.769043,4328.717773,4297.820313,4280.512695,4494.615234,4527.436035,4348.846191,4481.794922,2249.000000,4.000000,85.000000,,,,0.000000,4.000000,4.000000,4.000000,4.000000,4.000000,4.000000,4.000000,4.000000,4.000000,4.000000,4.000000,4.000000,4.000000,4.000000,100.000000,,,,,,,,,,,,,,,,,,,,,,,,,,,,,,,,,,,,,,,,,,,,,,,,,,,,,,,,,,,,,,,,,,,,,,,,,,,,,,,,,,,,,,
1676060281.846537,1676060281.846815,74.000000,0.000000,4358.333496,4364.102539,4329.487305,4367.436035,4308.846191,4308.846191,4293.717773,4328.205078,4296.794922,4273.717773,4484.615234,4516.794922,4327.051270,4469.615234,2737.000000,4.000000,85.000000,,,,0.000000,4.000000,4.000000,4.000000,4.000000,4.000000,4.000000,4.000000,4.000000,4.000000,4.000000,4.000000,4.000000,4.000000,4.000000,100.000000,,,,,,,,,,,,,,,,,,,,,,,,,,,,,,,,,,,,,,,,,,,,,,,,,,,,,,,,,,,,,,,,,,,,,,,,,,,,,,,,,,,,,,
1676060281.854346,1676060281.854624,75.000000,0.000000,4356.410156,4365.256348,4334.487305,4364.615234,4305.897461,4308.461426,4298.846191,4335.000000,4306.282227,4289.871582,4493.205078,4519.230957,4335.512695,4480.128418,2912.000000,4.000000,85.000000,,,,0.000000,4.000000,4.000000,4.000000,4.000000,4.000000,4.000000,4.000000,4.000000,4.000000,4.000000,4.000000,4.000000,4.000000,4.000000,100.000000,,,,,,,,,,,,,,,,,,,,,,,,,,,,,,,,,,,,,,,,,,,,,,,,,,,,,,,,,,,,,,,,,,,,,,,,,,,,,,,,,,,,,,
1676060281.862154,1676060281.862532,76.000000,0.000000,4369.358887,4380.512695,4350.769043,4372.436035,4310.128418,4315.000000,4306.025879,4348.077148,4316.410156,4301.794922,4513.974121,4533.333496,4369.102539,4501.282227,3126.000000,4.000000,85.000000,,,,0.000000,4.000000,4.000000,4.000000,4.000000,4.000000,4.000000,4.000000,4.000000,4.000000,4.000000,4.000000,4.000000,4.000000,4.000000,100.000000,,,,,,,,,,,,,,,,,,,,,,,,,,,,,,,,,,,,,,,,,,,,,,,,,,,,,,,,,,,,,,,,,,,,,,,,,,,,,,,,,,,,,,
1676060281.869963,1676060281.870341,77.000000,0.000000,4372.563965,4376.153809,4342.563965,4367.436035,4312.563965,4315.256348,4302.436035,4341.153809,4307.820313,4287.692383,4505.897461,4527.820313,4369.871582,4497.051270,3239.000000,4.000000,85.000000,,,,0.000000,4.000000,4.000000,4.000000,4.000000,4.000000,4.000000,4.000000,4.000000,4.000000,4.000000,4.000000,4.000000,4.000000,4.000000,100.000000,,,,,,,,,,,,,,,,,,,,,,,,,,,,,,,,,,,,,,,,,,,,,,,,,,,,,,,,,,,,,,,,,,,,,,,,,,,,,,,,,,,,,,
1676060281.877771,1676060281.878249,78.000000,0.000000,4348.589844,4359.615234,4314.102539,4352.051270,4308.333496,4310.000000,4291.282227,4313.589844,4279.358887,4261.282227,4465.769043,4492.820313,4327.436035,4462.179688,2737.000000,4.000000,85.000000,,,,0.000000,4.000000,4.000000,4.000000,4.000000,4.000000,4.000000,4.000000,4.000000,4.000000,4.000000,4.000000,4.000000,4.000000,4.000000,100.000000,1.000000,25.000000,4.000000,3.000000,1.000000,4.000000,1.000000,4.000000,4.000000,3.000000,4.000000,3.000000,1.000000,1.000000,3.000000,3.000000,3.099500,4.836085,2.957490,2.170211,1.538843,17.744356,4.955690,5.423273,1.506834,1.126087,2.856055,4.750281,2.454581,2.039716,1.204865,5.134963,2.693215,2.956105,1.730434,1.213735,1.933742,1.052214,2.314207,0.803771,0.641535,1.321140,1.691736,2.512375,0.466599,0.584946,1.655175,1.707561,3.375850,1.129034,0.783801,3.518453,3.064383,4.080862,1.704253,1.267121,1.603881,3.553708,3.642020,1.642902,1.177173,2.290539,4.417348,5.307725,2.679310,1.924764,7.783830,14.339260,4.450017,3.825872,2.072835,3.664539,8.588318,4.442123,3.431244,2.109849,9.162365,13.562206,4.208910,3.719357,1.803316,4.793557,10.277185,3.725580,3.584281,2.166281
1676060281.885579,1676060281.886057,79.000000,0.000000,4337.563965,4366.538574,4314.487305,4353.461426,4311.794922,4319.871582,4298.333496,4311.922852,4271.282227,4262.692383,4457.563965,4484.358887,4312.692383,4447.051270,2912.000000,4.000000,85.000000,,,,0.000000,4.000000,4.000000,4.000000,4.000000,4.000000,4.000000,4.000000,4.000000,4.000000,4.000000,4.000000,4.000000,4.000000,4.000000,100.000000,,,,,,,,,,,,,,,,,,,,,,,,,,,,,,,,,,,,,,,,,,,,,,,,,,,,,,,,,,,,,,,,,,,,,,,,,,,,,,,,,,,,,,
1676060281.893388,1676060281.893966,80.000000,0.000000,4359.102539,4388.717773,4344.358887,4370.000000,4325.512695,4331.282227,4318.974121,4336.282227,4291.282227,4286.410156,4481.153809,4515.128418,4336.794922,4469.871582,3126.000000,4.000000,85.000000,,,,0.000000,4.000000,4.000000,4.000000,4.000000,4.000000,4.000000,4.000000,4.000000,4.000000,4.000000,4.000000,4.000000,4.000000,4.000000,100.000000,,,,,,,,,,,,,,,,,,,,,,,,,,,,,,,,,,,,,,,,,,,,,,,,,,,,,,,,,,,,,,,,,,,,,,,,,,,,,,,,,,,,,,
1676060281.901196,1676060281.901774,81.000000,0.000000,4364.615234,4387.307617,4343.461426,4370.897461,4327.692383,4325.384766,4312.692383,4336.025879,4290.512695,4282.051270,4477.820313,4517.820313,4336.410156,4472.307617,3239.000000,4.000000,85.000000,,,,0.000000,4.000000,4.000000,4.000000,4.000000,4.000000,4.000000,4.000000,4.000000,4.000000,4.000000,4.000000,4.000000,4.000000,4.000000,100.000000,,,,,,,,,,,,,,,,,,,,,,,,,,,,,,,,,,,,,,,,,,,,,,,,,,,,,,,,,,,,,,,,,,,,,,,,,,,,,,,,,,,,,,
1676060281.909004,1676060281.909683,82.000000,0.000000,4349.615234,4374.230957,4325.256348,4364.230957,4322.692383,4323.717773,4297.563965,4323.974121,4278.077148,4264.102539,4465.512695,4499.743652,4320.897461,4456.538574,2737.000000,4.000000,85.000000,,,,0.000000,4.000000,4.000000,4.000000,4.000000,4.000000,4.000000,4.000000,4.000000,4.000000,4.000000,4.000000,4.000000,4.000000,4.000000,100.000000,,,,,,,,,,,,,,,,,,,,,,,,,,,,,,,,,,,,,,,,,,,,,,,,,,,,,,,,,,,,,,,,,,,,,,,,,,,,,,,,,,,,,,
1676060281.916813,1676060281.917491,83.000000,0.000000,4355.000000,4380.384766,4338.077148,4374.102539,4328.333496,4329.615234,4303.846191,4329.743652,4282.692383,4267.563965,4475.641113,4508.461426,4328.461426,4467.948730,2912.000000,4.000000,85.000000,,,,0.000000,4.000000,4.000000,4.000000,4.000000,4.000000,4.000000,4.000000,4.000000,4.000000,4.000000,4.000000,4.000000,4.000000,4.000000,100.000000,,,,,,,,,,,,,,,,,,,,,,,,,,,,,,,,,,,,,,,,,,,,,,,,,,,,,,,,,,,,,,,,,,,,,,,,,,,,,,,,,,,,,,
1676060281.924621,1676060281.925200,84.000000,0.000000,4365.897461,4391.794922,4351.794922,4381.282227,4331.538574,4326.410156,4303.717773,4327.948730,4282.820313,4274.743652,4479.615234,4516.282227,4336.794922,4476.666504,3126.000000,4.000000,85.000000,,,,0.000000,4.000000,4.000000,4.000000,4.000000,4.000000,4.000000,4.000000,4.000000,4.000000,4.000000,4.000000,4.000000,4.000000,4.000000,100.000000,,,,,,,,,,,,,,,,,,,,,,,,,,,,,,,,,,,,,,,,,,,,,,,,,,,,,,,,,,,,,,,,,,,,,,,,,,,,,,,,,,,,,,
1676060281.932430,1676060281.933008,85.000000,0.000000,4361.410156,4385.384766,4342.948730,4376.153809,4328.589844,4324.487305,4295.641113,4324.358887,4283.974121,4276.282227,4471.153809,4506.666504,4331.282227,4457.948730,3239.000000,4.000000,85.000000,,,,0.000000,4.000000,4.000000,4.000000,4.000000,4.000000,4.000000,4.000000,4.000000,4.000000,4.000000,4.000000,4.000000,4.000000,4.000000,100.000000,,,,,,,,,,,,,,,,,,,,,,,,,,,,,,,,,,,,,,,,,,,,,,,,,,,,,,,,,,,,,,,,,,,,,,,,,,,,,,,,,,,,,,
1676060281.940238,1676060281.940717,86.000000,0.000000,4359.615234,4370.128418,4340.256348,4372.692383,4327.820313,4327.563965,4301.538574,4336.922852,4297.307617,4283.717773,4479.358887,4506.025879,4339.230957,4456.922852,2737.000000,4.000000,85.000000,,,,0.000000,4.000000,4.000000,4.000000,4.000000,4.000000,4.000000,4.000000,4.000000,4.000000,4.000000,4.000000,4.000000,4.000000,4.000000,100.000000,,,,,,,,,,,,,,,,,,,,,,,,,,,,,,,,,,,,,,,,,,,,,,,,,,,,,,,,,,,,,,,,,,,,,,,,,,,,,,,,,,,,,,
1676060281.948046,1676060281.948525,87.000000,0.000000,4361.410156,4355.384766,4341.666504,4360.512695,4320.384766,4327.692383,4307.692383,4339.743652,4300.897461,4287.051270,4499.871582,4511.025879,4367.436035,4488.077148,2912.000000,4.000000,85.000000,,,,0.000000,4.000000,4.000000,4.000000,4.000000,4.000000,4.000000,4.000000,4.000000,4.000000,4.000000,4.000000,4.000000,4.000000,4.000000,100.000000,,,,,,,,,,,,,,,,,,,,,,,,,,,,,,,,,,,,,,,,,,,,,,,,,,,,,,,,,,,,,,,,,,,,,,,,,,,,,,,,,,,,,,
1676060281.955855,1676060281.956234,88.000000,0.000000,4357.820313,4336.153809,4330.641113,4340.384766,4311.794922,4325.641113,4301.794922,4333.589844,4298.077148,4277.948730,4511.282227,4512.307617,4386.922852,4498.205078,3126.000000,4.000000,85.000000,,,,0.000000,4.000000,4.000000,4.000000,4.000000,4.000000,4.000000,4.000000,4.000000,4.000000,4.000000,4.000000,4.000000,4.000000,4.000000,100.000000,,,,,,,,,,,,,,,,,,,,,,,,,,,,,,,,,,,,,,,,,,,,,,,,,,,,,,,,,,,,,,,,,,,,,,,,,,,,,,,,,,,,,,
1676060281.963663,1676060281.964042,89.000000,0.000000,4347.820313,4317.692383,4317.692383,4330.769043,4307.820313,4320.512695,4296.794922,4335.897461,4304.743652,4275.897461,4504.871582,4506.922852,4381.025879,4477.307617,3239.000000,4.000000,85.000000,,,,0.000000,4.000000,4.000000,4.000000,4.000000,4.000000,4.000000,4.000000,4.000000,4.000000,4.000000,4.000000,4.000000,4.000000,4.000000,100.000000,,,,,,,,,,,,,,,,,,,,,,,,,,,,,,,,,,,,,,,,,,,,,,,,,,,,,,,,,,,,,,,,,,,,,,,,,,,,,,,,,,,,,,
1676060281.971471,1676060281.971751,90.000000,0.000000,4334.615234,4296.794922,4308.589844,4320.384766,4300.512695,4316.794922,4295.128418,4330.641113,4299.230957,4280.512695,4489.487305,4490.384766,4367.948730,4463.333496,2737.000000,4.000000,85.000000,,,,0.000000,4.000000,4.000000,4.000000,4.000000,4.000000,4.000000,4.000000,4.000000,4.000000,4.000000,4.000000,4.000000,4.000000,4.000000,100.000000,,,,,,,,,,,,,,,,,,,,,,,,,,,,,,,,,,,,,,,,,,,,,,,,,,,,,,,,,,,,,,,,,,,,,,,,,,,,,,,,,,,,,,
1676060281.979280,1676060281.979559,91.000000,0.000000,4334.102539,4278.461426,4308.589844,4310.769043,4298.846191,4320.641113,4294.358887,4321.282227,4287.436035,4279.487305,4489.102539,4486.666504,4371.666504,4468.974121,2912.000000,4.000000,85.000000,,,,0.000000,4.000000,4.000000,4.000000,4.000000,4.000000,4.000000,4.000000,4.000000,4.000000,4.000000,4.000000,4.000000,4.000000,4.000000,100.000000,,,,,,,,,,,,,,,,,,,,,,,,,,,,,,,,,,,,,,,,,,,,,,,,,,,,,,,,,,,,,,,,,,,,,,,,,,,,,,,,,,,,,,
1676060281.987088,1676060281.987268,92.000000,0.000000,4353.461426,4280.897461,4325.256348,4319.358887,4309.487305,4326.666504,4305.384766,4331.410156,4298.846191,4285.000000,4515.128418,4511.153809,4398.333496,4489.871582,3126.000000,4.000000,85.000000,,,,0.000000,4.000000,4.000000,4.000000,4.000000,4.000000,4.000000,4.000000,4.000000,4.000000,4.000000,4.000000,4.000000,4.000000,4.000000,100.000000,,,,,,,,,,,,,,,,,,,,,,,,,,,,,,,,,,,,,,,,,,,,,,,,,,,,,,,,,,,,,,,,,,,,,,,,,,,,,,,,,,,,,,
1676060281.994897,1676060281.995076,93.000000,0.000000,4366.666504,4290.000000,4337.820313,4329.230957,4315.641113,4328.589844,4311.282227,4339.230957,4311.025879,4295.128418,4537.692383,4526.922852,4423.333496,4506.282227,3239.000000,4.000000,85.000000,,,,0.000000,4.000000,4.000000,4.000000,4.000000,4.000000,4.000000,4.000000,4.000000,4.000000,4.000000,4.000000,4.000000,4.000000,4.000000,100.000000,,,,,,,,,,,,,,,,,,,,,,,,,,,,,,,,,,,,,,,,,,,,,,,,,,,,,,,,,,,,,,,,,,,,,,,,,,,,,,,,,,,,,,
1676060282.002705,1676060282.002785,94.000000,0.000000,4363.333496,4282.820313,4335.512695,4325.641113,4317.692383,4325.000000,4299.743652,4325.256348,4303.205078,4295.769043,4538.205078,4520.512695,4432.307617,4506.922852,2737.000000,4.000000,85.000000,,,,0.000000,4.000000,4.000000,4.000000,4.000000,4.000000,4.000000,4.000000,4.000000,4.000000,4.000000,4.000000,4.000000,4.000000,4.000000,100.000000,,,,,,,,,,,,,,,,,2.752964,4.974834,3.347913,2.240774,1.597579,15.175683,4.219044,5.420568,1.471727,1.199882,2.445868,4.728335,2.812442,1.998109,1.232649,4.992628,2.945778,3.068294,1.721707,1.262630,1.581234,1.015699,2.379584,0.832514,0.660552,1.102598,1.618195,2.558362,0.522437,0.595634,1.372111,1.652358,3.372147,1.235231,0.782349,2.929228,3.005108,4.070202,1.852063,1.275545,1.620965,3.455642,3.579159,1.770550,1.115011,2.187259,4.219713,5.386899,2.943749,1.990240,8.219674,13.118471,5.023901,3.969054,2.112792,3.306803,8.145557,5.035670,3.571497,2.165018,8.873369,11.932521,4.717569,4.030231,1.805392,4.302818,9.558614,4.378204,3.731772,2.229783
1676060282.010513,1676060282.010693,95.000000,0.000000,4358.717773,4267.692383,4333.589844,4317.307617,4322.051270,4317.307617,4290.641113,4321.153809,4299.102539,4287.307617,4543.461426,4521.025879,4435.897461,4506.538574,2912.000000,4.000000,85.000000,,,,0.000000,4.000000,4.000000,4.000000,4.000000,4.000000,4.000000,4.000000,4.000000,4.000000,4.000000,4.000000,4.000000,4.000000,4.000000,100.000000,,,,,,,,,,,,,,,,,,,,,,,,,,,,,,,,,,,,,,,,,,,,,,,,,,,,,,,,,,,,,,,,,,,,,,,,,,,,,,,,,,,,,,
1676060282.018322,1676060282.018501,96.000000,0.000000,4360.128418,4260.897461,4337.563965,4308.717773,4317.820313,4314.358887,4295.384766,4330.512695,4306.794922,4287.179688,4555.897461,4530.512695,4448.205078,4516.538574,3126.000000,4.000000,85.000000,,,,0.000000,4.000000,4.000000,4.000000,4.000000,4.000000,4.000000,4.000000,4.000000,4.000000,4.000000,4.000000,4.000000,4.000000,4.000000,100.000000,,,,,,,,,,,,,,,,,,,,,,,,,,,,,,,,,,,,,,,,,,,,,,,,,,,,,,,,,,,,,,,,,,,,,,,,,,,,,,,,,,,,,,
1676060282.026130,1676060282.026410,97.000000,0.000000,4368.974121,4266.666504,4345.256348,4313.974121,4314.743652,4325.128418,4300.128418,4333.846191,4313.461426,4305.256348,4562.692383,4539.358887,4465.000000,4528.205078,3239.000000,4.000000,85.000000,,,,0.000000,4.000000,4.000000,4.000000,4.000000,4.000000,4.000000,4.000000,4.000000,4.000000,4.000000,4.000000,4.000000,4.000000,4.000000,100.000000,,,,,,,,,,,,,,,,,,,,,,,,,,,,,,,,,,,,,,,,,,,,,,,,,,,,,,,,,,,,,,,,,,,,,,,,,,,,,,,,,,,,,,
1676060282.033939,1676060282.034218,98.000000,0.000000,4369.230957,4270.128418,4347.051270,4325.641113,4316.410156,4330.256348,4297.051270,4334.871582,4317.692383,4319.487305,4562.692383,4541.538574,4462.692383,4522.436035,2737.000000,4.000000,85.000000,,,,0.000000,4.000000,4.000000,4.000000,4.000000,4.000000,4.000000,4.000000,4.000000,4.000000,4.000000,4.000000,4.000000,4.000000,4.000000,100.000000,,,,,,,,,,,,,,,,,,,,,,,,,,,,,,,,,,,,,,,,,,,,,,,,,,,,,,,,,,,,,,,,,,,,,,,,,,,,,,,,,,,,,,
1676060282.041747,1676060282.042126,99.000000,0.000000,4356.282227,4263.077148,4342.692383,4318.589844,4313.077148,4317.179688,4295.769043,4339.743652,4320.384766,4317.307617,4561.922852,4534.615234,4446.922852,4511.410156,2912.000000,4.000000,85.000000,,,,0.000000,4.000000,4.000000,4.000000,4.000000,4.000000,4.000000,4.000000,4.000000,4.000000,4.000000,4.000000,4.000000,4.000000,4.000000,100.000000,,,,,,,,,,,,,,,,,,,,,,,,,,,,,,,,,,,,,,,,,,,,,,,,,,,,,,,,,,,,,,,,,,,,,,,,,,,,,,,,,,,,,,
1676060282.049555,1676060282.049935,100.000000,0.000000,4348.205078,4262.051270,4342.179688,4309.102539,4311.153809,4313.461426,4301.538574,4343.077148,4318.077148,4311.025879,4564.615234,4527.307617,4437.948730,4509.487305,3126.000000,4.000000,85.000000,,,,0.000000,4.000000,4.000000,4.000000,4.000000,4.000000,4.000000,4.000000,4.000000,4.000000,4.000000,4.000000,4.000000,4.000000,4.000000,100.000000,,,,,,,,,,,,,,,,,,,,,,,,,,,,,,,,,,,,,,,,,,,,,,,,,,,,,,,,,,,,,,,,,,,,,,,,,,,,,,,,,,,,,,
1676060282.057364,1676060282.057843,101.000000,0.000000,4344.487305,4268.077148,4332.692383,4306.922852,4308.846191,4320.000000,4301.794922,4336.410156,4308.589844,4298.461426,4558.717773,4512.948730,4424.743652,4498.205078,3239.000000,4.000000,85.000000,,,,0.000000,4.000000,4.000000,4.000000,4.000000,4.000000,4.000000,4.000000,4.000000,4.000000,4.000000,4.000000,4.000000,4.000000,4.000000,100.000000,,,,,,,,,,,,,,,,,,,,,,,,,,,,,,,,,,,,,,,,,,,,,,,,,,,,,,,,,,,,,,,,,,,,,,,,,,,,,,,,,,,,,,
1676060282.065172,1676060282.065652,102.000000,0.000000,4336.922852,4267.692383,4316.410156,4301.538574,4305.897461,4317.692383,4296.794922,4328.717773,4299.743652,4281.794922,4544.615234,4494.487305,4403.077148,4474.487305,2737.000000,4.000000,85.000000,,,,0.000000,4.000000,4.000000,4.000000,4.000000,4.000000,4.000000,4.000000,4.000000,4.000000,4.000000,4.000000,4.000000,4.000000,4.000000,100.000000,,,,,,,,,,,,,,,,,,,,,,,,,,,,,,,,,,,,,,,,,,,,,,,,,,,,,,,,,,,,,,,,,,,,,,,,,,,,,,,,,,,,,,
1676060282.072981,1676060282.073560,103.000000,0.000000,4328.974121,4267.179688,4314.102539,4299.358887,4309.743652,4313.717773,4296.538574,4327.820313,4297.563965,4279.743652,4531.410156,4482.436035,4388.846191,4456.922852,2912.000000,4.000000,85.000000,,,,0.000000,4.000000,4.000000,4.000000,4.000000,4.000000,4.000000,4.000000,4.000000,4.000000,4.000000,4.000000,4.000000,4.000000,4.000000,100.000000,,,,,,,,,,,,,,,,,,,,,,,,,,,,,,,,,,,,,,,,,,,,,,,,,,,,,,,,,,,,,,,,,,,,,,,,,,,,,,,,,,,,,,
1676060282.080789,1676060282.081368,104.000000,0.000000,4320.769043,4266.666504,4313.077148,4298.205078,4312.179688,4317.051270,4296.922852,4319.102539,4288.717773,4277.436035,4521.153809,4465.000000,4380.000000,4447.563965,3126.000000,4.000000,85.000000,,,,0.000000,4.000000,4.000000,4.000000,4.000000,4.000000,4.000000,4.000000,4.000000,4.000000,4.000000,4.000000,4.000000,4.000000,4.000000,100.000000,,,,,,,,,,,,,,,,,,,,,,,,,,,,,,,,,,,,,,,,,,,,,,,,,,,,,,,,,,,,,,,,,,,,,,,,,,,,,,,,,,,,,,
1676060282.088597,1676060282.089277,105.000000,0.000000,4319.487305,4268.333496,4307.307617,4295.769043,4310.512695,4324.230957,4296.666504,4308.717773,4277.307617,4267.820313,4513.974121,4454.871582,4371.922852,4446.666504,3239.000000,4.000000,85.000000,,,,0.000000,4.000000,4.000000,4.000000,4.000000,4.000000,4.000000,4.000000,4.000000,4.000000,4.000000,4.000000,4.000000,4.000000,4.000000,100.000000,,,,,,,,,,,,,,,,,,,,,,,,,,,,,,,,,,,,,,,,,,,,,,,,,,,,,,,,,,,,,,,,,,,,,,,,,,,,,,,,,,,,,,
1676060282.096406,1676060282.097085,106.000000,0.000000,4334.102539,4280.000000,4321.025879,4308.077148,4316.922852,4333.205078,4303.589844,4320.256348,4290.769043,4281.538574,4521.922852,4477.436035,4381.153809,4458.974121,2737.000000,4.000000,85.000000,,,,0.000000,4.000000,4.000000,4.000000,4.000000,4.000000,4.000000,4.000000,4.000000,4.000000,4.000000,4.000000,4.000000,4.000000,4.000000,100.000000,,,,,,,,,,,,,,,,,,,,,,,,,,,,,,,,,,,,,,,,,,,,,,,,,,,,,,,,,,,,,,,,,,,,,,,,,,,,,,,,,,,,,,
1676060282.104214,1676060282.104794,107.000000,0.000000,4339.871582,4281.794922,4334.743652,4316.794922,4320.512695,4336.282227,4306.410156,4328.461426,4299.615234,4291.666504,4527.563965,4489.871582,4391.282227,4462.307617,2912.000000,4.000000,85.000000,,,,0.000000,4.000000,4.000000,4.000000,4.000000,4.000000,4.000000,4.000000,4.000000,4.000000,4.000000,4.000000,4.000000,4.000000,4.000000,100.000000,,,,,,,,,,,,,,,,,,,,,,,,,,,,,,,,,,,,,,,,,,,,,,,,,,,,,,,,,,,,,,,,,,,,,,,,,,,,,,,,,,,,,,
1676060282.112022,1676060282.112602,108.000000,0.000000,4326.025879,4263.461426,4322.436035,4300.512695,4310.000000,4324.487305,4294.615234,4307.692383,4274.743652,4263.974121,4514.230957,4470.000000,4384.871582,4452.692383,3126.000000,4.000000,85.000000,,,,0.000000,4.000000,4.000000,4.000000,4.000000,4.000000,4.000000,4.000000,4.000000,4.000000,4.000000,4.000000,4.000000,4.000000,4.000000,100.000000,,,,,,,,,,,,,,,,,,,,,,,,,,,,,,,,,,,,,,,,,,,,,,,,,,,,,,,,,,,,,,,,,,,,,,,,,,,,,,,,,,,,,,
1676060282.119831,1676060282.120311,109.000000,0.000000,4333.205078,4262.051270,4327.179688,4297.563965,4310.897461,4321.282227,4296.410156,4306.666504,4278.333496,4264.743652,4528.461426,4481.922852,4400.897461,4470.769043,3239.000000,4.000000,85.000000,,,,0.000000,4.000000,4.000000,4.000000,4.000000,4.000000,4.000000,4.000000,4.000000,4.000000,4.000000,4.000000,4.000000,4.000000,4.000000,100.000000,,,,,,,,,,,,,,,,,,,,,,,,,,,,,,,,,,,,,,,,,,,,,,,,,,,,,,,,,,,,,,,,,,,,,,,,,,,,,,,,,,,,,,
1676060282.127639,1676060282.128119,110.000000,0.000000,4350.641113,4270.384766,4346.025879,4309.871582,4317.307617,4327.307617,4303.077148,4318.846191,4305.641113,4299.487305,4551.025879,4505.769043,4427.820313,4491.666504,2737.000000,4.000000,85.000000,,,,0.000000,4.000000,4.000000,4.000000,4.000000,4.000000,4.000000,4.000000,4.000000,4.000000,4.000000,4.000000,4.000000,4.000000,4.000000,100.000000,,,,,,,,,,,,,,,,,2.358266,5.334287,3.496494,2.197682,1.661189,12.995524,3.998187,5.113845,1.442791,1.293867,1.960259,4.949279,3.055409,1.891015,1.301177,4.817420,3.553454,3.090116,1.671167,1.302418,1.254219,0.981762,2.254268,0.838702,0.689778,0.821057,1.382497,2.358160,0.578534,0.599241,1.011027,1.518799,3.121284,1.284539,0.795095,2.312844,2.757984,3.732772,1.902961,1.273791,1.597418,3.127062,3.221556,1.791190,1.051197,1.972480,3.905784,4.958718,3.028012,2.030694,8.243594,12.027285,5.276963,3.799049,2.164877,3.034939,7.885167,5.271128,3.524198,2.231358,8.422221,10.464354,5.022361,4.041146,1.839209,3.815138,8.991064,4.787393,3.632955,2.301330
1676060282.135448,1676060282.135828,111.000000,0.000000,4333.333496,4253.461426,4327.051270,4296.666504,4302.307617,4316.025879,4287.820313,4300.769043,4289.230957,4286.922852,4523.974121,4476.666504,4412.307617,4469.615234,2912.000000,4.000000,85.000000,,,,0.000000,4.000000,4.000000,4.000000,4.000000,4.000000,4.000000,4.000000,4.000000,4.000000,4.000000,4.000000,4.000000,4.000000,4.000000,100.000000,,,,,,,,,,,,,,,,,,,,,,,,,,,,,,,,,,,,,,,,,,,,,,,,,,,,,,,,,,,,,,,,,,,,,,,,,,,,,,,,,,,,,,
1676060282.143256,1676060282.143636,112.000000,0.000000,4314.358887,4240.000000,4304.743652,4283.205078,4292.563965,4306.153809,4280.897461,4292.820313,4273.205078,4260.128418,4502.948730,4453.717773,4392.051270,4447.948730,3126.000000,4.000000,85.000000,,,,0.000000,4.000000,4.000000,4.000000,4.000000,4.000000,4.000000,4.000000,4.000000,4.000000,4.000000,4.000000,4.000000,4.000000,4.000000,100.000000,,,,,,,,,,,,,,,,,,,,,,,,,,,,,,,,,,,,,,,,,,,,,,,,,,,,,,,,,,,,,,,,,,,,,,,,,,,,,,,,,,,,,,
1676060282.151064,1676060282.151345,113.000000,0.000000,4327.563965,4253.333496,4320.256348,4295.000000,4308.333496,4319.615234,4301.538574,4320.128418,4300.256348,4285.000000,4536.922852,4485.897461,4415.128418,4466.282227,3239.000000,4.000000,85.000000,,,,0.000000,4.000000,4.000000,4.000000,4.000000,4.000000,4.000000,4.000000,4.000000,4.000000,4.000000,4.000000,4.000000,4.000000,4.000000,100.000000,,,,,,,,,,,,,,,,,,,,,,,,,,,,,,,,,,,,,,,,,,,,,,,,,,,,,,,,,,,,,,,,,,,,,,,,,,,,,,,,,,,,,,
1676060282.158873,1676060282.159253,114.000000,0.000000,4327.692383,4252.563965,4322.948730,4290.256348,4311.025879,4326.666504,4306.025879,4325.897461,4306.153809,4289.743652,4540.256348,4492.820313,4420.512695,4468.333496,2737.000000,4.000000,85.000000,,,,0.000000,4.000000,4.000000,4.000000,4.000000,4.000000,4.000000,4.000000,4.000000,4.000000,4.000000,4.000000,4.000000,4.000000,4.000000,100.000000,,,,,,,,,,,,,,,,,,,,,,,,,,,,,,,,,,,,,,,,,,,,,,,,,,,,,,,,,,,,,,,,,,,,,,,,,,,,,,,,,,,,,,
1676060282.166681,1676060282.167062,115.000000,0.000000,4296.025879,4227.307617,4291.410156,4259.358887,4289.358887,4308.077148,4279.230957,4298.717773,4277.051270,4248.077148,4486.794922,4446.538574,4374.487305,4426.282227,2912.000000,4.000000,85.000000,,,,0.000000,4.000000,4.000000,4.000000,4.000000,4.000000,4.000000,4.000000,4.000000,4.000000,4.000000,4.000000,4.000000,4.000000,4.000000,100.000000,,,,,,,,,,,,,,,,,,,,,,,,,,,,,,,,,,,,,,,,,,,,,,,,,,,,,,,,,,,,,,,,,,,,,,,,,,,,,,,,,,,,,,
1676060282.174489,1676060282.174870,116.000000,0.000000,4283.077148,4221.794922,4283.077148,4250.769043,4287.563965,4304.743652,4275.000000,4296.666504,4275.256348,4247.051270,4477.436035,4433.589844,4359.358887,4410.512695,3126.000000,4.000000,85.000000,,,,0.000000,4.000000,4.000000,4.000000,4.000000,4.000000,4.000000,4.000000,4.000000,4.000000,4.000000,4.000000,4.000000,4.000000,4.000000,100.000000,,,,,,,,,,,,,,,,,,,,,,,,,,,,,,,,,,,,,,,,,,,,,,,,,,,,,,,,,,,,,,,,,,,,,,,,,,,,,,,,,,,,,,
1676060282.182298,1676060282.182579,117.000000,0.000000,4302.179688,4233.333496,4304.487305,4267.820313,4307.436035,4323.333496,4297.820313,4316.922852,4293.333496,4277.307617,4512.436035,4466.282227,4391.153809,4438.077148,3239.000000,4.000000,85.000000,,,,0.000000,4.000000,4.000000,4.000000,4.000000,4.000000,4.000000,4.000000,4.000000,4.000000,4.000000,4.000000,4.000000,4.000000,4.000000,100.000000,,,,,,,,,,,,,,,,,,,,,,,,,,,,,,,,,,,,,,,,,,,,,,,,,,,,,,,,,,,,,,,,,,,,,,,,,,,,,,,,,,,,,,
1676060282.190106,1676060282.190387,118.000000,0.000000,4292.051270,4219.230957,4300.512695,4263.205078,4301.282227,4317.820313,4291.153809,4306.025879,4283.974121,4267.179688,4498.333496,4461.666504,4387.692383,4434.102539,2737.000000,4.000000,85.000000,,,,0.000000,4.000000,4.000000,4.000000,4.000000,4.000000,4.000000,4.000000,4.000000,4.000000,4.000000,4.000000,4.000000,4.000000,4.000000,100.000000,,,,,,,,,,,,,,,,,,,,,,,,,,,,,,,,,,,,,,,,,,,,,,,,,,,,,,,,,,,,,,,,,,,,,,,,,,,,,,,,,,,,,,
1676060282.197915,1676060282.198096,119.000000,0.000000,4268.077148,4208.333496,4284.871582,4253.077148,4288.589844,4306.153809,4275.256348,4289.102539,4272.179688,4254.102539,4475.769043,4438.846191,4373.974121,4415.512695,2912.000000,4.000000,85.000000,,,,0.000000,4.000000,4.000000,4.000000,4.000000,4.000000,4.000000,4.000000,4.000000,4.000000,4.000000,4.000000,4.000000,4.000000,4.000000,100.000000,,,,,,,,,,,,,,,,,,,,,,,,,,,,,,,,,,,,,,,,,,,,,,,,,,,,,,,,,,,,,,,,,,,,,,,,,,,,,,,,,,,,,,
1676060282.205723,1676060282.206004,120.000000,0.000000,4299.102539,4243.589844,4312.179688,4283.333496,4309.230957,4325.000000,4301.794922,4319.102539,4301.410156,4286.922852,4524.102539,4474.743652,4414.615234,4452.051270,3126.000000,4.000000,85.000000,,,,0.000000,4.000000,4.000000,4.000000,4.000000,4.000000,4.000000,4.000000,4.000000,4.000000,4.000000,4.000000,4.000000,4.000000,4.000000,100.000000,,,,,,,,,,,,,,,,,,,,,,,,,,,,,,,,,,,,,,,,,,,,,,,,,,,,,,,,,,,,,,,,,,,,,,,,,,,,,,,,,,,,,,
1676060282.213531,1676060282.213812,121.000000,0.000000,4337.692383,4276.666504,4342.051270,4308.333496,4329.358887,4343.205078,4328.717773,4344.615234,4328.717773,4305.769043,4557.563965,4510.897461,4445.384766,4487.179688,3239.000000,4.000000,85.000000,,,,0.000000,4.000000,4.000000,4.000000,4.000000,4.000000,4.000000,4.000000,4.000000,4.000000,4.000000,4.000000,4.000000,4.000000,4.000000,100.000000,,,,,,,,,,,,,,,,,,,,,,,,,,,,,,,,,,,,,,,,,,,,,,,,,,,,,,,,,,,,,,,,,,,,,,,,,,,,,,,,,,,,,,
1676060282.221340,1676060282.221721,122.000000,0.000000,4318.717773,4260.512695,4323.077148,4288.333496,4312.820313,4326.538574,4308.974121,4314.487305,4304.487305,4278.333496,4518.205078,4479.102539,4416.153809,4458.333496,2737.000000,4.000000,85.000000,,,,0.000000,4.000000,4.000000,4.000000,4.000000,4.000000,4.000000,4.000000,4.000000,4.000000,4.000000,4.000000,4.000000,4.000000,4.000000,100.000000,,,,,,,,,,,,,,,,,,,,,,,,,,,,,,,,,,,,,,,,,,,,,,,,,,,,,,,,,,,,,,,,,,,,,,,,,,,,,,,,,,,,,,
1676060282.229148,1676060282.229529,123.000000,0.000000,4297.051270,4241.666504,4300.000000,4271.153809,4294.615234,4309.358887,4287.820313,4292.179688,4277.436035,4267.563965,4490.128418,4447.051270,4390.897461,4425.641113,2912.000000,4.000000,85.000000,,,,0.000000,4.000000,4.000000,4.000000,4.000000,4.000000,4.000000,4.000000,4.000000,4.000000,4.000000,4.000000,4.000000,4.000000,4.000000,100.000000,,,,,,,,,,,,,,,,,,,,,,,,,,,,,,,,,,,,,,,,,,,,,,,,,,,,,,,,,,,,,,,,,,,,,,,,,,,,,,,,,,,,,,
1676060282.236956,1676060282.237438,124.000000,0.000000,4309.230957,4256.922852,4310.128418,4283.077148,4302.179688,4317.051270,4297.563965,4313.077148,4290.384766,4289.358887,4507.948730,4464.871582,4401.410156,4437.692383,3126.000000,4.000000,85.000000,,,,0.000000,4.000000,4.000000,4.000000,4.000000,4.000000,4.000000,4.000000,4.000000,4.000000,4.000000,4.000000,4.000000,4.000000,4.000000,100.000000,,,,,,,,,,,,,,,,,,,,,,,,,,,,,,,,,,,,,,,,,,,,,,,,,,,,,,,,,,,,,,,,,,,,,,,,,,,,,,,,,,,,,,
1676060282.244765,1676060282.245246,125.000000,0.000000,4304.487305,4266.922852,4313.333496,4282.179688,4305.000000,4318.589844,4301.794922,4324.230957,4303.717773,4291.025879,4512.051270,4476.025879,4404.871582,4445.897461,3239.000000,4.000000,85.000000,,,,0.000000,4.000000,4.000000,4.000000,4.000000,4.000000,4.000000,4.000000,4.000000,4.000000,4.000000,4.000000,4.000000,4.000000,4.000000,100.000000,,,,,,,,,,,,,,,,,,,,,,,,,,,,,,,,,,,,,,,,,,,,,,,,,,,,,,,,,,,,,,,,,,,,,,,,,,,,,,,,,,,,,,
1676060282.252573,1676060282.253154,126.000000,0.000000,4291.282227,4259.871582,4299.230957,4272.692383,4296.410156,4311.794922,4288.589844,4312.051270,4296.410156,4278.974121,4500.384766,4465.000000,4398.974121,4436.538574,2737.000000,4.000000,85.000000,,,,0.000000,4.000000,4.000000,4.000000,4.000000,4.000000,4.000000,4.000000,4.000000,4.000000,4.000000,4.000000,4.000000,4.000000,4.000000,100.000000,,,,,,,,,,,,,,,,,1.991118,5.754939,3.364357,2.026482,1.704084,11.486722,3.970681,4.549953,1.375869,1.372087,1.459140,5.338085,3.111176,1.719879,1.378232,4.609087,4.317154,3.008917,1.559473,1.312544,0.940776,0.985008,1.979895,0.802527,0.709350,0.554074,1.054293,1.957805,0.611324,0.584590,0.663179,1.337024,2.638370,1.249510,0.804434,1.755602,2.361782,3.121117,1.824408,1.245261,1.575629,2.642313,2.631577,1.682499,0.987060,1.731335,3.497799,4.122587,2.924953,2.038125,8.229801,11.115233,5.032722,3.347799,2.200321,2.952913,7.764552,5.038566,3.265677,2.268584,8.157196,9.283854,4.874299,3.754770,1.894704,3.512079,8.559477,4.755834,3.316748,2.354405
1676060282.260382,1676060282.260963,127.000000,0.000000,4292.436035,4261.666504,4293.846191,4275.128418,4292.692383,4306.410156,4277.307617,4302.179688,4287.179688,4281.153809,4496.410156,4455.512695,4396.025879,4433.846191,85.000000,4.000000,85.000000,,,,0.000000,4.000000,4.000000,4.000000,4.000000,4.000000,4.000000,4.000000,4.000000,4.000000,4.000000,4.000000,4.000000,4.000000,4.000000,100.000000,,,,,,,,,,,,,,,,,,,,,,,,,,,,,,,,,,,,,,,,,,,,,,,,,,,,,,,,,,,,,,,,,,,,,,,,,,,,,,,,,,,,,,
1676060282.268190,1676060282.268871,0.000000,0.000000,4279.358887,4261.025879,4288.846191,4267.307617,4291.922852,4297.179688,4273.717773,4295.641113,4278.717773,4270.641113,4479.871582,4440.384766,4377.692383,4418.205078,2518.000000,4.000000,85.000000,,,,0.000000,4.000000,4.000000,4.000000,4.000000,4.000000,4.000000,4.000000,4.000000,4.000000,4.000000,4.000000,4.000000,4.000000,4.000000,100.000000,,,,,,,,,,,,,,,,,,,,,,,,,,,,,,,,,,,,,,,,,,,,,,,,,,,,,,,,,,,,,,,,,,,,,,,,,,,,,,,,,,,,,,
1676060282.275998,1676060282.276779,1.000000,0.000000,4282.051270,4262.692383,4296.794922,4270.769043,4301.922852,4305.897461,4289.230957,4301.410156,4284.487305,4266.153809,4482.436035,4447.820313,4377.692383,4416.025879,2473.000000,4.000000,85.000000,,,,0.000000,4.000000,4.000000,4.000000,4.000000,4.000000,4.000000,4.000000,4.000000,4.000000,4.000000,4.000000,4.000000,4.000000,4.000000,100.000000,,,,,,,,,,,,,,,,,,,,,,,,,,,,,,,,,,,,,,,,,,,,,,,,,,,,,,,,,,,,,,,,,,,,,,,,,,,,,,,,,,,,,,
1676060282.283807,1676060282.284588,2.000000,0.000000,4313.205078,4280.384766,4318.589844,4298.205078,4319.230957,4329.487305,4310.000000,4316.153809,4300.000000,4289.230957,4506.410156,4475.000000,4405.000000,4443.717773,2401.000000,4.000000,85.000000,,,,0.000000,4.000000,4.000000,4.000000,4.000000,4.000000,4.000000,4.000000,4.000000,4.000000,4.000000,4.000000,4.000000,4.000000,4.000000,100.000000,,,,,,,,,,,,,,,,,,,,,,,,,,,,,,,,,,,,,,,,,,,,,,,,,,,,,,,,,,,,,,,,,,,,,,,,,,,,,,,,,,,,,,
1676060282.291615,1676060282.292396,3.000000,0.000000,4315.512695,4289.358887,4317.820313,4305.897461,4319.871582,4328.589844,4305.384766,4310.641113,4291.025879,4290.256348,4501.538574,4472.692383,4406.025879,4447.307617,2478.000000,4.000000,85.000000,,,,0.000000,4.000000,4.000000,4.000000,4.000000,4.000000,4.000000,4.000000,4.000000,4.000000,4.000000,4.000000,4.000000,4.000000,4.000000,100.000000,,,,,,,,,,,,,,,,,,,,,,,,,,,,,,,,,,,,,,,,,,,,,,,,,,,,,,,,,,,,,,,,,,,,,,,,,,,,,,,,,,,,,,
1676060282.299424,1676060282.300105,4.000000,0.000000,4291.666504,4279.102539,4304.487305,4288.717773,4309.871582,4321.282227,4290.641113,4295.512695,4278.589844,4271.025879,4487.051270,4455.384766,4391.538574,4426.794922,2431.000000,4.000000,85.000000,,,,0.000000,4.000000,4.000000,4.000000,4.000000,4.000000,4.000000,4.000000,4.000000,4.000000,4.000000,4.000000,4.000000,4.000000,4.000000,100.000000,,,,,,,,,,,,,,,,,,,,,,,,,,,,,,,,,,,,,,,,,,,,,,,,,,,,,,,,,,,,,,,,,,,,,,,,,,,,,,,,,,,,,,
1676060282.307232,1676060282.307913,5.000000,0.000000,4291.538574,4270.000000,4306.922852,4284.743652,4311.025879,4338.974121,4291.794922,4296.922852,4291.153809,4282.051270,4499.230957,4459.487305,4402.820313,4434.615234,2366.000000,4.000000,85.000000,,,,0.000000,4.000000,4.000000,4.000000,4.000000,4.000000,4.000000,4.000000,4.000000,4.000000,4.000000,4.000000,4.000000,4.000000,4.000000,100.000000,,,,,,,,,,,,,,,,,,,,,,,,,,,,,,,,,,,,,,,,,,,,,,,,,,,,,,,,,,,,,,,,,,,,,,,,,,,,,,,,,,,,,,
1676060282.315040,1676060282.315622,6.000000,0.000000,4303.974121,4270.000000,4315.000000,4293.205078,4310.897461,4349.230957,4297.179688,4309.102539,4300.897461,4298.717773,4512.436035,4468.717773,4417.948730,4448.846191,2224.000000,4.000000,85.000000,,,,0.000000,4.000000,4.000000,4.000000,4.000000,4.000000,4.000000,4.000000,4.000000,4.000000,4.000000,4.000000,4.000000,4.000000,4.000000,100.000000,,,,,,,,,,,,,,,,,,,,,,,,,,,,,,,,,,,,,,,,,,,,,,,,,,,,,,,,,,,,,,,,,,,,,,,,,,,,,,,,,,,,,,
1676060282.322849,1676060282.323430,7.000000,0.000000,4308.846191,4274.230957,4318.205078,4295.512695,4308.461426,4342.948730,4296.794922,4312.179688,4298.205078,4292.436035,4512.307617,4474.102539,4420.641113,4444.615234,2217.000000,4.000000,85.000000,,,,0.000000,4.000000,4.000000,4.000000,4.000000,4.000000,4.000000,4.000000,4.000000,4.000000,4.000000,4.000000,4.000000,4.000000,4.000000,100.000000,,,,,,,,,,,,,,,,,,,,,,,,,,,,,,,,,,,,,,,,,,,,,,,,,,,,,,,,,,,,,,,,,,,,,,,,,,,,,,,,,,,,,,
1676060282.330657,1676060282.331139,8.000000,0.000000,4310.897461,4276.410156,4320.256348,4299.743652,4312.692383,4342.179688,4299.743652,4304.743652,4296.153809,4287.563965,4517.563965,4480.256348,4429.358887,4449.102539,2274.000000,4.000000,85.000000,,,,0.000000,4.000000,4.000000,4.000000,4.000000,4.000000,4.000000,4.000000,4.000000,4.000000,4.000000,4.000000,4.000000,4.000000,4.000000,100.000000,,,,,,,,,,,,,,,,,,,,,,,,,,,,,,,,,,,,,,,,,,,,,,,,,,,,,,,,,,,,,,,,,,,,,,,,,,,,,,,,,,,,,,
1676060282.338466,1676060282.338947,9.000000,0.000000,4295.512695,4264.615234,4306.410156,4292.692383,4303.589844,4334.358887,4289.615234,4292.948730,4284.102539,4278.974121,4507.436035,4463.461426,4421.153809,4443.205078,2254.000000,4.000000,85.000000,,,,0.000000,4.000000,4.000000,4.000000,4.000000,4.000000,4.000000,4.000000,4.000000,4.000000,4.000000,4.000000,4.000000,4.000000,4.000000,100.000000,,,,,,,,,,,,,,,,,,,,,,,,,,,,,,,,,,,,,,,,,,,,,,,,,,,,,,,,,,,,,,,,,,,,,,,,,,,,,,,,,,,,,,
1676060282.346274,1676060282.346656,10.000000,0.000000,4275.512695,4248.333496,4289.230957,4279.743652,4288.589844,4322.563965,4278.333496,4289.743652,4274.102539,4272.436035,4487.948730,4448.974121,4397.563965,4418.846191,2713.000000,4.000000,85.000000,,,,0.000000,4.000000,4.000000,4.000000,4.000000,4.000000,4.000000,4.000000,4.000000,4.000000,4.000000,4.000000,4.000000,4.000000,4.000000,100.000000,,,,,,,,,,,,,,,,,,,,,,,,,,,,,,,,,,,,,,,,,,,,,,,,,,,,,,,,,,,,,,,,,,,,,,,,,,,,,,,,,,,,,,
1676060282.354082,1676060282.354464,11.000000,0.000000,4278.077148,4246.922852,4293.974121,4290.256348,4299.743652,4325.641113,4288.205078,4302.820313,4288.589844,4287.692383,4487.948730,4465.000000,4398.077148,4408.333496,2905.000000,4.000000,85.000000,,,,0.000000,4.000000,4.000000,4.000000,4.000000,4.000000,4.000000,4.000000,4.000000,4.000000,4.000000,4.000000,4.000000,4.000000,4.000000,100.000000,,,,,,,,,,,,,,,,,,,,,,,,,,,,,,,,,,,,,,,,,,,,,,,,,,,,,,,,,,,,,,,,,,,,,,,,,,,,,,,,,,,,,,
1676060282.361891,1676060282.362173,12.000000,0.000000,4283.461426,4252.692383,4297.692383,4306.025879,4319.102539,4328.974121,4293.461426,4309.871582,4302.179688,4293.846191,4493.077148,4477.948730,4411.025879,4412.692383,3116.000000,4.000000,85.000000,,,,0.000000,4.000000,4.000000,4.000000,4.000000,4.000000,4.000000,4.000000,4.000000,4.000000,4.000000,4.000000,4.000000,4.000000,4.000000,100.000000,,,,,,,,,,,,,,,,,,,,,,,,,,,,,,,,,,,,,,,,,,,,,,,,,,,,,,,,,,,,,,,,,,,,,,,,,,,,,,,,,,,,,,
1676060282.369699,1676060282.369981,13.000000,0.000000,4272.948730,4246.410156,4286.025879,4300.384766,4317.692383,4318.461426,4281.794922,4300.769043,4292.436035,4278.205078,4496.025879,4474.102539,4413.974121,4414.102539,3236.000000,4.000000,85.000000,,,,0.000000,4.000000,4.000000,4.000000,4.000000,4.000000,4.000000,4.000000,4.000000,4.000000,4.000000,4.000000,4.000000,4.000000,4.000000,100.000000,,,,,,,,,,,,,,,,,,,,,,,,,,,,,,,,,,,,,,,,,,,,,,,,,,,,,,,,,,,,,,,,,,,,,,,,,,,,,,,,,,,,,,
1676060282.377507,1676060282.377690,14.000000,0.000000,4262.051270,4227.948730,4276.794922,4289.230957,4307.948730,4307.307617,4275.384766,4292.948730,4281.538574,4274.871582,4500.641113,4473.846191,4413.205078,4411.666504,2713.000000,4.000000,85.000000,,,,0.000000,4.000000,4.000000,4.000000,4.000000,4.000000,4.000000,4.000000,4.000000,4.000000,4.000000,4.000000,4.000000,4.000000,4.000000,100.000000,1.000000,58.333332,4.000000,4.000000,3.000000,4.000000,4.000000,4.000000,4.000000,4.000000,4.000000,3.000000,3.000000,1.000000,3.000000,3.000000,1.715378,6.020849,2.991623,1.751171,1.701451,10.808749,3.907823,3.892389,1.257991,1.409319,1.029240,5.750607,2.937665,1.502347,1.428441,4.391133,4.992627,2.829516,1.386378,1.278229,0.719533,1.048379,1.617292,0.721573,0.701179,0.372270,0.729591,1.451346,0.605470,0.547407,0.400918,1.147503,2.009267,1.132178,0.796548,1.311046,1.891542,2.366998,1.629947,1.185020,1.612541,2.124079,1.931965,1.469565,0.931032,1.591307,3.035354,3.072995,2.675892,2.006390,8.611637,10.285767,4.294176,2.730230,2.192464,3.161364,7.653948,4.355474,2.830771,2.248722,8.641045,8.370333,4.204727,3.246180,1.947004,3.621780,8.161114,4.224767,2.863120,2.361089
1676060282.385316,1676060282.385598,15.000000,0.000000,4265.641113,4220.256348,4280.128418,4294.487305,4307.563965,4307.179688,4278.589844,4296.025879,4281.538574,4278.974121,4501.794922,4484.102539,4424.743652,4417.692383,2905.000000,4.000000,85.000000,,,,0.000000,4.000000,4.000000,4.000000,4.000000,4.000000,4.000000,4.000000,4.000000,4.000000,4.000000,4.000000,4.000000,4.000000,4.000000,100.000000,,,,,,,,,,,,,,,,,,,,,,,,,,,,,,,,,,,,,,,,,,,,,,,,,,,,,,,,,,,,,,,,,,,,,,,,,,,,,,,,,,,,,,
1676060282.393124,1676060282.393407,16.000000,0.000000,4287.563965,4238.077148,4299.358887,4317.948730,4323.589844,4322.820313,4291.025879,4309.615234,4296.538574,4279.743652,4517.692383,4511.153809,4444.102539,4438.461426,0.000000,4.000000,85.000000,,,,0.000000,4.000000,4.000000,4.000000,4.000000,4.000000,4.000000,4.000000,4.000000,4.000000,4.000000,4.000000,4.000000,4.000000,4.000000,100.000000,,,,,,,,,,,,,,,,,,,,,,,,,,,,,,,,,,,,,,,,,,,,,,,,,,,,,,,,,,,,,,,,,,,,,,,,,,,,,,,,,,,,,,
1676060282.400933,1676060282.401315,17.000000,0.000000,4309.487305,4260.256348,4327.179688,4340.384766,4342.436035,4340.769043,4311.410156,4327.563965,4317.820313,4298.205078,4543.333496,4543.333496,4455.384766,4457.948730,0.000000,4.000000,85.000000,,,,0.000000,4.000000,4.000000,4.000000,4.000000,4.000000,4.000000,4.000000,4.000000,4.000000,4.000000,4.000000,4.000000,4.000000,4.000000,100.000000,,,,,,,,,,,,,,,,,,,,,,,,,,,,,,,,,,,,,,,,,,,,,,,,,,,,,,,,,,,,,,,,,,,,,,,,,,,,,,,,,,,,,,
1676060282.408741,1676060282.409123,18.000000,0.000000,4301.410156,4258.846191,4326.153809,4333.077148,4333.333496,4332.692383,4310.384766,4323.205078,4313.974121,4307.948730,4535.384766,4536.794922,4448.077148,4445.641113,0.000000,4.000000,85.000000,,,,0.000000,4.000000,4.000000,4.000000,4.000000,4.000000,4.000000,4.000000,4.000000,4.000000,4.000000,4.000000,4.000000,4.000000,4.000000,100.000000,,,,,,,,,,,,,,,,,,,,,,,,,,,,,,,,,,,,,,,,,,,,,,,,,,,,,,,,,,,,,,,,,,,,,,,,,,,,,,,,,,,,,,
1676060282.416549,1676060282.417032,19.000000,0.000000,4279.743652,4239.358887,4298.333496,4310.000000,4309.358887,4313.461426,4292.179688,4298.717773,4291.666504,4287.948730,4505.769043,4506.025879,4428.077148,4419.871582,0.000000,4.000000,85.000000,,,,0.000000,4.000000,4.000000,4.000000,4.000000,4.000000,4.000000,4.000000,4.000000,4.000000,4.000000,4.000000,4.000000,4.000000,4.000000,100.000000,,,,,,,,,,,,,,,,,,,,,,,,,,,,,,,,,,,,,,,,,,,,,,,,,,,,,,,,,,,,,,,,,,,,,,,,,,,,,,,,,,,,,,
1676060282.424358,1676060282.424840,20.000000,0.000000,4278.333496,4236.153809,4293.589844,4307.948730,4309.102539,4318.333496,4293.077148,4295.769043,4288.846191,4281.794922,4502.948730,4503.205078,4421.410156,4419.487305,0.000000,4.000000,85.000000,,,,0.000000,4.000000,4.000000,4.000000,4.000000,4.000000,4.000000,4.000000,4.000000,4.000000,4.000000,4.000000,4.000000,4.000000,4.000000,100.000000,,,,,,,,,,,,,,,,,,,,,,,,,,,,,,,,,,,,,,,,,,,,,,,,,,,,,,,,,,,,,,,,,,,,,,,,,,,,,,,,,,,,,,
1676060282.432166,1676060282.432749,21.000000,0.000000,4282.948730,4243.717773,4306.410156,4314.487305,4316.538574,4325.512695,4301.410156,4312.692383,4300.128418,4296.282227,4513.974121,4513.077148,4427.179688,4429.230957,0.000000,4.000000,85.000000,,,,0.000000,4.000000,4.000000,4.000000,4.000000,4.000000,4.000000,4.000000,4.000000,4.000000,4.000000,4.000000,4.000000,4.000000,4.000000,100.000000,,,,,,,,,,,,,,,,,,,,,,,,,,,,,,,,,,,,,,,,,,,,,,,,,,,,,,,,,,,,,,,,,,,,,,,,,,,,,,,,,,,,,,
1676060282.439974,1676060282.440557,22.000000,0.000000,4280.000000,4240.512695,4302.051270,4311.282227,4309.743652,4318.077148,4298.205078,4313.717773,4299.102539,4287.948730,4509.871582,4508.974121,4428.717773,4426.282227,0.000000,4.000000,85.000000,,,,0.000000,4.000000,4.000000,4.000000,4.000000,4.000000,4.000000,4.000000,4.000000,4.000000,4.000000,4.000000,4.000000,4.000000,4.000000,100.000000,,,,,,,,,,,,,,,,,,,,,,,,,,,,,,,,,,,,,,,,,,,,,,,,,,,,,,,,,,,,,,,,,,,,,,,,,,,,,,,,,,,,,,
1676060282.447783,1676060282.448465,23.000000,0.000000,4279.102539,4231.282227,4290.512695,4303.077148,4302.307617,4316.922852,4292.948730,4297.820313,4290.000000,4266.282227,4501.666504,4503.205078,4422.051270,4419.743652,0.000000,4.000000,85.000000,,,,0.000000,4.000000,4.000000,4.000000,4.000000,4.000000,4.000000,4.000000,4.000000,4.000000,4.000000,4.000000,4.000000,4.000000,4.000000,100.000000,,,,,,,,,,,,,,,,,,,,,,,,,,,,,,,,,,,,,,,,,,,,,,,,,,,,,,,,,,,,,,,,,,,,,,,,,,,,,,,,,,,,,,
1676060282.455591,1676060282.456274,24.000000,0.000000,4281.153809,4234.487305,4298.077148,4303.846191,4305.128418,4319.487305,4293.846191,4298.077148,4292.051270,4277.820313,4507.051270,4508.589844,4420.000000,4426.666504,0.000000,4.000000,85.000000,,,,0.000000,4.000000,4.000000,4.000000,4.000000,4.000000,4.000000,4.000000,4.000000,4.000000,4.000000,4.000000,4.000000,4.000000,4.000000,100.000000,,,,,,,,,,,,,,,,,,,,,,,,,,,,,,,,,,,,,,,,,,,,,,,,,,,,,,,,,,,,,,,,,,,,,,,,,,,,,,,,,,,,,,
1676060282.463400,1676060282.464182,25.000000,0.000000,4280.769043,4242.948730,4309.615234,4312.051270,4307.436035,4312.051270,4296.282227,4313.461426,4298.717773,4297.692383,4505.128418,4511.282227,4412.051270,4420.769043,0.000000,4.000000,85.000000,,,,0.000000,4.000000,4.000000,4.000000,4.000000,4.000000,4.000000,4.000000,4.000000,4.000000,4.000000,4.000000,4.000000,4.000000,4.000000,100.000000,,,,,,,,,,,,,,,,,,,,,,,,,,,,,,,,,,,,,,,,,,,,,,,,,,,,,,,,,,,,,,,,,,,,,,,,,,,,,,,,,,,,,,
1676060282.471208,1676060282.471991,26.000000,0.000000,4278.077148,4240.384766,4303.846191,4307.051270,4301.153809,4307.179688,4296.025879,4311.922852,4293.077148,4287.692383,4483.077148,4503.461426,4391.538574,4393.333496,0.000000,4.000000,85.000000,,,,0.000000,4.000000,4.000000,4.000000,4.000000,4.000000,4.000000,4.000000,4.000000,4.000000,4.000000,4.000000,4.000000,4.000000,4.000000,100.000000,,,,,,,,,,,,,,,,,,,,,,,,,,,,,,,,,,,,,,,,,,,,,,,,,,,,,,,,,,,,,,,,,,,,,,,,,,,,,,,,,,,,,,
1676060282.479016,1676060282.479699,27.000000,0.000000,4279.871582,4237.563965,4301.666504,4300.769043,4299.358887,4313.846191,4300.512695,4305.769043,4286.794922,4275.128418,4486.922852,4506.153809,4403.461426,4400.897461,0.000000,4.000000,85.000000,,,,0.000000,4.000000,4.000000,4.000000,4.000000,4.000000,4.000000,4.000000,4.000000,4.000000,4.000000,4.000000,4.000000,4.000000,4.000000,100.000000,,,,,,,,,,,,,,,,,,,,,,,,,,,,,,,,,,,,,,,,,,,,,,,,,,,,,,,,,,,,,,,,,,,,,,,,,,,,,,,,,,,,,,
1676060282.486825,1676060282.487508,28.000000,0.000000,4286.153809,4244.230957,4313.589844,4309.743652,4308.205078,4320.000000,4306.538574,4316.282227,4297.051270,4282.307617,4523.974121,4524.871582,4441.282227,4442.948730,0.000000,4.000000,85.000000,,,,0.000000,4.000000,4.000000,4.000000,4.000000,4.000000,4.000000,4.000000,4.000000,4.000000,4.000000,4.000000,4.000000,4.000000,4.000000,100.000000,,,,,,,,,,,,,,,,,,,,,,,,,,,,,,,,,,,,,,,,,,,,,,,,,,,,,,,,,,,,,,,,,,,,,,,,,,,,,,,,,,,,,,
1676060282.494633,1676060282.495216,29.000000,0.000000,4283.077148,4246.410156,4317.820313,4316.410156,4314.358887,4320.769043,4302.948730,4321.410156,4303.205078,4288.077148,4528.077148,4526.538574,4446.153809,4449.615234,0.000000,4.000000,85.000000,,,,0.000000,4.000000,4.000000,4.000000,4.000000,4.000000,4.000000,4.000000,4.000000,4.000000,4.000000,4.000000,4.000000,4.000000,4.000000,100.000000,,,,,,,,,,,,,,,,,,,,,,,,,,,,,,,,,,,,,,,,,,,,,,,,,,,,,,,,,,,,,,,,,,,,,,,,,,,,,,,,,,,,,,
1676060282.502442,1676060282.503025,30.000000,0.000000,4277.948730,4236.282227,4307.307617,4306.410156,4308.205078,4316.922852,4297.307617,4306.666504,4291.153809,4276.153809,4504.615234,4510.769043,4427.179688,4423.205078,0.000000,4.000000,85.000000,,,,0.000000,4.000000,4.000000,4.000000,4.000000,4.000000,4.000000,4.000000,4.000000,4.000000,4.000000,4.000000,4.000000,4.000000,4.000000,100.000000,,,,,,,,,,,,,,,,,1.593340,6.029424,2.483118,1.426315,1.647416,11.044348,3.729436,3.287088,1.100195,1.398755,0.746985,6.075825,2.563464,1.265108,1.431013,4.201602,5.405590,2.569589,1.178253,1.201334,0.623340,1.178847,1.244639,0.610836,0.662000,0.295416,0.511075,0.962858,0.559804,0.496748,0.260721,0.993740,1.379156,0.959785,0.771795,1.015386,1.446694,1.631552,1.369144,1.107288,1.759715,1.715129,1.269981,1.212944,0.898349,1.653405,2.612654,2.046550,2.350217,1.938858,9.950406,9.490426,3.264098,2.110724,2.139235,3.705957,7.504024,3.393604,2.309165,2.175364,10.402498,7.818451,3.190801,2.651308,1.971983,4.422400,7.818218,3.333241,2.379298,2.308764
1676060282.510250,1676060282.510733,31.000000,0.000000,4281.410156,4229.230957,4299.487305,4296.666504,4298.589844,4310.128418,4290.384766,4295.769043,4281.282227,4268.077148,4503.205078,4502.820313,4425.897461,4415.769043,0.000000,4.000000,85.000000,,,,0.000000,4.000000,4.000000,4.000000,4.000000,4.000000,4.000000,4.000000,4.000000,4.000000,4.000000,4.000000,4.000000,4.000000,4.000000,100.000000,,,,,,,,,,,,,,,,,,,,,,,,,,,,,,,,,,,,,,,,,,,,,,,,,,,,,,,,,,,,,,,,,,,,,,,,,,,,,,,,,,,,,,
1676060282.518058,1676060282.518542,32.000000,0.000000,4272.179688,4227.563965,4292.948730,4295.384766,4294.358887,4304.743652,4280.641113,4293.077148,4281.538574,4272.563965,4500.897461,4494.102539,4420.769043,4413.717773,0.000000,4.000000,85.000000,,,,0.000000,4.000000,4.000000,4.000000,4.000000,4.000000,4.000000,4.000000,4.000000,4.000000,4.000000,4.000000,4.000000,4.000000,4.000000,100.000000,,,,,,,,,,,,,,,,,,,,,,,,,,,,,,,,,,,,,,,,,,,,,,,,,,,,,,,,,,,,,,,,,,,,,,,,,,,,,,,,,,,,,,
1676060282.525867,1676060282.526250,33.000000,0.000000,4256.153809,4225.000000,4287.051270,4293.589844,4294.230957,4305.769043,4282.820313,4290.641113,4283.333496,4278.589844,4490.641113,4487.307617,4408.205078,4404.358887,0.000000,4.000000,85.000000,,,,0.000000,4.000000,4.000000,4.000000,4.000000,4.000000,4.000000,4.000000,4.000000,4.000000,4.000000,4.000000,4.000000,4.000000,4.000000,100.000000,,,,,,,,,,,,,,,,,,,,,,,,,,,,,,,,,,,,,,,,,,,,,,,,,,,,,,,,,,,,,,,,,,,,,,,,,,,,,,,,,,,,,,
1676060282.533675,1676060282.534059,34.000000,0.000000,4266.794922,4234.487305,4292.051270,4293.205078,4298.205078,4307.307617,4295.769043,4295.000000,4289.102539,4287.563965,4504.102539,4499.615234,4421.794922,4413.589844,0.000000,4.000000,85.000000,,,,0.000000,4.000000,4.000000,4.000000,4.000000,4.000000,4.000000,4.000000,4.000000,4.000000,4.000000,4.000000,4.000000,4.000000,4.000000,100.000000,,,,,,,,,,,,,,,,,,,,,,,,,,,,,,,,,,,,,,,,,,,,,,,,,,,,,,,,,,,,,,,,,,,,,,,,,,,,,,,,,,,,,,
1676060282.541484,1676060282.541767,35.000000,0.000000,4287.179688,4253.846191,4300.897461,4302.436035,4301.922852,4305.641113,4300.769043,4308.205078,4300.641113,4298.846191,4517.436035,4511.922852,4436.666504,4427.307617,0.000000,4.000000,85.000000,,,,0.000000,4.000000,4.000000,4.000000,4.000000,4.000000,4.000000,4.000000,4.000000,4.000000,4.000000,4.000000,4.000000,4.000000,4.000000,100.000000,,,,,,,,,,,,,,,,,,,,,,,,,,,,,,,,,,,,,,,,,,,,,,,,,,,,,,,,,,,,,,,,,,,,,,,,,,,,,,,,,,,,,,
1676060282.549292,1676060282.549576,36.000000,0.000000,4290.128418,4279.358887,4308.461426,4320.384766,4310.641113,4316.922852,4301.922852,4318.589844,4313.461426,4296.410156,4508.333496,4511.538574,4422.307617,4428.974121,0.000000,4.000000,85.000000,,,,0.000000,4.000000,4.000000,4.000000,4.000000,4.000000,4.000000,4.000000,4.000000,4.000000,4.000000,4.000000,4.000000,4.000000,4.000000,100.000000,,,,,,,,,,,,,,,,,,,,,,,,,,,,,,,,,,,,,,,,,,,,,,,,,,,,,,,,,,,,,,,,,,,,,,,,,,,,,,,,,,,,,,
1676060282.557100,1676060282.557284,37.000000,0.000000,4284.230957,4306.025879,4307.051270,4329.358887,4312.563965,4325.000000,4304.230957,4318.333496,4313.461426,4283.846191,4494.871582,4502.692383,4393.333496,4419.743652,0.000000,4.000000,85.000000,,,,0.000000,4.000000,4.000000,4.000000,4.000000,4.000000,4.000000,4.000000,4.000000,4.000000,4.000000,4.000000,4.000000,4.000000,4.000000,100.000000,,,,,,,,,,,,,,,,,,,,,,,,,,,,,,,,,,,,,,,,,,,,,,,,,,,,,,,,,,,,,,,,,,,,,,,,,,,,,,,,,,,,,,
1676060282.564909,1676060282.565093,38.000000,0.000000,4279.743652,4326.025879,4297.307617,4329.743652,4300.128418,4304.615234,4296.666504,4308.461426,4301.025879,4279.615234,4480.256348,4486.025879,4367.948730,4400.000000,0.000000,4.000000,85.000000,,,,0.000000,4.000000,4.000000,4.000000,4.000000,4.000000,4.000000,4.000000,4.000000,4.000000,4.000000,4.000000,4.000000,4.000000,4.000000,100.000000,,,,,,,,,,,,,,,,,,,,,,,,,,,,,,,,,,,,,,,,,,,,,,,,,,,,,,,,,,,,,,,,,,,,,,,,,,,,,,,,,,,,,,
1676060282.572717,1676060282.572801,39.000000,0.000000,4276.282227,4344.743652,4292.948730,4334.230957,4295.000000,4291.153809,4288.589844,4298.974121,4293.461426,4274.871582,4463.333496,4474.743652,4345.128418,4385.897461,0.000000,4.000000,85.000000,,,,0.000000,4.000000,4.000000,4.000000,4.000000,4.000000,4.000000,4.000000,4.000000,4.000000,4.000000,4.000000,4.000000,4.000000,4.000000,100.000000,,,,,,,,,,,,,,,,,,,,,,,,,,,,,,,,,,,,,,,,,,,,,,,,,,,,,,,,,,,,,,,,,,,,,,,,,,,,,,,,,,,,,,
1676060282.580526,1676060282.580710,40.000000,0.000000,4279.358887,4371.025879,4296.282227,4345.897461,4305.897461,4307.436035,4290.256348,4297.051270,4288.205078,4264.358887,4451.153809,4472.307617,4325.256348,4386.282227,0.000000,4.000000,85.000000,,,,0.000000,4.000000,4.000000,4.000000,4.000000,4.000000,4.000000,4.000000,4.000000,4.000000,4.000000,4.000000,4.000000,4.000000,4.000000,100.000000,,,,,,,,,,,,,,,,,,,,,,,,,,,,,,,,,,,,,,,,,,,,,,,,,,,,,,,,,,,,,,,,,,,,,,,,,,,,,,,,,,,,,,
1676060282.588334,1676060282.588518,41.000000,0.000000,4286.666504,4395.769043,4301.922852,4362.179688,4318.205078,4315.897461,4290.769043,4296.538574,4279.743652,4260.384766,4439.230957,4464.615234,4314.743652,4384.230957,0.000000,4.000000,85.000000,,,,0.000000,4.000000,4.000000,4.000000,4.000000,4.000000,4.000000,4.000000,4.000000,4.000000,4.000000,4.000000,4.000000,4.000000,4.000000,100.000000,,,,,,,,,,,,,,,,,,,,,,,,,,,,,,,,,,,,,,,,,,,,,,,,,,,,,,,,,,,,,,,,,,,,,,,,,,,,,,,,,,,,,,
1676060282.596142,1676060282.596426,42.000000,0.000000,4282.307617,4410.769043,4303.589844,4364.743652,4315.384766,4306.538574,4283.974121,4287.820313,4276.666504,4261.153809,4420.897461,4448.205078,4297.820313,4369.358887,0.000000,4.000000,85.000000,,,,0.000000,4.000000,4.000000,4.000000,4.000000,4.000000,4.000000,4.000000,4.000000,4.000000,4.000000,4.000000,4.000000,4.000000,4.000000,100.000000,,,,,,,,,,,,,,,,,,,,,,,,,,,,,,,,,,,,,,,,,,,,,,,,,,,,,,,,,,,,,,,,,,,,,,,,,,,,,,,,,,,,,,
1676060282.603951,1676060282.604235,43.000000,0.000000,4279.487305,4426.025879,4302.563965,4363.717773,4314.230957,4304.102539,4279.615234,4279.230957,4281.153809,4262.692383,4410.128418,4443.717773,4278.974121,4365.000000,0.000000,4.000000,85.000000,,,,0.000000,4.000000,4.000000,4.000000,4.000000,4.000000,4.000000,4.000000,4.000000,4.000000,4.000000,4.000000,4.000000,4.000000,4.000000,100.000000,,,,,,,,,,,,,,,,,,,,,,,,,,,,,,,,,,,,,,,,,,,,,,,,,,,,,,,,,,,,,,,,,,,,,,,,,,,,,,,,,,,,,,
1676060282.611759,1676060282.612143,44.000000,0.000000,4291.025879,4438.333496,4303.333496,4375.128418,4319.102539,4305.512695,4278.717773,4278.205078,4279.487305,4255.769043,4410.769043,4449.102539,4279.102539,4372.436035,0.000000,4.000000,85.000000,,,,0.000000,4.000000,4.000000,4.000000,4.000000,4.000000,4.000000,4.000000,4.000000,4.000000,4.000000,4.000000,4.000000,4.000000,4.000000,100.000000,,,,,,,,,,,,,,,,,,,,,,,,,,,,,,,,,,,,,,,,,,,,,,,,,,,,,,,,,,,,,,,,,,,,,,,,,,,,,,,,,,,,,,
1676060282.619567,1676060282.619952,45.000000,0.000000,4294.102539,4434.102539,4305.512695,4375.512695,4316.153809,4303.333496,4279.487305,4276.666504,4272.436035,4246.410156,4405.128418,4447.179688,4278.205078,4364.871582,0.000000,4.000000,85.000000,,,,0.000000,4.000000,4.000000,4.000000,4.000000,4.000000,4.000000,4.000000,4.000000,4.000000,4.000000,4.000000,4.000000,4.000000,4.000000,100.000000,,,,,,,,,,,,,,,,,,,,,,,,,,,,,,,,,,,,,,,,,,,,,,,,,,,,,,,,,,,,,,,,,,,,,,,,,,,,,,,,,,,,,,
1676060282.627376,1676060282.627860,46.000000,0.000000,4278.717773,4416.153809,4304.230957,4357.692383,4314.230957,4306.538574,4290.128418,4279.102539,4274.487305,4250.769043,4396.922852,4446.153809,4265.769043,4351.922852,0.000000,4.000000,85.000000,,,,0.000000,4.000000,4.000000,4.000000,4.000000,4.000000,4.000000,4.000000,4.000000,4.000000,4.000000,4.000000,4.000000,4.000000,4.000000,100.000000,,,,,,,,,,,,,,,,,1.634923,5.848720,1.960334,1.128039,1.560622,12.354315,3.460213,2.847277,0.940523,1.351394,0.633636,6.289769,2.078201,1.051210,1.390033,4.071039,5.501218,2.274963,0.982526,1.102618,0.630730,1.370809,0.934409,0.498647,0.607453,0.325613,0.482410,0.584728,0.491028,0.453118,0.225920,0.921091,0.882872,0.782566,0.745269,0.870411,1.110476,1.038748,1.115867,1.040979,2.006958,1.512885,0.759170,0.984788,0.904135,1.902409,2.335174,1.235314,2.013857,1.847444,11.900026,8.749421,2.223490,1.639981,2.065893,4.484474,7.378279,2.395399,1.827084,2.083088,13.336238,7.747831,2.149106,2.120073,1.959110,5.804379,7.662199,2.341098,1.972913,2.208264
1676060282.635184,1676060282.635668,47.000000,0.000000,4277.307617,4398.974121,4303.974121,4350.897461,4317.692383,4310.256348,4302.436035,4287.948730,4279.743652,4263.205078,4408.205078,4455.897461,4277.563965,4364.230957,0.000000,4.000000,85.000000,,,,0.000000,4.000000,4.000000,4.000000,4.000000,4.000000,4.000000,4.000000,4.000000,4.000000,4.000000,4.000000,4.000000,4.000000,4.000000,100.000000,,,,,,,,,,,,,,,,,,,,,,,,,,,,,,,,,,,,,,,,,,,,,,,,,,,,,,,,,,,,,,,,,,,,,,,,,,,,,,,,,,,,,,
1676060282.642992,1676060282.643577,48.000000,0.000000,4296.025879,4394.615234,4311.666504,4360.512695,4319.871582,4313.974121,4308.077148,4301.153809,4284.230957,4273.077148,4438.717773,4471.538574,4314.871582,4396.282227,0.000000,4.000000,85.000000,,,,0.000000,4.000000,4.000000,4.000000,4.000000,4.000000,4.000000,4.000000,4.000000,4.000000,4.000000,4.000000,4.000000,4.000000,4.000000,100.000000,,,,,,,,,,,,,,,,,,,,,,,,,,,,,,,,,,,,,,,,,,,,,,,,,,,,,,,,,,,,,,,,,,,,,,,,,,,,,,,,,,,,,,
1676060282.650801,1676060282.651385,49.000000,0.000000,4293.846191,4383.846191,4304.871582,4352.692383,4309.230957,4310.128418,4299.743652,4300.897461,4280.769043,4274.615234,4441.794922,4466.794922,4322.179688,4397.436035,0.000000,4.000000,85.000000,,,,0.000000,4.000000,4.000000,4.000000,4.000000,4.000000,4.000000,4.000000,4.000000,4.000000,4.000000,4.000000,4.000000,4.000000,4.000000,100.000000,,,,,,,,,,,,,,,,,,,,,,,,,,,,,,,,,,,,,,,,,,,,,,,,,,,,,,,,,,,,,,,,,,,,,,,,,,,,,,,,,,,,,,
1676060282.658609,1676060282.659293,50.000000,0.000000,4273.077148,4356.282227,4284.358887,4329.102539,4296.538574,4298.589844,4283.205078,4284.871582,4272.307617,4260.384766,4408.333496,4442.436035,4291.410156,4361.794922,0.000000,4.000000,85.000000,,,,0.000000,4.000000,4.000000,4.000000,4.000000,4.000000,4.000000,4.000000,4.000000,4.000000,4.000000,4.000000,4.000000,4.000000,4.000000,100.000000,,,,,,,,,,,,,,,,,,,,,,,,,,,,,,,,,,,,,,,,,,,,,,,,,,,,,,,,,,,,,,,,,,,,,,,,,,,,,,,,,,,,,,
1676060282.666418,1676060282.667102,51.000000,0.000000,4276.666504,4350.512695,4289.230957,4329.358887,4304.615234,4301.666504,4291.025879,4290.897461,4280.384766,4258.589844,4405.897461,4445.769043,4284.358887,4357.692383,0.000000,4.000000,85.000000,,,,0.000000,4.000000,4.000000,4.000000,4.000000,4.000000,4.000000,4.000000,4.000000,4.000000,4.000000,4.000000,4.000000,4.000000,4.000000,100.000000,,,,,,,,,,,,,,,,,,,,,,,,,,,,,,,,,,,,,,,,,,,,,,,,,,,,,,,,,,,,,,,,,,,,,,,,,,,,,,,,,,,,,,
1676060282.674226,1676060282.674810,52.000000,0.000000,4295.000000,4361.025879,4308.589844,4343.205078,4316.538574,4308.589844,4305.769043,4307.436035,4289.871582,4272.820313,4434.102539,4469.871582,4308.717773,4385.512695,0.000000,4.000000,85.000000,,,,0.000000,4.000000,4.000000,4.000000,4.000000,4.000000,4.000000,4.000000,4.000000,4.000000,4.000000,4.000000,4.000000,4.000000,4.000000,100.000000,,,,,,,,,,,,,,,,,,,,,,,,,,,,,,,,,,,,,,,,,,,,,,,,,,,,,,,,,,,,,,,,,,,,,,,,,,,,,,,,,,,,,,
1676060282.682034,1676060282.682619,53.000000,0.000000,4280.000000,4335.641113,4293.974121,4324.871582,4305.256348,4297.692383,4285.128418,4287.307617,4271.410156,4254.615234,4423.589844,4456.025879,4310.256348,4377.051270,0.000000,4.000000,85.000000,,,,0.000000,4.000000,4.000000,4.000000,4.000000,4.000000,4.000000,4.000000,4.000000,4.000000,4.000000,4.000000,4.000000,4.000000,4.000000,100.000000,,,,,,,,,,,,,,,,,,,,,,,,,,,,,,,,,,,,,,,,,,,,,,,,,,,,,,,,,,,,,,,,,,,,,,,,,,,,,,,,,,,,,,
1676060282.689843,1676060282.690327,54.000000,0.000000,4260.512695,4302.692383,4271.025879,4299.615234,4294.102539,4290.512695,4263.461426,4260.000000,4254.102539,4227.051270,4407.307617,4429.871582,4307.051270,4360.512695,0.000000,4.000000,85.000000,,,,0.000000,4.000000,4.000000,4.000000,4.000000,4.000000,4.000000,4.000000,4.000000,4.000000,4.000000,4.000000,4.000000,4.000000,4.000000,100.000000,,,,,,,,,,,,,,,,,,,,,,,,,,,,,,,,,,,,,,,,,,,,,,,,,,,,,,,,,,,,,,,,,,,,,,,,,,,,,,,,,,,,,,
1676060282.697651,1676060282.698136,55.000000,0.000000,4281.666504,4310.641113,4283.205078,4313.333496,4305.000000,4298.461426,4272.051270,4264.487305,4263.846191,4244.487305,4437.179688,4446.025879,4337.179688,4387.563965,0.000000,4.000000,85.000000,,,,0.000000,4.000000,4.000000,4.000000,4.000000,4.000000,4.000000,4.000000,4.000000,4.000000,4.000000,4.000000,4.000000,4.000000,4.000000,100.000000,,,,,,,,,,,,,,,,,,,,,,,,,,,,,,,,,,,,,,,,,,,,,,,,,,,,,,,,,,,,,,,,,,,,,,,,,,,,,,,,,,,,,,
1676060282.705459,1676060282.705844,56.000000,0.000000,4297.820313,4314.743652,4293.974121,4323.461426,4307.179688,4298.717773,4274.230957,4265.641113,4265.897461,4268.589844,4448.461426,4460.128418,4346.538574,4402.051270,0.000000,4.000000,85.000000,,,,0.000000,4.000000,4.000000,4.000000,4.000000,4.000000,4.000000,4.000000,4.000000,4.000000,4.000000,4.000000,4.000000,4.000000,4.000000,100.000000,,,,,,,,,,,,,,,,,,,,,,,,,,,,,,,,,,,,,,,,,,,,,,,,,,,,,,,,,,,,,,,,,,,,,,,,,,,,,,,,,,,,,,
1676060282.713268,1676060282.713753,57.000000,0.000000,4291.282227,4306.922852,4294.230957,4315.897461,4306.025879,4302.820313,4275.384766,4267.820313,4270.384766,4272.820313,4439.230957,4457.948730,4336.538574,4393.846191,0.000000,4.000000,85.000000,,,,0.000000,4.000000,4.000000,4.000000,4.000000,4.000000,4.000000,4.000000,4.000000,4.000000,4.000000,4.000000,4.000000,4.000000,4.000000,100.000000,,,,,,,,,,,,,,,,,,,,,,,,,,,,,,,,,,,,,,,,,,,,,,,,,,,,,,,,,,,,,,,,,,,,,,,,,,,,,,,,,,,,,,
1676060282.721076,1676060282.721561,58.000000,0.000000,4297.563965,4322.436035,4309.230957,4322.436035,4316.794922,4312.948730,4293.461426,4296.153809,4296.282227,4283.974121,4464.358887,4473.333496,4359.358887,4408.974121,0.000000,4.000000,85.000000,,,,0.000000,4.000000,4.000000,4.000000,4.000000,4.000000,4.000000,4.000000,4.000000,4.000000,4.000000,4.000000,4.000000,4.000000,4.000000,100.000000,,,,,,,,,,,,,,,,,,,,,,,,,,,,,,,,,,,,,,,,,,,,,,,,,,,,,,,,,,,,,,,,,,,,,,,,,,,,,,,,,,,,,,
1676060282.728885,1676060282.729470,59.000000,0.000000,4304.102539,4323.077148,4312.563965,4322.051270,4316.282227,4304.871582,4299.615234,4304.871582,4300.769043,4285.256348,4476.538574,4481.410156,4375.641113,4414.358887,0.000000,4.000000,85.000000,,,,0.000000,4.000000,4.000000,4.000000,4.000000,4.000000,4.000000,4.000000,4.000000,4.000000,4.000000,4.000000,4.000000,4.000000,4.000000,100.000000,,,,,,,,,,,,,,,,,,,,,,,,,,,,,,,,,,,,,,,,,,,,,,,,,,,,,,,,,,,,,,,,,,,,,,,,,,,,,,,,,,,,,,
1676060282.736693,1676060282.737278,60.000000,0.000000,4296.538574,4299.871582,4301.794922,4312.179688,4308.846191,4299.358887,4296.794922,4293.974121,4288.717773,4270.769043,4461.538574,4474.871582,4368.077148,4401.282227,0.000000,4.000000,85.000000,,,,0.000000,4.000000,4.000000,4.000000,4.000000,4.000000,4.000000,4.000000,4.000000,4.000000,4.000000,4.000000,4.000000,4.000000,4.000000,100.000000,,,,,,,,,,,,,,,,,,,,,,,,,,,,,,,,,,,,,,,,,,,,,,,,,,,,,,,,,,,,,,,,,,,,,,,,,,,,,,,,,,,,,,
1676060282.744501,1676060282.745086,61.000000,0.000000,4292.179688,4287.307617,4301.153809,4306.410156,4308.717773,4307.307617,4303.333496,4302.051270,4297.179688,4274.871582,4471.666504,4478.333496,4377.948730,4410.897461,0.000000,4.000000,85.000000,,,,0.000000,4.000000,4.000000,4.000000,4.000000,4.000000,4.000000,4.000000,4.000000,4.000000,4.000000,4.000000,4.000000,4.000000,4.000000,100.000000,,,,,,,,,,,,,,,,,,,,,,,,,,,,,,,,,,,,,,,,,,,,,,,,,,,,,,,,,,,,,,,,,,,,,,,,,,,,,,,,,,,,,,
1676060282.752310,1676060282.752795,62.000000,0.000000,4287.051270,4278.461426,4297.051270,4293.461426,4312.563965,4305.256348,4300.641113,4310.000000,4304.487305,4286.666504,4488.461426,4476.410156,4389.615234,4419.615234,0.000000,4.000000,85.000000,,,,0.000000,4.000000,4.000000,4.000000,4.000000,4.000000,4.000000,4.000000,4.000000,4.000000,4.000000,4.000000,4.000000,4.000000,4.000000,100.000000,,,,,,,,,,,,,,,,,1.746488,5.622032,1.514017,0.915339,1.468906,14.229795,3.160949,2.553829,0.819539,1.284117,0.659084,6.410313,1.584887,0.896641,1.325040,4.004510,5.337252,1.971452,0.842750,1.010335,0.697866,1.600570,0.720956,0.413243,0.562377,0.433625,0.678759,0.352520,0.423893,0.436842,0.253593,0.955881,0.594234,0.643378,0.734051,0.850126,0.923791,0.638854,0.924011,1.013053,2.273120,1.529215,0.441549,0.832014,0.951820,2.214438,2.261126,0.707387,1.698676,1.749310,13.648582,8.106547,1.379104,1.383965,2.005639,5.276201,7.352721,1.553334,1.481831,2.010673,16.568382,8.181359,1.331763,1.753416,1.911012,7.289268,7.788395,1.480845,1.706706,2.085134
1676060282.760118,1676060282.760603,63.000000,0.000000,4273.717773,4261.282227,4279.871582,4275.641113,4309.615234,4295.256348,4282.179688,4296.153809,4294.743652,4281.282227,4472.179688,4458.333496,4382.179688,4401.282227,0.000000,4.000000,85.000000,,,,0.000000,4.000000,4.000000,4.000000,4.000000,4.000000,4.000000,4.000000,4.000000,4.000000,4.000000,4.000000,4.000000,4.000000,4.000000,100.000000,,,,,,,,,,,,,,,,,,,,,,,,,,,,,,,,,,,,,,,,,,,,,,,,,,,,,,,,,,,,,,,,,,,,,,,,,,,,,,,,,,,,,,
1676060282.767927,1676060282.768312,64.000000,0.000000,4268.974121,4252.179688,4273.846191,4271.153809,4297.563965,4292.692383,4272.692383,4288.205078,4290.769043,4278.461426,4459.358887,4451.410156,4379.358887,4389.230957,2520.000000,4.000000,85.000000,,,,0.000000,4.000000,4.000000,4.000000,4.000000,4.000000,4.000000,4.000000,4.000000,4.000000,4.000000,4.000000,4.000000,4.000000,4.000000,100.000000,,,,,,,,,,,,,,,,,,,,,,,,,,,,,,,,,,,,,,,,,,,,,,,,,,,,,,,,,,,,,,,,,,,,,,,,,,,,,,,,,,,,,,
1676060282.775735,1676060282.776220,65.000000,0.000000,4276.922852,4255.256348,4280.897461,4278.717773,4299.615234,4295.384766,4276.410156,4292.051270,4290.384766,4281.282227,4472.307617,4459.743652,4385.000000,4396.666504,2478.000000,4.000000,85.000000,,,,0.000000,4.000000,4.000000,4.000000,4.000000,4.000000,4.000000,4.000000,4.000000,4.000000,4.000000,4.000000,4.000000,4.000000,4.000000,100.000000,,,,,,,,,,,,,,,,,,,,,,,,,,,,,,,,,,,,,,,,,,,,,,,,,,,,,,,,,,,,,,,,,,,,,,,,,,,,,,,,,,,,,,
1676060282.783543,1676060282.784029,66.000000,0.000000,4280.512695,4252.948730,4282.948730,4281.025879,4313.974121,4296.794922,4271.538574,4287.307617,4281.922852,4272.179688,4475.256348,4456.282227,4389.743652,4399.487305,2399.000000,4.000000,85.000000,,,,0.000000,4.000000,4.000000,4.000000,4.000000,4.000000,4.000000,4.000000,4.000000,4.000000,4.000000,4.000000,4.000000,4.000000,4.000000,100.000000,,,,,,,,,,,,,,,,,,,,,,,,,,,,,,,,,,,,,,,,,,,,,,,,,,,,,,,,,,,,,,,,,,,,,,,,,,,,,,,,,,,,,,
1676060282.791352,1676060282.791937,67.000000,0.000000,4266.538574,4235.897461,4275.256348,4267.436035,4306.410156,4287.563965,4258.974121,4273.205078,4272.820313,4262.692383,4460.512695,4439.230957,4387.820313,4384.871582,2473.000000,4.000000,85.000000,,,,0.000000,4.000000,4.000000,4.000000,4.000000,4.000000,4.000000,4.000000,4.000000,4.000000,4.000000,4.000000,4.000000,4.000000,4.000000,100.000000,,,,,,,,,,,,,,,,,,,,,,,,,,,,,,,,,,,,,,,,,,,,,,,,,,,,,,,,,,,,,,,,,,,,,,,,,,,,,,,,,,,,,,
1676060282.799160,1676060282.799746,68.000000,0.000000,4266.666504,4230.128418,4278.205078,4262.307617,4297.436035,4285.384766,4270.256348,4276.794922,4279.871582,4273.461426,4464.615234,4446.922852,4391.922852,4386.153809,2434.000000,4.000000,85.000000,,,,0.000000,4.000000,4.000000,4.000000,4.000000,4.000000,4.000000,4.000000,4.000000,4.000000,4.000000,4.000000,4.000000,4.000000,4.000000,100.000000,,,,,,,,,,,,,,,,,,,,,,,,,,,,,,,,,,,,,,,,,,,,,,,,,,,,,,,,,,,,,,,,,,,,,,,,,,,,,,,,,,,,,,
1676060282.806969,1676060282.807654,69.000000,0.000000,4301.922852,4261.025879,4308.717773,4291.922852,4319.102539,4310.256348,4296.794922,4302.563965,4299.743652,4293.077148,4496.153809,4484.615234,4418.717773,4422.948730,2358.000000,4.000000,85.000000,,,,0.000000,4.000000,4.000000,4.000000,4.000000,4.000000,4.000000,4.000000,4.000000,4.000000,4.000000,4.000000,4.000000,4.000000,4.000000,100.000000,,,,,,,,,,,,,,,,,,,,,,,,,,,,,,,,,,,,,,,,,,,,,,,,,,,,,,,,,,,,,,,,,,,,,,,,,,,,,,,,,,,,,,
1676060282.814777,1676060282.815462,70.000000,0.000000,4307.692383,4268.974121,4314.487305,4300.641113,4323.333496,4317.563965,4292.563965,4301.410156,4296.666504,4287.948730,4498.461426,4484.615234,4421.666504,4429.358887,2216.000000,4.000000,85.000000,,,,0.000000,4.000000,4.000000,4.000000,4.000000,4.000000,4.000000,4.000000,4.000000,4.000000,4.000000,4.000000,4.000000,4.000000,4.000000,100.000000,,,,,,,,,,,,,,,,,,,,,,,,,,,,,,,,,,,,,,,,,,,,,,,,,,,,,,,,,,,,,,,,,,,,,,,,,,,,,,,,,,,,,,
1676060282.822585,1676060282.823371,71.000000,0.000000,4275.256348,4233.461426,4283.717773,4268.205078,4298.717773,4295.641113,4272.692383,4272.948730,4273.974121,4270.641113,4467.563965,4447.179688,4388.717773,4390.256348,2217.000000,4.000000,85.000000,,,,0.000000,4.000000,4.000000,4.000000,4.000000,4.000000,4.000000,4.000000,4.000000,4.000000,4.000000,4.000000,4.000000,4.000000,4.000000,100.000000,,,,,,,,,,,,,,,,,,,,,,,,,,,,,,,,,,,,,,,,,,,,,,,,,,,,,,,,,,,,,,,,,,,,,,,,,,,,,,,,,,,,,,
1676060282.830394,1676060282.831179,72.000000,0.000000,4276.794922,4226.282227,4282.307617,4258.205078,4293.846191,4292.692383,4277.948730,4274.230957,4274.102539,4275.641113,4469.102539,4453.461426,4390.384766,4389.230957,2262.000000,4.000000,85.000000,,,,0.000000,4.000000,4.000000,4.000000,4.000000,4.000000,4.000000,4.000000,4.000000,4.000000,4.000000,4.000000,4.000000,4.000000,4.000000,100.000000,,,,,,,,,,,,,,,,,,,,,,,,,,,,,,,,,,,,,,,,,,,,,,,,,,,,,,,,,,,,,,,,,,,,,,,,,,,,,,,,,,,,,,
1676060282.838202,1676060282.839088,73.000000,0.000000,4290.256348,4235.512695,4295.769043,4266.666504,4297.563965,4299.230957,4282.948730,4288.205078,4281.538574,4280.897461,4482.563965,4475.000000,4412.051270,4412.051270,2249.000000,4.000000,85.000000,,,,0.000000,4.000000,4.000000,4.000000,4.000000,4.000000,4.000000,4.000000,4.000000,4.000000,4.000000,4.000000,4.000000,4.000000,4.000000,100.000000,,,,,,,,,,,,,,,,,,,,,,,,,,,,,,,,,,,,,,,,,,,,,,,,,,,,,,,,,,,,,,,,,,,,,,,,,,,,,,,,,,,,,,
1676060282.846011,1676060282.846996,74.000000,0.000000,4277.307617,4223.717773,4293.717773,4262.948730,4293.974121,4294.487305,4277.563965,4288.589844,4278.205078,4278.846191,4479.615234,4468.205078,4408.589844,4407.948730,2708.000000,4.000000,85.000000,,,,0.000000,4.000000,4.000000,4.000000,4.000000,4.000000,4.000000,4.000000,4.000000,4.000000,4.000000,4.000000,4.000000,4.000000,4.000000,100.000000,,,,,,,,,,,,,,,,,,,,,,,,,,,,,,,,,,,,,,,,,,,,,,,,,,,,,,,,,,,,,,,,,,,,,,,,,,,,,,,,,,,,,,
1676060282.853819,1676060282.854804,75.000000,0.000000,4276.282227,4217.563965,4298.717773,4260.769043,4294.743652,4297.563965,4285.769043,4298.333496,4285.256348,4281.538574,4487.563965,4470.384766,4411.538574,4408.461426,2897.000000,4.000000,85.000000,,,,0.000000,4.000000,4.000000,4.000000,4.000000,4.000000,4.000000,4.000000,4.000000,4.000000,4.000000,4.000000,4.000000,4.000000,4.000000,100.000000,,,,,,,,,,,,,,,,,,,,,,,,,,,,,,,,,,,,,,,,,,,,,,,,,,,,,,,,,,,,,,,,,,,,,,,,,,,,,,,,,,,,,,
1676060282.861627,1676060282.862613,76.000000,0.000000,4290.769043,4224.871582,4303.205078,4262.436035,4294.102539,4305.256348,4291.922852,4308.077148,4296.922852,4281.666504,4498.717773,4481.282227,4422.436035,4418.461426,3106.000000,4.000000,85.000000,,,,0.000000,4.000000,4.000000,4.000000,4.000000,4.000000,4.000000,4.000000,4.000000,4.000000,4.000000,4.000000,4.000000,4.000000,4.000000,100.000000,,,,,,,,,,,,,,,,,,,,,,,,,,,,,,,,,,,,,,,,,,,,,,,,,,,,,,,,,,,,,,,,,,,,,,,,,,,,,,,,,,,,,,
1676060282.869436,1676060282.870321,77.000000,0.000000,4299.102539,4237.051270,4304.358887,4270.769043,4300.897461,4307.307617,4291.538574,4308.846191,4304.358887,4288.077148,4497.820313,4485.769043,4422.563965,4421.025879,3221.000000,4.000000,85.000000,,,,0.000000,4.000000,4.000000,4.000000,4.000000,4.000000,4.000000,4.000000,4.000000,4.000000,4.000000,4.000000,4.000000,4.000000,4.000000,100.000000,,,,,,,,,,,,,,,,,,,,,,,,,,,,,,,,,,,,,,,,,,,,,,,,,,,,,,,,,,,,,,,,,,,,,,,,,,,,,,,,,,,,,,
1676060282.877244,1676060282.878130,78.000000,0.000000,4304.615234,4250.128418,4317.563965,4285.256348,4313.589844,4313.974121,4299.615234,4318.205078,4313.333496,4303.974121,4504.487305,4494.615234,4424.230957,4426.794922,2708.000000,4.000000,85.000000,,,,0.000000,4.000000,4.000000,4.000000,4.000000,4.000000,4.000000,4.000000,4.000000,4.000000,4.000000,4.000000,4.000000,4.000000,4.000000,100.000000,1.000000,41.666668,3.000000,3.000000,3.000000,4.000000,4.000000,4.000000,4.000000,4.000000,4.000000,3.000000,3.000000,1.000000,3.000000,1.000000,1.865607,5.434225,1.184762,0.793633,1.393287,16.596815,2.902854,2.288249,0.745514,1.211282,0.771502,6.432193,1.179001,0.798904,1.256680,4.111569,5.008211,1.655154,0.762935,0.946938,0.788282,1.828799,0.589730,0.364413,0.546027,0.592029,1.066930,0.247800,0.377891,0.455827,0.298152,1.099928,0.518215,0.557761,0.744254,0.894423,0.898081,0.434793,0.807306,1.030593,2.455247,1.679548,0.304754,0.755063,1.025928,2.452956,2.353647,0.446663,1.408598,1.658550,14.535784,7.579639,0.850994,1.313259,1.976917,5.837945,7.405835,0.997048,1.290105,1.973942,19.334969,8.924791,0.865309,1.580499,1.837209,8.387526,8.114645,0.895035,1.582239,1.966668
1676060282.885052,1676060282.885838,79.000000,0.000000,4298.846191,4240.769043,4316.922852,4275.769043,4306.410156,4313.333496,4297.436035,4313.205078,4309.230957,4299.102539,4509.230957,4488.974121,4422.307617,4419.358887,2897.000000,4.000000,85.000000,,,,0.000000,4.000000,4.000000,4.000000,4.000000,4.000000,4.000000,4.000000,4.000000,4.000000,4.000000,4.000000,4.000000,4.000000,4.000000,100.000000,,,,,,,,,,,,,,,,,,,,,,,,,,,,,,,,,,,,,,,,,,,,,,,,,,,,,,,,,,,,,,,,,,,,,,,,,,,,,,,,,,,,,,
1676060282.892861,1676060282.893647,80.000000,0.000000,4288.333496,4231.410156,4305.256348,4261.282227,4298.333496,4313.461426,4290.512695,4298.333496,4302.436035,4290.256348,4501.922852,4477.436035,4419.615234,4408.461426,3106.000000,4.000000,85.000000,,,,0.000000,4.000000,4.000000,4.000000,4.000000,4.000000,4.000000,4.000000,4.000000,4.000000,4.000000,4.000000,4.000000,4.000000,4.000000,100.000000,,,,,,,,,,,,,,,,,,,,,,,,,,,,,,,,,,,,,,,,,,,,,,,,,,,,,,,,,,,,,,,,,,,,,,,,,,,,,,,,,,,,,,
1676060282.900669,1676060282.901355,81.000000,0.000000,4296.794922,4249.230957,4320.256348,4279.615234,4311.666504,4327.307617,4300.256348,4307.307617,4309.487305,4305.000000,4512.563965,4495.641113,4435.769043,4427.820313,3221.000000,4.000000,85.000000,,,,0.000000,4.000000,4.000000,4.000000,4.000000,4.000000,4.000000,4.000000,4.000000,4.000000,4.000000,4.000000,4.000000,4.000000,4.000000,100.000000,,,,,,,,,,,,,,,,,,,,,,,,,,,,,,,,,,,,,,,,,,,,,,,,,,,,,,,,,,,,,,,,,,,,,,,,,,,,,,,,,,,,,,
1676060282.908477,1676060282.909164,82.000000,0.000000,4300.641113,4248.205078,4326.538574,4285.128418,4313.846191,4320.769043,4300.512695,4305.769043,4303.461426,4305.512695,4511.282227,4495.769043,4432.692383,4429.743652,2708.000000,4.000000,85.000000,,,,0.000000,4.000000,4.000000,4.000000,4.000000,4.000000,4.000000,4.000000,4.000000,4.000000,4.000000,4.000000,4.000000,4.000000,4.000000,100.000000,,,,,,,,,,,,,,,,,,,,,,,,,,,,,,,,,,,,,,,,,,,,,,,,,,,,,,,,,,,,,,,,,,,,,,,,,,,,,,,,,,,,,,
1676060282.916286,1676060282.916872,83.000000,0.000000,4291.538574,4233.205078,4309.102539,4265.256348,4304.230957,4304.743652,4292.820313,4290.512695,4289.743652,4283.717773,4489.743652,4467.436035,4408.077148,4404.487305,2897.000000,4.000000,85.000000,,,,0.000000,4.000000,4.000000,4.000000,4.000000,4.000000,4.000000,4.000000,4.000000,4.000000,4.000000,4.000000,4.000000,4.000000,4.000000,100.000000,,,,,,,,,,,,,,,,,,,,,,,,,,,,,,,,,,,,,,,,,,,,,,,,,,,,,,,,,,,,,,,,,,,,,,,,,,,,,,,,,,,,,,
1676060282.924094,1676060282.924781,84.000000,0.000000,4293.717773,4247.692383,4310.897461,4270.256348,4309.615234,4321.153809,4303.589844,4305.512695,4297.307617,4277.820313,4498.333496,4472.820313,4416.153809,4408.846191,3106.000000,4.000000,85.000000,,,,0.000000,4.000000,4.000000,4.000000,4.000000,4.000000,4.000000,4.000000,4.000000,4.000000,4.000000,4.000000,4.000000,4.000000,4.000000,100.000000,,,,,,,,,,,,,,,,,,,,,,,,,,,,,,,,,,,,,,,,,,,,,,,,,,,,,,,,,,,,,,,,,,,,,,,,,,,,,,,,,,,,,,
1676060282.931903,1676060282.932589,85.000000,0.000000,4287.820313,4250.897461,4309.871582,4276.538574,4305.128418,4328.461426,4297.179688,4310.000000,4292.051270,4276.153809,4497.179688,4475.897461,4418.461426,4408.333496,3221.000000,4.000000,85.000000,,,,0.000000,4.000000,4.000000,4.000000,4.000000,4.000000,4.000000,4.000000,4.000000,4.000000,4.000000,4.000000,4.000000,4.000000,4.000000,100.000000,,,,,,,,,,,,,,,,,,,,,,,,,,,,,,,,,,,,,,,,,,,,,,,,,,,,,,,,,,,,,,,,,,,,,,,,,,,,,,,,,,,,,,
1676060282.939711,1676060282.940398,86.000000,0.000000,4269.615234,4227.563965,4289.615234,4258.077148,4289.358887,4302.051270,4272.307617,4284.102539,4272.051270,4271.794922,4461.153809,4448.589844,4386.922852,4380.384766,2708.000000,4.000000,85.000000,,,,0.000000,4.000000,4.000000,4.000000,4.000000,4.000000,4.000000,4.000000,4.000000,4.000000,4.000000,4.000000,4.000000,4.000000,4.000000,100.000000,,,,,,,,,,,,,,,,,,,,,,,,,,,,,,,,,,,,,,,,,,,,,,,,,,,,,,,,,,,,,,,,,,,,,,,,,,,,,,,,,,,,,,
1676060282.947519,1676060282.948106,87.000000,0.000000,4276.025879,4232.820313,4291.282227,4259.358887,4297.563965,4295.512695,4277.692383,4287.948730,4281.666504,4279.102539,4457.948730,4448.717773,4378.077148,4381.410156,2897.000000,4.000000,85.000000,,,,0.000000,4.000000,4.000000,4.000000,4.000000,4.000000,4.000000,4.000000,4.000000,4.000000,4.000000,4.000000,4.000000,4.000000,4.000000,100.000000,,,,,,,,,,,,,,,,,,,,,,,,,,,,,,,,,,,,,,,,,,,,,,,,,,,,,,,,,,,,,,,,,,,,,,,,,,,,,,,,,,,,,,
1676060282.955328,1676060282.955915,88.000000,0.000000,4297.820313,4262.307617,4318.077148,4284.615234,4316.025879,4316.666504,4300.641113,4318.974121,4308.846191,4296.794922,4497.563965,4483.333496,4406.794922,4411.153809,3106.000000,4.000000,85.000000,,,,0.000000,4.000000,4.000000,4.000000,4.000000,4.000000,4.000000,4.000000,4.000000,4.000000,4.000000,4.000000,4.000000,4.000000,4.000000,100.000000,,,,,,,,,,,,,,,,,,,,,,,,,,,,,,,,,,,,,,,,,,,,,,,,,,,,,,,,,,,,,,,,,,,,,,,,,,,,,,,,,,,,,,
1676060282.963136,1676060282.963623,89.000000,0.000000,4299.743652,4266.538574,4320.641113,4285.897461,4313.333496,4319.743652,4298.461426,4319.487305,4312.179688,4308.461426,4511.025879,4492.563965,4423.846191,4414.871582,3221.000000,4.000000,85.000000,,,,0.000000,4.000000,4.000000,4.000000,4.000000,4.000000,4.000000,4.000000,4.000000,4.000000,4.000000,4.000000,4.000000,4.000000,4.000000,100.000000,,,,,,,,,,,,,,,,,,,,,,,,,,,,,,,,,,,,,,,,,,,,,,,,,,,,,,,,,,,,,,,,,,,,,,,,,,,,,,,,,,,,,,
1676060282.970945,1676060282.971531,90.000000,0.000000,4296.666504,4264.102539,4312.692383,4281.410156,4312.948730,4319.871582,4292.820313,4310.512695,4311.153809,4307.051270,4505.897461,4488.974121,4428.205078,4414.743652,2708.000000,4.000000,85.000000,,,,0.000000,4.000000,4.000000,4.000000,4.000000,4.000000,4.000000,4.000000,4.000000,4.000000,4.000000,4.000000,4.000000,4.000000,4.000000,100.000000,,,,,,,,,,,,,,,,,,,,,,,,,,,,,,,,,,,,,,,,,,,,,,,,,,,,,,,,,,,,,,,,,,,,,,,,,,,,,,,,,,,,,,
1676060282.978753,1676060282.979340,91.000000,0.000000,4297.179688,4271.538574,4315.897461,4289.102539,4322.051270,4323.333496,4295.256348,4312.307617,4311.666504,4293.077148,4510.000000,4491.282227,4428.974121,4421.922852,2897.000000,4.000000,85.000000,,,,0.000000,4.000000,4.000000,4.000000,4.000000,4.000000,4.000000,4.000000,4.000000,4.000000,4.000000,4.000000,4.000000,4.000000,4.000000,100.000000,,,,,,,,,,,,,,,,,,,,,,,,,,,,,,,,,,,,,,,,,,,,,,,,,,,,,,,,,,,,,,,,,,,,,,,,,,,,,,,,,,,,,,
1676060282.986561,1676060282.987248,92.000000,0.000000,4294.615234,4270.512695,4315.256348,4287.563965,4319.743652,4315.769043,4293.077148,4305.512695,4303.461426,4291.153809,4506.922852,4482.436035,4418.461426,4414.487305,3106.000000,4.000000,85.000000,,,,0.000000,4.000000,4.000000,4.000000,4.000000,4.000000,4.000000,4.000000,4.000000,4.000000,4.000000,4.000000,4.000000,4.000000,4.000000,100.000000,,,,,,,,,,,,,,,,,,,,,,,,,,,,,,,,,,,,,,,,,,,,,,,,,,,,,,,,,,,,,,,,,,,,,,,,,,,,,,,,,,,,,,
1676060282.994370,1676060282.995057,93.000000,0.000000,4304.230957,4275.128418,4322.307617,4292.179688,4322.051270,4316.922852,4302.179688,4310.897461,4312.051270,4315.256348,4511.922852,4489.487305,4423.333496,4417.820313,3221.000000,4.000000,85.000000,,,,0.000000,4.000000,4.000000,4.000000,4.000000,4.000000,4.000000,4.000000,4.000000,4.000000,4.000000,4.000000,4.000000,4.000000,4.000000,100.000000,,,,,,,,,,,,,,,,,,,,,,,,,,,,,,,,,,,,,,,,,,,,,,,,,,,,,,,,,,,,,,,,,,,,,,,,,,,,,,,,,,,,,,
1676060283.002178,1676060283.002965,94.000000,0.000000,4299.615234,4274.615234,4320.384766,4290.641113,4320.000000,4317.820313,4301.282227,4310.641113,4309.871582,4310.897461,4502.307617,4488.461426,4419.358887,4411.666504,2708.000000,4.000000,85.000000,,,,0.000000,4.000000,4.000000,4.000000,4.000000,4.000000,4.000000,4.000000,4.000000,4.000000,4.000000,4.000000,4.000000,4.000000,4.000000,100.000000,,,,,,,,,,,,,,,,,1.886260,5.267407,0.990217,0.739566,1.339591,19.760078,2.801403,1.999521,0.712698,1.138929,0.889611,6.307694,0.929908,0.743952,1.195409,4.504815,4.622768,1.348552,0.724510,0.919057,0.876313,2.011674,0.511489,0.351596,0.560765,0.759822,1.538913,0.235201,0.364155,0.500985,0.340121,1.361836,0.619736,0.522790,0.767750,0.949495,1.047512,0.408358,0.753193,1.075655,2.489739,1.866721,0.311707,0.733568,1.095154,2.522967,2.532224,0.395578,1.159928,1.577393,14.275859,7.142752,0.659473,1.356970,1.970498,6.065486,7.443106,0.771260,1.219939,1.955689,21.305674,9.644601,0.750828,1.584380,1.742907,8.760700,8.404608,0.627780,1.580038,1.869022
1676060283.009987,1676060283.010773,95.000000,0.000000,4283.333496,4262.179688,4307.820313,4278.974121,4312.948730,4313.846191,4289.487305,4292.179688,4289.615234,4284.743652,4483.846191,4467.820313,4402.307617,4393.717773,2897.000000,4.000000,85.000000,,,,0.000000,4.000000,4.000000,4.000000,4.000000,4.000000,4.000000,4.000000,4.000000,4.000000,4.000000,4.000000,4.000000,4.000000,4.000000,100.000000,,,,,,,,,,,,,,,,,,,,,,,,,,,,,,,,,,,,,,,,,,,,,,,,,,,,,,,,,,,,,,,,,,,,,,,,,,,,,,,,,,,,,,
1676060283.017795,1676060283.018682,96.000000,0.000000,4294.871582,4271.282227,4318.589844,4285.000000,4322.692383,4326.922852,4303.077148,4300.000000,4300.128418,4297.563965,4504.102539,4477.563965,4419.358887,4408.077148,3106.000000,4.000000,85.000000,,,,0.000000,4.000000,4.000000,4.000000,4.000000,4.000000,4.000000,4.000000,4.000000,4.000000,4.000000,4.000000,4.000000,4.000000,4.000000,100.000000,,,,,,,,,,,,,,,,,,,,,,,,,,,,,,,,,,,,,,,,,,,,,,,,,,,,,,,,,,,,,,,,,,,,,,,,,,,,,,,,,,,,,,
1676060283.025603,1676060283.026490,97.000000,0.000000,4308.077148,4289.102539,4331.153809,4295.512695,4329.102539,4338.333496,4319.615234,4318.717773,4318.717773,4314.487305,4523.461426,4498.205078,4439.615234,4426.922852,3221.000000,4.000000,85.000000,,,,0.000000,4.000000,4.000000,4.000000,4.000000,4.000000,4.000000,4.000000,4.000000,4.000000,4.000000,4.000000,4.000000,4.000000,4.000000,100.000000,,,,,,,,,,,,,,,,,,,,,,,,,,,,,,,,,,,,,,,,,,,,,,,,,,,,,,,,,,,,,,,,,,,,,,,,,,,,,,,,,,,,,,
1676060283.033412,1676060283.034399,98.000000,0.000000,4287.820313,4274.358887,4312.692383,4281.410156,4314.871582,4325.512695,4302.563965,4304.743652,4297.948730,4289.102539,4495.897461,4477.948730,4410.512695,4402.820313,2708.000000,4.000000,85.000000,,,,0.000000,4.000000,4.000000,4.000000,4.000000,4.000000,4.000000,4.000000,4.000000,4.000000,4.000000,4.000000,4.000000,4.000000,4.000000,100.000000,,,,,,,,,,,,,,,,,,,,,,,,,,,,,,,,,,,,,,,,,,,,,,,,,,,,,,,,,,,,,,,,,,,,,,,,,,,,,,,,,,,,,,
1676060283.041220,1676060283.042207,99.000000,0.000000,4261.794922,4250.897461,4289.102539,4259.743652,4301.410156,4308.589844,4278.333496,4285.128418,4272.179688,4264.358887,4467.051270,4443.461426,4375.000000,4368.589844,2897.000000,4.000000,85.000000,,,,0.000000,4.000000,4.000000,4.000000,4.000000,4.000000,4.000000,4.000000,4.000000,4.000000,4.000000,4.000000,4.000000,4.000000,4.000000,100.000000,,,,,,,,,,,,,,,,,,,,,,,,,,,,,,,,,,,,,,,,,,,,,,,,,,,,,,,,,,,,,,,,,,,,,,,,,,,,,,,,,,,,,,
1676060283.049029,1676060283.049916,100.000000,0.000000,4264.743652,4262.307617,4290.512695,4264.487305,4302.179688,4307.820313,4283.974121,4293.077148,4281.538574,4274.615234,4472.692383,4445.512695,4383.717773,4371.410156,3106.000000,4.000000,85.000000,,,,0.000000,4.000000,4.000000,4.000000,4.000000,4.000000,4.000000,4.000000,4.000000,4.000000,4.000000,4.000000,4.000000,4.000000,4.000000,100.000000,,,,,,,,,,,,,,,,,,,,,,,,,,,,,,,,,,,,,,,,,,,,,,,,,,,,,,,,,,,,,,,,,,,,,,,,,,,,,,,,,,,,,,
1676060283.056837,1676060283.057724,101.000000,0.000000,4287.179688,4293.846191,4309.102539,4284.102539,4313.077148,4321.666504,4307.436035,4311.922852,4308.205078,4297.692383,4489.230957,4471.794922,4401.666504,4395.897461,3221.000000,4.000000,85.000000,,,,0.000000,4.000000,4.000000,4.000000,4.000000,4.000000,4.000000,4.000000,4.000000,4.000000,4.000000,4.000000,4.000000,4.000000,4.000000,100.000000,,,,,,,,,,,,,,,,,,,,,,,,,,,,,,,,,,,,,,,,,,,,,,,,,,,,,,,,,,,,,,,,,,,,,,,,,,,,,,,,,,,,,,
1676060283.064645,1676060283.065433,102.000000,0.000000,4298.333496,4317.307617,4323.333496,4297.692383,4321.282227,4331.153809,4312.179688,4318.589844,4315.641113,4308.077148,4488.846191,4481.538574,4391.922852,4400.641113,2708.000000,4.000000,85.000000,,,,0.000000,4.000000,4.000000,4.000000,4.000000,4.000000,4.000000,4.000000,4.000000,4.000000,4.000000,4.000000,4.000000,4.000000,4.000000,100.000000,,,,,,,,,,,,,,,,,,,,,,,,,,,,,,,,,,,,,,,,,,,,,,,,,,,,,,,,,,,,,,,,,,,,,,,,,,,,,,,,,,,,,,
1676060283.072454,1676060283.073241,103.000000,0.000000,4285.897461,4323.589844,4314.230957,4295.769043,4306.922852,4316.025879,4285.897461,4304.230957,4291.025879,4289.487305,4461.025879,4456.666504,4359.743652,4372.307617,2897.000000,4.000000,85.000000,,,,0.000000,4.000000,4.000000,4.000000,4.000000,4.000000,4.000000,4.000000,4.000000,4.000000,4.000000,4.000000,4.000000,4.000000,4.000000,100.000000,,,,,,,,,,,,,,,,,,,,,,,,,,,,,,,,,,,,,,,,,,,,,,,,,,,,,,,,,,,,,,,,,,,,,,,,,,,,,,,,,,,,,,
1676060283.080262,1676060283.080950,104.000000,0.000000,4277.948730,4329.230957,4303.333496,4293.077148,4296.538574,4300.000000,4271.794922,4290.256348,4274.871582,4265.769043,4434.615234,4437.820313,4339.230957,4354.102539,3106.000000,4.000000,85.000000,,,,0.000000,4.000000,4.000000,4.000000,4.000000,4.000000,4.000000,4.000000,4.000000,4.000000,4.000000,4.000000,4.000000,4.000000,4.000000,100.000000,,,,,,,,,,,,,,,,,,,,,,,,,,,,,,,,,,,,,,,,,,,,,,,,,,,,,,,,,,,,,,,,,,,,,,,,,,,,,,,,,,,,,,
1676060283.088070,1676060283.088758,105.000000,0.000000,4272.436035,4336.282227,4303.077148,4297.179688,4301.922852,4297.948730,4279.487305,4285.128418,4275.384766,4261.538574,4422.436035,4436.025879,4329.358887,4353.717773,3221.000000,4.000000,85.000000,,,,0.000000,4.000000,4.000000,4.000000,4.000000,4.000000,4.000000,4.000000,4.000000,4.000000,4.000000,4.000000,4.000000,4.000000,4.000000,100.000000,,,,,,,,,,,,,,,,,,,,,,,,,,,,,,,,,,,,,,,,,,,,,,,,,,,,,,,,,,,,,,,,,,,,,,,,,,,,,,,,,,,,,,
1676060283.095879,1676060283.096467,106.000000,0.000000,4266.922852,4337.820313,4307.179688,4306.794922,4307.307617,4305.128418,4280.128418,4275.384766,4266.666504,4262.563965,4414.358887,4433.461426,4319.358887,4350.128418,2708.000000,4.000000,85.000000,,,,0.000000,4.000000,4.000000,4.000000,4.000000,4.000000,4.000000,4.000000,4.000000,4.000000,4.000000,4.000000,4.000000,4.000000,4.000000,100.000000,,,,,,,,,,,,,,,,,,,,,,,,,,,,,,,,,,,,,,,,,,,,,,,,,,,,,,,,,,,,,,,,,,,,,,,,,,,,,,,,,,,,,,
1676060283.103687,1676060283.104275,107.000000,0.000000,4283.205078,4345.897461,4320.000000,4330.256348,4321.794922,4322.051270,4286.794922,4279.102539,4265.641113,4259.358887,4428.846191,4449.871582,4326.282227,4359.871582,2897.000000,4.000000,85.000000,,,,0.000000,4.000000,4.000000,4.000000,4.000000,4.000000,4.000000,4.000000,4.000000,4.000000,4.000000,4.000000,4.000000,4.000000,4.000000,100.000000,,,,,,,,,,,,,,,,,,,,,,,,,,,,,,,,,,,,,,,,,,,,,,,,,,,,,,,,,,,,,,,,,,,,,,,,,,,,,,,,,,,,,,
1676060283.111495,1676060283.111984,108.000000,0.000000,4292.948730,4351.538574,4326.538574,4342.820313,4328.333496,4324.358887,4300.512695,4289.871582,4279.358887,4258.846191,4447.307617,4468.205078,4339.871582,4373.717773,3106.000000,4.000000,85.000000,,,,0.000000,4.000000,4.000000,4.000000,4.000000,4.000000,4.000000,4.000000,4.000000,4.000000,4.000000,4.000000,4.000000,4.000000,4.000000,100.000000,,,,,,,,,,,,,,,,,,,,,,,,,,,,,,,,,,,,,,,,,,,,,,,,,,,,,,,,,,,,,,,,,,,,,,,,,,,,,,,,,,,,,,
1676060283.119304,1676060283.119792,109.000000,0.000000,4282.563965,4342.692383,4317.436035,4336.922852,4313.717773,4307.563965,4296.666504,4283.461426,4278.461426,4261.025879,4439.358887,4462.436035,4338.717773,4367.179688,3221.000000,4.000000,85.000000,,,,0.000000,4.000000,4.000000,4.000000,4.000000,4.000000,4.000000,4.000000,4.000000,4.000000,4.000000,4.000000,4.000000,4.000000,4.000000,100.000000,,,,,,,,,,,,,,,,,,,,,,,,,,,,,,,,,,,,,,,,,,,,,,,,,,,,,,,,,,,,,,,,,,,,,,,,,,,,,,,,,,,,,,
1676060283.127112,1676060283.127501,110.000000,0.000000,4275.128418,4328.205078,4303.205078,4329.230957,4302.179688,4305.897461,4281.666504,4276.794922,4265.641113,4262.051270,4421.794922,4453.974121,4329.743652,4350.000000,2708.000000,4.000000,85.000000,,,,0.000000,4.000000,4.000000,4.000000,4.000000,4.000000,4.000000,4.000000,4.000000,4.000000,4.000000,4.000000,4.000000,4.000000,4.000000,100.000000,,,,,,,,,,,,,,,,,1.783419,5.038601,0.969733,0.720487,1.300400,24.177866,2.953972,1.755677,0.703415,1.069428,0.975979,5.985233,0.900816,0.715648,1.139469,5.238667,4.257322,1.132969,0.698511,0.919524,0.953563,2.111089,0.473162,0.364128,0.593046,0.880314,1.946337,0.287389,0.380289,0.552911,0.379992,1.739251,0.862820,0.525269,0.787788,0.977251,1.392937,0.570828,0.741648,1.117322,2.386374,2.049081,0.459810,0.743627,1.126240,2.412454,2.730405,0.512460,0.978902,1.494861,13.164287,6.802982,0.787768,1.440360,1.959234,5.955363,7.379400,0.895260,1.216168,1.922261,22.621532,10.073144,0.902444,1.715349,1.631440,8.396233,8.419985,0.668207,1.664307,1.794541
1676060283.134921,1676060283.135309,111.000000,0.000000,4271.410156,4316.538574,4296.410156,4326.538574,4300.897461,4315.384766,4278.077148,4281.282227,4268.589844,4268.077148,4420.000000,4461.794922,4326.922852,4343.333496,2897.000000,4.000000,85.000000,,,,0.000000,4.000000,4.000000,4.000000,4.000000,4.000000,4.000000,4.000000,4.000000,4.000000,4.000000,4.000000,4.000000,4.000000,4.000000,100.000000,,,,,,,,,,,,,,,,,,,,,,,,,,,,,,,,,,,,,,,,,,,,,,,,,,,,,,,,,,,,,,,,,,,,,,,,,,,,,,,,,,,,,,
1676060283.142729,1676060283.143018,112.000000,0.000000,4263.974121,4310.384766,4295.384766,4326.666504,4296.922852,4307.692383,4282.179688,4282.820313,4280.897461,4267.820313,4423.205078,4471.153809,4325.256348,4347.179688,3106.000000,4.000000,85.000000,,,,0.000000,4.000000,4.000000,4.000000,4.000000,4.000000,4.000000,4.000000,4.000000,4.000000,4.000000,4.000000,4.000000,4.000000,4.000000,100.000000,,,,,,,,,,,,,,,,,,,,,,,,,,,,,,,,,,,,,,,,,,,,,,,,,,,,,,,,,,,,,,,,,,,,,,,,,,,,,,,,,,,,,,
1676060283.150537,1676060283.150926,113.000000,0.000000,4260.000000,4305.897461,4288.333496,4320.897461,4293.205078,4296.538574,4279.358887,4280.128418,4280.641113,4250.641113,4418.717773,4468.205078,4319.871582,4344.615234,3221.000000,4.000000,85.000000,,,,0.000000,4.000000,4.000000,4.000000,4.000000,4.000000,4.000000,4.000000,4.000000,4.000000,4.000000,4.000000,4.000000,4.000000,4.000000,100.000000,,,,,,,,,,,,,,,,,,,,,,,,,,,,,,,,,,,,,,,,,,,,,,,,,,,,,,,,,,,,,,,,,,,,,,,,,,,,,,,,,,,,,,
1676060283.158346,1676060283.158734,114.000000,0.000000,4264.743652,4304.102539,4282.948730,4318.461426,4293.846191,4302.051270,4279.871582,4285.000000,4273.589844,4247.563965,4422.436035,4469.615234,4322.563965,4340.256348,2708.000000,4.000000,85.000000,,,,0.000000,4.000000,4.000000,4.000000,4.000000,4.000000,4.000000,4.000000,4.000000,4.000000,4.000000,4.000000,4.000000,4.000000,4.000000,100.000000,,,,,,,,,,,,,,,,,,,,,,,,,,,,,,,,,,,,,,,,,,,,,,,,,,,,,,,,,,,,,,,,,,,,,,,,,,,,,,,,,,,,,,
1676060283.166154,1676060283.166643,115.000000,0.000000,4275.256348,4308.461426,4293.589844,4328.717773,4296.666504,4312.179688,4290.000000,4294.871582,4280.897461,4270.000000,4442.563965,4485.384766,4334.230957,4349.871582,2897.000000,4.000000,85.000000,,,,0.000000,4.000000,4.000000,4.000000,4.000000,4.000000,4.000000,4.000000,4.000000,4.000000,4.000000,4.000000,4.000000,4.000000,4.000000,100.000000,,,,,,,,,,,,,,,,,,,,,,,,,,,,,,,,,,,,,,,,,,,,,,,,,,,,,,,,,,,,,,,,,,,,,,,,,,,,,,,,,,,,,,
1676060283.173962,1676060283.174451,116.000000,0.000000,4277.948730,4308.077148,4301.922852,4333.717773,4297.820313,4311.153809,4289.743652,4292.948730,4282.307617,4273.205078,4453.717773,4488.846191,4335.897461,4356.025879,3106.000000,4.000000,85.000000,,,,0.000000,4.000000,4.000000,4.000000,4.000000,4.000000,4.000000,4.000000,4.000000,4.000000,4.000000,4.000000,4.000000,4.000000,4.000000,100.000000,,,,,,,,,,,,,,,,,,,,,,,,,,,,,,,,,,,,,,,,,,,,,,,,,,,,,,,,,,,,,,,,,,,,,,,,,,,,,,,,,,,,,,
1676060283.181771,1676060283.182360,117.000000,0.000000,4266.025879,4298.461426,4293.589844,4322.436035,4294.871582,4305.000000,4278.205078,4275.641113,4265.384766,4253.974121,4445.128418,4474.230957,4326.153809,4347.820313,3221.000000,4.000000,85.000000,,,,0.000000,4.000000,4.000000,4.000000,4.000000,4.000000,4.000000,4.000000,4.000000,4.000000,4.000000,4.000000,4.000000,4.000000,4.000000,100.000000,,,,,,,,,,,,,,,,,,,,,,,,,,,,,,,,,,,,,,,,,,,,,,,,,,,,,,,,,,,,,,,,,,,,,,,,,,,,,,,,,,,,,,
1676060283.189579,1676060283.190168,118.000000,0.000000,4258.846191,4292.563965,4290.128418,4314.102539,4292.436035,4301.922852,4271.794922,4264.487305,4259.871582,4253.974121,4438.205078,4471.153809,4325.641113,4344.871582,2708.000000,4.000000,85.000000,,,,0.000000,4.000000,4.000000,4.000000,4.000000,4.000000,4.000000,4.000000,4.000000,4.000000,4.000000,4.000000,4.000000,4.000000,4.000000,100.000000,,,,,,,,,,,,,,,,,,,,,,,,,,,,,,,,,,,,,,,,,,,,,,,,,,,,,,,,,,,,,,,,,,,,,,,,,,,,,,,,,,,,,,
1676060283.197388,1676060283.198076,119.000000,0.000000,4280.000000,4305.512695,4301.922852,4327.820313,4295.512695,4303.846191,4278.077148,4273.846191,4278.974121,4274.230957,4449.230957,4488.205078,4341.538574,4361.025879,2897.000000,4.000000,85.000000,,,,0.000000,4.000000,4.000000,4.000000,4.000000,4.000000,4.000000,4.000000,4.000000,4.000000,4.000000,4.000000,4.000000,4.000000,4.000000,100.000000,,,,,,,,,,,,,,,,,,,,,,,,,,,,,,,,,,,,,,,,,,,,,,,,,,,,,,,,,,,,,,,,,,,,,,,,,,,,,,,,,,,,,,
1676060283.205196,1676060283.205885,120.000000,0.000000,4305.128418,4326.025879,4317.692383,4347.563965,4303.717773,4309.743652,4292.307617,4293.589844,4298.077148,4288.205078,4468.077148,4502.820313,4358.974121,4380.641113,3106.000000,4.000000,85.000000,,,,0.000000,4.000000,4.000000,4.000000,4.000000,4.000000,4.000000,4.000000,4.000000,4.000000,4.000000,4.000000,4.000000,4.000000,4.000000,100.000000,,,,,,,,,,,,,,,,,,,,,,,,,,,,,,,,,,,,,,,,,,,,,,,,,,,,,,,,,,,,,,,,,,,,,,,,,,,,,,,,,,,,,,
1676060283.213004,1676060283.213793,121.000000,0.000000,4299.615234,4326.538574,4318.974121,4348.589844,4308.461426,4312.051270,4294.102539,4298.333496,4295.641113,4281.282227,4472.820313,4501.666504,4361.153809,4382.179688,3221.000000,4.000000,85.000000,,,,0.000000,4.000000,4.000000,4.000000,4.000000,4.000000,4.000000,4.000000,4.000000,4.000000,4.000000,4.000000,4.000000,4.000000,4.000000,100.000000,,,,,,,,,,,,,,,,,,,,,,,,,,,,,,,,,,,,,,,,,,,,,,,,,,,,,,,,,,,,,,,,,,,,,,,,,,,,,,,,,,,,,,
1676060283.220813,1676060283.221602,122.000000,0.000000,4280.256348,4312.563965,4303.974121,4336.410156,4306.922852,4308.077148,4281.410156,4283.589844,4277.692383,4262.307617,4454.871582,4486.666504,4348.333496,4366.794922,2708.000000,4.000000,85.000000,,,,0.000000,4.000000,4.000000,4.000000,4.000000,4.000000,4.000000,4.000000,4.000000,4.000000,4.000000,4.000000,4.000000,4.000000,4.000000,100.000000,,,,,,,,,,,,,,,,,,,,,,,,,,,,,,,,,,,,,,,,,,,,,,,,,,,,,,,,,,,,,,,,,,,,,,,,,,,,,,,,,,,,,,
1676060283.228621,1676060283.229410,123.000000,0.000000,4267.051270,4297.436035,4288.974121,4322.307617,4301.025879,4308.846191,4275.641113,4274.743652,4261.410156,4254.487305,4424.743652,4465.256348,4318.717773,4337.179688,2897.000000,4.000000,85.000000,,,,0.000000,4.000000,4.000000,4.000000,4.000000,4.000000,4.000000,4.000000,4.000000,4.000000,4.000000,4.000000,4.000000,4.000000,4.000000,100.000000,,,,,,,,,,,,,,,,,,,,,,,,,,,,,,,,,,,,,,,,,,,,,,,,,,,,,,,,,,,,,,,,,,,,,,,,,,,,,,,,,,,,,,
1676060283.236430,1676060283.237218,124.000000,0.000000,4260.384766,4286.153809,4283.974121,4314.230957,4297.692383,4313.589844,4282.692383,4281.922852,4270.897461,4263.717773,4417.436035,4459.230957,4306.153809,4324.102539,3106.000000,4.000000,85.000000,,,,0.000000,4.000000,4.000000,4.000000,4.000000,4.000000,4.000000,4.000000,4.000000,4.000000,4.000000,4.000000,4.000000,4.000000,4.000000,100.000000,,,,,,,,,,,,,,,,,,,,,,,,,,,,,,,,,,,,,,,,,,,,,,,,,,,,,,,,,,,,,,,,,,,,,,,,,,,,,,,,,,,,,,
1676060283.244238,1676060283.244927,125.000000,0.000000,4263.333496,4280.256348,4285.000000,4311.538574,4296.025879,4310.000000,4283.077148,4285.256348,4284.871582,4269.615234,4441.282227,4470.897461,4336.666504,4342.051270,3221.000000,4.000000,85.000000,,,,0.000000,4.000000,4.000000,4.000000,4.000000,4.000000,4.000000,4.000000,4.000000,4.000000,4.000000,4.000000,4.000000,4.000000,4.000000,100.000000,,,,,,,,,,,,,,,,,,,,,,,,,,,,,,,,,,,,,,,,,,,,,,,,,,,,,,,,,,,,,,,,,,,,,,,,,,,,,,,,,,,,,,
1676060283.252046,1676060283.252735,126.000000,0.000000,4262.563965,4265.897461,4278.717773,4299.871582,4286.666504,4303.461426,4275.000000,4276.025879,4269.102539,4257.179688,4449.102539,4473.461426,4357.820313,4350.000000,2708.000000,4.000000,85.000000,,,,0.000000,4.000000,4.000000,4.000000,4.000000,4.000000,4.000000,4.000000,4.000000,4.000000,4.000000,4.000000,4.000000,4.000000,4.000000,100.000000,,,,,,,,,,,,,,,,,1.595230,4.680696,1.120461,0.712974,1.263906,29.835678,3.454435,1.647483,0.707557,1.008798,1.037138,5.463997,1.095276,0.705270,1.083482,6.305920,3.955043,1.076911,0.666690,0.935340,0.999092,2.106374,0.472040,0.390169,0.623146,0.911808,2.158468,0.375560,0.416326,0.593047,0.433444,2.184706,1.186020,0.547753,0.791241,0.983358,1.933976,0.902410,0.753998,1.131055,2.232723,2.252878,0.736769,0.766754,1.101220,2.207793,2.918915,0.743021,0.884036,1.397390,12.007195,6.563747,1.174582,1.509073,1.919280,5.665508,7.160119,1.322535,1.227375,1.851179,23.761599,10.059204,1.206057,1.902997,1.512784,7.577294,8.017982,0.944010,1.783450,1.739108
1676060283.259855,1676060283.260444,127.000000,0.000000,4259.230957,4250.512695,4282.179688,4293.333496,4287.563965,4306.922852,4277.436035,4284.615234,4266.282227,4258.333496,4448.333496,4476.282227,4355.384766,4350.641113,85.000000,4.000000,85.000000,,,,0.000000,4.000000,4.000000,4.000000,4.000000,4.000000,4.000000,4.000000,4.000000,4.000000,4.000000,4.000000,4.000000,4.000000,4.000000,100.000000,,,,,,,,,,,,,,,,,,,,,,,,,,,,,,,,,,,,,,,,,,,,,,,,,,,,,,,,,,,,,,,,,,,,,,,,,,,,,,,,,,,,,,
1676060283.267663,1676060283.268352,0.000000,0.000000,4273.077148,4258.974121,4300.000000,4306.025879,4295.384766,4309.615234,4285.384766,4304.358887,4294.871582,4281.922852,4469.358887,4494.102539,4367.820313,4370.000000,2526.000000,4.000000,85.000000,,,,0.000000,4.000000,4.000000,4.000000,4.000000,4.000000,4.000000,4.000000,4.000000,4.000000,4.000000,4.000000,4.000000,4.000000,4.000000,100.000000,,,,,,,,,,,,,,,,,,,,,,,,,,,,,,,,,,,,,,,,,,,,,,,,,,,,,,,,,,,,,,,,,,,,,,,,,,,,,,,,,,,,,,
1676060283.275472,1676060283.276161,1.000000,0.000000,4281.282227,4266.153809,4301.410156,4307.307617,4287.948730,4303.461426,4281.794922,4293.077148,4293.974121,4275.897461,4473.077148,4493.589844,4375.128418,4373.461426,2484.000000,4.000000,85.000000,,,,0.000000,4.000000,4.000000,4.000000,4.000000,4.000000,4.000000,4.000000,4.000000,4.000000,4.000000,4.000000,4.000000,4.000000,4.000000,100.000000,,,,,,,,,,,,,,,,,,,,,,,,,,,,,,,,,,,,,,,,,,,,,,,,,,,,,,,,,,,,,,,,,,,,,,,,,,,,,,,,,,,,,,
1676060283.283280,1676060283.284069,2.000000,0.000000,4280.897461,4260.384766,4298.974121,4302.948730,4284.358887,4307.307617,4281.153809,4278.846191,4275.512695,4255.128418,4461.282227,4489.230957,4369.358887,4363.205078,2419.000000,4.000000,85.000000,,,,0.000000,4.000000,4.000000,4.000000,4.000000,4.000000,4.000000,4.000000,4.000000,4.000000,4.000000,4.000000,4.000000,4.000000,4.000000,100.000000,,,,,,,,,,,,,,,,,,,,,,,,,,,,,,,,,,,,,,,,,,,,,,,,,,,,,,,,,,,,,,,,,,,,,,,,,,,,,,,,,,,,,,
1676060283.291088,1676060283.291878,3.000000,0.000000,4291.794922,4270.128418,4311.025879,4314.871582,4297.436035,4315.128418,4287.948730,4292.948730,4288.461426,4276.794922,4474.487305,4502.820313,4377.436035,4378.205078,2478.000000,4.000000,85.000000,,,,0.000000,4.000000,4.000000,4.000000,4.000000,4.000000,4.000000,4.000000,4.000000,4.000000,4.000000,4.000000,4.000000,4.000000,4.000000,100.000000,,,,,,,,,,,,,,,,,,,,,,,,,,,,,,,,,,,,,,,,,,,,,,,,,,,,,,,,,,,,,,,,,,,,,,,,,,,,,,,,,,,,,,
1676060283.298897,1676060283.299786,4.000000,0.000000,4290.769043,4278.333496,4315.128418,4318.846191,4299.230957,4309.487305,4286.410156,4296.025879,4295.641113,4293.846191,4482.563965,4500.384766,4379.615234,4388.333496,2446.000000,4.000000,85.000000,,,,0.000000,4.000000,4.000000,4.000000,4.000000,4.000000,4.000000,4.000000,4.000000,4.000000,4.000000,4.000000,4.000000,4.000000,4.000000,100.000000,,,,,,,,,,,,,,,,,,,,,,,,,,,,,,,,,,,,,,,,,,,,,,,,,,,,,,,,,,,,,,,,,,,,,,,,,,,,,,,,,,,,,,
1676060283.306705,1676060283.307594,5.000000,0.000000,4280.897461,4267.820313,4311.538574,4311.410156,4292.948730,4311.410156,4288.077148,4281.153809,4280.769043,4273.077148,4472.436035,4492.307617,4371.153809,4377.948730,2384.000000,4.000000,85.000000,,,,0.000000,4.000000,4.000000,4.000000,4.000000,4.000000,4.000000,4.000000,4.000000,4.000000,4.000000,4.000000,4.000000,4.000000,4.000000,100.000000,,,,,,,,,,,,,,,,,,,,,,,,,,,,,,,,,,,,,,,,,,,,,,,,,,,,,,,,,,,,,,,,,,,,,,,,,,,,,,,,,,,,,,
1676060283.314514,1676060283.315403,6.000000,0.000000,4276.282227,4256.282227,4307.436035,4305.128418,4297.563965,4323.333496,4291.025879,4274.871582,4268.333496,4256.025879,4458.333496,4490.641113,4364.615234,4366.282227,2236.000000,4.000000,85.000000,,,,0.000000,4.000000,4.000000,4.000000,4.000000,4.000000,4.000000,4.000000,4.000000,4.000000,4.000000,4.000000,4.000000,4.000000,4.000000,100.000000,,,,,,,,,,,,,,,,,,,,,,,,,,,,,,,,,,,,,,,,,,,,,,,,,,,,,,,,,,,,,,,,,,,,,,,,,,,,,,,,,,,,,,
1676060283.322322,1676060283.323111,7.000000,0.000000,4263.461426,4246.025879,4297.307617,4294.487305,4294.230957,4317.820313,4280.384766,4274.487305,4261.922852,4254.487305,4442.179688,4477.692383,4350.000000,4352.948730,2222.000000,4.000000,85.000000,,,,0.000000,4.000000,4.000000,4.000000,4.000000,4.000000,4.000000,4.000000,4.000000,4.000000,4.000000,4.000000,4.000000,4.000000,4.000000,100.000000,,,,,,,,,,,,,,,,,,,,,,,,,,,,,,,,,,,,,,,,,,,,,,,,,,,,,,,,,,,,,,,,,,,,,,,,,,,,,,,,,,,,,,
1676060283.330130,1676060283.330920,8.000000,0.000000,4267.563965,4251.410156,4304.358887,4298.846191,4291.410156,4307.179688,4283.461426,4289.615234,4275.897461,4266.538574,4454.102539,4486.025879,4351.025879,4356.282227,2279.000000,4.000000,85.000000,,,,0.000000,4.000000,4.000000,4.000000,4.000000,4.000000,4.000000,4.000000,4.000000,4.000000,4.000000,4.000000,4.000000,4.000000,4.000000,100.000000,,,,,,,,,,,,,,,,,,,,,,,,,,,,,,,,,,,,,,,,,,,,,,,,,,,,,,,,,,,,,,,,,,,,,,,,,,,,,,,,,,,,,,
1676060283.337939,1676060283.338628,9.000000,0.000000,4292.179688,4273.589844,4324.615234,4315.000000,4304.487305,4312.051270,4304.487305,4317.051270,4305.000000,4283.589844,4482.051270,4516.410156,4375.128418,4376.282227,2251.000000,4.000000,85.000000,,,,0.000000,4.000000,4.000000,4.000000,4.000000,4.000000,4.000000,4.000000,4.000000,4.000000,4.000000,4.000000,4.000000,4.000000,4.000000,100.000000,,,,,,,,,,,,,,,,,,,,,,,,,,,,,,,,,,,,,,,,,,,,,,,,,,,,,,,,,,,,,,,,,,,,,,,,,,,,,,,,,,,,,,
1676060283.345747,1676060283.346537,10.000000,0.000000,4296.282227,4283.717773,4323.846191,4317.436035,4312.307617,4323.333496,4313.974121,4326.025879,4316.025879,4288.846191,4486.538574,4520.128418,4388.205078,4385.641113,2732.000000,4.000000,85.000000,,,,0.000000,4.000000,4.000000,4.000000,4.000000,4.000000,4.000000,4.000000,4.000000,4.000000,4.000000,4.000000,4.000000,4.000000,4.000000,100.000000,,,,,,,,,,,,,,,,,,,,,,,,,,,,,,,,,,,,,,,,,,,,,,,,,,,,,,,,,,,,,,,,,,,,,,,,,,,,,,,,,,,,,,
1676060283.353555,1676060283.354345,11.000000,0.000000,4278.717773,4267.563965,4306.538574,4306.922852,4300.641113,4317.436035,4303.333496,4317.820313,4303.205078,4285.128418,4472.436035,4497.051270,4374.487305,4374.615234,2927.000000,4.000000,85.000000,,,,0.000000,4.000000,4.000000,4.000000,4.000000,4.000000,4.000000,4.000000,4.000000,4.000000,4.000000,4.000000,4.000000,4.000000,4.000000,100.000000,,,,,,,,,,,,,,,,,,,,,,,,,,,,,,,,,,,,,,,,,,,,,,,,,,,,,,,,,,,,,,,,,,,,,,,,,,,,,,,,,,,,,,
1676060283.361364,1676060283.362253,12.000000,0.000000,4261.282227,4247.051270,4290.128418,4289.358887,4284.615234,4300.897461,4284.487305,4303.205078,4284.102539,4269.230957,4453.077148,4473.461426,4349.871582,4352.179688,3132.000000,4.000000,85.000000,,,,0.000000,4.000000,4.000000,4.000000,4.000000,4.000000,4.000000,4.000000,4.000000,4.000000,4.000000,4.000000,4.000000,4.000000,4.000000,100.000000,,,,,,,,,,,,,,,,,,,,,,,,,,,,,,,,,,,,,,,,,,,,,,,,,,,,,,,,,,,,,,,,,,,,,,,,,,,,,,,,,,,,,,
1676060283.369172,1676060283.370062,13.000000,0.000000,4260.512695,4251.282227,4292.692383,4287.307617,4290.128418,4302.563965,4287.820313,4296.538574,4286.153809,4264.487305,4450.512695,4473.717773,4350.000000,4352.436035,3241.000000,4.000000,85.000000,,,,0.000000,4.000000,4.000000,4.000000,4.000000,4.000000,4.000000,4.000000,4.000000,4.000000,4.000000,4.000000,4.000000,4.000000,4.000000,100.000000,,,,,,,,,,,,,,,,,,,,,,,,,,,,,,,,,,,,,,,,,,,,,,,,,,,,,,,,,,,,,,,,,,,,,,,,,,,,,,,,,,,,,,
1676060283.376980,1676060283.377970,14.000000,0.000000,4273.589844,4263.589844,4304.358887,4298.333496,4297.179688,4306.666504,4300.256348,4302.948730,4304.230957,4283.717773,4464.358887,4487.307617,4365.128418,4369.102539,2732.000000,4.000000,85.000000,,,,0.000000,4.000000,4.000000,4.000000,4.000000,4.000000,4.000000,4.000000,4.000000,4.000000,4.000000,4.000000,4.000000,4.000000,4.000000,100.000000,1.000000,75.000000,4.000000,4.000000,3.000000,4.000000,4.000000,4.000000,4.000000,4.000000,4.000000,4.000000,3.000000,3.000000,3.000000,3.000000,1.390064,4.149454,1.372901,0.712769,1.218626,35.459377,4.326427,1.685213,0.728649,0.964381,1.091775,4.785786,1.424195,0.711189,1.022669,7.413715,3.725800,1.175625,0.629019,0.951617,1.016031,2.006860,0.505646,0.420327,0.634816,0.856273,2.113511,0.478923,0.463999,0.612396,0.515943,2.592577,1.514514,0.586239,0.775875,0.979299,2.584651,1.334872,0.780326,1.105943,2.132336,2.496148,1.118299,0.796728,1.025717,2.027846,3.060916,1.040233,0.871337,1.282036,11.532134,6.276514,1.721178,1.546243,1.840420,5.370313,6.696555,1.926089,1.229466,1.740636,24.845064,9.482945,1.585632,2.076476,1.401323,6.740344,7.133835,1.347536,1.884294,1.693572
1676060283.384789,1676060283.385779,15.000000,0.000000,4280.641113,4263.717773,4302.436035,4298.077148,4291.410156,4295.384766,4287.820313,4301.922852,4299.358887,4282.948730,4466.794922,4481.410156,4368.846191,4374.230957,2927.000000,4.000000,85.000000,,,,0.000000,4.000000,4.000000,4.000000,4.000000,4.000000,4.000000,4.000000,4.000000,4.000000,4.000000,4.000000,4.000000,4.000000,4.000000,100.000000,,,,,,,,,,,,,,,,,,,,,,,,,,,,,,,,,,,,,,,,,,,,,,,,,,,,,,,,,,,,,,,,,,,,,,,,,,,,,,,,,,,,,,
1676060283.392597,1676060283.393687,16.000000,0.000000,4281.538574,4272.436035,4305.641113,4298.077148,4292.948730,4290.897461,4276.794922,4288.589844,4283.077148,4266.410156,4464.230957,4475.769043,4371.282227,4376.153809,0.000000,4.000000,85.000000,,,,0.000000,4.000000,4.000000,4.000000,4.000000,4.000000,4.000000,4.000000,4.000000,4.000000,4.000000,4.000000,4.000000,4.000000,4.000000,100.000000,,,,,,,,,,,,,,,,,,,,,,,,,,,,,,,,,,,,,,,,,,,,,,,,,,,,,,,,,,,,,,,,,,,,,,,,,,,,,,,,,,,,,,
1676060283.400406,1676060283.401496,17.000000,0.000000,4276.282227,4280.897461,4309.743652,4299.358887,4291.922852,4289.102539,4278.974121,4272.307617,4276.794922,4267.948730,4460.256348,4474.230957,4361.410156,4363.717773,0.000000,4.000000,85.000000,,,,0.000000,4.000000,4.000000,4.000000,4.000000,4.000000,4.000000,4.000000,4.000000,4.000000,4.000000,4.000000,4.000000,4.000000,4.000000,100.000000,,,,,,,,,,,,,,,,,,,,,,,,,,,,,,,,,,,,,,,,,,,,,,,,,,,,,,,,,,,,,,,,,,,,,,,,,,,,,,,,,,,,,,
1676060283.408214,1676060283.409404,18.000000,0.000000,4264.487305,4273.205078,4298.974121,4290.769043,4280.512695,4279.230957,4271.538574,4259.230957,4270.256348,4269.871582,4442.820313,4459.102539,4339.102539,4341.922852,0.000000,4.000000,85.000000,,,,0.000000,4.000000,4.000000,4.000000,4.000000,4.000000,4.000000,4.000000,4.000000,4.000000,4.000000,4.000000,4.000000,4.000000,4.000000,100.000000,,,,,,,,,,,,,,,,,,,,,,,,,,,,,,,,,,,,,,,,,,,,,,,,,,,,,,,,,,,,,,,,,,,,,,,,,,,,,,,,,,,,,,
1676060283.416022,1676060283.417312,19.000000,0.000000,4263.333496,4279.871582,4294.102539,4294.102539,4286.794922,4280.512695,4271.153809,4268.717773,4271.410156,4265.769043,4440.641113,4460.641113,4338.205078,4348.589844,0.000000,4.000000,85.000000,,,,0.000000,4.000000,4.000000,4.000000,4.000000,4.000000,4.000000,4.000000,4.000000,4.000000,4.000000,4.000000,4.000000,4.000000,4.000000,100.000000,,,,,,,,,,,,,,,,,,,,,,,,,,,,,,,,,,,,,,,,,,,,,,,,,,,,,,,,,,,,,,,,,,,,,,,,,,,,,,,,,,,,,,
1676060283.423831,1676060283.425121,20.000000,0.000000,4270.128418,4303.333496,4299.615234,4310.128418,4308.205078,4288.589844,4291.153809,4294.102539,4281.794922,4266.153809,4449.871582,4475.897461,4341.282227,4359.230957,0.000000,4.000000,85.000000,,,,0.000000,4.000000,4.000000,4.000000,4.000000,4.000000,4.000000,4.000000,4.000000,4.000000,4.000000,4.000000,4.000000,4.000000,4.000000,100.000000,,,,,,,,,,,,,,,,,,,,,,,,,,,,,,,,,,,,,,,,,,,,,,,,,,,,,,,,,,,,,,,,,,,,,,,,,,,,,,,,,,,,,,
1676060283.431639,1676060283.432929,21.000000,0.000000,4264.743652,4305.000000,4298.077148,4309.615234,4310.897461,4287.436035,4298.077148,4298.205078,4279.871582,4261.025879,4436.666504,4468.461426,4321.538574,4339.871582,0.000000,4.000000,85.000000,,,,0.000000,4.000000,4.000000,4.000000,4.000000,4.000000,4.000000,4.000000,4.000000,4.000000,4.000000,4.000000,4.000000,4.000000,4.000000,100.000000,,,,,,,,,,,,,,,,,,,,,,,,,,,,,,,,,,,,,,,,,,,,,,,,,,,,,,,,,,,,,,,,,,,,,,,,,,,,,,,,,,,,,,
1676060283.439448,1676060283.440638,22.000000,0.000000,4260.897461,4301.922852,4302.179688,4307.051270,4310.128418,4292.563965,4292.692383,4295.897461,4284.230957,4269.358887,4430.512695,4465.512695,4318.974121,4335.897461,0.000000,4.000000,85.000000,,,,0.000000,4.000000,4.000000,4.000000,4.000000,4.000000,4.000000,4.000000,4.000000,4.000000,4.000000,4.000000,4.000000,4.000000,4.000000,100.000000,,,,,,,,,,,,,,,,,,,,,,,,,,,,,,,,,,,,,,,,,,,,,,,,,,,,,,,,,,,,,,,,,,,,,,,,,,,,,,,,,,,,,,
1676060283.447256,1676060283.448446,23.000000,0.000000,4269.487305,4312.820313,4313.974121,4317.051270,4321.538574,4300.128418,4299.615234,4310.512695,4301.538574,4286.538574,4449.743652,4483.846191,4339.487305,4360.000000,0.000000,4.000000,85.000000,,,,0.000000,4.000000,4.000000,4.000000,4.000000,4.000000,4.000000,4.000000,4.000000,4.000000,4.000000,4.000000,4.000000,4.000000,4.000000,100.000000,,,,,,,,,,,,,,,,,,,,,,,,,,,,,,,,,,,,,,,,,,,,,,,,,,,,,,,,,,,,,,,,,,,,,,,,,,,,,,,,,,,,,,
1676060283.455064,1676060283.456155,24.000000,0.000000,4266.153809,4306.666504,4304.102539,4313.461426,4323.333496,4295.000000,4298.333496,4310.897461,4295.384766,4271.922852,4453.461426,4479.743652,4337.051270,4358.461426,0.000000,4.000000,85.000000,,,,0.000000,4.000000,4.000000,4.000000,4.000000,4.000000,4.000000,4.000000,4.000000,4.000000,4.000000,4.000000,4.000000,4.000000,4.000000,100.000000,,,,,,,,,,,,,,,,,,,,,,,,,,,,,,,,,,,,,,,,,,,,,,,,,,,,,,,,,,,,,,,,,,,,,,,,,,,,,,,,,,,,,,
1676060283.462873,1676060283.463963,25.000000,0.000000,4246.666504,4283.717773,4282.692383,4293.461426,4313.846191,4290.128418,4281.410156,4288.974121,4270.897461,4250.769043,4427.051270,4452.563965,4313.589844,4331.794922,0.000000,4.000000,85.000000,,,,0.000000,4.000000,4.000000,4.000000,4.000000,4.000000,4.000000,4.000000,4.000000,4.000000,4.000000,4.000000,4.000000,4.000000,4.000000,100.000000,,,,,,,,,,,,,,,,,,,,,,,,,,,,,,,,,,,,,,,,,,,,,,,,,,,,,,,,,,,,,,,,,,,,,,,,,,,,,,,,,,,,,,
1676060283.470681,1676060283.471672,26.000000,0.000000,4250.000000,4286.282227,4288.077148,4291.922852,4318.974121,4298.077148,4286.794922,4292.307617,4278.461426,4263.717773,4426.025879,4457.179688,4317.051270,4337.563965,0.000000,4.000000,85.000000,,,,0.000000,4.000000,4.000000,4.000000,4.000000,4.000000,4.000000,4.000000,4.000000,4.000000,4.000000,4.000000,4.000000,4.000000,4.000000,100.000000,,,,,,,,,,,,,,,,,,,,,,,,,,,,,,,,,,,,,,,,,,,,,,,,,,,,,,,,,,,,,,,,,,,,,,,,,,,,,,,,,,,,,,
1676060283.478490,1676060283.479480,27.000000,0.000000,4278.589844,4306.922852,4306.922852,4310.256348,4335.000000,4304.230957,4304.102539,4311.538574,4298.589844,4283.717773,4455.256348,4482.948730,4344.230957,4367.179688,0.000000,4.000000,85.000000,,,,0.000000,4.000000,4.000000,4.000000,4.000000,4.000000,4.000000,4.000000,4.000000,4.000000,4.000000,4.000000,4.000000,4.000000,4.000000,100.000000,,,,,,,,,,,,,,,,,,,,,,,,,,,,,,,,,,,,,,,,,,,,,,,,,,,,,,,,,,,,,,,,,,,,,,,,,,,,,,,,,,,,,,
1676060283.486298,1676060283.487189,28.000000,0.000000,4274.487305,4296.410156,4301.153809,4306.153809,4332.692383,4297.820313,4287.820313,4297.179688,4283.205078,4274.487305,4452.436035,4471.410156,4336.794922,4360.897461,0.000000,4.000000,85.000000,,,,0.000000,4.000000,4.000000,4.000000,4.000000,4.000000,4.000000,4.000000,4.000000,4.000000,4.000000,4.000000,4.000000,4.000000,4.000000,100.000000,,,,,,,,,,,,,,,,,,,,,,,,,,,,,,,,,,,,,,,,,,,,,,,,,,,,,,,,,,,,,,,,,,,,,,,,,,,,,,,,,,,,,,
1676060283.494106,1676060283.494997,29.000000,0.000000,4245.128418,4274.358887,4285.769043,4286.282227,4321.025879,4288.461426,4269.615234,4275.000000,4265.256348,4258.205078,4428.717773,4445.512695,4305.641113,4332.820313,0.000000,4.000000,85.000000,,,,0.000000,4.000000,4.000000,4.000000,4.000000,4.000000,4.000000,4.000000,4.000000,4.000000,4.000000,4.000000,4.000000,4.000000,4.000000,100.000000,,,,,,,,,,,,,,,,,,,,,,,,,,,,,,,,,,,,,,,,,,,,,,,,,,,,,,,,,,,,,,,,,,,,,,,,,,,,,,,,,,,,,,
1676060283.501915,1676060283.502706,30.000000,0.000000,4252.051270,4285.512695,4291.794922,4290.384766,4327.436035,4293.461426,4285.512695,4279.871582,4277.692383,4265.384766,4440.000000,4454.230957,4311.153809,4337.692383,0.000000,4.000000,85.000000,,,,0.000000,4.000000,4.000000,4.000000,4.000000,4.000000,4.000000,4.000000,4.000000,4.000000,4.000000,4.000000,4.000000,4.000000,4.000000,100.000000,,,,,,,,,,,,,,,,,1.210865,3.506173,1.606274,0.733491,1.156156,38.958759,5.496285,1.796448,0.773256,0.935252,1.137271,4.072669,1.720942,0.733212,0.955316,8.147448,3.589725,1.337153,0.601191,0.953436,0.984732,1.857795,0.552041,0.448747,0.620303,0.737863,1.844585,0.569773,0.518168,0.612595,0.623568,2.826589,1.745454,0.642008,0.749391,0.964571,3.167337,1.727039,0.815421,1.046534,2.125423,2.723541,1.522640,0.832171,0.926858,1.944058,3.098244,1.339669,0.912843,1.164724,11.874688,5.774287,2.267962,1.572852,1.727299,5.211775,5.936173,2.480464,1.228081,1.605350,25.420158,8.351889,1.956819,2.196167,1.305082,6.068083,5.879350,1.733084,1.936325,1.642951
1676060283.509723,1676060283.510514,31.000000,0.000000,4277.948730,4302.692383,4304.230957,4305.897461,4343.717773,4309.615234,4298.333496,4283.205078,4285.512695,4269.615234,4465.769043,4466.922852,4332.436035,4354.743652,0.000000,4.000000,85.000000,,,,0.000000,4.000000,4.000000,4.000000,4.000000,4.000000,4.000000,4.000000,4.000000,4.000000,4.000000,4.000000,4.000000,4.000000,4.000000,100.000000,,,,,,,,,,,,,,,,,,,,,,,,,,,,,,,,,,,,,,,,,,,,,,,,,,,,,,,,,,,,,,,,,,,,,,,,,,,,,,,,,,,,,,
1676060283.517532,1676060283.518223,32.000000,0.000000,4283.974121,4307.563965,4313.333496,4315.128418,4357.692383,4321.666504,4302.051270,4289.615234,4285.512695,4262.307617,4482.179688,4470.512695,4337.179688,4361.538574,0.000000,4.000000,85.000000,,,,0.000000,4.000000,4.000000,4.000000,4.000000,4.000000,4.000000,4.000000,4.000000,4.000000,4.000000,4.000000,4.000000,4.000000,4.000000,100.000000,,,,,,,,,,,,,,,,,,,,,,,,,,,,,,,,,,,,,,,,,,,,,,,,,,,,,,,,,,,,,,,,,,,,,,,,,,,,,,,,,,,,,,
1676060283.525340,1676060283.526031,33.000000,0.000000,4280.128418,4310.256348,4320.000000,4316.666504,4360.256348,4320.256348,4310.769043,4310.000000,4296.410156,4268.461426,4504.230957,4483.589844,4341.282227,4368.461426,0.000000,4.000000,85.000000,,,,0.000000,4.000000,4.000000,4.000000,4.000000,4.000000,4.000000,4.000000,4.000000,4.000000,4.000000,4.000000,4.000000,4.000000,4.000000,100.000000,,,,,,,,,,,,,,,,,,,,,,,,,,,,,,,,,,,,,,,,,,,,,,,,,,,,,,,,,,,,,,,,,,,,,,,,,,,,,,,,,,,,,,
1676060283.533148,1676060283.533740,34.000000,0.000000,4275.897461,4303.077148,4309.743652,4305.641113,4348.205078,4311.282227,4306.025879,4311.153809,4293.974121,4277.692383,4511.794922,4478.077148,4338.589844,4360.897461,0.000000,4.000000,85.000000,,,,0.000000,4.000000,4.000000,4.000000,4.000000,4.000000,4.000000,4.000000,4.000000,4.000000,4.000000,4.000000,4.000000,4.000000,4.000000,100.000000,,,,,,,,,,,,,,,,,,,,,,,,,,,,,,,,,,,,,,,,,,,,,,,,,,,,,,,,,,,,,,,,,,,,,,,,,,,,,,,,,,,,,,
1676060283.540957,1676060283.541648,35.000000,0.000000,4268.205078,4287.692383,4296.153809,4296.282227,4345.512695,4310.769043,4292.692383,4302.179688,4281.153809,4278.205078,4507.436035,4461.282227,4328.461426,4346.410156,0.000000,4.000000,85.000000,,,,0.000000,4.000000,4.000000,4.000000,4.000000,4.000000,4.000000,4.000000,4.000000,4.000000,4.000000,4.000000,4.000000,4.000000,4.000000,100.000000,,,,,,,,,,,,,,,,,,,,,,,,,,,,,,,,,,,,,,,,,,,,,,,,,,,,,,,,,,,,,,,,,,,,,,,,,,,,,,,,,,,,,,
1676060283.548765,1676060283.549456,36.000000,0.000000,4254.358887,4279.743652,4288.974121,4293.461426,4354.743652,4309.743652,4282.307617,4301.538574,4279.102539,4275.512695,4509.230957,4455.256348,4324.358887,4340.384766,0.000000,4.000000,85.000000,,,,0.000000,4.000000,4.000000,4.000000,4.000000,4.000000,4.000000,4.000000,4.000000,4.000000,4.000000,4.000000,4.000000,4.000000,4.000000,100.000000,,,,,,,,,,,,,,,,,,,,,,,,,,,,,,,,,,,,,,,,,,,,,,,,,,,,,,,,,,,,,,,,,,,,,,,,,,,,,,,,,,,,,,
1676060283.556573,1676060283.557365,37.000000,0.000000,4258.333496,4288.333496,4292.051270,4296.282227,4362.436035,4310.512695,4279.871582,4297.436035,4281.922852,4276.666504,4508.974121,4455.769043,4328.077148,4346.794922,0.000000,4.000000,85.000000,,,,0.000000,4.000000,4.000000,4.000000,4.000000,4.000000,4.000000,4.000000,4.000000,4.000000,4.000000,4.000000,4.000000,4.000000,4.000000,100.000000,,,,,,,,,,,,,,,,,,,,,,,,,,,,,,,,,,,,,,,,,,,,,,,,,,,,,,,,,,,,,,,,,,,,,,,,,,,,,,,,,,,,,,
1676060283.564382,1676060283.565173,38.000000,0.000000,4280.512695,4301.794922,4310.641113,4306.410156,4370.769043,4319.230957,4290.384766,4296.666504,4285.641113,4281.153809,4508.077148,4466.410156,4335.384766,4361.922852,0.000000,4.000000,85.000000,,,,0.000000,4.000000,4.000000,4.000000,4.000000,4.000000,4.000000,4.000000,4.000000,4.000000,4.000000,4.000000,4.000000,4.000000,4.000000,100.000000,,,,,,,,,,,,,,,,,,,,,,,,,,,,,,,,,,,,,,,,,,,,,,,,,,,,,,,,,,,,,,,,,,,,,,,,,,,,,,,,,,,,,,
1676060283.572190,1676060283.573082,39.000000,0.000000,4279.743652,4302.307617,4314.230957,4306.153809,4374.230957,4313.717773,4298.461426,4300.256348,4284.743652,4269.743652,4503.974121,4472.307617,4337.051270,4365.897461,0.000000,4.000000,85.000000,,,,0.000000,4.000000,4.000000,4.000000,4.000000,4.000000,4.000000,4.000000,4.000000,4.000000,4.000000,4.000000,4.000000,4.000000,4.000000,100.000000,,,,,,,,,,,,,,,,,,,,,,,,,,,,,,,,,,,,,,,,,,,,,,,,,,,,,,,,,,,,,,,,,,,,,,,,,,,,,,,,,,,,,,
1676060283.579999,1676060283.580890,40.000000,0.000000,4262.948730,4295.897461,4300.256348,4299.102539,4372.436035,4299.615234,4296.153809,4299.871582,4280.512695,4255.512695,4495.384766,4465.384766,4335.256348,4358.333496,0.000000,4.000000,85.000000,,,,0.000000,4.000000,4.000000,4.000000,4.000000,4.000000,4.000000,4.000000,4.000000,4.000000,4.000000,4.000000,4.000000,4.000000,4.000000,100.000000,,,,,,,,,,,,,,,,,,,,,,,,,,,,,,,,,,,,,,,,,,,,,,,,,,,,,,,,,,,,,,,,,,,,,,,,,,,,,,,,,,,,,,
1676060283.587807,1676060283.588798,41.000000,0.000000,4258.717773,4287.820313,4291.410156,4292.563965,4372.563965,4298.461426,4286.666504,4288.077148,4268.974121,4255.256348,4474.743652,4451.794922,4322.179688,4347.179688,0.000000,4.000000,85.000000,,,,0.000000,4.000000,4.000000,4.000000,4.000000,4.000000,4.000000,4.000000,4.000000,4.000000,4.000000,4.000000,4.000000,4.000000,4.000000,100.000000,,,,,,,,,,,,,,,,,,,,,,,,,,,,,,,,,,,,,,,,,,,,,,,,,,,,,,,,,,,,,,,,,,,,,,,,,,,,,,,,,,,,,,
1676060283.595615,1676060283.596607,42.000000,0.000000,4261.922852,4276.282227,4290.256348,4283.077148,4373.333496,4305.000000,4278.974121,4275.641113,4259.615234,4261.666504,4455.897461,4440.897461,4307.820313,4341.282227,0.000000,4.000000,85.000000,,,,0.000000,4.000000,4.000000,4.000000,4.000000,4.000000,4.000000,4.000000,4.000000,4.000000,4.000000,4.000000,4.000000,4.000000,4.000000,100.000000,,,,,,,,,,,,,,,,,,,,,,,,,,,,,,,,,,,,,,,,,,,,,,,,,,,,,,,,,,,,,,,,,,,,,,,,,,,,,,,,,,,,,,
1676060283.603424,1676060283.604515,43.000000,0.000000,4267.948730,4281.282227,4297.692383,4285.769043,4374.871582,4305.384766,4288.846191,4283.589844,4272.948730,4267.820313,4469.487305,4449.743652,4321.282227,4350.512695,0.000000,4.000000,85.000000,,,,0.000000,4.000000,4.000000,4.000000,4.000000,4.000000,4.000000,4.000000,4.000000,4.000000,4.000000,4.000000,4.000000,4.000000,4.000000,100.000000,,,,,,,,,,,,,,,,,,,,,,,,,,,,,,,,,,,,,,,,,,,,,,,,,,,,,,,,,,,,,,,,,,,,,,,,,,,,,,,,,,,,,,
1676060283.611232,1676060283.612324,44.000000,0.000000,4283.077148,4296.153809,4316.025879,4304.487305,4382.563965,4308.717773,4305.512695,4303.205078,4292.820313,4278.461426,4495.769043,4474.230957,4344.487305,4367.948730,0.000000,4.000000,85.000000,,,,0.000000,4.000000,4.000000,4.000000,4.000000,4.000000,4.000000,4.000000,4.000000,4.000000,4.000000,4.000000,4.000000,4.000000,4.000000,100.000000,,,,,,,,,,,,,,,,,,,,,,,,,,,,,,,,,,,,,,,,,,,,,,,,,,,,,,,,,,,,,,,,,,,,,,,,,,,,,,,,,,,,,,
1676060283.619040,1676060283.620032,45.000000,0.000000,4287.436035,4290.000000,4325.128418,4309.871582,4381.666504,4310.897461,4302.563965,4303.077148,4292.820313,4280.641113,4494.871582,4480.128418,4342.179688,4373.589844,0.000000,4.000000,85.000000,,,,0.000000,4.000000,4.000000,4.000000,4.000000,4.000000,4.000000,4.000000,4.000000,4.000000,4.000000,4.000000,4.000000,4.000000,4.000000,100.000000,,,,,,,,,,,,,,,,,,,,,,,,,,,,,,,,,,,,,,,,,,,,,,,,,,,,,,,,,,,,,,,,,,,,,,,,,,,,,,,,,,,,,,
1676060283.626849,1676060283.627841,46.000000,0.000000,4280.769043,4277.820313,4315.769043,4299.230957,4367.307617,4299.230957,4292.820313,4292.692383,4289.102539,4265.256348,4483.846191,4469.615234,4335.128418,4374.743652,0.000000,4.000000,85.000000,,,,0.000000,4.000000,4.000000,4.000000,4.000000,4.000000,4.000000,4.000000,4.000000,4.000000,4.000000,4.000000,4.000000,4.000000,4.000000,100.000000,,,,,,,,,,,,,,,,,1.082295,2.891147,1.732548,0.804651,1.078562,38.700836,6.735155,1.867262,0.853012,0.914593,1.162167,3.480661,1.849777,0.778447,0.887352,8.220902,3.552764,1.445320,0.609628,0.933165,0.904138,1.718553,0.581460,0.477793,0.583553,0.607340,1.452047,0.620155,0.574192,0.601567,0.735562,2.784049,1.795533,0.716936,0.725788,0.953115,3.512794,1.955724,0.867908,0.972940,2.185089,2.845359,1.867659,0.885478,0.846169,1.975013,2.981831,1.592551,0.983724,1.076774,12.622929,5.006972,2.699243,1.639958,1.602665,5.205541,4.917557,2.814518,1.258492,1.474727,24.962296,6.843906,2.298017,2.271791,1.228618,5.672305,4.528661,2.016320,1.955745,1.579137
1676060283.634657,1676060283.635549,47.000000,0.000000,4280.512695,4282.563965,4307.179688,4297.051270,4361.666504,4291.153809,4295.000000,4297.563965,4296.282227,4261.410156,4489.871582,4473.589844,4344.615234,4381.922852,0.000000,4.000000,85.000000,,,,0.000000,4.000000,4.000000,4.000000,4.000000,4.000000,4.000000,4.000000,4.000000,4.000000,4.000000,4.000000,4.000000,4.000000,4.000000,100.000000,,,,,,,,,,,,,,,,,,,,,,,,,,,,,,,,,,,,,,,,,,,,,,,,,,,,,,,,,,,,,,,,,,,,,,,,,,,,,,,,,,,,,,
1676060283.642465,1676060283.643358,48.000000,0.000000,4283.205078,4288.717773,4309.871582,4301.794922,4366.153809,4299.230957,4298.333496,4307.948730,4297.051270,4276.410156,4495.769043,4478.461426,4352.948730,4385.512695,0.000000,4.000000,85.000000,,,,0.000000,4.000000,4.000000,4.000000,4.000000,4.000000,4.000000,4.000000,4.000000,4.000000,4.000000,4.000000,4.000000,4.000000,4.000000,100.000000,,,,,,,,,,,,,,,,,,,,,,,,,,,,,,,,,,,,,,,,,,,,,,,,,,,,,,,,,,,,,,,,,,,,,,,,,,,,,,,,,,,,,,
1676060283.650274,1676060283.651066,49.000000,0.000000,4279.230957,4281.538574,4310.641113,4295.000000,4362.051270,4302.948730,4296.922852,4309.487305,4288.974121,4283.077148,4487.436035,4468.333496,4349.871582,4377.563965,0.000000,4.000000,85.000000,,,,0.000000,4.000000,4.000000,4.000000,4.000000,4.000000,4.000000,4.000000,4.000000,4.000000,4.000000,4.000000,4.000000,4.000000,4.000000,100.000000,,,,,,,,,,,,,,,,,,,,,,,,,,,,,,,,,,,,,,,,,,,,,,,,,,,,,,,,,,,,,,,,,,,,,,,,,,,,,,,,,,,,,,
1676060283.658082,1676060283.658875,50.000000,0.000000,4273.333496,4273.846191,4300.512695,4284.102539,4350.256348,4296.025879,4295.769043,4305.000000,4286.794922,4280.641113,4480.000000,4459.230957,4342.563965,4366.410156,0.000000,4.000000,85.000000,,,,0.000000,4.000000,4.000000,4.000000,4.000000,4.000000,4.000000,4.000000,4.000000,4.000000,4.000000,4.000000,4.000000,4.000000,4.000000,100.000000,,,,,,,,,,,,,,,,,,,,,,,,,,,,,,,,,,,,,,,,,,,,,,,,,,,,,,,,,,,,,,,,,,,,,,,,,,,,,,,,,,,,,,
1676060283.665891,1676060283.666583,51.000000,0.000000,4275.769043,4279.102539,4292.948730,4286.025879,4345.384766,4293.461426,4293.717773,4299.487305,4291.410156,4277.563965,4479.743652,4460.641113,4341.410156,4368.717773,0.000000,4.000000,85.000000,,,,0.000000,4.000000,4.000000,4.000000,4.000000,4.000000,4.000000,4.000000,4.000000,4.000000,4.000000,4.000000,4.000000,4.000000,4.000000,100.000000,,,,,,,,,,,,,,,,,,,,,,,,,,,,,,,,,,,,,,,,,,,,,,,,,,,,,,,,,,,,,,,,,,,,,,,,,,,,,,,,,,,,,,
1676060283.673699,1676060283.674392,52.000000,0.000000,4273.846191,4281.666504,4296.282227,4291.410156,4348.077148,4297.563965,4290.128418,4293.717773,4284.358887,4261.794922,4473.589844,4459.102539,4341.794922,4371.666504,0.000000,4.000000,85.000000,,,,0.000000,4.000000,4.000000,4.000000,4.000000,4.000000,4.000000,4.000000,4.000000,4.000000,4.000000,4.000000,4.000000,4.000000,4.000000,100.000000,,,,,,,,,,,,,,,,,,,,,,,,,,,,,,,,,,,,,,,,,,,,,,,,,,,,,,,,,,,,,,,,,,,,,,,,,,,,,,,,,,,,,,
1676060283.681507,1676060283.682100,53.000000,0.000000,4262.051270,4266.794922,4294.102539,4281.025879,4341.410156,4295.000000,4287.948730,4289.102539,4272.051270,4247.179688,4462.563965,4449.743652,4330.128418,4360.769043,0.000000,4.000000,85.000000,,,,0.000000,4.000000,4.000000,4.000000,4.000000,4.000000,4.000000,4.000000,4.000000,4.000000,4.000000,4.000000,4.000000,4.000000,4.000000,100.000000,,,,,,,,,,,,,,,,,,,,,,,,,,,,,,,,,,,,,,,,,,,,,,,,,,,,,,,,,,,,,,,,,,,,,,,,,,,,,,,,,,,,,,
1676060283.689316,1676060283.689909,54.000000,0.000000,4265.897461,4259.871582,4288.461426,4273.077148,4329.358887,4286.282227,4288.974121,4290.769043,4278.205078,4261.666504,4463.717773,4450.897461,4327.179688,4356.794922,0.000000,4.000000,85.000000,,,,0.000000,4.000000,4.000000,4.000000,4.000000,4.000000,4.000000,4.000000,4.000000,4.000000,4.000000,4.000000,4.000000,4.000000,4.000000,100.000000,,,,,,,,,,,,,,,,,,,,,,,,,,,,,,,,,,,,,,,,,,,,,,,,,,,,,,,,,,,,,,,,,,,,,,,,,,,,,,,,,,,,,,
1676060283.697124,1676060283.697617,55.000000,0.000000,4279.487305,4271.794922,4295.128418,4281.538574,4327.820313,4282.692383,4289.615234,4292.692383,4288.846191,4279.487305,4474.487305,4464.871582,4342.436035,4370.641113,0.000000,4.000000,85.000000,,,,0.000000,4.000000,4.000000,4.000000,4.000000,4.000000,4.000000,4.000000,4.000000,4.000000,4.000000,4.000000,4.000000,4.000000,4.000000,100.000000,,,,,,,,,,,,,,,,,,,,,,,,,,,,,,,,,,,,,,,,,,,,,,,,,,,,,,,,,,,,,,,,,,,,,,,,,,,,,,,,,,,,,,
1676060283.704933,1676060283.705426,56.000000,0.000000,4282.692383,4280.384766,4308.589844,4293.974121,4333.205078,4288.974121,4291.666504,4295.641113,4292.307617,4283.333496,4482.307617,4476.922852,4352.179688,4385.128418,0.000000,4.000000,85.000000,,,,0.000000,4.000000,4.000000,4.000000,4.000000,4.000000,4.000000,4.000000,4.000000,4.000000,4.000000,4.000000,4.000000,4.000000,4.000000,100.000000,,,,,,,,,,,,,,,,,,,,,,,,,,,,,,,,,,,,,,,,,,,,,,,,,,,,,,,,,,,,,,,,,,,,,,,,,,,,,,,,,,,,,,
1676060283.712741,1676060283.713134,57.000000,0.000000,4282.948730,4282.051270,4309.743652,4296.410156,4332.436035,4292.436035,4298.589844,4307.692383,4299.615234,4286.794922,4484.102539,4481.538574,4352.563965,4390.256348,0.000000,4.000000,85.000000,,,,0.000000,4.000000,4.000000,4.000000,4.000000,4.000000,4.000000,4.000000,4.000000,4.000000,4.000000,4.000000,4.000000,4.000000,4.000000,100.000000,,,,,,,,,,,,,,,,,,,,,,,,,,,,,,,,,,,,,,,,,,,,,,,,,,,,,,,,,,,,,,,,,,,,,,,,,,,,,,,,,,,,,,
1676060283.720549,1676060283.721042,58.000000,0.000000,4283.205078,4276.666504,4295.897461,4283.846191,4322.563965,4282.051270,4295.641113,4308.333496,4295.384766,4271.153809,4473.077148,4470.000000,4347.820313,4380.769043,0.000000,4.000000,85.000000,,,,0.000000,4.000000,4.000000,4.000000,4.000000,4.000000,4.000000,4.000000,4.000000,4.000000,4.000000,4.000000,4.000000,4.000000,4.000000,100.000000,,,,,,,,,,,,,,,,,,,,,,,,,,,,,,,,,,,,,,,,,,,,,,,,,,,,,,,,,,,,,,,,,,,,,,,,,,,,,,,,,,,,,,
1676060283.728358,1676060283.728851,59.000000,0.000000,4286.153809,4277.692383,4299.615234,4283.846191,4320.128418,4277.179688,4291.922852,4305.128418,4290.641113,4260.384766,4478.205078,4469.102539,4355.512695,4381.025879,0.000000,4.000000,85.000000,,,,0.000000,4.000000,4.000000,4.000000,4.000000,4.000000,4.000000,4.000000,4.000000,4.000000,4.000000,4.000000,4.000000,4.000000,4.000000,100.000000,,,,,,,,,,,,,,,,,,,,,,,,,,,,,,,,,,,,,,,,,,,,,,,,,,,,,,,,,,,,,,,,,,,,,,,,,,,,,,,,,,,,,,
1676060283.736166,1676060283.736759,60.000000,0.000000,4298.077148,4297.307617,4322.051270,4306.410156,4327.563965,4288.077148,4300.256348,4317.436035,4308.717773,4287.820313,4503.333496,4494.230957,4375.769043,4405.128418,0.000000,4.000000,85.000000,,,,0.000000,4.000000,4.000000,4.000000,4.000000,4.000000,4.000000,4.000000,4.000000,4.000000,4.000000,4.000000,4.000000,4.000000,4.000000,100.000000,,,,,,,,,,,,,,,,,,,,,,,,,,,,,,,,,,,,,,,,,,,,,,,,,,,,,,,,,,,,,,,,,,,,,,,,,,,,,,,,,,,,,,
1676060283.743975,1676060283.744568,61.000000,0.000000,4301.794922,4308.974121,4324.743652,4313.077148,4330.897461,4295.641113,4305.512695,4319.871582,4313.846191,4299.615234,4503.589844,4497.179688,4379.487305,4410.384766,0.000000,4.000000,85.000000,,,,0.000000,4.000000,4.000000,4.000000,4.000000,4.000000,4.000000,4.000000,4.000000,4.000000,4.000000,4.000000,4.000000,4.000000,4.000000,100.000000,,,,,,,,,,,,,,,,,,,,,,,,,,,,,,,,,,,,,,,,,,,,,,,,,,,,,,,,,,,,,,,,,,,,,,,,,,,,,,,,,,,,,,
1676060283.751783,1676060283.752476,62.000000,0.000000,4283.461426,4289.615234,4302.179688,4290.000000,4319.487305,4284.358887,4292.051270,4297.692383,4286.666504,4271.025879,4476.025879,4464.615234,4357.307617,4383.205078,0.000000,4.000000,85.000000,,,,0.000000,4.000000,4.000000,4.000000,4.000000,4.000000,4.000000,4.000000,4.000000,4.000000,4.000000,4.000000,4.000000,4.000000,4.000000,100.000000,,,,,,,,,,,,,,,,,0.975307,2.450350,1.739008,0.949466,0.997387,34.274872,7.752335,1.836614,0.972201,0.892982,1.151693,3.122045,1.771613,0.854514,0.827297,7.533202,3.592200,1.451766,0.671109,0.891044,0.791521,1.635959,0.577446,0.514504,0.536199,0.545329,1.061860,0.620050,0.624966,0.585978,0.830352,2.474551,1.657395,0.808753,0.715673,0.940114,3.598067,1.981212,0.950851,0.908428,2.224030,2.801690,2.101152,0.971428,0.819081,2.039550,2.705000,1.764961,1.059502,1.045520,13.023139,4.137485,2.990401,1.780741,1.490871,5.284709,3.807370,2.885113,1.353023,1.374817,22.870705,5.287808,2.605882,2.329811,1.173175,5.228230,3.408434,2.185783,1.979782,1.502359
1676060283.759591,1676060283.760284,63.000000,0.000000,4267.436035,4266.922852,4287.179688,4269.487305,4305.256348,4273.461426,4278.461426,4282.948730,4272.436035,4255.256348,4459.743652,4447.692383,4337.563965,4365.897461,0.000000,4.000000,85.000000,,,,0.000000,4.000000,4.000000,4.000000,4.000000,4.000000,4.000000,4.000000,4.000000,4.000000,4.000000,4.000000,4.000000,4.000000,4.000000,100.000000,,,,,,,,,,,,,,,,,,,,,,,,,,,,,,,,,,,,,,,,,,,,,,,,,,,,,,,,,,,,,,,,,,,,,,,,,,,,,,,,,,,,,,
1676060283.767400,1676060283.768193,64.000000,0.000000,4278.589844,4279.230957,4296.538574,4281.282227,4311.922852,4285.641113,4290.512695,4303.077148,4290.128418,4275.256348,4479.358887,4469.358887,4351.538574,4381.794922,2518.000000,4.000000,85.000000,,,,0.000000,4.000000,4.000000,4.000000,4.000000,4.000000,4.000000,4.000000,4.000000,4.000000,4.000000,4.000000,4.000000,4.000000,4.000000,100.000000,,,,,,,,,,,,,,,,,,,,,,,,,,,,,,,,,,,,,,,,,,,,,,,,,,,,,,,,,,,,,,,,,,,,,,,,,,,,,,,,,,,,,,
1676060283.775208,1676060283.776001,65.000000,0.000000,4281.410156,4287.179688,4303.461426,4290.000000,4315.641113,4290.641113,4296.666504,4310.769043,4295.256348,4284.615234,4489.358887,4475.769043,4364.487305,4390.641113,2488.000000,4.000000,85.000000,,,,0.000000,4.000000,4.000000,4.000000,4.000000,4.000000,4.000000,4.000000,4.000000,4.000000,4.000000,4.000000,4.000000,4.000000,4.000000,100.000000,,,,,,,,,,,,,,,,,,,,,,,,,,,,,,,,,,,,,,,,,,,,,,,,,,,,,,,,,,,,,,,,,,,,,,,,,,,,,,,,,,,,,,
1676060283.783017,1676060283.783910,66.000000,0.000000,4266.282227,4268.974121,4296.538574,4274.230957,4302.563965,4277.307617,4281.666504,4287.179688,4278.205078,4271.282227,4467.563965,4456.025879,4350.128418,4379.743652,2408.000000,4.000000,85.000000,,,,0.000000,4.000000,4.000000,4.000000,4.000000,4.000000,4.000000,4.000000,4.000000,4.000000,4.000000,4.000000,4.000000,4.000000,4.000000,100.000000,,,,,,,,,,,,,,,,,,,,,,,,,,,,,,,,,,,,,,,,,,,,,,,,,,,,,,,,,,,,,,,,,,,,,,,,,,,,,,,,,,,,,,
1676060283.790825,1676060283.791718,67.000000,0.000000,4265.256348,4263.461426,4288.589844,4265.256348,4296.410156,4276.282227,4275.128418,4276.922852,4271.922852,4255.256348,4456.282227,4447.820313,4335.769043,4373.974121,2476.000000,4.000000,85.000000,,,,0.000000,4.000000,4.000000,4.000000,4.000000,4.000000,4.000000,4.000000,4.000000,4.000000,4.000000,4.000000,4.000000,4.000000,4.000000,100.000000,,,,,,,,,,,,,,,,,,,,,,,,,,,,,,,,,,,,,,,,,,,,,,,,,,,,,,,,,,,,,,,,,,,,,,,,,,,,,,,,,,,,,,
1676060283.798633,1676060283.799626,68.000000,0.000000,4281.666504,4278.846191,4293.205078,4277.563965,4306.282227,4289.615234,4288.205078,4293.333496,4287.948730,4259.615234,4471.025879,4462.563965,4348.205078,4384.358887,2438.000000,4.000000,85.000000,,,,0.000000,4.000000,4.000000,4.000000,4.000000,4.000000,4.000000,4.000000,4.000000,4.000000,4.000000,4.000000,4.000000,4.000000,4.000000,100.000000,,,,,,,,,,,,,,,,,,,,,,,,,,,,,,,,,,,,,,,,,,,,,,,,,,,,,,,,,,,,,,,,,,,,,,,,,,,,,,,,,,,,,,
1676060283.806442,1676060283.807435,69.000000,0.000000,4293.974121,4291.538574,4306.410156,4295.384766,4318.205078,4295.256348,4304.487305,4312.948730,4306.025879,4290.128418,4491.922852,4482.436035,4370.384766,4404.487305,2378.000000,4.000000,85.000000,,,,0.000000,4.000000,4.000000,4.000000,4.000000,4.000000,4.000000,4.000000,4.000000,4.000000,4.000000,4.000000,4.000000,4.000000,4.000000,100.000000,,,,,,,,,,,,,,,,,,,,,,,,,,,,,,,,,,,,,,,,,,,,,,,,,,,,,,,,,,,,,,,,,,,,,,,,,,,,,,,,,,,,,,
1676060283.814250,1676060283.815143,70.000000,0.000000,4291.410156,4289.358887,4308.077148,4296.410156,4316.025879,4286.666504,4300.256348,4310.897461,4304.358887,4293.589844,4491.666504,4477.307617,4366.153809,4403.461426,2231.000000,4.000000,85.000000,,,,0.000000,4.000000,4.000000,4.000000,4.000000,4.000000,4.000000,4.000000,4.000000,4.000000,4.000000,4.000000,4.000000,4.000000,4.000000,100.000000,,,,,,,,,,,,,,,,,,,,,,,,,,,,,,,,,,,,,,,,,,,,,,,,,,,,,,,,,,,,,,,,,,,,,,,,,,,,,,,,,,,,,,
1676060283.822058,1676060283.822952,71.000000,0.000000,4276.794922,4278.589844,4293.717773,4281.153809,4299.615234,4276.410156,4280.769043,4295.512695,4289.487305,4263.333496,4465.641113,4451.922852,4342.307617,4377.563965,2227.000000,4.000000,85.000000,,,,0.000000,4.000000,4.000000,4.000000,4.000000,4.000000,4.000000,4.000000,4.000000,4.000000,4.000000,4.000000,4.000000,4.000000,4.000000,100.000000,,,,,,,,,,,,,,,,,,,,,,,,,,,,,,,,,,,,,,,,,,,,,,,,,,,,,,,,,,,,,,,,,,,,,,,,,,,,,,,,,,,,,,
1676060283.829867,1676060283.830660,72.000000,0.000000,4274.743652,4274.102539,4288.846191,4277.051270,4293.974121,4277.436035,4280.641113,4294.743652,4286.025879,4262.051270,4448.589844,4445.384766,4333.974121,4370.000000,2284.000000,4.000000,85.000000,,,,0.000000,4.000000,4.000000,4.000000,4.000000,4.000000,4.000000,4.000000,4.000000,4.000000,4.000000,4.000000,4.000000,4.000000,4.000000,100.000000,,,,,,,,,,,,,,,,,,,,,,,,,,,,,,,,,,,,,,,,,,,,,,,,,,,,,,,,,,,,,,,,,,,,,,,,,,,,,,,,,,,,,,
1676060283.837675,1676060283.838469,73.000000,0.000000,4298.974121,4290.000000,4307.179688,4297.051270,4311.025879,4285.512695,4307.307617,4315.769043,4300.512695,4291.538574,4477.692383,4473.205078,4359.230957,4403.205078,2256.000000,4.000000,85.000000,,,,0.000000,4.000000,4.000000,4.000000,4.000000,4.000000,4.000000,4.000000,4.000000,4.000000,4.000000,4.000000,4.000000,4.000000,4.000000,100.000000,,,,,,,,,,,,,,,,,,,,,,,,,,,,,,,,,,,,,,,,,,,,,,,,,,,,,,,,,,,,,,,,,,,,,,,,,,,,,,,,,,,,,,
1676060283.845484,1676060283.846177,74.000000,0.000000,4303.717773,4299.102539,4310.769043,4300.641113,4314.871582,4281.410156,4307.051270,4314.871582,4295.641113,4281.538574,4494.615234,4480.641113,4370.384766,4421.794922,2728.000000,4.000000,85.000000,,,,0.000000,4.000000,4.000000,4.000000,4.000000,4.000000,4.000000,4.000000,4.000000,4.000000,4.000000,4.000000,4.000000,4.000000,4.000000,100.000000,,,,,,,,,,,,,,,,,,,,,,,,,,,,,,,,,,,,,,,,,,,,,,,,,,,,,,,,,,,,,,,,,,,,,,,,,,,,,,,,,,,,,,
1676060283.853292,1676060283.853986,75.000000,0.000000,4289.743652,4292.179688,4303.717773,4290.769043,4305.384766,4280.384766,4292.307617,4299.358887,4283.077148,4252.307617,4468.974121,4466.410156,4351.922852,4400.128418,2924.000000,4.000000,85.000000,,,,0.000000,4.000000,4.000000,4.000000,4.000000,4.000000,4.000000,4.000000,4.000000,4.000000,4.000000,4.000000,4.000000,4.000000,4.000000,100.000000,,,,,,,,,,,,,,,,,,,,,,,,,,,,,,,,,,,,,,,,,,,,,,,,,,,,,,,,,,,,,,,,,,,,,,,,,,,,,,,,,,,,,,
1676060283.861100,1676060283.861694,76.000000,0.000000,4306.922852,4301.025879,4317.563965,4310.512695,4313.974121,4296.666504,4308.077148,4313.846191,4301.922852,4271.153809,4473.461426,4480.128418,4356.922852,4397.051270,3131.000000,4.000000,85.000000,,,,0.000000,4.000000,4.000000,4.000000,4.000000,4.000000,4.000000,4.000000,4.000000,4.000000,4.000000,4.000000,4.000000,4.000000,4.000000,100.000000,,,,,,,,,,,,,,,,,,,,,,,,,,,,,,,,,,,,,,,,,,,,,,,,,,,,,,,,,,,,,,,,,,,,,,,,,,,,,,,,,,,,,,
1676060283.868909,1676060283.869603,77.000000,0.000000,4327.563965,4305.512695,4326.922852,4326.666504,4318.205078,4298.461426,4313.205078,4321.794922,4312.563965,4298.077148,4504.358887,4497.692383,4386.025879,4427.436035,3246.000000,4.000000,85.000000,,,,0.000000,4.000000,4.000000,4.000000,4.000000,4.000000,4.000000,4.000000,4.000000,4.000000,4.000000,4.000000,4.000000,4.000000,4.000000,100.000000,,,,,,,,,,,,,,,,,,,,,,,,,,,,,,,,,,,,,,,,,,,,,,,,,,,,,,,,,,,,,,,,,,,,,,,,,,,,,,,,,,,,,,
1676060283.876717,1676060283.877411,78.000000,0.000000,4319.487305,4281.410156,4317.051270,4312.307617,4300.512695,4280.897461,4292.948730,4305.769043,4294.102539,4293.589844,4514.487305,4498.589844,4404.487305,4449.743652,2728.000000,4.000000,85.000000,,,,0.000000,4.000000,4.000000,4.000000,4.000000,4.000000,4.000000,4.000000,4.000000,4.000000,4.000000,4.000000,4.000000,4.000000,4.000000,100.000000,1.000000,75.000000,4.000000,4.000000,3.000000,4.000000,4.000000,4.000000,4.000000,4.000000,4.000000,4.000000,4.000000,3.000000,4.000000,3.000000,0.852831,2.246682,1.663350,1.167747,0.920503,26.784475,8.304515,1.729983,1.124295,0.859700,1.102521,3.006414,1.547087,0.968924,0.774042,6.228256,3.660303,1.370948,0.784107,0.829453,0.700141,1.615513,0.544220,0.563050,0.488332,0.621862,0.772401,0.578333,0.661083,0.565751,0.893903,2.024056,1.403785,0.909712,0.715397,0.944263,3.556982,1.844814,1.064800,0.861290,2.169557,2.619656,2.209680,1.088890,0.849254,2.050048,2.310472,1.836288,1.120146,1.067399,12.704200,3.447485,3.135995,1.984859,1.397416,5.308875,2.801397,2.746876,1.517816,1.304039,19.357515,3.997777,2.841538,2.389000,1.129856,4.632070,2.728166,2.250747,2.040394,1.411397
1676060283.884525,1676060283.885220,79.000000,0.000000,4318.461426,4254.102539,4318.205078,4305.641113,4292.563965,4275.128418,4293.077148,4302.948730,4296.153809,4291.282227,4524.743652,4511.794922,4422.563965,4455.512695,2924.000000,4.000000,85.000000,,,,0.000000,4.000000,4.000000,4.000000,4.000000,4.000000,4.000000,4.000000,4.000000,4.000000,4.000000,4.000000,4.000000,4.000000,4.000000,100.000000,,,,,,,,,,,,,,,,,,,,,,,,,,,,,,,,,,,,,,,,,,,,,,,,,,,,,,,,,,,,,,,,,,,,,,,,,,,,,,,,,,,,,,
1676060283.892334,1676060283.892928,80.000000,0.000000,4336.666504,4243.717773,4335.000000,4318.974121,4300.384766,4288.205078,4310.769043,4315.000000,4320.000000,4304.615234,4546.153809,4537.948730,4447.948730,4469.358887,3131.000000,4.000000,85.000000,,,,0.000000,4.000000,4.000000,4.000000,4.000000,4.000000,4.000000,4.000000,4.000000,4.000000,4.000000,4.000000,4.000000,4.000000,4.000000,100.000000,,,,,,,,,,,,,,,,,,,,,,,,,,,,,,,,,,,,,,,,,,,,,,,,,,,,,,,,,,,,,,,,,,,,,,,,,,,,,,,,,,,,,,
1676060283.900142,1676060283.900737,81.000000,0.000000,4318.205078,4215.384766,4313.589844,4302.179688,4284.615234,4280.512695,4295.256348,4300.769043,4303.589844,4290.000000,4525.512695,4523.077148,4433.205078,4458.974121,3246.000000,4.000000,85.000000,,,,0.000000,4.000000,4.000000,4.000000,4.000000,4.000000,4.000000,4.000000,4.000000,4.000000,4.000000,4.000000,4.000000,4.000000,4.000000,100.000000,,,,,,,,,,,,,,,,,,,,,,,,,,,,,,,,,,,,,,,,,,,,,,,,,,,,,,,,,,,,,,,,,,,,,,,,,,,,,,,,,,,,,,
1676060283.907951,1676060283.908445,82.000000,0.000000,4294.487305,4194.743652,4287.051270,4284.615234,4268.717773,4265.256348,4277.948730,4287.820313,4281.025879,4269.102539,4503.717773,4507.820313,4411.538574,4436.922852,2728.000000,4.000000,85.000000,,,,0.000000,4.000000,4.000000,4.000000,4.000000,4.000000,4.000000,4.000000,4.000000,4.000000,4.000000,4.000000,4.000000,4.000000,4.000000,100.000000,,,,,,,,,,,,,,,,,,,,,,,,,,,,,,,,,,,,,,,,,,,,,,,,,,,,,,,,,,,,,,,,,,,,,,,,,,,,,,,,,,,,,,
1676060283.915759,1676060283.916354,83.000000,0.000000,4319.102539,4221.794922,4310.769043,4313.333496,4284.871582,4275.641113,4296.025879,4312.051270,4302.692383,4279.358887,4537.948730,4539.487305,4441.282227,4457.948730,2924.000000,4.000000,85.000000,,,,0.000000,4.000000,4.000000,4.000000,4.000000,4.000000,4.000000,4.000000,4.000000,4.000000,4.000000,4.000000,4.000000,4.000000,4.000000,100.000000,,,,,,,,,,,,,,,,,,,,,,,,,,,,,,,,,,,,,,,,,,,,,,,,,,,,,,,,,,,,,,,,,,,,,,,,,,,,,,,,,,,,,,
1676060283.923567,1676060283.924162,84.000000,0.000000,4335.769043,4233.333496,4323.205078,4328.205078,4291.153809,4279.358887,4302.563965,4321.282227,4313.589844,4290.641113,4552.307617,4554.102539,4456.025879,4473.589844,3131.000000,4.000000,85.000000,,,,0.000000,4.000000,4.000000,4.000000,4.000000,4.000000,4.000000,4.000000,4.000000,4.000000,4.000000,4.000000,4.000000,4.000000,4.000000,100.000000,,,,,,,,,,,,,,,,,,,,,,,,,,,,,,,,,,,,,,,,,,,,,,,,,,,,,,,,,,,,,,,,,,,,,,,,,,,,,,,,,,,,,,
1676060283.931376,1676060283.932070,85.000000,0.000000,4314.230957,4212.820313,4298.461426,4308.846191,4277.307617,4269.487305,4289.871582,4308.589844,4298.333496,4294.487305,4524.871582,4538.461426,4428.846191,4451.794922,3246.000000,4.000000,85.000000,,,,0.000000,4.000000,4.000000,4.000000,4.000000,4.000000,4.000000,4.000000,4.000000,4.000000,4.000000,4.000000,4.000000,4.000000,4.000000,100.000000,,,,,,,,,,,,,,,,,,,,,,,,,,,,,,,,,,,,,,,,,,,,,,,,,,,,,,,,,,,,,,,,,,,,,,,,,,,,,,,,,,,,,,
1676060283.939184,1676060283.939879,86.000000,0.000000,4302.436035,4220.000000,4293.589844,4306.282227,4278.589844,4274.743652,4290.384766,4309.487305,4293.205078,4294.102539,4518.333496,4532.948730,4423.974121,4445.000000,2728.000000,4.000000,85.000000,,,,0.000000,4.000000,4.000000,4.000000,4.000000,4.000000,4.000000,4.000000,4.000000,4.000000,4.000000,4.000000,4.000000,4.000000,4.000000,100.000000,,,,,,,,,,,,,,,,,,,,,,,,,,,,,,,,,,,,,,,,,,,,,,,,,,,,,,,,,,,,,,,,,,,,,,,,,,,,,,,,,,,,,,
1676060283.946993,1676060283.947787,87.000000,0.000000,4312.051270,4237.948730,4306.538574,4316.794922,4283.846191,4282.948730,4296.025879,4307.948730,4291.153809,4282.307617,4523.717773,4532.307617,4428.846191,4451.410156,2924.000000,4.000000,85.000000,,,,0.000000,4.000000,4.000000,4.000000,4.000000,4.000000,4.000000,4.000000,4.000000,4.000000,4.000000,4.000000,4.000000,4.000000,4.000000,100.000000,,,,,,,,,,,,,,,,,,,,,,,,,,,,,,,,,,,,,,,,,,,,,,,,,,,,,,,,,,,,,,,,,,,,,,,,,,,,,,,,,,,,,,
1676060283.954801,1676060283.955596,88.000000,0.000000,4319.102539,4231.538574,4307.692383,4314.487305,4279.230957,4277.820313,4294.615234,4301.153809,4284.230957,4278.461426,4518.077148,4529.358887,4417.563965,4447.692383,3131.000000,4.000000,85.000000,,,,0.000000,4.000000,4.000000,4.000000,4.000000,4.000000,4.000000,4.000000,4.000000,4.000000,4.000000,4.000000,4.000000,4.000000,4.000000,100.000000,,,,,,,,,,,,,,,,,,,,,,,,,,,,,,,,,,,,,,,,,,,,,,,,,,,,,,,,,,,,,,,,,,,,,,,,,,,,,,,,,,,,,,
1676060283.962609,1676060283.963504,89.000000,0.000000,4324.230957,4235.769043,4314.743652,4321.153809,4283.717773,4277.692383,4296.922852,4311.922852,4292.563965,4286.666504,4520.897461,4539.230957,4420.512695,4453.077148,3246.000000,4.000000,85.000000,,,,0.000000,4.000000,4.000000,4.000000,4.000000,4.000000,4.000000,4.000000,4.000000,4.000000,4.000000,4.000000,4.000000,4.000000,4.000000,100.000000,,,,,,,,,,,,,,,,,,,,,,,,,,,,,,,,,,,,,,,,,,,,,,,,,,,,,,,,,,,,,,,,,,,,,,,,,,,,,,,,,,,,,,
1676060283.970418,1676060283.971312,90.000000,0.000000,4330.128418,4253.846191,4325.641113,4330.512695,4289.230957,4284.615234,4301.282227,4317.436035,4298.846191,4279.230957,4525.769043,4544.102539,4429.487305,4463.461426,2728.000000,4.000000,85.000000,,,,0.000000,4.000000,4.000000,4.000000,4.000000,4.000000,4.000000,4.000000,4.000000,4.000000,4.000000,4.000000,4.000000,4.000000,4.000000,100.000000,,,,,,,,,,,,,,,,,,,,,,,,,,,,,,,,,,,,,,,,,,,,,,,,,,,,,,,,,,,,,,,,,,,,,,,,,,,,,,,,,,,,,,
1676060283.978226,1676060283.979221,91.000000,0.000000,4326.794922,4246.538574,4320.641113,4318.077148,4281.794922,4282.051270,4293.077148,4300.256348,4285.769043,4271.922852,4524.102539,4533.717773,4427.692383,4457.948730,2924.000000,4.000000,85.000000,,,,0.000000,4.000000,4.000000,4.000000,4.000000,4.000000,4.000000,4.000000,4.000000,4.000000,4.000000,4.000000,4.000000,4.000000,4.000000,100.000000,,,,,,,,,,,,,,,,,,,,,,,,,,,,,,,,,,,,,,,,,,,,,,,,,,,,,,,,,,,,,,,,,,,,,,,,,,,,,,,,,,,,,,
1676060283.986035,1676060283.987029,92.000000,0.000000,4315.641113,4225.512695,4307.051270,4301.282227,4276.666504,4279.102539,4283.974121,4292.948730,4279.102539,4285.000000,4520.384766,4528.077148,4430.128418,4451.025879,3131.000000,4.000000,85.000000,,,,0.000000,4.000000,4.000000,4.000000,4.000000,4.000000,4.000000,4.000000,4.000000,4.000000,4.000000,4.000000,4.000000,4.000000,4.000000,100.000000,,,,,,,,,,,,,,,,,,,,,,,,,,,,,,,,,,,,,,,,,,,,,,,,,,,,,,,,,,,,,,,,,,,,,,,,,,,,,,,,,,,,,,
1676060283.993843,1676060283.994738,93.000000,0.000000,4305.769043,4218.974121,4294.487305,4296.922852,4278.461426,4280.000000,4284.743652,4296.025879,4280.384766,4286.282227,4509.102539,4520.384766,4425.512695,4441.794922,3246.000000,4.000000,85.000000,,,,0.000000,4.000000,4.000000,4.000000,4.000000,4.000000,4.000000,4.000000,4.000000,4.000000,4.000000,4.000000,4.000000,4.000000,4.000000,100.000000,,,,,,,,,,,,,,,,,,,,,,,,,,,,,,,,,,,,,,,,,,,,,,,,,,,,,,,,,,,,,,,,,,,,,,,,,,,,,,,,,,,,,,
1676060284.001651,1676060284.002546,94.000000,0.000000,4307.051270,4229.487305,4297.436035,4307.051270,4280.897461,4280.769043,4294.102539,4301.538574,4286.666504,4280.512695,4510.641113,4521.153809,4419.230957,4437.692383,2728.000000,4.000000,85.000000,,,,0.000000,4.000000,4.000000,4.000000,4.000000,4.000000,4.000000,4.000000,4.000000,4.000000,4.000000,4.000000,4.000000,4.000000,4.000000,100.000000,,,,,,,,,,,,,,,,,0.709579,2.230322,1.533596,1.424509,0.848965,18.538576,8.317800,1.584584,1.290036,0.811366,1.020260,3.028977,1.255490,1.119846,0.721631,4.847945,3.683369,1.225305,0.927017,0.755500,0.678783,1.613191,0.490136,0.619153,0.444672,0.838047,0.614820,0.513286,0.674391,0.536211,0.917446,1.588398,1.123413,1.002305,0.711000,0.953924,3.577368,1.621103,1.193695,0.826526,1.986907,2.408568,2.192471,1.218171,0.910481,1.939560,1.887304,1.796286,1.163970,1.115066,11.928257,3.236090,3.122867,2.197260,1.316934,5.137940,2.069667,2.471551,1.721660,1.243771,15.077618,3.184639,2.943019,2.447061,1.091057,3.750921,2.507837,2.214832,2.137261,1.309572
1676060284.009460,1676060284.010255,95.000000,0.000000,4311.410156,4244.487305,4311.538574,4319.102539,4281.922852,4280.000000,4301.410156,4317.692383,4305.128418,4295.000000,4532.563965,4536.666504,4437.307617,4453.077148,2924.000000,4.000000,85.000000,,,,0.000000,4.000000,4.000000,4.000000,4.000000,4.000000,4.000000,4.000000,4.000000,4.000000,4.000000,4.000000,4.000000,4.000000,4.000000,100.000000,,,,,,,,,,,,,,,,,,,,,,,,,,,,,,,,,,,,,,,,,,,,,,,,,,,,,,,,,,,,,,,,,,,,,,,,,,,,,,,,,,,,,,
1676060284.017268,1676060284.018063,96.000000,0.000000,4315.512695,4251.025879,4318.974121,4322.436035,4284.615234,4281.794922,4306.666504,4331.922852,4317.948730,4302.051270,4543.717773,4546.666504,4451.794922,4465.000000,3131.000000,4.000000,85.000000,,,,0.000000,4.000000,4.000000,4.000000,4.000000,4.000000,4.000000,4.000000,4.000000,4.000000,4.000000,4.000000,4.000000,4.000000,4.000000,100.000000,,,,,,,,,,,,,,,,,,,,,,,,,,,,,,,,,,,,,,,,,,,,,,,,,,,,,,,,,,,,,,,,,,,,,,,,,,,,,,,,,,,,,,
1676060284.025076,1676060284.025772,97.000000,0.000000,4311.282227,4238.205078,4307.692383,4312.436035,4277.051270,4274.358887,4300.641113,4318.974121,4304.615234,4282.436035,4524.230957,4532.179688,4430.000000,4448.205078,3246.000000,4.000000,85.000000,,,,0.000000,4.000000,4.000000,4.000000,4.000000,4.000000,4.000000,4.000000,4.000000,4.000000,4.000000,4.000000,4.000000,4.000000,4.000000,100.000000,,,,,,,,,,,,,,,,,,,,,,,,,,,,,,,,,,,,,,,,,,,,,,,,,,,,,,,,,,,,,,,,,,,,,,,,,,,,,,,,,,,,,,
1676060284.032885,1676060284.033580,98.000000,0.000000,4299.487305,4223.205078,4292.692383,4302.692383,4268.205078,4259.358887,4282.051270,4295.000000,4287.563965,4275.641113,4505.512695,4511.794922,4412.436035,4431.794922,2728.000000,4.000000,85.000000,,,,0.000000,4.000000,4.000000,4.000000,4.000000,4.000000,4.000000,4.000000,4.000000,4.000000,4.000000,4.000000,4.000000,4.000000,4.000000,100.000000,,,,,,,,,,,,,,,,,,,,,,,,,,,,,,,,,,,,,,,,,,,,,,,,,,,,,,,,,,,,,,,,,,,,,,,,,,,,,,,,,,,,,,
1676060284.040693,1676060284.041289,99.000000,0.000000,4306.282227,4237.820313,4309.230957,4312.692383,4278.205078,4268.589844,4287.179688,4305.000000,4300.512695,4301.025879,4522.563965,4530.256348,4433.461426,4446.922852,2924.000000,4.000000,85.000000,,,,0.000000,4.000000,4.000000,4.000000,4.000000,4.000000,4.000000,4.000000,4.000000,4.000000,4.000000,4.000000,4.000000,4.000000,4.000000,100.000000,,,,,,,,,,,,,,,,,,,,,,,,,,,,,,,,,,,,,,,,,,,,,,,,,,,,,,,,,,,,,,,,,,,,,,,,,,,,,,,,,,,,,,
1676060284.048502,1676060284.049097,100.000000,0.000000,4313.589844,4252.563965,4331.410156,4320.128418,4285.769043,4280.384766,4305.641113,4322.436035,4313.717773,4313.205078,4546.025879,4556.282227,4451.666504,4464.358887,3131.000000,4.000000,85.000000,,,,0.000000,4.000000,4.000000,4.000000,4.000000,4.000000,4.000000,4.000000,4.000000,4.000000,4.000000,4.000000,4.000000,4.000000,4.000000,100.000000,,,,,,,,,,,,,,,,,,,,,,,,,,,,,,,,,,,,,,,,,,,,,,,,,,,,,,,,,,,,,,,,,,,,,,,,,,,,,,,,,,,,,,
1676060284.056310,1676060284.056806,101.000000,0.000000,4305.000000,4237.563965,4321.410156,4311.794922,4277.436035,4269.871582,4302.179688,4316.153809,4309.102539,4301.666504,4542.436035,4549.102539,4442.051270,4461.794922,3246.000000,4.000000,85.000000,,,,0.000000,4.000000,4.000000,4.000000,4.000000,4.000000,4.000000,4.000000,4.000000,4.000000,4.000000,4.000000,4.000000,4.000000,4.000000,100.000000,,,,,,,,,,,,,,,,,,,,,,,,,,,,,,,,,,,,,,,,,,,,,,,,,,,,,,,,,,,,,,,,,,,,,,,,,,,,,,,,,,,,,,
1676060284.064118,1676060284.064614,102.000000,0.000000,4305.384766,4233.589844,4309.871582,4308.974121,4274.615234,4264.102539,4295.128418,4317.948730,4308.205078,4297.692383,4532.436035,4539.358887,4435.256348,4456.282227,2728.000000,4.000000,85.000000,,,,0.000000,4.000000,4.000000,4.000000,4.000000,4.000000,4.000000,4.000000,4.000000,4.000000,4.000000,4.000000,4.000000,4.000000,4.000000,100.000000,,,,,,,,,,,,,,,,,,,,,,,,,,,,,,,,,,,,,,,,,,,,,,,,,,,,,,,,,,,,,,,,,,,,,,,,,,,,,,,,,,,,,,
1676060284.071927,1676060284.072323,103.000000,0.000000,4303.205078,4244.358887,4309.871582,4305.641113,4275.384766,4267.692383,4292.563965,4321.282227,4304.615234,4291.666504,4523.717773,4532.179688,4429.358887,4443.589844,2924.000000,4.000000,85.000000,,,,0.000000,4.000000,4.000000,4.000000,4.000000,4.000000,4.000000,4.000000,4.000000,4.000000,4.000000,4.000000,4.000000,4.000000,4.000000,100.000000,,,,,,,,,,,,,,,,,,,,,,,,,,,,,,,,,,,,,,,,,,,,,,,,,,,,,,,,,,,,,,,,,,,,,,,,,,,,,,,,,,,,,,
1676060284.079735,1676060284.080131,104.000000,0.000000,4294.358887,4244.615234,4305.769043,4301.922852,4274.358887,4272.051270,4293.461426,4309.487305,4299.743652,4283.846191,4518.333496,4523.974121,4422.179688,4435.897461,3131.000000,4.000000,85.000000,,,,0.000000,4.000000,4.000000,4.000000,4.000000,4.000000,4.000000,4.000000,4.000000,4.000000,4.000000,4.000000,4.000000,4.000000,4.000000,100.000000,,,,,,,,,,,,,,,,,,,,,,,,,,,,,,,,,,,,,,,,,,,,,,,,,,,,,,,,,,,,,,,,,,,,,,,,,,,,,,,,,,,,,,
1676060284.087543,1676060284.087840,105.000000,0.000000,4307.820313,4252.948730,4310.000000,4312.436035,4281.922852,4280.769043,4300.512695,4313.333496,4316.282227,4301.922852,4532.307617,4535.897461,4440.000000,4455.512695,3246.000000,4.000000,85.000000,,,,0.000000,4.000000,4.000000,4.000000,4.000000,4.000000,4.000000,4.000000,4.000000,4.000000,4.000000,4.000000,4.000000,4.000000,4.000000,100.000000,,,,,,,,,,,,,,,,,,,,,,,,,,,,,,,,,,,,,,,,,,,,,,,,,,,,,,,,,,,,,,,,,,,,,,,,,,,,,,,,,,,,,,
1676060284.095352,1676060284.095648,106.000000,0.000000,4307.692383,4253.461426,4308.077148,4308.589844,4278.846191,4277.692383,4296.025879,4319.230957,4321.538574,4314.743652,4530.000000,4534.102539,4443.846191,4457.179688,2728.000000,4.000000,85.000000,,,,0.000000,4.000000,4.000000,4.000000,4.000000,4.000000,4.000000,4.000000,4.000000,4.000000,4.000000,4.000000,4.000000,4.000000,4.000000,100.000000,,,,,,,,,,,,,,,,,,,,,,,,,,,,,,,,,,,,,,,,,,,,,,,,,,,,,,,,,,,,,,,,,,,,,,,,,,,,,,,,,,,,,,
1676060284.103160,1676060284.103357,107.000000,0.000000,4266.282227,4219.743652,4279.615234,4274.487305,4258.974121,4261.025879,4274.102539,4293.589844,4289.487305,4285.000000,4493.846191,4491.410156,4398.846191,4415.769043,2924.000000,4.000000,85.000000,,,,0.000000,4.000000,4.000000,4.000000,4.000000,4.000000,4.000000,4.000000,4.000000,4.000000,4.000000,4.000000,4.000000,4.000000,4.000000,100.000000,,,,,,,,,,,,,,,,,,,,,,,,,,,,,,,,,,,,,,,,,,,,,,,,,,,,,,,,,,,,,,,,,,,,,,,,,,,,,,,,,,,,,,
1676060284.110968,1676060284.111265,108.000000,0.000000,4257.307617,4211.922852,4271.794922,4266.282227,4257.436035,4260.384766,4272.820313,4283.717773,4275.769043,4262.948730,4480.128418,4476.410156,4380.512695,4402.179688,3131.000000,4.000000,85.000000,,,,0.000000,4.000000,4.000000,4.000000,4.000000,4.000000,4.000000,4.000000,4.000000,4.000000,4.000000,4.000000,4.000000,4.000000,4.000000,100.000000,,,,,,,,,,,,,,,,,,,,,,,,,,,,,,,,,,,,,,,,,,,,,,,,,,,,,,,,,,,,,,,,,,,,,,,,,,,,,,,,,,,,,,
1676060284.118777,1676060284.119073,109.000000,0.000000,4293.717773,4255.897461,4295.256348,4298.077148,4275.384766,4277.692383,4291.666504,4308.974121,4293.333496,4278.974121,4497.179688,4506.922852,4411.410156,4429.871582,3246.000000,4.000000,85.000000,,,,0.000000,4.000000,4.000000,4.000000,4.000000,4.000000,4.000000,4.000000,4.000000,4.000000,4.000000,4.000000,4.000000,4.000000,4.000000,100.000000,,,,,,,,,,,,,,,,,,,,,,,,,,,,,,,,,,,,,,,,,,,,,,,,,,,,,,,,,,,,,,,,,,,,,,,,,,,,,,,,,,,,,,
1676060284.126585,1676060284.126982,110.000000,0.000000,4304.615234,4286.153809,4303.077148,4317.436035,4285.641113,4285.512695,4294.102539,4326.410156,4298.461426,4282.692383,4498.974121,4514.871582,4413.846191,4438.461426,2728.000000,4.000000,85.000000,,,,0.000000,4.000000,4.000000,4.000000,4.000000,4.000000,4.000000,4.000000,4.000000,4.000000,4.000000,4.000000,4.000000,4.000000,4.000000,100.000000,,,,,,,,,,,,,,,,,0.600621,2.304704,1.382557,1.653996,0.784867,11.191512,7.884947,1.448883,1.434282,0.755964,0.944008,3.068947,0.984679,1.282177,0.669894,3.553901,3.606112,1.059037,1.060887,0.685233,0.800073,1.584287,0.434795,0.668336,0.407621,1.155702,0.556782,0.448407,0.660351,0.495193,0.908262,1.287880,0.890557,1.061814,0.692459,0.970515,3.766255,1.382274,1.301455,0.797953,1.697600,2.271688,2.052969,1.319116,0.967607,1.693379,1.526220,1.658342,1.199951,1.161356,10.973576,3.602580,2.945613,2.334248,1.252033,4.783523,1.687194,2.138599,1.898728,1.183056,10.779359,2.865819,2.870563,2.467675,1.059490,2.874935,2.601635,2.097683,2.226309,1.212535
1676060284.134394,1676060284.134790,111.000000,0.000000,4283.205078,4286.410156,4292.179688,4312.179688,4281.282227,4278.205078,4281.538574,4324.871582,4292.563965,4266.282227,4480.384766,4495.000000,4374.743652,4416.153809,2924.000000,4.000000,85.000000,,,,0.000000,4.000000,4.000000,4.000000,4.000000,4.000000,4.000000,4.000000,4.000000,4.000000,4.000000,4.000000,4.000000,4.000000,4.000000,100.000000,,,,,,,,,,,,,,,,,,,,,,,,,,,,,,,,,,,,,,,,,,,,,,,,,,,,,,,,,,,,,,,,,,,,,,,,,,,,,,,,,,,,,,
1676060284.142202,1676060284.142699,112.000000,0.000000,4275.897461,4292.179688,4289.615234,4306.410156,4273.717773,4271.794922,4276.410156,4322.307617,4291.922852,4265.769043,4467.948730,4483.846191,4355.512695,4401.410156,3131.000000,4.000000,85.000000,,,,0.000000,4.000000,4.000000,4.000000,4.000000,4.000000,4.000000,4.000000,4.000000,4.000000,4.000000,4.000000,4.000000,4.000000,4.000000,100.000000,,,,,,,,,,,,,,,,,,,,,,,,,,,,,,,,,,,,,,,,,,,,,,,,,,,,,,,,,,,,,,,,,,,,,,,,,,,,,,,,,,,,,,
1676060284.150010,1676060284.150507,113.000000,0.000000,4290.641113,4302.948730,4298.974121,4311.922852,4276.922852,4276.025879,4287.051270,4331.922852,4297.820313,4281.025879,4475.000000,4494.487305,4374.102539,4412.307617,3246.000000,4.000000,85.000000,,,,0.000000,4.000000,4.000000,4.000000,4.000000,4.000000,4.000000,4.000000,4.000000,4.000000,4.000000,4.000000,4.000000,4.000000,4.000000,100.000000,,,,,,,,,,,,,,,,,,,,,,,,,,,,,,,,,,,,,,,,,,,,,,,,,,,,,,,,,,,,,,,,,,,,,,,,,,,,,,,,,,,,,,
1676060284.157819,1676060284.158415,114.000000,0.000000,4294.230957,4299.102539,4301.538574,4314.230957,4276.666504,4270.769043,4289.743652,4338.717773,4301.922852,4287.948730,4484.358887,4503.333496,4383.846191,4419.487305,2728.000000,4.000000,85.000000,,,,0.000000,4.000000,4.000000,4.000000,4.000000,4.000000,4.000000,4.000000,4.000000,4.000000,4.000000,4.000000,4.000000,4.000000,4.000000,100.000000,,,,,,,,,,,,,,,,,,,,,,,,,,,,,,,,,,,,,,,,,,,,,,,,,,,,,,,,,,,,,,,,,,,,,,,,,,,,,,,,,,,,,,
1676060284.165627,1676060284.166224,115.000000,0.000000,4279.102539,4281.282227,4288.717773,4301.282227,4263.589844,4257.820313,4276.922852,4322.692383,4293.461426,4274.358887,4470.384766,4486.282227,4360.769043,4403.333496,2924.000000,4.000000,85.000000,,,,0.000000,4.000000,4.000000,4.000000,4.000000,4.000000,4.000000,4.000000,4.000000,4.000000,4.000000,4.000000,4.000000,4.000000,4.000000,100.000000,,,,,,,,,,,,,,,,,,,,,,,,,,,,,,,,,,,,,,,,,,,,,,,,,,,,,,,,,,,,,,,,,,,,,,,,,,,,,,,,,,,,,,
1676060284.173436,1676060284.174132,116.000000,0.000000,4273.333496,4277.307617,4287.179688,4295.384766,4266.282227,4271.025879,4280.000000,4312.436035,4288.589844,4266.794922,4464.102539,4479.743652,4352.692383,4399.487305,3131.000000,4.000000,85.000000,,,,0.000000,4.000000,4.000000,4.000000,4.000000,4.000000,4.000000,4.000000,4.000000,4.000000,4.000000,4.000000,4.000000,4.000000,4.000000,100.000000,,,,,,,,,,,,,,,,,,,,,,,,,,,,,,,,,,,,,,,,,,,,,,,,,,,,,,,,,,,,,,,,,,,,,,,,,,,,,,,,,,,,,,
1676060284.181244,1676060284.181941,117.000000,0.000000,4280.000000,4292.307617,4295.512695,4300.000000,4281.025879,4283.846191,4289.615234,4318.461426,4296.025879,4277.563965,4475.384766,4490.128418,4371.922852,4408.461426,3246.000000,4.000000,85.000000,,,,0.000000,4.000000,4.000000,4.000000,4.000000,4.000000,4.000000,4.000000,4.000000,4.000000,4.000000,4.000000,4.000000,4.000000,4.000000,100.000000,,,,,,,,,,,,,,,,,,,,,,,,,,,,,,,,,,,,,,,,,,,,,,,,,,,,,,,,,,,,,,,,,,,,,,,,,,,,,,,,,,,,,,
1676060284.189052,1676060284.189649,118.000000,0.000000,4276.538574,4286.538574,4285.384766,4297.436035,4277.948730,4268.205078,4281.282227,4307.563965,4288.077148,4275.128418,4466.794922,4481.025879,4365.897461,4395.769043,2728.000000,4.000000,85.000000,,,,0.000000,4.000000,4.000000,4.000000,4.000000,4.000000,4.000000,4.000000,4.000000,4.000000,4.000000,4.000000,4.000000,4.000000,4.000000,100.000000,,,,,,,,,,,,,,,,,,,,,,,,,,,,,,,,,,,,,,,,,,,,,,,,,,,,,,,,,,,,,,,,,,,,,,,,,,,,,,,,,,,,,,
1676060284.196861,1676060284.197458,119.000000,0.000000,4280.128418,4275.000000,4280.256348,4297.563965,4271.666504,4262.692383,4279.230957,4298.589844,4274.358887,4267.307617,4457.692383,4473.333496,4349.230957,4391.666504,2924.000000,4.000000,85.000000,,,,0.000000,4.000000,4.000000,4.000000,4.000000,4.000000,4.000000,4.000000,4.000000,4.000000,4.000000,4.000000,4.000000,4.000000,4.000000,100.000000,,,,,,,,,,,,,,,,,,,,,,,,,,,,,,,,,,,,,,,,,,,,,,,,,,,,,,,,,,,,,,,,,,,,,,,,,,,,,,,,,,,,,,
1676060284.204669,1676060284.205166,120.000000,0.000000,4299.230957,4292.051270,4301.538574,4313.589844,4283.846191,4281.666504,4298.846191,4319.102539,4291.025879,4279.230957,4479.615234,4496.666504,4369.871582,4417.563965,3131.000000,4.000000,85.000000,,,,0.000000,4.000000,4.000000,4.000000,4.000000,4.000000,4.000000,4.000000,4.000000,4.000000,4.000000,4.000000,4.000000,4.000000,4.000000,100.000000,,,,,,,,,,,,,,,,,,,,,,,,,,,,,,,,,,,,,,,,,,,,,,,,,,,,,,,,,,,,,,,,,,,,,,,,,,,,,,,,,,,,,,
1676060284.212478,1676060284.212975,121.000000,0.000000,4288.974121,4294.871582,4299.487305,4307.436035,4280.512695,4282.948730,4298.333496,4324.102539,4300.641113,4277.948730,4479.358887,4496.410156,4376.282227,4414.102539,3246.000000,4.000000,85.000000,,,,0.000000,4.000000,4.000000,4.000000,4.000000,4.000000,4.000000,4.000000,4.000000,4.000000,4.000000,4.000000,4.000000,4.000000,4.000000,100.000000,,,,,,,,,,,,,,,,,,,,,,,,,,,,,,,,,,,,,,,,,,,,,,,,,,,,,,,,,,,,,,,,,,,,,,,,,,,,,,,,,,,,,,
1676060284.220286,1676060284.220683,122.000000,0.000000,4259.743652,4270.897461,4271.410156,4279.615234,4263.077148,4264.487305,4278.205078,4306.025879,4281.282227,4259.615234,4446.666504,4465.769043,4347.692383,4382.948730,2728.000000,4.000000,85.000000,,,,0.000000,4.000000,4.000000,4.000000,4.000000,4.000000,4.000000,4.000000,4.000000,4.000000,4.000000,4.000000,4.000000,4.000000,4.000000,100.000000,,,,,,,,,,,,,,,,,,,,,,,,,,,,,,,,,,,,,,,,,,,,,,,,,,,,,,,,,,,,,,,,,,,,,,,,,,,,,,,,,,,,,,
1676060284.228094,1676060284.228492,123.000000,0.000000,4266.025879,4272.563965,4275.256348,4283.461426,4267.820313,4263.717773,4274.871582,4308.205078,4280.256348,4264.102539,4453.717773,4472.692383,4348.717773,4390.641113,2924.000000,4.000000,85.000000,,,,0.000000,4.000000,4.000000,4.000000,4.000000,4.000000,4.000000,4.000000,4.000000,4.000000,4.000000,4.000000,4.000000,4.000000,4.000000,100.000000,,,,,,,,,,,,,,,,,,,,,,,,,,,,,,,,,,,,,,,,,,,,,,,,,,,,,,,,,,,,,,,,,,,,,,,,,,,,,,,,,,,,,,
1676060284.235903,1676060284.236200,124.000000,0.000000,4284.102539,4290.000000,4293.333496,4300.641113,4278.589844,4274.743652,4283.461426,4315.769043,4291.282227,4266.025879,4480.000000,4496.153809,4371.410156,4411.794922,3131.000000,4.000000,85.000000,,,,0.000000,4.000000,4.000000,4.000000,4.000000,4.000000,4.000000,4.000000,4.000000,4.000000,4.000000,4.000000,4.000000,4.000000,4.000000,100.000000,,,,,,,,,,,,,,,,,,,,,,,,,,,,,,,,,,,,,,,,,,,,,,,,,,,,,,,,,,,,,,,,,,,,,,,,,,,,,,,,,,,,,,
1676060284.243711,1676060284.244009,125.000000,0.000000,4278.333496,4282.820313,4294.230957,4296.153809,4276.666504,4278.974121,4292.563965,4312.948730,4290.128418,4258.846191,4473.974121,4492.307617,4368.589844,4400.897461,3246.000000,4.000000,85.000000,,,,0.000000,4.000000,4.000000,4.000000,4.000000,4.000000,4.000000,4.000000,4.000000,4.000000,4.000000,4.000000,4.000000,4.000000,4.000000,100.000000,,,,,,,,,,,,,,,,,,,,,,,,,,,,,,,,,,,,,,,,,,,,,,,,,,,,,,,,,,,,,,,,,,,,,,,,,,,,,,,,,,,,,,
1676060284.251520,1676060284.251717,126.000000,0.000000,4278.846191,4277.563965,4294.615234,4293.717773,4277.051270,4281.282227,4300.512695,4320.641113,4299.102539,4279.358887,4473.077148,4487.307617,4361.538574,4394.871582,2728.000000,4.000000,85.000000,,,,0.000000,4.000000,4.000000,4.000000,4.000000,4.000000,4.000000,4.000000,4.000000,4.000000,4.000000,4.000000,4.000000,4.000000,4.000000,100.000000,,,,,,,,,,,,,,,,,0.584417,2.372460,1.225121,1.790486,0.738812,6.340580,7.115706,1.367918,1.525977,0.713054,0.908312,3.026444,0.783698,1.418646,0.631645,2.553683,3.377375,0.912232,1.149981,0.642404,1.072665,1.490686,0.390809,0.692173,0.381719,1.449578,0.542515,0.400701,0.620125,0.448742,0.876431,1.160173,0.740907,1.070696,0.664460,0.964667,4.079509,1.170852,1.353043,0.778045,1.383945,2.240746,1.808406,1.354201,1.000301,1.368976,1.276342,1.453377,1.239856,1.198087,10.119244,4.333756,2.610646,2.332810,1.223840,4.355303,1.618359,1.798214,1.987776,1.135034,7.440756,2.873720,2.611154,2.404326,1.051599,2.222578,2.805735,1.920887,2.250776,1.145310
1676060284.259328,1676060284.259625,127.000000,0.000000,4290.897461,4291.538574,4302.051270,4306.153809,4285.128418,4278.589844,4300.000000,4326.410156,4309.102539,4292.436035,4494.743652,4495.897461,4368.589844,4411.666504,85.000000,4.000000,85.000000,,,,0.000000,4.000000,4.000000,4.000000,4.000000,4.000000,4.000000,4.000000,4.000000,4.000000,4.000000,4.000000,4.000000,4.000000,4.000000,100.000000,,,,,,,,,,,,,,,,,,,,,,,,,,,,,,,,,,,,,,,,,,,,,,,,,,,,,,,,,,,,,,,,,,,,,,,,,,,,,,,,,,,,,,
1676060284.267136,1676060284.267434,0.000000,0.000000,4285.769043,4293.461426,4299.358887,4302.820313,4280.769043,4268.077148,4286.410156,4309.487305,4292.692383,4272.436035,4494.102539,4490.897461,4366.282227,4410.769043,2518.000000,4.000000,85.000000,,,,0.000000,4.000000,4.000000,4.000000,4.000000,4.000000,4.000000,4.000000,4.000000,4.000000,4.000000,4.000000,4.000000,4.000000,4.000000,100.000000,,,,,,,,,,,,,,,,,,,,,,,,,,,,,,,,,,,,,,,,,,,,,,,,,,,,,,,,,,,,,,,,,,,,,,,,,,,,,,,,,,,,,,
1676060284.274945,1676060284.275242,1.000000,0.000000,4273.205078,4277.179688,4283.589844,4282.307617,4270.641113,4265.512695,4275.384766,4291.666504,4273.974121,4260.897461,4475.384766,4470.641113,4352.307617,4389.615234,2478.000000,4.000000,85.000000,,,,0.000000,4.000000,4.000000,4.000000,4.000000,4.000000,4.000000,4.000000,4.000000,4.000000,4.000000,4.000000,4.000000,4.000000,4.000000,100.000000,,,,,,,,,,,,,,,,,,,,,,,,,,,,,,,,,,,,,,,,,,,,,,,,,,,,,,,,,,,,,,,,,,,,,,,,,,,,,,,,,,,,,,
1676060284.282753,1676060284.282951,2.000000,0.000000,4281.282227,4274.615234,4284.615234,4285.512695,4277.563965,4277.436035,4284.102539,4300.384766,4282.948730,4267.051270,4488.077148,4471.025879,4354.358887,4395.384766,2401.000000,4.000000,85.000000,,,,0.000000,4.000000,4.000000,4.000000,4.000000,4.000000,4.000000,4.000000,4.000000,4.000000,4.000000,4.000000,4.000000,4.000000,4.000000,100.000000,,,,,,,,,,,,,,,,,,,,,,,,,,,,,,,,,,,,,,,,,,,,,,,,,,,,,,,,,,,,,,,,,,,,,,,,,,,,,,,,,,,,,,
1676060284.290561,1676060284.290859,3.000000,0.000000,4293.589844,4288.333496,4299.615234,4301.538574,4288.717773,4284.102539,4297.436035,4318.974121,4293.589844,4267.563965,4512.692383,4488.077148,4367.948730,4414.743652,2466.000000,4.000000,85.000000,,,,0.000000,4.000000,4.000000,4.000000,4.000000,4.000000,4.000000,4.000000,4.000000,4.000000,4.000000,4.000000,4.000000,4.000000,4.000000,100.000000,,,,,,,,,,,,,,,,,,,,,,,,,,,,,,,,,,,,,,,,,,,,,,,,,,,,,,,,,,,,,,,,,,,,,,,,,,,,,,,,,,,,,,
1676060284.298370,1676060284.298668,4.000000,0.000000,4289.871582,4289.871582,4302.820313,4301.666504,4286.666504,4281.410156,4297.948730,4326.666504,4292.820313,4272.307617,4514.102539,4493.717773,4369.230957,4411.153809,2436.000000,4.000000,85.000000,,,,0.000000,4.000000,4.000000,4.000000,4.000000,4.000000,4.000000,4.000000,4.000000,4.000000,4.000000,4.000000,4.000000,4.000000,4.000000,100.000000,,,,,,,,,,,,,,,,,,,,,,,,,,,,,,,,,,,,,,,,,,,,,,,,,,,,,,,,,,,,,,,,,,,,,,,,,,,,,,,,,,,,,,
1676060284.306178,1676060284.306576,5.000000,0.000000,4280.641113,4281.025879,4294.230957,4292.307617,4279.102539,4278.333496,4291.922852,4321.025879,4289.230957,4280.128418,4500.512695,4483.589844,4357.692383,4396.025879,2376.000000,4.000000,85.000000,,,,0.000000,4.000000,4.000000,4.000000,4.000000,4.000000,4.000000,4.000000,4.000000,4.000000,4.000000,4.000000,4.000000,4.000000,4.000000,100.000000,,,,,,,,,,,,,,,,,,,,,,,,,,,,,,,,,,,,,,,,,,,,,,,,,,,,,,,,,,,,,,,,,,,,,,,,,,,,,,,,,,,,,,
1676060284.313987,1676060284.314385,6.000000,0.000000,4279.102539,4280.128418,4292.179688,4286.666504,4279.615234,4279.615234,4293.077148,4314.102539,4285.641113,4270.512695,4485.897461,4474.358887,4353.333496,4393.077148,2229.000000,4.000000,85.000000,,,,0.000000,4.000000,4.000000,4.000000,4.000000,4.000000,4.000000,4.000000,4.000000,4.000000,4.000000,4.000000,4.000000,4.000000,4.000000,100.000000,,,,,,,,,,,,,,,,,,,,,,,,,,,,,,,,,,,,,,,,,,,,,,,,,,,,,,,,,,,,,,,,,,,,,,,,,,,,,,,,,,,,,,
1676060284.321795,1676060284.322293,7.000000,0.000000,4281.538574,4284.230957,4297.051270,4286.410156,4285.641113,4282.436035,4295.897461,4313.077148,4285.000000,4263.846191,4479.230957,4471.282227,4355.641113,4398.333496,2221.000000,4.000000,85.000000,,,,0.000000,4.000000,4.000000,4.000000,4.000000,4.000000,4.000000,4.000000,4.000000,4.000000,4.000000,4.000000,4.000000,4.000000,4.000000,100.000000,,,,,,,,,,,,,,,,,,,,,,,,,,,,,,,,,,,,,,,,,,,,,,,,,,,,,,,,,,,,,,,,,,,,,,,,,,,,,,,,,,,,,,
1676060284.329603,1676060284.330101,8.000000,0.000000,4275.000000,4278.077148,4289.871582,4280.769043,4279.743652,4273.846191,4285.641113,4304.487305,4280.128418,4267.436035,4474.358887,4461.025879,4343.974121,4389.871582,2272.000000,4.000000,85.000000,,,,0.000000,4.000000,4.000000,4.000000,4.000000,4.000000,4.000000,4.000000,4.000000,4.000000,4.000000,4.000000,4.000000,4.000000,4.000000,100.000000,,,,,,,,,,,,,,,,,,,,,,,,,,,,,,,,,,,,,,,,,,,,,,,,,,,,,,,,,,,,,,,,,,,,,,,,,,,,,,,,,,,,,,
1676060284.337412,1676060284.338010,9.000000,0.000000,4260.641113,4260.512695,4270.384766,4265.000000,4261.922852,4257.563965,4265.128418,4288.589844,4268.077148,4252.692383,4459.487305,4444.871582,4327.179688,4370.384766,2251.000000,4.000000,85.000000,,,,0.000000,4.000000,4.000000,4.000000,4.000000,4.000000,4.000000,4.000000,4.000000,4.000000,4.000000,4.000000,4.000000,4.000000,4.000000,100.000000,,,,,,,,,,,,,,,,,,,,,,,,,,,,,,,,,,,,,,,,,,,,,,,,,,,,,,,,,,,,,,,,,,,,,,,,,,,,,,,,,,,,,,
1676060284.345220,1676060284.345818,10.000000,0.000000,4259.358887,4255.256348,4264.102539,4260.512695,4259.871582,4261.794922,4266.538574,4289.487305,4267.563965,4240.000000,4454.871582,4451.410156,4331.153809,4372.051270,2730.000000,4.000000,85.000000,,,,0.000000,4.000000,4.000000,4.000000,4.000000,4.000000,4.000000,4.000000,4.000000,4.000000,4.000000,4.000000,4.000000,4.000000,4.000000,100.000000,,,,,,,,,,,,,,,,,,,,,,,,,,,,,,,,,,,,,,,,,,,,,,,,,,,,,,,,,,,,,,,,,,,,,,,,,,,,,,,,,,,,,,
1676060284.353028,1676060284.353726,11.000000,0.000000,4286.666504,4276.410156,4292.179688,4286.538574,4280.641113,4282.820313,4295.512695,4317.307617,4292.436035,4274.615234,4488.205078,4486.922852,4361.025879,4407.563965,2920.000000,4.000000,85.000000,,,,0.000000,4.000000,4.000000,4.000000,4.000000,4.000000,4.000000,4.000000,4.000000,4.000000,4.000000,4.000000,4.000000,4.000000,4.000000,100.000000,,,,,,,,,,,,,,,,,,,,,,,,,,,,,,,,,,,,,,,,,,,,,,,,,,,,,,,,,,,,,,,,,,,,,,,,,,,,,,,,,,,,,,
1676060284.360837,1676060284.361535,12.000000,0.000000,4303.974121,4295.128418,4314.487305,4300.897461,4288.589844,4288.461426,4307.563965,4337.563965,4307.307617,4303.205078,4512.692383,4506.025879,4380.000000,4428.077148,3117.000000,4.000000,85.000000,,,,0.000000,4.000000,4.000000,4.000000,4.000000,4.000000,4.000000,4.000000,4.000000,4.000000,4.000000,4.000000,4.000000,4.000000,4.000000,100.000000,,,,,,,,,,,,,,,,,,,,,,,,,,,,,,,,,,,,,,,,,,,,,,,,,,,,,,,,,,,,,,,,,,,,,,,,,,,,,,,,,,,,,,
1676060284.368645,1676060284.369443,13.000000,0.000000,4284.230957,4283.077148,4298.974121,4282.179688,4278.717773,4276.794922,4293.846191,4326.153809,4289.102539,4277.948730,4490.000000,4486.666504,4361.666504,4402.563965,3241.000000,4.000000,85.000000,,,,0.000000,4.000000,4.000000,4.000000,4.000000,4.000000,4.000000,4.000000,4.000000,4.000000,4.000000,4.000000,4.000000,4.000000,4.000000,100.000000,,,,,,,,,,,,,,,,,,,,,,,,,,,,,,,,,,,,,,,,,,,,,,,,,,,,,,,,,,,,,,,,,,,,,,,,,,,,,,,,,,,,,,
1676060284.376454,1676060284.377252,14.000000,0.000000,4270.512695,4264.487305,4280.512695,4270.897461,4274.230957,4272.563965,4288.717773,4309.615234,4276.153809,4263.974121,4466.410156,4469.487305,4346.153809,4382.307617,2730.000000,4.000000,85.000000,,,,0.000000,4.000000,4.000000,4.000000,4.000000,4.000000,4.000000,4.000000,4.000000,4.000000,4.000000,4.000000,4.000000,4.000000,4.000000,100.000000,1.000000,75.000000,4.000000,4.000000,3.000000,4.000000,3.000000,4.000000,4.000000,4.000000,4.000000,4.000000,4.000000,3.000000,4.000000,4.000000,0.676381,2.366513,1.057951,1.798931,0.732386,4.288082,6.235082,1.360907,1.557356,0.709064,0.921599,2.871214,0.644744,1.494641,0.630656,1.904922,3.003902,0.807751,1.182316,0.650676,1.450673,1.319379,0.362938,0.681278,0.374636,1.651446,0.531013,0.373327,0.562279,0.411492,0.834998,1.150037,0.663599,1.029236,0.646168,0.927623,4.335017,1.000382,1.335760,0.779486,1.160934,2.272512,1.490814,1.311106,1.012774,1.079009,1.134289,1.210643,1.287041,1.236587,9.659911,5.084818,2.148169,2.184446,1.261988,4.062692,1.750136,1.450516,1.960412,1.134263,5.697883,3.031937,2.186591,2.227500,1.096912,2.061567,2.944274,1.691137,2.174781,1.136734
1676060284.384262,1676060284.384960,15.000000,0.000000,4281.538574,4268.077148,4285.128418,4277.692383,4278.333496,4281.538574,4292.948730,4310.512695,4279.230957,4275.000000,4472.051270,4478.846191,4357.051270,4394.487305,2920.000000,4.000000,85.000000,,,,0.000000,4.000000,4.000000,4.000000,4.000000,4.000000,4.000000,4.000000,4.000000,4.000000,4.000000,4.000000,4.000000,4.000000,4.000000,100.000000,,,,,,,,,,,,,,,,,,,,,,,,,,,,,,,,,,,,,,,,,,,,,,,,,,,,,,,,,,,,,,,,,,,,,,,,,,,,,,,,,,,,,,
1676060284.392070,1676060284.392769,16.000000,0.000000,4295.000000,4288.717773,4302.692383,4289.871582,4289.615234,4293.974121,4300.000000,4323.077148,4281.410156,4269.358887,4489.230957,4493.205078,4369.358887,4412.563965,0.000000,4.000000,85.000000,,,,0.000000,4.000000,4.000000,4.000000,4.000000,4.000000,4.000000,4.000000,4.000000,4.000000,4.000000,4.000000,4.000000,4.000000,4.000000,100.000000,,,,,,,,,,,,,,,,,,,,,,,,,,,,,,,,,,,,,,,,,,,,,,,,,,,,,,,,,,,,,,,,,,,,,,,,,,,,,,,,,,,,,,
1676060284.399879,1676060284.400477,17.000000,0.000000,4298.589844,4300.641113,4306.282227,4297.307617,4298.461426,4296.410156,4308.333496,4327.436035,4286.794922,4268.077148,4493.461426,4493.461426,4368.974121,4415.641113,0.000000,4.000000,85.000000,,,,0.000000,4.000000,4.000000,4.000000,4.000000,4.000000,4.000000,4.000000,4.000000,4.000000,4.000000,4.000000,4.000000,4.000000,4.000000,100.000000,,,,,,,,,,,,,,,,,,,,,,,,,,,,,,,,,,,,,,,,,,,,,,,,,,,,,,,,,,,,,,,,,,,,,,,,,,,,,,,,,,,,,,
1676060284.407687,1676060284.408386,18.000000,0.000000,4294.871582,4294.487305,4297.692383,4292.307617,4293.077148,4290.512695,4303.589844,4319.102539,4296.922852,4288.589844,4481.153809,4487.436035,4365.000000,4408.077148,0.000000,4.000000,85.000000,,,,0.000000,4.000000,4.000000,4.000000,4.000000,4.000000,4.000000,4.000000,4.000000,4.000000,4.000000,4.000000,4.000000,4.000000,4.000000,100.000000,,,,,,,,,,,,,,,,,,,,,,,,,,,,,,,,,,,,,,,,,,,,,,,,,,,,,,,,,,,,,,,,,,,,,,,,,,,,,,,,,,,,,,
1676060284.415496,1676060284.416194,19.000000,0.000000,4300.512695,4289.871582,4301.538574,4291.538574,4289.743652,4288.461426,4294.230957,4314.743652,4296.153809,4296.282227,4476.410156,4487.307617,4367.436035,4410.512695,0.000000,4.000000,85.000000,,,,0.000000,4.000000,4.000000,4.000000,4.000000,4.000000,4.000000,4.000000,4.000000,4.000000,4.000000,4.000000,4.000000,4.000000,4.000000,100.000000,,,,,,,,,,,,,,,,,,,,,,,,,,,,,,,,,,,,,,,,,,,,,,,,,,,,,,,,,,,,,,,,,,,,,,,,,,,,,,,,,,,,,,
1676060284.423304,1676060284.424102,20.000000,0.000000,4318.333496,4298.846191,4315.128418,4302.179688,4297.692383,4288.717773,4300.512695,4325.384766,4293.461426,4287.436035,4490.512695,4494.871582,4376.282227,4428.589844,0.000000,4.000000,85.000000,,,,0.000000,4.000000,4.000000,4.000000,4.000000,4.000000,4.000000,4.000000,4.000000,4.000000,4.000000,4.000000,4.000000,4.000000,4.000000,100.000000,,,,,,,,,,,,,,,,,,,,,,,,,,,,,,,,,,,,,,,,,,,,,,,,,,,,,,,,,,,,,,,,,,,,,,,,,,,,,,,,,,,,,,
1676060284.431112,1676060284.431911,21.000000,0.000000,4315.000000,4305.384766,4317.051270,4302.307617,4297.307617,4286.282227,4309.358887,4333.333496,4301.153809,4287.948730,4498.077148,4498.205078,4382.692383,4434.487305,0.000000,4.000000,85.000000,,,,0.000000,4.000000,4.000000,4.000000,4.000000,4.000000,4.000000,4.000000,4.000000,4.000000,4.000000,4.000000,4.000000,4.000000,4.000000,100.000000,,,,,,,,,,,,,,,,,,,,,,,,,,,,,,,,,,,,,,,,,,,,,,,,,,,,,,,,,,,,,,,,,,,,,,,,,,,,,,,,,,,,,,
1676060284.438921,1676060284.439819,22.000000,0.000000,4285.641113,4288.717773,4298.461426,4282.692383,4282.692383,4282.307617,4301.282227,4317.820313,4291.025879,4274.615234,4477.436035,4482.820313,4367.179688,4412.179688,0.000000,4.000000,85.000000,,,,0.000000,4.000000,4.000000,4.000000,4.000000,4.000000,4.000000,4.000000,4.000000,4.000000,4.000000,4.000000,4.000000,4.000000,4.000000,100.000000,,,,,,,,,,,,,,,,,,,,,,,,,,,,,,,,,,,,,,,,,,,,,,,,,,,,,,,,,,,,,,,,,,,,,,,,,,,,,,,,,,,,,,
1676060284.446729,1676060284.447628,23.000000,0.000000,4274.358887,4267.820313,4283.974121,4267.820313,4274.487305,4279.230957,4292.820313,4306.538574,4277.436035,4257.563965,4458.077148,4469.102539,4349.230957,4393.333496,0.000000,4.000000,85.000000,,,,0.000000,4.000000,4.000000,4.000000,4.000000,4.000000,4.000000,4.000000,4.000000,4.000000,4.000000,4.000000,4.000000,4.000000,4.000000,100.000000,,,,,,,,,,,,,,,,,,,,,,,,,,,,,,,,,,,,,,,,,,,,,,,,,,,,,,,,,,,,,,,,,,,,,,,,,,,,,,,,,,,,,,
1676060284.454538,1676060284.455436,24.000000,0.000000,4281.794922,4268.974121,4288.717773,4271.153809,4276.666504,4279.871582,4294.743652,4316.538574,4286.153809,4266.410156,4462.563965,4475.384766,4352.692383,4396.153809,0.000000,4.000000,85.000000,,,,0.000000,4.000000,4.000000,4.000000,4.000000,4.000000,4.000000,4.000000,4.000000,4.000000,4.000000,4.000000,4.000000,4.000000,4.000000,100.000000,,,,,,,,,,,,,,,,,,,,,,,,,,,,,,,,,,,,,,,,,,,,,,,,,,,,,,,,,,,,,,,,,,,,,,,,,,,,,,,,,,,,,,
1676060284.462346,1676060284.463145,25.000000,0.000000,4281.153809,4280.769043,4296.282227,4276.922852,4279.230957,4282.820313,4297.307617,4320.769043,4290.641113,4277.820313,4471.922852,4478.205078,4359.487305,4403.589844,0.000000,4.000000,85.000000,,,,0.000000,4.000000,4.000000,4.000000,4.000000,4.000000,4.000000,4.000000,4.000000,4.000000,4.000000,4.000000,4.000000,4.000000,4.000000,100.000000,,,,,,,,,,,,,,,,,,,,,,,,,,,,,,,,,,,,,,,,,,,,,,,,,,,,,,,,,,,,,,,,,,,,,,,,,,,,,,,,,,,,,,
1676060284.470154,1676060284.470953,26.000000,0.000000,4283.077148,4283.846191,4295.769043,4279.102539,4283.589844,4282.436035,4298.589844,4317.307617,4287.692383,4281.282227,4469.358887,4476.025879,4360.000000,4403.333496,0.000000,4.000000,85.000000,,,,0.000000,4.000000,4.000000,4.000000,4.000000,4.000000,4.000000,4.000000,4.000000,4.000000,4.000000,4.000000,4.000000,4.000000,4.000000,100.000000,,,,,,,,,,,,,,,,,,,,,,,,,,,,,,,,,,,,,,,,,,,,,,,,,,,,,,,,,,,,,,,,,,,,,,,,,,,,,,,,,,,,,,
1676060284.477963,1676060284.478662,27.000000,0.000000,4286.025879,4278.589844,4288.333496,4278.717773,4286.922852,4280.256348,4296.666504,4315.128418,4292.051270,4280.128418,4459.615234,4473.846191,4354.358887,4397.179688,0.000000,4.000000,85.000000,,,,0.000000,4.000000,4.000000,4.000000,4.000000,4.000000,4.000000,4.000000,4.000000,4.000000,4.000000,4.000000,4.000000,4.000000,4.000000,100.000000,,,,,,,,,,,,,,,,,,,,,,,,,,,,,,,,,,,,,,,,,,,,,,,,,,,,,,,,,,,,,,,,,,,,,,,,,,,,,,,,,,,,,,
1676060284.485771,1676060284.486470,28.000000,0.000000,4279.615234,4281.153809,4282.563965,4272.692383,4284.743652,4282.563965,4294.102539,4312.436035,4291.538574,4269.615234,4458.589844,4464.487305,4352.051270,4395.128418,0.000000,4.000000,85.000000,,,,0.000000,4.000000,4.000000,4.000000,4.000000,4.000000,4.000000,4.000000,4.000000,4.000000,4.000000,4.000000,4.000000,4.000000,4.000000,100.000000,,,,,,,,,,,,,,,,,,,,,,,,,,,,,,,,,,,,,,,,,,,,,,,,,,,,,,,,,,,,,,,,,,,,,,,,,,,,,,,,,,,,,,
1676060284.493579,1676060284.494179,29.000000,0.000000,4277.051270,4281.794922,4280.384766,4265.769043,4282.563965,4282.692383,4294.102539,4308.333496,4279.615234,4262.051270,4460.000000,4457.051270,4353.846191,4397.948730,0.000000,4.000000,85.000000,,,,0.000000,4.000000,4.000000,4.000000,4.000000,4.000000,4.000000,4.000000,4.000000,4.000000,4.000000,4.000000,4.000000,4.000000,4.000000,100.000000,,,,,,,,,,,,,,,,,,,,,,,,,,,,,,,,,,,,,,,,,,,,,,,,,,,,,,,,,,,,,,,,,,,,,,,,,,,,,,,,,,,,,,
1676060284.501388,1676060284.502087,30.000000,0.000000,4276.410156,4268.974121,4280.000000,4261.410156,4277.820313,4277.436035,4292.563965,4306.794922,4276.922852,4272.948730,4453.077148,4456.410156,4350.641113,4393.333496,0.000000,4.000000,85.000000,,,,0.000000,4.000000,4.000000,4.000000,4.000000,4.000000,4.000000,4.000000,4.000000,4.000000,4.000000,4.000000,4.000000,4.000000,4.000000,100.000000,,,,,,,,,,,,,,,,,0.855373,2.282103,0.898176,1.688443,0.782222,4.169021,5.532867,1.424152,1.542621,0.761293,0.989965,2.660470,0.547743,1.490201,0.683914,1.491109,2.574603,0.757080,1.173717,0.718784,1.792704,1.098838,0.353216,0.640582,0.391251,1.649380,0.511243,0.360855,0.501241,0.399282,0.796127,1.157841,0.612825,0.955231,0.655461,0.864747,4.337988,0.878467,1.264302,0.811119,1.102395,2.277852,1.152788,1.208604,1.020936,0.925512,1.063854,0.972832,1.335508,1.287932,9.519613,5.546036,1.654607,1.940090,1.374422,4.061409,1.948266,1.109125,1.830867,1.205138,5.422798,3.191378,1.689066,1.949461,1.217511,2.390789,2.935525,1.441514,2.001000,1.201957
1676060284.509196,1676060284.509895,31.000000,0.000000,4277.307617,4267.307617,4284.102539,4262.820313,4273.333496,4278.717773,4291.922852,4308.461426,4286.153809,4282.307617,4452.051270,4460.256348,4351.153809,4395.128418,0.000000,4.000000,85.000000,,,,0.000000,4.000000,4.000000,4.000000,4.000000,4.000000,4.000000,4.000000,4.000000,4.000000,4.000000,4.000000,4.000000,4.000000,4.000000,100.000000,,,,,,,,,,,,,,,,,,,,,,,,,,,,,,,,,,,,,,,,,,,,,,,,,,,,,,,,,,,,,,,,,,,,,,,,,,,,,,,,,,,,,,
1676060284.517005,1676060284.517804,32.000000,0.000000,4292.051270,4279.871582,4292.436035,4272.307617,4278.846191,4283.717773,4292.692383,4312.948730,4289.871582,4278.974121,4461.025879,4471.922852,4359.230957,4410.897461,0.000000,4.000000,85.000000,,,,0.000000,4.000000,4.000000,4.000000,4.000000,4.000000,4.000000,4.000000,4.000000,4.000000,4.000000,4.000000,4.000000,4.000000,4.000000,100.000000,,,,,,,,,,,,,,,,,,,,,,,,,,,,,,,,,,,,,,,,,,,,,,,,,,,,,,,,,,,,,,,,,,,,,,,,,,,,,,,,,,,,,,
1676060284.524813,1676060284.525612,33.000000,0.000000,4296.410156,4279.358887,4291.282227,4274.743652,4276.794922,4272.307617,4284.487305,4310.128418,4279.487305,4271.410156,4461.794922,4475.256348,4357.692383,4413.589844,0.000000,4.000000,85.000000,,,,0.000000,4.000000,4.000000,4.000000,4.000000,4.000000,4.000000,4.000000,4.000000,4.000000,4.000000,4.000000,4.000000,4.000000,4.000000,100.000000,,,,,,,,,,,,,,,,,,,,,,,,,,,,,,,,,,,,,,,,,,,,,,,,,,,,,,,,,,,,,,,,,,,,,,,,,,,,,,,,,,,,,,
1676060284.532621,1676060284.533521,34.000000,0.000000,4291.153809,4279.871582,4294.230957,4273.461426,4271.025879,4266.410156,4283.846191,4307.692383,4277.179688,4265.641113,4463.077148,4476.666504,4358.974121,4415.641113,0.000000,4.000000,85.000000,,,,0.000000,4.000000,4.000000,4.000000,4.000000,4.000000,4.000000,4.000000,4.000000,4.000000,4.000000,4.000000,4.000000,4.000000,4.000000,100.000000,,,,,,,,,,,,,,,,,,,,,,,,,,,,,,,,,,,,,,,,,,,,,,,,,,,,,,,,,,,,,,,,,,,,,,,,,,,,,,,,,,,,,,
1676060284.540430,1676060284.541329,35.000000,0.000000,4311.410156,4299.230957,4320.641113,4290.641113,4285.641113,4285.128418,4302.948730,4324.230957,4296.538574,4275.641113,4482.436035,4497.948730,4381.922852,4435.384766,0.000000,4.000000,85.000000,,,,0.000000,4.000000,4.000000,4.000000,4.000000,4.000000,4.000000,4.000000,4.000000,4.000000,4.000000,4.000000,4.000000,4.000000,4.000000,100.000000,,,,,,,,,,,,,,,,,,,,,,,,,,,,,,,,,,,,,,,,,,,,,,,,,,,,,,,,,,,,,,,,,,,,,,,,,,,,,,,,,,,,,,
1676060284.548238,1676060284.549237,36.000000,0.000000,4316.153809,4294.102539,4320.000000,4294.230957,4290.384766,4286.153809,4302.051270,4324.615234,4292.948730,4281.794922,4475.000000,4494.871582,4374.230957,4430.512695,0.000000,4.000000,85.000000,,,,0.000000,4.000000,4.000000,4.000000,4.000000,4.000000,4.000000,4.000000,4.000000,4.000000,4.000000,4.000000,4.000000,4.000000,4.000000,100.000000,,,,,,,,,,,,,,,,,,,,,,,,,,,,,,,,,,,,,,,,,,,,,,,,,,,,,,,,,,,,,,,,,,,,,,,,,,,,,,,,,,,,,,
1676060284.556046,1676060284.557146,37.000000,0.000000,4293.205078,4281.538574,4296.666504,4276.666504,4278.077148,4271.794922,4290.384766,4308.077148,4280.384766,4279.102539,4453.846191,4470.384766,4348.333496,4410.384766,0.000000,4.000000,85.000000,,,,0.000000,4.000000,4.000000,4.000000,4.000000,4.000000,4.000000,4.000000,4.000000,4.000000,4.000000,4.000000,4.000000,4.000000,4.000000,100.000000,,,,,,,,,,,,,,,,,,,,,,,,,,,,,,,,,,,,,,,,,,,,,,,,,,,,,,,,,,,,,,,,,,,,,,,,,,,,,,,,,,,,,,
1676060284.563855,1676060284.564954,38.000000,0.000000,4303.589844,4299.743652,4310.384766,4284.871582,4288.589844,4285.641113,4306.410156,4317.307617,4301.153809,4290.128418,4474.358887,4484.615234,4369.102539,4425.512695,0.000000,4.000000,85.000000,,,,0.000000,4.000000,4.000000,4.000000,4.000000,4.000000,4.000000,4.000000,4.000000,4.000000,4.000000,4.000000,4.000000,4.000000,4.000000,100.000000,,,,,,,,,,,,,,,,,,,,,,,,,,,,,,,,,,,,,,,,,,,,,,,,,,,,,,,,,,,,,,,,,,,,,,,,,,,,,,,,,,,,,,
1676060284.571663,1676060284.572763,39.000000,0.000000,4318.077148,4302.948730,4321.410156,4296.410156,4302.307617,4301.153809,4317.692383,4324.102539,4309.487305,4292.563965,4488.846191,4496.922852,4382.948730,4433.974121,0.000000,4.000000,85.000000,,,,0.000000,4.000000,4.000000,4.000000,4.000000,4.000000,4.000000,4.000000,4.000000,4.000000,4.000000,4.000000,4.000000,4.000000,4.000000,100.000000,,,,,,,,,,,,,,,,,,,,,,,,,,,,,,,,,,,,,,,,,,,,,,,,,,,,,,,,,,,,,,,,,,,,,,,,,,,,,,,,,,,,,,
1676060284.579472,1676060284.580471,40.000000,0.000000,4298.846191,4291.410156,4302.307617,4286.922852,4297.692383,4295.897461,4306.794922,4314.102539,4294.743652,4279.615234,4479.102539,4479.230957,4360.897461,4415.128418,0.000000,4.000000,85.000000,,,,0.000000,4.000000,4.000000,4.000000,4.000000,4.000000,4.000000,4.000000,4.000000,4.000000,4.000000,4.000000,4.000000,4.000000,4.000000,100.000000,,,,,,,,,,,,,,,,,,,,,,,,,,,,,,,,,,,,,,,,,,,,,,,,,,,,,,,,,,,,,,,,,,,,,,,,,,,,,,,,,,,,,,
1676060284.587280,1676060284.588280,41.000000,0.000000,4288.589844,4291.410156,4293.846191,4280.512695,4290.769043,4290.384766,4299.358887,4314.487305,4290.769043,4272.692383,4482.307617,4473.589844,4352.563965,4410.384766,0.000000,4.000000,85.000000,,,,0.000000,4.000000,4.000000,4.000000,4.000000,4.000000,4.000000,4.000000,4.000000,4.000000,4.000000,4.000000,4.000000,4.000000,4.000000,100.000000,,,,,,,,,,,,,,,,,,,,,,,,,,,,,,,,,,,,,,,,,,,,,,,,,,,,,,,,,,,,,,,,,,,,,,,,,,,,,,,,,,,,,,
1676060284.595088,1676060284.595988,42.000000,0.000000,4293.589844,4283.077148,4295.128418,4277.563965,4283.846191,4284.230957,4294.615234,4315.000000,4286.666504,4267.051270,4485.384766,4474.487305,4352.179688,4408.077148,0.000000,4.000000,85.000000,,,,0.000000,4.000000,4.000000,4.000000,4.000000,4.000000,4.000000,4.000000,4.000000,4.000000,4.000000,4.000000,4.000000,4.000000,4.000000,100.000000,,,,,,,,,,,,,,,,,,,,,,,,,,,,,,,,,,,,,,,,,,,,,,,,,,,,,,,,,,,,,,,,,,,,,,,,,,,,,,,,,,,,,,
1676060284.602897,1676060284.603797,43.000000,0.000000,4302.563965,4285.000000,4297.948730,4282.307617,4285.641113,4286.153809,4295.512695,4316.410156,4286.538574,4268.974121,4488.846191,4479.358887,4355.641113,4410.384766,0.000000,4.000000,85.000000,,,,0.000000,4.000000,4.000000,4.000000,4.000000,4.000000,4.000000,4.000000,4.000000,4.000000,4.000000,4.000000,4.000000,4.000000,4.000000,100.000000,,,,,,,,,,,,,,,,,,,,,,,,,,,,,,,,,,,,,,,,,,,,,,,,,,,,,,,,,,,,,,,,,,,,,,,,,,,,,,,,,,,,,,
1676060284.610705,1676060284.611505,44.000000,0.000000,4318.205078,4307.436035,4310.256348,4300.256348,4295.000000,4294.487305,4305.384766,4327.692383,4300.897461,4283.333496,4509.871582,4498.461426,4375.512695,4437.179688,0.000000,4.000000,85.000000,,,,0.000000,4.000000,4.000000,4.000000,4.000000,4.000000,4.000000,4.000000,4.000000,4.000000,4.000000,4.000000,4.000000,4.000000,4.000000,100.000000,,,,,,,,,,,,,,,,,,,,,,,,,,,,,,,,,,,,,,,,,,,,,,,,,,,,,,,,,,,,,,,,,,,,,,,,,,,,,,,,,,,,,,
1676060284.618513,1676060284.619314,45.000000,0.000000,4319.230957,4305.769043,4307.563965,4302.307617,4285.769043,4284.871582,4297.436035,4316.025879,4294.358887,4285.000000,4512.948730,4493.974121,4375.769043,4440.256348,0.000000,4.000000,85.000000,,,,0.000000,4.000000,4.000000,4.000000,4.000000,4.000000,4.000000,4.000000,4.000000,4.000000,4.000000,4.000000,4.000000,4.000000,4.000000,100.000000,,,,,,,,,,,,,,,,,,,,,,,,,,,,,,,,,,,,,,,,,,,,,,,,,,,,,,,,,,,,,,,,,,,,,,,,,,,,,,,,,,,,,,
1676060284.626322,1676060284.627022,46.000000,0.000000,4306.025879,4288.589844,4293.333496,4293.461426,4274.615234,4275.256348,4281.538574,4292.820313,4274.871582,4276.666504,4503.077148,4472.820313,4358.205078,4413.974121,0.000000,4.000000,85.000000,,,,0.000000,4.000000,4.000000,4.000000,4.000000,4.000000,4.000000,4.000000,4.000000,4.000000,4.000000,4.000000,4.000000,4.000000,4.000000,100.000000,,,,,,,,,,,,,,,,,1.077867,2.116552,0.771476,1.506868,0.885035,4.854914,5.139448,1.528926,1.508377,0.864752,1.098850,2.442473,0.488535,1.411977,0.788054,1.221343,2.184813,0.752549,1.155214,0.830665,2.016316,0.882145,0.354831,0.586677,0.428222,1.476166,0.479632,0.352795,0.452328,0.419137,0.765867,1.091726,0.548410,0.877635,0.695596,0.786573,3.995678,0.827406,1.179005,0.867204,1.202085,2.162339,0.856739,1.090480,1.034565,0.953943,1.004361,0.777408,1.380629,1.348419,9.481576,5.501409,1.243301,1.685073,1.535716,4.317667,2.077926,0.832101,1.655584,1.337456,6.120691,3.199641,1.240994,1.629915,1.405838,3.023386,2.739785,1.223402,1.772823,1.331990
1676060284.634130,1676060284.634831,47.000000,0.000000,4300.641113,4287.436035,4289.487305,4297.051270,4278.333496,4281.025879,4280.384766,4293.333496,4275.641113,4273.461426,4518.974121,4475.641113,4361.794922,4408.717773,0.000000,4.000000,85.000000,,,,0.000000,4.000000,4.000000,4.000000,4.000000,4.000000,4.000000,4.000000,4.000000,4.000000,4.000000,4.000000,4.000000,4.000000,4.000000,100.000000,,,,,,,,,,,,,,,,,,,,,,,,,,,,,,,,,,,,,,,,,,,,,,,,,,,,,,,,,,,,,,,,,,,,,,,,,,,,,,,,,,,,,,
1676060284.641939,1676060284.642539,48.000000,0.000000,4295.769043,4281.538574,4281.922852,4300.128418,4273.974121,4278.077148,4280.512695,4295.000000,4275.128418,4265.512695,4523.974121,4480.641113,4358.461426,4413.461426,0.000000,4.000000,85.000000,,,,0.000000,4.000000,4.000000,4.000000,4.000000,4.000000,4.000000,4.000000,4.000000,4.000000,4.000000,4.000000,4.000000,4.000000,4.000000,100.000000,,,,,,,,,,,,,,,,,,,,,,,,,,,,,,,,,,,,,,,,,,,,,,,,,,,,,,,,,,,,,,,,,,,,,,,,,,,,,,,,,,,,,,
1676060284.649747,1676060284.650447,49.000000,0.000000,4305.641113,4285.384766,4288.846191,4312.563965,4276.794922,4282.307617,4292.307617,4297.948730,4275.384766,4263.846191,4527.051270,4490.128418,4352.051270,4421.922852,0.000000,4.000000,85.000000,,,,0.000000,4.000000,4.000000,4.000000,4.000000,4.000000,4.000000,4.000000,4.000000,4.000000,4.000000,4.000000,4.000000,4.000000,4.000000,100.000000,,,,,,,,,,,,,,,,,,,,,,,,,,,,,,,,,,,,,,,,,,,,,,,,,,,,,,,,,,,,,,,,,,,,,,,,,,,,,,,,,,,,,,
1676060284.657555,1676060284.658256,50.000000,0.000000,4322.179688,4299.487305,4307.179688,4330.897461,4288.077148,4295.256348,4310.384766,4311.922852,4289.487305,4267.051270,4546.666504,4510.384766,4362.307617,4431.410156,0.000000,4.000000,85.000000,,,,0.000000,4.000000,4.000000,4.000000,4.000000,4.000000,4.000000,4.000000,4.000000,4.000000,4.000000,4.000000,4.000000,4.000000,4.000000,100.000000,,,,,,,,,,,,,,,,,,,,,,,,,,,,,,,,,,,,,,,,,,,,,,,,,,,,,,,,,,,,,,,,,,,,,,,,,,,,,,,,,,,,,,
1676060284.665364,1676060284.666164,51.000000,0.000000,4312.051270,4287.307617,4295.128418,4323.077148,4281.282227,4286.538574,4306.282227,4312.307617,4290.000000,4262.436035,4545.256348,4505.897461,4355.641113,4418.205078,0.000000,4.000000,85.000000,,,,0.000000,4.000000,4.000000,4.000000,4.000000,4.000000,4.000000,4.000000,4.000000,4.000000,4.000000,4.000000,4.000000,4.000000,4.000000,100.000000,,,,,,,,,,,,,,,,,,,,,,,,,,,,,,,,,,,,,,,,,,,,,,,,,,,,,,,,,,,,,,,,,,,,,,,,,,,,,,,,,,,,,,
1676060284.673172,1676060284.673973,52.000000,0.000000,4300.512695,4273.333496,4276.538574,4308.333496,4273.589844,4277.051270,4292.436035,4303.205078,4277.563965,4262.179688,4538.717773,4496.025879,4346.666504,4413.205078,0.000000,4.000000,85.000000,,,,0.000000,4.000000,4.000000,4.000000,4.000000,4.000000,4.000000,4.000000,4.000000,4.000000,4.000000,4.000000,4.000000,4.000000,4.000000,100.000000,,,,,,,,,,,,,,,,,,,,,,,,,,,,,,,,,,,,,,,,,,,,,,,,,,,,,,,,,,,,,,,,,,,,,,,,,,,,,,,,,,,,,,
1676060284.680981,1676060284.681881,53.000000,0.000000,4301.922852,4276.666504,4280.512695,4311.153809,4276.922852,4281.666504,4285.000000,4298.589844,4274.102539,4264.487305,4550.512695,4502.692383,4361.153809,4430.384766,0.000000,4.000000,85.000000,,,,0.000000,4.000000,4.000000,4.000000,4.000000,4.000000,4.000000,4.000000,4.000000,4.000000,4.000000,4.000000,4.000000,4.000000,4.000000,100.000000,,,,,,,,,,,,,,,,,,,,,,,,,,,,,,,,,,,,,,,,,,,,,,,,,,,,,,,,,,,,,,,,,,,,,,,,,,,,,,,,,,,,,,
1676060284.688789,1676060284.689689,54.000000,0.000000,4306.922852,4284.102539,4288.846191,4320.512695,4278.077148,4281.538574,4281.666504,4298.077148,4278.589844,4264.743652,4558.589844,4507.436035,4372.692383,4435.128418,0.000000,4.000000,85.000000,,,,0.000000,4.000000,4.000000,4.000000,4.000000,4.000000,4.000000,4.000000,4.000000,4.000000,4.000000,4.000000,4.000000,4.000000,4.000000,100.000000,,,,,,,,,,,,,,,,,,,,,,,,,,,,,,,,,,,,,,,,,,,,,,,,,,,,,,,,,,,,,,,,,,,,,,,,,,,,,,,,,,,,,,
1676060284.696597,1676060284.697598,55.000000,0.000000,4325.897461,4292.307617,4295.641113,4329.615234,4279.871582,4278.974121,4289.615234,4307.179688,4290.769043,4275.384766,4568.846191,4516.538574,4376.794922,4441.538574,0.000000,4.000000,85.000000,,,,0.000000,4.000000,4.000000,4.000000,4.000000,4.000000,4.000000,4.000000,4.000000,4.000000,4.000000,4.000000,4.000000,4.000000,4.000000,100.000000,,,,,,,,,,,,,,,,,,,,,,,,,,,,,,,,,,,,,,,,,,,,,,,,,,,,,,,,,,,,,,,,,,,,,,,,,,,,,,,,,,,,,,
1676060284.704406,1676060284.705406,56.000000,0.000000,4336.922852,4288.461426,4298.461426,4325.000000,4280.512695,4278.461426,4295.641113,4318.974121,4306.922852,4287.436035,4596.153809,4531.922852,4393.717773,4461.282227,0.000000,4.000000,85.000000,,,,0.000000,4.000000,4.000000,4.000000,4.000000,4.000000,4.000000,4.000000,4.000000,4.000000,4.000000,4.000000,4.000000,4.000000,4.000000,100.000000,,,,,,,,,,,,,,,,,,,,,,,,,,,,,,,,,,,,,,,,,,,,,,,,,,,,,,,,,,,,,,,,,,,,,,,,,,,,,,,,,,,,,,
1676060284.712214,1676060284.713315,57.000000,0.000000,4325.641113,4277.051270,4295.897461,4311.922852,4275.641113,4279.230957,4290.512695,4320.128418,4310.128418,4293.461426,4613.589844,4534.358887,4412.820313,4467.179688,0.000000,4.000000,85.000000,,,,0.000000,4.000000,4.000000,4.000000,4.000000,4.000000,4.000000,4.000000,4.000000,4.000000,4.000000,4.000000,4.000000,4.000000,4.000000,100.000000,,,,,,,,,,,,,,,,,,,,,,,,,,,,,,,,,,,,,,,,,,,,,,,,,,,,,,,,,,,,,,,,,,,,,,,,,,,,,,,,,,,,,,
1676060284.720023,1676060284.721123,58.000000,0.000000,4332.563965,4289.615234,4308.846191,4320.512695,4281.282227,4286.282227,4299.230957,4321.282227,4302.436035,4303.205078,4617.051270,4538.205078,4417.820313,4470.384766,0.000000,4.000000,85.000000,,,,0.000000,4.000000,4.000000,4.000000,4.000000,4.000000,4.000000,4.000000,4.000000,4.000000,4.000000,4.000000,4.000000,4.000000,4.000000,100.000000,,,,,,,,,,,,,,,,,,,,,,,,,,,,,,,,,,,,,,,,,,,,,,,,,,,,,,,,,,,,,,,,,,,,,,,,,,,,,,,,,,,,,,
1676060284.727831,1676060284.729031,59.000000,0.000000,4354.487305,4314.102539,4323.077148,4338.974121,4292.948730,4292.051270,4308.717773,4318.333496,4297.436035,4303.205078,4613.205078,4542.179688,4409.230957,4475.384766,0.000000,4.000000,85.000000,,,,0.000000,4.000000,4.000000,4.000000,4.000000,4.000000,4.000000,4.000000,4.000000,4.000000,4.000000,4.000000,4.000000,4.000000,4.000000,100.000000,,,,,,,,,,,,,,,,,,,,,,,,,,,,,,,,,,,,,,,,,,,,,,,,,,,,,,,,,,,,,,,,,,,,,,,,,,,,,,,,,,,,,,
1676060284.735639,1676060284.736840,60.000000,0.000000,4345.384766,4314.102539,4314.230957,4335.512695,4292.307617,4293.461426,4297.820313,4306.922852,4292.563965,4287.051270,4590.128418,4527.820313,4385.512695,4459.871582,0.000000,4.000000,85.000000,,,,0.000000,4.000000,4.000000,4.000000,4.000000,4.000000,4.000000,4.000000,4.000000,4.000000,4.000000,4.000000,4.000000,4.000000,4.000000,100.000000,,,,,,,,,,,,,,,,,,,,,,,,,,,,,,,,,,,,,,,,,,,,,,,,,,,,,,,,,,,,,,,,,,,,,,,,,,,,,,,,,,,,,,
1676060284.743448,1676060284.744548,61.000000,0.000000,4328.589844,4310.897461,4311.410156,4331.666504,4287.563965,4294.615234,4296.538574,4308.846191,4287.692383,4274.230957,4569.487305,4515.897461,4366.666504,4447.051270,0.000000,4.000000,85.000000,,,,0.000000,4.000000,4.000000,4.000000,4.000000,4.000000,4.000000,4.000000,4.000000,4.000000,4.000000,4.000000,4.000000,4.000000,4.000000,100.000000,,,,,,,,,,,,,,,,,,,,,,,,,,,,,,,,,,,,,,,,,,,,,,,,,,,,,,,,,,,,,,,,,,,,,,,,,,,,,,,,,,,,,,
1676060284.751256,1676060284.752357,62.000000,0.000000,4325.128418,4307.692383,4312.179688,4329.358887,4281.410156,4285.000000,4296.282227,4307.436035,4282.563965,4268.333496,4554.230957,4510.384766,4357.179688,4440.512695,0.000000,4.000000,85.000000,,,,0.000000,4.000000,4.000000,4.000000,4.000000,4.000000,4.000000,4.000000,4.000000,4.000000,4.000000,4.000000,4.000000,4.000000,4.000000,100.000000,,,,,,,,,,,,,,,,,1.310723,1.887818,0.701712,1.321882,1.018137,5.710643,4.954772,1.636445,1.480849,0.992920,1.240640,2.235109,0.465377,1.295562,0.920037,1.170160,1.889033,0.778609,1.155714,0.951147,2.044718,0.712098,0.356035,0.539231,0.473783,1.191495,0.443830,0.335252,0.424657,0.464399,0.754112,0.931738,0.454598,0.826723,0.753273,0.728588,3.380884,0.860718,1.128549,0.929021,1.386597,1.892171,0.648162,1.006066,1.049784,1.122384,0.919041,0.642964,1.429422,1.397073,9.276508,4.924672,0.975331,1.498943,1.699295,4.690491,2.056513,0.666077,1.508182,1.489619,7.152144,2.962126,0.921778,1.348336,1.622632,3.705741,2.380137,1.074214,1.554032,1.496578
1676060284.759064,1676060284.760065,63.000000,0.000000,4323.974121,4294.871582,4301.794922,4314.487305,4274.743652,4273.461426,4285.384766,4297.436035,4278.077148,4262.436035,4537.051270,4503.717773,4353.846191,4435.769043,0.000000,4.000000,85.000000,,,,0.000000,4.000000,4.000000,4.000000,4.000000,4.000000,4.000000,4.000000,4.000000,4.000000,4.000000,4.000000,4.000000,4.000000,4.000000,100.000000,,,,,,,,,,,,,,,,,,,,,,,,,,,,,,,,,,,,,,,,,,,,,,,,,,,,,,,,,,,,,,,,,,,,,,,,,,,,,,,,,,,,,,
1676060284.766873,1676060284.767874,64.000000,0.000000,4333.846191,4299.358887,4303.717773,4315.128418,4276.922852,4277.307617,4286.282227,4303.589844,4279.487305,4261.282227,4538.077148,4510.128418,4361.922852,4452.051270,2518.000000,4.000000,85.000000,,,,0.000000,4.000000,4.000000,4.000000,4.000000,4.000000,4.000000,4.000000,4.000000,4.000000,4.000000,4.000000,4.000000,4.000000,4.000000,100.000000,,,,,,,,,,,,,,,,,,,,,,,,,,,,,,,,,,,,,,,,,,,,,,,,,,,,,,,,,,,,,,,,,,,,,,,,,,,,,,,,,,,,,,
1676060284.774681,1676060284.775582,65.000000,0.000000,4342.179688,4307.563965,4310.128418,4326.666504,4282.563965,4279.487305,4290.000000,4307.179688,4281.282227,4267.179688,4539.615234,4511.282227,4363.461426,4459.615234,2473.000000,4.000000,85.000000,,,,0.000000,4.000000,4.000000,4.000000,4.000000,4.000000,4.000000,4.000000,4.000000,4.000000,4.000000,4.000000,4.000000,4.000000,4.000000,100.000000,,,,,,,,,,,,,,,,,,,,,,,,,,,,,,,,,,,,,,,,,,,,,,,,,,,,,,,,,,,,,,,,,,,,,,,,,,,,,,,,,,,,,,
1676060284.782490,1676060284.783391,66.000000,0.000000,4334.358887,4310.128418,4307.307617,4330.512695,4284.871582,4274.615234,4286.153809,4300.897461,4283.717773,4276.538574,4524.230957,4502.948730,4350.512695,4439.230957,2389.000000,4.000000,85.000000,,,,0.000000,4.000000,4.000000,4.000000,4.000000,4.000000,4.000000,4.000000,4.000000,4.000000,4.000000,4.000000,4.000000,4.000000,4.000000,100.000000,,,,,,,,,,,,,,,,,,,,,,,,,,,,,,,,,,,,,,,,,,,,,,,,,,,,,,,,,,,,,,,,,,,,,,,,,,,,,,,,,,,,,,
1676060284.790298,1676060284.791099,67.000000,0.000000,4341.410156,4328.077148,4317.563965,4342.692383,4292.563965,4286.922852,4293.461426,4308.717773,4295.641113,4289.871582,4527.307617,4518.589844,4357.563965,4444.102539,2473.000000,4.000000,85.000000,,,,0.000000,4.000000,4.000000,4.000000,4.000000,4.000000,4.000000,4.000000,4.000000,4.000000,4.000000,4.000000,4.000000,4.000000,4.000000,100.000000,,,,,,,,,,,,,,,,,,,,,,,,,,,,,,,,,,,,,,,,,,,,,,,,,,,,,,,,,,,,,,,,,,,,,,,,,,,,,,,,,,,,,,
1676060284.798106,1676060284.798908,68.000000,0.000000,4366.153809,4336.538574,4333.589844,4352.436035,4298.461426,4298.077148,4301.666504,4320.000000,4307.563965,4300.000000,4554.102539,4539.743652,4389.871582,4477.179688,2434.000000,4.000000,85.000000,,,,0.000000,4.000000,4.000000,4.000000,4.000000,4.000000,4.000000,4.000000,4.000000,4.000000,4.000000,4.000000,4.000000,4.000000,4.000000,100.000000,,,,,,,,,,,,,,,,,,,,,,,,,,,,,,,,,,,,,,,,,,,,,,,,,,,,,,,,,,,,,,,,,,,,,,,,,,,,,,,,,,,,,,
1676060284.805915,1676060284.806616,69.000000,0.000000,4365.384766,4308.717773,4327.179688,4338.846191,4289.743652,4290.641113,4295.256348,4312.179688,4301.282227,4295.769043,4558.205078,4532.820313,4403.205078,4485.384766,2373.000000,4.000000,85.000000,,,,0.000000,4.000000,4.000000,4.000000,4.000000,4.000000,4.000000,4.000000,4.000000,4.000000,4.000000,4.000000,4.000000,4.000000,4.000000,100.000000,,,,,,,,,,,,,,,,,,,,,,,,,,,,,,,,,,,,,,,,,,,,,,,,,,,,,,,,,,,,,,,,,,,,,,,,,,,,,,,,,,,,,,
1676060284.813723,1676060284.814425,70.000000,0.000000,4342.307617,4278.205078,4313.589844,4315.384766,4277.563965,4307.820313,4290.897461,4299.102539,4283.205078,4278.589844,4539.743652,4515.769043,4392.692383,4466.025879,2226.000000,4.000000,85.000000,,,,0.000000,4.000000,4.000000,4.000000,4.000000,4.000000,4.000000,4.000000,4.000000,4.000000,4.000000,4.000000,4.000000,4.000000,4.000000,100.000000,,,,,,,,,,,,,,,,,,,,,,,,,,,,,,,,,,,,,,,,,,,,,,,,,,,,,,,,,,,,,,,,,,,,,,,,,,,,,,,,,,,,,,
1676060284.821531,1676060284.822133,71.000000,0.000000,4339.358887,4267.179688,4307.948730,4303.461426,4278.589844,4350.128418,4296.666504,4296.538574,4279.358887,4268.846191,4535.897461,4513.077148,4398.333496,4457.820313,2219.000000,4.000000,85.000000,,,,0.000000,4.000000,4.000000,4.000000,4.000000,4.000000,4.000000,4.000000,4.000000,4.000000,4.000000,4.000000,4.000000,4.000000,4.000000,100.000000,,,,,,,,,,,,,,,,,,,,,,,,,,,,,,,,,,,,,,,,,,,,,,,,,,,,,,,,,,,,,,,,,,,,,,,,,,,,,,,,,,,,,,
1676060284.829340,1676060284.830042,72.000000,0.000000,4344.743652,4252.436035,4297.436035,4295.384766,4282.179688,4357.436035,4294.615234,4294.230957,4280.769043,4263.846191,4542.436035,4508.589844,4415.384766,4464.615234,2276.000000,4.000000,85.000000,,,,0.000000,4.000000,4.000000,4.000000,4.000000,4.000000,4.000000,4.000000,4.000000,4.000000,4.000000,4.000000,4.000000,4.000000,4.000000,100.000000,,,,,,,,,,,,,,,,,,,,,,,,,,,,,,,,,,,,,,,,,,,,,,,,,,,,,,,,,,,,,,,,,,,,,,,,,,,,,,,,,,,,,,
1676060284.837148,1676060284.837850,73.000000,0.000000,4339.230957,4235.641113,4292.436035,4289.230957,4281.538574,4337.179688,4293.077148,4296.153809,4277.563965,4262.307617,4549.230957,4504.358887,4425.897461,4472.563965,2252.000000,4.000000,85.000000,,,,0.000000,4.000000,4.000000,4.000000,4.000000,4.000000,4.000000,4.000000,4.000000,4.000000,4.000000,4.000000,4.000000,4.000000,4.000000,100.000000,,,,,,,,,,,,,,,,,,,,,,,,,,,,,,,,,,,,,,,,,,,,,,,,,,,,,,,,,,,,,,,,,,,,,,,,,,,,,,,,,,,,,,
1676060284.844957,1676060284.845659,74.000000,0.000000,4336.794922,4229.358887,4301.025879,4288.077148,4282.051270,4334.358887,4302.051270,4312.948730,4292.179688,4294.743652,4566.153809,4523.461426,4446.922852,4484.102539,2710.000000,4.000000,85.000000,,,,0.000000,4.000000,4.000000,4.000000,4.000000,4.000000,4.000000,4.000000,4.000000,4.000000,4.000000,4.000000,4.000000,4.000000,4.000000,100.000000,,,,,,,,,,,,,,,,,,,,,,,,,,,,,,,,,,,,,,,,,,,,,,,,,,,,,,,,,,,,,,,,,,,,,,,,,,,,,,,,,,,,,,
1676060284.852765,1676060284.853367,75.000000,0.000000,4339.102539,4228.205078,4307.179688,4289.230957,4281.153809,4333.846191,4306.282227,4330.256348,4315.641113,4324.102539,4580.641113,4538.846191,4465.512695,4491.153809,2902.000000,4.000000,85.000000,,,,0.000000,4.000000,4.000000,4.000000,4.000000,4.000000,4.000000,4.000000,4.000000,4.000000,4.000000,4.000000,4.000000,4.000000,4.000000,100.000000,,,,,,,,,,,,,,,,,,,,,,,,,,,,,,,,,,,,,,,,,,,,,,,,,,,,,,,,,,,,,,,,,,,,,,,,,,,,,,,,,,,,,,
1676060284.860573,1676060284.861275,76.000000,0.000000,4343.974121,4234.230957,4311.538574,4293.974121,4280.128418,4321.922852,4301.282227,4326.922852,4317.179688,4313.077148,4576.282227,4534.230957,4459.743652,4487.820313,3109.000000,4.000000,85.000000,,,,0.000000,4.000000,4.000000,4.000000,4.000000,4.000000,4.000000,4.000000,4.000000,4.000000,4.000000,4.000000,4.000000,4.000000,4.000000,100.000000,,,,,,,,,,,,,,,,,,,,,,,,,,,,,,,,,,,,,,,,,,,,,,,,,,,,,,,,,,,,,,,,,,,,,,,,,,,,,,,,,,,,,,
1676060284.868382,1676060284.869084,77.000000,0.000000,4337.820313,4227.436035,4307.563965,4285.641113,4273.461426,4313.077148,4291.153809,4313.205078,4301.153809,4291.538574,4555.384766,4519.871582,4437.948730,4472.436035,3228.000000,4.000000,85.000000,,,,0.000000,4.000000,4.000000,4.000000,4.000000,4.000000,4.000000,4.000000,4.000000,4.000000,4.000000,4.000000,4.000000,4.000000,4.000000,100.000000,,,,,,,,,,,,,,,,,,,,,,,,,,,,,,,,,,,,,,,,,,,,,,,,,,,,,,,,,,,,,,,,,,,,,,,,,,,,,,,,,,,,,,
1676060284.876190,1676060284.876992,78.000000,0.000000,4321.666504,4211.538574,4295.000000,4268.974121,4261.666504,4305.256348,4282.436035,4308.461426,4290.897461,4282.307617,4539.358887,4508.333496,4423.846191,4457.179688,2710.000000,4.000000,85.000000,,,,0.000000,4.000000,4.000000,4.000000,4.000000,4.000000,4.000000,4.000000,4.000000,4.000000,4.000000,4.000000,4.000000,4.000000,4.000000,100.000000,1.000000,75.000000,4.000000,4.000000,3.000000,4.000000,3.000000,4.000000,4.000000,4.000000,4.000000,4.000000,4.000000,3.000000,4.000000,4.000000,1.549831,1.641055,0.691811,1.189061,1.146065,6.367033,4.806749,1.704126,1.471725,1.108477,1.427851,2.040937,0.467866,1.185724,1.045975,1.323988,1.699721,0.806307,1.185575,1.041327,1.908543,0.610698,0.349800,0.510605,0.513272,0.925558,0.423362,0.303135,0.417296,0.518055,0.771467,0.735273,0.351198,0.819931,0.804638,0.723771,2.662061,0.977057,1.139892,0.971794,1.561252,1.508124,0.546145,0.984128,1.050390,1.331678,0.811191,0.577504,1.494545,1.403704,8.597301,4.029060,0.861664,1.412226,1.813868,5.046331,1.890354,0.620887,1.439318,1.606323,7.910110,2.533877,0.752679,1.154012,1.807366,4.217591,1.945623,0.996640,1.391185,1.652291
1676060284.883999,1676060284.884801,79.000000,0.000000,4328.077148,4231.666504,4301.666504,4278.846191,4269.615234,4306.282227,4289.230957,4309.871582,4293.717773,4282.307617,4538.077148,4511.282227,4427.051270,4462.051270,2902.000000,4.000000,85.000000,,,,0.000000,4.000000,4.000000,4.000000,4.000000,4.000000,4.000000,4.000000,4.000000,4.000000,4.000000,4.000000,4.000000,4.000000,4.000000,100.000000,,,,,,,,,,,,,,,,,,,,,,,,,,,,,,,,,,,,,,,,,,,,,,,,,,,,,,,,,,,,,,,,,,,,,,,,,,,,,,,,,,,,,,
1676060284.891807,1676060284.892709,80.000000,0.000000,4355.000000,4278.333496,4321.410156,4313.461426,4292.692383,4319.743652,4307.307617,4319.102539,4304.871582,4286.282227,4543.205078,4527.307617,4427.307617,4477.051270,3109.000000,4.000000,85.000000,,,,0.000000,4.000000,4.000000,4.000000,4.000000,4.000000,4.000000,4.000000,4.000000,4.000000,4.000000,4.000000,4.000000,4.000000,4.000000,100.000000,,,,,,,,,,,,,,,,,,,,,,,,,,,,,,,,,,,,,,,,,,,,,,,,,,,,,,,,,,,,,,,,,,,,,,,,,,,,,,,,,,,,,,
1676060284.899615,1676060284.900518,81.000000,0.000000,4351.025879,4280.128418,4314.871582,4316.410156,4291.282227,4318.846191,4302.948730,4322.948730,4300.641113,4283.717773,4541.794922,4524.102539,4409.230957,4469.871582,3228.000000,4.000000,85.000000,,,,0.000000,4.000000,4.000000,4.000000,4.000000,4.000000,4.000000,4.000000,4.000000,4.000000,4.000000,4.000000,4.000000,4.000000,4.000000,100.000000,,,,,,,,,,,,,,,,,,,,,,,,,,,,,,,,,,,,,,,,,,,,,,,,,,,,,,,,,,,,,,,,,,,,,,,,,,,,,,,,,,,,,,
1676060284.907424,1676060284.908426,82.000000,0.000000,4326.794922,4252.436035,4299.743652,4292.563965,4279.743652,4308.077148,4288.077148,4312.820313,4279.487305,4270.769043,4534.871582,4501.153809,4393.974121,4453.974121,2710.000000,4.000000,85.000000,,,,0.000000,4.000000,4.000000,4.000000,4.000000,4.000000,4.000000,4.000000,4.000000,4.000000,4.000000,4.000000,4.000000,4.000000,4.000000,100.000000,,,,,,,,,,,,,,,,,,,,,,,,,,,,,,,,,,,,,,,,,,,,,,,,,,,,,,,,,,,,,,,,,,,,,,,,,,,,,,,,,,,,,,
1676060284.915232,1676060284.916234,83.000000,0.000000,4340.641113,4270.641113,4314.871582,4302.820313,4290.384766,4317.436035,4305.000000,4322.948730,4282.948730,4279.871582,4547.051270,4514.871582,4412.948730,4483.205078,2902.000000,4.000000,85.000000,,,,0.000000,4.000000,4.000000,4.000000,4.000000,4.000000,4.000000,4.000000,4.000000,4.000000,4.000000,4.000000,4.000000,4.000000,4.000000,100.000000,,,,,,,,,,,,,,,,,,,,,,,,,,,,,,,,,,,,,,,,,,,,,,,,,,,,,,,,,,,,,,,,,,,,,,,,,,,,,,,,,,,,,,
1676060284.923041,1676060284.924143,84.000000,0.000000,4369.358887,4301.410156,4337.820313,4330.000000,4299.230957,4331.538574,4324.487305,4349.743652,4307.436035,4303.333496,4568.461426,4552.820313,4434.102539,4529.358887,3109.000000,4.000000,85.000000,,,,0.000000,4.000000,4.000000,4.000000,4.000000,4.000000,4.000000,4.000000,4.000000,4.000000,4.000000,4.000000,4.000000,4.000000,4.000000,100.000000,,,,,,,,,,,,,,,,,,,,,,,,,,,,,,,,,,,,,,,,,,,,,,,,,,,,,,,,,,,,,,,,,,,,,,,,,,,,,,,,,,,,,,
1676060284.930849,1676060284.931951,85.000000,0.000000,4373.974121,4297.307617,4344.615234,4331.282227,4297.307617,4324.102539,4317.948730,4358.077148,4318.077148,4307.051270,4565.128418,4559.230957,4424.743652,4541.794922,3228.000000,4.000000,85.000000,,,,0.000000,4.000000,4.000000,4.000000,4.000000,4.000000,4.000000,4.000000,4.000000,4.000000,4.000000,4.000000,4.000000,4.000000,4.000000,100.000000,,,,,,,,,,,,,,,,,,,,,,,,,,,,,,,,,,,,,,,,,,,,,,,,,,,,,,,,,,,,,,,,,,,,,,,,,,,,,,,,,,,,,,
1676060284.938657,1676060284.939660,86.000000,0.000000,4362.563965,4281.538574,4336.025879,4316.538574,4291.153809,4311.666504,4306.666504,4344.743652,4304.358887,4297.051270,4542.948730,4536.794922,4409.487305,4537.948730,2710.000000,4.000000,85.000000,,,,0.000000,4.000000,4.000000,4.000000,4.000000,4.000000,4.000000,4.000000,4.000000,4.000000,4.000000,4.000000,4.000000,4.000000,4.000000,100.000000,,,,,,,,,,,,,,,,,,,,,,,,,,,,,,,,,,,,,,,,,,,,,,,,,,,,,,,,,,,,,,,,,,,,,,,,,,,,,,,,,,,,,,
1676060284.946466,1676060284.947468,87.000000,0.000000,4356.666504,4278.589844,4328.461426,4307.179688,4286.794922,4308.846191,4304.358887,4332.692383,4293.205078,4291.922852,4541.282227,4529.615234,4413.846191,4538.589844,2902.000000,4.000000,85.000000,,,,0.000000,4.000000,4.000000,4.000000,4.000000,4.000000,4.000000,4.000000,4.000000,4.000000,4.000000,4.000000,4.000000,4.000000,4.000000,100.000000,,,,,,,,,,,,,,,,,,,,,,,,,,,,,,,,,,,,,,,,,,,,,,,,,,,,,,,,,,,,,,,,,,,,,,,,,,,,,,,,,,,,,,
1676060284.954274,1676060284.955177,88.000000,0.000000,4361.282227,4286.025879,4332.820313,4309.871582,4300.641113,4303.589844,4302.820313,4328.717773,4301.153809,4293.974121,4554.358887,4542.179688,4426.153809,4544.615234,3109.000000,4.000000,85.000000,,,,0.000000,4.000000,4.000000,4.000000,4.000000,4.000000,4.000000,4.000000,4.000000,4.000000,4.000000,4.000000,4.000000,4.000000,4.000000,100.000000,,,,,,,,,,,,,,,,,,,,,,,,,,,,,,,,,,,,,,,,,,,,,,,,,,,,,,,,,,,,,,,,,,,,,,,,,,,,,,,,,,,,,,
1676060284.962083,1676060284.962985,89.000000,0.000000,4371.922852,4300.256348,4334.743652,4321.922852,4325.384766,4301.794922,4302.820313,4328.589844,4301.410156,4282.179688,4550.256348,4541.538574,4426.794922,4547.436035,3228.000000,4.000000,85.000000,,,,0.000000,4.000000,4.000000,4.000000,4.000000,4.000000,4.000000,4.000000,4.000000,4.000000,4.000000,4.000000,4.000000,4.000000,4.000000,100.000000,,,,,,,,,,,,,,,,,,,,,,,,,,,,,,,,,,,,,,,,,,,,,,,,,,,,,,,,,,,,,,,,,,,,,,,,,,,,,,,,,,,,,,
1676060284.969891,1676060284.970694,90.000000,0.000000,4368.717773,4302.179688,4327.948730,4321.410156,4330.769043,4306.794922,4304.871582,4327.051270,4282.820313,4267.179688,4517.307617,4519.102539,4393.333496,4519.358887,2710.000000,4.000000,85.000000,,,,0.000000,4.000000,4.000000,4.000000,4.000000,4.000000,4.000000,4.000000,4.000000,4.000000,4.000000,4.000000,4.000000,4.000000,4.000000,100.000000,,,,,,,,,,,,,,,,,,,,,,,,,,,,,,,,,,,,,,,,,,,,,,,,,,,,,,,,,,,,,,,,,,,,,,,,,,,,,,,,,,,,,,
1676060284.977699,1676060284.978602,91.000000,0.000000,4348.974121,4291.538574,4320.512695,4307.051270,4322.436035,4308.077148,4298.333496,4314.230957,4272.820313,4267.820313,4484.358887,4498.717773,4356.922852,4480.000000,2902.000000,4.000000,85.000000,,,,0.000000,4.000000,4.000000,4.000000,4.000000,4.000000,4.000000,4.000000,4.000000,4.000000,4.000000,4.000000,4.000000,4.000000,4.000000,100.000000,,,,,,,,,,,,,,,,,,,,,,,,,,,,,,,,,,,,,,,,,,,,,,,,,,,,,,,,,,,,,,,,,,,,,,,,,,,,,,,,,,,,,,
1676060284.985508,1676060284.986410,92.000000,0.000000,4356.282227,4302.436035,4329.230957,4314.102539,4326.666504,4308.461426,4299.358887,4313.205078,4287.692383,4282.692383,4501.794922,4511.922852,4383.333496,4497.436035,3109.000000,4.000000,85.000000,,,,0.000000,4.000000,4.000000,4.000000,4.000000,4.000000,4.000000,4.000000,4.000000,4.000000,4.000000,4.000000,4.000000,4.000000,4.000000,100.000000,,,,,,,,,,,,,,,,,,,,,,,,,,,,,,,,,,,,,,,,,,,,,,,,,,,,,,,,,,,,,,,,,,,,,,,,,,,,,,,,,,,,,,
1676060284.993316,1676060284.994319,93.000000,0.000000,4372.820313,4305.128418,4334.358887,4318.461426,4327.563965,4306.538574,4305.897461,4322.436035,4298.077148,4293.717773,4533.205078,4526.410156,4423.717773,4528.974121,3228.000000,4.000000,85.000000,,,,0.000000,4.000000,4.000000,4.000000,4.000000,4.000000,4.000000,4.000000,4.000000,4.000000,4.000000,4.000000,4.000000,4.000000,4.000000,100.000000,,,,,,,,,,,,,,,,,,,,,,,,,,,,,,,,,,,,,,,,,,,,,,,,,,,,,,,,,,,,,,,,,,,,,,,,,,,,,,,,,,,,,,
1676060285.001124,1676060285.002127,94.000000,0.000000,4355.000000,4278.461426,4312.820313,4296.153809,4310.897461,4294.487305,4294.358887,4305.384766,4280.769043,4274.615234,4511.666504,4499.743652,4402.948730,4501.282227,2710.000000,4.000000,85.000000,,,,0.000000,4.000000,4.000000,4.000000,4.000000,4.000000,4.000000,4.000000,4.000000,4.000000,4.000000,4.000000,4.000000,4.000000,4.000000,100.000000,,,,,,,,,,,,,,,,,1.786254,1.429999,0.722999,1.130776,1.234882,6.614388,4.475186,1.713093,1.470352,1.178583,1.703997,1.848321,0.489944,1.109942,1.133385,1.584591,1.599935,0.824212,1.230018,1.074419,1.688480,0.572135,0.336925,0.499291,0.534735,0.804591,0.453946,0.263108,0.418767,0.560636,0.829440,0.573362,0.273853,0.851235,0.826427,0.795122,1.991783,1.127743,1.202381,0.975255,1.673812,1.097177,0.530283,1.020636,1.017600,1.502420,0.713409,0.589098,1.578308,1.342929,7.657189,3.128474,0.850952,1.404212,1.841204,5.257005,1.647343,0.669474,1.454217,1.642281,8.059998,2.054327,0.691059,1.056524,1.902273,4.440319,1.546859,0.954989,1.300306,1.756988
1676060285.008933,1676060285.010036,95.000000,0.000000,4344.487305,4273.077148,4301.538574,4292.820313,4304.871582,4293.333496,4286.794922,4294.358887,4269.358887,4248.974121,4491.410156,4485.769043,4385.641113,4479.615234,2902.000000,4.000000,85.000000,,,,0.000000,4.000000,4.000000,4.000000,4.000000,4.000000,4.000000,4.000000,4.000000,4.000000,4.000000,4.000000,4.000000,4.000000,4.000000,100.000000,,,,,,,,,,,,,,,,,,,,,,,,,,,,,,,,,,,,,,,,,,,,,,,,,,,,,,,,,,,,,,,,,,,,,,,,,,,,,,,,,,,,,,
1676060285.016741,1676060285.017944,96.000000,0.000000,4370.256348,4299.871582,4330.000000,4319.230957,4322.051270,4310.641113,4310.000000,4326.025879,4300.512695,4271.666504,4528.589844,4527.051270,4420.128418,4513.717773,3109.000000,4.000000,85.000000,,,,0.000000,4.000000,4.000000,4.000000,4.000000,4.000000,4.000000,4.000000,4.000000,4.000000,4.000000,4.000000,4.000000,4.000000,4.000000,100.000000,,,,,,,,,,,,,,,,,,,,,,,,,,,,,,,,,,,,,,,,,,,,,,,,,,,,,,,,,,,,,,,,,,,,,,,,,,,,,,,,,,,,,,
1676060285.024549,1676060285.025752,97.000000,0.000000,4368.589844,4300.384766,4339.102539,4313.974121,4322.820313,4310.512695,4320.256348,4340.897461,4320.641113,4307.307617,4541.538574,4541.794922,4426.794922,4523.717773,3228.000000,4.000000,85.000000,,,,0.000000,4.000000,4.000000,4.000000,4.000000,4.000000,4.000000,4.000000,4.000000,4.000000,4.000000,4.000000,4.000000,4.000000,4.000000,100.000000,,,,,,,,,,,,,,,,,,,,,,,,,,,,,,,,,,,,,,,,,,,,,,,,,,,,,,,,,,,,,,,,,,,,,,,,,,,,,,,,,,,,,,
1676060285.032358,1676060285.033561,98.000000,0.000000,4333.717773,4276.410156,4308.205078,4286.666504,4299.743652,4290.512695,4295.769043,4311.025879,4288.717773,4291.153809,4501.922852,4498.333496,4390.512695,4486.153809,2710.000000,4.000000,85.000000,,,,0.000000,4.000000,4.000000,4.000000,4.000000,4.000000,4.000000,4.000000,4.000000,4.000000,4.000000,4.000000,4.000000,4.000000,4.000000,100.000000,,,,,,,,,,,,,,,,,,,,,,,,,,,,,,,,,,,,,,,,,,,,,,,,,,,,,,,,,,,,,,,,,,,,,,,,,,,,,,,,,,,,,,
1676060285.040166,1676060285.041369,99.000000,0.000000,4338.333496,4289.871582,4308.333496,4298.846191,4304.487305,4292.051270,4291.794922,4300.769043,4276.666504,4269.871582,4495.256348,4487.820313,4385.897461,4477.436035,2902.000000,4.000000,85.000000,,,,0.000000,4.000000,4.000000,4.000000,4.000000,4.000000,4.000000,4.000000,4.000000,4.000000,4.000000,4.000000,4.000000,4.000000,4.000000,100.000000,,,,,,,,,,,,,,,,,,,,,,,,,,,,,,,,,,,,,,,,,,,,,,,,,,,,,,,,,,,,,,,,,,,,,,,,,,,,,,,,,,,,,,
1676060285.047975,1676060285.049078,100.000000,0.000000,4361.538574,4318.974121,4331.025879,4322.436035,4320.897461,4308.333496,4309.743652,4315.897461,4304.102539,4287.692383,4515.512695,4513.846191,4401.025879,4494.871582,3109.000000,4.000000,85.000000,,,,0.000000,4.000000,4.000000,4.000000,4.000000,4.000000,4.000000,4.000000,4.000000,4.000000,4.000000,4.000000,4.000000,4.000000,4.000000,100.000000,,,,,,,,,,,,,,,,,,,,,,,,,,,,,,,,,,,,,,,,,,,,,,,,,,,,,,,,,,,,,,,,,,,,,,,,,,,,,,,,,,,,,,
1676060285.055783,1676060285.056986,101.000000,0.000000,4355.128418,4324.743652,4321.025879,4315.641113,4307.563965,4304.358887,4303.077148,4311.153809,4302.948730,4288.974121,4496.794922,4503.077148,4386.025879,4486.025879,3228.000000,4.000000,85.000000,,,,0.000000,4.000000,4.000000,4.000000,4.000000,4.000000,4.000000,4.000000,4.000000,4.000000,4.000000,4.000000,4.000000,4.000000,4.000000,100.000000,,,,,,,,,,,,,,,,,,,,,,,,,,,,,,,,,,,,,,,,,,,,,,,,,,,,,,,,,,,,,,,,,,,,,,,,,,,,,,,,,,,,,,
1676060285.063591,1676060285.064795,102.000000,0.000000,4338.846191,4324.358887,4305.897461,4306.922852,4293.846191,4292.307617,4290.000000,4304.102539,4284.743652,4275.128418,4471.666504,4481.025879,4360.769043,4463.461426,2710.000000,4.000000,85.000000,,,,0.000000,4.000000,4.000000,4.000000,4.000000,4.000000,4.000000,4.000000,4.000000,4.000000,4.000000,4.000000,4.000000,4.000000,4.000000,100.000000,,,,,,,,,,,,,,,,,,,,,,,,,,,,,,,,,,,,,,,,,,,,,,,,,,,,,,,,,,,,,,,,,,,,,,,,,,,,,,,,,,,,,,
1676060285.071400,1676060285.072703,103.000000,0.000000,4337.179688,4329.615234,4313.077148,4311.153809,4301.794922,4292.563965,4297.563965,4310.641113,4291.282227,4277.820313,4481.410156,4485.000000,4360.769043,4460.384766,2902.000000,4.000000,85.000000,,,,0.000000,4.000000,4.000000,4.000000,4.000000,4.000000,4.000000,4.000000,4.000000,4.000000,4.000000,4.000000,4.000000,4.000000,4.000000,100.000000,,,,,,,,,,,,,,,,,,,,,,,,,,,,,,,,,,,,,,,,,,,,,,,,,,,,,,,,,,,,,,,,,,,,,,,,,,,,,,,,,,,,,,
1676060285.079208,1676060285.080511,104.000000,0.000000,4337.948730,4328.205078,4313.974121,4309.615234,4308.333496,4298.077148,4303.333496,4310.000000,4293.846191,4270.897461,4480.641113,4483.589844,4360.769043,4461.538574,3109.000000,4.000000,85.000000,,,,0.000000,4.000000,4.000000,4.000000,4.000000,4.000000,4.000000,4.000000,4.000000,4.000000,4.000000,4.000000,4.000000,4.000000,4.000000,100.000000,,,,,,,,,,,,,,,,,,,,,,,,,,,,,,,,,,,,,,,,,,,,,,,,,,,,,,,,,,,,,,,,,,,,,,,,,,,,,,,,,,,,,,
1676060285.087016,1676060285.088420,105.000000,0.000000,4341.025879,4333.589844,4309.743652,4311.666504,4309.487305,4308.974121,4308.461426,4314.230957,4291.025879,4270.256348,4469.102539,4482.563965,4354.615234,4457.692383,3228.000000,4.000000,85.000000,,,,0.000000,4.000000,4.000000,4.000000,4.000000,4.000000,4.000000,4.000000,4.000000,4.000000,4.000000,4.000000,4.000000,4.000000,4.000000,100.000000,,,,,,,,,,,,,,,,,,,,,,,,,,,,,,,,,,,,,,,,,,,,,,,,,,,,,,,,,,,,,,,,,,,,,,,,,,,,,,,,,,,,,,
1676060285.094825,1676060285.096228,106.000000,0.000000,4336.922852,4335.641113,4310.769043,4309.230957,4306.410156,4307.436035,4311.538574,4320.256348,4298.077148,4286.922852,4473.974121,4489.487305,4354.358887,4452.051270,2710.000000,4.000000,85.000000,,,,0.000000,4.000000,4.000000,4.000000,4.000000,4.000000,4.000000,4.000000,4.000000,4.000000,4.000000,4.000000,4.000000,4.000000,4.000000,100.000000,,,,,,,,,,,,,,,,,,,,,,,,,,,,,,,,,,,,,,,,,,,,,,,,,,,,,,,,,,,,,,,,,,,,,,,,,,,,,,,,,,,,,,
1676060285.102633,1676060285.104137,107.000000,0.000000,4322.692383,4314.871582,4306.538574,4289.871582,4293.077148,4284.743652,4300.000000,4305.897461,4288.461426,4283.333496,4473.846191,4481.025879,4351.025879,4444.743652,2902.000000,4.000000,85.000000,,,,0.000000,4.000000,4.000000,4.000000,4.000000,4.000000,4.000000,4.000000,4.000000,4.000000,4.000000,4.000000,4.000000,4.000000,4.000000,100.000000,,,,,,,,,,,,,,,,,,,,,,,,,,,,,,,,,,,,,,,,,,,,,,,,,,,,,,,,,,,,,,,,,,,,,,,,,,,,,,,,,,,,,,
1676060285.110442,1676060285.111945,108.000000,0.000000,4333.205078,4320.897461,4312.307617,4297.820313,4292.820313,4278.205078,4296.153809,4296.025879,4274.230957,4269.102539,4469.358887,4480.384766,4356.666504,4452.307617,3109.000000,4.000000,85.000000,,,,0.000000,4.000000,4.000000,4.000000,4.000000,4.000000,4.000000,4.000000,4.000000,4.000000,4.000000,4.000000,4.000000,4.000000,4.000000,100.000000,,,,,,,,,,,,,,,,,,,,,,,,,,,,,,,,,,,,,,,,,,,,,,,,,,,,,,,,,,,,,,,,,,,,,,,,,,,,,,,,,,,,,,
1676060285.118250,1676060285.119654,109.000000,0.000000,4354.615234,4349.615234,4329.230957,4327.692383,4311.025879,4299.102539,4309.743652,4308.333496,4286.282227,4275.512695,4472.820313,4496.410156,4366.025879,4462.692383,3228.000000,4.000000,85.000000,,,,0.000000,4.000000,4.000000,4.000000,4.000000,4.000000,4.000000,4.000000,4.000000,4.000000,4.000000,4.000000,4.000000,4.000000,4.000000,100.000000,,,,,,,,,,,,,,,,,,,,,,,,,,,,,,,,,,,,,,,,,,,,,,,,,,,,,,,,,,,,,,,,,,,,,,,,,,,,,,,,,,,,,,
1676060285.126058,1676060285.127462,110.000000,0.000000,4349.743652,4347.307617,4332.051270,4326.410156,4316.410156,4305.128418,4313.461426,4313.461426,4302.436035,4292.563965,4476.538574,4500.512695,4360.512695,4460.000000,2710.000000,4.000000,85.000000,,,,0.000000,4.000000,4.000000,4.000000,4.000000,4.000000,4.000000,4.000000,4.000000,4.000000,4.000000,4.000000,4.000000,4.000000,4.000000,100.000000,,,,,,,,,,,,,,,,,2.072523,1.295566,0.774759,1.133540,1.266077,6.685076,3.910354,1.664490,1.467061,1.190522,2.122311,1.638164,0.540604,1.074790,1.162951,1.957479,1.561596,0.839594,1.272848,1.046933,1.482517,0.570992,0.327616,0.502132,0.532789,0.916941,0.619798,0.247165,0.422726,0.580812,0.920796,0.495723,0.248328,0.901178,0.807649,0.954809,1.456011,1.252013,1.279316,0.932567,1.715868,0.763077,0.586509,1.089752,0.944832,1.606759,0.674707,0.752584,1.673507,1.210824,6.972760,2.571041,0.942590,1.425430,1.769618,5.317719,1.412464,0.795160,1.521568,1.582309,7.781230,1.768510,0.732076,1.030187,1.877925,4.500884,1.306855,0.960500,1.267608,1.785115
1676060285.133867,1676060285.135171,111.000000,0.000000,4337.692383,4330.384766,4319.487305,4307.179688,4302.307617,4282.948730,4298.589844,4300.769043,4293.846191,4289.871582,4475.000000,4489.230957,4357.948730,4459.487305,2902.000000,4.000000,85.000000,,,,0.000000,4.000000,4.000000,4.000000,4.000000,4.000000,4.000000,4.000000,4.000000,4.000000,4.000000,4.000000,4.000000,4.000000,4.000000,100.000000,,,,,,,,,,,,,,,,,,,,,,,,,,,,,,,,,,,,,,,,,,,,,,,,,,,,,,,,,,,,,,,,,,,,,,,,,,,,,,,,,,,,,,
1676060285.141675,1676060285.142979,112.000000,0.000000,4337.179688,4331.794922,4304.487305,4303.333496,4291.538574,4299.358887,4288.589844,4290.384766,4277.051270,4263.077148,4461.922852,4471.538574,4358.974121,4448.974121,3109.000000,4.000000,85.000000,,,,0.000000,4.000000,4.000000,4.000000,4.000000,4.000000,4.000000,4.000000,4.000000,4.000000,4.000000,4.000000,4.000000,4.000000,4.000000,100.000000,,,,,,,,,,,,,,,,,,,,,,,,,,,,,,,,,,,,,,,,,,,,,,,,,,,,,,,,,,,,,,,,,,,,,,,,,,,,,,,,,,,,,,
1676060285.149484,1676060285.150688,113.000000,0.000000,4327.436035,4330.384766,4294.102539,4301.922852,4293.846191,4381.666504,4291.794922,4292.179688,4275.000000,4245.128418,4437.051270,4453.589844,4338.333496,4417.948730,3228.000000,4.000000,85.000000,,,,0.000000,4.000000,4.000000,4.000000,4.000000,4.000000,4.000000,4.000000,4.000000,4.000000,4.000000,4.000000,4.000000,4.000000,4.000000,100.000000,,,,,,,,,,,,,,,,,,,,,,,,,,,,,,,,,,,,,,,,,,,,,,,,,,,,,,,,,,,,,,,,,,,,,,,,,,,,,,,,,,,,,,
1676060285.157292,1676060285.158496,114.000000,0.000000,4316.282227,4320.769043,4295.256348,4298.717773,4296.794922,4448.333496,4300.384766,4306.666504,4288.333496,4266.666504,4436.922852,4456.922852,4328.974121,4412.692383,2710.000000,4.000000,85.000000,,,,0.000000,4.000000,4.000000,4.000000,4.000000,4.000000,4.000000,4.000000,4.000000,4.000000,4.000000,4.000000,4.000000,4.000000,4.000000,100.000000,,,,,,,,,,,,,,,,,,,,,,,,,,,,,,,,,,,,,,,,,,,,,,,,,,,,,,,,,,,,,,,,,,,,,,,,,,,,,,,,,,,,,,
1676060285.165100,1676060285.166205,115.000000,0.000000,4315.769043,4309.487305,4292.436035,4292.307617,4291.153809,4439.487305,4296.025879,4311.025879,4292.820313,4283.846191,4457.307617,4464.615234,4355.384766,4435.641113,2902.000000,4.000000,85.000000,,,,0.000000,4.000000,4.000000,4.000000,4.000000,4.000000,4.000000,4.000000,4.000000,4.000000,4.000000,4.000000,4.000000,4.000000,4.000000,100.000000,,,,,,,,,,,,,,,,,,,,,,,,,,,,,,,,,,,,,,,,,,,,,,,,,,,,,,,,,,,,,,,,,,,,,,,,,,,,,,,,,,,,,,
1676060285.172909,1676060285.174013,116.000000,0.000000,4321.794922,4302.563965,4288.461426,4287.563965,4288.589844,4410.256348,4291.538574,4308.077148,4291.410156,4276.794922,4473.461426,4469.102539,4387.948730,4448.077148,3109.000000,4.000000,85.000000,,,,0.000000,4.000000,4.000000,4.000000,4.000000,4.000000,4.000000,4.000000,4.000000,4.000000,4.000000,4.000000,4.000000,4.000000,4.000000,100.000000,,,,,,,,,,,,,,,,,,,,,,,,,,,,,,,,,,,,,,,,,,,,,,,,,,,,,,,,,,,,,,,,,,,,,,,,,,,,,,,,,,,,,,
1676060285.180717,1676060285.181721,117.000000,0.000000,4338.846191,4312.179688,4307.948730,4300.256348,4295.256348,4408.589844,4305.384766,4324.615234,4309.871582,4293.589844,4500.384766,4497.307617,4410.769043,4467.307617,3228.000000,4.000000,85.000000,,,,0.000000,4.000000,4.000000,4.000000,4.000000,4.000000,4.000000,4.000000,4.000000,4.000000,4.000000,4.000000,4.000000,4.000000,4.000000,100.000000,,,,,,,,,,,,,,,,,,,,,,,,,,,,,,,,,,,,,,,,,,,,,,,,,,,,,,,,,,,,,,,,,,,,,,,,,,,,,,,,,,,,,,
1676060285.188526,1676060285.189530,118.000000,0.000000,4338.077148,4305.897461,4316.922852,4299.487305,4297.051270,4403.717773,4307.051270,4325.512695,4312.692383,4305.769043,4510.897461,4507.307617,4411.153809,4483.077148,2710.000000,4.000000,85.000000,,,,0.000000,4.000000,4.000000,4.000000,4.000000,4.000000,4.000000,4.000000,4.000000,4.000000,4.000000,4.000000,4.000000,4.000000,4.000000,100.000000,,,,,,,,,,,,,,,,,,,,,,,,,,,,,,,,,,,,,,,,,,,,,,,,,,,,,,,,,,,,,,,,,,,,,,,,,,,,,,,,,,,,,,
1676060285.196334,1676060285.197238,119.000000,0.000000,4318.717773,4284.358887,4298.077148,4278.205078,4293.205078,4390.128418,4293.589844,4297.307617,4283.974121,4273.974121,4483.846191,4480.384766,4394.230957,4459.871582,2902.000000,4.000000,85.000000,,,,0.000000,4.000000,4.000000,4.000000,4.000000,4.000000,4.000000,4.000000,4.000000,4.000000,4.000000,4.000000,4.000000,4.000000,4.000000,100.000000,,,,,,,,,,,,,,,,,,,,,,,,,,,,,,,,,,,,,,,,,,,,,,,,,,,,,,,,,,,,,,,,,,,,,,,,,,,,,,,,,,,,,,
1676060285.204142,1676060285.205047,120.000000,0.000000,4318.461426,4294.743652,4298.589844,4278.974121,4295.128418,4380.897461,4296.282227,4291.282227,4280.128418,4263.846191,4471.922852,4475.000000,4388.717773,4439.871582,3109.000000,4.000000,85.000000,,,,0.000000,4.000000,4.000000,4.000000,4.000000,4.000000,4.000000,4.000000,4.000000,4.000000,4.000000,4.000000,4.000000,4.000000,4.000000,100.000000,,,,,,,,,,,,,,,,,,,,,,,,,,,,,,,,,,,,,,,,,,,,,,,,,,,,,,,,,,,,,,,,,,,,,,,,,,,,,,,,,,,,,,
1676060285.211951,1676060285.212755,121.000000,0.000000,4332.820313,4322.179688,4315.769043,4298.589844,4298.333496,4375.897461,4310.512695,4305.897461,4301.538574,4295.384766,4481.025879,4488.717773,4390.512695,4450.512695,3228.000000,4.000000,85.000000,,,,0.000000,4.000000,4.000000,4.000000,4.000000,4.000000,4.000000,4.000000,4.000000,4.000000,4.000000,4.000000,4.000000,4.000000,4.000000,100.000000,,,,,,,,,,,,,,,,,,,,,,,,,,,,,,,,,,,,,,,,,,,,,,,,,,,,,,,,,,,,,,,,,,,,,,,,,,,,,,,,,,,,,,
1676060285.219759,1676060285.220564,122.000000,0.000000,4328.974121,4325.641113,4311.025879,4299.743652,4296.282227,4376.922852,4310.000000,4300.128418,4297.179688,4294.487305,4465.512695,4478.846191,4370.897461,4448.205078,2710.000000,4.000000,85.000000,,,,0.000000,4.000000,4.000000,4.000000,4.000000,4.000000,4.000000,4.000000,4.000000,4.000000,4.000000,4.000000,4.000000,4.000000,4.000000,100.000000,,,,,,,,,,,,,,,,,,,,,,,,,,,,,,,,,,,,,,,,,,,,,,,,,,,,,,,,,,,,,,,,,,,,,,,,,,,,,,,,,,,,,,
1676060285.227568,1676060285.228272,123.000000,0.000000,4321.666504,4330.128418,4309.487305,4299.358887,4301.025879,4375.384766,4308.077148,4299.743652,4288.717773,4273.461426,4447.051270,4475.128418,4351.922852,4434.743652,2902.000000,4.000000,85.000000,,,,0.000000,4.000000,4.000000,4.000000,4.000000,4.000000,4.000000,4.000000,4.000000,4.000000,4.000000,4.000000,4.000000,4.000000,4.000000,100.000000,,,,,,,,,,,,,,,,,,,,,,,,,,,,,,,,,,,,,,,,,,,,,,,,,,,,,,,,,,,,,,,,,,,,,,,,,,,,,,,,,,,,,,
1676060285.235376,1676060285.236181,124.000000,0.000000,4337.820313,4361.922852,4334.230957,4323.205078,4314.615234,4370.256348,4324.230957,4328.717773,4309.230957,4287.820313,4462.051270,4499.358887,4361.666504,4445.128418,3109.000000,4.000000,85.000000,,,,0.000000,4.000000,4.000000,4.000000,4.000000,4.000000,4.000000,4.000000,4.000000,4.000000,4.000000,4.000000,4.000000,4.000000,4.000000,100.000000,,,,,,,,,,,,,,,,,,,,,,,,,,,,,,,,,,,,,,,,,,,,,,,,,,,,,,,,,,,,,,,,,,,,,,,,,,,,,,,,,,,,,,
1676060285.243184,1676060285.243989,125.000000,0.000000,4339.358887,4369.743652,4338.846191,4331.666504,4312.563965,4365.128418,4329.358887,4336.282227,4316.794922,4297.051270,4468.589844,4501.538574,4367.820313,4451.025879,3228.000000,4.000000,85.000000,,,,0.000000,4.000000,4.000000,4.000000,4.000000,4.000000,4.000000,4.000000,4.000000,4.000000,4.000000,4.000000,4.000000,4.000000,4.000000,100.000000,,,,,,,,,,,,,,,,,,,,,,,,,,,,,,,,,,,,,,,,,,,,,,,,,,,,,,,,,,,,,,,,,,,,,,,,,,,,,,,,,,,,,,
1676060285.250993,1676060285.251798,126.000000,0.000000,4320.769043,4349.871582,4312.820313,4310.512695,4299.615234,4360.641113,4310.384766,4313.589844,4299.615234,4281.282227,4453.461426,4479.615234,4356.922852,4437.820313,2710.000000,4.000000,85.000000,,,,0.000000,4.000000,4.000000,4.000000,4.000000,4.000000,4.000000,4.000000,4.000000,4.000000,4.000000,4.000000,4.000000,4.000000,4.000000,100.000000,,,,,,,,,,,,,,,,,2.405618,1.272751,0.844953,1.159723,1.247705,7.218055,3.267985,1.610742,1.459185,1.159869,2.695050,1.430890,0.652485,1.065017,1.136229,2.503178,1.583211,0.887145,1.302036,0.982420,1.417303,0.576320,0.343418,0.519647,0.512627,1.258394,1.031007,0.299556,0.427410,0.581305,1.016687,0.515908,0.276550,0.945157,0.755562,1.182724,1.071962,1.332178,1.332577,0.853303,1.711172,0.568285,0.735437,1.158314,0.849237,1.655172,0.730973,1.183937,1.764942,1.034812,6.983076,2.557724,1.197183,1.436113,1.628160,5.256104,1.272932,1.018147,1.593308,1.455186,7.602720,1.896870,0.934623,1.041097,1.757434,4.587539,1.438470,1.105664,1.265215,1.745913
1676060285.258801,1676060285.259506,127.000000,0.000000,4307.820313,4336.794922,4292.820313,4292.051270,4291.410156,4346.666504,4290.384766,4290.512695,4277.948730,4268.974121,4430.641113,4456.538574,4337.692383,4420.128418,85.000000,4.000000,85.000000,,,,0.000000,4.000000,4.000000,4.000000,4.000000,4.000000,4.000000,4.000000,4.000000,4.000000,4.000000,4.000000,4.000000,4.000000,4.000000,100.000000,,,,,,,,,,,,,,,,,,,,,,,,,,,,,,,,,,,,,,,,,,,,,,,,,,,,,,,,,,,,,,,,,,,,,,,,,,,,,,,,,,,,,,
1676060285.266609,1676060285.267415,0.000000,0.000000,4303.717773,4337.179688,4290.128418,4291.794922,4290.512695,4338.461426,4287.948730,4277.692383,4262.692383,4254.487305,4410.512695,4438.333496,4321.538574,4404.743652,2516.000000,4.000000,85.000000,,,,0.000000,4.000000,4.000000,4.000000,4.000000,4.000000,4.000000,4.000000,4.000000,4.000000,4.000000,4.000000,4.000000,4.000000,4.000000,100.000000,,,,,,,,,,,,,,,,,,,,,,,,,,,,,,,,,,,,,,,,,,,,,,,,,,,,,,,,,,,,,,,,,,,,,,,,,,,,,,,,,,,,,,
1676060285.274418,1676060285.275223,1.000000,0.000000,4309.487305,4343.461426,4300.512695,4298.974121,4295.769043,4347.436035,4296.153809,4286.666504,4273.589844,4249.102539,4421.410156,4450.512695,4327.307617,4413.077148,2474.000000,4.000000,85.000000,,,,0.000000,4.000000,4.000000,4.000000,4.000000,4.000000,4.000000,4.000000,4.000000,4.000000,4.000000,4.000000,4.000000,4.000000,4.000000,100.000000,,,,,,,,,,,,,,,,,,,,,,,,,,,,,,,,,,,,,,,,,,,,,,,,,,,,,,,,,,,,,,,,,,,,,,,,,,,,,,,,,,,,,,
1676060285.282226,1676060285.283131,2.000000,0.000000,4318.077148,4344.743652,4310.897461,4300.000000,4303.205078,4347.692383,4298.205078,4302.179688,4290.769043,4263.077148,4442.692383,4476.794922,4345.000000,4430.384766,2393.000000,4.000000,85.000000,,,,0.000000,4.000000,4.000000,4.000000,4.000000,4.000000,4.000000,4.000000,4.000000,4.000000,4.000000,4.000000,4.000000,4.000000,4.000000,100.000000,,,,,,,,,,,,,,,,,,,,,,,,,,,,,,,,,,,,,,,,,,,,,,,,,,,,,,,,,,,,,,,,,,,,,,,,,,,,,,,,,,,,,,
1676060285.290034,1676060285.290940,3.000000,0.000000,4318.461426,4341.410156,4313.589844,4299.358887,4319.230957,4338.333496,4294.743652,4297.820313,4286.794922,4275.000000,4434.487305,4477.948730,4344.487305,4422.307617,2469.000000,4.000000,85.000000,,,,0.000000,4.000000,4.000000,4.000000,4.000000,4.000000,4.000000,4.000000,4.000000,4.000000,4.000000,4.000000,4.000000,4.000000,4.000000,100.000000,,,,,,,,,,,,,,,,,,,,,,,,,,,,,,,,,,,,,,,,,,,,,,,,,,,,,,,,,,,,,,,,,,,,,,,,,,,,,,,,,,,,,,
1676060285.297843,1676060285.298848,4.000000,0.000000,4307.179688,4330.256348,4309.102539,4292.179688,4344.230957,4335.897461,4293.974121,4286.153809,4279.230957,4270.897461,4421.410156,4462.948730,4332.563965,4408.461426,2423.000000,4.000000,85.000000,,,,0.000000,4.000000,4.000000,4.000000,4.000000,4.000000,4.000000,4.000000,4.000000,4.000000,4.000000,4.000000,4.000000,4.000000,4.000000,100.000000,,,,,,,,,,,,,,,,,,,,,,,,,,,,,,,,,,,,,,,,,,,,,,,,,,,,,,,,,,,,,,,,,,,,,,,,,,,,,,,,,,,,,,
1676060285.305651,1676060285.306657,5.000000,0.000000,4310.769043,4327.692383,4311.794922,4294.743652,4377.563965,4343.589844,4308.333496,4301.025879,4295.769043,4277.948730,4440.000000,4475.128418,4348.077148,4424.743652,2361.000000,4.000000,85.000000,,,,0.000000,4.000000,4.000000,4.000000,4.000000,4.000000,4.000000,4.000000,4.000000,4.000000,4.000000,4.000000,4.000000,4.000000,4.000000,100.000000,,,,,,,,,,,,,,,,,,,,,,,,,,,,,,,,,,,,,,,,,,,,,,,,,,,,,,,,,,,,,,,,,,,,,,,,,,,,,,,,,,,,,,
1676060285.313460,1676060285.314565,6.000000,0.000000,4323.205078,4330.128418,4315.256348,4306.025879,4412.563965,4345.769043,4322.051270,4317.307617,4308.461426,4294.230957,4456.025879,4492.692383,4368.461426,4440.641113,2226.000000,4.000000,85.000000,,,,0.000000,4.000000,4.000000,4.000000,4.000000,4.000000,4.000000,4.000000,4.000000,4.000000,4.000000,4.000000,4.000000,4.000000,4.000000,100.000000,,,,,,,,,,,,,,,,,,,,,,,,,,,,,,,,,,,,,,,,,,,,,,,,,,,,,,,,,,,,,,,,,,,,,,,,,,,,,,,,,,,,,,
1676060285.321268,1676060285.322373,7.000000,0.000000,4315.384766,4317.948730,4303.333496,4300.256348,4438.589844,4335.128418,4315.512695,4306.666504,4292.948730,4279.487305,4443.974121,4480.512695,4361.410156,4428.077148,2214.000000,4.000000,85.000000,,,,0.000000,4.000000,4.000000,4.000000,4.000000,4.000000,4.000000,4.000000,4.000000,4.000000,4.000000,4.000000,4.000000,4.000000,4.000000,100.000000,,,,,,,,,,,,,,,,,,,,,,,,,,,,,,,,,,,,,,,,,,,,,,,,,,,,,,,,,,,,,,,,,,,,,,,,,,,,,,,,,,,,,,
1676060285.329076,1676060285.330082,8.000000,0.000000,4305.384766,4310.641113,4301.410156,4298.846191,4463.333496,4329.102539,4310.256348,4303.077148,4286.025879,4263.717773,4447.436035,4475.256348,4360.897461,4421.922852,2271.000000,4.000000,85.000000,,,,0.000000,4.000000,4.000000,4.000000,4.000000,4.000000,4.000000,4.000000,4.000000,4.000000,4.000000,4.000000,4.000000,4.000000,4.000000,100.000000,,,,,,,,,,,,,,,,,,,,,,,,,,,,,,,,,,,,,,,,,,,,,,,,,,,,,,,,,,,,,,,,,,,,,,,,,,,,,,,,,,,,,,
1676060285.336885,1676060285.337890,9.000000,0.000000,4307.307617,4313.461426,4309.615234,4313.974121,4489.615234,4331.025879,4314.487305,4311.410156,4296.410156,4281.666504,4466.538574,4490.769043,4383.974121,4431.666504,2242.000000,4.000000,85.000000,,,,0.000000,4.000000,4.000000,4.000000,4.000000,4.000000,4.000000,4.000000,4.000000,4.000000,4.000000,4.000000,4.000000,4.000000,4.000000,100.000000,,,,,,,,,,,,,,,,,,,,,,,,,,,,,,,,,,,,,,,,,,,,,,,,,,,,,,,,,,,,,,,,,,,,,,,,,,,,,,,,,,,,,,
1676060285.344693,1676060285.345599,10.000000,0.000000,4308.461426,4306.922852,4305.000000,4320.641113,4507.948730,4330.128418,4312.179688,4310.897461,4299.102539,4293.461426,4472.307617,4501.922852,4397.307617,4436.025879,2710.000000,4.000000,85.000000,,,,0.000000,4.000000,4.000000,4.000000,4.000000,4.000000,4.000000,4.000000,4.000000,4.000000,4.000000,4.000000,4.000000,4.000000,4.000000,100.000000,,,,,,,,,,,,,,,,,,,,,,,,,,,,,,,,,,,,,,,,,,,,,,,,,,,,,,,,,,,,,,,,,,,,,,,,,,,,,,,,,,,,,,
1676060285.352502,1676060285.353407,11.000000,0.000000,4305.641113,4291.922852,4294.230957,4314.743652,4511.538574,4320.512695,4299.230957,4305.128418,4291.153809,4282.436035,4462.692383,4502.179688,4386.153809,4429.615234,2890.000000,4.000000,85.000000,,,,0.000000,4.000000,4.000000,4.000000,4.000000,4.000000,4.000000,4.000000,4.000000,4.000000,4.000000,4.000000,4.000000,4.000000,4.000000,100.000000,,,,,,,,,,,,,,,,,,,,,,,,,,,,,,,,,,,,,,,,,,,,,,,,,,,,,,,,,,,,,,,,,,,,,,,,,,,,,,,,,,,,,,
1676060285.360310,1676060285.361116,12.000000,0.000000,4315.769043,4296.666504,4300.512695,4321.153809,4514.230957,4314.871582,4295.769043,4308.717773,4296.666504,4287.051270,4464.358887,4509.102539,4383.589844,4428.717773,3112.000000,4.000000,85.000000,,,,0.000000,4.000000,4.000000,4.000000,4.000000,4.000000,4.000000,4.000000,4.000000,4.000000,4.000000,4.000000,4.000000,4.000000,4.000000,100.000000,,,,,,,,,,,,,,,,,,,,,,,,,,,,,,,,,,,,,,,,,,,,,,,,,,,,,,,,,,,,,,,,,,,,,,,,,,,,,,,,,,,,,,
1676060285.368118,1676060285.368924,13.000000,0.000000,4310.769043,4294.230957,4299.871582,4318.717773,4505.256348,4310.512695,4294.743652,4300.897461,4295.897461,4285.769043,4467.051270,4508.589844,4383.333496,4429.358887,3221.000000,4.000000,85.000000,,,,0.000000,4.000000,4.000000,4.000000,4.000000,4.000000,4.000000,4.000000,4.000000,4.000000,4.000000,4.000000,4.000000,4.000000,4.000000,100.000000,,,,,,,,,,,,,,,,,,,,,,,,,,,,,,,,,,,,,,,,,,,,,,,,,,,,,,,,,,,,,,,,,,,,,,,,,,,,,,,,,,,,,,
1676060285.375927,1676060285.376633,14.000000,0.000000,4290.384766,4277.307617,4287.436035,4304.487305,4487.820313,4308.205078,4289.487305,4287.051270,4281.282227,4271.153809,4458.077148,4501.282227,4376.410156,4425.512695,2710.000000,4.000000,85.000000,,,,0.000000,4.000000,4.000000,4.000000,4.000000,4.000000,4.000000,4.000000,4.000000,4.000000,4.000000,4.000000,4.000000,4.000000,4.000000,100.000000,1.000000,58.333332,4.000000,4.000000,3.000000,4.000000,1.000000,3.000000,4.000000,4.000000,4.000000,4.000000,4.000000,3.000000,4.000000,3.000000,2.781955,1.350440,0.941844,1.162177,1.204997,8.773987,2.825794,1.608311,1.443416,1.119763,3.346112,1.259487,0.852181,1.048806,1.072404,3.208987,1.662417,0.990611,1.304491,0.918437,1.558303,0.576513,0.406200,0.547899,0.486996,1.826715,1.864372,0.509643,0.440674,0.581593,1.081056,0.607292,0.349182,0.955217,0.689297,1.469316,0.814500,1.422894,1.337898,0.760548,1.685132,0.514944,1.018668,1.194613,0.767535,1.665501,0.885296,1.952503,1.833619,0.867855,7.804940,3.119809,1.689910,1.410887,1.471081,5.113475,1.282344,1.391804,1.618529,1.319114,7.990344,2.560649,1.388330,1.060610,1.602108,5.007338,2.108012,1.500139,1.263013,1.673944
1676060285.383735,1676060285.384441,15.000000,0.000000,4312.179688,4297.307617,4306.153809,4324.743652,4492.948730,4320.769043,4305.256348,4305.897461,4297.436035,4284.743652,4474.871582,4522.820313,4397.307617,4440.769043,2890.000000,4.000000,85.000000,,,,0.000000,4.000000,4.000000,4.000000,4.000000,4.000000,4.000000,4.000000,4.000000,4.000000,4.000000,4.000000,4.000000,4.000000,4.000000,100.000000,,,,,,,,,,,,,,,,,,,,,,,,,,,,,,,,,,,,,,,,,,,,,,,,,,,,,,,,,,,,,,,,,,,,,,,,,,,,,,,,,,,,,,
1676060285.391544,1676060285.392150,16.000000,0.000000,4335.000000,4318.205078,4322.820313,4344.230957,4495.641113,4328.077148,4321.025879,4325.000000,4322.307617,4293.717773,4497.563965,4543.205078,4417.307617,4455.897461,0.000000,4.000000,85.000000,,,,0.000000,4.000000,4.000000,4.000000,4.000000,4.000000,4.000000,4.000000,4.000000,4.000000,4.000000,4.000000,4.000000,4.000000,4.000000,100.000000,,,,,,,,,,,,,,,,,,,,,,,,,,,,,,,,,,,,,,,,,,,,,,,,,,,,,,,,,,,,,,,,,,,,,,,,,,,,,,,,,,,,,,
1676060285.399352,1676060285.399958,17.000000,0.000000,4310.641113,4294.615234,4302.051270,4321.538574,4471.922852,4318.717773,4306.025879,4308.333496,4304.871582,4278.717773,4480.384766,4526.666504,4398.077148,4440.769043,0.000000,4.000000,85.000000,,,,0.000000,4.000000,4.000000,4.000000,4.000000,4.000000,4.000000,4.000000,4.000000,4.000000,4.000000,4.000000,4.000000,4.000000,4.000000,100.000000,,,,,,,,,,,,,,,,,,,,,,,,,,,,,,,,,,,,,,,,,,,,,,,,,,,,,,,,,,,,,,,,,,,,,,,,,,,,,,,,,,,,,,
1676060285.407160,1676060285.407667,18.000000,0.000000,4293.717773,4277.563965,4287.051270,4304.358887,4450.641113,4307.051270,4291.666504,4289.871582,4279.487305,4276.410156,4454.102539,4505.641113,4377.948730,4421.794922,0.000000,4.000000,85.000000,,,,0.000000,4.000000,4.000000,4.000000,4.000000,4.000000,4.000000,4.000000,4.000000,4.000000,4.000000,4.000000,4.000000,4.000000,4.000000,100.000000,,,,,,,,,,,,,,,,,,,,,,,,,,,,,,,,,,,,,,,,,,,,,,,,,,,,,,,,,,,,,,,,,,,,,,,,,,,,,,,,,,,,,,
1676060285.414969,1676060285.415575,19.000000,0.000000,4305.000000,4290.769043,4296.025879,4316.153809,4447.563965,4306.410156,4306.025879,4293.333496,4286.794922,4279.102539,4457.436035,4507.179688,4379.615234,4422.179688,0.000000,4.000000,85.000000,,,,0.000000,4.000000,4.000000,4.000000,4.000000,4.000000,4.000000,4.000000,4.000000,4.000000,4.000000,4.000000,4.000000,4.000000,4.000000,100.000000,,,,,,,,,,,,,,,,,,,,,,,,,,,,,,,,,,,,,,,,,,,,,,,,,,,,,,,,,,,,,,,,,,,,,,,,,,,,,,,,,,,,,,
1676060285.422777,1676060285.423384,20.000000,0.000000,4303.077148,4295.384766,4297.307617,4321.666504,4440.769043,4310.000000,4313.589844,4298.333496,4296.025879,4271.666504,4460.128418,4506.538574,4374.230957,4422.820313,0.000000,4.000000,85.000000,,,,0.000000,4.000000,4.000000,4.000000,4.000000,4.000000,4.000000,4.000000,4.000000,4.000000,4.000000,4.000000,4.000000,4.000000,4.000000,100.000000,,,,,,,,,,,,,,,,,,,,,,,,,,,,,,,,,,,,,,,,,,,,,,,,,,,,,,,,,,,,,,,,,,,,,,,,,,,,,,,,,,,,,,
1676060285.430586,1676060285.431292,21.000000,0.000000,4303.077148,4302.179688,4301.794922,4325.641113,4433.589844,4311.666504,4311.794922,4307.307617,4301.922852,4283.333496,4456.410156,4508.717773,4371.538574,4427.051270,0.000000,4.000000,85.000000,,,,0.000000,4.000000,4.000000,4.000000,4.000000,4.000000,4.000000,4.000000,4.000000,4.000000,4.000000,4.000000,4.000000,4.000000,4.000000,100.000000,,,,,,,,,,,,,,,,,,,,,,,,,,,,,,,,,,,,,,,,,,,,,,,,,,,,,,,,,,,,,,,,,,,,,,,,,,,,,,,,,,,,,,
1676060285.438394,1676060285.439101,22.000000,0.000000,4313.589844,4322.307617,4314.102539,4335.384766,4430.641113,4312.179688,4317.692383,4322.051270,4312.820313,4299.743652,4465.128418,4522.307617,4379.358887,4436.025879,0.000000,4.000000,85.000000,,,,0.000000,4.000000,4.000000,4.000000,4.000000,4.000000,4.000000,4.000000,4.000000,4.000000,4.000000,4.000000,4.000000,4.000000,4.000000,100.000000,,,,,,,,,,,,,,,,,,,,,,,,,,,,,,,,,,,,,,,,,,,,,,,,,,,,,,,,,,,,,,,,,,,,,,,,,,,,,,,,,,,,,,
1676060285.446202,1676060285.447009,23.000000,0.000000,4302.436035,4317.436035,4302.307617,4327.307617,4418.846191,4309.743652,4310.897461,4316.410156,4304.743652,4280.128418,4458.589844,4511.538574,4368.077148,4420.256348,0.000000,4.000000,85.000000,,,,0.000000,4.000000,4.000000,4.000000,4.000000,4.000000,4.000000,4.000000,4.000000,4.000000,4.000000,4.000000,4.000000,4.000000,4.000000,100.000000,,,,,,,,,,,,,,,,,,,,,,,,,,,,,,,,,,,,,,,,,,,,,,,,,,,,,,,,,,,,,,,,,,,,,,,,,,,,,,,,,,,,,,
1676060285.454011,1676060285.454817,24.000000,0.000000,4297.692383,4311.794922,4297.436035,4323.974121,4410.256348,4309.615234,4301.538574,4309.487305,4295.512695,4271.794922,4450.384766,4499.871582,4363.846191,4410.769043,0.000000,4.000000,85.000000,,,,0.000000,4.000000,4.000000,4.000000,4.000000,4.000000,4.000000,4.000000,4.000000,4.000000,4.000000,4.000000,4.000000,4.000000,4.000000,100.000000,,,,,,,,,,,,,,,,,,,,,,,,,,,,,,,,,,,,,,,,,,,,,,,,,,,,,,,,,,,,,,,,,,,,,,,,,,,,,,,,,,,,,,
1676060285.461819,1676060285.462726,25.000000,0.000000,4316.794922,4332.563965,4315.769043,4338.077148,4407.692383,4306.922852,4305.769043,4315.512695,4305.512695,4300.512695,4462.307617,4516.025879,4378.589844,4432.692383,0.000000,4.000000,85.000000,,,,0.000000,4.000000,4.000000,4.000000,4.000000,4.000000,4.000000,4.000000,4.000000,4.000000,4.000000,4.000000,4.000000,4.000000,4.000000,100.000000,,,,,,,,,,,,,,,,,,,,,,,,,,,,,,,,,,,,,,,,,,,,,,,,,,,,,,,,,,,,,,,,,,,,,,,,,,,,,,,,,,,,,,
1676060285.469627,1676060285.470534,26.000000,0.000000,4316.538574,4336.153809,4311.922852,4334.358887,4397.051270,4298.205078,4301.666504,4308.205078,4304.487305,4303.333496,4461.153809,4517.563965,4375.384766,4432.692383,0.000000,4.000000,85.000000,,,,0.000000,4.000000,4.000000,4.000000,4.000000,4.000000,4.000000,4.000000,4.000000,4.000000,4.000000,4.000000,4.000000,4.000000,4.000000,100.000000,,,,,,,,,,,,,,,,,,,,,,,,,,,,,,,,,,,,,,,,,,,,,,,,,,,,,,,,,,,,,,,,,,,,,,,,,,,,,,,,,,,,,,
1676060285.477436,1676060285.478442,27.000000,0.000000,4290.128418,4314.871582,4281.922852,4313.717773,4381.538574,4290.256348,4286.025879,4288.205078,4282.436035,4267.436035,4430.384766,4488.333496,4348.846191,4399.743652,0.000000,4.000000,85.000000,,,,0.000000,4.000000,4.000000,4.000000,4.000000,4.000000,4.000000,4.000000,4.000000,4.000000,4.000000,4.000000,4.000000,4.000000,4.000000,100.000000,,,,,,,,,,,,,,,,,,,,,,,,,,,,,,,,,,,,,,,,,,,,,,,,,,,,,,,,,,,,,,,,,,,,,,,,,,,,,,,,,,,,,,
1676060285.485244,1676060285.486251,28.000000,0.000000,4285.897461,4321.025879,4279.487305,4319.871582,4379.358887,4296.282227,4294.487305,4289.743652,4278.717773,4265.769043,4415.769043,4480.897461,4334.102539,4392.436035,0.000000,4.000000,85.000000,,,,0.000000,4.000000,4.000000,4.000000,4.000000,4.000000,4.000000,4.000000,4.000000,4.000000,4.000000,4.000000,4.000000,4.000000,4.000000,100.000000,,,,,,,,,,,,,,,,,,,,,,,,,,,,,,,,,,,,,,,,,,,,,,,,,,,,,,,,,,,,,,,,,,,,,,,,,,,,,,,,,,,,,,
1676060285.493052,1676060285.494159,29.000000,0.000000,4309.615234,4350.384766,4306.794922,4343.333496,4389.230957,4313.846191,4322.563965,4311.282227,4298.589844,4286.666504,4436.794922,4507.948730,4346.410156,4417.051270,0.000000,4.000000,85.000000,,,,0.000000,4.000000,4.000000,4.000000,4.000000,4.000000,4.000000,4.000000,4.000000,4.000000,4.000000,4.000000,4.000000,4.000000,4.000000,100.000000,,,,,,,,,,,,,,,,,,,,,,,,,,,,,,,,,,,,,,,,,,,,,,,,,,,,,,,,,,,,,,,,,,,,,,,,,,,,,,,,,,,,,,
1676060285.500861,1676060285.501968,30.000000,0.000000,4308.717773,4351.538574,4309.615234,4338.589844,4385.769043,4313.717773,4325.512695,4308.974121,4299.871582,4272.563965,4441.410156,4511.538574,4353.077148,4416.538574,0.000000,4.000000,85.000000,,,,0.000000,4.000000,4.000000,4.000000,4.000000,4.000000,4.000000,4.000000,4.000000,4.000000,4.000000,4.000000,4.000000,4.000000,4.000000,100.000000,,,,,,,,,,,,,,,,,3.098170,1.465222,1.053855,1.117318,1.169656,11.467806,2.760843,1.683734,1.417033,1.105553,3.929642,1.157454,1.123117,1.009767,1.000629,3.976661,1.770097,1.137975,1.275881,0.889964,1.965034,0.630470,0.511494,0.576709,0.471023,2.932086,3.277977,1.024130,0.494537,0.615551,1.092318,0.739757,0.455434,0.913970,0.633212,1.775381,0.678662,1.601645,1.298433,0.685447,1.657529,0.573762,1.424611,1.186621,0.738604,1.664840,1.118860,2.973188,1.865600,0.766163,9.195543,4.087031,2.396306,1.361303,1.356237,4.928099,1.464864,1.909324,1.587095,1.236481,9.190724,3.682380,2.094563,1.086590,1.483310,5.795590,3.273514,2.149479,1.260611,1.614031
1676060285.508669,1676060285.509876,31.000000,0.000000,4291.153809,4336.025879,4292.820313,4322.692383,4367.563965,4297.179688,4307.563965,4290.641113,4281.153809,4260.769043,4418.077148,4487.436035,4336.538574,4394.743652,0.000000,4.000000,85.000000,,,,0.000000,4.000000,4.000000,4.000000,4.000000,4.000000,4.000000,4.000000,4.000000,4.000000,4.000000,4.000000,4.000000,4.000000,4.000000,100.000000,,,,,,,,,,,,,,,,,,,,,,,,,,,,,,,,,,,,,,,,,,,,,,,,,,,,,,,,,,,,,,,,,,,,,,,,,,,,,,,,,,,,,,
1676060285.516478,1676060285.517685,32.000000,0.000000,4302.948730,4343.461426,4302.820313,4335.384766,4363.589844,4297.563965,4310.128418,4297.948730,4284.871582,4284.102539,4417.820313,4491.666504,4329.487305,4400.128418,0.000000,4.000000,85.000000,,,,0.000000,4.000000,4.000000,4.000000,4.000000,4.000000,4.000000,4.000000,4.000000,4.000000,4.000000,4.000000,4.000000,4.000000,4.000000,100.000000,,,,,,,,,,,,,,,,,,,,,,,,,,,,,,,,,,,,,,,,,,,,,,,,,,,,,,,,,,,,,,,,,,,,,,,,,,,,,,,,,,,,,,
1676060285.524286,1676060285.525393,33.000000,0.000000,4316.153809,4355.256348,4318.205078,4346.410156,4367.051270,4301.666504,4323.077148,4309.871582,4303.974121,4295.256348,4432.948730,4508.461426,4341.153809,4414.871582,0.000000,4.000000,85.000000,,,,0.000000,4.000000,4.000000,4.000000,4.000000,4.000000,4.000000,4.000000,4.000000,4.000000,4.000000,4.000000,4.000000,4.000000,4.000000,100.000000,,,,,,,,,,,,,,,,,,,,,,,,,,,,,,,,,,,,,,,,,,,,,,,,,,,,,,,,,,,,,,,,,,,,,,,,,,,,,,,,,,,,,,
1676060285.532094,1676060285.533202,34.000000,0.000000,4304.358887,4350.256348,4305.641113,4332.307617,4355.000000,4286.153809,4313.846191,4300.000000,4300.769043,4278.589844,4425.384766,4496.538574,4342.692383,4406.410156,0.000000,4.000000,85.000000,,,,0.000000,4.000000,4.000000,4.000000,4.000000,4.000000,4.000000,4.000000,4.000000,4.000000,4.000000,4.000000,4.000000,4.000000,4.000000,100.000000,,,,,,,,,,,,,,,,,,,,,,,,,,,,,,,,,,,,,,,,,,,,,,,,,,,,,,,,,,,,,,,,,,,,,,,,,,,,,,,,,,,,,,
1676060285.539903,1676060285.540910,35.000000,0.000000,4293.077148,4340.256348,4290.512695,4321.538574,4340.897461,4274.871582,4295.641113,4282.307617,4283.717773,4268.846191,4409.743652,4475.000000,4326.153809,4389.871582,0.000000,4.000000,85.000000,,,,0.000000,4.000000,4.000000,4.000000,4.000000,4.000000,4.000000,4.000000,4.000000,4.000000,4.000000,4.000000,4.000000,4.000000,4.000000,100.000000,,,,,,,,,,,,,,,,,,,,,,,,,,,,,,,,,,,,,,,,,,,,,,,,,,,,,,,,,,,,,,,,,,,,,,,,,,,,,,,,,,,,,,
1676060285.547711,1676060285.548719,36.000000,0.000000,4287.179688,4330.641113,4289.487305,4319.230957,4339.615234,4279.230957,4288.846191,4274.871582,4276.666504,4259.615234,4406.025879,4469.871582,4316.025879,4385.384766,0.000000,4.000000,85.000000,,,,0.000000,4.000000,4.000000,4.000000,4.000000,4.000000,4.000000,4.000000,4.000000,4.000000,4.000000,4.000000,4.000000,4.000000,4.000000,100.000000,,,,,,,,,,,,,,,,,,,,,,,,,,,,,,,,,,,,,,,,,,,,,,,,,,,,,,,,,,,,,,,,,,,,,,,,,,,,,,,,,,,,,,
1676060285.555519,1676060285.556427,37.000000,0.000000,4289.102539,4333.974121,4296.025879,4321.282227,4347.307617,4288.589844,4300.128418,4285.512695,4288.333496,4258.974121,4418.974121,4479.358887,4333.205078,4397.436035,0.000000,4.000000,85.000000,,,,0.000000,4.000000,4.000000,4.000000,4.000000,4.000000,4.000000,4.000000,4.000000,4.000000,4.000000,4.000000,4.000000,4.000000,4.000000,100.000000,,,,,,,,,,,,,,,,,,,,,,,,,,,,,,,,,,,,,,,,,,,,,,,,,,,,,,,,,,,,,,,,,,,,,,,,,,,,,,,,,,,,,,
1676060285.563328,1676060285.564335,38.000000,0.000000,4305.897461,4349.230957,4307.051270,4330.000000,4351.922852,4295.128418,4314.487305,4303.461426,4307.692383,4284.871582,4438.077148,4497.051270,4354.358887,4415.769043,0.000000,4.000000,85.000000,,,,0.000000,4.000000,4.000000,4.000000,4.000000,4.000000,4.000000,4.000000,4.000000,4.000000,4.000000,4.000000,4.000000,4.000000,4.000000,100.000000,,,,,,,,,,,,,,,,,,,,,,,,,,,,,,,,,,,,,,,,,,,,,,,,,,,,,,,,,,,,,,,,,,,,,,,,,,,,,,,,,,,,,,
1676060285.571136,1676060285.572144,39.000000,0.000000,4305.128418,4344.230957,4299.230957,4324.487305,4340.000000,4288.077148,4306.922852,4302.179688,4304.102539,4294.743652,4436.410156,4495.000000,4349.743652,4414.358887,0.000000,4.000000,85.000000,,,,0.000000,4.000000,4.000000,4.000000,4.000000,4.000000,4.000000,4.000000,4.000000,4.000000,4.000000,4.000000,4.000000,4.000000,4.000000,100.000000,,,,,,,,,,,,,,,,,,,,,,,,,,,,,,,,,,,,,,,,,,,,,,,,,,,,,,,,,,,,,,,,,,,,,,,,,,,,,,,,,,,,,,
1676060285.578945,1676060285.579952,40.000000,0.000000,4288.077148,4323.077148,4277.051270,4308.974121,4323.205078,4277.051270,4293.333496,4285.512695,4279.358887,4275.384766,4418.846191,4473.461426,4336.025879,4398.333496,0.000000,4.000000,85.000000,,,,0.000000,4.000000,4.000000,4.000000,4.000000,4.000000,4.000000,4.000000,4.000000,4.000000,4.000000,4.000000,4.000000,4.000000,4.000000,100.000000,,,,,,,,,,,,,,,,,,,,,,,,,,,,,,,,,,,,,,,,,,,,,,,,,,,,,,,,,,,,,,,,,,,,,,,,,,,,,,,,,,,,,,
1676060285.586753,1676060285.587661,41.000000,0.000000,4296.153809,4323.333496,4286.666504,4310.769043,4326.025879,4284.871582,4306.410156,4290.000000,4279.743652,4273.717773,4425.256348,4480.769043,4342.436035,4405.641113,0.000000,4.000000,85.000000,,,,0.000000,4.000000,4.000000,4.000000,4.000000,4.000000,4.000000,4.000000,4.000000,4.000000,4.000000,4.000000,4.000000,4.000000,4.000000,100.000000,,,,,,,,,,,,,,,,,,,,,,,,,,,,,,,,,,,,,,,,,,,,,,,,,,,,,,,,,,,,,,,,,,,,,,,,,,,,,,,,,,,,,,
1676060285.594561,1676060285.595469,42.000000,0.000000,4310.641113,4337.820313,4313.589844,4323.205078,4333.077148,4295.512695,4323.717773,4304.358887,4296.794922,4284.743652,4444.615234,4503.846191,4358.589844,4423.461426,0.000000,4.000000,85.000000,,,,0.000000,4.000000,4.000000,4.000000,4.000000,4.000000,4.000000,4.000000,4.000000,4.000000,4.000000,4.000000,4.000000,4.000000,4.000000,100.000000,,,,,,,,,,,,,,,,,,,,,,,,,,,,,,,,,,,,,,,,,,,,,,,,,,,,,,,,,,,,,,,,,,,,,,,,,,,,,,,,,,,,,,
1676060285.602370,1676060285.603178,43.000000,0.000000,4304.487305,4338.077148,4308.717773,4326.922852,4328.461426,4289.615234,4318.974121,4303.589844,4293.461426,4273.717773,4442.051270,4501.410156,4361.153809,4419.743652,0.000000,4.000000,85.000000,,,,0.000000,4.000000,4.000000,4.000000,4.000000,4.000000,4.000000,4.000000,4.000000,4.000000,4.000000,4.000000,4.000000,4.000000,4.000000,100.000000,,,,,,,,,,,,,,,,,,,,,,,,,,,,,,,,,,,,,,,,,,,,,,,,,,,,,,,,,,,,,,,,,,,,,,,,,,,,,,,,,,,,,,
1676060285.610178,1676060285.610986,44.000000,0.000000,4296.410156,4330.769043,4294.615234,4321.538574,4324.871582,4281.153809,4306.282227,4294.743652,4278.461426,4268.077148,4430.641113,4486.025879,4352.436035,4413.846191,0.000000,4.000000,85.000000,,,,0.000000,4.000000,4.000000,4.000000,4.000000,4.000000,4.000000,4.000000,4.000000,4.000000,4.000000,4.000000,4.000000,4.000000,4.000000,100.000000,,,,,,,,,,,,,,,,,,,,,,,,,,,,,,,,,,,,,,,,,,,,,,,,,,,,,,,,,,,,,,,,,,,,,,,,,,,,,,,,,,,,,,
1676060285.617987,1676060285.618695,45.000000,0.000000,4283.077148,4322.051270,4293.717773,4307.051270,4316.025879,4275.384766,4293.333496,4285.128418,4274.358887,4276.922852,4417.820313,4459.230957,4337.692383,4405.128418,0.000000,4.000000,85.000000,,,,0.000000,4.000000,4.000000,4.000000,4.000000,4.000000,4.000000,4.000000,4.000000,4.000000,4.000000,4.000000,4.000000,4.000000,4.000000,100.000000,,,,,,,,,,,,,,,,,,,,,,,,,,,,,,,,,,,,,,,,,,,,,,,,,,,,,,,,,,,,,,,,,,,,,,,,,,,,,,,,,,,,,,
1676060285.625795,1676060285.626603,46.000000,0.000000,4275.128418,4322.051270,4288.717773,4303.077148,4312.179688,4280.769043,4296.282227,4290.128418,4289.743652,4285.000000,4412.436035,4433.974121,4337.820313,4396.410156,0.000000,4.000000,85.000000,,,,0.000000,4.000000,4.000000,4.000000,4.000000,4.000000,4.000000,4.000000,4.000000,4.000000,4.000000,4.000000,4.000000,4.000000,4.000000,100.000000,,,,,,,,,,,,,,,,,3.256259,1.542536,1.149347,1.026343,1.161764,14.870349,3.024781,1.824584,1.371808,1.134626,4.275191,1.144224,1.405937,0.954540,0.945700,4.657033,1.868594,1.286390,1.219826,0.912485,3.313708,0.911651,0.636912,0.594234,0.473966,4.999986,5.245479,1.932365,0.622887,0.708259,1.048937,0.906246,0.582029,0.822893,0.606350,2.070562,0.660358,1.890530,1.234642,0.656095,1.635822,0.690533,1.870406,1.139709,0.785218,1.680347,1.389645,3.993643,1.851721,0.763659,10.866207,5.174892,3.163879,1.311758,1.318874,4.804757,1.795203,2.460530,1.523257,1.243010,11.211076,4.977029,2.923536,1.123039,1.444198,6.913828,4.678660,2.923066,1.267083,1.593974
1676060285.633603,1676060285.634412,47.000000,0.000000,4293.333496,4338.974121,4284.487305,4320.769043,4324.102539,4295.512695,4313.461426,4307.948730,4305.641113,4298.077148,4429.743652,4453.974121,4358.717773,4414.358887,0.000000,4.000000,85.000000,,,,0.000000,4.000000,4.000000,4.000000,4.000000,4.000000,4.000000,4.000000,4.000000,4.000000,4.000000,4.000000,4.000000,4.000000,4.000000,100.000000,,,,,,,,,,,,,,,,,,,,,,,,,,,,,,,,,,,,,,,,,,,,,,,,,,,,,,,,,,,,,,,,,,,,,,,,,,,,,,,,,,,,,,
1676060285.641412,1676060285.642320,48.000000,0.000000,4295.000000,4334.230957,4276.025879,4320.512695,4322.820313,4290.769043,4308.589844,4303.974121,4295.641113,4289.871582,4431.794922,4478.717773,4349.230957,4410.384766,0.000000,4.000000,85.000000,,,,0.000000,4.000000,4.000000,4.000000,4.000000,4.000000,4.000000,4.000000,4.000000,4.000000,4.000000,4.000000,4.000000,4.000000,4.000000,100.000000,,,,,,,,,,,,,,,,,,,,,,,,,,,,,,,,,,,,,,,,,,,,,,,,,,,,,,,,,,,,,,,,,,,,,,,,,,,,,,,,,,,,,,
1676060285.649220,1676060285.650128,49.000000,0.000000,4277.179688,4314.102539,4272.820313,4304.743652,4310.256348,4277.563965,4299.102539,4291.153809,4286.666504,4269.230957,4423.333496,4475.128418,4326.794922,4383.077148,0.000000,4.000000,85.000000,,,,0.000000,4.000000,4.000000,4.000000,4.000000,4.000000,4.000000,4.000000,4.000000,4.000000,4.000000,4.000000,4.000000,4.000000,4.000000,100.000000,,,,,,,,,,,,,,,,,,,,,,,,,,,,,,,,,,,,,,,,,,,,,,,,,,,,,,,,,,,,,,,,,,,,,,,,,,,,,,,,,,,,,,
1676060285.657029,1676060285.658037,50.000000,0.000000,4295.256348,4325.256348,4297.692383,4313.589844,4314.743652,4284.871582,4312.820313,4306.794922,4307.051270,4288.589844,4452.948730,4496.153809,4360.384766,4410.641113,0.000000,4.000000,85.000000,,,,0.000000,4.000000,4.000000,4.000000,4.000000,4.000000,4.000000,4.000000,4.000000,4.000000,4.000000,4.000000,4.000000,4.000000,4.000000,100.000000,,,,,,,,,,,,,,,,,,,,,,,,,,,,,,,,,,,,,,,,,,,,,,,,,,,,,,,,,,,,,,,,,,,,,,,,,,,,,,,,,,,,,,
1676060285.664837,1676060285.665845,51.000000,0.000000,4308.717773,4320.512695,4300.769043,4312.179688,4307.820313,4287.307617,4308.461426,4305.641113,4303.077148,4295.641113,4468.205078,4504.102539,4390.384766,4437.563965,0.000000,4.000000,85.000000,,,,0.000000,4.000000,4.000000,4.000000,4.000000,4.000000,4.000000,4.000000,4.000000,4.000000,4.000000,4.000000,4.000000,4.000000,4.000000,100.000000,,,,,,,,,,,,,,,,,,,,,,,,,,,,,,,,,,,,,,,,,,,,,,,,,,,,,,,,,,,,,,,,,,,,,,,,,,,,,,,,,,,,,,
1676060285.672645,1676060285.673754,52.000000,0.000000,4287.051270,4284.102539,4274.487305,4289.230957,4288.077148,4273.333496,4285.128418,4280.769043,4276.153809,4258.589844,4447.051270,4474.358887,4376.025879,4410.000000,0.000000,4.000000,85.000000,,,,0.000000,4.000000,4.000000,4.000000,4.000000,4.000000,4.000000,4.000000,4.000000,4.000000,4.000000,4.000000,4.000000,4.000000,4.000000,100.000000,,,,,,,,,,,,,,,,,,,,,,,,,,,,,,,,,,,,,,,,,,,,,,,,,,,,,,,,,,,,,,,,,,,,,,,,,,,,,,,,,,,,,,
1676060285.680454,1676060285.681562,53.000000,0.000000,4299.230957,4291.666504,4294.230957,4301.153809,4303.077148,4286.153809,4304.487305,4309.615234,4301.410156,4276.794922,4482.820313,4495.897461,4407.179688,4427.436035,0.000000,4.000000,85.000000,,,,0.000000,4.000000,4.000000,4.000000,4.000000,4.000000,4.000000,4.000000,4.000000,4.000000,4.000000,4.000000,4.000000,4.000000,4.000000,100.000000,,,,,,,,,,,,,,,,,,,,,,,,,,,,,,,,,,,,,,,,,,,,,,,,,,,,,,,,,,,,,,,,,,,,,,,,,,,,,,,,,,,,,,
1676060285.688262,1676060285.689470,54.000000,0.000000,4316.666504,4305.256348,4319.487305,4315.128418,4312.692383,4300.769043,4327.692383,4344.615234,4330.897461,4323.846191,4523.717773,4531.025879,4448.205078,4460.641113,0.000000,4.000000,85.000000,,,,0.000000,4.000000,4.000000,4.000000,4.000000,4.000000,4.000000,4.000000,4.000000,4.000000,4.000000,4.000000,4.000000,4.000000,4.000000,100.000000,,,,,,,,,,,,,,,,,,,,,,,,,,,,,,,,,,,,,,,,,,,,,,,,,,,,,,,,,,,,,,,,,,,,,,,,,,,,,,,,,,,,,,
1676060285.696071,1676060285.697279,55.000000,0.000000,4278.589844,4257.563965,4281.153809,4280.128418,4280.512695,4274.615234,4299.871582,4313.589844,4300.128418,4296.153809,4477.820313,4486.153809,4409.102539,4408.974121,0.000000,4.000000,85.000000,,,,0.000000,4.000000,4.000000,4.000000,4.000000,4.000000,4.000000,4.000000,4.000000,4.000000,4.000000,4.000000,4.000000,4.000000,4.000000,100.000000,,,,,,,,,,,,,,,,,,,,,,,,,,,,,,,,,,,,,,,,,,,,,,,,,,,,,,,,,,,,,,,,,,,,,,,,,,,,,,,,,,,,,,
1676060285.703879,1676060285.704987,56.000000,0.000000,4259.358887,4241.153809,4265.256348,4265.256348,4271.666504,4259.615234,4284.487305,4298.589844,4279.487305,4265.128418,4450.897461,4457.692383,4381.282227,4371.538574,0.000000,4.000000,85.000000,,,,0.000000,4.000000,4.000000,4.000000,4.000000,4.000000,4.000000,4.000000,4.000000,4.000000,4.000000,4.000000,4.000000,4.000000,4.000000,100.000000,,,,,,,,,,,,,,,,,,,,,,,,,,,,,,,,,,,,,,,,,,,,,,,,,,,,,,,,,,,,,,,,,,,,,,,,,,,,,,,,,,,,,,
1676060285.711687,1676060285.712796,57.000000,0.000000,4292.948730,4288.205078,4306.410156,4297.179688,4296.153809,4278.846191,4307.820313,4333.461426,4301.538574,4293.077148,4494.230957,4503.974121,4416.538574,4403.333496,0.000000,4.000000,85.000000,,,,0.000000,4.000000,4.000000,4.000000,4.000000,4.000000,4.000000,4.000000,4.000000,4.000000,4.000000,4.000000,4.000000,4.000000,4.000000,100.000000,,,,,,,,,,,,,,,,,,,,,,,,,,,,,,,,,,,,,,,,,,,,,,,,,,,,,,,,,,,,,,,,,,,,,,,,,,,,,,,,,,,,,,
1676060285.719496,1676060285.720504,58.000000,0.000000,4299.230957,4295.512695,4318.974121,4303.205078,4300.512695,4285.641113,4312.948730,4338.974121,4304.102539,4298.205078,4504.615234,4515.641113,4424.743652,4394.230957,0.000000,4.000000,85.000000,,,,0.000000,4.000000,4.000000,4.000000,4.000000,4.000000,4.000000,4.000000,4.000000,4.000000,4.000000,4.000000,4.000000,4.000000,4.000000,100.000000,,,,,,,,,,,,,,,,,,,,,,,,,,,,,,,,,,,,,,,,,,,,,,,,,,,,,,,,,,,,,,,,,,,,,,,,,,,,,,,,,,,,,,
1676060285.727304,1676060285.728313,59.000000,0.000000,4278.461426,4269.358887,4301.282227,4284.743652,4291.538574,4278.205078,4297.179688,4316.794922,4287.307617,4269.487305,4479.230957,4482.948730,4400.256348,4350.256348,0.000000,4.000000,85.000000,,,,0.000000,4.000000,4.000000,4.000000,4.000000,4.000000,4.000000,4.000000,4.000000,4.000000,4.000000,4.000000,4.000000,4.000000,4.000000,100.000000,,,,,,,,,,,,,,,,,,,,,,,,,,,,,,,,,,,,,,,,,,,,,,,,,,,,,,,,,,,,,,,,,,,,,,,,,,,,,,,,,,,,,,
1676060285.735112,1676060285.736021,60.000000,0.000000,4273.846191,4262.563965,4293.077148,4278.205078,4289.230957,4276.410156,4290.000000,4309.615234,4284.615234,4260.256348,4469.871582,4467.820313,4383.974121,4335.128418,0.000000,4.000000,85.000000,,,,0.000000,4.000000,4.000000,4.000000,4.000000,4.000000,4.000000,4.000000,4.000000,4.000000,4.000000,4.000000,4.000000,4.000000,4.000000,100.000000,,,,,,,,,,,,,,,,,,,,,,,,,,,,,,,,,,,,,,,,,,,,,,,,,,,,,,,,,,,,,,,,,,,,,,,,,,,,,,,,,,,,,,
1676060285.742921,1676060285.743830,61.000000,0.000000,4273.974121,4261.666504,4288.717773,4275.256348,4286.410156,4276.922852,4289.230957,4307.820313,4283.077148,4264.871582,4465.641113,4464.871582,4372.948730,4329.102539,0.000000,4.000000,85.000000,,,,0.000000,4.000000,4.000000,4.000000,4.000000,4.000000,4.000000,4.000000,4.000000,4.000000,4.000000,4.000000,4.000000,4.000000,4.000000,100.000000,,,,,,,,,,,,,,,,,,,,,,,,,,,,,,,,,,,,,,,,,,,,,,,,,,,,,,,,,,,,,,,,,,,,,,,,,,,,,,,,,,,,,,
1676060285.750729,1676060285.751538,62.000000,0.000000,4286.538574,4277.820313,4301.282227,4287.948730,4299.358887,4291.666504,4306.922852,4321.025879,4295.000000,4285.000000,4482.307617,4477.051270,4389.743652,4334.358887,0.000000,4.000000,85.000000,,,,0.000000,4.000000,4.000000,4.000000,4.000000,4.000000,4.000000,4.000000,4.000000,4.000000,4.000000,4.000000,4.000000,4.000000,4.000000,100.000000,,,,,,,,,,,,,,,,,3.178933,1.530391,1.190084,0.915066,1.181635,18.152376,3.396849,1.969623,1.302669,1.197814,4.263695,1.212962,1.629342,0.913198,0.920440,5.051443,1.922855,1.373278,1.149686,0.976412,6.803698,1.589139,0.747938,0.592553,0.493739,8.087661,7.441744,3.155744,0.831289,0.854600,0.962221,1.118463,0.715439,0.703925,0.614040,2.300356,0.719677,2.249658,1.170732,0.683281,1.608357,0.805824,2.241520,1.073176,0.900618,1.724661,1.627139,4.694509,1.788231,0.858667,12.608384,6.017720,3.780119,1.292700,1.356864,4.790919,2.172337,2.891352,1.479162,1.331534,13.747345,6.030677,3.667249,1.180728,1.479106,8.059835,5.897399,3.610926,1.297797,1.610943
1676060285.758537,1676060285.759347,63.000000,0.000000,4299.871582,4300.000000,4317.948730,4305.384766,4311.410156,4304.358887,4323.846191,4337.179688,4314.102539,4301.538574,4505.512695,4495.128418,4414.615234,4352.436035,0.000000,4.000000,85.000000,,,,0.000000,4.000000,4.000000,4.000000,4.000000,4.000000,4.000000,4.000000,4.000000,4.000000,4.000000,4.000000,4.000000,4.000000,4.000000,100.000000,,,,,,,,,,,,,,,,,,,,,,,,,,,,,,,,,,,,,,,,,,,,,,,,,,,,,,,,,,,,,,,,,,,,,,,,,,,,,,,,,,,,,,
1676060285.766346,1676060285.767055,64.000000,0.000000,4290.128418,4286.794922,4304.871582,4295.897461,4293.461426,4288.974121,4309.358887,4323.333496,4305.641113,4287.563965,4495.641113,4483.461426,4403.077148,4350.256348,2510.000000,4.000000,85.000000,,,,0.000000,4.000000,4.000000,4.000000,4.000000,4.000000,4.000000,4.000000,4.000000,4.000000,4.000000,4.000000,4.000000,4.000000,4.000000,100.000000,,,,,,,,,,,,,,,,,,,,,,,,,,,,,,,,,,,,,,,,,,,,,,,,,,,,,,,,,,,,,,,,,,,,,,,,,,,,,,,,,,,,,,
1676060285.774154,1676060285.774864,65.000000,0.000000,4276.025879,4262.051270,4287.692383,4276.153809,4276.666504,4275.000000,4296.153809,4307.436035,4289.230957,4274.743652,4481.282227,4465.128418,4383.846191,4333.846191,2469.000000,4.000000,85.000000,,,,0.000000,4.000000,4.000000,4.000000,4.000000,4.000000,4.000000,4.000000,4.000000,4.000000,4.000000,4.000000,4.000000,4.000000,4.000000,100.000000,,,,,,,,,,,,,,,,,,,,,,,,,,,,,,,,,,,,,,,,,,,,,,,,,,,,,,,,,,,,,,,,,,,,,,,,,,,,,,,,,,,,,,
1676060285.781963,1676060285.782572,66.000000,0.000000,4270.256348,4262.179688,4291.410156,4270.000000,4279.615234,4282.179688,4306.922852,4311.922852,4292.820313,4274.871582,4484.743652,4470.512695,4387.307617,4329.102539,2391.000000,4.000000,85.000000,,,,0.000000,4.000000,4.000000,4.000000,4.000000,4.000000,4.000000,4.000000,4.000000,4.000000,4.000000,4.000000,4.000000,4.000000,4.000000,100.000000,,,,,,,,,,,,,,,,,,,,,,,,,,,,,,,,,,,,,,,,,,,,,,,,,,,,,,,,,,,,,,,,,,,,,,,,,,,,,,,,,,,,,,
1676060285.789771,1676060285.790381,67.000000,0.000000,4274.615234,4275.000000,4298.717773,4277.179688,4281.410156,4288.846191,4312.436035,4311.666504,4297.563965,4276.153809,4486.922852,4476.282227,4391.666504,4335.897461,2456.000000,4.000000,85.000000,,,,0.000000,4.000000,4.000000,4.000000,4.000000,4.000000,4.000000,4.000000,4.000000,4.000000,4.000000,4.000000,4.000000,4.000000,4.000000,100.000000,,,,,,,,,,,,,,,,,,,,,,,,,,,,,,,,,,,,,,,,,,,,,,,,,,,,,,,,,,,,,,,,,,,,,,,,,,,,,,,,,,,,,,
1676060285.797579,1676060285.798089,68.000000,0.000000,4295.641113,4294.615234,4308.974121,4297.692383,4287.307617,4292.179688,4312.436035,4313.717773,4302.820313,4291.538574,4495.897461,4484.358887,4397.436035,4354.358887,2426.000000,4.000000,85.000000,,,,0.000000,4.000000,4.000000,4.000000,4.000000,4.000000,4.000000,4.000000,4.000000,4.000000,4.000000,4.000000,4.000000,4.000000,4.000000,100.000000,,,,,,,,,,,,,,,,,,,,,,,,,,,,,,,,,,,,,,,,,,,,,,,,,,,,,,,,,,,,,,,,,,,,,,,,,,,,,,,,,,,,,,
1676060285.805388,1676060285.805998,69.000000,0.000000,4314.871582,4316.538574,4327.051270,4314.871582,4297.563965,4296.538574,4320.512695,4327.436035,4314.615234,4307.692383,4517.948730,4505.128418,4414.487305,4377.307617,2373.000000,4.000000,85.000000,,,,0.000000,4.000000,4.000000,4.000000,4.000000,4.000000,4.000000,4.000000,4.000000,4.000000,4.000000,4.000000,4.000000,4.000000,4.000000,100.000000,,,,,,,,,,,,,,,,,,,,,,,,,,,,,,,,,,,,,,,,,,,,,,,,,,,,,,,,,,,,,,,,,,,,,,,,,,,,,,,,,,,,,,
1676060285.813196,1676060285.813806,70.000000,0.000000,4308.461426,4318.205078,4328.333496,4306.410156,4289.615234,4287.692383,4314.615234,4323.589844,4307.436035,4296.922852,4514.743652,4502.692383,4410.769043,4374.358887,2219.000000,4.000000,85.000000,,,,0.000000,4.000000,4.000000,4.000000,4.000000,4.000000,4.000000,4.000000,4.000000,4.000000,4.000000,4.000000,4.000000,4.000000,4.000000,100.000000,,,,,,,,,,,,,,,,,,,,,,,,,,,,,,,,,,,,,,,,,,,,,,,,,,,,,,,,,,,,,,,,,,,,,,,,,,,,,,,,,,,,,,
1676060285.821005,1676060285.821714,71.000000,0.000000,4302.307617,4321.666504,4320.769043,4305.384766,4281.025879,4279.358887,4301.922852,4311.410156,4295.641113,4287.179688,4503.589844,4487.948730,4395.897461,4364.358887,2219.000000,4.000000,85.000000,,,,0.000000,4.000000,4.000000,4.000000,4.000000,4.000000,4.000000,4.000000,4.000000,4.000000,4.000000,4.000000,4.000000,4.000000,4.000000,100.000000,,,,,,,,,,,,,,,,,,,,,,,,,,,,,,,,,,,,,,,,,,,,,,,,,,,,,,,,,,,,,,,,,,,,,,,,,,,,,,,,,,,,,,
1676060285.828813,1676060285.829523,72.000000,0.000000,4295.384766,4330.128418,4307.820313,4310.512695,4281.282227,4277.948730,4294.230957,4302.307617,4288.333496,4281.153809,4501.922852,4475.000000,4381.538574,4352.051270,2271.000000,4.000000,85.000000,,,,0.000000,4.000000,4.000000,4.000000,4.000000,4.000000,4.000000,4.000000,4.000000,4.000000,4.000000,4.000000,4.000000,4.000000,4.000000,100.000000,,,,,,,,,,,,,,,,,,,,,,,,,,,,,,,,,,,,,,,,,,,,,,,,,,,,,,,,,,,,,,,,,,,,,,,,,,,,,,,,,,,,,,
1676060285.836621,1676060285.837431,73.000000,0.000000,4279.871582,4327.051270,4292.307617,4300.256348,4277.948730,4276.025879,4286.922852,4291.794922,4275.384766,4268.974121,4498.717773,4455.000000,4350.128418,4328.974121,2237.000000,4.000000,85.000000,,,,0.000000,4.000000,4.000000,4.000000,4.000000,4.000000,4.000000,4.000000,4.000000,4.000000,4.000000,4.000000,4.000000,4.000000,4.000000,100.000000,,,,,,,,,,,,,,,,,,,,,,,,,,,,,,,,,,,,,,,,,,,,,,,,,,,,,,,,,,,,,,,,,,,,,,,,,,,,,,,,,,,,,,
1676060285.844430,1676060285.845240,74.000000,0.000000,4286.794922,4338.717773,4301.794922,4306.025879,4282.820313,4283.333496,4295.128418,4300.256348,4284.743652,4275.384766,4522.307617,4459.230957,4335.256348,4329.487305,2722.000000,4.000000,85.000000,,,,0.000000,4.000000,4.000000,4.000000,4.000000,4.000000,4.000000,4.000000,4.000000,4.000000,4.000000,4.000000,4.000000,4.000000,4.000000,100.000000,,,,,,,,,,,,,,,,,,,,,,,,,,,,,,,,,,,,,,,,,,,,,,,,,,,,,,,,,,,,,,,,,,,,,,,,,,,,,,,,,,,,,,
1676060285.852238,1676060285.853148,75.000000,0.000000,4298.461426,4354.743652,4309.358887,4319.358887,4286.538574,4289.230957,4303.974121,4309.102539,4297.948730,4275.897461,4556.538574,4472.436035,4344.102539,4342.179688,2922.000000,4.000000,85.000000,,,,0.000000,4.000000,4.000000,4.000000,4.000000,4.000000,4.000000,4.000000,4.000000,4.000000,4.000000,4.000000,4.000000,4.000000,4.000000,100.000000,,,,,,,,,,,,,,,,,,,,,,,,,,,,,,,,,,,,,,,,,,,,,,,,,,,,,,,,,,,,,,,,,,,,,,,,,,,,,,,,,,,,,,
1676060285.860047,1676060285.860956,76.000000,0.000000,4293.461426,4347.179688,4297.179688,4312.563965,4277.563965,4282.563965,4296.282227,4295.769043,4286.153809,4264.358887,4574.615234,4465.512695,4346.410156,4340.897461,3119.000000,4.000000,85.000000,,,,0.000000,4.000000,4.000000,4.000000,4.000000,4.000000,4.000000,4.000000,4.000000,4.000000,4.000000,4.000000,4.000000,4.000000,4.000000,100.000000,,,,,,,,,,,,,,,,,,,,,,,,,,,,,,,,,,,,,,,,,,,,,,,,,,,,,,,,,,,,,,,,,,,,,,,,,,,,,,,,,,,,,,
1676060285.867855,1676060285.868865,77.000000,0.000000,4289.102539,4334.743652,4299.102539,4303.846191,4273.205078,4277.820313,4297.820313,4295.641113,4283.205078,4276.025879,4597.692383,4464.743652,4340.897461,4343.333496,3231.000000,4.000000,85.000000,,,,0.000000,4.000000,4.000000,4.000000,4.000000,4.000000,4.000000,4.000000,4.000000,4.000000,4.000000,4.000000,4.000000,4.000000,4.000000,100.000000,,,,,,,,,,,,,,,,,,,,,,,,,,,,,,,,,,,,,,,,,,,,,,,,,,,,,,,,,,,,,,,,,,,,,,,,,,,,,,,,,,,,,,
1676060285.875663,1676060285.876673,78.000000,0.000000,4296.153809,4338.461426,4316.025879,4308.717773,4281.666504,4284.102539,4311.025879,4311.794922,4297.307617,4290.000000,4628.846191,4478.974121,4346.025879,4356.410156,2722.000000,4.000000,85.000000,,,,0.000000,4.000000,4.000000,4.000000,4.000000,4.000000,4.000000,4.000000,4.000000,4.000000,4.000000,4.000000,4.000000,4.000000,4.000000,100.000000,1.000000,58.333332,4.000000,4.000000,3.000000,4.000000,1.000000,3.000000,4.000000,4.000000,4.000000,3.000000,3.000000,3.000000,3.000000,3.000000,2.851372,1.428165,1.159683,0.810446,1.215842,20.242912,3.635463,2.040542,1.202505,1.270297,3.888537,1.332619,1.743422,0.908585,0.930273,5.015421,1.921627,1.349523,1.073343,1.056427,13.126932,2.679465,0.810006,0.570015,0.521131,11.688247,9.312327,4.418996,1.082296,1.018275,0.850807,1.386414,0.838009,0.584839,0.653323,2.422343,0.824207,2.585563,1.120299,0.761879,1.556380,0.882532,2.442099,1.004605,1.056282,1.787601,1.771028,4.862873,1.683065,1.022676,13.949822,6.384503,4.085646,1.316468,1.443814,4.911632,2.506676,3.095259,1.496473,1.466437,16.248962,6.560575,4.143878,1.261147,1.549862,8.936016,6.608742,4.032883,1.353445,1.644909
1676060285.883472,1676060285.884582,79.000000,0.000000,4303.589844,4340.384766,4321.538574,4312.563965,4280.897461,4284.871582,4307.307617,4309.615234,4300.769043,4285.512695,4645.897461,4484.487305,4361.410156,4363.717773,2922.000000,4.000000,85.000000,,,,0.000000,4.000000,4.000000,4.000000,4.000000,4.000000,4.000000,4.000000,4.000000,4.000000,4.000000,4.000000,4.000000,4.000000,4.000000,100.000000,,,,,,,,,,,,,,,,,,,,,,,,,,,,,,,,,,,,,,,,,,,,,,,,,,,,,,,,,,,,,,,,,,,,,,,,,,,,,,,,,,,,,,
1676060285.891280,1676060285.892390,80.000000,0.000000,4296.794922,4325.769043,4311.794922,4301.153809,4266.410156,4275.897461,4290.128418,4292.436035,4291.666504,4276.282227,4635.897461,4474.743652,4358.077148,4356.025879,3119.000000,4.000000,85.000000,,,,0.000000,4.000000,4.000000,4.000000,4.000000,4.000000,4.000000,4.000000,4.000000,4.000000,4.000000,4.000000,4.000000,4.000000,4.000000,100.000000,,,,,,,,,,,,,,,,,,,,,,,,,,,,,,,,,,,,,,,,,,,,,,,,,,,,,,,,,,,,,,,,,,,,,,,,,,,,,,,,,,,,,,
1676060285.899089,1676060285.900099,81.000000,0.000000,4287.051270,4315.512695,4307.307617,4293.077148,4262.563965,4274.871582,4291.025879,4290.384766,4287.692383,4276.025879,4618.205078,4469.358887,4341.410156,4353.077148,3231.000000,4.000000,85.000000,,,,0.000000,4.000000,4.000000,4.000000,4.000000,4.000000,4.000000,4.000000,4.000000,4.000000,4.000000,4.000000,4.000000,4.000000,4.000000,100.000000,,,,,,,,,,,,,,,,,,,,,,,,,,,,,,,,,,,,,,,,,,,,,,,,,,,,,,,,,,,,,,,,,,,,,,,,,,,,,,,,,,,,,,
1676060285.906897,1676060285.907907,82.000000,0.000000,4302.051270,4334.871582,4323.846191,4309.871582,4281.282227,4289.230957,4315.384766,4314.743652,4305.769043,4292.563965,4630.128418,4491.153809,4360.897461,4377.820313,2722.000000,4.000000,85.000000,,,,0.000000,4.000000,4.000000,4.000000,4.000000,4.000000,4.000000,4.000000,4.000000,4.000000,4.000000,4.000000,4.000000,4.000000,4.000000,100.000000,,,,,,,,,,,,,,,,,,,,,,,,,,,,,,,,,,,,,,,,,,,,,,,,,,,,,,,,,,,,,,,,,,,,,,,,,,,,,,,,,,,,,,
1676060285.914705,1676060285.915616,83.000000,0.000000,4304.358887,4337.179688,4324.871582,4311.666504,4281.410156,4287.692383,4322.692383,4325.000000,4316.666504,4296.794922,4631.922852,4500.000000,4378.974121,4381.410156,2922.000000,4.000000,85.000000,,,,0.000000,4.000000,4.000000,4.000000,4.000000,4.000000,4.000000,4.000000,4.000000,4.000000,4.000000,4.000000,4.000000,4.000000,4.000000,100.000000,,,,,,,,,,,,,,,,,,,,,,,,,,,,,,,,,,,,,,,,,,,,,,,,,,,,,,,,,,,,,,,,,,,,,,,,,,,,,,,,,,,,,,
1676060285.922514,1676060285.923424,84.000000,0.000000,4269.230957,4299.487305,4291.922852,4275.769043,4249.743652,4262.051270,4293.717773,4297.563965,4284.871582,4267.692383,4578.589844,4460.384766,4341.153809,4339.743652,3119.000000,4.000000,85.000000,,,,0.000000,4.000000,4.000000,4.000000,4.000000,4.000000,4.000000,4.000000,4.000000,4.000000,4.000000,4.000000,4.000000,4.000000,4.000000,100.000000,,,,,,,,,,,,,,,,,,,,,,,,,,,,,,,,,,,,,,,,,,,,,,,,,,,,,,,,,,,,,,,,,,,,,,,,,,,,,,,,,,,,,,
1676060285.930322,1676060285.931133,85.000000,0.000000,4269.102539,4303.205078,4292.179688,4278.077148,4251.282227,4267.692383,4287.948730,4293.205078,4273.205078,4267.563965,4558.589844,4454.487305,4329.871582,4341.410156,3231.000000,4.000000,85.000000,,,,0.000000,4.000000,4.000000,4.000000,4.000000,4.000000,4.000000,4.000000,4.000000,4.000000,4.000000,4.000000,4.000000,4.000000,4.000000,100.000000,,,,,,,,,,,,,,,,,,,,,,,,,,,,,,,,,,,,,,,,,,,,,,,,,,,,,,,,,,,,,,,,,,,,,,,,,,,,,,,,,,,,,,
1676060285.938130,1676060285.938941,86.000000,0.000000,4289.743652,4333.461426,4310.128418,4306.282227,4271.025879,4284.743652,4304.743652,4310.512695,4291.025879,4283.589844,4573.717773,4476.153809,4348.333496,4363.589844,2722.000000,4.000000,85.000000,,,,0.000000,4.000000,4.000000,4.000000,4.000000,4.000000,4.000000,4.000000,4.000000,4.000000,4.000000,4.000000,4.000000,4.000000,4.000000,100.000000,,,,,,,,,,,,,,,,,,,,,,,,,,,,,,,,,,,,,,,,,,,,,,,,,,,,,,,,,,,,,,,,,,,,,,,,,,,,,,,,,,,,,,
1676060285.945939,1676060285.946650,87.000000,0.000000,4266.282227,4314.230957,4282.948730,4284.358887,4255.641113,4264.230957,4287.948730,4291.025879,4271.666504,4254.871582,4536.538574,4445.384766,4318.077148,4327.051270,2922.000000,4.000000,85.000000,,,,0.000000,4.000000,4.000000,4.000000,4.000000,4.000000,4.000000,4.000000,4.000000,4.000000,4.000000,4.000000,4.000000,4.000000,4.000000,100.000000,,,,,,,,,,,,,,,,,,,,,,,,,,,,,,,,,,,,,,,,,,,,,,,,,,,,,,,,,,,,,,,,,,,,,,,,,,,,,,,,,,,,,,
1676060285.953747,1676060285.954458,88.000000,0.000000,4253.461426,4300.256348,4271.794922,4268.333496,4250.512695,4256.410156,4273.717773,4276.794922,4259.615234,4244.871582,4516.282227,4433.205078,4308.846191,4317.307617,3119.000000,4.000000,85.000000,,,,0.000000,4.000000,4.000000,4.000000,4.000000,4.000000,4.000000,4.000000,4.000000,4.000000,4.000000,4.000000,4.000000,4.000000,4.000000,100.000000,,,,,,,,,,,,,,,,,,,,,,,,,,,,,,,,,,,,,,,,,,,,,,,,,,,,,,,,,,,,,,,,,,,,,,,,,,,,,,,,,,,,,,
1676060285.961556,1676060285.962167,89.000000,0.000000,4276.282227,4323.077148,4300.384766,4295.000000,4267.948730,4277.948730,4290.384766,4292.436035,4283.461426,4275.256348,4548.974121,4468.077148,4347.051270,4360.897461,3231.000000,4.000000,85.000000,,,,0.000000,4.000000,4.000000,4.000000,4.000000,4.000000,4.000000,4.000000,4.000000,4.000000,4.000000,4.000000,4.000000,4.000000,4.000000,100.000000,,,,,,,,,,,,,,,,,,,,,,,,,,,,,,,,,,,,,,,,,,,,,,,,,,,,,,,,,,,,,,,,,,,,,,,,,,,,,,,,,,,,,,
1676060285.969364,1676060285.969975,90.000000,0.000000,4270.641113,4310.897461,4288.717773,4288.974121,4257.051270,4271.025879,4283.846191,4274.743652,4272.179688,4264.102539,4531.538574,4451.666504,4334.230957,4350.897461,2722.000000,4.000000,85.000000,,,,0.000000,4.000000,4.000000,4.000000,4.000000,4.000000,4.000000,4.000000,4.000000,4.000000,4.000000,4.000000,4.000000,4.000000,4.000000,100.000000,,,,,,,,,,,,,,,,,,,,,,,,,,,,,,,,,,,,,,,,,,,,,,,,,,,,,,,,,,,,,,,,,,,,,,,,,,,,,,,,,,,,,,
1676060285.977172,1676060285.977684,91.000000,0.000000,4263.205078,4293.974121,4269.615234,4271.666504,4247.051270,4274.487305,4269.358887,4256.282227,4253.333496,4242.179688,4508.333496,4428.717773,4314.358887,4330.128418,2922.000000,4.000000,85.000000,,,,0.000000,4.000000,4.000000,4.000000,4.000000,4.000000,4.000000,4.000000,4.000000,4.000000,4.000000,4.000000,4.000000,4.000000,4.000000,100.000000,,,,,,,,,,,,,,,,,,,,,,,,,,,,,,,,,,,,,,,,,,,,,,,,,,,,,,,,,,,,,,,,,,,,,,,,,,,,,,,,,,,,,,
1676060285.984981,1676060285.985592,92.000000,0.000000,4292.692383,4322.692383,4300.769043,4295.641113,4268.589844,4354.743652,4288.846191,4284.358887,4278.589844,4269.102539,4549.615234,4471.282227,4359.743652,4371.538574,3119.000000,4.000000,85.000000,,,,0.000000,4.000000,4.000000,4.000000,4.000000,4.000000,4.000000,4.000000,4.000000,4.000000,4.000000,4.000000,4.000000,4.000000,4.000000,100.000000,,,,,,,,,,,,,,,,,,,,,,,,,,,,,,,,,,,,,,,,,,,,,,,,,,,,,,,,,,,,,,,,,,,,,,,,,,,,,,,,,,,,,,
1676060285.992789,1676060285.993400,93.000000,0.000000,4305.256348,4336.282227,4323.205078,4314.230957,4275.256348,4442.820313,4302.307617,4306.666504,4298.846191,4295.512695,4576.282227,4498.974121,4390.512695,4402.820313,3231.000000,4.000000,85.000000,,,,0.000000,4.000000,4.000000,4.000000,4.000000,4.000000,4.000000,4.000000,4.000000,4.000000,4.000000,4.000000,4.000000,4.000000,4.000000,100.000000,,,,,,,,,,,,,,,,,,,,,,,,,,,,,,,,,,,,,,,,,,,,,,,,,,,,,,,,,,,,,,,,,,,,,,,,,,,,,,,,,,,,,,
1676060286.000597,1676060286.001309,94.000000,0.000000,4287.692383,4307.692383,4304.102539,4290.000000,4256.538574,4449.871582,4287.307617,4294.487305,4282.051270,4274.615234,4551.794922,4474.102539,4367.436035,4382.051270,2722.000000,4.000000,85.000000,,,,0.000000,4.000000,4.000000,4.000000,4.000000,4.000000,4.000000,4.000000,4.000000,4.000000,4.000000,4.000000,4.000000,4.000000,4.000000,100.000000,,,,,,,,,,,,,,,,,2.352847,1.264742,1.088893,0.734594,1.250969,20.443100,3.613688,1.994386,1.079300,1.334025,3.244165,1.451066,1.748422,0.941122,0.979374,4.529464,1.853270,1.216381,0.997859,1.127675,21.718363,3.965532,0.808671,0.533861,0.548290,14.790212,10.294368,5.353763,1.308594,1.148776,0.726863,1.684414,0.935732,0.493014,0.720044,2.395224,0.920631,2.788408,1.090118,0.879809,1.453637,0.907821,2.431946,0.948975,1.219151,1.823281,1.782115,4.473279,1.560137,1.221279,14.615248,6.177525,4.019963,1.371426,1.552084,5.097250,2.733373,3.066600,1.583274,1.611760,17.957336,6.532995,4.236571,1.351318,1.616703,9.474815,6.694485,4.077482,1.418127,1.678626
1676060286.008406,1676060286.009117,95.000000,0.000000,4272.820313,4279.615234,4285.512695,4263.077148,4242.307617,4409.487305,4281.410156,4283.461426,4261.666504,4242.436035,4529.743652,4455.384766,4350.000000,4360.128418,2922.000000,4.000000,85.000000,,,,0.000000,4.000000,4.000000,4.000000,4.000000,4.000000,4.000000,4.000000,4.000000,4.000000,4.000000,4.000000,4.000000,4.000000,4.000000,100.000000,,,,,,,,,,,,,,,,,,,,,,,,,,,,,,,,,,,,,,,,,,,,,,,,,,,,,,,,,,,,,,,,,,,,,,,,,,,,,,,,,,,,,,
1676060286.016214,1676060286.017026,96.000000,0.000000,4278.333496,4279.871582,4295.512695,4270.256348,4252.179688,4402.051270,4302.820313,4301.538574,4275.000000,4255.384766,4546.666504,4476.666504,4371.666504,4379.743652,3119.000000,4.000000,85.000000,,,,0.000000,4.000000,4.000000,4.000000,4.000000,4.000000,4.000000,4.000000,4.000000,4.000000,4.000000,4.000000,4.000000,4.000000,4.000000,100.000000,,,,,,,,,,,,,,,,,,,,,,,,,,,,,,,,,,,,,,,,,,,,,,,,,,,,,,,,,,,,,,,,,,,,,,,,,,,,,,,,,,,,,,
1676060286.024022,1676060286.024834,97.000000,0.000000,4284.487305,4282.051270,4307.563965,4280.769043,4267.179688,4412.692383,4318.205078,4323.333496,4300.897461,4287.692383,4572.051270,4498.205078,4393.205078,4403.974121,3231.000000,4.000000,85.000000,,,,0.000000,4.000000,4.000000,4.000000,4.000000,4.000000,4.000000,4.000000,4.000000,4.000000,4.000000,4.000000,4.000000,4.000000,4.000000,100.000000,,,,,,,,,,,,,,,,,,,,,,,,,,,,,,,,,,,,,,,,,,,,,,,,,,,,,,,,,,,,,,,,,,,,,,,,,,,,,,,,,,,,,,
1676060286.031831,1676060286.032742,98.000000,0.000000,4268.333496,4263.077148,4288.717773,4262.307617,4254.615234,4394.358887,4301.282227,4307.692383,4291.153809,4273.589844,4558.205078,4471.025879,4370.769043,4378.589844,2722.000000,4.000000,85.000000,,,,0.000000,4.000000,4.000000,4.000000,4.000000,4.000000,4.000000,4.000000,4.000000,4.000000,4.000000,4.000000,4.000000,4.000000,4.000000,100.000000,,,,,,,,,,,,,,,,,,,,,,,,,,,,,,,,,,,,,,,,,,,,,,,,,,,,,,,,,,,,,,,,,,,,,,,,,,,,,,,,,,,,,,
1676060286.039639,1676060286.040551,99.000000,0.000000,4259.358887,4255.128418,4271.410156,4250.256348,4241.794922,4374.743652,4288.205078,4286.538574,4275.897461,4255.384766,4543.205078,4445.641113,4348.333496,4355.128418,2922.000000,4.000000,85.000000,,,,0.000000,4.000000,4.000000,4.000000,4.000000,4.000000,4.000000,4.000000,4.000000,4.000000,4.000000,4.000000,4.000000,4.000000,4.000000,100.000000,,,,,,,,,,,,,,,,,,,,,,,,,,,,,,,,,,,,,,,,,,,,,,,,,,,,,,,,,,,,,,,,,,,,,,,,,,,,,,,,,,,,,,
1676060286.047448,1676060286.048459,100.000000,0.000000,4271.794922,4273.717773,4286.922852,4269.871582,4256.410156,4375.897461,4304.615234,4306.153809,4299.615234,4291.025879,4575.256348,4478.461426,4373.974121,4386.666504,3119.000000,4.000000,85.000000,,,,0.000000,4.000000,4.000000,4.000000,4.000000,4.000000,4.000000,4.000000,4.000000,4.000000,4.000000,4.000000,4.000000,4.000000,4.000000,100.000000,,,,,,,,,,,,,,,,,,,,,,,,,,,,,,,,,,,,,,,,,,,,,,,,,,,,,,,,,,,,,,,,,,,,,,,,,,,,,,,,,,,,,,
1676060286.055256,1676060286.056268,101.000000,0.000000,4269.871582,4278.846191,4291.538574,4284.102539,4258.461426,4367.563965,4305.384766,4313.461426,4307.563965,4301.666504,4596.282227,4497.692383,4395.000000,4403.846191,3231.000000,4.000000,85.000000,,,,0.000000,4.000000,4.000000,4.000000,4.000000,4.000000,4.000000,4.000000,4.000000,4.000000,4.000000,4.000000,4.000000,4.000000,4.000000,100.000000,,,,,,,,,,,,,,,,,,,,,,,,,,,,,,,,,,,,,,,,,,,,,,,,,,,,,,,,,,,,,,,,,,,,,,,,,,,,,,,,,,,,,,
1676060286.063064,1676060286.064176,102.000000,0.000000,4260.769043,4275.641113,4275.641113,4286.153809,4243.717773,4349.358887,4283.205078,4283.333496,4274.615234,4255.769043,4572.051270,4471.025879,4369.487305,4377.436035,2722.000000,4.000000,85.000000,,,,0.000000,4.000000,4.000000,4.000000,4.000000,4.000000,4.000000,4.000000,4.000000,4.000000,4.000000,4.000000,4.000000,4.000000,4.000000,100.000000,,,,,,,,,,,,,,,,,,,,,,,,,,,,,,,,,,,,,,,,,,,,,,,,,,,,,,,,,,,,,,,,,,,,,,,,,,,,,,,,,,,,,,
1676060286.070873,1676060286.071984,103.000000,0.000000,4269.487305,4295.128418,4278.589844,4303.205078,4243.461426,4343.589844,4280.384766,4270.000000,4257.692383,4236.922852,4562.436035,4462.948730,4342.307617,4367.436035,2922.000000,4.000000,85.000000,,,,0.000000,4.000000,4.000000,4.000000,4.000000,4.000000,4.000000,4.000000,4.000000,4.000000,4.000000,4.000000,4.000000,4.000000,4.000000,100.000000,,,,,,,,,,,,,,,,,,,,,,,,,,,,,,,,,,,,,,,,,,,,,,,,,,,,,,,,,,,,,,,,,,,,,,,,,,,,,,,,,,,,,,
1676060286.078681,1676060286.079793,104.000000,0.000000,4276.282227,4315.897461,4285.384766,4319.871582,4246.025879,4337.692383,4286.025879,4274.102539,4257.563965,4247.307617,4575.384766,4471.794922,4331.922852,4370.897461,3119.000000,4.000000,85.000000,,,,0.000000,4.000000,4.000000,4.000000,4.000000,4.000000,4.000000,4.000000,4.000000,4.000000,4.000000,4.000000,4.000000,4.000000,4.000000,100.000000,,,,,,,,,,,,,,,,,,,,,,,,,,,,,,,,,,,,,,,,,,,,,,,,,,,,,,,,,,,,,,,,,,,,,,,,,,,,,,,,,,,,,,
1676060286.086490,1676060286.087601,105.000000,0.000000,4286.282227,4334.615234,4292.948730,4338.077148,4250.897461,4338.333496,4290.128418,4284.102539,4265.512695,4256.538574,4605.384766,4488.333496,4335.384766,4377.307617,3231.000000,4.000000,85.000000,,,,0.000000,4.000000,4.000000,4.000000,4.000000,4.000000,4.000000,4.000000,4.000000,4.000000,4.000000,4.000000,4.000000,4.000000,4.000000,100.000000,,,,,,,,,,,,,,,,,,,,,,,,,,,,,,,,,,,,,,,,,,,,,,,,,,,,,,,,,,,,,,,,,,,,,,,,,,,,,,,,,,,,,,
1676060286.094298,1676060286.095310,106.000000,0.000000,4304.230957,4356.025879,4312.307617,4361.153809,4267.051270,4349.743652,4303.077148,4303.205078,4284.358887,4275.256348,4651.025879,4515.897461,4349.487305,4398.717773,2722.000000,4.000000,85.000000,,,,0.000000,4.000000,4.000000,4.000000,4.000000,4.000000,4.000000,4.000000,4.000000,4.000000,4.000000,4.000000,4.000000,4.000000,4.000000,100.000000,,,,,,,,,,,,,,,,,,,,,,,,,,,,,,,,,,,,,,,,,,,,,,,,,,,,,,,,,,,,,,,,,,,,,,,,,,,,,,,,,,,,,,
1676060286.102106,1676060286.103118,107.000000,0.000000,4300.384766,4353.333496,4310.128418,4359.230957,4268.333496,4341.794922,4304.487305,4306.794922,4287.820313,4283.717773,4669.358887,4519.102539,4351.666504,4404.743652,2922.000000,4.000000,85.000000,,,,0.000000,4.000000,4.000000,4.000000,4.000000,4.000000,4.000000,4.000000,4.000000,4.000000,4.000000,4.000000,4.000000,4.000000,4.000000,100.000000,,,,,,,,,,,,,,,,,,,,,,,,,,,,,,,,,,,,,,,,,,,,,,,,,,,,,,,,,,,,,,,,,,,,,,,,,,,,,,,,,,,,,,
1676060286.109915,1676060286.110827,108.000000,0.000000,4285.512695,4336.282227,4290.769043,4341.922852,4258.974121,4325.256348,4291.153809,4290.512695,4280.256348,4270.641113,4656.538574,4500.641113,4343.077148,4391.538574,3119.000000,4.000000,85.000000,,,,0.000000,4.000000,4.000000,4.000000,4.000000,4.000000,4.000000,4.000000,4.000000,4.000000,4.000000,4.000000,4.000000,4.000000,4.000000,100.000000,,,,,,,,,,,,,,,,,,,,,,,,,,,,,,,,,,,,,,,,,,,,,,,,,,,,,,,,,,,,,,,,,,,,,,,,,,,,,,,,,,,,,,
1676060286.117723,1676060286.118735,109.000000,0.000000,4294.487305,4341.282227,4295.128418,4348.333496,4263.205078,4328.461426,4294.871582,4295.256348,4289.487305,4273.717773,4658.461426,4507.563965,4346.794922,4399.102539,3231.000000,4.000000,85.000000,,,,0.000000,4.000000,4.000000,4.000000,4.000000,4.000000,4.000000,4.000000,4.000000,4.000000,4.000000,4.000000,4.000000,4.000000,4.000000,100.000000,,,,,,,,,,,,,,,,,,,,,,,,,,,,,,,,,,,,,,,,,,,,,,,,,,,,,,,,,,,,,,,,,,,,,,,,,,,,,,,,,,,,,,
1676060286.125532,1676060286.126544,110.000000,0.000000,4306.153809,4349.358887,4302.179688,4356.025879,4261.922852,4330.384766,4301.538574,4303.846191,4292.820313,4277.563965,4660.897461,4515.384766,4348.846191,4411.922852,2722.000000,4.000000,85.000000,,,,0.000000,4.000000,4.000000,4.000000,4.000000,4.000000,4.000000,4.000000,4.000000,4.000000,4.000000,4.000000,4.000000,4.000000,4.000000,100.000000,,,,,,,,,,,,,,,,,1.787470,1.068530,1.030598,0.710017,1.278250,18.613668,3.368981,1.851340,0.974923,1.385995,2.473578,1.501083,1.681063,1.001280,1.066996,3.725895,1.705711,1.027144,0.943590,1.175242,30.498358,5.059309,0.760409,0.500192,0.573462,16.214920,10.106164,5.714968,1.444698,1.207250,0.601728,1.953712,1.001432,0.451283,0.808646,2.195868,0.962569,2.781623,1.084518,1.019724,1.295266,0.904126,2.230194,0.920566,1.359875,1.787052,1.664838,3.683097,1.457543,1.419055,14.824423,5.543431,3.618080,1.443064,1.661637,5.103408,2.829984,2.885697,1.723360,1.745309,18.110081,6.202081,3.947912,1.444901,1.660613,9.608231,6.293597,3.749569,1.485193,1.705824
1676060286.133340,1676060286.134452,111.000000,0.000000,4285.512695,4327.820313,4283.461426,4330.769043,4244.871582,4309.358887,4285.897461,4282.820313,4264.743652,4245.769043,4623.333496,4484.871582,4320.769043,4387.820313,2922.000000,4.000000,85.000000,,,,0.000000,4.000000,4.000000,4.000000,4.000000,4.000000,4.000000,4.000000,4.000000,4.000000,4.000000,4.000000,4.000000,4.000000,4.000000,100.000000,,,,,,,,,,,,,,,,,,,,,,,,,,,,,,,,,,,,,,,,,,,,,,,,,,,,,,,,,,,,,,,,,,,,,,,,,,,,,,,,,,,,,,
1676060286.141148,1676060286.142260,112.000000,0.000000,4265.128418,4310.000000,4270.641113,4313.974121,4240.512695,4302.820313,4282.563965,4279.358887,4254.102539,4238.846191,4594.743652,4467.948730,4302.307617,4366.025879,3119.000000,4.000000,85.000000,,,,0.000000,4.000000,4.000000,4.000000,4.000000,4.000000,4.000000,4.000000,4.000000,4.000000,4.000000,4.000000,4.000000,4.000000,4.000000,100.000000,,,,,,,,,,,,,,,,,,,,,,,,,,,,,,,,,,,,,,,,,,,,,,,,,,,,,,,,,,,,,,,,,,,,,,,,,,,,,,,,,,,,,,
1676060286.148957,1676060286.150069,113.000000,0.000000,4274.487305,4315.897461,4278.846191,4328.974121,4252.948730,4319.487305,4298.205078,4307.051270,4278.461426,4273.846191,4608.333496,4490.256348,4319.358887,4380.512695,3231.000000,4.000000,85.000000,,,,0.000000,4.000000,4.000000,4.000000,4.000000,4.000000,4.000000,4.000000,4.000000,4.000000,4.000000,4.000000,4.000000,4.000000,4.000000,100.000000,,,,,,,,,,,,,,,,,,,,,,,,,,,,,,,,,,,,,,,,,,,,,,,,,,,,,,,,,,,,,,,,,,,,,,,,,,,,,,,,,,,,,,
1676060286.156765,1676060286.157777,114.000000,0.000000,4285.000000,4317.179688,4283.205078,4334.743652,4257.436035,4321.153809,4299.230957,4316.794922,4289.615234,4278.333496,4618.333496,4506.794922,4338.077148,4396.922852,2722.000000,4.000000,85.000000,,,,0.000000,4.000000,4.000000,4.000000,4.000000,4.000000,4.000000,4.000000,4.000000,4.000000,4.000000,4.000000,4.000000,4.000000,4.000000,100.000000,,,,,,,,,,,,,,,,,,,,,,,,,,,,,,,,,,,,,,,,,,,,,,,,,,,,,,,,,,,,,,,,,,,,,,,,,,,,,,,,,,,,,,
1676060286.164574,1676060286.165586,115.000000,0.000000,4278.846191,4306.538574,4282.436035,4325.897461,4250.641113,4307.307617,4288.846191,4306.666504,4279.743652,4255.769043,4612.820313,4500.512695,4346.922852,4401.666504,2922.000000,4.000000,85.000000,,,,0.000000,4.000000,4.000000,4.000000,4.000000,4.000000,4.000000,4.000000,4.000000,4.000000,4.000000,4.000000,4.000000,4.000000,4.000000,100.000000,,,,,,,,,,,,,,,,,,,,,,,,,,,,,,,,,,,,,,,,,,,,,,,,,,,,,,,,,,,,,,,,,,,,,,,,,,,,,,,,,,,,,,
1676060286.172382,1676060286.173294,116.000000,0.000000,4282.692383,4301.153809,4287.948730,4324.743652,4249.615234,4306.153809,4292.563965,4316.410156,4280.128418,4264.487305,4620.512695,4503.077148,4363.461426,4416.410156,3119.000000,4.000000,85.000000,,,,0.000000,4.000000,4.000000,4.000000,4.000000,4.000000,4.000000,4.000000,4.000000,4.000000,4.000000,4.000000,4.000000,4.000000,4.000000,100.000000,,,,,,,,,,,,,,,,,,,,,,,,,,,,,,,,,,,,,,,,,,,,,,,,,,,,,,,,,,,,,,,,,,,,,,,,,,,,,,,,,,,,,,
1676060286.180190,1676060286.181203,117.000000,0.000000,4291.410156,4295.641113,4291.410156,4323.205078,4255.128418,4313.077148,4301.025879,4335.641113,4290.384766,4285.897461,4630.128418,4516.538574,4382.948730,4432.563965,3231.000000,4.000000,85.000000,,,,0.000000,4.000000,4.000000,4.000000,4.000000,4.000000,4.000000,4.000000,4.000000,4.000000,4.000000,4.000000,4.000000,4.000000,4.000000,100.000000,,,,,,,,,,,,,,,,,,,,,,,,,,,,,,,,,,,,,,,,,,,,,,,,,,,,,,,,,,,,,,,,,,,,,,,,,,,,,,,,,,,,,,
1676060286.187999,1676060286.189011,118.000000,0.000000,4276.282227,4275.256348,4282.051270,4307.820313,4248.461426,4301.282227,4289.102539,4325.769043,4280.000000,4272.051270,4606.025879,4506.025879,4371.922852,4418.846191,2722.000000,4.000000,85.000000,,,,0.000000,4.000000,4.000000,4.000000,4.000000,4.000000,4.000000,4.000000,4.000000,4.000000,4.000000,4.000000,4.000000,4.000000,4.000000,100.000000,,,,,,,,,,,,,,,,,,,,,,,,,,,,,,,,,,,,,,,,,,,,,,,,,,,,,,,,,,,,,,,,,,,,,,,,,,,,,,,,,,,,,,
1676060286.195807,1676060286.196919,119.000000,0.000000,4277.563965,4269.487305,4286.410156,4306.025879,4245.641113,4289.358887,4282.820313,4310.384766,4271.794922,4254.102539,4586.666504,4498.717773,4359.102539,4411.282227,2922.000000,4.000000,85.000000,,,,0.000000,4.000000,4.000000,4.000000,4.000000,4.000000,4.000000,4.000000,4.000000,4.000000,4.000000,4.000000,4.000000,4.000000,4.000000,100.000000,,,,,,,,,,,,,,,,,,,,,,,,,,,,,,,,,,,,,,,,,,,,,,,,,,,,,,,,,,,,,,,,,,,,,,,,,,,,,,,,,,,,,,
1676060286.203615,1676060286.204728,120.000000,0.000000,4310.512695,4289.743652,4307.948730,4328.077148,4260.512695,4297.051270,4293.589844,4317.692383,4288.461426,4266.794922,4608.461426,4519.743652,4381.922852,4439.743652,3119.000000,4.000000,85.000000,,,,0.000000,4.000000,4.000000,4.000000,4.000000,4.000000,4.000000,4.000000,4.000000,4.000000,4.000000,4.000000,4.000000,4.000000,4.000000,100.000000,,,,,,,,,,,,,,,,,,,,,,,,,,,,,,,,,,,,,,,,,,,,,,,,,,,,,,,,,,,,,,,,,,,,,,,,,,,,,,,,,,,,,,
1676060286.211424,1676060286.212636,121.000000,0.000000,4315.384766,4292.051270,4306.538574,4329.358887,4259.358887,4298.589844,4291.410156,4321.282227,4293.589844,4284.487305,4620.384766,4527.436035,4404.358887,4456.282227,3231.000000,4.000000,85.000000,,,,0.000000,4.000000,4.000000,4.000000,4.000000,4.000000,4.000000,4.000000,4.000000,4.000000,4.000000,4.000000,4.000000,4.000000,4.000000,100.000000,,,,,,,,,,,,,,,,,,,,,,,,,,,,,,,,,,,,,,,,,,,,,,,,,,,,,,,,,,,,,,,,,,,,,,,,,,,,,,,,,,,,,,
1676060286.219232,1676060286.220445,122.000000,0.000000,4290.769043,4273.717773,4290.512695,4309.743652,4246.025879,4291.410156,4283.974121,4309.871582,4283.717773,4280.256348,4605.128418,4515.384766,4400.128418,4444.487305,2722.000000,4.000000,85.000000,,,,0.000000,4.000000,4.000000,4.000000,4.000000,4.000000,4.000000,4.000000,4.000000,4.000000,4.000000,4.000000,4.000000,4.000000,4.000000,100.000000,,,,,,,,,,,,,,,,,,,,,,,,,,,,,,,,,,,,,,,,,,,,,,,,,,,,,,,,,,,,,,,,,,,,,,,,,,,,,,,,,,,,,,
1676060286.227041,1676060286.228353,123.000000,0.000000,4294.102539,4277.692383,4298.717773,4315.000000,4252.820313,4293.205078,4294.487305,4316.153809,4289.358887,4271.410156,4604.358887,4521.282227,4393.461426,4445.641113,2922.000000,4.000000,85.000000,,,,0.000000,4.000000,4.000000,4.000000,4.000000,4.000000,4.000000,4.000000,4.000000,4.000000,4.000000,4.000000,4.000000,4.000000,4.000000,100.000000,,,,,,,,,,,,,,,,,,,,,,,,,,,,,,,,,,,,,,,,,,,,,,,,,,,,,,,,,,,,,,,,,,,,,,,,,,,,,,,,,,,,,,
1676060286.234849,1676060286.236162,124.000000,0.000000,4312.563965,4296.538574,4305.128418,4330.128418,4256.666504,4292.051270,4296.666504,4325.128418,4296.794922,4277.948730,4603.846191,4525.128418,4387.948730,4451.282227,3119.000000,4.000000,85.000000,,,,0.000000,4.000000,4.000000,4.000000,4.000000,4.000000,4.000000,4.000000,4.000000,4.000000,4.000000,4.000000,4.000000,4.000000,4.000000,100.000000,,,,,,,,,,,,,,,,,,,,,,,,,,,,,,,,,,,,,,,,,,,,,,,,,,,,,,,,,,,,,,,,,,,,,,,,,,,,,,,,,,,,,,
1676060286.242657,1676060286.244070,125.000000,0.000000,4292.051270,4283.974121,4271.282227,4304.743652,4231.025879,4271.666504,4270.128418,4292.692383,4268.846191,4265.641113,4553.846191,4481.922852,4347.563965,4417.179688,3231.000000,4.000000,85.000000,,,,0.000000,4.000000,4.000000,4.000000,4.000000,4.000000,4.000000,4.000000,4.000000,4.000000,4.000000,4.000000,4.000000,4.000000,4.000000,100.000000,,,,,,,,,,,,,,,,,,,,,,,,,,,,,,,,,,,,,,,,,,,,,,,,,,,,,,,,,,,,,,,,,,,,,,,,,,,,,,,,,,,,,,
1676060286.250466,1676060286.251878,126.000000,0.000000,4268.461426,4274.230957,4253.205078,4288.974121,4228.333496,4269.743652,4271.025879,4277.692383,4254.487305,4250.128418,4515.769043,4458.333496,4317.179688,4389.615234,2722.000000,4.000000,85.000000,,,,0.000000,4.000000,4.000000,4.000000,4.000000,4.000000,4.000000,4.000000,4.000000,4.000000,4.000000,4.000000,4.000000,4.000000,4.000000,100.000000,,,,,,,,,,,,,,,,,1.254407,0.919650,1.027219,0.746149,1.299240,15.557918,3.041159,1.628325,0.939439,1.440579,1.713356,1.494411,1.592923,1.067135,1.188622,2.862374,1.529370,0.839618,0.928589,1.204496,36.716175,5.584794,0.682805,0.485997,0.604510,15.712636,9.063816,5.465504,1.493407,1.195275,0.497515,2.135019,1.015343,0.466347,0.913728,1.885128,0.974607,2.556133,1.099515,1.167627,1.114864,0.934137,1.905481,0.927942,1.465117,1.669807,1.497596,2.758897,1.409509,1.596217,15.739598,5.036376,3.026062,1.517168,1.774402,4.849010,2.918653,2.675566,1.872924,1.873938,16.609320,5.989935,3.399274,1.535503,1.701118,9.495965,5.823742,3.183254,1.549151,1.746770
1676060286.258274,1676060286.259787,127.000000,0.000000,4291.666504,4306.922852,4290.256348,4325.769043,4261.922852,4301.410156,4316.410156,4325.256348,4296.153809,4275.128418,4549.487305,4504.615234,4345.256348,4419.358887,85.000000,4.000000,85.000000,,,,0.000000,4.000000,4.000000,4.000000,4.000000,4.000000,4.000000,4.000000,4.000000,4.000000,4.000000,4.000000,4.000000,4.000000,4.000000,100.000000,,,,,,,,,,,,,,,,,,,,,,,,,,,,,,,,,,,,,,,,,,,,,,,,,,,,,,,,,,,,,,,,,,,,,,,,,,,,,,,,,,,,,,
1676060286.266082,1676060286.267595,0.000000,0.000000,4308.589844,4317.051270,4307.820313,4337.820313,4266.153809,4310.256348,4329.743652,4346.922852,4315.256348,4293.461426,4577.820313,4528.205078,4367.692383,4446.282227,2533.000000,4.000000,85.000000,,,,0.000000,4.000000,4.000000,4.000000,4.000000,4.000000,4.000000,4.000000,4.000000,4.000000,4.000000,4.000000,4.000000,4.000000,4.000000,100.000000,,,,,,,,,,,,,,,,,,,,,,,,,,,,,,,,,,,,,,,,,,,,,,,,,,,,,,,,,,,,,,,,,,,,,,,,,,,,,,,,,,,,,,
1676060286.273891,1676060286.275304,1.000000,0.000000,4286.282227,4286.794922,4281.794922,4307.948730,4244.487305,4286.410156,4300.000000,4313.333496,4285.897461,4277.436035,4557.179688,4496.666504,4351.922852,4431.794922,2489.000000,4.000000,85.000000,,,,0.000000,4.000000,4.000000,4.000000,4.000000,4.000000,4.000000,4.000000,4.000000,4.000000,4.000000,4.000000,4.000000,4.000000,4.000000,100.000000,,,,,,,,,,,,,,,,,,,,,,,,,,,,,,,,,,,,,,,,,,,,,,,,,,,,,,,,,,,,,,,,,,,,,,,,,,,,,,,,,,,,,,
1676060286.281699,1676060286.283112,2.000000,0.000000,4274.871582,4280.128418,4271.025879,4301.666504,4240.897461,4274.615234,4286.538574,4296.282227,4274.358887,4267.179688,4540.384766,4477.563965,4343.077148,4417.051270,2411.000000,4.000000,85.000000,,,,0.000000,4.000000,4.000000,4.000000,4.000000,4.000000,4.000000,4.000000,4.000000,4.000000,4.000000,4.000000,4.000000,4.000000,4.000000,100.000000,,,,,,,,,,,,,,,,,,,,,,,,,,,,,,,,,,,,,,,,,,,,,,,,,,,,,,,,,,,,,,,,,,,,,,,,,,,,,,,,,,,,,,
1676060286.289508,1676060286.290821,3.000000,0.000000,4295.769043,4306.922852,4288.717773,4324.871582,4252.820313,4280.256348,4297.051270,4307.179688,4286.794922,4271.153809,4558.461426,4489.743652,4358.717773,4433.461426,2469.000000,4.000000,85.000000,,,,0.000000,4.000000,4.000000,4.000000,4.000000,4.000000,4.000000,4.000000,4.000000,4.000000,4.000000,4.000000,4.000000,4.000000,4.000000,100.000000,,,,,,,,,,,,,,,,,,,,,,,,,,,,,,,,,,,,,,,,,,,,,,,,,,,,,,,,,,,,,,,,,,,,,,,,,,,,,,,,,,,,,,
1676060286.297316,1676060286.298629,4.000000,0.000000,4315.769043,4322.307617,4302.820313,4335.641113,4260.384766,4281.666504,4296.410156,4302.307617,4286.538574,4270.256348,4575.641113,4500.000000,4365.769043,4452.051270,2449.000000,4.000000,85.000000,,,,0.000000,4.000000,4.000000,4.000000,4.000000,4.000000,4.000000,4.000000,4.000000,4.000000,4.000000,4.000000,4.000000,4.000000,4.000000,100.000000,,,,,,,,,,,,,,,,,,,,,,,,,,,,,,,,,,,,,,,,,,,,,,,,,,,,,,,,,,,,,,,,,,,,,,,,,,,,,,,,,,,,,,
1676060286.305124,1676060286.306338,5.000000,0.000000,4312.307617,4317.820313,4298.333496,4330.000000,4264.743652,4281.153809,4290.512695,4281.922852,4276.153809,4260.769043,4560.000000,4490.512695,4346.922852,4437.948730,2386.000000,4.000000,85.000000,,,,0.000000,4.000000,4.000000,4.000000,4.000000,4.000000,4.000000,4.000000,4.000000,4.000000,4.000000,4.000000,4.000000,4.000000,4.000000,100.000000,,,,,,,,,,,,,,,,,,,,,,,,,,,,,,,,,,,,,,,,,,,,,,,,,,,,,,,,,,,,,,,,,,,,,,,,,,,,,,,,,,,,,,
1676060286.312933,1676060286.314146,6.000000,0.000000,4295.512695,4304.871582,4285.000000,4321.922852,4261.282227,4280.641113,4292.051270,4276.282227,4266.282227,4245.256348,4541.922852,4473.846191,4331.666504,4417.307617,2234.000000,4.000000,85.000000,,,,0.000000,4.000000,4.000000,4.000000,4.000000,4.000000,4.000000,4.000000,4.000000,4.000000,4.000000,4.000000,4.000000,4.000000,4.000000,100.000000,,,,,,,,,,,,,,,,,,,,,,,,,,,,,,,,,,,,,,,,,,,,,,,,,,,,,,,,,,,,,,,,,,,,,,,,,,,,,,,,,,,,,,
1676060286.320741,1676060286.321855,7.000000,0.000000,4292.563965,4294.743652,4284.102539,4317.948730,4257.820313,4280.641113,4297.051270,4293.846191,4269.871582,4253.846191,4557.436035,4479.230957,4345.897461,4428.974121,2229.000000,4.000000,85.000000,,,,0.000000,4.000000,4.000000,4.000000,4.000000,4.000000,4.000000,4.000000,4.000000,4.000000,4.000000,4.000000,4.000000,4.000000,4.000000,100.000000,,,,,,,,,,,,,,,,,,,,,,,,,,,,,,,,,,,,,,,,,,,,,,,,,,,,,,,,,,,,,,,,,,,,,,,,,,,,,,,,,,,,,,
1676060286.328550,1676060286.329663,8.000000,0.000000,4305.000000,4300.128418,4292.563965,4318.846191,4259.358887,4281.153809,4299.743652,4309.358887,4287.948730,4285.128418,4583.461426,4498.333496,4373.333496,4452.692383,2282.000000,4.000000,85.000000,,,,0.000000,4.000000,4.000000,4.000000,4.000000,4.000000,4.000000,4.000000,4.000000,4.000000,4.000000,4.000000,4.000000,4.000000,4.000000,100.000000,,,,,,,,,,,,,,,,,,,,,,,,,,,,,,,,,,,,,,,,,,,,,,,,,,,,,,,,,,,,,,,,,,,,,,,,,,,,,,,,,,,,,,
1676060286.336358,1676060286.337372,9.000000,0.000000,4292.948730,4290.384766,4280.512695,4301.666504,4244.871582,4270.256348,4288.589844,4299.358887,4287.436035,4283.974121,4572.948730,4486.025879,4371.538574,4443.333496,2242.000000,4.000000,85.000000,,,,0.000000,4.000000,4.000000,4.000000,4.000000,4.000000,4.000000,4.000000,4.000000,4.000000,4.000000,4.000000,4.000000,4.000000,4.000000,100.000000,,,,,,,,,,,,,,,,,,,,,,,,,,,,,,,,,,,,,,,,,,,,,,,,,,,,,,,,,,,,,,,,,,,,,,,,,,,,,,,,,,,,,,
1676060286.344166,1676060286.345180,10.000000,0.000000,4266.153809,4256.025879,4261.153809,4278.461426,4229.230957,4260.384766,4277.948730,4290.769043,4275.000000,4261.666504,4544.615234,4462.563965,4350.641113,4419.487305,2735.000000,4.000000,85.000000,,,,0.000000,4.000000,4.000000,4.000000,4.000000,4.000000,4.000000,4.000000,4.000000,4.000000,4.000000,4.000000,4.000000,4.000000,4.000000,100.000000,,,,,,,,,,,,,,,,,,,,,,,,,,,,,,,,,,,,,,,,,,,,,,,,,,,,,,,,,,,,,,,,,,,,,,,,,,,,,,,,,,,,,,
1676060286.351975,1676060286.352889,11.000000,0.000000,4267.692383,4240.769043,4260.769043,4275.000000,4230.897461,4263.205078,4280.384766,4298.717773,4280.000000,4262.179688,4539.487305,4467.692383,4352.692383,4418.717773,2920.000000,4.000000,85.000000,,,,0.000000,4.000000,4.000000,4.000000,4.000000,4.000000,4.000000,4.000000,4.000000,4.000000,4.000000,4.000000,4.000000,4.000000,4.000000,100.000000,,,,,,,,,,,,,,,,,,,,,,,,,,,,,,,,,,,,,,,,,,,,,,,,,,,,,,,,,,,,,,,,,,,,,,,,,,,,,,,,,,,,,,
1676060286.359783,1676060286.360697,12.000000,0.000000,4276.025879,4250.128418,4262.692383,4279.487305,4233.974121,4263.589844,4281.922852,4298.205078,4282.307617,4265.000000,4537.948730,4471.153809,4367.820313,4424.615234,3129.000000,4.000000,85.000000,,,,0.000000,4.000000,4.000000,4.000000,4.000000,4.000000,4.000000,4.000000,4.000000,4.000000,4.000000,4.000000,4.000000,4.000000,4.000000,100.000000,,,,,,,,,,,,,,,,,,,,,,,,,,,,,,,,,,,,,,,,,,,,,,,,,,,,,,,,,,,,,,,,,,,,,,,,,,,,,,,,,,,,,,
1676060286.367592,1676060286.368406,13.000000,0.000000,4269.743652,4246.922852,4254.230957,4273.846191,4235.128418,4259.230957,4279.358887,4289.487305,4273.077148,4254.743652,4522.307617,4459.743652,4368.974121,4419.743652,3248.000000,4.000000,85.000000,,,,0.000000,4.000000,4.000000,4.000000,4.000000,4.000000,4.000000,4.000000,4.000000,4.000000,4.000000,4.000000,4.000000,4.000000,4.000000,100.000000,,,,,,,,,,,,,,,,,,,,,,,,,,,,,,,,,,,,,,,,,,,,,,,,,,,,,,,,,,,,,,,,,,,,,,,,,,,,,,,,,,,,,,
1676060286.375400,1676060286.376314,14.000000,0.000000,4273.846191,4242.563965,4258.461426,4275.897461,4245.000000,4264.615234,4288.589844,4293.205078,4283.333496,4264.358887,4522.051270,4467.563965,4374.743652,4431.794922,2735.000000,4.000000,85.000000,,,,0.000000,4.000000,4.000000,4.000000,4.000000,4.000000,4.000000,4.000000,4.000000,4.000000,4.000000,4.000000,4.000000,4.000000,4.000000,100.000000,1.000000,25.000000,4.000000,4.000000,3.000000,4.000000,1.000000,3.000000,4.000000,3.000000,4.000000,1.000000,1.000000,3.000000,3.000000,3.000000,0.869397,0.937182,1.082355,0.830878,1.319045,12.544511,2.898108,1.365901,0.994648,1.512221,1.083937,1.530979,1.518763,1.111392,1.332165,2.444169,1.477386,0.696776,0.952426,1.234725,38.183983,5.356322,0.592917,0.496477,0.653102,14.674846,7.988565,4.836781,1.532338,1.155506,0.445322,2.203106,0.964972,0.521204,1.027775,1.591175,1.037351,2.166285,1.115170,1.315521,0.962499,1.056861,1.541381,0.963210,1.539600,1.479046,1.374298,1.945403,1.428720,1.755563,19.194792,5.275469,2.429602,1.592226,1.908626,4.352922,3.167450,2.510327,1.976649,2.022096,13.977467,6.254728,2.757829,1.621292,1.777052,9.325717,5.729602,2.544659,1.602296,1.834821
1676060286.383208,1676060286.384122,15.000000,0.000000,4288.846191,4251.538574,4275.256348,4291.025879,4254.487305,4271.025879,4297.820313,4300.256348,4299.871582,4281.794922,4541.538574,4486.538574,4399.743652,4456.922852,2920.000000,4.000000,85.000000,,,,0.000000,4.000000,4.000000,4.000000,4.000000,4.000000,4.000000,4.000000,4.000000,4.000000,4.000000,4.000000,4.000000,4.000000,4.000000,100.000000,,,,,,,,,,,,,,,,,,,,,,,,,,,,,,,,,,,,,,,,,,,,,,,,,,,,,,,,,,,,,,,,,,,,,,,,,,,,,,,,,,,,,,
1676060286.391017,1676060286.392031,16.000000,0.000000,4283.974121,4239.102539,4274.615234,4288.717773,4247.563965,4261.538574,4284.615234,4290.128418,4288.461426,4268.717773,4542.179688,4481.922852,4411.025879,4452.820313,0.000000,4.000000,85.000000,,,,0.000000,4.000000,4.000000,4.000000,4.000000,4.000000,4.000000,4.000000,4.000000,4.000000,4.000000,4.000000,4.000000,4.000000,4.000000,100.000000,,,,,,,,,,,,,,,,,,,,,,,,,,,,,,,,,,,,,,,,,,,,,,,,,,,,,,,,,,,,,,,,,,,,,,,,,,,,,,,,,,,,,,
1676060286.398825,1676060286.399839,17.000000,0.000000,4274.615234,4218.589844,4271.538574,4277.051270,4240.641113,4255.897461,4277.051270,4282.563965,4279.358887,4259.102539,4532.179688,4476.794922,4408.205078,4443.205078,0.000000,4.000000,85.000000,,,,0.000000,4.000000,4.000000,4.000000,4.000000,4.000000,4.000000,4.000000,4.000000,4.000000,4.000000,4.000000,4.000000,4.000000,4.000000,100.000000,,,,,,,,,,,,,,,,,,,,,,,,,,,,,,,,,,,,,,,,,,,,,,,,,,,,,,,,,,,,,,,,,,,,,,,,,,,,,,,,,,,,,,
1676060286.406633,1676060286.407748,18.000000,0.000000,4289.358887,4224.615234,4287.563965,4278.974121,4247.820313,4264.743652,4291.538574,4292.051270,4295.897461,4278.974121,4540.384766,4494.102539,4417.307617,4462.051270,0.000000,4.000000,85.000000,,,,0.000000,4.000000,4.000000,4.000000,4.000000,4.000000,4.000000,4.000000,4.000000,4.000000,4.000000,4.000000,4.000000,4.000000,4.000000,100.000000,,,,,,,,,,,,,,,,,,,,,,,,,,,,,,,,,,,,,,,,,,,,,,,,,,,,,,,,,,,,,,,,,,,,,,,,,,,,,,,,,,,,,,
1676060286.414442,1676060286.415556,19.000000,0.000000,4297.820313,4236.153809,4291.794922,4283.974121,4254.102539,4268.333496,4298.333496,4295.000000,4294.871582,4286.794922,4539.871582,4497.820313,4418.846191,4467.692383,0.000000,4.000000,85.000000,,,,0.000000,4.000000,4.000000,4.000000,4.000000,4.000000,4.000000,4.000000,4.000000,4.000000,4.000000,4.000000,4.000000,4.000000,4.000000,100.000000,,,,,,,,,,,,,,,,,,,,,,,,,,,,,,,,,,,,,,,,,,,,,,,,,,,,,,,,,,,,,,,,,,,,,,,,,,,,,,,,,,,,,,
1676060286.422250,1676060286.423464,20.000000,0.000000,4287.820313,4231.666504,4283.589844,4283.589844,4251.282227,4263.846191,4295.256348,4297.948730,4282.436035,4281.922852,4528.846191,4491.282227,4412.563965,4450.769043,0.000000,4.000000,85.000000,,,,0.000000,4.000000,4.000000,4.000000,4.000000,4.000000,4.000000,4.000000,4.000000,4.000000,4.000000,4.000000,4.000000,4.000000,4.000000,100.000000,,,,,,,,,,,,,,,,,,,,,,,,,,,,,,,,,,,,,,,,,,,,,,,,,,,,,,,,,,,,,,,,,,,,,,,,,,,,,,,,,,,,,,
1676060286.430059,1676060286.431273,21.000000,0.000000,4277.307617,4217.436035,4278.205078,4271.666504,4244.487305,4262.563965,4296.666504,4306.538574,4286.666504,4284.743652,4516.922852,4487.563965,4405.384766,4442.563965,0.000000,4.000000,85.000000,,,,0.000000,4.000000,4.000000,4.000000,4.000000,4.000000,4.000000,4.000000,4.000000,4.000000,4.000000,4.000000,4.000000,4.000000,4.000000,100.000000,,,,,,,,,,,,,,,,,,,,,,,,,,,,,,,,,,,,,,,,,,,,,,,,,,,,,,,,,,,,,,,,,,,,,,,,,,,,,,,,,,,,,,
1676060286.437867,1676060286.439181,22.000000,0.000000,4272.563965,4213.717773,4269.358887,4262.692383,4242.948730,4260.384766,4290.897461,4304.871582,4289.487305,4280.897461,4506.282227,4480.384766,4400.512695,4442.948730,0.000000,4.000000,85.000000,,,,0.000000,4.000000,4.000000,4.000000,4.000000,4.000000,4.000000,4.000000,4.000000,4.000000,4.000000,4.000000,4.000000,4.000000,4.000000,100.000000,,,,,,,,,,,,,,,,,,,,,,,,,,,,,,,,,,,,,,,,,,,,,,,,,,,,,,,,,,,,,,,,,,,,,,,,,,,,,,,,,,,,,,
1676060286.445675,1676060286.446990,23.000000,0.000000,4274.230957,4226.025879,4269.871582,4272.692383,4247.692383,4264.358887,4287.563965,4304.743652,4290.128418,4280.897461,4511.666504,4482.051270,4411.922852,4445.769043,0.000000,4.000000,85.000000,,,,0.000000,4.000000,4.000000,4.000000,4.000000,4.000000,4.000000,4.000000,4.000000,4.000000,4.000000,4.000000,4.000000,4.000000,4.000000,100.000000,,,,,,,,,,,,,,,,,,,,,,,,,,,,,,,,,,,,,,,,,,,,,,,,,,,,,,,,,,,,,,,,,,,,,,,,,,,,,,,,,,,,,,
1676060286.453484,1676060286.454898,24.000000,0.000000,4274.358887,4230.384766,4277.436035,4276.025879,4246.153809,4266.666504,4293.717773,4306.922852,4293.461426,4279.615234,4509.615234,4481.025879,4410.000000,4442.820313,0.000000,4.000000,85.000000,,,,0.000000,4.000000,4.000000,4.000000,4.000000,4.000000,4.000000,4.000000,4.000000,4.000000,4.000000,4.000000,4.000000,4.000000,4.000000,100.000000,,,,,,,,,,,,,,,,,,,,,,,,,,,,,,,,,,,,,,,,,,,,,,,,,,,,,,,,,,,,,,,,,,,,,,,,,,,,,,,,,,,,,,
1676060286.461292,1676060286.462706,25.000000,0.000000,4267.948730,4219.487305,4269.871582,4260.000000,4238.461426,4252.948730,4287.051270,4293.846191,4283.717773,4255.384766,4480.897461,4466.410156,4381.282227,4428.333496,0.000000,4.000000,85.000000,,,,0.000000,4.000000,4.000000,4.000000,4.000000,4.000000,4.000000,4.000000,4.000000,4.000000,4.000000,4.000000,4.000000,4.000000,4.000000,100.000000,,,,,,,,,,,,,,,,,,,,,,,,,,,,,,,,,,,,,,,,,,,,,,,,,,,,,,,,,,,,,,,,,,,,,,,,,,,,,,,,,,,,,,
1676060286.469100,1676060286.470415,26.000000,0.000000,4270.512695,4223.974121,4267.307617,4263.589844,4240.384766,4251.025879,4280.897461,4287.051270,4275.769043,4249.487305,4467.436035,4468.077148,4371.153809,4428.333496,0.000000,4.000000,85.000000,,,,0.000000,4.000000,4.000000,4.000000,4.000000,4.000000,4.000000,4.000000,4.000000,4.000000,4.000000,4.000000,4.000000,4.000000,4.000000,100.000000,,,,,,,,,,,,,,,,,,,,,,,,,,,,,,,,,,,,,,,,,,,,,,,,,,,,,,,,,,,,,,,,,,,,,,,,,,,,,,,,,,,,,,
1676060286.476909,1676060286.478223,27.000000,0.000000,4283.205078,4241.922852,4281.410156,4281.666504,4248.205078,4264.871582,4291.538574,4295.769043,4282.563965,4272.307617,4487.179688,4475.769043,4382.436035,4437.948730,0.000000,4.000000,85.000000,,,,0.000000,4.000000,4.000000,4.000000,4.000000,4.000000,4.000000,4.000000,4.000000,4.000000,4.000000,4.000000,4.000000,4.000000,4.000000,100.000000,,,,,,,,,,,,,,,,,,,,,,,,,,,,,,,,,,,,,,,,,,,,,,,,,,,,,,,,,,,,,,,,,,,,,,,,,,,,,,,,,,,,,,
1676060286.484717,1676060286.485932,28.000000,0.000000,4289.871582,4248.333496,4290.769043,4281.922852,4250.769043,4268.461426,4296.410156,4294.102539,4286.410156,4281.922852,4505.641113,4475.897461,4388.717773,4444.487305,0.000000,4.000000,85.000000,,,,0.000000,4.000000,4.000000,4.000000,4.000000,4.000000,4.000000,4.000000,4.000000,4.000000,4.000000,4.000000,4.000000,4.000000,4.000000,100.000000,,,,,,,,,,,,,,,,,,,,,,,,,,,,,,,,,,,,,,,,,,,,,,,,,,,,,,,,,,,,,,,,,,,,,,,,,,,,,,,,,,,,,,
1676060286.492525,1676060286.493740,29.000000,0.000000,4296.025879,4254.102539,4298.589844,4283.461426,4251.153809,4262.692383,4290.000000,4289.743652,4287.179688,4281.922852,4510.128418,4491.153809,4398.717773,4457.820313,0.000000,4.000000,85.000000,,,,0.000000,4.000000,4.000000,4.000000,4.000000,4.000000,4.000000,4.000000,4.000000,4.000000,4.000000,4.000000,4.000000,4.000000,4.000000,100.000000,,,,,,,,,,,,,,,,,,,,,,,,,,,,,,,,,,,,,,,,,,,,,,,,,,,,,,,,,,,,,,,,,,,,,,,,,,,,,,,,,,,,,,
1676060286.500334,1676060286.501449,30.000000,0.000000,4291.153809,4252.692383,4293.461426,4284.102539,4239.615234,4247.820313,4276.538574,4281.538574,4276.153809,4272.436035,4489.743652,4483.333496,4388.333496,4449.358887,0.000000,4.000000,85.000000,,,,0.000000,4.000000,4.000000,4.000000,4.000000,4.000000,4.000000,4.000000,4.000000,4.000000,4.000000,4.000000,4.000000,4.000000,4.000000,100.000000,,,,,,,,,,,,,,,,,0.700907,1.209751,1.155724,0.932791,1.340683,11.125587,3.119521,1.126030,1.111879,1.598332,0.651020,1.713513,1.442249,1.112777,1.477690,2.940783,1.692025,0.617091,0.991935,1.284393,34.301746,4.465774,0.508186,0.521604,0.724473,14.956036,7.701051,4.196312,1.643769,1.142054,0.481431,2.169855,0.857839,0.588559,1.139569,1.454111,1.207065,1.719496,1.113148,1.460593,0.882883,1.272428,1.210767,1.016185,1.597207,1.250099,1.341363,1.374044,1.509317,1.909542,25.418596,6.620841,1.960791,1.704974,2.079927,3.671300,3.650608,2.362162,2.008234,2.205817,11.282249,7.006426,2.154742,1.726508,1.909304,9.120355,6.170238,1.950600,1.650856,1.986309
1676060286.508142,1676060286.509257,31.000000,0.000000,4267.563965,4236.153809,4266.282227,4266.666504,4223.077148,4229.743652,4258.974121,4260.384766,4253.077148,4246.282227,4452.436035,4441.410156,4355.897461,4414.743652,0.000000,4.000000,85.000000,,,,0.000000,4.000000,4.000000,4.000000,4.000000,4.000000,4.000000,4.000000,4.000000,4.000000,4.000000,4.000000,4.000000,4.000000,4.000000,100.000000,,,,,,,,,,,,,,,,,,,,,,,,,,,,,,,,,,,,,,,,,,,,,,,,,,,,,,,,,,,,,,,,,,,,,,,,,,,,,,,,,,,,,,
1676060286.515951,1676060286.516966,32.000000,0.000000,4263.974121,4233.974121,4262.820313,4261.538574,4230.384766,4238.461426,4266.538574,4269.487305,4262.179688,4250.256348,4453.461426,4445.641113,4365.256348,4416.410156,0.000000,4.000000,85.000000,,,,0.000000,4.000000,4.000000,4.000000,4.000000,4.000000,4.000000,4.000000,4.000000,4.000000,4.000000,4.000000,4.000000,4.000000,4.000000,100.000000,,,,,,,,,,,,,,,,,,,,,,,,,,,,,,,,,,,,,,,,,,,,,,,,,,,,,,,,,,,,,,,,,,,,,,,,,,,,,,,,,,,,,,
1676060286.523759,1676060286.524774,33.000000,0.000000,4269.871582,4239.487305,4272.948730,4266.410156,4238.717773,4253.846191,4285.384766,4295.641113,4287.051270,4274.230957,4473.461426,4475.256348,4391.153809,4438.461426,0.000000,4.000000,85.000000,,,,0.000000,4.000000,4.000000,4.000000,4.000000,4.000000,4.000000,4.000000,4.000000,4.000000,4.000000,4.000000,4.000000,4.000000,4.000000,100.000000,,,,,,,,,,,,,,,,,,,,,,,,,,,,,,,,,,,,,,,,,,,,,,,,,,,,,,,,,,,,,,,,,,,,,,,,,,,,,,,,,,,,,,
1676060286.531567,1676060286.532483,34.000000,0.000000,4246.153809,4220.897461,4248.333496,4244.487305,4220.512695,4237.563965,4270.641113,4279.615234,4272.692383,4253.333496,4445.000000,4445.512695,4361.794922,4409.487305,0.000000,4.000000,85.000000,,,,0.000000,4.000000,4.000000,4.000000,4.000000,4.000000,4.000000,4.000000,4.000000,4.000000,4.000000,4.000000,4.000000,4.000000,4.000000,100.000000,,,,,,,,,,,,,,,,,,,,,,,,,,,,,,,,,,,,,,,,,,,,,,,,,,,,,,,,,,,,,,,,,,,,,,,,,,,,,,,,,,,,,,
1676060286.539376,1676060286.540291,35.000000,0.000000,4230.256348,4208.077148,4226.794922,4227.436035,4209.743652,4223.077148,4250.897461,4254.615234,4248.974121,4222.051270,4407.692383,4406.666504,4326.794922,4376.410156,0.000000,4.000000,85.000000,,,,0.000000,4.000000,4.000000,4.000000,4.000000,4.000000,4.000000,4.000000,4.000000,4.000000,4.000000,4.000000,4.000000,4.000000,4.000000,100.000000,,,,,,,,,,,,,,,,,,,,,,,,,,,,,,,,,,,,,,,,,,,,,,,,,,,,,,,,,,,,,,,,,,,,,,,,,,,,,,,,,,,,,,
1676060286.547184,1676060286.548000,36.000000,0.000000,4254.230957,4237.563965,4254.230957,4255.641113,4231.153809,4241.666504,4270.512695,4277.563965,4270.256348,4245.512695,4430.256348,4433.974121,4352.948730,4403.205078,0.000000,4.000000,85.000000,,,,0.000000,4.000000,4.000000,4.000000,4.000000,4.000000,4.000000,4.000000,4.000000,4.000000,4.000000,4.000000,4.000000,4.000000,4.000000,100.000000,,,,,,,,,,,,,,,,,,,,,,,,,,,,,,,,,,,,,,,,,,,,,,,,,,,,,,,,,,,,,,,,,,,,,,,,,,,,,,,,,,,,,,
1676060286.554993,1676060286.555908,37.000000,0.000000,4272.820313,4262.436035,4281.410156,4280.256348,4247.179688,4252.948730,4288.205078,4295.641113,4287.692383,4272.820313,4454.358887,4462.692383,4378.589844,4428.205078,0.000000,4.000000,85.000000,,,,0.000000,4.000000,4.000000,4.000000,4.000000,4.000000,4.000000,4.000000,4.000000,4.000000,4.000000,4.000000,4.000000,4.000000,4.000000,100.000000,,,,,,,,,,,,,,,,,,,,,,,,,,,,,,,,,,,,,,,,,,,,,,,,,,,,,,,,,,,,,,,,,,,,,,,,,,,,,,,,,,,,,,
1676060286.562801,1676060286.563717,38.000000,0.000000,4261.538574,4247.563965,4265.128418,4264.230957,4234.615234,4237.179688,4269.230957,4270.000000,4266.794922,4257.436035,4427.692383,4439.487305,4352.051270,4405.641113,0.000000,4.000000,85.000000,,,,0.000000,4.000000,4.000000,4.000000,4.000000,4.000000,4.000000,4.000000,4.000000,4.000000,4.000000,4.000000,4.000000,4.000000,4.000000,100.000000,,,,,,,,,,,,,,,,,,,,,,,,,,,,,,,,,,,,,,,,,,,,,,,,,,,,,,,,,,,,,,,,,,,,,,,,,,,,,,,,,,,,,,
1676060286.570609,1676060286.571625,39.000000,0.000000,4257.820313,4239.358887,4257.307617,4255.641113,4226.025879,4233.077148,4260.000000,4264.615234,4264.358887,4251.922852,4421.153809,4434.230957,4345.769043,4403.077148,0.000000,4.000000,85.000000,,,,0.000000,4.000000,4.000000,4.000000,4.000000,4.000000,4.000000,4.000000,4.000000,4.000000,4.000000,4.000000,4.000000,4.000000,4.000000,100.000000,,,,,,,,,,,,,,,,,,,,,,,,,,,,,,,,,,,,,,,,,,,,,,,,,,,,,,,,,,,,,,,,,,,,,,,,,,,,,,,,,,,,,,
1676060286.578418,1676060286.579433,40.000000,0.000000,4269.102539,4252.051270,4277.436035,4271.666504,4235.512695,4242.820313,4273.461426,4283.077148,4280.641113,4266.025879,4451.794922,4462.820313,4375.384766,4433.974121,0.000000,4.000000,85.000000,,,,0.000000,4.000000,4.000000,4.000000,4.000000,4.000000,4.000000,4.000000,4.000000,4.000000,4.000000,4.000000,4.000000,4.000000,4.000000,100.000000,,,,,,,,,,,,,,,,,,,,,,,,,,,,,,,,,,,,,,,,,,,,,,,,,,,,,,,,,,,,,,,,,,,,,,,,,,,,,,,,,,,,,,
1676060286.586226,1676060286.587342,41.000000,0.000000,4267.820313,4248.077148,4276.025879,4269.615234,4237.307617,4237.563965,4270.256348,4274.358887,4269.358887,4255.769043,4446.025879,4457.692383,4370.897461,4430.897461,0.000000,4.000000,85.000000,,,,0.000000,4.000000,4.000000,4.000000,4.000000,4.000000,4.000000,4.000000,4.000000,4.000000,4.000000,4.000000,4.000000,4.000000,4.000000,100.000000,,,,,,,,,,,,,,,,,,,,,,,,,,,,,,,,,,,,,,,,,,,,,,,,,,,,,,,,,,,,,,,,,,,,,,,,,,,,,,,,,,,,,,
1676060286.594035,1676060286.595150,42.000000,0.000000,4260.384766,4227.307617,4256.538574,4249.230957,4225.000000,4225.897461,4255.512695,4254.871582,4252.436035,4237.051270,4418.205078,4433.974121,4345.769043,4407.948730,0.000000,4.000000,85.000000,,,,0.000000,4.000000,4.000000,4.000000,4.000000,4.000000,4.000000,4.000000,4.000000,4.000000,4.000000,4.000000,4.000000,4.000000,4.000000,100.000000,,,,,,,,,,,,,,,,,,,,,,,,,,,,,,,,,,,,,,,,,,,,,,,,,,,,,,,,,,,,,,,,,,,,,,,,,,,,,,,,,,,,,,
1676060286.601843,1676060286.603059,43.000000,0.000000,4271.153809,4234.102539,4271.538574,4256.410156,4226.666504,4232.692383,4266.922852,4270.769043,4268.461426,4251.410156,4433.974121,4453.589844,4363.717773,4422.820313,0.000000,4.000000,85.000000,,,,0.000000,4.000000,4.000000,4.000000,4.000000,4.000000,4.000000,4.000000,4.000000,4.000000,4.000000,4.000000,4.000000,4.000000,4.000000,100.000000,,,,,,,,,,,,,,,,,,,,,,,,,,,,,,,,,,,,,,,,,,,,,,,,,,,,,,,,,,,,,,,,,,,,,,,,,,,,,,,,,,,,,,
1676060286.609651,1676060286.610867,44.000000,0.000000,4289.358887,4264.615234,4304.487305,4284.358887,4247.436035,4244.615234,4291.410156,4299.230957,4293.077148,4280.512695,4470.897461,4487.051270,4401.025879,4454.743652,0.000000,4.000000,85.000000,,,,0.000000,4.000000,4.000000,4.000000,4.000000,4.000000,4.000000,4.000000,4.000000,4.000000,4.000000,4.000000,4.000000,4.000000,4.000000,100.000000,,,,,,,,,,,,,,,,,,,,,,,,,,,,,,,,,,,,,,,,,,,,,,,,,,,,,,,,,,,,,,,,,,,,,,,,,,,,,,,,,,,,,,
1676060286.617460,1676060286.618775,45.000000,0.000000,4284.615234,4262.436035,4295.128418,4280.641113,4248.461426,4241.025879,4289.871582,4293.205078,4285.256348,4278.589844,4467.307617,4478.589844,4395.256348,4448.333496,0.000000,4.000000,85.000000,,,,0.000000,4.000000,4.000000,4.000000,4.000000,4.000000,4.000000,4.000000,4.000000,4.000000,4.000000,4.000000,4.000000,4.000000,4.000000,100.000000,,,,,,,,,,,,,,,,,,,,,,,,,,,,,,,,,,,,,,,,,,,,,,,,,,,,,,,,,,,,,,,,,,,,,,,,,,,,,,,,,,,,,,
1676060286.625268,1676060286.626584,46.000000,0.000000,4263.974121,4236.666504,4266.794922,4254.230957,4230.384766,4233.589844,4271.538574,4277.051270,4268.717773,4258.846191,4439.487305,4452.692383,4366.538574,4423.333496,0.000000,4.000000,85.000000,,,,0.000000,4.000000,4.000000,4.000000,4.000000,4.000000,4.000000,4.000000,4.000000,4.000000,4.000000,4.000000,4.000000,4.000000,4.000000,100.000000,,,,,,,,,,,,,,,,,0.726394,1.771807,1.192654,1.017916,1.364071,12.210932,3.688222,0.964529,1.236328,1.677067,0.428350,2.121380,1.330417,1.070893,1.601607,4.461360,2.232348,0.601473,1.018976,1.357623,26.327036,3.261819,0.438718,0.549081,0.810658,17.612328,8.499506,3.826397,1.865080,1.184853,0.624747,2.056374,0.718323,0.650248,1.234622,1.542935,1.483317,1.333850,1.098234,1.599588,0.892294,1.519471,0.964681,1.083999,1.649114,1.037526,1.377361,1.070544,1.639525,2.058743,33.426048,8.913973,1.681269,1.914540,2.283721,2.932544,4.311187,2.168602,1.984500,2.415266,9.707646,7.956216,1.670285,1.889901,2.081787,8.809013,6.986877,1.467571,1.714381,2.181944
1676060286.633077,1676060286.634492,47.000000,0.000000,4249.102539,4225.384766,4258.205078,4243.974121,4226.666504,4233.846191,4265.384766,4276.153809,4270.897461,4250.384766,4426.282227,4438.717773,4356.666504,4410.384766,0.000000,4.000000,85.000000,,,,0.000000,4.000000,4.000000,4.000000,4.000000,4.000000,4.000000,4.000000,4.000000,4.000000,4.000000,4.000000,4.000000,4.000000,4.000000,100.000000,,,,,,,,,,,,,,,,,,,,,,,,,,,,,,,,,,,,,,,,,,,,,,,,,,,,,,,,,,,,,,,,,,,,,,,,,,,,,,,,,,,,,,
1676060286.640885,1676060286.642301,48.000000,0.000000,4241.666504,4218.077148,4253.717773,4243.589844,4230.384766,4234.743652,4263.461426,4271.025879,4269.102539,4241.538574,4421.282227,4428.461426,4357.307617,4400.512695,0.000000,4.000000,85.000000,,,,0.000000,4.000000,4.000000,4.000000,4.000000,4.000000,4.000000,4.000000,4.000000,4.000000,4.000000,4.000000,4.000000,4.000000,4.000000,100.000000,,,,,,,,,,,,,,,,,,,,,,,,,,,,,,,,,,,,,,,,,,,,,,,,,,,,,,,,,,,,,,,,,,,,,,,,,,,,,,,,,,,,,,
1676060286.648693,1676060286.650009,49.000000,0.000000,4252.820313,4221.282227,4258.461426,4251.794922,4232.436035,4235.000000,4263.333496,4271.666504,4267.563965,4238.846191,4431.153809,4435.000000,4368.205078,4409.102539,0.000000,4.000000,85.000000,,,,0.000000,4.000000,4.000000,4.000000,4.000000,4.000000,4.000000,4.000000,4.000000,4.000000,4.000000,4.000000,4.000000,4.000000,4.000000,100.000000,,,,,,,,,,,,,,,,,,,,,,,,,,,,,,,,,,,,,,,,,,,,,,,,,,,,,,,,,,,,,,,,,,,,,,,,,,,,,,,,,,,,,,
1676060286.656502,1676060286.657818,50.000000,0.000000,4265.256348,4233.589844,4269.230957,4256.538574,4233.717773,4233.589844,4267.179688,4283.974121,4280.897461,4252.179688,4446.025879,4450.256348,4385.384766,4429.102539,0.000000,4.000000,85.000000,,,,0.000000,4.000000,4.000000,4.000000,4.000000,4.000000,4.000000,4.000000,4.000000,4.000000,4.000000,4.000000,4.000000,4.000000,4.000000,100.000000,,,,,,,,,,,,,,,,,,,,,,,,,,,,,,,,,,,,,,,,,,,,,,,,,,,,,,,,,,,,,,,,,,,,,,,,,,,,,,,,,,,,,,
1676060286.664310,1676060286.665526,51.000000,0.000000,4248.717773,4217.820313,4250.769043,4233.974121,4221.025879,4220.512695,4253.205078,4270.512695,4271.794922,4251.025879,4426.282227,4432.307617,4373.077148,4413.333496,0.000000,4.000000,85.000000,,,,0.000000,4.000000,4.000000,4.000000,4.000000,4.000000,4.000000,4.000000,4.000000,4.000000,4.000000,4.000000,4.000000,4.000000,4.000000,100.000000,,,,,,,,,,,,,,,,,,,,,,,,,,,,,,,,,,,,,,,,,,,,,,,,,,,,,,,,,,,,,,,,,,,,,,,,,,,,,,,,,,,,,,
1676060286.672118,1676060286.673335,52.000000,0.000000,4242.563965,4204.358887,4241.538574,4230.769043,4217.948730,4222.307617,4246.666504,4258.077148,4260.384766,4247.436035,4414.102539,4423.205078,4360.256348,4399.615234,0.000000,4.000000,85.000000,,,,0.000000,4.000000,4.000000,4.000000,4.000000,4.000000,4.000000,4.000000,4.000000,4.000000,4.000000,4.000000,4.000000,4.000000,4.000000,100.000000,,,,,,,,,,,,,,,,,,,,,,,,,,,,,,,,,,,,,,,,,,,,,,,,,,,,,,,,,,,,,,,,,,,,,,,,,,,,,,,,,,,,,,
1676060286.679927,1676060286.681043,53.000000,0.000000,4282.563965,4240.897461,4285.384766,4271.153809,4244.615234,4248.461426,4282.179688,4293.717773,4292.820313,4273.846191,4460.897461,4474.871582,4400.128418,4445.000000,0.000000,4.000000,85.000000,,,,0.000000,4.000000,4.000000,4.000000,4.000000,4.000000,4.000000,4.000000,4.000000,4.000000,4.000000,4.000000,4.000000,4.000000,4.000000,100.000000,,,,,,,,,,,,,,,,,,,,,,,,,,,,,,,,,,,,,,,,,,,,,,,,,,,,,,,,,,,,,,,,,,,,,,,,,,,,,,,,,,,,,,
1676060286.687735,1676060286.688952,54.000000,0.000000,4306.153809,4265.384766,4316.666504,4291.922852,4258.461426,4256.538574,4305.128418,4312.948730,4316.410156,4291.282227,4486.922852,4507.179688,4426.282227,4475.897461,0.000000,4.000000,85.000000,,,,0.000000,4.000000,4.000000,4.000000,4.000000,4.000000,4.000000,4.000000,4.000000,4.000000,4.000000,4.000000,4.000000,4.000000,4.000000,100.000000,,,,,,,,,,,,,,,,,,,,,,,,,,,,,,,,,,,,,,,,,,,,,,,,,,,,,,,,,,,,,,,,,,,,,,,,,,,,,,,,,,,,,,
1676060286.695544,1676060286.696760,55.000000,0.000000,4285.897461,4248.717773,4296.153809,4275.641113,4245.897461,4244.871582,4284.615234,4285.512695,4295.000000,4274.871582,4451.794922,4476.153809,4396.153809,4447.948730,0.000000,4.000000,85.000000,,,,0.000000,4.000000,4.000000,4.000000,4.000000,4.000000,4.000000,4.000000,4.000000,4.000000,4.000000,4.000000,4.000000,4.000000,4.000000,100.000000,,,,,,,,,,,,,,,,,,,,,,,,,,,,,,,,,,,,,,,,,,,,,,,,,,,,,,,,,,,,,,,,,,,,,,,,,,,,,,,,,,,,,,
1676060286.703352,1676060286.704668,56.000000,0.000000,4278.333496,4245.897461,4281.410156,4270.000000,4245.000000,4246.794922,4275.000000,4275.128418,4282.307617,4269.871582,4436.410156,4456.538574,4383.461426,4434.871582,0.000000,4.000000,85.000000,,,,0.000000,4.000000,4.000000,4.000000,4.000000,4.000000,4.000000,4.000000,4.000000,4.000000,4.000000,4.000000,4.000000,4.000000,4.000000,100.000000,,,,,,,,,,,,,,,,,,,,,,,,,,,,,,,,,,,,,,,,,,,,,,,,,,,,,,,,,,,,,,,,,,,,,,,,,,,,,,,,,,,,,,
1676060286.711160,1676060286.712477,57.000000,0.000000,4280.641113,4250.897461,4284.487305,4267.948730,4248.333496,4251.922852,4285.384766,4284.743652,4281.025879,4267.820313,4443.589844,4458.589844,4390.384766,4438.974121,0.000000,4.000000,85.000000,,,,0.000000,4.000000,4.000000,4.000000,4.000000,4.000000,4.000000,4.000000,4.000000,4.000000,4.000000,4.000000,4.000000,4.000000,4.000000,100.000000,,,,,,,,,,,,,,,,,,,,,,,,,,,,,,,,,,,,,,,,,,,,,,,,,,,,,,,,,,,,,,,,,,,,,,,,,,,,,,,,,,,,,,
1676060286.718969,1676060286.720285,58.000000,0.000000,4262.179688,4236.538574,4272.948730,4250.512695,4236.282227,4240.897461,4278.461426,4277.563965,4269.871582,4249.743652,4425.000000,4444.487305,4370.128418,4417.692383,0.000000,4.000000,85.000000,,,,0.000000,4.000000,4.000000,4.000000,4.000000,4.000000,4.000000,4.000000,4.000000,4.000000,4.000000,4.000000,4.000000,4.000000,4.000000,100.000000,,,,,,,,,,,,,,,,,,,,,,,,,,,,,,,,,,,,,,,,,,,,,,,,,,,,,,,,,,,,,,,,,,,,,,,,,,,,,,,,,,,,,,
1676060286.726777,1676060286.727994,59.000000,0.000000,4254.871582,4226.922852,4263.077148,4246.153809,4236.282227,4240.512695,4265.512695,4272.307617,4271.410156,4252.436035,4422.948730,4436.794922,4362.051270,4405.256348,0.000000,4.000000,85.000000,,,,0.000000,4.000000,4.000000,4.000000,4.000000,4.000000,4.000000,4.000000,4.000000,4.000000,4.000000,4.000000,4.000000,4.000000,4.000000,100.000000,,,,,,,,,,,,,,,,,,,,,,,,,,,,,,,,,,,,,,,,,,,,,,,,,,,,,,,,,,,,,,,,,,,,,,,,,,,,,,,,,,,,,,
1676060286.734585,1676060286.735802,60.000000,0.000000,4265.769043,4237.948730,4271.025879,4258.589844,4249.102539,4248.846191,4265.897461,4279.358887,4277.820313,4269.358887,4467.820313,4444.615234,4381.666504,4418.461426,0.000000,4.000000,85.000000,,,,0.000000,4.000000,4.000000,4.000000,4.000000,4.000000,4.000000,4.000000,4.000000,4.000000,4.000000,4.000000,4.000000,4.000000,4.000000,100.000000,,,,,,,,,,,,,,,,,,,,,,,,,,,,,,,,,,,,,,,,,,,,,,,,,,,,,,,,,,,,,,,,,,,,,,,,,,,,,,,,,,,,,,
1676060286.742394,1676060286.743511,61.000000,0.000000,4254.487305,4236.282227,4264.615234,4253.461426,4242.948730,4241.666504,4263.846191,4269.871582,4262.820313,4258.333496,4499.487305,4430.384766,4370.769043,4408.333496,0.000000,4.000000,85.000000,,,,0.000000,4.000000,4.000000,4.000000,4.000000,4.000000,4.000000,4.000000,4.000000,4.000000,4.000000,4.000000,4.000000,4.000000,4.000000,100.000000,,,,,,,,,,,,,,,,,,,,,,,,,,,,,,,,,,,,,,,,,,,,,,,,,,,,,,,,,,,,,,,,,,,,,,,,,,,,,,,,,,,,,,
1676060286.750202,1676060286.751319,62.000000,0.000000,4239.743652,4223.205078,4248.589844,4236.922852,4227.692383,4234.102539,4257.948730,4256.794922,4252.563965,4239.871582,4496.410156,4414.487305,4346.153809,4385.256348,0.000000,4.000000,85.000000,,,,0.000000,4.000000,4.000000,4.000000,4.000000,4.000000,4.000000,4.000000,4.000000,4.000000,4.000000,4.000000,4.000000,4.000000,4.000000,100.000000,,,,,,,,,,,,,,,,,0.852247,2.580781,1.159618,1.055557,1.385556,15.423532,4.396681,0.918161,1.314418,1.720075,0.369504,2.763348,1.172700,0.994143,1.683068,6.619587,3.043467,0.641830,1.009465,1.440087,16.975466,2.161767,0.390898,0.568714,0.891608,22.133638,9.965692,3.781583,2.151761,1.271379,0.845166,1.882728,0.583298,0.699738,1.298597,1.861766,1.808015,1.090478,1.079450,1.720619,0.985959,1.704527,0.821195,1.155911,1.694926,0.903956,1.410961,0.990136,1.778078,2.183929,40.454174,11.527521,1.605682,2.232850,2.488846,2.320239,4.964936,1.892465,1.927128,2.613208,9.964350,8.656950,1.325334,2.117734,2.247891,8.286356,7.791378,1.112352,1.791978,2.372413
1676060286.758011,1676060286.759028,63.000000,0.000000,4266.794922,4241.922852,4269.358887,4255.384766,4242.436035,4247.179688,4273.077148,4276.410156,4274.871582,4255.897461,4508.974121,4444.102539,4371.153809,4409.743652,0.000000,4.000000,85.000000,,,,0.000000,4.000000,4.000000,4.000000,4.000000,4.000000,4.000000,4.000000,4.000000,4.000000,4.000000,4.000000,4.000000,4.000000,4.000000,100.000000,,,,,,,,,,,,,,,,,,,,,,,,,,,,,,,,,,,,,,,,,,,,,,,,,,,,,,,,,,,,,,,,,,,,,,,,,,,,,,,,,,,,,,
1676060286.765819,1676060286.766936,64.000000,0.000000,4287.179688,4263.974121,4293.846191,4279.743652,4258.846191,4256.025879,4288.077148,4296.282227,4288.589844,4269.615234,4520.769043,4469.615234,4398.461426,4440.897461,2525.000000,4.000000,85.000000,,,,0.000000,4.000000,4.000000,4.000000,4.000000,4.000000,4.000000,4.000000,4.000000,4.000000,4.000000,4.000000,4.000000,4.000000,4.000000,100.000000,,,,,,,,,,,,,,,,,,,,,,,,,,,,,,,,,,,,,,,,,,,,,,,,,,,,,,,,,,,,,,,,,,,,,,,,,,,,,,,,,,,,,,
1676060286.773627,1676060286.774745,65.000000,0.000000,4249.230957,4237.820313,4270.000000,4252.563965,4238.717773,4242.948730,4272.436035,4275.769043,4266.922852,4252.563965,4482.563965,4438.461426,4366.538574,4409.487305,2473.000000,4.000000,85.000000,,,,0.000000,4.000000,4.000000,4.000000,4.000000,4.000000,4.000000,4.000000,4.000000,4.000000,4.000000,4.000000,4.000000,4.000000,4.000000,100.000000,,,,,,,,,,,,,,,,,,,,,,,,,,,,,,,,,,,,,,,,,,,,,,,,,,,,,,,,,,,,,,,,,,,,,,,,,,,,,,,,,,,,,,
1676060286.781436,1676060286.782653,66.000000,0.000000,4229.615234,4222.051270,4255.000000,4235.128418,4231.282227,4240.641113,4265.384766,4261.153809,4261.410156,4247.692383,4453.589844,4420.897461,4342.692383,4385.000000,2408.000000,4.000000,85.000000,,,,0.000000,4.000000,4.000000,4.000000,4.000000,4.000000,4.000000,4.000000,4.000000,4.000000,4.000000,4.000000,4.000000,4.000000,4.000000,100.000000,,,,,,,,,,,,,,,,,,,,,,,,,,,,,,,,,,,,,,,,,,,,,,,,,,,,,,,,,,,,,,,,,,,,,,,,,,,,,,,,,,,,,,
1676060286.789244,1676060286.790461,67.000000,0.000000,4270.641113,4264.487305,4283.846191,4276.025879,4255.897461,4254.230957,4288.974121,4282.820313,4287.051270,4269.871582,4476.025879,4458.589844,4371.153809,4417.051270,2469.000000,4.000000,85.000000,,,,0.000000,4.000000,4.000000,4.000000,4.000000,4.000000,4.000000,4.000000,4.000000,4.000000,4.000000,4.000000,4.000000,4.000000,4.000000,100.000000,,,,,,,,,,,,,,,,,,,,,,,,,,,,,,,,,,,,,,,,,,,,,,,,,,,,,,,,,,,,,,,,,,,,,,,,,,,,,,,,,,,,,,
1676060286.797053,1676060286.798370,68.000000,0.000000,4287.051270,4302.692383,4294.871582,4309.871582,4260.256348,4254.743652,4288.333496,4284.358887,4290.384766,4272.820313,4467.692383,4466.153809,4368.846191,4422.051270,2444.000000,4.000000,85.000000,,,,0.000000,4.000000,4.000000,4.000000,4.000000,4.000000,4.000000,4.000000,4.000000,4.000000,4.000000,4.000000,4.000000,4.000000,4.000000,100.000000,,,,,,,,,,,,,,,,,,,,,,,,,,,,,,,,,,,,,,,,,,,,,,,,,,,,,,,,,,,,,,,,,,,,,,,,,,,,,,,,,,,,,,
1676060286.804861,1676060286.806178,69.000000,0.000000,4263.461426,4310.769043,4276.025879,4306.410156,4243.846191,4242.692383,4263.461426,4259.743652,4268.717773,4251.025879,4418.974121,4432.948730,4318.205078,4387.820313,2386.000000,4.000000,85.000000,,,,0.000000,4.000000,4.000000,4.000000,4.000000,4.000000,4.000000,4.000000,4.000000,4.000000,4.000000,4.000000,4.000000,4.000000,4.000000,100.000000,,,,,,,,,,,,,,,,,,,,,,,,,,,,,,,,,,,,,,,,,,,,,,,,,,,,,,,,,,,,,,,,,,,,,,,,,,,,,,,,,,,,,,
1676060286.812669,1676060286.814086,70.000000,0.000000,4259.487305,4322.051270,4277.436035,4309.102539,4246.538574,4245.000000,4269.358887,4266.153809,4272.692383,4253.077148,4410.000000,4438.589844,4303.461426,4381.794922,2234.000000,4.000000,85.000000,,,,0.000000,4.000000,4.000000,4.000000,4.000000,4.000000,4.000000,4.000000,4.000000,4.000000,4.000000,4.000000,4.000000,4.000000,4.000000,100.000000,,,,,,,,,,,,,,,,,,,,,,,,,,,,,,,,,,,,,,,,,,,,,,,,,,,,,,,,,,,,,,,,,,,,,,,,,,,,,,,,,,,,,,
1676060286.820478,1676060286.821995,71.000000,0.000000,4259.743652,4321.282227,4282.436035,4315.641113,4253.205078,4253.717773,4286.666504,4286.794922,4284.871582,4267.692383,4423.077148,4464.743652,4319.102539,4388.461426,2227.000000,4.000000,85.000000,,,,0.000000,4.000000,4.000000,4.000000,4.000000,4.000000,4.000000,4.000000,4.000000,4.000000,4.000000,4.000000,4.000000,4.000000,4.000000,100.000000,,,,,,,,,,,,,,,,,,,,,,,,,,,,,,,,,,,,,,,,,,,,,,,,,,,,,,,,,,,,,,,,,,,,,,,,,,,,,,,,,,,,,,
1676060286.828286,1676060286.829803,72.000000,0.000000,4245.897461,4302.307617,4267.820313,4312.179688,4249.871582,4245.769043,4279.230957,4280.641113,4270.769043,4255.384766,4407.820313,4459.230957,4314.871582,4379.871582,2276.000000,4.000000,85.000000,,,,0.000000,4.000000,4.000000,4.000000,4.000000,4.000000,4.000000,4.000000,4.000000,4.000000,4.000000,4.000000,4.000000,4.000000,4.000000,100.000000,,,,,,,,,,,,,,,,,,,,,,,,,,,,,,,,,,,,,,,,,,,,,,,,,,,,,,,,,,,,,,,,,,,,,,,,,,,,,,,,,,,,,,
1676060286.836095,1676060286.837612,73.000000,0.000000,4251.282227,4301.153809,4268.461426,4320.769043,4259.230957,4247.948730,4277.179688,4273.589844,4261.153809,4238.717773,4398.974121,4455.512695,4310.897461,4382.307617,2252.000000,4.000000,85.000000,,,,0.000000,4.000000,4.000000,4.000000,4.000000,4.000000,4.000000,4.000000,4.000000,4.000000,4.000000,4.000000,4.000000,4.000000,4.000000,100.000000,,,,,,,,,,,,,,,,,,,,,,,,,,,,,,,,,,,,,,,,,,,,,,,,,,,,,,,,,,,,,,,,,,,,,,,,,,,,,,,,,,,,,,
1676060286.843903,1676060286.845320,74.000000,0.000000,4258.846191,4309.487305,4281.666504,4331.282227,4268.974121,4264.487305,4288.589844,4281.153809,4271.538574,4246.922852,4407.436035,4467.692383,4318.589844,4386.153809,2733.000000,4.000000,85.000000,,,,0.000000,4.000000,4.000000,4.000000,4.000000,4.000000,4.000000,4.000000,4.000000,4.000000,4.000000,4.000000,4.000000,4.000000,4.000000,100.000000,,,,,,,,,,,,,,,,,,,,,,,,,,,,,,,,,,,,,,,,,,,,,,,,,,,,,,,,,,,,,,,,,,,,,,,,,,,,,,,,,,,,,,
1676060286.851711,1676060286.853129,75.000000,0.000000,4250.256348,4303.205078,4279.615234,4326.153809,4265.769043,4268.461426,4289.615234,4280.769043,4282.051270,4264.230957,4402.692383,4466.922852,4319.230957,4381.410156,2927.000000,4.000000,85.000000,,,,0.000000,4.000000,4.000000,4.000000,4.000000,4.000000,4.000000,4.000000,4.000000,4.000000,4.000000,4.000000,4.000000,4.000000,4.000000,100.000000,,,,,,,,,,,,,,,,,,,,,,,,,,,,,,,,,,,,,,,,,,,,,,,,,,,,,,,,,,,,,,,,,,,,,,,,,,,,,,,,,,,,,,
1676060286.859520,1676060286.860837,76.000000,0.000000,4247.948730,4295.641113,4269.487305,4321.025879,4258.077148,4261.922852,4278.077148,4267.436035,4278.717773,4264.615234,4387.563965,4458.333496,4315.641113,4379.743652,3134.000000,4.000000,85.000000,,,,0.000000,4.000000,4.000000,4.000000,4.000000,4.000000,4.000000,4.000000,4.000000,4.000000,4.000000,4.000000,4.000000,4.000000,4.000000,100.000000,,,,,,,,,,,,,,,,,,,,,,,,,,,,,,,,,,,,,,,,,,,,,,,,,,,,,,,,,,,,,,,,,,,,,,,,,,,,,,,,,,,,,,
1676060286.867328,1676060286.868646,77.000000,0.000000,4249.487305,4296.794922,4265.256348,4319.871582,4255.897461,4255.128418,4271.025879,4264.871582,4271.666504,4253.846191,4382.051270,4458.333496,4312.820313,4374.743652,3249.000000,4.000000,85.000000,,,,0.000000,4.000000,4.000000,4.000000,4.000000,4.000000,4.000000,4.000000,4.000000,4.000000,4.000000,4.000000,4.000000,4.000000,4.000000,100.000000,,,,,,,,,,,,,,,,,,,,,,,,,,,,,,,,,,,,,,,,,,,,,,,,,,,,,,,,,,,,,,,,,,,,,,,,,,,,,,,,,,,,,,
1676060286.875136,1676060286.876354,78.000000,0.000000,4243.846191,4289.358887,4261.666504,4311.025879,4253.205078,4247.820313,4268.717773,4272.948730,4269.871582,4246.153809,4379.871582,4456.410156,4304.358887,4366.538574,2733.000000,4.000000,85.000000,,,,0.000000,4.000000,4.000000,4.000000,4.000000,4.000000,4.000000,4.000000,4.000000,4.000000,4.000000,4.000000,4.000000,4.000000,4.000000,100.000000,1.000000,25.000000,4.000000,4.000000,1.000000,4.000000,1.000000,3.000000,4.000000,3.000000,4.000000,1.000000,1.000000,1.000000,3.000000,1.000000,0.987822,3.522170,1.063206,1.033246,1.402093,19.554722,4.948070,0.988104,1.325429,1.712289,0.464405,3.553999,0.999403,0.899348,1.715212,8.729231,3.947756,0.722915,0.962004,1.509856,8.825127,1.441748,0.372881,0.575567,0.945248,26.620949,11.204573,3.888563,2.386175,1.353152,1.099394,1.666371,0.502328,0.739088,1.324357,2.316020,2.109157,1.022063,1.062382,1.807941,1.137921,1.754743,0.781726,1.212590,1.725288,0.888260,1.387096,1.074955,1.880357,2.255613,43.651478,13.632734,1.717523,2.599911,2.657436,1.957606,5.419843,1.553453,1.848531,2.759828,11.963585,8.763382,1.105408,2.370978,2.363421,7.562024,8.233040,0.874854,1.857523,2.509716
1676060286.882945,1676060286.884163,79.000000,0.000000,4245.641113,4283.974121,4262.307617,4307.948730,4255.256348,4253.846191,4275.384766,4281.410156,4275.512695,4249.871582,4382.820313,4457.436035,4311.025879,4374.871582,2927.000000,4.000000,85.000000,,,,0.000000,4.000000,4.000000,4.000000,4.000000,4.000000,4.000000,4.000000,4.000000,4.000000,4.000000,4.000000,4.000000,4.000000,4.000000,100.000000,,,,,,,,,,,,,,,,,,,,,,,,,,,,,,,,,,,,,,,,,,,,,,,,,,,,,,,,,,,,,,,,,,,,,,,,,,,,,,,,,,,,,,
1676060286.890753,1676060286.891871,80.000000,0.000000,4254.743652,4293.717773,4268.333496,4317.692383,4261.794922,4266.666504,4287.820313,4293.846191,4287.436035,4258.974121,4399.102539,4471.794922,4332.820313,4393.461426,3134.000000,4.000000,85.000000,,,,0.000000,4.000000,4.000000,4.000000,4.000000,4.000000,4.000000,4.000000,4.000000,4.000000,4.000000,4.000000,4.000000,4.000000,4.000000,100.000000,,,,,,,,,,,,,,,,,,,,,,,,,,,,,,,,,,,,,,,,,,,,,,,,,,,,,,,,,,,,,,,,,,,,,,,,,,,,,,,,,,,,,,
1676060286.898562,1676060286.899680,81.000000,0.000000,4243.846191,4288.717773,4259.102539,4312.563965,4255.641113,4254.358887,4280.000000,4296.410156,4287.436035,4263.205078,4397.692383,4470.128418,4327.820313,4387.692383,3249.000000,4.000000,85.000000,,,,0.000000,4.000000,4.000000,4.000000,4.000000,4.000000,4.000000,4.000000,4.000000,4.000000,4.000000,4.000000,4.000000,4.000000,4.000000,100.000000,,,,,,,,,,,,,,,,,,,,,,,,,,,,,,,,,,,,,,,,,,,,,,,,,,,,,,,,,,,,,,,,,,,,,,,,,,,,,,,,,,,,,,
1676060286.906370,1676060286.907388,82.000000,0.000000,4234.487305,4280.897461,4252.820313,4302.692383,4251.410156,4243.077148,4264.358887,4288.589844,4278.846191,4262.051270,4382.820313,4453.077148,4312.820313,4368.846191,2733.000000,4.000000,85.000000,,,,0.000000,4.000000,4.000000,4.000000,4.000000,4.000000,4.000000,4.000000,4.000000,4.000000,4.000000,4.000000,4.000000,4.000000,4.000000,100.000000,,,,,,,,,,,,,,,,,,,,,,,,,,,,,,,,,,,,,,,,,,,,,,,,,,,,,,,,,,,,,,,,,,,,,,,,,,,,,,,,,,,,,,
1676060286.914178,1676060286.915197,83.000000,0.000000,4253.205078,4297.692383,4268.589844,4316.025879,4263.333496,4258.974121,4271.666504,4292.436035,4283.205078,4262.307617,4391.153809,4463.077148,4329.615234,4377.820313,2927.000000,4.000000,85.000000,,,,0.000000,4.000000,4.000000,4.000000,4.000000,4.000000,4.000000,4.000000,4.000000,4.000000,4.000000,4.000000,4.000000,4.000000,4.000000,100.000000,,,,,,,,,,,,,,,,,,,,,,,,,,,,,,,,,,,,,,,,,,,,,,,,,,,,,,,,,,,,,,,,,,,,,,,,,,,,,,,,,,,,,,
1676060286.921987,1676060286.922905,84.000000,0.000000,4264.487305,4304.487305,4276.410156,4327.436035,4269.102539,4267.692383,4284.358887,4298.589844,4288.717773,4263.717773,4400.641113,4475.897461,4341.410156,4392.948730,3134.000000,4.000000,85.000000,,,,0.000000,4.000000,4.000000,4.000000,4.000000,4.000000,4.000000,4.000000,4.000000,4.000000,4.000000,4.000000,4.000000,4.000000,4.000000,100.000000,,,,,,,,,,,,,,,,,,,,,,,,,,,,,,,,,,,,,,,,,,,,,,,,,,,,,,,,,,,,,,,,,,,,,,,,,,,,,,,,,,,,,,
1676060286.929795,1676060286.930714,85.000000,0.000000,4258.077148,4294.871582,4272.948730,4324.487305,4267.051270,4261.538574,4281.922852,4293.974121,4284.487305,4268.333496,4391.282227,4466.282227,4329.487305,4388.333496,3249.000000,4.000000,85.000000,,,,0.000000,4.000000,4.000000,4.000000,4.000000,4.000000,4.000000,4.000000,4.000000,4.000000,4.000000,4.000000,4.000000,4.000000,4.000000,100.000000,,,,,,,,,,,,,,,,,,,,,,,,,,,,,,,,,,,,,,,,,,,,,,,,,,,,,,,,,,,,,,,,,,,,,,,,,,,,,,,,,,,,,,
1676060286.937603,1676060286.938422,86.000000,0.000000,4261.282227,4299.102539,4277.692383,4324.487305,4270.512695,4262.948730,4279.871582,4294.230957,4280.256348,4267.051270,4387.436035,4460.512695,4332.692383,4385.384766,2733.000000,4.000000,85.000000,,,,0.000000,4.000000,4.000000,4.000000,4.000000,4.000000,4.000000,4.000000,4.000000,4.000000,4.000000,4.000000,4.000000,4.000000,4.000000,100.000000,,,,,,,,,,,,,,,,,,,,,,,,,,,,,,,,,,,,,,,,,,,,,,,,,,,,,,,,,,,,,,,,,,,,,,,,,,,,,,,,,,,,,,
1676060286.945412,1676060286.946331,87.000000,0.000000,4256.666504,4291.025879,4270.769043,4312.179688,4266.794922,4263.717773,4278.589844,4288.205078,4270.512695,4250.769043,4377.051270,4453.846191,4328.333496,4378.974121,2927.000000,4.000000,85.000000,,,,0.000000,4.000000,4.000000,4.000000,4.000000,4.000000,4.000000,4.000000,4.000000,4.000000,4.000000,4.000000,4.000000,4.000000,4.000000,100.000000,,,,,,,,,,,,,,,,,,,,,,,,,,,,,,,,,,,,,,,,,,,,,,,,,,,,,,,,,,,,,,,,,,,,,,,,,,,,,,,,,,,,,,
1676060286.953220,1676060286.954139,88.000000,0.000000,4245.128418,4281.666504,4263.333496,4305.769043,4265.256348,4263.846191,4280.128418,4283.077148,4268.461426,4253.974121,4371.153809,4454.487305,4316.282227,4370.769043,3134.000000,4.000000,85.000000,,,,0.000000,4.000000,4.000000,4.000000,4.000000,4.000000,4.000000,4.000000,4.000000,4.000000,4.000000,4.000000,4.000000,4.000000,4.000000,100.000000,,,,,,,,,,,,,,,,,,,,,,,,,,,,,,,,,,,,,,,,,,,,,,,,,,,,,,,,,,,,,,,,,,,,,,,,,,,,,,,,,,,,,,
1676060286.961029,1676060286.961947,89.000000,0.000000,4260.000000,4303.846191,4285.000000,4330.384766,4283.461426,4278.589844,4298.077148,4304.358887,4290.769043,4278.589844,4402.307617,4482.692383,4341.538574,4396.153809,3249.000000,4.000000,85.000000,,,,0.000000,4.000000,4.000000,4.000000,4.000000,4.000000,4.000000,4.000000,4.000000,4.000000,4.000000,4.000000,4.000000,4.000000,4.000000,100.000000,,,,,,,,,,,,,,,,,,,,,,,,,,,,,,,,,,,,,,,,,,,,,,,,,,,,,,,,,,,,,,,,,,,,,,,,,,,,,,,,,,,,,,
1676060286.968837,1676060286.969656,90.000000,0.000000,4271.025879,4309.230957,4293.974121,4336.153809,4285.897461,4281.538574,4303.589844,4313.205078,4295.384766,4278.333496,4417.948730,4492.436035,4357.948730,4415.256348,2733.000000,4.000000,85.000000,,,,0.000000,4.000000,4.000000,4.000000,4.000000,4.000000,4.000000,4.000000,4.000000,4.000000,4.000000,4.000000,4.000000,4.000000,4.000000,100.000000,,,,,,,,,,,,,,,,,,,,,,,,,,,,,,,,,,,,,,,,,,,,,,,,,,,,,,,,,,,,,,,,,,,,,,,,,,,,,,,,,,,,,,
1676060286.976645,1676060286.977564,91.000000,0.000000,4258.333496,4290.128418,4272.307617,4314.487305,4271.410156,4268.333496,4289.615234,4293.589844,4280.512695,4266.666504,4397.948730,4469.871582,4338.717773,4396.538574,2927.000000,4.000000,85.000000,,,,0.000000,4.000000,4.000000,4.000000,4.000000,4.000000,4.000000,4.000000,4.000000,4.000000,4.000000,4.000000,4.000000,4.000000,4.000000,100.000000,,,,,,,,,,,,,,,,,,,,,,,,,,,,,,,,,,,,,,,,,,,,,,,,,,,,,,,,,,,,,,,,,,,,,,,,,,,,,,,,,,,,,,
1676060286.984454,1676060286.985373,92.000000,0.000000,4264.230957,4297.820313,4272.948730,4317.948730,4276.538574,4274.358887,4289.358887,4291.153809,4291.794922,4280.128418,4398.077148,4470.128418,4347.307617,4396.666504,3134.000000,4.000000,85.000000,,,,0.000000,4.000000,4.000000,4.000000,4.000000,4.000000,4.000000,4.000000,4.000000,4.000000,4.000000,4.000000,4.000000,4.000000,4.000000,100.000000,,,,,,,,,,,,,,,,,,,,,,,,,,,,,,,,,,,,,,,,,,,,,,,,,,,,,,,,,,,,,,,,,,,,,,,,,,,,,,,,,,,,,,
1676060286.992262,1676060286.993281,93.000000,0.000000,4281.922852,4313.717773,4292.307617,4335.128418,4285.641113,4283.717773,4292.179688,4302.820313,4305.512695,4293.077148,4416.538574,4488.333496,4374.487305,4417.692383,3249.000000,4.000000,85.000000,,,,0.000000,4.000000,4.000000,4.000000,4.000000,4.000000,4.000000,4.000000,4.000000,4.000000,4.000000,4.000000,4.000000,4.000000,4.000000,100.000000,,,,,,,,,,,,,,,,,,,,,,,,,,,,,,,,,,,,,,,,,,,,,,,,,,,,,,,,,,,,,,,,,,,,,,,,,,,,,,,,,,,,,,
1676060287.000070,1676060287.001090,94.000000,0.000000,4269.487305,4297.563965,4284.358887,4321.153809,4272.179688,4267.051270,4273.974121,4289.358887,4286.153809,4272.179688,4402.692383,4474.230957,4355.769043,4401.794922,2733.000000,4.000000,85.000000,,,,0.000000,4.000000,4.000000,4.000000,4.000000,4.000000,4.000000,4.000000,4.000000,4.000000,4.000000,4.000000,4.000000,4.000000,4.000000,100.000000,,,,,,,,,,,,,,,,,1.089203,4.471143,0.961207,0.960096,1.418718,23.186571,5.245499,1.186236,1.288192,1.666503,0.686562,4.381368,0.886002,0.809068,1.712501,10.255151,4.785007,0.851695,0.900337,1.554831,3.635329,1.163789,0.394281,0.571941,0.961227,28.591030,11.384456,3.849828,2.440005,1.375142,1.323530,1.440898,0.522610,0.767447,1.317529,2.778353,2.308674,1.099791,1.044322,1.851312,1.311141,1.658723,0.827204,1.230378,1.731354,0.996617,1.315685,1.280841,1.921654,2.250361,41.778927,14.569799,1.980355,2.909268,2.769259,2.013405,5.622056,1.258901,1.749571,2.839767,14.974773,8.210399,0.977149,2.574493,2.419257,6.791800,8.214834,0.737790,1.868795,2.577763
1676060287.007879,1676060287.008998,95.000000,0.000000,4256.794922,4288.077148,4271.666504,4305.641113,4264.487305,4257.563965,4265.384766,4276.666504,4278.717773,4257.179688,4386.025879,4459.358887,4335.384766,4382.820313,2927.000000,4.000000,85.000000,,,,0.000000,4.000000,4.000000,4.000000,4.000000,4.000000,4.000000,4.000000,4.000000,4.000000,4.000000,4.000000,4.000000,4.000000,4.000000,100.000000,,,,,,,,,,,,,,,,,,,,,,,,,,,,,,,,,,,,,,,,,,,,,,,,,,,,,,,,,,,,,,,,,,,,,,,,,,,,,,,,,,,,,,
1676060287.015687,1676060287.016806,96.000000,0.000000,4272.307617,4302.820313,4287.179688,4320.256348,4275.256348,4273.461426,4278.333496,4286.025879,4293.205078,4270.512695,4400.384766,4476.410156,4353.589844,4401.666504,3134.000000,4.000000,85.000000,,,,0.000000,4.000000,4.000000,4.000000,4.000000,4.000000,4.000000,4.000000,4.000000,4.000000,4.000000,4.000000,4.000000,4.000000,4.000000,100.000000,,,,,,,,,,,,,,,,,,,,,,,,,,,,,,,,,,,,,,,,,,,,,,,,,,,,,,,,,,,,,,,,,,,,,,,,,,,,,,,,,,,,,,
1676060287.023496,1676060287.024715,97.000000,0.000000,4284.743652,4311.282227,4309.487305,4335.897461,4285.000000,4282.436035,4291.282227,4294.743652,4293.205078,4279.230957,4411.410156,4496.538574,4364.230957,4418.589844,3249.000000,4.000000,85.000000,,,,0.000000,4.000000,4.000000,4.000000,4.000000,4.000000,4.000000,4.000000,4.000000,4.000000,4.000000,4.000000,4.000000,4.000000,4.000000,100.000000,,,,,,,,,,,,,,,,,,,,,,,,,,,,,,,,,,,,,,,,,,,,,,,,,,,,,,,,,,,,,,,,,,,,,,,,,,,,,,,,,,,,,,
1676060287.031304,1676060287.032523,98.000000,0.000000,4281.794922,4308.461426,4317.563965,4332.436035,4287.307617,4278.333496,4302.692383,4297.948730,4287.436035,4268.461426,4405.000000,4497.563965,4353.461426,4415.128418,2733.000000,4.000000,85.000000,,,,0.000000,4.000000,4.000000,4.000000,4.000000,4.000000,4.000000,4.000000,4.000000,4.000000,4.000000,4.000000,4.000000,4.000000,4.000000,100.000000,,,,,,,,,,,,,,,,,,,,,,,,,,,,,,,,,,,,,,,,,,,,,,,,,,,,,,,,,,,,,,,,,,,,,,,,,,,,,,,,,,,,,,
1676060287.039112,1676060287.040232,99.000000,0.000000,4279.615234,4303.974121,4317.820313,4326.025879,4287.051270,4280.512695,4313.205078,4304.102539,4292.692383,4259.743652,4400.000000,4493.077148,4349.102539,4413.077148,2927.000000,4.000000,85.000000,,,,0.000000,4.000000,4.000000,4.000000,4.000000,4.000000,4.000000,4.000000,4.000000,4.000000,4.000000,4.000000,4.000000,4.000000,4.000000,100.000000,,,,,,,,,,,,,,,,,,,,,,,,,,,,,,,,,,,,,,,,,,,,,,,,,,,,,,,,,,,,,,,,,,,,,,,,,,,,,,,,,,,,,,
1676060287.046921,1676060287.048040,100.000000,0.000000,4280.256348,4305.769043,4313.974121,4327.051270,4287.563965,4283.461426,4311.282227,4310.512695,4299.358887,4271.025879,4402.307617,4491.922852,4353.717773,4413.333496,3134.000000,4.000000,85.000000,,,,0.000000,4.000000,4.000000,4.000000,4.000000,4.000000,4.000000,4.000000,4.000000,4.000000,4.000000,4.000000,4.000000,4.000000,4.000000,100.000000,,,,,,,,,,,,,,,,,,,,,,,,,,,,,,,,,,,,,,,,,,,,,,,,,,,,,,,,,,,,,,,,,,,,,,,,,,,,,,,,,,,,,,
1676060287.054729,1676060287.055749,101.000000,0.000000,4282.307617,4314.615234,4306.922852,4327.179688,4292.948730,4281.282227,4302.563965,4309.615234,4298.974121,4283.461426,4405.769043,4488.077148,4357.563965,4410.384766,3249.000000,4.000000,85.000000,,,,0.000000,4.000000,4.000000,4.000000,4.000000,4.000000,4.000000,4.000000,4.000000,4.000000,4.000000,4.000000,4.000000,4.000000,4.000000,100.000000,,,,,,,,,,,,,,,,,,,,,,,,,,,,,,,,,,,,,,,,,,,,,,,,,,,,,,,,,,,,,,,,,,,,,,,,,,,,,,,,,,,,,,
1676060287.062538,1676060287.063557,102.000000,0.000000,4289.871582,4321.794922,4307.563965,4329.102539,4299.358887,4282.692383,4302.051270,4308.333496,4304.102539,4289.487305,4419.615234,4492.436035,4368.077148,4415.897461,2733.000000,4.000000,85.000000,,,,0.000000,4.000000,4.000000,4.000000,4.000000,4.000000,4.000000,4.000000,4.000000,4.000000,4.000000,4.000000,4.000000,4.000000,4.000000,100.000000,,,,,,,,,,,,,,,,,,,,,,,,,,,,,,,,,,,,,,,,,,,,,,,,,,,,,,,,,,,,,,,,,,,,,,,,,,,,,,,,,,,,,,
1676060287.070346,1676060287.071266,103.000000,0.000000,4274.487305,4302.563965,4292.436035,4314.871582,4283.205078,4272.692383,4288.461426,4293.077148,4292.563965,4274.487305,4411.153809,4478.589844,4358.717773,4406.282227,2927.000000,4.000000,85.000000,,,,0.000000,4.000000,4.000000,4.000000,4.000000,4.000000,4.000000,4.000000,4.000000,4.000000,4.000000,4.000000,4.000000,4.000000,4.000000,100.000000,,,,,,,,,,,,,,,,,,,,,,,,,,,,,,,,,,,,,,,,,,,,,,,,,,,,,,,,,,,,,,,,,,,,,,,,,,,,,,,,,,,,,,
1676060287.078154,1676060287.079074,104.000000,0.000000,4241.410156,4271.538574,4258.846191,4285.128418,4258.461426,4254.615234,4260.128418,4261.410156,4262.179688,4246.794922,4370.897461,4439.358887,4322.948730,4369.102539,3134.000000,4.000000,85.000000,,,,0.000000,4.000000,4.000000,4.000000,4.000000,4.000000,4.000000,4.000000,4.000000,4.000000,4.000000,4.000000,4.000000,4.000000,4.000000,100.000000,,,,,,,,,,,,,,,,,,,,,,,,,,,,,,,,,,,,,,,,,,,,,,,,,,,,,,,,,,,,,,,,,,,,,,,,,,,,,,,,,,,,,,
1676060287.085963,1676060287.086783,105.000000,0.000000,4250.512695,4279.871582,4264.615234,4291.794922,4265.128418,4262.948730,4261.794922,4264.358887,4271.025879,4256.410156,4376.794922,4445.256348,4326.922852,4367.179688,3249.000000,4.000000,85.000000,,,,0.000000,4.000000,4.000000,4.000000,4.000000,4.000000,4.000000,4.000000,4.000000,4.000000,4.000000,4.000000,4.000000,4.000000,4.000000,100.000000,,,,,,,,,,,,,,,,,,,,,,,,,,,,,,,,,,,,,,,,,,,,,,,,,,,,,,,,,,,,,,,,,,,,,,,,,,,,,,,,,,,,,,
1676060287.093771,1676060287.094591,106.000000,0.000000,4289.230957,4313.333496,4305.769043,4328.205078,4291.410156,4285.384766,4294.358887,4301.538574,4312.179688,4290.641113,4429.743652,4496.794922,4373.077148,4411.666504,2733.000000,4.000000,85.000000,,,,0.000000,4.000000,4.000000,4.000000,4.000000,4.000000,4.000000,4.000000,4.000000,4.000000,4.000000,4.000000,4.000000,4.000000,4.000000,100.000000,,,,,,,,,,,,,,,,,,,,,,,,,,,,,,,,,,,,,,,,,,,,,,,,,,,,,,,,,,,,,,,,,,,,,,,,,,,,,,,,,,,,,,
1676060287.101580,1676060287.102300,107.000000,0.000000,4303.717773,4322.692383,4323.205078,4341.025879,4300.000000,4290.769043,4312.948730,4319.487305,4329.487305,4307.820313,4454.871582,4519.230957,4394.743652,4438.589844,2927.000000,4.000000,85.000000,,,,0.000000,4.000000,4.000000,4.000000,4.000000,4.000000,4.000000,4.000000,4.000000,4.000000,4.000000,4.000000,4.000000,4.000000,4.000000,100.000000,,,,,,,,,,,,,,,,,,,,,,,,,,,,,,,,,,,,,,,,,,,,,,,,,,,,,,,,,,,,,,,,,,,,,,,,,,,,,,,,,,,,,,
1676060287.109388,1676060287.110108,108.000000,0.000000,4299.102539,4311.410156,4314.230957,4333.461426,4294.102539,4291.025879,4309.358887,4313.589844,4322.179688,4308.205078,4444.743652,4508.461426,4382.948730,4433.846191,3134.000000,4.000000,85.000000,,,,0.000000,4.000000,4.000000,4.000000,4.000000,4.000000,4.000000,4.000000,4.000000,4.000000,4.000000,4.000000,4.000000,4.000000,4.000000,100.000000,,,,,,,,,,,,,,,,,,,,,,,,,,,,,,,,,,,,,,,,,,,,,,,,,,,,,,,,,,,,,,,,,,,,,,,,,,,,,,,,,,,,,,
1676060287.117196,1676060287.117817,109.000000,0.000000,4301.794922,4311.282227,4313.205078,4335.128418,4299.102539,4299.487305,4310.256348,4318.461426,4324.358887,4305.000000,4439.871582,4509.230957,4380.128418,4429.358887,3249.000000,4.000000,85.000000,,,,0.000000,4.000000,4.000000,4.000000,4.000000,4.000000,4.000000,4.000000,4.000000,4.000000,4.000000,4.000000,4.000000,4.000000,4.000000,100.000000,,,,,,,,,,,,,,,,,,,,,,,,,,,,,,,,,,,,,,,,,,,,,,,,,,,,,,,,,,,,,,,,,,,,,,,,,,,,,,,,,,,,,,
1676060287.125005,1676060287.125625,110.000000,0.000000,4298.846191,4315.000000,4312.179688,4335.000000,4297.820313,4300.384766,4307.820313,4322.563965,4319.102539,4286.666504,4433.461426,4504.871582,4375.384766,4423.846191,2733.000000,4.000000,85.000000,,,,0.000000,4.000000,4.000000,4.000000,4.000000,4.000000,4.000000,4.000000,4.000000,4.000000,4.000000,4.000000,4.000000,4.000000,4.000000,100.000000,,,,,,,,,,,,,,,,,1.132432,5.295067,0.916673,0.870490,1.446362,24.950691,5.356011,1.466590,1.251595,1.612638,1.009101,5.125441,0.896153,0.746689,1.702418,10.797128,5.409186,1.012334,0.862155,1.578533,1.329841,1.171035,0.456462,0.563276,0.946012,26.704525,10.131084,3.466630,2.246116,1.308886,1.465200,1.235392,0.659149,0.779425,1.293941,3.084493,2.339063,1.241205,1.013575,1.851780,1.440043,1.469908,0.913050,1.195170,1.712787,1.146885,1.254122,1.539053,1.901728,2.166140,34.808376,14.148114,2.388387,3.067344,2.829643,2.367070,5.637844,1.137084,1.626513,2.870524,17.490988,7.241284,0.932920,2.651408,2.445755,5.841760,7.883974,0.708658,1.796075,2.597064
1676060287.132813,1676060287.133334,111.000000,0.000000,4278.589844,4297.436035,4297.563965,4316.922852,4283.589844,4295.256348,4297.436035,4309.871582,4302.179688,4265.769043,4413.077148,4480.769043,4349.871582,4407.307617,2927.000000,4.000000,85.000000,,,,0.000000,4.000000,4.000000,4.000000,4.000000,4.000000,4.000000,4.000000,4.000000,4.000000,4.000000,4.000000,4.000000,4.000000,4.000000,100.000000,,,,,,,,,,,,,,,,,,,,,,,,,,,,,,,,,,,,,,,,,,,,,,,,,,,,,,,,,,,,,,,,,,,,,,,,,,,,,,,,,,,,,,
1676060287.140621,1676060287.141242,112.000000,0.000000,4266.794922,4276.282227,4281.922852,4298.717773,4275.256348,4295.512695,4293.589844,4299.487305,4294.487305,4265.512695,4398.077148,4465.000000,4333.333496,4391.410156,3134.000000,4.000000,85.000000,,,,0.000000,4.000000,4.000000,4.000000,4.000000,4.000000,4.000000,4.000000,4.000000,4.000000,4.000000,4.000000,4.000000,4.000000,4.000000,100.000000,,,,,,,,,,,,,,,,,,,,,,,,,,,,,,,,,,,,,,,,,,,,,,,,,,,,,,,,,,,,,,,,,,,,,,,,,,,,,,,,,,,,,,
1676060287.148430,1676060287.149051,113.000000,0.000000,4272.948730,4282.820313,4275.897461,4297.436035,4275.256348,4297.051270,4290.128418,4291.666504,4283.333496,4263.077148,4393.077148,4460.769043,4336.282227,4387.820313,3249.000000,4.000000,85.000000,,,,0.000000,4.000000,4.000000,4.000000,4.000000,4.000000,4.000000,4.000000,4.000000,4.000000,4.000000,4.000000,4.000000,4.000000,4.000000,100.000000,,,,,,,,,,,,,,,,,,,,,,,,,,,,,,,,,,,,,,,,,,,,,,,,,,,,,,,,,,,,,,,,,,,,,,,,,,,,,,,,,,,,,,
1676060287.156238,1676060287.156959,114.000000,0.000000,4289.743652,4312.948730,4293.205078,4316.025879,4283.717773,4305.897461,4296.153809,4298.077148,4282.820313,4264.487305,4410.512695,4471.666504,4345.256348,4407.307617,2733.000000,4.000000,85.000000,,,,0.000000,4.000000,4.000000,4.000000,4.000000,4.000000,4.000000,4.000000,4.000000,4.000000,4.000000,4.000000,4.000000,4.000000,4.000000,100.000000,,,,,,,,,,,,,,,,,,,,,,,,,,,,,,,,,,,,,,,,,,,,,,,,,,,,,,,,,,,,,,,,,,,,,,,,,,,,,,,,,,,,,,
1676060287.164047,1676060287.164767,115.000000,0.000000,4307.307617,4342.692383,4319.487305,4340.000000,4295.897461,4318.846191,4316.153809,4319.615234,4306.410156,4286.922852,4445.641113,4495.256348,4352.820313,4431.282227,2927.000000,4.000000,85.000000,,,,0.000000,4.000000,4.000000,4.000000,4.000000,4.000000,4.000000,4.000000,4.000000,4.000000,4.000000,4.000000,4.000000,4.000000,4.000000,100.000000,,,,,,,,,,,,,,,,,,,,,,,,,,,,,,,,,,,,,,,,,,,,,,,,,,,,,,,,,,,,,,,,,,,,,,,,,,,,,,,,,,,,,,
1676060287.171855,1676060287.172676,116.000000,0.000000,4314.615234,4362.692383,4322.820313,4346.794922,4299.487305,4317.179688,4319.230957,4321.282227,4320.128418,4301.538574,4462.179688,4495.641113,4350.384766,4432.436035,3134.000000,4.000000,85.000000,,,,0.000000,4.000000,4.000000,4.000000,4.000000,4.000000,4.000000,4.000000,4.000000,4.000000,4.000000,4.000000,4.000000,4.000000,4.000000,100.000000,,,,,,,,,,,,,,,,,,,,,,,,,,,,,,,,,,,,,,,,,,,,,,,,,,,,,,,,,,,,,,,,,,,,,,,,,,,,,,,,,,,,,,
1676060287.179663,1676060287.180484,117.000000,0.000000,4308.974121,4373.717773,4312.948730,4340.769043,4294.487305,4308.461426,4301.410156,4304.743652,4303.974121,4287.436035,4461.282227,4471.922852,4331.922852,4420.769043,3249.000000,4.000000,85.000000,,,,0.000000,4.000000,4.000000,4.000000,4.000000,4.000000,4.000000,4.000000,4.000000,4.000000,4.000000,4.000000,4.000000,4.000000,4.000000,100.000000,,,,,,,,,,,,,,,,,,,,,,,,,,,,,,,,,,,,,,,,,,,,,,,,,,,,,,,,,,,,,,,,,,,,,,,,,,,,,,,,,,,,,,
1676060287.187472,1676060287.188392,118.000000,0.000000,4301.922852,4380.769043,4309.871582,4343.077148,4294.358887,4308.461426,4289.102539,4293.205078,4284.358887,4266.025879,4466.025879,4459.487305,4304.743652,4406.282227,2733.000000,4.000000,85.000000,,,,0.000000,4.000000,4.000000,4.000000,4.000000,4.000000,4.000000,4.000000,4.000000,4.000000,4.000000,4.000000,4.000000,4.000000,4.000000,100.000000,,,,,,,,,,,,,,,,,,,,,,,,,,,,,,,,,,,,,,,,,,,,,,,,,,,,,,,,,,,,,,,,,,,,,,,,,,,,,,,,,,,,,,
1676060287.195280,1676060287.196201,119.000000,0.000000,4296.153809,4387.051270,4306.666504,4345.769043,4292.563965,4302.948730,4283.461426,4283.461426,4277.051270,4256.922852,4472.436035,4454.102539,4273.205078,4387.051270,2927.000000,4.000000,85.000000,,,,0.000000,4.000000,4.000000,4.000000,4.000000,4.000000,4.000000,4.000000,4.000000,4.000000,4.000000,4.000000,4.000000,4.000000,4.000000,100.000000,,,,,,,,,,,,,,,,,,,,,,,,,,,,,,,,,,,,,,,,,,,,,,,,,,,,,,,,,,,,,,,,,,,,,,,,,,,,,,,,,,,,,,
1676060287.203088,1676060287.204109,120.000000,0.000000,4307.563965,4404.487305,4316.666504,4352.563965,4291.666504,4292.179688,4283.846191,4280.512695,4283.846191,4262.307617,4498.589844,4458.974121,4270.897461,4395.000000,3134.000000,4.000000,85.000000,,,,0.000000,4.000000,4.000000,4.000000,4.000000,4.000000,4.000000,4.000000,4.000000,4.000000,4.000000,4.000000,4.000000,4.000000,4.000000,100.000000,,,,,,,,,,,,,,,,,,,,,,,,,,,,,,,,,,,,,,,,,,,,,,,,,,,,,,,,,,,,,,,,,,,,,,,,,,,,,,,,,,,,,,
1676060287.210897,1676060287.211918,121.000000,0.000000,4340.897461,4429.871582,4344.102539,4377.051270,4305.512695,4304.615234,4298.205078,4296.922852,4299.230957,4272.692383,4541.922852,4484.358887,4299.230957,4427.563965,3249.000000,4.000000,85.000000,,,,0.000000,4.000000,4.000000,4.000000,4.000000,4.000000,4.000000,4.000000,4.000000,4.000000,4.000000,4.000000,4.000000,4.000000,4.000000,100.000000,,,,,,,,,,,,,,,,,,,,,,,,,,,,,,,,,,,,,,,,,,,,,,,,,,,,,,,,,,,,,,,,,,,,,,,,,,,,,,,,,,,,,,
1676060287.218705,1676060287.219826,122.000000,0.000000,4351.410156,4435.384766,4352.692383,4388.717773,4314.871582,4327.051270,4308.717773,4308.077148,4297.563965,4276.282227,4547.051270,4493.589844,4301.922852,4430.000000,2733.000000,4.000000,85.000000,,,,0.000000,4.000000,4.000000,4.000000,4.000000,4.000000,4.000000,4.000000,4.000000,4.000000,4.000000,4.000000,4.000000,4.000000,4.000000,100.000000,,,,,,,,,,,,,,,,,,,,,,,,,,,,,,,,,,,,,,,,,,,,,,,,,,,,,,,,,,,,,,,,,,,,,,,,,,,,,,,,,,,,,,
1676060287.226514,1676060287.227634,123.000000,0.000000,4337.692383,4423.333496,4347.563965,4377.692383,4314.102539,4327.563965,4312.692383,4310.384766,4292.948730,4274.615234,4533.846191,4488.077148,4286.794922,4423.717773,2927.000000,4.000000,85.000000,,,,0.000000,4.000000,4.000000,4.000000,4.000000,4.000000,4.000000,4.000000,4.000000,4.000000,4.000000,4.000000,4.000000,4.000000,4.000000,100.000000,,,,,,,,,,,,,,,,,,,,,,,,,,,,,,,,,,,,,,,,,,,,,,,,,,,,,,,,,,,,,,,,,,,,,,,,,,,,,,,,,,,,,,
1676060287.234322,1676060287.235343,124.000000,0.000000,4341.282227,4417.820313,4354.102539,4373.461426,4312.692383,4316.410156,4317.051270,4313.717773,4299.102539,4272.436035,4544.487305,4497.820313,4297.692383,4442.051270,3134.000000,4.000000,85.000000,,,,0.000000,4.000000,4.000000,4.000000,4.000000,4.000000,4.000000,4.000000,4.000000,4.000000,4.000000,4.000000,4.000000,4.000000,4.000000,100.000000,,,,,,,,,,,,,,,,,,,,,,,,,,,,,,,,,,,,,,,,,,,,,,,,,,,,,,,,,,,,,,,,,,,,,,,,,,,,,,,,,,,,,,
1676060287.242130,1676060287.243151,125.000000,0.000000,4346.922852,4410.897461,4350.256348,4366.538574,4302.563965,4317.179688,4308.333496,4303.205078,4292.051270,4264.615234,4529.743652,4493.333496,4302.948730,4441.153809,3249.000000,4.000000,85.000000,,,,0.000000,4.000000,4.000000,4.000000,4.000000,4.000000,4.000000,4.000000,4.000000,4.000000,4.000000,4.000000,4.000000,4.000000,4.000000,100.000000,,,,,,,,,,,,,,,,,,,,,,,,,,,,,,,,,,,,,,,,,,,,,,,,,,,,,,,,,,,,,,,,,,,,,,,,,,,,,,,,,,,,,,
1676060287.249939,1676060287.250860,126.000000,0.000000,4336.282227,4403.461426,4336.794922,4355.000000,4297.563965,4331.025879,4304.358887,4293.205078,4284.102539,4261.282227,4490.769043,4472.692383,4283.077148,4419.102539,2733.000000,4.000000,85.000000,,,,0.000000,4.000000,4.000000,4.000000,4.000000,4.000000,4.000000,4.000000,4.000000,4.000000,4.000000,4.000000,4.000000,4.000000,4.000000,100.000000,,,,,,,,,,,,,,,,,1.170202,5.865393,0.954439,0.814181,1.488193,24.019968,5.371855,1.747114,1.270095,1.574607,1.343427,5.686071,1.039114,0.731770,1.704403,10.302803,5.704093,1.163270,0.882320,1.590607,0.846010,1.250083,0.548902,0.553897,0.915106,21.167307,7.727192,2.769952,1.845598,1.169912,1.503206,1.102870,0.909190,0.770000,1.267359,3.139616,2.188522,1.385674,0.958909,1.815505,1.488853,1.276108,0.999564,1.115998,1.672302,1.277612,1.258447,1.770393,1.843738,2.021377,25.815580,12.648477,2.946082,3.048627,2.847264,2.899015,5.580852,1.259648,1.485807,2.875285,18.190649,6.180083,1.001261,2.566974,2.477475,4.979625,7.467701,0.805568,1.654038,2.594324
1676060287.257747,1676060287.258668,127.000000,0.000000,4331.794922,4413.589844,4338.333496,4362.948730,4309.871582,4338.333496,4318.974121,4304.871582,4296.153809,4269.743652,4487.948730,4474.871582,4278.717773,4417.820313,85.000000,4.000000,85.000000,,,,0.000000,4.000000,4.000000,4.000000,4.000000,4.000000,4.000000,4.000000,4.000000,4.000000,4.000000,4.000000,4.000000,4.000000,4.000000,100.000000,,,,,,,,,,,,,,,,,,,,,,,,,,,,,,,,,,,,,,,,,,,,,,,,,,,,,,,,,,,,,,,,,,,,,,,,,,,,,,,,,,,,,,
1676060287.265556,1676060287.266477,0.000000,0.000000,4321.153809,4419.743652,4328.589844,4365.641113,4306.794922,4331.794922,4311.410156,4304.487305,4295.384766,4265.641113,4475.769043,4466.025879,4271.282227,4406.282227,2551.000000,4.000000,85.000000,,,,0.000000,4.000000,4.000000,4.000000,4.000000,4.000000,4.000000,4.000000,4.000000,4.000000,4.000000,4.000000,4.000000,4.000000,4.000000,100.000000,,,,,,,,,,,,,,,,,,,,,,,,,,,,,,,,,,,,,,,,,,,,,,,,,,,,,,,,,,,,,,,,,,,,,,,,,,,,,,,,,,,,,,
1676060287.273364,1676060287.274285,1.000000,0.000000,4302.563965,4414.487305,4303.717773,4348.461426,4289.487305,4323.846191,4280.897461,4280.128418,4272.820313,4243.717773,4428.205078,4430.897461,4241.666504,4373.589844,2491.000000,4.000000,85.000000,,,,0.000000,4.000000,4.000000,4.000000,4.000000,4.000000,4.000000,4.000000,4.000000,4.000000,4.000000,4.000000,4.000000,4.000000,4.000000,100.000000,,,,,,,,,,,,,,,,,,,,,,,,,,,,,,,,,,,,,,,,,,,,,,,,,,,,,,,,,,,,,,,,,,,,,,,,,,,,,,,,,,,,,,
1676060287.281172,1676060287.282094,2.000000,0.000000,4314.743652,4439.358887,4311.282227,4357.563965,4301.025879,4324.230957,4282.948730,4281.410156,4280.897461,4247.563965,4422.820313,4433.974121,4238.717773,4381.282227,2429.000000,4.000000,85.000000,,,,0.000000,4.000000,4.000000,4.000000,4.000000,4.000000,4.000000,4.000000,4.000000,4.000000,4.000000,4.000000,4.000000,4.000000,4.000000,100.000000,,,,,,,,,,,,,,,,,,,,,,,,,,,,,,,,,,,,,,,,,,,,,,,,,,,,,,,,,,,,,,,,,,,,,,,,,,,,,,,,,,,,,,
1676060287.288981,1676060287.289902,3.000000,0.000000,4337.563965,4486.410156,4340.641113,4390.897461,4321.282227,4328.333496,4306.282227,4309.102539,4312.051270,4274.615234,4453.077148,4467.692383,4259.487305,4413.846191,2471.000000,4.000000,85.000000,,,,0.000000,4.000000,4.000000,4.000000,4.000000,4.000000,4.000000,4.000000,4.000000,4.000000,4.000000,4.000000,4.000000,4.000000,4.000000,100.000000,,,,,,,,,,,,,,,,,,,,,,,,,,,,,,,,,,,,,,,,,,,,,,,,,,,,,,,,,,,,,,,,,,,,,,,,,,,,,,,,,,,,,,
1676060287.296789,1676060287.297611,4.000000,0.000000,4333.717773,4503.846191,4342.436035,4398.461426,4316.025879,4324.487305,4302.563965,4306.153809,4308.974121,4274.743652,4442.948730,4463.205078,4254.871582,4406.282227,2461.000000,4.000000,85.000000,,,,0.000000,4.000000,4.000000,4.000000,4.000000,4.000000,4.000000,4.000000,4.000000,4.000000,4.000000,4.000000,4.000000,4.000000,4.000000,100.000000,,,,,,,,,,,,,,,,,,,,,,,,,,,,,,,,,,,,,,,,,,,,,,,,,,,,,,,,,,,,,,,,,,,,,,,,,,,,,,,,,,,,,,
1676060287.304598,1676060287.305419,5.000000,0.000000,4319.102539,4489.743652,4328.846191,4383.974121,4307.051270,4315.769043,4289.743652,4282.051270,4286.666504,4255.000000,4406.666504,4441.666504,4226.410156,4374.230957,2406.000000,4.000000,85.000000,,,,0.000000,4.000000,4.000000,4.000000,4.000000,4.000000,4.000000,4.000000,4.000000,4.000000,4.000000,4.000000,4.000000,4.000000,4.000000,100.000000,,,,,,,,,,,,,,,,,,,,,,,,,,,,,,,,,,,,,,,,,,,,,,,,,,,,,,,,,,,,,,,,,,,,,,,,,,,,,,,,,,,,,,
1676060287.312406,1676060287.313128,6.000000,0.000000,4326.025879,4480.256348,4335.256348,4379.615234,4312.307617,4314.230957,4295.384766,4283.205078,4283.717773,4259.743652,4403.589844,4450.000000,4224.358887,4378.205078,2257.000000,4.000000,85.000000,,,,0.000000,4.000000,4.000000,4.000000,4.000000,4.000000,4.000000,4.000000,4.000000,4.000000,4.000000,4.000000,4.000000,4.000000,4.000000,100.000000,,,,,,,,,,,,,,,,,,,,,,,,,,,,,,,,,,,,,,,,,,,,,,,,,,,,,,,,,,,,,,,,,,,,,,,,,,,,,,,,,,,,,,
1676060287.320214,1676060287.321036,7.000000,0.000000,4338.205078,4479.743652,4346.794922,4386.025879,4319.358887,4320.641113,4307.820313,4297.820313,4288.717773,4268.205078,4415.897461,4461.153809,4240.641113,4398.205078,2241.000000,4.000000,85.000000,,,,0.000000,4.000000,4.000000,4.000000,4.000000,4.000000,4.000000,4.000000,4.000000,4.000000,4.000000,4.000000,4.000000,4.000000,4.000000,100.000000,,,,,,,,,,,,,,,,,,,,,,,,,,,,,,,,,,,,,,,,,,,,,,,,,,,,,,,,,,,,,,,,,,,,,,,,,,,,,,,,,,,,,,
1676060287.328023,1676060287.328845,8.000000,0.000000,4340.897461,4481.025879,4350.641113,4392.948730,4328.333496,4329.871582,4321.282227,4301.025879,4290.769043,4261.282227,4412.436035,4465.128418,4243.717773,4393.333496,2301.000000,4.000000,85.000000,,,,0.000000,4.000000,4.000000,4.000000,4.000000,4.000000,4.000000,4.000000,4.000000,4.000000,4.000000,4.000000,4.000000,4.000000,4.000000,100.000000,,,,,,,,,,,,,,,,,,,,,,,,,,,,,,,,,,,,,,,,,,,,,,,,,,,,,,,,,,,,,,,,,,,,,,,,,,,,,,,,,,,,,,
1676060287.335831,1676060287.336653,9.000000,0.000000,4346.666504,4476.153809,4354.102539,4392.820313,4332.436035,4331.153809,4325.512695,4303.717773,4293.205078,4265.000000,4416.794922,4476.025879,4252.692383,4395.769043,2266.000000,4.000000,85.000000,,,,0.000000,4.000000,4.000000,4.000000,4.000000,4.000000,4.000000,4.000000,4.000000,4.000000,4.000000,4.000000,4.000000,4.000000,4.000000,100.000000,,,,,,,,,,,,,,,,,,,,,,,,,,,,,,,,,,,,,,,,,,,,,,,,,,,,,,,,,,,,,,,,,,,,,,,,,,,,,,,,,,,,,,
1676060287.343639,1676060287.344362,10.000000,0.000000,4331.025879,4432.051270,4330.641113,4360.384766,4310.384766,4308.974121,4295.769043,4287.563965,4274.230957,4259.230957,4413.461426,4455.256348,4258.846191,4398.846191,2760.000000,4.000000,85.000000,,,,0.000000,4.000000,4.000000,4.000000,4.000000,4.000000,4.000000,4.000000,4.000000,4.000000,4.000000,4.000000,4.000000,4.000000,4.000000,100.000000,,,,,,,,,,,,,,,,,,,,,,,,,,,,,,,,,,,,,,,,,,,,,,,,,,,,,,,,,,,,,,,,,,,,,,,,,,,,,,,,,,,,,,
1676060287.351448,1676060287.352170,11.000000,0.000000,4299.743652,4374.487305,4298.205078,4322.051270,4293.461426,4291.025879,4273.333496,4265.897461,4255.384766,4243.846191,4403.717773,4426.025879,4260.897461,4382.948730,2947.000000,4.000000,85.000000,,,,0.000000,4.000000,4.000000,4.000000,4.000000,4.000000,4.000000,4.000000,4.000000,4.000000,4.000000,4.000000,4.000000,4.000000,4.000000,100.000000,,,,,,,,,,,,,,,,,,,,,,,,,,,,,,,,,,,,,,,,,,,,,,,,,,,,,,,,,,,,,,,,,,,,,,,,,,,,,,,,,,,,,,
1676060287.359256,1676060287.359879,12.000000,0.000000,4320.128418,4373.846191,4320.256348,4340.256348,4315.128418,4312.179688,4302.307617,4294.102539,4292.563965,4274.102539,4447.820313,4466.410156,4311.410156,4410.256348,3152.000000,4.000000,85.000000,,,,0.000000,4.000000,4.000000,4.000000,4.000000,4.000000,4.000000,4.000000,4.000000,4.000000,4.000000,4.000000,4.000000,4.000000,4.000000,100.000000,,,,,,,,,,,,,,,,,,,,,,,,,,,,,,,,,,,,,,,,,,,,,,,,,,,,,,,,,,,,,,,,,,,,,,,,,,,,,,,,,,,,,,
1676060287.367065,1676060287.367787,13.000000,0.000000,4356.538574,4381.794922,4348.717773,4360.384766,4329.487305,4327.948730,4323.077148,4329.358887,4324.871582,4309.102539,4498.589844,4512.436035,4367.436035,4458.461426,3273.000000,4.000000,85.000000,,,,0.000000,4.000000,4.000000,4.000000,4.000000,4.000000,4.000000,4.000000,4.000000,4.000000,4.000000,4.000000,4.000000,4.000000,4.000000,100.000000,,,,,,,,,,,,,,,,,,,,,,,,,,,,,,,,,,,,,,,,,,,,,,,,,,,,,,,,,,,,,,,,,,,,,,,,,,,,,,,,,,,,,,
1676060287.374873,1676060287.375595,14.000000,0.000000,4323.461426,4328.846191,4312.948730,4317.307617,4304.230957,4303.589844,4295.128418,4307.436035,4292.948730,4277.436035,4469.487305,4476.410156,4347.820313,4433.589844,2760.000000,4.000000,85.000000,,,,0.000000,4.000000,4.000000,4.000000,4.000000,4.000000,4.000000,4.000000,4.000000,4.000000,4.000000,4.000000,4.000000,4.000000,4.000000,100.000000,1.000000,25.000000,3.000000,3.000000,1.000000,3.000000,1.000000,3.000000,3.000000,3.000000,4.000000,3.000000,1.000000,1.000000,3.000000,1.000000,1.210197,6.101263,1.068400,0.844337,1.535591,20.816071,5.423186,1.948570,1.384017,1.558381,1.642883,6.020691,1.309127,0.783420,1.718176,9.068132,5.671571,1.276487,0.984118,1.597384,0.886454,1.271958,0.661361,0.548750,0.882231,14.208339,4.960162,1.983392,1.365902,1.002390,1.441073,1.102477,1.281530,0.746844,1.240247,2.941600,1.911892,1.542686,0.893098,1.747490,1.464679,1.169185,1.087256,1.032463,1.612230,1.350282,1.354513,1.927467,1.792405,1.844471,17.812103,10.698895,3.616592,2.904732,2.823143,3.421268,5.521925,1.650458,1.358579,2.861494,16.686123,5.253750,1.226214,2.355106,2.524729,4.212896,7.076078,1.064331,1.503705,2.580077
1676060287.382681,1676060287.383504,15.000000,0.000000,4287.692383,4281.666504,4284.358887,4285.128418,4288.974121,4289.871582,4280.256348,4285.256348,4276.025879,4247.307617,4438.589844,4447.948730,4327.948730,4398.333496,2947.000000,4.000000,85.000000,,,,0.000000,4.000000,4.000000,4.000000,4.000000,4.000000,4.000000,4.000000,4.000000,4.000000,4.000000,4.000000,4.000000,4.000000,4.000000,100.000000,,,,,,,,,,,,,,,,,,,,,,,,,,,,,,,,,,,,,,,,,,,,,,,,,,,,,,,,,,,,,,,,,,,,,,,,,,,,,,,,,,,,,,
1676060287.390490,1676060287.391312,16.000000,0.000000,4311.282227,4288.974121,4304.871582,4301.153809,4300.128418,4302.179688,4296.410156,4303.461426,4305.769043,4276.025879,4468.974121,4478.717773,4362.307617,4425.769043,0.000000,4.000000,85.000000,,,,0.000000,4.000000,4.000000,4.000000,4.000000,4.000000,4.000000,4.000000,4.000000,4.000000,4.000000,4.000000,4.000000,4.000000,4.000000,100.000000,,,,,,,,,,,,,,,,,,,,,,,,,,,,,,,,,,,,,,,,,,,,,,,,,,,,,,,,,,,,,,,,,,,,,,,,,,,,,,,,,,,,,,
1676060287.398298,1676060287.399221,17.000000,0.000000,4333.461426,4298.846191,4317.051270,4312.692383,4305.897461,4306.538574,4299.358887,4316.538574,4320.256348,4299.871582,4493.846191,4499.102539,4385.256348,4450.256348,0.000000,4.000000,85.000000,,,,0.000000,4.000000,4.000000,4.000000,4.000000,4.000000,4.000000,4.000000,4.000000,4.000000,4.000000,4.000000,4.000000,4.000000,4.000000,100.000000,,,,,,,,,,,,,,,,,,,,,,,,,,,,,,,,,,,,,,,,,,,,,,,,,,,,,,,,,,,,,,,,,,,,,,,,,,,,,,,,,,,,,,
1676060287.406106,1676060287.407029,18.000000,0.000000,4327.307617,4286.794922,4316.538574,4307.179688,4302.820313,4299.871582,4293.589844,4311.410156,4311.025879,4295.897461,4499.615234,4498.846191,4398.589844,4450.256348,0.000000,4.000000,85.000000,,,,0.000000,4.000000,4.000000,4.000000,4.000000,4.000000,4.000000,4.000000,4.000000,4.000000,4.000000,4.000000,4.000000,4.000000,4.000000,100.000000,,,,,,,,,,,,,,,,,,,,,,,,,,,,,,,,,,,,,,,,,,,,,,,,,,,,,,,,,,,,,,,,,,,,,,,,,,,,,,,,,,,,,,
1676060287.413915,1676060287.414937,19.000000,0.000000,4322.179688,4272.307617,4322.820313,4301.153809,4298.974121,4298.333496,4294.871582,4303.205078,4304.358887,4297.563965,4509.230957,4506.410156,4417.820313,4459.487305,0.000000,4.000000,85.000000,,,,0.000000,4.000000,4.000000,4.000000,4.000000,4.000000,4.000000,4.000000,4.000000,4.000000,4.000000,4.000000,4.000000,4.000000,4.000000,100.000000,,,,,,,,,,,,,,,,,,,,,,,,,,,,,,,,,,,,,,,,,,,,,,,,,,,,,,,,,,,,,,,,,,,,,,,,,,,,,,,,,,,,,,
1676060287.421723,1676060287.422746,20.000000,0.000000,4328.589844,4273.974121,4328.333496,4300.128418,4300.128418,4302.820313,4298.717773,4295.384766,4294.615234,4297.307617,4509.487305,4511.153809,4416.922852,4463.205078,0.000000,4.000000,85.000000,,,,0.000000,4.000000,4.000000,4.000000,4.000000,4.000000,4.000000,4.000000,4.000000,4.000000,4.000000,4.000000,4.000000,4.000000,4.000000,100.000000,,,,,,,,,,,,,,,,,,,,,,,,,,,,,,,,,,,,,,,,,,,,,,,,,,,,,,,,,,,,,,,,,,,,,,,,,,,,,,,,,,,,,,
1676060287.429532,1676060287.430454,21.000000,0.000000,4337.179688,4282.948730,4331.666504,4304.487305,4303.974121,4306.025879,4303.077148,4301.282227,4295.641113,4292.563965,4508.717773,4511.538574,4418.846191,4462.692383,0.000000,4.000000,85.000000,,,,0.000000,4.000000,4.000000,4.000000,4.000000,4.000000,4.000000,4.000000,4.000000,4.000000,4.000000,4.000000,4.000000,4.000000,4.000000,100.000000,,,,,,,,,,,,,,,,,,,,,,,,,,,,,,,,,,,,,,,,,,,,,,,,,,,,,,,,,,,,,,,,,,,,,,,,,,,,,,,,,,,,,,
1676060287.437340,1676060287.438263,22.000000,0.000000,4333.077148,4277.179688,4329.615234,4302.436035,4305.897461,4309.487305,4310.512695,4314.743652,4316.410156,4300.641113,4508.717773,4510.000000,4428.461426,4463.205078,0.000000,4.000000,85.000000,,,,0.000000,4.000000,4.000000,4.000000,4.000000,4.000000,4.000000,4.000000,4.000000,4.000000,4.000000,4.000000,4.000000,4.000000,4.000000,100.000000,,,,,,,,,,,,,,,,,,,,,,,,,,,,,,,,,,,,,,,,,,,,,,,,,,,,,,,,,,,,,,,,,,,,,,,,,,,,,,,,,,,,,,
1676060287.445148,1676060287.445971,23.000000,0.000000,4315.128418,4263.589844,4315.512695,4291.794922,4322.820313,4310.641113,4310.384766,4317.436035,4322.051270,4306.025879,4497.179688,4495.000000,4413.461426,4446.025879,0.000000,4.000000,85.000000,,,,0.000000,4.000000,4.000000,4.000000,4.000000,4.000000,4.000000,4.000000,4.000000,4.000000,4.000000,4.000000,4.000000,4.000000,4.000000,100.000000,,,,,,,,,,,,,,,,,,,,,,,,,,,,,,,,,,,,,,,,,,,,,,,,,,,,,,,,,,,,,,,,,,,,,,,,,,,,,,,,,,,,,,
1676060287.452957,1676060287.453780,24.000000,0.000000,4298.974121,4261.538574,4299.358887,4285.000000,4416.666504,4302.563965,4300.256348,4314.487305,4309.615234,4293.205078,4480.256348,4476.153809,4390.512695,4427.051270,0.000000,4.000000,85.000000,,,,0.000000,4.000000,4.000000,4.000000,4.000000,4.000000,4.000000,4.000000,4.000000,4.000000,4.000000,4.000000,4.000000,4.000000,4.000000,100.000000,,,,,,,,,,,,,,,,,,,,,,,,,,,,,,,,,,,,,,,,,,,,,,,,,,,,,,,,,,,,,,,,,,,,,,,,,,,,,,,,,,,,,,
1676060287.460765,1676060287.461488,25.000000,0.000000,4292.692383,4263.717773,4293.077148,4279.487305,4583.974121,4297.820313,4300.256348,4317.820313,4310.897461,4286.410156,4477.051270,4472.563965,4395.256348,4425.769043,0.000000,4.000000,85.000000,,,,0.000000,4.000000,4.000000,4.000000,4.000000,4.000000,4.000000,4.000000,4.000000,4.000000,4.000000,4.000000,4.000000,4.000000,4.000000,100.000000,,,,,,,,,,,,,,,,,,,,,,,,,,,,,,,,,,,,,,,,,,,,,,,,,,,,,,,,,,,,,,,,,,,,,,,,,,,,,,,,,,,,,,
1676060287.468573,1676060287.469297,26.000000,0.000000,4296.153809,4256.282227,4298.333496,4277.948730,4674.358887,4304.230957,4310.512695,4321.282227,4324.871582,4301.922852,4488.333496,4479.358887,4414.102539,4430.000000,0.000000,4.000000,85.000000,,,,0.000000,4.000000,4.000000,4.000000,4.000000,4.000000,4.000000,4.000000,4.000000,4.000000,4.000000,4.000000,4.000000,4.000000,4.000000,100.000000,,,,,,,,,,,,,,,,,,,,,,,,,,,,,,,,,,,,,,,,,,,,,,,,,,,,,,,,,,,,,,,,,,,,,,,,,,,,,,,,,,,,,,
1676060287.476382,1676060287.477005,27.000000,0.000000,4295.256348,4244.487305,4299.358887,4280.128418,4618.717773,4303.077148,4306.922852,4314.487305,4319.358887,4303.846191,4489.615234,4477.051270,4416.666504,4429.487305,0.000000,4.000000,85.000000,,,,0.000000,4.000000,4.000000,4.000000,4.000000,4.000000,4.000000,4.000000,4.000000,4.000000,4.000000,4.000000,4.000000,4.000000,4.000000,100.000000,,,,,,,,,,,,,,,,,,,,,,,,,,,,,,,,,,,,,,,,,,,,,,,,,,,,,,,,,,,,,,,,,,,,,,,,,,,,,,,,,,,,,,
1676060287.484190,1676060287.484814,28.000000,0.000000,4280.000000,4232.307617,4282.436035,4266.410156,4533.333496,4289.102539,4284.487305,4297.948730,4295.897461,4272.820313,4469.358887,4459.487305,4399.871582,4421.153809,0.000000,4.000000,85.000000,,,,0.000000,4.000000,4.000000,4.000000,4.000000,4.000000,4.000000,4.000000,4.000000,4.000000,4.000000,4.000000,4.000000,4.000000,4.000000,100.000000,,,,,,,,,,,,,,,,,,,,,,,,,,,,,,,,,,,,,,,,,,,,,,,,,,,,,,,,,,,,,,,,,,,,,,,,,,,,,,,,,,,,,,
1676060287.491999,1676060287.492522,29.000000,0.000000,4279.230957,4229.102539,4280.256348,4254.615234,4500.256348,4285.769043,4274.487305,4288.846191,4292.051270,4261.794922,4459.871582,4456.922852,4394.230957,4417.436035,0.000000,4.000000,85.000000,,,,0.000000,4.000000,4.000000,4.000000,4.000000,4.000000,4.000000,4.000000,4.000000,4.000000,4.000000,4.000000,4.000000,4.000000,4.000000,100.000000,,,,,,,,,,,,,,,,,,,,,,,,,,,,,,,,,,,,,,,,,,,,,,,,,,,,,,,,,,,,,,,,,,,,,,,,,,,,,,,,,,,,,,
1676060287.499807,1676060287.500331,30.000000,0.000000,4303.846191,4245.000000,4307.948730,4270.512695,4485.769043,4296.666504,4290.897461,4299.230957,4309.743652,4293.077148,4481.282227,4484.230957,4415.256348,4434.230957,0.000000,4.000000,85.000000,,,,0.000000,4.000000,4.000000,4.000000,4.000000,4.000000,4.000000,4.000000,4.000000,4.000000,4.000000,4.000000,4.000000,4.000000,4.000000,100.000000,,,,,,,,,,,,,,,,,1.301679,5.979648,1.243624,0.998903,1.571468,17.116779,5.782289,2.055872,1.604721,1.551627,1.924784,6.130543,1.704470,0.915449,1.725904,7.590493,5.449522,1.369783,1.174279,1.596421,0.938864,1.234854,0.790642,0.558185,0.852818,7.884969,2.637986,1.359917,0.943834,0.852451,1.292381,1.260080,1.788368,0.735541,1.206111,2.579479,1.617718,1.777055,0.854987,1.651856,1.397070,1.199833,1.223119,1.001024,1.538015,1.368125,1.512928,2.025350,1.792138,1.664420,13.786093,9.050618,4.307922,2.745936,2.754126,3.787381,5.460494,2.283970,1.301147,2.817264,13.881571,4.585075,1.643201,2.118825,2.567305,3.610374,6.674527,1.532741,1.436050,2.545764
1676060287.507615,1676060287.508039,31.000000,0.000000,4316.794922,4263.333496,4323.846191,4293.205078,4469.102539,4306.666504,4306.410156,4307.179688,4312.307617,4308.974121,4496.538574,4500.256348,4430.128418,4450.128418,0.000000,4.000000,85.000000,,,,0.000000,4.000000,4.000000,4.000000,4.000000,4.000000,4.000000,4.000000,4.000000,4.000000,4.000000,4.000000,4.000000,4.000000,4.000000,100.000000,,,,,,,,,,,,,,,,,,,,,,,,,,,,,,,,,,,,,,,,,,,,,,,,,,,,,,,,,,,,,,,,,,,,,,,,,,,,,,,,,,,,,,
1676060287.515424,1676060287.515848,32.000000,0.000000,4311.025879,4268.974121,4320.256348,4297.563965,4460.512695,4308.205078,4306.794922,4301.538574,4296.538574,4294.487305,4492.307617,4490.512695,4427.436035,4447.692383,0.000000,4.000000,85.000000,,,,0.000000,4.000000,4.000000,4.000000,4.000000,4.000000,4.000000,4.000000,4.000000,4.000000,4.000000,4.000000,4.000000,4.000000,4.000000,100.000000,,,,,,,,,,,,,,,,,,,,,,,,,,,,,,,,,,,,,,,,,,,,,,,,,,,,,,,,,,,,,,,,,,,,,,,,,,,,,,,,,,,,,,
1676060287.523232,1676060287.523556,33.000000,0.000000,4314.102539,4266.922852,4322.948730,4294.358887,4454.743652,4309.358887,4313.333496,4307.307617,4298.461426,4294.358887,4495.000000,4490.769043,4432.179688,4449.358887,0.000000,4.000000,85.000000,,,,0.000000,4.000000,4.000000,4.000000,4.000000,4.000000,4.000000,4.000000,4.000000,4.000000,4.000000,4.000000,4.000000,4.000000,4.000000,100.000000,,,,,,,,,,,,,,,,,,,,,,,,,,,,,,,,,,,,,,,,,,,,,,,,,,,,,,,,,,,,,,,,,,,,,,,,,,,,,,,,,,,,,,
1676060287.531041,1676060287.531365,34.000000,0.000000,4311.794922,4260.256348,4322.179688,4290.641113,4449.230957,4312.563965,4323.205078,4318.205078,4309.358887,4304.102539,4493.333496,4494.358887,4431.282227,4451.153809,0.000000,4.000000,85.000000,,,,0.000000,4.000000,4.000000,4.000000,4.000000,4.000000,4.000000,4.000000,4.000000,4.000000,4.000000,4.000000,4.000000,4.000000,4.000000,100.000000,,,,,,,,,,,,,,,,,,,,,,,,,,,,,,,,,,,,,,,,,,,,,,,,,,,,,,,,,,,,,,,,,,,,,,,,,,,,,,,,,,,,,,
1676060287.538849,1676060287.539073,35.000000,0.000000,4289.102539,4248.461426,4301.666504,4279.487305,4434.871582,4304.102539,4308.974121,4312.307617,4302.179688,4292.436035,4471.282227,4473.974121,4409.230957,4432.179688,0.000000,4.000000,85.000000,,,,0.000000,4.000000,4.000000,4.000000,4.000000,4.000000,4.000000,4.000000,4.000000,4.000000,4.000000,4.000000,4.000000,4.000000,4.000000,100.000000,,,,,,,,,,,,,,,,,,,,,,,,,,,,,,,,,,,,,,,,,,,,,,,,,,,,,,,,,,,,,,,,,,,,,,,,,,,,,,,,,,,,,,
1676060287.546657,1676060287.546982,36.000000,0.000000,4272.820313,4242.692383,4282.692383,4270.641113,4412.563965,4290.897461,4291.410156,4306.282227,4296.025879,4281.282227,4452.179688,4456.282227,4395.512695,4412.436035,0.000000,4.000000,85.000000,,,,0.000000,4.000000,4.000000,4.000000,4.000000,4.000000,4.000000,4.000000,4.000000,4.000000,4.000000,4.000000,4.000000,4.000000,4.000000,100.000000,,,,,,,,,,,,,,,,,,,,,,,,,,,,,,,,,,,,,,,,,,,,,,,,,,,,,,,,,,,,,,,,,,,,,,,,,,,,,,,,,,,,,,
1676060287.554466,1676060287.554790,37.000000,0.000000,4268.974121,4238.205078,4278.461426,4266.666504,4394.615234,4288.717773,4288.333496,4306.025879,4302.179688,4279.743652,4447.051270,4457.051270,4391.282227,4401.025879,0.000000,4.000000,85.000000,,,,0.000000,4.000000,4.000000,4.000000,4.000000,4.000000,4.000000,4.000000,4.000000,4.000000,4.000000,4.000000,4.000000,4.000000,4.000000,100.000000,,,,,,,,,,,,,,,,,,,,,,,,,,,,,,,,,,,,,,,,,,,,,,,,,,,,,,,,,,,,,,,,,,,,,,,,,,,,,,,,,,,,,,
1676060287.562274,1676060287.562698,38.000000,0.000000,4262.948730,4226.153809,4275.897461,4265.384766,4381.153809,4289.487305,4280.897461,4293.333496,4296.666504,4267.820313,4438.589844,4453.846191,4379.743652,4389.615234,0.000000,4.000000,85.000000,,,,0.000000,4.000000,4.000000,4.000000,4.000000,4.000000,4.000000,4.000000,4.000000,4.000000,4.000000,4.000000,4.000000,4.000000,4.000000,100.000000,,,,,,,,,,,,,,,,,,,,,,,,,,,,,,,,,,,,,,,,,,,,,,,,,,,,,,,,,,,,,,,,,,,,,,,,,,,,,,,,,,,,,,
1676060287.570083,1676060287.570507,39.000000,0.000000,4272.179688,4231.922852,4281.153809,4281.922852,4378.205078,4291.794922,4279.487305,4290.769043,4290.512695,4262.820313,4441.282227,4464.487305,4388.077148,4401.666504,0.000000,4.000000,85.000000,,,,0.000000,4.000000,4.000000,4.000000,4.000000,4.000000,4.000000,4.000000,4.000000,4.000000,4.000000,4.000000,4.000000,4.000000,4.000000,100.000000,,,,,,,,,,,,,,,,,,,,,,,,,,,,,,,,,,,,,,,,,,,,,,,,,,,,,,,,,,,,,,,,,,,,,,,,,,,,,,,,,,,,,,
1676060287.577891,1676060287.578415,40.000000,0.000000,4301.922852,4261.666504,4307.051270,4313.589844,4384.615234,4303.589844,4301.794922,4316.794922,4307.436035,4284.102539,4473.077148,4506.025879,4423.205078,4437.692383,0.000000,4.000000,85.000000,,,,0.000000,4.000000,4.000000,4.000000,4.000000,4.000000,4.000000,4.000000,4.000000,4.000000,4.000000,4.000000,4.000000,4.000000,4.000000,100.000000,,,,,,,,,,,,,,,,,,,,,,,,,,,,,,,,,,,,,,,,,,,,,,,,,,,,,,,,,,,,,,,,,,,,,,,,,,,,,,,,,,,,,,
1676060287.585699,1676060287.586224,41.000000,0.000000,4316.153809,4279.102539,4329.230957,4334.487305,4384.615234,4309.230957,4317.051270,4333.461426,4323.846191,4308.717773,4495.512695,4537.051270,4438.333496,4456.922852,0.000000,4.000000,85.000000,,,,0.000000,4.000000,4.000000,4.000000,4.000000,4.000000,4.000000,4.000000,4.000000,4.000000,4.000000,4.000000,4.000000,4.000000,4.000000,100.000000,,,,,,,,,,,,,,,,,,,,,,,,,,,,,,,,,,,,,,,,,,,,,,,,,,,,,,,,,,,,,,,,,,,,,,,,,,,,,,,,,,,,,,
1676060287.593508,1676060287.594132,42.000000,0.000000,4308.077148,4270.128418,4323.846191,4335.897461,4373.205078,4301.794922,4308.077148,4325.897461,4322.948730,4313.461426,4480.384766,4531.922852,4421.666504,4443.974121,0.000000,4.000000,85.000000,,,,0.000000,4.000000,4.000000,4.000000,4.000000,4.000000,4.000000,4.000000,4.000000,4.000000,4.000000,4.000000,4.000000,4.000000,4.000000,100.000000,,,,,,,,,,,,,,,,,,,,,,,,,,,,,,,,,,,,,,,,,,,,,,,,,,,,,,,,,,,,,,,,,,,,,,,,,,,,,,,,,,,,,,
1676060287.601316,1676060287.601940,43.000000,0.000000,4294.358887,4251.153809,4302.820313,4322.051270,4358.205078,4291.025879,4291.922852,4310.512695,4310.128418,4302.307617,4458.333496,4511.025879,4410.384766,4428.077148,0.000000,4.000000,85.000000,,,,0.000000,4.000000,4.000000,4.000000,4.000000,4.000000,4.000000,4.000000,4.000000,4.000000,4.000000,4.000000,4.000000,4.000000,4.000000,100.000000,,,,,,,,,,,,,,,,,,,,,,,,,,,,,,,,,,,,,,,,,,,,,,,,,,,,,,,,,,,,,,,,,,,,,,,,,,,,,,,,,,,,,,
1676060287.609125,1676060287.609849,44.000000,0.000000,4292.692383,4245.897461,4301.282227,4318.205078,4353.974121,4291.282227,4292.948730,4307.948730,4304.102539,4295.769043,4471.025879,4512.820313,4431.025879,4441.153809,0.000000,4.000000,85.000000,,,,0.000000,4.000000,4.000000,4.000000,4.000000,4.000000,4.000000,4.000000,4.000000,4.000000,4.000000,4.000000,4.000000,4.000000,4.000000,100.000000,,,,,,,,,,,,,,,,,,,,,,,,,,,,,,,,,,,,,,,,,,,,,,,,,,,,,,,,,,,,,,,,,,,,,,,,,,,,,,,,,,,,,,
1676060287.616933,1676060287.617657,45.000000,0.000000,4308.205078,4256.538574,4317.820313,4334.230957,4360.641113,4304.871582,4313.077148,4322.820313,4314.615234,4302.436035,4505.641113,4541.153809,4462.692383,4469.230957,0.000000,4.000000,85.000000,,,,0.000000,4.000000,4.000000,4.000000,4.000000,4.000000,4.000000,4.000000,4.000000,4.000000,4.000000,4.000000,4.000000,4.000000,4.000000,100.000000,,,,,,,,,,,,,,,,,,,,,,,,,,,,,,,,,,,,,,,,,,,,,,,,,,,,,,,,,,,,,,,,,,,,,,,,,,,,,,,,,,,,,,
1676060287.624741,1676060287.625366,46.000000,0.000000,4304.743652,4243.077148,4311.922852,4326.922852,4351.922852,4305.769043,4310.000000,4316.538574,4308.333496,4301.410156,4497.692383,4536.538574,4455.641113,4462.051270,0.000000,4.000000,85.000000,,,,0.000000,4.000000,4.000000,4.000000,4.000000,4.000000,4.000000,4.000000,4.000000,4.000000,4.000000,4.000000,4.000000,4.000000,4.000000,100.000000,,,,,,,,,,,,,,,,,1.449904,5.557101,1.465548,1.267784,1.585738,15.159077,6.763690,2.075886,1.891894,1.541750,2.203235,6.065477,2.212275,1.115817,1.710812,6.493960,5.241370,1.469354,1.422929,1.585672,1.439862,1.387026,0.989723,0.643536,0.828992,3.590132,1.207056,1.027581,0.668926,0.749181,1.080952,1.558498,2.401078,0.761221,1.163394,2.168505,1.397128,2.126420,0.882093,1.540521,1.314584,1.330672,1.444257,1.055343,1.466379,1.345747,1.651048,2.115698,1.858046,1.509010,15.425315,8.144525,4.918848,2.666580,2.646786,3.894076,5.346935,3.093007,1.357294,2.731485,11.439171,4.169658,2.260047,1.966785,2.570889,3.281373,6.141041,2.236113,1.512890,2.479378
1676060287.632550,1676060287.633174,47.000000,0.000000,4278.589844,4214.230957,4289.230957,4299.358887,4333.717773,4300.641113,4290.897461,4293.333496,4287.307617,4281.282227,4458.077148,4505.000000,4424.102539,4431.025879,0.000000,4.000000,85.000000,,,,0.000000,4.000000,4.000000,4.000000,4.000000,4.000000,4.000000,4.000000,4.000000,4.000000,4.000000,4.000000,4.000000,4.000000,4.000000,100.000000,,,,,,,,,,,,,,,,,,,,,,,,,,,,,,,,,,,,,,,,,,,,,,,,,,,,,,,,,,,,,,,,,,,,,,,,,,,,,,,,,,,,,,
1676060287.640358,1676060287.640883,48.000000,0.000000,4273.974121,4220.256348,4292.051270,4302.692383,4337.179688,4315.512695,4300.000000,4301.666504,4296.538574,4278.333496,4459.615234,4512.948730,4420.641113,4429.230957,0.000000,4.000000,85.000000,,,,0.000000,4.000000,4.000000,4.000000,4.000000,4.000000,4.000000,4.000000,4.000000,4.000000,4.000000,4.000000,4.000000,4.000000,4.000000,100.000000,,,,,,,,,,,,,,,,,,,,,,,,,,,,,,,,,,,,,,,,,,,,,,,,,,,,,,,,,,,,,,,,,,,,,,,,,,,,,,,,,,,,,,
1676060287.648166,1676060287.648691,49.000000,0.000000,4285.128418,4234.487305,4301.153809,4315.256348,4342.563965,4325.128418,4316.794922,4322.563965,4319.230957,4293.205078,4481.410156,4528.461426,4431.025879,4436.794922,0.000000,4.000000,85.000000,,,,0.000000,4.000000,4.000000,4.000000,4.000000,4.000000,4.000000,4.000000,4.000000,4.000000,4.000000,4.000000,4.000000,4.000000,4.000000,100.000000,,,,,,,,,,,,,,,,,,,,,,,,,,,,,,,,,,,,,,,,,,,,,,,,,,,,,,,,,,,,,,,,,,,,,,,,,,,,,,,,,,,,,,
1676060287.655975,1676060287.656400,50.000000,0.000000,4280.256348,4226.410156,4287.692383,4299.743652,4329.358887,4312.692383,4307.563965,4314.871582,4314.615234,4298.589844,4470.512695,4508.846191,4429.487305,4427.051270,0.000000,4.000000,85.000000,,,,0.000000,4.000000,4.000000,4.000000,4.000000,4.000000,4.000000,4.000000,4.000000,4.000000,4.000000,4.000000,4.000000,4.000000,4.000000,100.000000,,,,,,,,,,,,,,,,,,,,,,,,,,,,,,,,,,,,,,,,,,,,,,,,,,,,,,,,,,,,,,,,,,,,,,,,,,,,,,,,,,,,,,
1676060287.663783,1676060287.664208,51.000000,0.000000,4271.922852,4220.512695,4280.000000,4287.948730,4318.846191,4303.205078,4295.128418,4304.871582,4307.948730,4293.846191,4453.717773,4497.692383,4421.922852,4423.461426,0.000000,4.000000,85.000000,,,,0.000000,4.000000,4.000000,4.000000,4.000000,4.000000,4.000000,4.000000,4.000000,4.000000,4.000000,4.000000,4.000000,4.000000,4.000000,100.000000,,,,,,,,,,,,,,,,,,,,,,,,,,,,,,,,,,,,,,,,,,,,,,,,,,,,,,,,,,,,,,,,,,,,,,,,,,,,,,,,,,,,,,
1676060287.671591,1676060287.671917,52.000000,0.000000,4275.384766,4224.615234,4288.974121,4296.538574,4320.641113,4305.769043,4296.410156,4312.307617,4313.717773,4288.333496,4460.641113,4507.436035,4418.461426,4426.794922,0.000000,4.000000,85.000000,,,,0.000000,4.000000,4.000000,4.000000,4.000000,4.000000,4.000000,4.000000,4.000000,4.000000,4.000000,4.000000,4.000000,4.000000,4.000000,100.000000,,,,,,,,,,,,,,,,,,,,,,,,,,,,,,,,,,,,,,,,,,,,,,,,,,,,,,,,,,,,,,,,,,,,,,,,,,,,,,,,,,,,,,
1676060287.679400,1676060287.679725,53.000000,0.000000,4265.000000,4217.436035,4283.974121,4289.487305,4311.666504,4296.666504,4287.820313,4307.563965,4307.179688,4281.666504,4450.897461,4493.077148,4405.769043,4411.538574,0.000000,4.000000,85.000000,,,,0.000000,4.000000,4.000000,4.000000,4.000000,4.000000,4.000000,4.000000,4.000000,4.000000,4.000000,4.000000,4.000000,4.000000,4.000000,100.000000,,,,,,,,,,,,,,,,,,,,,,,,,,,,,,,,,,,,,,,,,,,,,,,,,,,,,,,,,,,,,,,,,,,,,,,,,,,,,,,,,,,,,,
1676060287.687208,1676060287.687434,54.000000,0.000000,4247.692383,4209.358887,4267.820313,4273.333496,4297.051270,4282.948730,4274.743652,4290.384766,4290.769043,4263.846191,4421.153809,4468.077148,4387.563965,4387.563965,0.000000,4.000000,85.000000,,,,0.000000,4.000000,4.000000,4.000000,4.000000,4.000000,4.000000,4.000000,4.000000,4.000000,4.000000,4.000000,4.000000,4.000000,4.000000,100.000000,,,,,,,,,,,,,,,,,,,,,,,,,,,,,,,,,,,,,,,,,,,,,,,,,,,,,,,,,,,,,,,,,,,,,,,,,,,,,,,,,,,,,,
1676060287.695017,1676060287.695342,55.000000,0.000000,4259.358887,4221.666504,4278.589844,4291.025879,4305.512695,4293.589844,4282.436035,4291.666504,4289.615234,4258.333496,4432.692383,4485.000000,4399.102539,4401.410156,0.000000,4.000000,85.000000,,,,0.000000,4.000000,4.000000,4.000000,4.000000,4.000000,4.000000,4.000000,4.000000,4.000000,4.000000,4.000000,4.000000,4.000000,4.000000,100.000000,,,,,,,,,,,,,,,,,,,,,,,,,,,,,,,,,,,,,,,,,,,,,,,,,,,,,,,,,,,,,,,,,,,,,,,,,,,,,,,,,,,,,,
1676060287.702825,1676060287.703151,56.000000,0.000000,4287.563965,4242.820313,4308.461426,4318.333496,4322.948730,4313.461426,4300.128418,4309.871582,4306.538574,4285.384766,4468.974121,4516.922852,4428.333496,4439.102539,0.000000,4.000000,85.000000,,,,0.000000,4.000000,4.000000,4.000000,4.000000,4.000000,4.000000,4.000000,4.000000,4.000000,4.000000,4.000000,4.000000,4.000000,4.000000,100.000000,,,,,,,,,,,,,,,,,,,,,,,,,,,,,,,,,,,,,,,,,,,,,,,,,,,,,,,,,,,,,,,,,,,,,,,,,,,,,,,,,,,,,,
1676060287.710633,1676060287.711059,57.000000,0.000000,4298.974121,4255.384766,4315.128418,4319.615234,4323.077148,4306.538574,4302.307617,4315.128418,4315.256348,4309.743652,4473.461426,4517.563965,4435.256348,4447.051270,0.000000,4.000000,85.000000,,,,0.000000,4.000000,4.000000,4.000000,4.000000,4.000000,4.000000,4.000000,4.000000,4.000000,4.000000,4.000000,4.000000,4.000000,4.000000,100.000000,,,,,,,,,,,,,,,,,,,,,,,,,,,,,,,,,,,,,,,,,,,,,,,,,,,,,,,,,,,,,,,,,,,,,,,,,,,,,,,,,,,,,,
1676060287.718442,1676060287.718867,58.000000,0.000000,4291.282227,4245.769043,4298.974121,4308.333496,4307.436035,4286.538574,4292.820313,4298.974121,4303.333496,4298.461426,4455.384766,4501.282227,4419.743652,4427.563965,0.000000,4.000000,85.000000,,,,0.000000,4.000000,4.000000,4.000000,4.000000,4.000000,4.000000,4.000000,4.000000,4.000000,4.000000,4.000000,4.000000,4.000000,4.000000,100.000000,,,,,,,,,,,,,,,,,,,,,,,,,,,,,,,,,,,,,,,,,,,,,,,,,,,,,,,,,,,,,,,,,,,,,,,,,,,,,,,,,,,,,,
1676060287.726250,1676060287.726776,59.000000,0.000000,4285.641113,4235.897461,4293.846191,4303.205078,4301.282227,4290.384766,4294.102539,4295.641113,4295.769043,4284.487305,4455.641113,4504.358887,4417.307617,4426.153809,0.000000,4.000000,85.000000,,,,0.000000,4.000000,4.000000,4.000000,4.000000,4.000000,4.000000,4.000000,4.000000,4.000000,4.000000,4.000000,4.000000,4.000000,4.000000,100.000000,,,,,,,,,,,,,,,,,,,,,,,,,,,,,,,,,,,,,,,,,,,,,,,,,,,,,,,,,,,,,,,,,,,,,,,,,,,,,,,,,,,,,,
1676060287.734059,1676060287.734584,60.000000,0.000000,4275.256348,4231.282227,4290.641113,4296.410156,4302.820313,4297.692383,4294.487305,4304.487305,4295.384766,4282.563965,4453.333496,4505.512695,4413.717773,4428.205078,0.000000,4.000000,85.000000,,,,0.000000,4.000000,4.000000,4.000000,4.000000,4.000000,4.000000,4.000000,4.000000,4.000000,4.000000,4.000000,4.000000,4.000000,4.000000,100.000000,,,,,,,,,,,,,,,,,,,,,,,,,,,,,,,,,,,,,,,,,,,,,,,,,,,,,,,,,,,,,,,,,,,,,,,,,,,,,,,,,,,,,,
1676060287.741867,1676060287.742492,61.000000,0.000000,4265.256348,4229.102539,4283.846191,4294.102539,4304.743652,4297.179688,4295.512695,4307.307617,4292.179688,4279.102539,4442.179688,4497.820313,4400.128418,4415.256348,0.000000,4.000000,85.000000,,,,0.000000,4.000000,4.000000,4.000000,4.000000,4.000000,4.000000,4.000000,4.000000,4.000000,4.000000,4.000000,4.000000,4.000000,4.000000,100.000000,,,,,,,,,,,,,,,,,,,,,,,,,,,,,,,,,,,,,,,,,,,,,,,,,,,,,,,,,,,,,,,,,,,,,,,,,,,,,,,,,,,,,,
1676060287.749675,1676060287.750301,62.000000,0.000000,4271.666504,4241.538574,4293.461426,4302.307617,4309.230957,4304.487305,4306.025879,4315.128418,4300.641113,4288.717773,4458.333496,4507.692383,4414.102539,4420.769043,0.000000,4.000000,85.000000,,,,0.000000,4.000000,4.000000,4.000000,4.000000,4.000000,4.000000,4.000000,4.000000,4.000000,4.000000,4.000000,4.000000,4.000000,4.000000,100.000000,,,,,,,,,,,,,,,,,1.625400,5.002578,1.709574,1.579563,1.581572,16.124418,8.499995,2.025108,2.160868,1.527776,2.472265,5.945698,2.767755,1.339798,1.668826,6.024849,5.211926,1.581649,1.665130,1.566455,4.862367,2.614883,1.745104,1.073815,0.834580,1.540487,0.647443,0.948290,0.552312,0.697082,0.839808,1.928133,3.027041,0.836307,1.120973,1.784014,1.285801,2.563037,0.985289,1.432881,1.237979,1.471391,1.740000,1.184974,1.421529,1.305917,1.687116,2.241173,1.971816,1.402965,22.328432,7.988118,5.334936,2.695739,2.523762,3.858311,5.177440,3.944871,1.526256,2.609067,10.671987,3.950936,3.002245,1.960976,2.513282,3.410126,5.433936,3.107573,1.733893,2.378634
1676060287.757484,1676060287.758209,63.000000,0.000000,4268.717773,4238.205078,4293.077148,4297.307617,4301.153809,4302.948730,4301.538574,4316.282227,4306.538574,4289.871582,4463.077148,4508.077148,4425.769043,4423.589844,0.000000,4.000000,85.000000,,,,0.000000,4.000000,4.000000,4.000000,4.000000,4.000000,4.000000,4.000000,4.000000,4.000000,4.000000,4.000000,4.000000,4.000000,4.000000,100.000000,,,,,,,,,,,,,,,,,,,,,,,,,,,,,,,,,,,,,,,,,,,,,,,,,,,,,,,,,,,,,,,,,,,,,,,,,,,,,,,,,,,,,,
1676060287.765292,1676060287.766018,64.000000,0.000000,4261.153809,4223.461426,4279.487305,4289.871582,4291.025879,4293.846191,4288.205078,4304.871582,4295.897461,4278.717773,4444.615234,4490.512695,4407.307617,4411.153809,2525.000000,4.000000,85.000000,,,,0.000000,4.000000,4.000000,4.000000,4.000000,4.000000,4.000000,4.000000,4.000000,4.000000,4.000000,4.000000,4.000000,4.000000,4.000000,100.000000,,,,,,,,,,,,,,,,,,,,,,,,,,,,,,,,,,,,,,,,,,,,,,,,,,,,,,,,,,,,,,,,,,,,,,,,,,,,,,,,,,,,,,
1676060287.773101,1676060287.773826,65.000000,0.000000,4267.692383,4228.846191,4281.153809,4297.948730,4294.487305,4292.436035,4290.256348,4304.615234,4293.077148,4285.384766,4445.384766,4486.410156,4400.512695,4417.820313,2484.000000,4.000000,85.000000,,,,0.000000,4.000000,4.000000,4.000000,4.000000,4.000000,4.000000,4.000000,4.000000,4.000000,4.000000,4.000000,4.000000,4.000000,4.000000,100.000000,,,,,,,,,,,,,,,,,,,,,,,,,,,,,,,,,,,,,,,,,,,,,,,,,,,,,,,,,,,,,,,,,,,,,,,,,,,,,,,,,,,,,,
1676060287.780909,1676060287.781535,66.000000,0.000000,4276.153809,4244.743652,4289.615234,4301.410156,4297.563965,4295.256348,4300.000000,4315.769043,4302.820313,4293.974121,4454.487305,4496.025879,4417.179688,4430.769043,2413.000000,4.000000,85.000000,,,,0.000000,4.000000,4.000000,4.000000,4.000000,4.000000,4.000000,4.000000,4.000000,4.000000,4.000000,4.000000,4.000000,4.000000,4.000000,100.000000,,,,,,,,,,,,,,,,,,,,,,,,,,,,,,,,,,,,,,,,,,,,,,,,,,,,,,,,,,,,,,,,,,,,,,,,,,,,,,,,,,,,,,
1676060287.788717,1676060287.789443,67.000000,0.000000,4264.487305,4237.948730,4284.102539,4287.948730,4287.948730,4290.000000,4294.358887,4314.487305,4300.641113,4281.282227,4439.743652,4489.871582,4403.974121,4416.922852,2489.000000,4.000000,85.000000,,,,0.000000,4.000000,4.000000,4.000000,4.000000,4.000000,4.000000,4.000000,4.000000,4.000000,4.000000,4.000000,4.000000,4.000000,4.000000,100.000000,,,,,,,,,,,,,,,,,,,,,,,,,,,,,,,,,,,,,,,,,,,,,,,,,,,,,,,,,,,,,,,,,,,,,,,,,,,,,,,,,,,,,,
1676060287.796526,1676060287.797252,68.000000,0.000000,4246.666504,4217.692383,4273.717773,4273.077148,4276.153809,4282.820313,4282.820313,4307.307617,4285.000000,4260.384766,4419.230957,4471.025879,4374.615234,4401.153809,2444.000000,4.000000,85.000000,,,,0.000000,4.000000,4.000000,4.000000,4.000000,4.000000,4.000000,4.000000,4.000000,4.000000,4.000000,4.000000,4.000000,4.000000,4.000000,100.000000,,,,,,,,,,,,,,,,,,,,,,,,,,,,,,,,,,,,,,,,,,,,,,,,,,,,,,,,,,,,,,,,,,,,,,,,,,,,,,,,,,,,,,
1676060287.804334,1676060287.805060,69.000000,0.000000,4255.512695,4218.846191,4282.051270,4276.922852,4279.358887,4286.410156,4290.000000,4314.230957,4284.871582,4258.846191,4429.871582,4474.615234,4388.077148,4418.846191,2388.000000,4.000000,85.000000,,,,0.000000,4.000000,4.000000,4.000000,4.000000,4.000000,4.000000,4.000000,4.000000,4.000000,4.000000,4.000000,4.000000,4.000000,4.000000,100.000000,,,,,,,,,,,,,,,,,,,,,,,,,,,,,,,,,,,,,,,,,,,,,,,,,,,,,,,,,,,,,,,,,,,,,,,,,,,,,,,,,,,,,,
1676060287.812142,1676060287.812868,70.000000,0.000000,4279.615234,4237.307617,4297.436035,4290.641113,4285.000000,4296.025879,4302.820313,4321.282227,4297.820313,4280.512695,4452.051270,4494.487305,4416.025879,4442.051270,2244.000000,4.000000,85.000000,,,,0.000000,4.000000,4.000000,4.000000,4.000000,4.000000,4.000000,4.000000,4.000000,4.000000,4.000000,4.000000,4.000000,4.000000,4.000000,100.000000,,,,,,,,,,,,,,,,,,,,,,,,,,,,,,,,,,,,,,,,,,,,,,,,,,,,,,,,,,,,,,,,,,,,,,,,,,,,,,,,,,,,,,
1676060287.819951,1676060287.820577,71.000000,0.000000,4289.102539,4253.717773,4304.615234,4296.922852,4286.794922,4298.717773,4300.000000,4318.974121,4303.205078,4300.256348,4461.153809,4505.769043,4421.538574,4452.820313,2226.000000,4.000000,85.000000,,,,0.000000,4.000000,4.000000,4.000000,4.000000,4.000000,4.000000,4.000000,4.000000,4.000000,4.000000,4.000000,4.000000,4.000000,4.000000,100.000000,,,,,,,,,,,,,,,,,,,,,,,,,,,,,,,,,,,,,,,,,,,,,,,,,,,,,,,,,,,,,,,,,,,,,,,,,,,,,,,,,,,,,,
1676060287.827759,1676060287.828485,72.000000,0.000000,4275.641113,4239.102539,4296.282227,4286.538574,4278.333496,4287.948730,4282.051270,4311.153809,4294.230957,4287.948730,4447.051270,4493.205078,4405.512695,4446.282227,2279.000000,4.000000,85.000000,,,,0.000000,4.000000,4.000000,4.000000,4.000000,4.000000,4.000000,4.000000,4.000000,4.000000,4.000000,4.000000,4.000000,4.000000,4.000000,100.000000,,,,,,,,,,,,,,,,,,,,,,,,,,,,,,,,,,,,,,,,,,,,,,,,,,,,,,,,,,,,,,,,,,,,,,,,,,,,,,,,,,,,,,
1676060287.835568,1676060287.836294,73.000000,0.000000,4263.846191,4214.102539,4282.820313,4273.846191,4266.666504,4279.230957,4275.897461,4308.589844,4287.179688,4270.256348,4427.307617,4476.025879,4387.820313,4429.102539,2231.000000,4.000000,85.000000,,,,0.000000,4.000000,4.000000,4.000000,4.000000,4.000000,4.000000,4.000000,4.000000,4.000000,4.000000,4.000000,4.000000,4.000000,4.000000,100.000000,,,,,,,,,,,,,,,,,,,,,,,,,,,,,,,,,,,,,,,,,,,,,,,,,,,,,,,,,,,,,,,,,,,,,,,,,,,,,,,,,,,,,,
1676060287.843376,1676060287.844202,74.000000,0.000000,4263.461426,4221.410156,4282.179688,4279.230957,4270.512695,4280.256348,4291.538574,4320.769043,4296.794922,4280.641113,4433.461426,4481.794922,4391.410156,4431.282227,2732.000000,4.000000,85.000000,,,,0.000000,4.000000,4.000000,4.000000,4.000000,4.000000,4.000000,4.000000,4.000000,4.000000,4.000000,4.000000,4.000000,4.000000,4.000000,100.000000,,,,,,,,,,,,,,,,,,,,,,,,,,,,,,,,,,,,,,,,,,,,,,,,,,,,,,,,,,,,,,,,,,,,,,,,,,,,,,,,,,,,,,
1676060287.851184,1676060287.852011,75.000000,0.000000,4268.077148,4239.487305,4296.922852,4289.102539,4280.641113,4284.102539,4300.256348,4331.538574,4304.615234,4288.717773,4451.025879,4497.820313,4406.282227,4450.256348,2924.000000,4.000000,85.000000,,,,0.000000,4.000000,4.000000,4.000000,4.000000,4.000000,4.000000,4.000000,4.000000,4.000000,4.000000,4.000000,4.000000,4.000000,4.000000,100.000000,,,,,,,,,,,,,,,,,,,,,,,,,,,,,,,,,,,,,,,,,,,,,,,,,,,,,,,,,,,,,,,,,,,,,,,,,,,,,,,,,,,,,,
1676060287.858993,1676060287.859819,76.000000,0.000000,4265.641113,4235.897461,4298.717773,4285.769043,4275.769043,4280.256348,4286.025879,4323.974121,4294.871582,4277.692383,4441.794922,4489.102539,4398.717773,4446.153809,3129.000000,4.000000,85.000000,,,,0.000000,4.000000,4.000000,4.000000,4.000000,4.000000,4.000000,4.000000,4.000000,4.000000,4.000000,4.000000,4.000000,4.000000,4.000000,100.000000,,,,,,,,,,,,,,,,,,,,,,,,,,,,,,,,,,,,,,,,,,,,,,,,,,,,,,,,,,,,,,,,,,,,,,,,,,,,,,,,,,,,,,
1676060287.866801,1676060287.867528,77.000000,0.000000,4261.538574,4226.410156,4279.615234,4276.794922,4270.000000,4278.846191,4280.769043,4317.051270,4288.974121,4275.769043,4423.205078,4473.589844,4386.153809,4427.692383,3248.000000,4.000000,85.000000,,,,0.000000,4.000000,4.000000,4.000000,4.000000,4.000000,4.000000,4.000000,4.000000,4.000000,4.000000,4.000000,4.000000,4.000000,4.000000,100.000000,,,,,,,,,,,,,,,,,,,,,,,,,,,,,,,,,,,,,,,,,,,,,,,,,,,,,,,,,,,,,,,,,,,,,,,,,,,,,,,,,,,,,,
1676060287.874609,1676060287.875336,78.000000,0.000000,4276.794922,4235.000000,4284.615234,4279.743652,4278.589844,4292.179688,4299.358887,4329.230957,4308.077148,4284.487305,4440.769043,4489.743652,4402.692383,4441.153809,2732.000000,4.000000,85.000000,,,,0.000000,4.000000,4.000000,4.000000,4.000000,4.000000,4.000000,4.000000,4.000000,4.000000,4.000000,4.000000,4.000000,4.000000,4.000000,100.000000,1.000000,25.000000,4.000000,3.000000,1.000000,3.000000,1.000000,1.000000,3.000000,3.000000,4.000000,3.000000,1.000000,1.000000,3.000000,1.000000,1.795760,4.557602,1.958820,1.845712,1.568357,19.966599,10.780973,1.966353,2.339115,1.518500,2.674308,5.933712,3.280450,1.532685,1.608177,6.006879,5.415741,1.712058,1.840486,1.542131,14.722981,6.115691,3.820749,2.212246,0.909910,0.965898,0.603931,0.987608,0.542409,0.680911,0.603330,2.268957,3.531686,0.952950,1.092294,1.470750,1.246197,2.981866,1.140063,1.348206,1.200907,1.532454,2.042037,1.339270,1.420185,1.288059,1.599342,2.394669,2.093585,1.360990,32.294243,8.256853,5.449114,2.804186,2.414564,4.010675,5.052973,4.676003,1.764499,2.470406,12.121245,3.960501,3.696965,2.103013,2.396769,4.238529,4.740894,3.967520,2.051167,2.252239
1676060287.882418,1676060287.883045,79.000000,0.000000,4273.846191,4238.461426,4297.436035,4283.846191,4276.538574,4294.358887,4297.051270,4322.436035,4309.230957,4274.871582,4446.153809,4492.179688,4401.666504,4448.077148,2924.000000,4.000000,85.000000,,,,0.000000,4.000000,4.000000,4.000000,4.000000,4.000000,4.000000,4.000000,4.000000,4.000000,4.000000,4.000000,4.000000,4.000000,4.000000,100.000000,,,,,,,,,,,,,,,,,,,,,,,,,,,,,,,,,,,,,,,,,,,,,,,,,,,,,,,,,,,,,,,,,,,,,,,,,,,,,,,,,,,,,,
1676060287.890226,1676060287.890853,80.000000,0.000000,4247.948730,4229.102539,4284.871582,4275.769043,4262.179688,4281.538574,4277.051270,4293.589844,4281.282227,4258.974121,4410.384766,4460.641113,4371.666504,4418.846191,3129.000000,4.000000,85.000000,,,,0.000000,4.000000,4.000000,4.000000,4.000000,4.000000,4.000000,4.000000,4.000000,4.000000,4.000000,4.000000,4.000000,4.000000,4.000000,100.000000,,,,,,,,,,,,,,,,,,,,,,,,,,,,,,,,,,,,,,,,,,,,,,,,,,,,,,,,,,,,,,,,,,,,,,,,,,,,,,,,,,,,,,
1676060287.898035,1676060287.898562,81.000000,0.000000,4262.692383,4232.051270,4284.615234,4281.410156,4264.615234,4280.256348,4279.871582,4299.487305,4282.051270,4263.205078,4410.000000,4461.282227,4373.974121,4420.128418,3248.000000,4.000000,85.000000,,,,0.000000,4.000000,4.000000,4.000000,4.000000,4.000000,4.000000,4.000000,4.000000,4.000000,4.000000,4.000000,4.000000,4.000000,4.000000,100.000000,,,,,,,,,,,,,,,,,,,,,,,,,,,,,,,,,,,,,,,,,,,,,,,,,,,,,,,,,,,,,,,,,,,,,,,,,,,,,,,,,,,,,,
1676060287.905843,1676060287.906470,82.000000,0.000000,4287.051270,4234.102539,4297.436035,4290.512695,4266.922852,4281.794922,4284.743652,4312.179688,4293.974121,4266.794922,4428.589844,4477.820313,4385.256348,4442.563965,2732.000000,4.000000,85.000000,,,,0.000000,4.000000,4.000000,4.000000,4.000000,4.000000,4.000000,4.000000,4.000000,4.000000,4.000000,4.000000,4.000000,4.000000,4.000000,100.000000,,,,,,,,,,,,,,,,,,,,,,,,,,,,,,,,,,,,,,,,,,,,,,,,,,,,,,,,,,,,,,,,,,,,,,,,,,,,,,,,,,,,,,
1676060287.913651,1676060287.914278,83.000000,0.000000,4271.538574,4233.717773,4295.512695,4285.256348,4264.230957,4275.897461,4278.461426,4297.436035,4285.769043,4265.128418,4412.692383,4467.563965,4373.205078,4433.077148,2924.000000,4.000000,85.000000,,,,0.000000,4.000000,4.000000,4.000000,4.000000,4.000000,4.000000,4.000000,4.000000,4.000000,4.000000,4.000000,4.000000,4.000000,4.000000,100.000000,,,,,,,,,,,,,,,,,,,,,,,,,,,,,,,,,,,,,,,,,,,,,,,,,,,,,,,,,,,,,,,,,,,,,,,,,,,,,,,,,,,,,,
1676060287.921460,1676060287.922187,84.000000,0.000000,4267.692383,4240.000000,4292.436035,4284.358887,4270.256348,4281.410156,4286.153809,4297.820313,4284.358887,4268.461426,4411.410156,4467.948730,4382.563965,4427.948730,3129.000000,4.000000,85.000000,,,,0.000000,4.000000,4.000000,4.000000,4.000000,4.000000,4.000000,4.000000,4.000000,4.000000,4.000000,4.000000,4.000000,4.000000,4.000000,100.000000,,,,,,,,,,,,,,,,,,,,,,,,,,,,,,,,,,,,,,,,,,,,,,,,,,,,,,,,,,,,,,,,,,,,,,,,,,,,,,,,,,,,,,
1676060287.929268,1676060287.929995,85.000000,0.000000,4282.948730,4239.102539,4293.205078,4285.512695,4272.307617,4288.974121,4296.922852,4311.666504,4285.897461,4266.282227,4430.256348,4480.512695,4394.358887,4442.307617,3248.000000,4.000000,85.000000,,,,0.000000,4.000000,4.000000,4.000000,4.000000,4.000000,4.000000,4.000000,4.000000,4.000000,4.000000,4.000000,4.000000,4.000000,4.000000,100.000000,,,,,,,,,,,,,,,,,,,,,,,,,,,,,,,,,,,,,,,,,,,,,,,,,,,,,,,,,,,,,,,,,,,,,,,,,,,,,,,,,,,,,,
1676060287.937076,1676060287.937903,86.000000,0.000000,4278.717773,4238.974121,4292.179688,4286.025879,4272.820313,4290.000000,4298.333496,4311.666504,4286.282227,4272.436035,4429.102539,4475.897461,4384.615234,4446.794922,2732.000000,4.000000,85.000000,,,,0.000000,4.000000,4.000000,4.000000,4.000000,4.000000,4.000000,4.000000,4.000000,4.000000,4.000000,4.000000,4.000000,4.000000,4.000000,100.000000,,,,,,,,,,,,,,,,,,,,,,,,,,,,,,,,,,,,,,,,,,,,,,,,,,,,,,,,,,,,,,,,,,,,,,,,,,,,,,,,,,,,,,
1676060287.944885,1676060287.945712,87.000000,0.000000,4283.461426,4249.102539,4299.230957,4292.436035,4278.461426,4295.512695,4300.256348,4317.436035,4302.948730,4283.333496,4433.077148,4480.000000,4396.410156,4448.205078,2924.000000,4.000000,85.000000,,,,0.000000,4.000000,4.000000,4.000000,4.000000,4.000000,4.000000,4.000000,4.000000,4.000000,4.000000,4.000000,4.000000,4.000000,4.000000,100.000000,,,,,,,,,,,,,,,,,,,,,,,,,,,,,,,,,,,,,,,,,,,,,,,,,,,,,,,,,,,,,,,,,,,,,,,,,,,,,,,,,,,,,,
1676060287.952693,1676060287.953620,88.000000,0.000000,4297.563965,4253.205078,4305.512695,4295.641113,4271.666504,4290.000000,4300.128418,4327.307617,4312.179688,4281.282227,4448.077148,4494.743652,4412.436035,4452.307617,3129.000000,4.000000,85.000000,,,,0.000000,4.000000,4.000000,4.000000,4.000000,4.000000,4.000000,4.000000,4.000000,4.000000,4.000000,4.000000,4.000000,4.000000,4.000000,100.000000,,,,,,,,,,,,,,,,,,,,,,,,,,,,,,,,,,,,,,,,,,,,,,,,,,,,,,,,,,,,,,,,,,,,,,,,,,,,,,,,,,,,,,
1676060287.960502,1676060287.961529,89.000000,0.000000,4290.384766,4251.666504,4307.692383,4292.692383,4264.102539,4281.153809,4294.871582,4325.384766,4306.282227,4286.538574,4450.641113,4499.615234,4404.230957,4454.358887,3248.000000,4.000000,85.000000,,,,0.000000,4.000000,4.000000,4.000000,4.000000,4.000000,4.000000,4.000000,4.000000,4.000000,4.000000,4.000000,4.000000,4.000000,4.000000,100.000000,,,,,,,,,,,,,,,,,,,,,,,,,,,,,,,,,,,,,,,,,,,,,,,,,,,,,,,,,,,,,,,,,,,,,,,,,,,,,,,,,,,,,,
1676060287.968310,1676060287.969337,90.000000,0.000000,4276.410156,4246.282227,4305.000000,4285.641113,4266.025879,4285.384766,4285.128418,4323.077148,4306.538574,4292.179688,4439.615234,4491.282227,4391.153809,4447.563965,2732.000000,4.000000,85.000000,,,,0.000000,4.000000,4.000000,4.000000,4.000000,4.000000,4.000000,4.000000,4.000000,4.000000,4.000000,4.000000,4.000000,4.000000,4.000000,100.000000,,,,,,,,,,,,,,,,,,,,,,,,,,,,,,,,,,,,,,,,,,,,,,,,,,,,,,,,,,,,,,,,,,,,,,,,,,,,,,,,,,,,,,
1676060287.976118,1676060287.977145,91.000000,0.000000,4276.666504,4236.410156,4293.461426,4275.512695,4262.692383,4295.128418,4282.436035,4319.102539,4306.282227,4281.922852,4429.102539,4478.589844,4388.205078,4436.025879,2924.000000,4.000000,85.000000,,,,0.000000,4.000000,4.000000,4.000000,4.000000,4.000000,4.000000,4.000000,4.000000,4.000000,4.000000,4.000000,4.000000,4.000000,4.000000,100.000000,,,,,,,,,,,,,,,,,,,,,,,,,,,,,,,,,,,,,,,,,,,,,,,,,,,,,,,,,,,,,,,,,,,,,,,,,,,,,,,,,,,,,,
1676060287.983927,1676060287.984854,92.000000,0.000000,4297.563965,4253.589844,4303.205078,4288.461426,4272.179688,4316.538574,4305.641113,4324.743652,4314.743652,4289.487305,4447.307617,4497.436035,4409.230957,4451.410156,3129.000000,4.000000,85.000000,,,,0.000000,4.000000,4.000000,4.000000,4.000000,4.000000,4.000000,4.000000,4.000000,4.000000,4.000000,4.000000,4.000000,4.000000,4.000000,100.000000,,,,,,,,,,,,,,,,,,,,,,,,,,,,,,,,,,,,,,,,,,,,,,,,,,,,,,,,,,,,,,,,,,,,,,,,,,,,,,,,,,,,,,
1676060287.991735,1676060287.992662,93.000000,0.000000,4323.205078,4285.256348,4327.563965,4316.794922,4293.333496,4334.615234,4324.358887,4342.051270,4329.743652,4310.128418,4474.358887,4527.563965,4432.692383,4480.000000,3248.000000,4.000000,85.000000,,,,0.000000,4.000000,4.000000,4.000000,4.000000,4.000000,4.000000,4.000000,4.000000,4.000000,4.000000,4.000000,4.000000,4.000000,4.000000,100.000000,,,,,,,,,,,,,,,,,,,,,,,,,,,,,,,,,,,,,,,,,,,,,,,,,,,,,,,,,,,,,,,,,,,,,,,,,,,,,,,,,,,,,,
1676060287.999544,1676060288.000371,94.000000,0.000000,4313.205078,4274.487305,4315.769043,4303.846191,4281.922852,4319.871582,4300.769043,4325.897461,4312.051270,4288.077148,4452.563965,4504.615234,4412.563965,4463.974121,2732.000000,4.000000,85.000000,,,,0.000000,4.000000,4.000000,4.000000,4.000000,4.000000,4.000000,4.000000,4.000000,4.000000,4.000000,4.000000,4.000000,4.000000,4.000000,100.000000,,,,,,,,,,,,,,,,,1.937539,4.426241,2.208508,2.004260,1.550277,25.167223,13.017467,1.971777,2.391565,1.518323,2.749588,6.146105,3.664576,1.656627,1.540810,6.112708,5.772407,1.865310,1.917649,1.514618,32.721436,12.389964,7.635719,4.218254,1.081505,0.937029,0.705693,1.021347,0.573306,0.679180,0.410662,2.504660,3.797239,1.082565,1.085863,1.255082,1.209499,3.265035,1.293094,1.294333,1.214696,1.473385,2.259274,1.449246,1.456426,1.325290,1.457138,2.545591,2.183519,1.377269,42.396030,8.529919,5.248261,2.931601,2.339403,4.660328,5.150065,5.154023,2.005377,2.339708,15.275655,4.308810,4.169349,2.342256,2.243916,5.609510,4.392327,4.612364,2.391632,2.114983
1676060288.007352,1676060288.008179,95.000000,0.000000,4290.512695,4257.692383,4299.743652,4285.000000,4269.743652,4312.563965,4282.563965,4294.358887,4287.692383,4263.846191,4421.922852,4472.179688,4388.589844,4437.563965,2924.000000,4.000000,85.000000,,,,0.000000,4.000000,4.000000,4.000000,4.000000,4.000000,4.000000,4.000000,4.000000,4.000000,4.000000,4.000000,4.000000,4.000000,4.000000,100.000000,,,,,,,,,,,,,,,,,,,,,,,,,,,,,,,,,,,,,,,,,,,,,,,,,,,,,,,,,,,,,,,,,,,,,,,,,,,,,,,,,,,,,,
1676060288.015160,1676060288.015888,96.000000,0.000000,4296.922852,4265.384766,4310.256348,4296.538574,4280.128418,4328.461426,4292.820313,4292.820313,4286.025879,4275.000000,4427.692383,4481.794922,4396.025879,4451.666504,3129.000000,4.000000,85.000000,,,,0.000000,4.000000,4.000000,4.000000,4.000000,4.000000,4.000000,4.000000,4.000000,4.000000,4.000000,4.000000,4.000000,4.000000,4.000000,100.000000,,,,,,,,,,,,,,,,,,,,,,,,,,,,,,,,,,,,,,,,,,,,,,,,,,,,,,,,,,,,,,,,,,,,,,,,,,,,,,,,,,,,,,
1676060288.022969,1676060288.023696,97.000000,0.000000,4300.384766,4258.333496,4307.436035,4293.589844,4273.717773,4320.641113,4288.717773,4295.512695,4282.563965,4276.282227,4427.179688,4480.641113,4390.641113,4472.179688,3248.000000,4.000000,85.000000,,,,0.000000,4.000000,4.000000,4.000000,4.000000,4.000000,4.000000,4.000000,4.000000,4.000000,4.000000,4.000000,4.000000,4.000000,4.000000,100.000000,,,,,,,,,,,,,,,,,,,,,,,,,,,,,,,,,,,,,,,,,,,,,,,,,,,,,,,,,,,,,,,,,,,,,,,,,,,,,,,,,,,,,,
1676060288.030777,1676060288.031405,98.000000,0.000000,4287.051270,4245.641113,4298.974121,4280.384766,4261.794922,4305.256348,4279.743652,4292.179688,4284.743652,4267.948730,4417.436035,4466.794922,4380.512695,4498.077148,2732.000000,4.000000,85.000000,,,,0.000000,4.000000,4.000000,4.000000,4.000000,4.000000,4.000000,4.000000,4.000000,4.000000,4.000000,4.000000,4.000000,4.000000,4.000000,100.000000,,,,,,,,,,,,,,,,,,,,,,,,,,,,,,,,,,,,,,,,,,,,,,,,,,,,,,,,,,,,,,,,,,,,,,,,,,,,,,,,,,,,,,
1676060288.038586,1676060288.039213,99.000000,0.000000,4290.769043,4260.641113,4309.615234,4290.000000,4273.461426,4320.769043,4293.589844,4304.871582,4298.333496,4276.282227,4429.487305,4479.487305,4393.205078,4550.769043,2924.000000,4.000000,85.000000,,,,0.000000,4.000000,4.000000,4.000000,4.000000,4.000000,4.000000,4.000000,4.000000,4.000000,4.000000,4.000000,4.000000,4.000000,4.000000,100.000000,,,,,,,,,,,,,,,,,,,,,,,,,,,,,,,,,,,,,,,,,,,,,,,,,,,,,,,,,,,,,,,,,,,,,,,,,,,,,,,,,,,,,,
1676060288.046394,1676060288.046922,100.000000,0.000000,4310.000000,4281.282227,4319.230957,4305.000000,4286.282227,4337.820313,4307.820313,4322.051270,4309.358887,4287.307617,4449.487305,4499.615234,4409.743652,4587.820313,3129.000000,4.000000,85.000000,,,,0.000000,4.000000,4.000000,4.000000,4.000000,4.000000,4.000000,4.000000,4.000000,4.000000,4.000000,4.000000,4.000000,4.000000,4.000000,100.000000,,,,,,,,,,,,,,,,,,,,,,,,,,,,,,,,,,,,,,,,,,,,,,,,,,,,,,,,,,,,,,,,,,,,,,,,,,,,,,,,,,,,,,
1676060288.054202,1676060288.054730,101.000000,0.000000,4308.974121,4270.000000,4310.128418,4296.282227,4276.282227,4332.948730,4300.000000,4321.025879,4312.179688,4283.077148,4444.615234,4492.563965,4405.512695,4563.589844,3248.000000,4.000000,85.000000,,,,0.000000,4.000000,4.000000,4.000000,4.000000,4.000000,4.000000,4.000000,4.000000,4.000000,4.000000,4.000000,4.000000,4.000000,4.000000,100.000000,,,,,,,,,,,,,,,,,,,,,,,,,,,,,,,,,,,,,,,,,,,,,,,,,,,,,,,,,,,,,,,,,,,,,,,,,,,,,,,,,,,,,,
1676060288.062011,1676060288.062439,102.000000,0.000000,4283.077148,4244.358887,4297.307617,4274.743652,4261.538574,4325.128418,4283.717773,4307.179688,4305.128418,4276.282227,4422.307617,4466.666504,4382.563965,4516.538574,2732.000000,4.000000,85.000000,,,,0.000000,4.000000,4.000000,4.000000,4.000000,4.000000,4.000000,4.000000,4.000000,4.000000,4.000000,4.000000,4.000000,4.000000,4.000000,100.000000,,,,,,,,,,,,,,,,,,,,,,,,,,,,,,,,,,,,,,,,,,,,,,,,,,,,,,,,,,,,,,,,,,,,,,,,,,,,,,,,,,,,,,
1676060288.069819,1676060288.070247,103.000000,0.000000,4272.948730,4243.461426,4292.179688,4268.846191,4260.897461,4323.974121,4280.000000,4302.051270,4297.692383,4276.153809,4418.333496,4460.512695,4378.974121,4502.563965,2924.000000,4.000000,85.000000,,,,0.000000,4.000000,4.000000,4.000000,4.000000,4.000000,4.000000,4.000000,4.000000,4.000000,4.000000,4.000000,4.000000,4.000000,4.000000,100.000000,,,,,,,,,,,,,,,,,,,,,,,,,,,,,,,,,,,,,,,,,,,,,,,,,,,,,,,,,,,,,,,,,,,,,,,,,,,,,,,,,,,,,,
1676060288.077628,1676060288.077956,104.000000,0.000000,4287.051270,4263.461426,4289.871582,4279.487305,4266.794922,4327.948730,4290.641113,4310.000000,4304.743652,4281.922852,4432.307617,4478.461426,4398.846191,4511.538574,3129.000000,4.000000,85.000000,,,,0.000000,4.000000,4.000000,4.000000,4.000000,4.000000,4.000000,4.000000,4.000000,4.000000,4.000000,4.000000,4.000000,4.000000,4.000000,100.000000,,,,,,,,,,,,,,,,,,,,,,,,,,,,,,,,,,,,,,,,,,,,,,,,,,,,,,,,,,,,,,,,,,,,,,,,,,,,,,,,,,,,,,
1676060288.085436,1676060288.085764,105.000000,0.000000,4292.563965,4268.461426,4285.128418,4283.205078,4266.282227,4333.205078,4297.820313,4308.333496,4306.025879,4283.717773,4431.282227,4476.538574,4399.487305,4505.641113,3248.000000,4.000000,85.000000,,,,0.000000,4.000000,4.000000,4.000000,4.000000,4.000000,4.000000,4.000000,4.000000,4.000000,4.000000,4.000000,4.000000,4.000000,4.000000,100.000000,,,,,,,,,,,,,,,,,,,,,,,,,,,,,,,,,,,,,,,,,,,,,,,,,,,,,,,,,,,,,,,,,,,,,,,,,,,,,,,,,,,,,,
1676060288.093244,1676060288.093473,106.000000,0.000000,4288.974121,4262.948730,4289.487305,4280.256348,4266.666504,4339.358887,4295.128418,4297.820313,4288.589844,4267.820313,4424.871582,4460.897461,4386.538574,4493.205078,2732.000000,4.000000,85.000000,,,,0.000000,4.000000,4.000000,4.000000,4.000000,4.000000,4.000000,4.000000,4.000000,4.000000,4.000000,4.000000,4.000000,4.000000,4.000000,100.000000,,,,,,,,,,,,,,,,,,,,,,,,,,,,,,,,,,,,,,,,,,,,,,,,,,,,,,,,,,,,,,,,,,,,,,,,,,,,,,,,,,,,,,
1676060288.101053,1676060288.101381,107.000000,0.000000,4290.256348,4268.846191,4299.615234,4282.820313,4268.205078,4339.871582,4291.282227,4292.820313,4277.051270,4253.077148,4426.025879,4464.871582,4384.871582,4487.820313,2924.000000,4.000000,85.000000,,,,0.000000,4.000000,4.000000,4.000000,4.000000,4.000000,4.000000,4.000000,4.000000,4.000000,4.000000,4.000000,4.000000,4.000000,4.000000,100.000000,,,,,,,,,,,,,,,,,,,,,,,,,,,,,,,,,,,,,,,,,,,,,,,,,,,,,,,,,,,,,,,,,,,,,,,,,,,,,,,,,,,,,,
1676060288.108861,1676060288.109190,108.000000,0.000000,4299.358887,4279.743652,4301.794922,4290.000000,4267.692383,4341.666504,4293.846191,4296.538574,4288.717773,4267.051270,4429.871582,4476.025879,4387.948730,4487.436035,3129.000000,4.000000,85.000000,,,,0.000000,4.000000,4.000000,4.000000,4.000000,4.000000,4.000000,4.000000,4.000000,4.000000,4.000000,4.000000,4.000000,4.000000,4.000000,100.000000,,,,,,,,,,,,,,,,,,,,,,,,,,,,,,,,,,,,,,,,,,,,,,,,,,,,,,,,,,,,,,,,,,,,,,,,,,,,,,,,,,,,,,
1676060288.116669,1676060288.117098,109.000000,0.000000,4311.538574,4286.538574,4310.128418,4301.153809,4277.179688,4348.846191,4300.000000,4310.641113,4305.128418,4290.897461,4443.589844,4483.717773,4396.666504,4494.358887,3248.000000,4.000000,85.000000,,,,0.000000,4.000000,4.000000,4.000000,4.000000,4.000000,4.000000,4.000000,4.000000,4.000000,4.000000,4.000000,4.000000,4.000000,4.000000,100.000000,,,,,,,,,,,,,,,,,,,,,,,,,,,,,,,,,,,,,,,,,,,,,,,,,,,,,,,,,,,,,,,,,,,,,,,,,,,,,,,,,,,,,,
1676060288.124478,1676060288.124907,110.000000,0.000000,4298.846191,4274.230957,4307.051270,4292.820313,4271.282227,4338.589844,4289.102539,4307.563965,4292.692383,4279.487305,4434.230957,4476.410156,4392.051270,4483.717773,2732.000000,4.000000,85.000000,,,,0.000000,4.000000,4.000000,4.000000,4.000000,4.000000,4.000000,4.000000,4.000000,4.000000,4.000000,4.000000,4.000000,4.000000,4.000000,100.000000,,,,,,,,,,,,,,,,,2.048249,4.691087,2.440421,2.041193,1.524309,30.070795,14.498486,2.073149,2.322121,1.523017,2.684833,6.576368,3.844264,1.694984,1.475789,6.124779,6.149764,2.032908,1.896421,1.482088,56.752705,20.577160,12.760982,6.820124,1.332007,0.968643,0.807735,1.007922,0.614996,0.678190,0.297661,2.602401,3.766157,1.182362,1.099164,1.163427,1.134609,3.328398,1.383662,1.265086,1.274173,1.315910,2.327957,1.461693,1.503591,1.421189,1.369858,2.652192,2.215570,1.427807,49.421280,8.585983,4.804358,3.014190,2.301933,5.864855,5.583871,5.286038,2.177333,2.235838,18.941877,4.965111,4.277782,2.590076,2.089669,7.191042,4.603005,4.878371,2.671481,1.986144
1676060288.132286,1676060288.132815,111.000000,0.000000,4272.307617,4255.128418,4282.563965,4265.641113,4247.563965,4322.051270,4269.871582,4282.692383,4268.846191,4250.384766,4402.179688,4451.794922,4367.820313,4455.641113,2924.000000,4.000000,85.000000,,,,0.000000,4.000000,4.000000,4.000000,4.000000,4.000000,4.000000,4.000000,4.000000,4.000000,4.000000,4.000000,4.000000,4.000000,4.000000,100.000000,,,,,,,,,,,,,,,,,,,,,,,,,,,,,,,,,,,,,,,,,,,,,,,,,,,,,,,,,,,,,,,,,,,,,,,,,,,,,,,,,,,,,,
1676060288.140094,1676060288.140623,112.000000,0.000000,4282.179688,4262.820313,4283.077148,4267.436035,4249.358887,4326.794922,4273.974121,4285.384766,4281.794922,4261.794922,4413.333496,4457.051270,4372.820313,4454.487305,3129.000000,4.000000,85.000000,,,,0.000000,4.000000,4.000000,4.000000,4.000000,4.000000,4.000000,4.000000,4.000000,4.000000,4.000000,4.000000,4.000000,4.000000,4.000000,100.000000,,,,,,,,,,,,,,,,,,,,,,,,,,,,,,,,,,,,,,,,,,,,,,,,,,,,,,,,,,,,,,,,,,,,,,,,,,,,,,,,,,,,,,
1676060288.147903,1676060288.148532,113.000000,0.000000,4312.179688,4287.051270,4312.948730,4296.666504,4270.128418,4342.948730,4298.461426,4315.769043,4310.512695,4294.102539,4456.025879,4496.282227,4408.205078,4483.077148,3248.000000,4.000000,85.000000,,,,0.000000,4.000000,4.000000,4.000000,4.000000,4.000000,4.000000,4.000000,4.000000,4.000000,4.000000,4.000000,4.000000,4.000000,4.000000,100.000000,,,,,,,,,,,,,,,,,,,,,,,,,,,,,,,,,,,,,,,,,,,,,,,,,,,,,,,,,,,,,,,,,,,,,,,,,,,,,,,,,,,,,,
1676060288.155711,1676060288.156340,114.000000,0.000000,4307.820313,4288.205078,4319.871582,4301.282227,4272.051270,4346.538574,4305.128418,4321.794922,4306.794922,4284.358887,4457.051270,4502.307617,4413.846191,4488.846191,2732.000000,4.000000,85.000000,,,,0.000000,4.000000,4.000000,4.000000,4.000000,4.000000,4.000000,4.000000,4.000000,4.000000,4.000000,4.000000,4.000000,4.000000,4.000000,100.000000,,,,,,,,,,,,,,,,,,,,,,,,,,,,,,,,,,,,,,,,,,,,,,,,,,,,,,,,,,,,,,,,,,,,,,,,,,,,,,,,,,,,,,
1676060288.163520,1676060288.164249,115.000000,0.000000,4282.820313,4267.436035,4296.922852,4277.820313,4258.717773,4341.025879,4287.563965,4305.128418,4282.820313,4255.384766,4424.871582,4466.153809,4379.615234,4455.641113,2924.000000,4.000000,85.000000,,,,0.000000,4.000000,4.000000,4.000000,4.000000,4.000000,4.000000,4.000000,4.000000,4.000000,4.000000,4.000000,4.000000,4.000000,4.000000,100.000000,,,,,,,,,,,,,,,,,,,,,,,,,,,,,,,,,,,,,,,,,,,,,,,,,,,,,,,,,,,,,,,,,,,,,,,,,,,,,,,,,,,,,,
1676060288.171328,1676060288.172057,116.000000,0.000000,4285.512695,4269.358887,4291.666504,4273.205078,4259.871582,4341.538574,4285.769043,4304.871582,4285.256348,4271.282227,4421.153809,4459.615234,4372.948730,4440.641113,3129.000000,4.000000,85.000000,,,,0.000000,4.000000,4.000000,4.000000,4.000000,4.000000,4.000000,4.000000,4.000000,4.000000,4.000000,4.000000,4.000000,4.000000,4.000000,100.000000,,,,,,,,,,,,,,,,,,,,,,,,,,,,,,,,,,,,,,,,,,,,,,,,,,,,,,,,,,,,,,,,,,,,,,,,,,,,,,,,,,,,,,
1676060288.179136,1676060288.179766,117.000000,0.000000,4299.615234,4284.102539,4305.384766,4284.487305,4268.974121,4345.000000,4297.692383,4315.256348,4301.922852,4297.820313,4434.230957,4479.230957,4394.743652,4451.282227,3248.000000,4.000000,85.000000,,,,0.000000,4.000000,4.000000,4.000000,4.000000,4.000000,4.000000,4.000000,4.000000,4.000000,4.000000,4.000000,4.000000,4.000000,4.000000,100.000000,,,,,,,,,,,,,,,,,,,,,,,,,,,,,,,,,,,,,,,,,,,,,,,,,,,,,,,,,,,,,,,,,,,,,,,,,,,,,,,,,,,,,,
1676060288.186945,1676060288.187574,118.000000,0.000000,4285.512695,4271.922852,4300.000000,4275.256348,4260.641113,4337.563965,4288.333496,4305.384766,4291.794922,4280.256348,4422.820313,4467.692383,4381.282227,4443.846191,2732.000000,4.000000,85.000000,,,,0.000000,4.000000,4.000000,4.000000,4.000000,4.000000,4.000000,4.000000,4.000000,4.000000,4.000000,4.000000,4.000000,4.000000,4.000000,100.000000,,,,,,,,,,,,,,,,,,,,,,,,,,,,,,,,,,,,,,,,,,,,,,,,,,,,,,,,,,,,,,,,,,,,,,,,,,,,,,,,,,,,,,
1676060288.194753,1676060288.195283,119.000000,0.000000,4261.666504,4253.205078,4279.615234,4257.051270,4245.897461,4330.256348,4269.743652,4281.922852,4271.666504,4250.641113,4396.410156,4437.307617,4350.641113,4418.461426,2924.000000,4.000000,85.000000,,,,0.000000,4.000000,4.000000,4.000000,4.000000,4.000000,4.000000,4.000000,4.000000,4.000000,4.000000,4.000000,4.000000,4.000000,4.000000,100.000000,,,,,,,,,,,,,,,,,,,,,,,,,,,,,,,,,,,,,,,,,,,,,,,,,,,,,,,,,,,,,,,,,,,,,,,,,,,,,,,,,,,,,,
1676060288.202562,1676060288.203091,120.000000,0.000000,4273.717773,4268.461426,4288.974121,4268.205078,4256.538574,4343.717773,4277.436035,4282.307617,4282.563965,4260.641113,4399.487305,4447.948730,4365.256348,4419.487305,3129.000000,4.000000,85.000000,,,,0.000000,4.000000,4.000000,4.000000,4.000000,4.000000,4.000000,4.000000,4.000000,4.000000,4.000000,4.000000,4.000000,4.000000,4.000000,100.000000,,,,,,,,,,,,,,,,,,,,,,,,,,,,,,,,,,,,,,,,,,,,,,,,,,,,,,,,,,,,,,,,,,,,,,,,,,,,,,,,,,,,,,
1676060288.210370,1676060288.210800,121.000000,0.000000,4299.743652,4285.256348,4309.487305,4285.897461,4270.769043,4343.846191,4284.102539,4297.948730,4301.794922,4278.205078,4424.615234,4479.102539,4391.282227,4441.666504,3248.000000,4.000000,85.000000,,,,0.000000,4.000000,4.000000,4.000000,4.000000,4.000000,4.000000,4.000000,4.000000,4.000000,4.000000,4.000000,4.000000,4.000000,4.000000,100.000000,,,,,,,,,,,,,,,,,,,,,,,,,,,,,,,,,,,,,,,,,,,,,,,,,,,,,,,,,,,,,,,,,,,,,,,,,,,,,,,,,,,,,,
1676060288.218178,1676060288.218608,122.000000,0.000000,4293.077148,4269.871582,4300.256348,4278.461426,4258.974121,4323.974121,4272.051270,4294.615234,4292.051270,4267.179688,4423.717773,4470.641113,4378.205078,4442.179688,2732.000000,4.000000,85.000000,,,,0.000000,4.000000,4.000000,4.000000,4.000000,4.000000,4.000000,4.000000,4.000000,4.000000,4.000000,4.000000,4.000000,4.000000,4.000000,100.000000,,,,,,,,,,,,,,,,,,,,,,,,,,,,,,,,,,,,,,,,,,,,,,,,,,,,,,,,,,,,,,,,,,,,,,,,,,,,,,,,,,,,,,
1676060288.225987,1676060288.226317,123.000000,0.000000,4287.307617,4273.461426,4300.897461,4277.051270,4263.205078,4331.025879,4282.307617,4299.102539,4292.307617,4268.717773,4423.461426,4463.205078,4380.641113,4441.410156,2924.000000,4.000000,85.000000,,,,0.000000,4.000000,4.000000,4.000000,4.000000,4.000000,4.000000,4.000000,4.000000,4.000000,4.000000,4.000000,4.000000,4.000000,4.000000,100.000000,,,,,,,,,,,,,,,,,,,,,,,,,,,,,,,,,,,,,,,,,,,,,,,,,,,,,,,,,,,,,,,,,,,,,,,,,,,,,,,,,,,,,,
1676060288.233795,1676060288.234125,124.000000,0.000000,4301.666504,4292.307617,4317.563965,4287.820313,4281.282227,4348.077148,4303.589844,4318.589844,4311.538574,4284.615234,4440.897461,4482.179688,4404.102539,4448.333496,3129.000000,4.000000,85.000000,,,,0.000000,4.000000,4.000000,4.000000,4.000000,4.000000,4.000000,4.000000,4.000000,4.000000,4.000000,4.000000,4.000000,4.000000,4.000000,100.000000,,,,,,,,,,,,,,,,,,,,,,,,,,,,,,,,,,,,,,,,,,,,,,,,,,,,,,,,,,,,,,,,,,,,,,,,,,,,,,,,,,,,,,
1676060288.241603,1676060288.241833,125.000000,0.000000,4298.846191,4275.128418,4306.666504,4280.897461,4272.307617,4338.717773,4297.948730,4315.769043,4305.000000,4274.743652,4435.000000,4477.051270,4393.974121,4437.436035,3248.000000,4.000000,85.000000,,,,0.000000,4.000000,4.000000,4.000000,4.000000,4.000000,4.000000,4.000000,4.000000,4.000000,4.000000,4.000000,4.000000,4.000000,4.000000,100.000000,,,,,,,,,,,,,,,,,,,,,,,,,,,,,,,,,,,,,,,,,,,,,,,,,,,,,,,,,,,,,,,,,,,,,,,,,,,,,,,,,,,,,,
1676060288.249412,1676060288.249642,126.000000,0.000000,4286.153809,4263.846191,4299.230957,4276.153809,4268.205078,4335.384766,4291.282227,4311.282227,4297.563965,4270.641113,4423.333496,4466.410156,4383.333496,4433.717773,2732.000000,4.000000,85.000000,,,,0.000000,4.000000,4.000000,4.000000,4.000000,4.000000,4.000000,4.000000,4.000000,4.000000,4.000000,4.000000,4.000000,4.000000,4.000000,100.000000,,,,,,,,,,,,,,,,,2.090563,5.199864,2.598677,1.989132,1.482084,32.681168,14.646926,2.229573,2.162876,1.516154,2.463003,7.012241,3.765267,1.651894,1.409313,5.962990,6.335147,2.174981,1.799891,1.434132,80.805672,28.512907,17.899775,9.340824,1.591158,0.960065,0.892099,0.954876,0.667289,0.669530,0.267713,2.545747,3.453260,1.222186,1.116342,1.166356,1.039255,3.145499,1.374438,1.240382,1.324057,1.128332,2.212024,1.365915,1.522334,1.523766,1.399778,2.648696,2.180812,1.475452,51.198490,8.315289,4.163181,3.009807,2.281657,7.258918,6.229509,5.035321,2.234627,2.157234,21.393143,5.734087,3.959291,2.766092,1.957597,8.373320,5.312263,4.707010,2.847505,1.874631
1676060288.257220,1676060288.257350,127.000000,0.000000,4294.358887,4287.563965,4316.538574,4290.512695,4283.717773,4345.128418,4307.948730,4326.410156,4314.743652,4296.410156,4438.333496,4481.538574,4397.436035,4449.487305,85.000000,4.000000,85.000000,,,,0.000000,4.000000,4.000000,4.000000,4.000000,4.000000,4.000000,4.000000,4.000000,4.000000,4.000000,4.000000,4.000000,4.000000,4.000000,100.000000,,,,,,,,,,,,,,,,,,,,,,,,,,,,,,,,,,,,,,,,,,,,,,,,,,,,,,,,,,,,,,,,,,,,,,,,,,,,,,,,,,,,,,
1676060288.265029,1676060288.265259,0.000000,0.000000,4311.282227,4297.307617,4323.333496,4296.153809,4287.307617,4339.871582,4317.179688,4330.000000,4320.128418,4306.025879,4451.153809,4491.410156,4407.436035,4457.179688,2528.000000,4.000000,85.000000,,,,0.000000,4.000000,4.000000,4.000000,4.000000,4.000000,4.000000,4.000000,4.000000,4.000000,4.000000,4.000000,4.000000,4.000000,4.000000,100.000000,,,,,,,,,,,,,,,,,,,,,,,,,,,,,,,,,,,,,,,,,,,,,,,,,,,,,,,,,,,,,,,,,,,,,,,,,,,,,,,,,,,,,,
1676060288.272837,1676060288.273067,1.000000,0.000000,4306.794922,4281.538574,4310.384766,4285.256348,4274.615234,4327.307617,4301.410156,4316.282227,4301.538574,4285.641113,4438.077148,4477.051270,4401.794922,4443.717773,2489.000000,4.000000,85.000000,,,,0.000000,4.000000,4.000000,4.000000,4.000000,4.000000,4.000000,4.000000,4.000000,4.000000,4.000000,4.000000,4.000000,4.000000,4.000000,100.000000,,,,,,,,,,,,,,,,,,,,,,,,,,,,,,,,,,,,,,,,,,,,,,,,,,,,,,,,,,,,,,,,,,,,,,,,,,,,,,,,,,,,,,
1676060288.280645,1676060288.280976,2.000000,0.000000,4284.615234,4266.794922,4293.717773,4273.846191,4263.205078,4315.256348,4282.307617,4298.077148,4283.974121,4265.897461,4412.179688,4452.436035,4380.384766,4418.974121,2404.000000,4.000000,85.000000,,,,0.000000,4.000000,4.000000,4.000000,4.000000,4.000000,4.000000,4.000000,4.000000,4.000000,4.000000,4.000000,4.000000,4.000000,4.000000,100.000000,,,,,,,,,,,,,,,,,,,,,,,,,,,,,,,,,,,,,,,,,,,,,,,,,,,,,,,,,,,,,,,,,,,,,,,,,,,,,,,,,,,,,,
1676060288.288454,1676060288.288784,3.000000,0.000000,4280.769043,4276.025879,4296.538574,4280.512695,4265.384766,4312.179688,4287.948730,4294.743652,4285.641113,4265.000000,4409.230957,4449.230957,4371.025879,4412.179688,2483.000000,4.000000,85.000000,,,,0.000000,4.000000,4.000000,4.000000,4.000000,4.000000,4.000000,4.000000,4.000000,4.000000,4.000000,4.000000,4.000000,4.000000,4.000000,100.000000,,,,,,,,,,,,,,,,,,,,,,,,,,,,,,,,,,,,,,,,,,,,,,,,,,,,,,,,,,,,,,,,,,,,,,,,,,,,,,,,,,,,,,
1676060288.296262,1676060288.296692,4.000000,0.000000,4301.025879,4298.589844,4316.922852,4299.743652,4275.641113,4318.333496,4300.512695,4306.025879,4293.589844,4269.230957,4426.666504,4471.153809,4389.487305,4428.461426,2443.000000,4.000000,85.000000,,,,0.000000,4.000000,4.000000,4.000000,4.000000,4.000000,4.000000,4.000000,4.000000,4.000000,4.000000,4.000000,4.000000,4.000000,4.000000,100.000000,,,,,,,,,,,,,,,,,,,,,,,,,,,,,,,,,,,,,,,,,,,,,,,,,,,,,,,,,,,,,,,,,,,,,,,,,,,,,,,,,,,,,,
1676060288.304071,1676060288.304501,5.000000,0.000000,4303.205078,4287.179688,4312.051270,4299.230957,4268.974121,4310.000000,4286.794922,4298.077148,4283.461426,4255.769043,4415.641113,4470.128418,4385.256348,4423.205078,2378.000000,4.000000,85.000000,,,,0.000000,4.000000,4.000000,4.000000,4.000000,4.000000,4.000000,4.000000,4.000000,4.000000,4.000000,4.000000,4.000000,4.000000,4.000000,100.000000,,,,,,,,,,,,,,,,,,,,,,,,,,,,,,,,,,,,,,,,,,,,,,,,,,,,,,,,,,,,,,,,,,,,,,,,,,,,,,,,,,,,,,
1676060288.311879,1676060288.312409,6.000000,0.000000,4285.512695,4261.794922,4295.512695,4292.307617,4256.666504,4302.179688,4280.128418,4287.179688,4274.871582,4256.538574,4396.794922,4455.384766,4362.820313,4404.743652,2241.000000,4.000000,85.000000,,,,0.000000,4.000000,4.000000,4.000000,4.000000,4.000000,4.000000,4.000000,4.000000,4.000000,4.000000,4.000000,4.000000,4.000000,4.000000,100.000000,,,,,,,,,,,,,,,,,,,,,,,,,,,,,,,,,,,,,,,,,,,,,,,,,,,,,,,,,,,,,,,,,,,,,,,,,,,,,,,,,,,,,,
1676060288.319687,1676060288.320218,7.000000,0.000000,4289.230957,4278.205078,4307.692383,4311.538574,4273.461426,4315.256348,4300.256348,4309.743652,4295.641113,4283.974121,4420.000000,4484.230957,4380.641113,4421.794922,2224.000000,4.000000,85.000000,,,,0.000000,4.000000,4.000000,4.000000,4.000000,4.000000,4.000000,4.000000,4.000000,4.000000,4.000000,4.000000,4.000000,4.000000,4.000000,100.000000,,,,,,,,,,,,,,,,,,,,,,,,,,,,,,,,,,,,,,,,,,,,,,,,,,,,,,,,,,,,,,,,,,,,,,,,,,,,,,,,,,,,,,
1676060288.327496,1676060288.328126,8.000000,0.000000,4300.128418,4297.051270,4320.641113,4328.333496,4283.846191,4318.205078,4307.436035,4329.615234,4314.743652,4290.897461,4442.948730,4515.384766,4407.436035,4440.512695,2286.000000,4.000000,85.000000,,,,0.000000,4.000000,4.000000,4.000000,4.000000,4.000000,4.000000,4.000000,4.000000,4.000000,4.000000,4.000000,4.000000,4.000000,4.000000,100.000000,,,,,,,,,,,,,,,,,,,,,,,,,,,,,,,,,,,,,,,,,,,,,,,,,,,,,,,,,,,,,,,,,,,,,,,,,,,,,,,,,,,,,,
1676060288.335304,1676060288.335934,9.000000,0.000000,4295.512695,4283.205078,4307.948730,4318.974121,4267.948730,4307.692383,4295.384766,4319.871582,4311.282227,4279.743652,4430.512695,4501.922852,4397.179688,4425.256348,2254.000000,4.000000,85.000000,,,,0.000000,4.000000,4.000000,4.000000,4.000000,4.000000,4.000000,4.000000,4.000000,4.000000,4.000000,4.000000,4.000000,4.000000,4.000000,100.000000,,,,,,,,,,,,,,,,,,,,,,,,,,,,,,,,,,,,,,,,,,,,,,,,,,,,,,,,,,,,,,,,,,,,,,,,,,,,,,,,,,,,,,
1676060288.343113,1676060288.343843,10.000000,0.000000,4289.230957,4269.487305,4291.922852,4310.897461,4260.384766,4308.846191,4289.358887,4313.846191,4299.743652,4273.333496,4414.230957,4483.589844,4371.666504,4406.025879,2742.000000,4.000000,85.000000,,,,0.000000,4.000000,4.000000,4.000000,4.000000,4.000000,4.000000,4.000000,4.000000,4.000000,4.000000,4.000000,4.000000,4.000000,4.000000,100.000000,,,,,,,,,,,,,,,,,,,,,,,,,,,,,,,,,,,,,,,,,,,,,,,,,,,,,,,,,,,,,,,,,,,,,,,,,,,,,,,,,,,,,,
1676060288.350921,1676060288.351651,11.000000,0.000000,4276.922852,4260.512695,4283.077148,4308.077148,4258.589844,4310.897461,4283.589844,4310.256348,4283.077148,4258.717773,4405.769043,4477.948730,4360.512695,4399.230957,2929.000000,4.000000,85.000000,,,,0.000000,4.000000,4.000000,4.000000,4.000000,4.000000,4.000000,4.000000,4.000000,4.000000,4.000000,4.000000,4.000000,4.000000,4.000000,100.000000,,,,,,,,,,,,,,,,,,,,,,,,,,,,,,,,,,,,,,,,,,,,,,,,,,,,,,,,,,,,,,,,,,,,,,,,,,,,,,,,,,,,,,
1676060288.358729,1676060288.359560,12.000000,0.000000,4272.563965,4266.153809,4288.333496,4308.717773,4260.641113,4314.871582,4287.436035,4307.692383,4284.743652,4260.769043,4415.769043,4488.846191,4378.846191,4409.230957,3144.000000,4.000000,85.000000,,,,0.000000,4.000000,4.000000,4.000000,4.000000,4.000000,4.000000,4.000000,4.000000,4.000000,4.000000,4.000000,4.000000,4.000000,4.000000,100.000000,,,,,,,,,,,,,,,,,,,,,,,,,,,,,,,,,,,,,,,,,,,,,,,,,,,,,,,,,,,,,,,,,,,,,,,,,,,,,,,,,,,,,,
1676060288.366538,1676060288.367368,13.000000,0.000000,4295.769043,4291.153809,4310.000000,4326.538574,4273.846191,4329.743652,4306.794922,4323.846191,4309.358887,4287.307617,4443.077148,4516.538574,4405.512695,4431.025879,3243.000000,4.000000,85.000000,,,,0.000000,4.000000,4.000000,4.000000,4.000000,4.000000,4.000000,4.000000,4.000000,4.000000,4.000000,4.000000,4.000000,4.000000,4.000000,100.000000,,,,,,,,,,,,,,,,,,,,,,,,,,,,,,,,,,,,,,,,,,,,,,,,,,,,,,,,,,,,,,,,,,,,,,,,,,,,,,,,,,,,,,
1676060288.374346,1676060288.375077,14.000000,0.000000,4311.538574,4288.846191,4316.410156,4334.358887,4276.410156,4330.897461,4307.692383,4326.794922,4308.205078,4279.358887,4442.179688,4520.512695,4398.461426,4438.205078,2742.000000,4.000000,85.000000,,,,0.000000,4.000000,4.000000,4.000000,4.000000,4.000000,4.000000,4.000000,4.000000,4.000000,4.000000,4.000000,4.000000,4.000000,4.000000,100.000000,1.000000,41.666668,4.000000,4.000000,3.000000,4.000000,1.000000,4.000000,3.000000,4.000000,4.000000,4.000000,3.000000,1.000000,3.000000,3.000000,2.033273,5.633553,2.613473,1.906458,1.419624,32.175888,13.313425,2.331223,1.965182,1.480652,2.103390,7.139127,3.418303,1.550054,1.330336,5.702284,6.155411,2.218128,1.664055,1.359627,97.229851,33.612705,21.377741,10.969523,1.765064,0.919910,0.950391,0.868875,0.736310,0.647200,0.300695,2.338948,2.940944,1.204730,1.117931,1.232973,0.994139,2.762754,1.275904,1.199646,1.338453,1.012727,1.937440,1.201165,1.483089,1.596370,1.539727,2.501775,2.085535,1.488909,47.024986,7.740979,3.401466,2.920764,2.247706,8.309891,6.789619,4.453280,2.180359,2.087976,21.675386,6.381308,3.276958,2.831917,1.850405,8.990266,6.369066,4.183267,2.946843,1.776810
1676060288.382154,1676060288.382885,15.000000,0.000000,4296.922852,4265.769043,4298.846191,4315.897461,4260.384766,4315.641113,4288.589844,4303.717773,4281.153809,4245.512695,4417.307617,4495.512695,4378.077148,4424.230957,2929.000000,4.000000,85.000000,,,,0.000000,4.000000,4.000000,4.000000,4.000000,4.000000,4.000000,4.000000,4.000000,4.000000,4.000000,4.000000,4.000000,4.000000,4.000000,100.000000,,,,,,,,,,,,,,,,,,,,,,,,,,,,,,,,,,,,,,,,,,,,,,,,,,,,,,,,,,,,,,,,,,,,,,,,,,,,,,,,,,,,,,
1676060288.389963,1676060288.390594,16.000000,0.000000,4287.179688,4267.563965,4293.205078,4308.333496,4258.717773,4316.538574,4281.794922,4294.743652,4275.897461,4249.615234,4413.589844,4490.128418,4380.641113,4417.692383,0.000000,4.000000,85.000000,,,,0.000000,4.000000,4.000000,4.000000,4.000000,4.000000,4.000000,4.000000,4.000000,4.000000,4.000000,4.000000,4.000000,4.000000,4.000000,100.000000,,,,,,,,,,,,,,,,,,,,,,,,,,,,,,,,,,,,,,,,,,,,,,,,,,,,,,,,,,,,,,,,,,,,,,,,,,,,,,,,,,,,,,
1676060288.397771,1676060288.398402,17.000000,0.000000,4310.769043,4290.256348,4320.000000,4329.230957,4278.589844,4332.436035,4297.307617,4316.538574,4299.358887,4286.025879,4437.563965,4518.846191,4399.102539,4444.743652,0.000000,4.000000,85.000000,,,,0.000000,4.000000,4.000000,4.000000,4.000000,4.000000,4.000000,4.000000,4.000000,4.000000,4.000000,4.000000,4.000000,4.000000,4.000000,100.000000,,,,,,,,,,,,,,,,,,,,,,,,,,,,,,,,,,,,,,,,,,,,,,,,,,,,,,,,,,,,,,,,,,,,,,,,,,,,,,,,,,,,,,
1676060288.405579,1676060288.406111,18.000000,0.000000,4325.897461,4296.922852,4335.256348,4337.563965,4281.153809,4337.179688,4308.461426,4334.102539,4313.333496,4298.461426,4453.589844,4534.230957,4411.282227,4468.077148,0.000000,4.000000,85.000000,,,,0.000000,4.000000,4.000000,4.000000,4.000000,4.000000,4.000000,4.000000,4.000000,4.000000,4.000000,4.000000,4.000000,4.000000,4.000000,100.000000,,,,,,,,,,,,,,,,,,,,,,,,,,,,,,,,,,,,,,,,,,,,,,,,,,,,,,,,,,,,,,,,,,,,,,,,,,,,,,,,,,,,,,
1676060288.413388,1676060288.414019,19.000000,0.000000,4301.153809,4276.922852,4308.333496,4314.358887,4263.846191,4330.384766,4297.692383,4319.487305,4296.025879,4272.307617,4433.077148,4509.487305,4392.820313,4442.307617,0.000000,4.000000,85.000000,,,,0.000000,4.000000,4.000000,4.000000,4.000000,4.000000,4.000000,4.000000,4.000000,4.000000,4.000000,4.000000,4.000000,4.000000,4.000000,100.000000,,,,,,,,,,,,,,,,,,,,,,,,,,,,,,,,,,,,,,,,,,,,,,,,,,,,,,,,,,,,,,,,,,,,,,,,,,,,,,,,,,,,,,
1676060288.421196,1676060288.421827,20.000000,0.000000,4290.128418,4273.461426,4291.025879,4307.436035,4264.615234,4334.230957,4292.051270,4305.512695,4278.205078,4256.282227,4413.974121,4492.948730,4373.717773,4421.922852,0.000000,4.000000,85.000000,,,,0.000000,4.000000,4.000000,4.000000,4.000000,4.000000,4.000000,4.000000,4.000000,4.000000,4.000000,4.000000,4.000000,4.000000,4.000000,100.000000,,,,,,,,,,,,,,,,,,,,,,,,,,,,,,,,,,,,,,,,,,,,,,,,,,,,,,,,,,,,,,,,,,,,,,,,,,,,,,,,,,,,,,
1676060288.429005,1676060288.429636,21.000000,0.000000,4306.282227,4294.871582,4298.333496,4323.205078,4275.897461,4337.307617,4295.512695,4313.846191,4280.897461,4261.025879,4423.077148,4504.102539,4382.692383,4438.589844,0.000000,4.000000,85.000000,,,,0.000000,4.000000,4.000000,4.000000,4.000000,4.000000,4.000000,4.000000,4.000000,4.000000,4.000000,4.000000,4.000000,4.000000,4.000000,100.000000,,,,,,,,,,,,,,,,,,,,,,,,,,,,,,,,,,,,,,,,,,,,,,,,,,,,,,,,,,,,,,,,,,,,,,,,,,,,,,,,,,,,,,
1676060288.436813,1676060288.437344,22.000000,0.000000,4303.846191,4301.538574,4298.589844,4322.820313,4272.436035,4330.128418,4290.384766,4318.077148,4286.025879,4262.436035,4428.205078,4505.000000,4387.307617,4438.077148,0.000000,4.000000,85.000000,,,,0.000000,4.000000,4.000000,4.000000,4.000000,4.000000,4.000000,4.000000,4.000000,4.000000,4.000000,4.000000,4.000000,4.000000,4.000000,100.000000,,,,,,,,,,,,,,,,,,,,,,,,,,,,,,,,,,,,,,,,,,,,,,,,,,,,,,,,,,,,,,,,,,,,,,,,,,,,,,,,,,,,,,
1676060288.444621,1676060288.445153,23.000000,0.000000,4304.230957,4313.333496,4309.871582,4329.615234,4276.282227,4341.025879,4297.179688,4322.436035,4297.051270,4274.487305,4429.743652,4505.256348,4381.025879,4433.717773,0.000000,4.000000,85.000000,,,,0.000000,4.000000,4.000000,4.000000,4.000000,4.000000,4.000000,4.000000,4.000000,4.000000,4.000000,4.000000,4.000000,4.000000,4.000000,100.000000,,,,,,,,,,,,,,,,,,,,,,,,,,,,,,,,,,,,,,,,,,,,,,,,,,,,,,,,,,,,,,,,,,,,,,,,,,,,,,,,,,,,,,
1676060288.452430,1676060288.452861,24.000000,0.000000,4319.230957,4349.358887,4325.256348,4353.077148,4289.102539,4352.051270,4312.051270,4338.461426,4311.666504,4284.230957,4430.641113,4515.128418,4369.487305,4443.717773,0.000000,4.000000,85.000000,,,,0.000000,4.000000,4.000000,4.000000,4.000000,4.000000,4.000000,4.000000,4.000000,4.000000,4.000000,4.000000,4.000000,4.000000,4.000000,100.000000,,,,,,,,,,,,,,,,,,,,,,,,,,,,,,,,,,,,,,,,,,,,,,,,,,,,,,,,,,,,,,,,,,,,,,,,,,,,,,,,,,,,,,
1676060288.460238,1676060288.460670,25.000000,0.000000,4307.436035,4374.871582,4309.230957,4355.256348,4278.974121,4337.051270,4298.333496,4336.666504,4298.333496,4257.436035,4396.538574,4496.538574,4335.897461,4424.102539,0.000000,4.000000,85.000000,,,,0.000000,4.000000,4.000000,4.000000,4.000000,4.000000,4.000000,4.000000,4.000000,4.000000,4.000000,4.000000,4.000000,4.000000,4.000000,100.000000,,,,,,,,,,,,,,,,,,,,,,,,,,,,,,,,,,,,,,,,,,,,,,,,,,,,,,,,,,,,,,,,,,,,,,,,,,,,,,,,,,,,,,
1676060288.468047,1676060288.468378,26.000000,0.000000,4296.794922,4404.230957,4299.102539,4359.230957,4275.128418,4332.179688,4284.871582,4322.436035,4278.717773,4240.000000,4360.769043,4478.077148,4298.333496,4396.794922,0.000000,4.000000,85.000000,,,,0.000000,4.000000,4.000000,4.000000,4.000000,4.000000,4.000000,4.000000,4.000000,4.000000,4.000000,4.000000,4.000000,4.000000,4.000000,100.000000,,,,,,,,,,,,,,,,,,,,,,,,,,,,,,,,,,,,,,,,,,,,,,,,,,,,,,,,,,,,,,,,,,,,,,,,,,,,,,,,,,,,,,
1676060288.475855,1676060288.476287,27.000000,0.000000,4312.948730,4457.179688,4318.461426,4386.794922,4292.948730,4344.102539,4294.230957,4323.077148,4281.282227,4260.641113,4360.384766,4488.333496,4281.666504,4399.871582,0.000000,4.000000,85.000000,,,,0.000000,4.000000,4.000000,4.000000,4.000000,4.000000,4.000000,4.000000,4.000000,4.000000,4.000000,4.000000,4.000000,4.000000,4.000000,100.000000,,,,,,,,,,,,,,,,,,,,,,,,,,,,,,,,,,,,,,,,,,,,,,,,,,,,,,,,,,,,,,,,,,,,,,,,,,,,,,,,,,,,,,
1676060288.483663,1676060288.484095,28.000000,0.000000,4310.000000,4489.487305,4318.461426,4393.461426,4292.179688,4337.307617,4289.871582,4320.128418,4275.897461,4257.820313,4345.000000,4475.128418,4255.384766,4393.589844,0.000000,4.000000,85.000000,,,,0.000000,4.000000,4.000000,4.000000,4.000000,4.000000,4.000000,4.000000,4.000000,4.000000,4.000000,4.000000,4.000000,4.000000,4.000000,100.000000,,,,,,,,,,,,,,,,,,,,,,,,,,,,,,,,,,,,,,,,,,,,,,,,,,,,,,,,,,,,,,,,,,,,,,,,,,,,,,,,,,,,,,
1676060288.491472,1676060288.492003,29.000000,0.000000,4289.102539,4497.179688,4300.512695,4384.743652,4280.000000,4327.307617,4277.179688,4306.666504,4258.846191,4228.333496,4304.743652,4444.358887,4217.179688,4363.717773,0.000000,4.000000,85.000000,,,,0.000000,4.000000,4.000000,4.000000,4.000000,4.000000,4.000000,4.000000,4.000000,4.000000,4.000000,4.000000,4.000000,4.000000,4.000000,100.000000,,,,,,,,,,,,,,,,,,,,,,,,,,,,,,,,,,,,,,,,,,,,,,,,,,,,,,,,,,,,,,,,,,,,,,,,,,,,,,,,,,,,,,
1676060288.499280,1676060288.499812,30.000000,0.000000,4293.974121,4527.307617,4307.692383,4403.974121,4290.512695,4343.461426,4288.077148,4305.897461,4260.512695,4229.230957,4300.512695,4443.974121,4206.282227,4356.794922,0.000000,4.000000,85.000000,,,,0.000000,4.000000,4.000000,4.000000,4.000000,4.000000,4.000000,4.000000,4.000000,4.000000,4.000000,4.000000,4.000000,4.000000,4.000000,100.000000,,,,,,,,,,,,,,,,,1.906686,5.684813,2.444048,1.843438,1.345443,28.382864,10.765563,2.274544,1.777819,1.415266,1.723353,6.732472,2.865766,1.418761,1.233413,5.336595,5.566533,2.113436,1.523612,1.257799,100.389671,34.059124,21.923439,11.133536,1.780663,0.875170,0.983138,0.763212,0.821203,0.611591,0.374149,2.023876,2.356930,1.155607,1.093057,1.332886,1.104686,2.276796,1.132543,1.133178,1.301971,1.063693,1.575666,1.027829,1.384127,1.622238,1.736327,2.222985,1.936115,1.460256,37.964199,6.957408,2.608496,2.768993,2.181157,8.687084,6.973563,3.670324,2.051978,2.014577,19.488464,6.620153,2.422591,2.785234,1.763414,9.299389,7.551721,3.518195,3.037438,1.688235
1676060288.507089,1676060288.507720,31.000000,0.000000,4303.077148,4563.077148,4321.282227,4424.230957,4307.436035,4356.025879,4304.102539,4313.205078,4268.589844,4237.307617,4317.436035,4454.230957,4207.948730,4368.974121,0.000000,4.000000,85.000000,,,,0.000000,4.000000,4.000000,4.000000,4.000000,4.000000,4.000000,4.000000,4.000000,4.000000,4.000000,4.000000,4.000000,4.000000,4.000000,100.000000,,,,,,,,,,,,,,,,,,,,,,,,,,,,,,,,,,,,,,,,,,,,,,,,,,,,,,,,,,,,,,,,,,,,,,,,,,,,,,,,,,,,,,
1676060288.514897,1676060288.515529,32.000000,0.000000,4288.333496,4561.153809,4314.487305,4412.307617,4302.692383,4351.538574,4302.436035,4314.230957,4266.025879,4219.743652,4306.153809,4443.717773,4193.333496,4359.487305,0.000000,4.000000,85.000000,,,,0.000000,4.000000,4.000000,4.000000,4.000000,4.000000,4.000000,4.000000,4.000000,4.000000,4.000000,4.000000,4.000000,4.000000,4.000000,100.000000,,,,,,,,,,,,,,,,,,,,,,,,,,,,,,,,,,,,,,,,,,,,,,,,,,,,,,,,,,,,,,,,,,,,,,,,,,,,,,,,,,,,,,
1676060288.522705,1676060288.523437,33.000000,0.000000,4273.846191,4537.820313,4300.128418,4391.666504,4289.230957,4347.436035,4295.256348,4307.692383,4257.436035,4209.615234,4283.461426,4427.436035,4175.384766,4338.077148,0.000000,4.000000,85.000000,,,,0.000000,4.000000,4.000000,4.000000,4.000000,4.000000,4.000000,4.000000,4.000000,4.000000,4.000000,4.000000,4.000000,4.000000,4.000000,100.000000,,,,,,,,,,,,,,,,,,,,,,,,,,,,,,,,,,,,,,,,,,,,,,,,,,,,,,,,,,,,,,,,,,,,,,,,,,,,,,,,,,,,,,
1676060288.530514,1676060288.531246,34.000000,0.000000,4282.436035,4528.846191,4304.743652,4391.666504,4292.948730,4350.897461,4298.205078,4307.436035,4257.563965,4228.717773,4292.307617,4436.025879,4185.000000,4353.461426,0.000000,4.000000,85.000000,,,,0.000000,4.000000,4.000000,4.000000,4.000000,4.000000,4.000000,4.000000,4.000000,4.000000,4.000000,4.000000,4.000000,4.000000,4.000000,100.000000,,,,,,,,,,,,,,,,,,,,,,,,,,,,,,,,,,,,,,,,,,,,,,,,,,,,,,,,,,,,,,,,,,,,,,,,,,,,,,,,,,,,,,
1676060288.538322,1676060288.539154,35.000000,0.000000,4298.717773,4535.384766,4324.102539,4405.769043,4307.692383,4355.641113,4307.948730,4321.794922,4278.846191,4255.897461,4325.384766,4463.846191,4217.179688,4391.538574,0.000000,4.000000,85.000000,,,,0.000000,4.000000,4.000000,4.000000,4.000000,4.000000,4.000000,4.000000,4.000000,4.000000,4.000000,4.000000,4.000000,4.000000,4.000000,100.000000,,,,,,,,,,,,,,,,,,,,,,,,,,,,,,,,,,,,,,,,,,,,,,,,,,,,,,,,,,,,,,,,,,,,,,,,,,,,,,,,,,,,,,
1676060288.546131,1676060288.546962,36.000000,0.000000,4283.205078,4517.051270,4308.077148,4392.563965,4303.846191,4344.871582,4294.871582,4313.846191,4280.897461,4250.000000,4317.692383,4448.589844,4217.820313,4373.846191,0.000000,4.000000,85.000000,,,,0.000000,4.000000,4.000000,4.000000,4.000000,4.000000,4.000000,4.000000,4.000000,4.000000,4.000000,4.000000,4.000000,4.000000,4.000000,100.000000,,,,,,,,,,,,,,,,,,,,,,,,,,,,,,,,,,,,,,,,,,,,,,,,,,,,,,,,,,,,,,,,,,,,,,,,,,,,,,,,,,,,,,
1676060288.553939,1676060288.554871,37.000000,0.000000,4262.563965,4488.205078,4277.692383,4366.666504,4288.717773,4335.512695,4273.717773,4288.205078,4259.102539,4228.974121,4285.512695,4410.641113,4191.282227,4335.641113,0.000000,4.000000,85.000000,,,,0.000000,4.000000,4.000000,4.000000,4.000000,4.000000,4.000000,4.000000,4.000000,4.000000,4.000000,4.000000,4.000000,4.000000,4.000000,100.000000,,,,,,,,,,,,,,,,,,,,,,,,,,,,,,,,,,,,,,,,,,,,,,,,,,,,,,,,,,,,,,,,,,,,,,,,,,,,,,,,,,,,,,
1676060288.561747,1676060288.562679,38.000000,0.000000,4276.794922,4488.717773,4290.897461,4376.922852,4294.743652,4345.384766,4283.717773,4297.948730,4267.179688,4235.384766,4300.512695,4429.102539,4196.666504,4352.179688,0.000000,4.000000,85.000000,,,,0.000000,4.000000,4.000000,4.000000,4.000000,4.000000,4.000000,4.000000,4.000000,4.000000,4.000000,4.000000,4.000000,4.000000,4.000000,100.000000,,,,,,,,,,,,,,,,,,,,,,,,,,,,,,,,,,,,,,,,,,,,,,,,,,,,,,,,,,,,,,,,,,,,,,,,,,,,,,,,,,,,,,
1676060288.569556,1676060288.570388,39.000000,0.000000,4299.230957,4500.769043,4318.077148,4400.897461,4310.384766,4354.102539,4301.922852,4323.461426,4292.307617,4247.436035,4336.282227,4467.692383,4227.692383,4385.128418,0.000000,4.000000,85.000000,,,,0.000000,4.000000,4.000000,4.000000,4.000000,4.000000,4.000000,4.000000,4.000000,4.000000,4.000000,4.000000,4.000000,4.000000,4.000000,100.000000,,,,,,,,,,,,,,,,,,,,,,,,,,,,,,,,,,,,,,,,,,,,,,,,,,,,,,,,,,,,,,,,,,,,,,,,,,,,,,,,,,,,,,
1676060288.577364,1676060288.578196,40.000000,0.000000,4303.717773,4501.410156,4316.666504,4400.256348,4314.358887,4348.205078,4300.256348,4320.512695,4288.333496,4244.358887,4337.179688,4468.205078,4236.538574,4388.333496,0.000000,4.000000,85.000000,,,,0.000000,4.000000,4.000000,4.000000,4.000000,4.000000,4.000000,4.000000,4.000000,4.000000,4.000000,4.000000,4.000000,4.000000,4.000000,100.000000,,,,,,,,,,,,,,,,,,,,,,,,,,,,,,,,,,,,,,,,,,,,,,,,,,,,,,,,,,,,,,,,,,,,,,,,,,,,,,,,,,,,,,
1676060288.585172,1676060288.585905,41.000000,0.000000,4289.615234,4487.051270,4303.461426,4383.333496,4306.153809,4340.256348,4290.256348,4301.282227,4267.563965,4238.461426,4313.589844,4450.128418,4217.948730,4368.333496,0.000000,4.000000,85.000000,,,,0.000000,4.000000,4.000000,4.000000,4.000000,4.000000,4.000000,4.000000,4.000000,4.000000,4.000000,4.000000,4.000000,4.000000,4.000000,100.000000,,,,,,,,,,,,,,,,,,,,,,,,,,,,,,,,,,,,,,,,,,,,,,,,,,,,,,,,,,,,,,,,,,,,,,,,,,,,,,,,,,,,,,
1676060288.592981,1676060288.593713,42.000000,0.000000,4279.358887,4470.000000,4295.769043,4375.641113,4299.615234,4339.358887,4289.615234,4294.743652,4261.538574,4234.102539,4303.205078,4440.384766,4204.743652,4353.077148,0.000000,4.000000,85.000000,,,,0.000000,4.000000,4.000000,4.000000,4.000000,4.000000,4.000000,4.000000,4.000000,4.000000,4.000000,4.000000,4.000000,4.000000,4.000000,100.000000,,,,,,,,,,,,,,,,,,,,,,,,,,,,,,,,,,,,,,,,,,,,,,,,,,,,,,,,,,,,,,,,,,,,,,,,,,,,,,,,,,,,,,
1676060288.600789,1676060288.601422,43.000000,0.000000,4284.102539,4461.666504,4293.077148,4375.000000,4300.769043,4339.743652,4290.641113,4295.256348,4265.512695,4230.641113,4307.307617,4437.307617,4217.051270,4363.461426,0.000000,4.000000,85.000000,,,,0.000000,4.000000,4.000000,4.000000,4.000000,4.000000,4.000000,4.000000,4.000000,4.000000,4.000000,4.000000,4.000000,4.000000,4.000000,100.000000,,,,,,,,,,,,,,,,,,,,,,,,,,,,,,,,,,,,,,,,,,,,,,,,,,,,,,,,,,,,,,,,,,,,,,,,,,,,,,,,,,,,,,
1676060288.608598,1676060288.609230,44.000000,0.000000,4287.436035,4457.436035,4295.000000,4371.025879,4306.794922,4342.948730,4291.666504,4292.820313,4268.333496,4228.205078,4300.641113,4430.384766,4216.153809,4359.871582,0.000000,4.000000,85.000000,,,,0.000000,4.000000,4.000000,4.000000,4.000000,4.000000,4.000000,4.000000,4.000000,4.000000,4.000000,4.000000,4.000000,4.000000,4.000000,100.000000,,,,,,,,,,,,,,,,,,,,,,,,,,,,,,,,,,,,,,,,,,,,,,,,,,,,,,,,,,,,,,,,,,,,,,,,,,,,,,,,,,,,,,
1676060288.616406,1676060288.616939,45.000000,0.000000,4278.974121,4447.563965,4287.692383,4367.179688,4309.102539,4343.717773,4294.230957,4292.948730,4263.461426,4215.128418,4282.179688,4418.974121,4190.128418,4325.000000,0.000000,4.000000,85.000000,,,,0.000000,4.000000,4.000000,4.000000,4.000000,4.000000,4.000000,4.000000,4.000000,4.000000,4.000000,4.000000,4.000000,4.000000,4.000000,100.000000,,,,,,,,,,,,,,,,,,,,,,,,,,,,,,,,,,,,,,,,,,,,,,,,,,,,,,,,,,,,,,,,,,,,,,,,,,,,,,,,,,,,,,
1676060288.624214,1676060288.624747,46.000000,0.000000,4281.410156,4434.615234,4278.205078,4364.871582,4305.769043,4340.256348,4288.974121,4301.025879,4260.000000,4217.436035,4296.922852,4423.333496,4210.256348,4334.102539,0.000000,4.000000,85.000000,,,,0.000000,4.000000,4.000000,4.000000,4.000000,4.000000,4.000000,4.000000,4.000000,4.000000,4.000000,4.000000,4.000000,4.000000,4.000000,100.000000,,,,,,,,,,,,,,,,,1.778219,5.193743,2.105676,1.810398,1.277766,22.330383,7.627850,2.015467,1.621055,1.340386,1.419182,5.762886,2.232800,1.279232,1.127601,4.777736,4.646326,1.865335,1.395961,1.142066,89.180565,29.674425,19.313080,9.772179,1.626399,0.848590,0.990464,0.657884,0.905889,0.570400,0.469737,1.668322,1.825464,1.100474,1.045479,1.443120,1.451972,1.798281,0.995003,1.048165,1.239581,1.321772,1.225108,0.892649,1.255132,1.605796,1.917770,1.882556,1.746108,1.414393,26.767818,6.028783,1.868764,2.570577,2.087193,8.306030,6.606855,2.844857,1.895465,1.940078,15.523153,6.222960,1.614743,2.640079,1.698276,9.601686,8.574467,2.945441,3.163217,1.611845
1676060288.632023,1676060288.632456,47.000000,0.000000,4301.410156,4414.487305,4290.000000,4358.461426,4308.974121,4345.128418,4285.897461,4315.512695,4277.948730,4253.717773,4356.538574,4456.410156,4285.000000,4402.563965,0.000000,4.000000,85.000000,,,,0.000000,4.000000,4.000000,4.000000,4.000000,4.000000,4.000000,4.000000,4.000000,4.000000,4.000000,4.000000,4.000000,4.000000,4.000000,100.000000,,,,,,,,,,,,,,,,,,,,,,,,,,,,,,,,,,,,,,,,,,,,,,,,,,,,,,,,,,,,,,,,,,,,,,,,,,,,,,,,,,,,,,
1676060288.639831,1676060288.640264,48.000000,0.000000,4308.461426,4377.948730,4301.666504,4344.615234,4309.102539,4348.974121,4282.820313,4321.922852,4292.820313,4265.000000,4395.000000,4479.102539,4327.307617,4435.256348,0.000000,4.000000,85.000000,,,,0.000000,4.000000,4.000000,4.000000,4.000000,4.000000,4.000000,4.000000,4.000000,4.000000,4.000000,4.000000,4.000000,4.000000,4.000000,100.000000,,,,,,,,,,,,,,,,,,,,,,,,,,,,,,,,,,,,,,,,,,,,,,,,,,,,,,,,,,,,,,,,,,,,,,,,,,,,,,,,,,,,,,
1676060288.647639,1676060288.647973,49.000000,0.000000,4308.333496,4353.974121,4300.000000,4336.922852,4302.051270,4346.282227,4280.384766,4320.256348,4285.512695,4253.077148,4392.051270,4478.461426,4320.512695,4420.128418,0.000000,4.000000,85.000000,,,,0.000000,4.000000,4.000000,4.000000,4.000000,4.000000,4.000000,4.000000,4.000000,4.000000,4.000000,4.000000,4.000000,4.000000,4.000000,100.000000,,,,,,,,,,,,,,,,,,,,,,,,,,,,,,,,,,,,,,,,,,,,,,,,,,,,,,,,,,,,,,,,,,,,,,,,,,,,,,,,,,,,,,
1676060288.655448,1676060288.655781,50.000000,0.000000,4316.153809,4347.820313,4306.794922,4335.641113,4302.307617,4345.769043,4287.307617,4324.358887,4287.179688,4267.179688,4397.692383,4486.282227,4330.000000,4419.615234,0.000000,4.000000,85.000000,,,,0.000000,4.000000,4.000000,4.000000,4.000000,4.000000,4.000000,4.000000,4.000000,4.000000,4.000000,4.000000,4.000000,4.000000,4.000000,100.000000,,,,,,,,,,,,,,,,,,,,,,,,,,,,,,,,,,,,,,,,,,,,,,,,,,,,,,,,,,,,,,,,,,,,,,,,,,,,,,,,,,,,,,
1676060288.663256,1676060288.663490,51.000000,0.000000,4318.974121,4335.897461,4315.512695,4330.384766,4305.000000,4346.153809,4296.538574,4328.589844,4298.846191,4279.615234,4416.282227,4496.922852,4353.461426,4435.256348,0.000000,4.000000,85.000000,,,,0.000000,4.000000,4.000000,4.000000,4.000000,4.000000,4.000000,4.000000,4.000000,4.000000,4.000000,4.000000,4.000000,4.000000,4.000000,100.000000,,,,,,,,,,,,,,,,,,,,,,,,,,,,,,,,,,,,,,,,,,,,,,,,,,,,,,,,,,,,,,,,,,,,,,,,,,,,,,,,,,,,,,
1676060288.671065,1676060288.671298,52.000000,0.000000,4307.051270,4323.461426,4304.102539,4320.897461,4299.358887,4342.307617,4293.205078,4323.461426,4290.256348,4260.256348,4412.436035,4485.000000,4350.641113,4434.871582,0.000000,4.000000,85.000000,,,,0.000000,4.000000,4.000000,4.000000,4.000000,4.000000,4.000000,4.000000,4.000000,4.000000,4.000000,4.000000,4.000000,4.000000,4.000000,100.000000,,,,,,,,,,,,,,,,,,,,,,,,,,,,,,,,,,,,,,,,,,,,,,,,,,,,,,,,,,,,,,,,,,,,,,,,,,,,,,,,,,,,,,
1676060288.678873,1676060288.679007,53.000000,0.000000,4294.487305,4316.025879,4289.102539,4308.974121,4293.461426,4338.717773,4289.358887,4315.769043,4276.410156,4247.563965,4398.333496,4463.846191,4337.820313,4415.000000,0.000000,4.000000,85.000000,,,,0.000000,4.000000,4.000000,4.000000,4.000000,4.000000,4.000000,4.000000,4.000000,4.000000,4.000000,4.000000,4.000000,4.000000,4.000000,100.000000,,,,,,,,,,,,,,,,,,,,,,,,,,,,,,,,,,,,,,,,,,,,,,,,,,,,,,,,,,,,,,,,,,,,,,,,,,,,,,,,,,,,,,
1676060288.686681,1676060288.686915,54.000000,0.000000,4293.461426,4301.922852,4286.025879,4300.256348,4293.205078,4341.025879,4292.692383,4310.256348,4278.205078,4254.871582,4396.666504,4456.794922,4339.230957,4400.897461,0.000000,4.000000,85.000000,,,,0.000000,4.000000,4.000000,4.000000,4.000000,4.000000,4.000000,4.000000,4.000000,4.000000,4.000000,4.000000,4.000000,4.000000,4.000000,100.000000,,,,,,,,,,,,,,,,,,,,,,,,,,,,,,,,,,,,,,,,,,,,,,,,,,,,,,,,,,,,,,,,,,,,,,,,,,,,,,,,,,,,,,
1676060288.694490,1676060288.694723,55.000000,0.000000,4309.615234,4299.487305,4296.666504,4308.333496,4302.692383,4352.307617,4294.487305,4316.666504,4292.051270,4266.410156,4414.358887,4472.563965,4361.410156,4422.820313,0.000000,4.000000,85.000000,,,,0.000000,4.000000,4.000000,4.000000,4.000000,4.000000,4.000000,4.000000,4.000000,4.000000,4.000000,4.000000,4.000000,4.000000,4.000000,100.000000,,,,,,,,,,,,,,,,,,,,,,,,,,,,,,,,,,,,,,,,,,,,,,,,,,,,,,,,,,,,,,,,,,,,,,,,,,,,,,,,,,,,,,
1676060288.702298,1676060288.702632,56.000000,0.000000,4327.307617,4307.179688,4308.589844,4321.282227,4317.179688,4366.410156,4301.794922,4333.717773,4305.256348,4273.461426,4441.025879,4495.512695,4386.282227,4451.666504,0.000000,4.000000,85.000000,,,,0.000000,4.000000,4.000000,4.000000,4.000000,4.000000,4.000000,4.000000,4.000000,4.000000,4.000000,4.000000,4.000000,4.000000,4.000000,100.000000,,,,,,,,,,,,,,,,,,,,,,,,,,,,,,,,,,,,,,,,,,,,,,,,,,,,,,,,,,,,,,,,,,,,,,,,,,,,,,,,,,,,,,
1676060288.710106,1676060288.710440,57.000000,0.000000,4321.666504,4284.487305,4298.205078,4306.922852,4310.897461,4359.743652,4301.025879,4326.794922,4294.358887,4258.974121,4446.153809,4490.769043,4394.230957,4444.743652,0.000000,4.000000,85.000000,,,,0.000000,4.000000,4.000000,4.000000,4.000000,4.000000,4.000000,4.000000,4.000000,4.000000,4.000000,4.000000,4.000000,4.000000,4.000000,100.000000,,,,,,,,,,,,,,,,,,,,,,,,,,,,,,,,,,,,,,,,,,,,,,,,,,,,,,,,,,,,,,,,,,,,,,,,,,,,,,,,,,,,,,
1676060288.717915,1676060288.718349,58.000000,0.000000,4313.717773,4248.333496,4284.358887,4281.666504,4292.820313,4346.538574,4289.615234,4312.307617,4280.512695,4254.230957,4443.974121,4478.974121,4405.256348,4440.256348,0.000000,4.000000,85.000000,,,,0.000000,4.000000,4.000000,4.000000,4.000000,4.000000,4.000000,4.000000,4.000000,4.000000,4.000000,4.000000,4.000000,4.000000,4.000000,100.000000,,,,,,,,,,,,,,,,,,,,,,,,,,,,,,,,,,,,,,,,,,,,,,,,,,,,,,,,,,,,,,,,,,,,,,,,,,,,,,,,,,,,,,
1676060288.725723,1676060288.726157,59.000000,0.000000,4329.743652,4237.820313,4293.974121,4281.794922,4293.461426,4347.948730,4291.410156,4334.743652,4304.358887,4284.743652,4473.974121,4501.794922,4439.102539,4474.615234,0.000000,4.000000,85.000000,,,,0.000000,4.000000,4.000000,4.000000,4.000000,4.000000,4.000000,4.000000,4.000000,4.000000,4.000000,4.000000,4.000000,4.000000,4.000000,100.000000,,,,,,,,,,,,,,,,,,,,,,,,,,,,,,,,,,,,,,,,,,,,,,,,,,,,,,,,,,,,,,,,,,,,,,,,,,,,,,,,,,,,,,
1676060288.733532,1676060288.734065,60.000000,0.000000,4338.974121,4227.307617,4303.333496,4284.871582,4298.461426,4346.282227,4297.307617,4359.102539,4325.000000,4303.846191,4505.769043,4524.743652,4465.769043,4497.436035,0.000000,4.000000,85.000000,,,,0.000000,4.000000,4.000000,4.000000,4.000000,4.000000,4.000000,4.000000,4.000000,4.000000,4.000000,4.000000,4.000000,4.000000,4.000000,100.000000,,,,,,,,,,,,,,,,,,,,,,,,,,,,,,,,,,,,,,,,,,,,,,,,,,,,,,,,,,,,,,,,,,,,,,,,,,,,,,,,,,,,,,
1676060288.741340,1676060288.741874,61.000000,0.000000,4330.256348,4203.846191,4301.025879,4273.205078,4292.820313,4341.410156,4299.487305,4352.051270,4316.025879,4295.512695,4510.897461,4521.153809,4477.307617,4489.871582,0.000000,4.000000,85.000000,,,,0.000000,4.000000,4.000000,4.000000,4.000000,4.000000,4.000000,4.000000,4.000000,4.000000,4.000000,4.000000,4.000000,4.000000,4.000000,100.000000,,,,,,,,,,,,,,,,,,,,,,,,,,,,,,,,,,,,,,,,,,,,,,,,,,,,,,,,,,,,,,,,,,,,,,,,,,,,,,,,,,,,,,
1676060288.749148,1676060288.749782,62.000000,0.000000,4326.794922,4185.769043,4295.000000,4261.666504,4285.128418,4339.230957,4294.871582,4339.743652,4307.563965,4288.077148,4509.230957,4508.589844,4489.230957,4484.487305,0.000000,4.000000,85.000000,,,,0.000000,4.000000,4.000000,4.000000,4.000000,4.000000,4.000000,4.000000,4.000000,4.000000,4.000000,4.000000,4.000000,4.000000,4.000000,100.000000,,,,,,,,,,,,,,,,,1.718644,4.225779,1.671467,1.778883,1.242331,17.376936,4.807959,1.611557,1.488490,1.293773,1.275653,4.415173,1.659582,1.153208,1.043381,4.222992,3.590399,1.535085,1.284887,1.042685,67.732780,21.972712,14.474648,7.369392,1.362158,0.916486,0.974468,0.571718,0.964889,0.535765,0.569078,1.344095,1.426810,1.055760,0.993554,1.506539,2.012492,1.406807,0.899816,0.969254,1.173225,1.747862,0.967428,0.820872,1.145821,1.568042,2.028259,1.573209,1.548850,1.396793,16.615414,5.057739,1.258833,2.348874,1.999254,7.328539,5.750899,2.122510,1.756296,1.892206,11.805936,5.292794,1.003162,2.425055,1.669410,10.128654,9.220129,2.582415,3.314201,1.566590
1676060288.756957,1676060288.757591,63.000000,0.000000,4315.641113,4161.922852,4278.205078,4241.410156,4274.487305,4329.358887,4280.256348,4329.487305,4299.358887,4281.410156,4503.974121,4492.820313,4482.692383,4476.538574,0.000000,4.000000,85.000000,,,,0.000000,4.000000,4.000000,4.000000,4.000000,4.000000,4.000000,4.000000,4.000000,4.000000,4.000000,4.000000,4.000000,4.000000,4.000000,100.000000,,,,,,,,,,,,,,,,,,,,,,,,,,,,,,,,,,,,,,,,,,,,,,,,,,,,,,,,,,,,,,,,,,,,,,,,,,,,,,,,,,,,,,
1676060288.764765,1676060288.765299,64.000000,0.000000,4304.487305,4150.128418,4272.563965,4230.000000,4273.589844,4327.820313,4281.538574,4326.025879,4292.820313,4279.102539,4510.256348,4491.794922,4474.487305,4468.717773,2525.000000,4.000000,85.000000,,,,0.000000,4.000000,4.000000,4.000000,4.000000,4.000000,4.000000,4.000000,4.000000,4.000000,4.000000,4.000000,4.000000,4.000000,4.000000,100.000000,,,,,,,,,,,,,,,,,,,,,,,,,,,,,,,,,,,,,,,,,,,,,,,,,,,,,,,,,,,,,,,,,,,,,,,,,,,,,,,,,,,,,,
1676060288.772574,1676060288.773108,65.000000,0.000000,4328.461426,4173.589844,4297.436035,4255.128418,4291.410156,4348.846191,4304.743652,4336.794922,4306.794922,4286.410156,4534.358887,4510.128418,4490.256348,4482.436035,2483.000000,4.000000,85.000000,,,,0.000000,4.000000,4.000000,4.000000,4.000000,4.000000,4.000000,4.000000,4.000000,4.000000,4.000000,4.000000,4.000000,4.000000,4.000000,100.000000,,,,,,,,,,,,,,,,,,,,,,,,,,,,,,,,,,,,,,,,,,,,,,,,,,,,,,,,,,,,,,,,,,,,,,,,,,,,,,,,,,,,,,
1676060288.780382,1676060288.781016,66.000000,0.000000,4350.128418,4189.871582,4305.897461,4269.230957,4293.589844,4352.820313,4303.717773,4334.230957,4312.692383,4282.179688,4540.512695,4511.922852,4494.743652,4494.487305,2388.000000,4.000000,85.000000,,,,0.000000,4.000000,4.000000,4.000000,4.000000,4.000000,4.000000,4.000000,4.000000,4.000000,4.000000,4.000000,4.000000,4.000000,4.000000,100.000000,,,,,,,,,,,,,,,,,,,,,,,,,,,,,,,,,,,,,,,,,,,,,,,,,,,,,,,,,,,,,,,,,,,,,,,,,,,,,,,,,,,,,,
1676060288.788190,1676060288.788824,67.000000,0.000000,4335.384766,4178.589844,4289.230957,4246.794922,4275.000000,4328.333496,4283.205078,4320.000000,4299.615234,4278.717773,4541.153809,4501.153809,4484.871582,4492.051270,2489.000000,4.000000,85.000000,,,,0.000000,4.000000,4.000000,4.000000,4.000000,4.000000,4.000000,4.000000,4.000000,4.000000,4.000000,4.000000,4.000000,4.000000,4.000000,100.000000,,,,,,,,,,,,,,,,,,,,,,,,,,,,,,,,,,,,,,,,,,,,,,,,,,,,,,,,,,,,,,,,,,,,,,,,,,,,,,,,,,,,,,
1676060288.795999,1676060288.796533,68.000000,0.000000,4331.538574,4180.512695,4304.615234,4246.922852,4279.615234,4329.871582,4297.307617,4334.487305,4312.563965,4303.974121,4578.717773,4519.871582,4499.102539,4506.025879,2441.000000,4.000000,85.000000,,,,0.000000,4.000000,4.000000,4.000000,4.000000,4.000000,4.000000,4.000000,4.000000,4.000000,4.000000,4.000000,4.000000,4.000000,4.000000,100.000000,,,,,,,,,,,,,,,,,,,,,,,,,,,,,,,,,,,,,,,,,,,,,,,,,,,,,,,,,,,,,,,,,,,,,,,,,,,,,,,,,,,,,,
1676060288.803807,1676060288.804341,69.000000,0.000000,4361.666504,4206.410156,4342.179688,4280.128418,4304.871582,4355.897461,4323.589844,4360.256348,4338.461426,4325.641113,4621.153809,4552.051270,4520.256348,4533.846191,2376.000000,4.000000,85.000000,,,,0.000000,4.000000,4.000000,4.000000,4.000000,4.000000,4.000000,4.000000,4.000000,4.000000,4.000000,4.000000,4.000000,4.000000,4.000000,100.000000,,,,,,,,,,,,,,,,,,,,,,,,,,,,,,,,,,,,,,,,,,,,,,,,,,,,,,,,,,,,,,,,,,,,,,,,,,,,,,,,,,,,,,
1676060288.811616,1676060288.812050,70.000000,0.000000,4366.922852,4210.641113,4336.025879,4281.410156,4296.282227,4345.128418,4307.563965,4348.717773,4322.948730,4309.358887,4608.333496,4540.256348,4493.461426,4525.256348,2239.000000,4.000000,85.000000,,,,0.000000,4.000000,4.000000,4.000000,4.000000,4.000000,4.000000,4.000000,4.000000,4.000000,4.000000,4.000000,4.000000,4.000000,4.000000,100.000000,,,,,,,,,,,,,,,,,,,,,,,,,,,,,,,,,,,,,,,,,,,,,,,,,,,,,,,,,,,,,,,,,,,,,,,,,,,,,,,,,,,,,,
1676060288.819424,1676060288.819958,71.000000,0.000000,4354.871582,4206.410156,4315.769043,4270.384766,4278.461426,4319.487305,4283.589844,4329.102539,4300.897461,4285.256348,4581.666504,4515.512695,4455.769043,4500.641113,2226.000000,4.000000,85.000000,,,,0.000000,4.000000,4.000000,4.000000,4.000000,4.000000,4.000000,4.000000,4.000000,4.000000,4.000000,4.000000,4.000000,4.000000,4.000000,100.000000,,,,,,,,,,,,,,,,,,,,,,,,,,,,,,,,,,,,,,,,,,,,,,,,,,,,,,,,,,,,,,,,,,,,,,,,,,,,,,,,,,,,,,
1676060288.827232,1676060288.827767,72.000000,0.000000,4379.743652,4240.769043,4339.487305,4300.641113,4301.282227,4336.153809,4304.615234,4347.820313,4325.000000,4293.333496,4599.230957,4535.897461,4467.307617,4520.000000,2289.000000,4.000000,85.000000,,,,0.000000,4.000000,4.000000,4.000000,4.000000,4.000000,4.000000,4.000000,4.000000,4.000000,4.000000,4.000000,4.000000,4.000000,4.000000,100.000000,,,,,,,,,,,,,,,,,,,,,,,,,,,,,,,,,,,,,,,,,,,,,,,,,,,,,,,,,,,,,,,,,,,,,,,,,,,,,,,,,,,,,,
1676060288.835041,1676060288.835675,73.000000,0.000000,4396.922852,4269.487305,4357.051270,4318.974121,4317.692383,4358.461426,4330.256348,4362.948730,4339.871582,4306.410156,4607.948730,4553.846191,4479.230957,4540.256348,2237.000000,4.000000,85.000000,,,,0.000000,4.000000,4.000000,4.000000,4.000000,4.000000,4.000000,4.000000,4.000000,4.000000,4.000000,4.000000,4.000000,4.000000,4.000000,100.000000,,,,,,,,,,,,,,,,,,,,,,,,,,,,,,,,,,,,,,,,,,,,,,,,,,,,,,,,,,,,,,,,,,,,,,,,,,,,,,,,,,,,,,
1676060288.842849,1676060288.843483,74.000000,0.000000,4369.615234,4244.743652,4331.410156,4290.000000,4297.307617,4352.179688,4310.512695,4336.538574,4303.077148,4286.282227,4562.307617,4518.974121,4438.846191,4506.922852,2718.000000,4.000000,85.000000,,,,0.000000,4.000000,4.000000,4.000000,4.000000,4.000000,4.000000,4.000000,4.000000,4.000000,4.000000,4.000000,4.000000,4.000000,4.000000,100.000000,,,,,,,,,,,,,,,,,,,,,,,,,,,,,,,,,,,,,,,,,,,,,,,,,,,,,,,,,,,,,,,,,,,,,,,,,,,,,,,,,,,,,,
1676060288.850657,1676060288.851392,75.000000,0.000000,4351.153809,4226.153809,4316.282227,4273.077148,4285.897461,4348.461426,4289.615234,4316.025879,4279.487305,4265.512695,4531.410156,4491.538574,4412.563965,4478.205078,2897.000000,4.000000,85.000000,,,,0.000000,4.000000,4.000000,4.000000,4.000000,4.000000,4.000000,4.000000,4.000000,4.000000,4.000000,4.000000,4.000000,4.000000,4.000000,100.000000,,,,,,,,,,,,,,,,,,,,,,,,,,,,,,,,,,,,,,,,,,,,,,,,,,,,,,,,,,,,,,,,,,,,,,,,,,,,,,,,,,,,,,
1676060288.858466,1676060288.859200,76.000000,0.000000,4365.897461,4252.692383,4332.820313,4291.538574,4302.051270,4354.230957,4303.589844,4328.974121,4297.051270,4282.051270,4555.256348,4513.333496,4447.948730,4502.820313,3112.000000,4.000000,85.000000,,,,0.000000,4.000000,4.000000,4.000000,4.000000,4.000000,4.000000,4.000000,4.000000,4.000000,4.000000,4.000000,4.000000,4.000000,4.000000,100.000000,,,,,,,,,,,,,,,,,,,,,,,,,,,,,,,,,,,,,,,,,,,,,,,,,,,,,,,,,,,,,,,,,,,,,,,,,,,,,,,,,,,,,,
1676060288.866274,1676060288.867109,77.000000,0.000000,4374.615234,4270.641113,4339.743652,4304.230957,4305.128418,4347.692383,4312.436035,4335.256348,4304.871582,4298.846191,4567.436035,4527.179688,4465.000000,4524.102539,3231.000000,4.000000,85.000000,,,,0.000000,4.000000,4.000000,4.000000,4.000000,4.000000,4.000000,4.000000,4.000000,4.000000,4.000000,4.000000,4.000000,4.000000,4.000000,100.000000,,,,,,,,,,,,,,,,,,,,,,,,,,,,,,,,,,,,,,,,,,,,,,,,,,,,,,,,,,,,,,,,,,,,,,,,,,,,,,,,,,,,,,
1676060288.874083,1676060288.874917,78.000000,0.000000,4368.974121,4263.589844,4328.461426,4301.410156,4296.410156,4341.025879,4302.692383,4326.282227,4296.922852,4287.820313,4540.128418,4511.282227,4433.333496,4503.205078,2718.000000,4.000000,85.000000,,,,0.000000,4.000000,4.000000,4.000000,4.000000,4.000000,4.000000,4.000000,4.000000,4.000000,4.000000,4.000000,4.000000,4.000000,4.000000,100.000000,1.000000,25.000000,4.000000,1.000000,3.000000,3.000000,1.000000,4.000000,4.000000,4.000000,4.000000,4.000000,1.000000,1.000000,1.000000,3.000000,1.766586,3.051296,1.250950,1.708275,1.258226,15.558019,3.243471,1.163483,1.363272,1.303961,1.242829,3.020741,1.240668,1.060306,1.014340,3.840075,2.669553,1.196769,1.186706,0.990767,42.885250,13.491163,9.046776,4.715919,1.085162,1.042385,0.930298,0.509250,0.972975,0.515772,0.646111,1.103498,1.174665,1.023097,0.955482,1.501684,2.657226,1.149314,0.863016,0.921709,1.135429,2.251292,0.850221,0.813841,1.097008,1.540628,2.081095,1.374103,1.384550,1.439243,10.071280,4.289926,0.916575,2.139017,1.958814,6.180622,4.719882,1.639456,1.667667,1.900743,9.988585,4.372372,0.703164,2.182848,1.694976,10.882140,9.457705,2.440783,3.439042,1.584101
1676060288.881891,1676060288.882825,79.000000,0.000000,4364.487305,4261.666504,4323.974121,4298.974121,4298.974121,4348.077148,4302.436035,4324.871582,4300.512695,4278.974121,4520.769043,4503.205078,4417.692383,4484.615234,2897.000000,4.000000,85.000000,,,,0.000000,4.000000,4.000000,4.000000,4.000000,4.000000,4.000000,4.000000,4.000000,4.000000,4.000000,4.000000,4.000000,4.000000,4.000000,100.000000,,,,,,,,,,,,,,,,,,,,,,,,,,,,,,,,,,,,,,,,,,,,,,,,,,,,,,,,,,,,,,,,,,,,,,,,,,,,,,,,,,,,,,
1676060288.889699,1676060288.890634,80.000000,0.000000,4355.769043,4262.948730,4323.077148,4294.102539,4298.974121,4344.230957,4305.641113,4321.538574,4299.230957,4275.256348,4518.846191,4502.948730,4425.384766,4487.563965,3112.000000,4.000000,85.000000,,,,0.000000,4.000000,4.000000,4.000000,4.000000,4.000000,4.000000,4.000000,4.000000,4.000000,4.000000,4.000000,4.000000,4.000000,4.000000,100.000000,,,,,,,,,,,,,,,,,,,,,,,,,,,,,,,,,,,,,,,,,,,,,,,,,,,,,,,,,,,,,,,,,,,,,,,,,,,,,,,,,,,,,,
1676060288.897508,1676060288.898542,81.000000,0.000000,4356.153809,4267.820313,4326.666504,4299.102539,4301.153809,4338.077148,4306.282227,4318.333496,4291.538574,4275.641113,4524.230957,4505.000000,4430.769043,4494.487305,3231.000000,4.000000,85.000000,,,,0.000000,4.000000,4.000000,4.000000,4.000000,4.000000,4.000000,4.000000,4.000000,4.000000,4.000000,4.000000,4.000000,4.000000,4.000000,100.000000,,,,,,,,,,,,,,,,,,,,,,,,,,,,,,,,,,,,,,,,,,,,,,,,,,,,,,,,,,,,,,,,,,,,,,,,,,,,,,,,,,,,,,
1676060288.905316,1676060288.906351,82.000000,0.000000,4369.743652,4281.410156,4338.589844,4312.948730,4315.384766,4356.025879,4316.410156,4330.512695,4301.666504,4295.128418,4532.820313,4520.256348,4440.128418,4497.948730,2718.000000,4.000000,85.000000,,,,0.000000,4.000000,4.000000,4.000000,4.000000,4.000000,4.000000,4.000000,4.000000,4.000000,4.000000,4.000000,4.000000,4.000000,4.000000,100.000000,,,,,,,,,,,,,,,,,,,,,,,,,,,,,,,,,,,,,,,,,,,,,,,,,,,,,,,,,,,,,,,,,,,,,,,,,,,,,,,,,,,,,,
1676060288.913124,1676060288.914259,83.000000,0.000000,4374.230957,4282.436035,4342.179688,4310.641113,4319.871582,4365.000000,4320.769043,4339.230957,4313.974121,4308.333496,4529.487305,4527.307617,4445.256348,4498.205078,2897.000000,4.000000,85.000000,,,,0.000000,4.000000,4.000000,4.000000,4.000000,4.000000,4.000000,4.000000,4.000000,4.000000,4.000000,4.000000,4.000000,4.000000,4.000000,100.000000,,,,,,,,,,,,,,,,,,,,,,,,,,,,,,,,,,,,,,,,,,,,,,,,,,,,,,,,,,,,,,,,,,,,,,,,,,,,,,,,,,,,,,
1676060288.920933,1676060288.922067,84.000000,0.000000,4362.563965,4266.025879,4330.256348,4295.512695,4306.410156,4338.589844,4307.051270,4331.282227,4306.538574,4292.179688,4515.000000,4509.102539,4425.769043,4488.846191,3112.000000,4.000000,85.000000,,,,0.000000,4.000000,4.000000,4.000000,4.000000,4.000000,4.000000,4.000000,4.000000,4.000000,4.000000,4.000000,4.000000,4.000000,4.000000,100.000000,,,,,,,,,,,,,,,,,,,,,,,,,,,,,,,,,,,,,,,,,,,,,,,,,,,,,,,,,,,,,,,,,,,,,,,,,,,,,,,,,,,,,,
1676060288.928741,1676060288.929976,85.000000,0.000000,4356.153809,4267.820313,4329.871582,4293.717773,4308.974121,4326.922852,4304.615234,4337.307617,4307.563965,4287.179688,4517.179688,4509.102539,4421.922852,4488.333496,3231.000000,4.000000,85.000000,,,,0.000000,4.000000,4.000000,4.000000,4.000000,4.000000,4.000000,4.000000,4.000000,4.000000,4.000000,4.000000,4.000000,4.000000,4.000000,100.000000,,,,,,,,,,,,,,,,,,,,,,,,,,,,,,,,,,,,,,,,,,,,,,,,,,,,,,,,,,,,,,,,,,,,,,,,,,,,,,,,,,,,,,
1676060288.936550,1676060288.937784,86.000000,0.000000,4360.769043,4285.769043,4339.743652,4303.461426,4323.333496,4346.538574,4315.384766,4350.384766,4323.846191,4303.846191,4529.487305,4529.230957,4440.897461,4496.410156,2718.000000,4.000000,85.000000,,,,0.000000,4.000000,4.000000,4.000000,4.000000,4.000000,4.000000,4.000000,4.000000,4.000000,4.000000,4.000000,4.000000,4.000000,4.000000,100.000000,,,,,,,,,,,,,,,,,,,,,,,,,,,,,,,,,,,,,,,,,,,,,,,,,,,,,,,,,,,,,,,,,,,,,,,,,,,,,,,,,,,,,,
1676060288.944358,1676060288.945493,87.000000,0.000000,4353.205078,4281.025879,4329.743652,4297.051270,4316.794922,4348.333496,4308.589844,4339.102539,4321.153809,4297.436035,4523.077148,4518.974121,4437.051270,4484.358887,2897.000000,4.000000,85.000000,,,,0.000000,4.000000,4.000000,4.000000,4.000000,4.000000,4.000000,4.000000,4.000000,4.000000,4.000000,4.000000,4.000000,4.000000,4.000000,100.000000,,,,,,,,,,,,,,,,,,,,,,,,,,,,,,,,,,,,,,,,,,,,,,,,,,,,,,,,,,,,,,,,,,,,,,,,,,,,,,,,,,,,,,
1676060288.952166,1676060288.953301,88.000000,0.000000,4351.410156,4273.333496,4325.897461,4292.307617,4315.256348,4337.051270,4301.922852,4328.333496,4309.743652,4287.563965,4523.333496,4506.666504,4429.871582,4476.153809,3112.000000,4.000000,85.000000,,,,0.000000,4.000000,4.000000,4.000000,4.000000,4.000000,4.000000,4.000000,4.000000,4.000000,4.000000,4.000000,4.000000,4.000000,4.000000,100.000000,,,,,,,,,,,,,,,,,,,,,,,,,,,,,,,,,,,,,,,,,,,,,,,,,,,,,,,,,,,,,,,,,,,,,,,,,,,,,,,,,,,,,,
1676060288.959975,1676060288.961010,89.000000,0.000000,4365.769043,4287.179688,4346.282227,4305.384766,4331.666504,4343.846191,4316.153809,4341.025879,4321.153809,4308.846191,4547.051270,4527.563965,4446.794922,4495.897461,3231.000000,4.000000,85.000000,,,,0.000000,4.000000,4.000000,4.000000,4.000000,4.000000,4.000000,4.000000,4.000000,4.000000,4.000000,4.000000,4.000000,4.000000,4.000000,100.000000,,,,,,,,,,,,,,,,,,,,,,,,,,,,,,,,,,,,,,,,,,,,,,,,,,,,,,,,,,,,,,,,,,,,,,,,,,,,,,,,,,,,,,
1676060288.967783,1676060288.968818,90.000000,0.000000,4357.692383,4288.205078,4344.102539,4305.000000,4336.922852,4351.025879,4320.512695,4345.128418,4325.897461,4314.743652,4552.692383,4532.563965,4448.974121,4494.487305,2718.000000,4.000000,85.000000,,,,0.000000,4.000000,4.000000,4.000000,4.000000,4.000000,4.000000,4.000000,4.000000,4.000000,4.000000,4.000000,4.000000,4.000000,4.000000,100.000000,,,,,,,,,,,,,,,,,,,,,,,,,,,,,,,,,,,,,,,,,,,,,,,,,,,,,,,,,,,,,,,,,,,,,,,,,,,,,,,,,,,,,,
1676060288.975592,1676060288.976527,91.000000,0.000000,4342.436035,4282.307617,4326.025879,4301.666504,4339.743652,4353.205078,4314.358887,4338.333496,4314.615234,4298.333496,4544.615234,4516.794922,4435.000000,4475.512695,2897.000000,4.000000,85.000000,,,,0.000000,4.000000,4.000000,4.000000,4.000000,4.000000,4.000000,4.000000,4.000000,4.000000,4.000000,4.000000,4.000000,4.000000,4.000000,100.000000,,,,,,,,,,,,,,,,,,,,,,,,,,,,,,,,,,,,,,,,,,,,,,,,,,,,,,,,,,,,,,,,,,,,,,,,,,,,,,,,,,,,,,
1676060288.983400,1676060288.984435,92.000000,0.000000,4350.000000,4290.384766,4332.436035,4308.333496,4352.948730,4350.897461,4316.410156,4342.692383,4318.205078,4304.615234,4553.846191,4521.538574,4440.512695,4486.666504,3112.000000,4.000000,85.000000,,,,0.000000,4.000000,4.000000,4.000000,4.000000,4.000000,4.000000,4.000000,4.000000,4.000000,4.000000,4.000000,4.000000,4.000000,4.000000,100.000000,,,,,,,,,,,,,,,,,,,,,,,,,,,,,,,,,,,,,,,,,,,,,,,,,,,,,,,,,,,,,,,,,,,,,,,,,,,,,,,,,,,,,,
1676060288.991208,1676060288.992244,93.000000,0.000000,4346.025879,4283.974121,4333.461426,4299.230957,4351.538574,4336.538574,4309.615234,4333.205078,4313.717773,4304.230957,4551.922852,4516.025879,4433.205078,4484.615234,3231.000000,4.000000,85.000000,,,,0.000000,4.000000,4.000000,4.000000,4.000000,4.000000,4.000000,4.000000,4.000000,4.000000,4.000000,4.000000,4.000000,4.000000,4.000000,100.000000,,,,,,,,,,,,,,,,,,,,,,,,,,,,,,,,,,,,,,,,,,,,,,,,,,,,,,,,,,,,,,,,,,,,,,,,,,,,,,,,,,,,,,
1676060288.999017,1676060289.000052,94.000000,0.000000,4335.641113,4281.025879,4326.794922,4295.641113,4350.897461,4335.769043,4305.128418,4321.282227,4303.077148,4277.436035,4537.948730,4506.666504,4415.128418,4463.333496,2718.000000,4.000000,85.000000,,,,0.000000,4.000000,4.000000,4.000000,4.000000,4.000000,4.000000,4.000000,4.000000,4.000000,4.000000,4.000000,4.000000,4.000000,4.000000,100.000000,,,,,,,,,,,,,,,,,1.889869,1.999868,0.958417,1.572595,1.318172,17.680801,3.453404,0.767679,1.235554,1.366205,1.262713,1.890455,1.015528,1.003257,1.051363,3.755461,2.111422,0.914822,1.095135,0.996733,21.855591,6.566442,4.557829,2.530302,0.878746,1.228706,0.861089,0.469640,0.916193,0.511224,0.691326,0.958277,1.022698,0.986752,0.936300,1.410273,3.217949,1.030233,0.870917,0.914034,1.118398,2.720398,0.859212,0.849564,1.117641,1.521686,2.141290,1.327935,1.273437,1.540271,7.429401,4.020755,0.978480,1.959342,1.987107,5.153277,3.858530,1.504033,1.625615,1.967168,10.411313,4.129047,0.798129,1.951092,1.779296,11.595081,9.349871,2.522722,3.455145,1.686279
1676060289.006825,1676060289.007761,95.000000,0.000000,4350.128418,4300.256348,4338.846191,4316.025879,4364.615234,4348.333496,4316.922852,4328.717773,4309.358887,4272.820313,4539.871582,4523.333496,4416.666504,4468.846191,2897.000000,4.000000,85.000000,,,,0.000000,4.000000,4.000000,4.000000,4.000000,4.000000,4.000000,4.000000,4.000000,4.000000,4.000000,4.000000,4.000000,4.000000,4.000000,100.000000,,,,,,,,,,,,,,,,,,,,,,,,,,,,,,,,,,,,,,,,,,,,,,,,,,,,,,,,,,,,,,,,,,,,,,,,,,,,,,,,,,,,,,
1676060289.014634,1676060289.015569,96.000000,0.000000,4352.436035,4303.589844,4340.769043,4324.615234,4363.717773,4341.153809,4314.102539,4328.974121,4304.358887,4283.205078,4540.384766,4523.974121,4409.487305,4468.461426,3112.000000,4.000000,85.000000,,,,0.000000,4.000000,4.000000,4.000000,4.000000,4.000000,4.000000,4.000000,4.000000,4.000000,4.000000,4.000000,4.000000,4.000000,4.000000,100.000000,,,,,,,,,,,,,,,,,,,,,,,,,,,,,,,,,,,,,,,,,,,,,,,,,,,,,,,,,,,,,,,,,,,,,,,,,,,,,,,,,,,,,,
1676060289.022442,1676060289.023278,97.000000,0.000000,4332.692383,4298.461426,4330.512695,4323.205078,4360.512695,4334.102539,4310.256348,4331.153809,4301.282227,4288.717773,4547.563965,4516.153809,4403.717773,4456.410156,3231.000000,4.000000,85.000000,,,,0.000000,4.000000,4.000000,4.000000,4.000000,4.000000,4.000000,4.000000,4.000000,4.000000,4.000000,4.000000,4.000000,4.000000,4.000000,100.000000,,,,,,,,,,,,,,,,,,,,,,,,,,,,,,,,,,,,,,,,,,,,,,,,,,,,,,,,,,,,,,,,,,,,,,,,,,,,,,,,,,,,,,
1676060289.030250,1676060289.031086,98.000000,0.000000,4321.153809,4300.512695,4323.717773,4326.410156,4367.051270,4343.846191,4320.128418,4341.922852,4318.205078,4296.025879,4567.051270,4525.897461,4412.436035,4452.179688,2718.000000,4.000000,85.000000,,,,0.000000,4.000000,4.000000,4.000000,4.000000,4.000000,4.000000,4.000000,4.000000,4.000000,4.000000,4.000000,4.000000,4.000000,4.000000,100.000000,,,,,,,,,,,,,,,,,,,,,,,,,,,,,,,,,,,,,,,,,,,,,,,,,,,,,,,,,,,,,,,,,,,,,,,,,,,,,,,,,,,,,,
1676060289.038059,1676060289.038795,99.000000,0.000000,4310.897461,4283.333496,4302.307617,4315.512695,4361.410156,4345.641113,4308.461426,4331.410156,4309.102539,4289.487305,4558.333496,4511.153809,4400.128418,4432.692383,2897.000000,4.000000,85.000000,,,,0.000000,4.000000,4.000000,4.000000,4.000000,4.000000,4.000000,4.000000,4.000000,4.000000,4.000000,4.000000,4.000000,4.000000,4.000000,100.000000,,,,,,,,,,,,,,,,,,,,,,,,,,,,,,,,,,,,,,,,,,,,,,,,,,,,,,,,,,,,,,,,,,,,,,,,,,,,,,,,,,,,,,
1676060289.045867,1676060289.046603,100.000000,0.000000,4303.205078,4273.589844,4285.512695,4310.641113,4355.384766,4339.358887,4292.436035,4318.846191,4288.846191,4277.820313,4546.794922,4487.948730,4381.922852,4416.666504,3112.000000,4.000000,85.000000,,,,0.000000,4.000000,4.000000,4.000000,4.000000,4.000000,4.000000,4.000000,4.000000,4.000000,4.000000,4.000000,4.000000,4.000000,4.000000,100.000000,,,,,,,,,,,,,,,,,,,,,,,,,,,,,,,,,,,,,,,,,,,,,,,,,,,,,,,,,,,,,,,,,,,,,,,,,,,,,,,,,,,,,,
1676060289.053675,1676060289.054312,101.000000,0.000000,4300.769043,4284.358887,4288.333496,4316.025879,4355.897461,4336.282227,4296.153809,4327.692383,4297.692383,4271.538574,4559.487305,4492.179688,4386.025879,4424.230957,3231.000000,4.000000,85.000000,,,,0.000000,4.000000,4.000000,4.000000,4.000000,4.000000,4.000000,4.000000,4.000000,4.000000,4.000000,4.000000,4.000000,4.000000,4.000000,100.000000,,,,,,,,,,,,,,,,,,,,,,,,,,,,,,,,,,,,,,,,,,,,,,,,,,,,,,,,,,,,,,,,,,,,,,,,,,,,,,,,,,,,,,
1676060289.061484,1676060289.062120,102.000000,0.000000,4277.436035,4266.538574,4271.538574,4295.128418,4342.307617,4325.128418,4286.410156,4313.974121,4289.871582,4249.871582,4538.589844,4475.128418,4364.487305,4398.589844,2718.000000,4.000000,85.000000,,,,0.000000,4.000000,4.000000,4.000000,4.000000,4.000000,4.000000,4.000000,4.000000,4.000000,4.000000,4.000000,4.000000,4.000000,4.000000,100.000000,,,,,,,,,,,,,,,,,,,,,,,,,,,,,,,,,,,,,,,,,,,,,,,,,,,,,,,,,,,,,,,,,,,,,,,,,,,,,,,,,,,,,,
1676060289.069292,1676060289.069829,103.000000,0.000000,4263.461426,4250.000000,4260.256348,4282.563965,4338.589844,4320.256348,4280.128418,4293.846191,4273.205078,4244.487305,4515.128418,4457.436035,4342.051270,4370.000000,2897.000000,4.000000,85.000000,,,,0.000000,4.000000,4.000000,4.000000,4.000000,4.000000,4.000000,4.000000,4.000000,4.000000,4.000000,4.000000,4.000000,4.000000,4.000000,100.000000,,,,,,,,,,,,,,,,,,,,,,,,,,,,,,,,,,,,,,,,,,,,,,,,,,,,,,,,,,,,,,,,,,,,,,,,,,,,,,,,,,,,,,
1676060289.077101,1676060289.077637,104.000000,0.000000,4296.410156,4286.538574,4297.563965,4318.717773,4363.333496,4339.230957,4307.436035,4318.974121,4302.307617,4282.563965,4561.410156,4501.282227,4377.692383,4409.102539,3112.000000,4.000000,85.000000,,,,0.000000,4.000000,4.000000,4.000000,4.000000,4.000000,4.000000,4.000000,4.000000,4.000000,4.000000,4.000000,4.000000,4.000000,4.000000,100.000000,,,,,,,,,,,,,,,,,,,,,,,,,,,,,,,,,,,,,,,,,,,,,,,,,,,,,,,,,,,,,,,,,,,,,,,,,,,,,,,,,,,,,,
1676060289.084909,1676060289.085346,105.000000,0.000000,4319.871582,4311.922852,4321.666504,4340.641113,4373.205078,4350.641113,4325.000000,4342.436035,4324.743652,4300.384766,4601.282227,4534.871582,4402.820313,4442.436035,3231.000000,4.000000,85.000000,,,,0.000000,4.000000,4.000000,4.000000,4.000000,4.000000,4.000000,4.000000,4.000000,4.000000,4.000000,4.000000,4.000000,4.000000,4.000000,100.000000,,,,,,,,,,,,,,,,,,,,,,,,,,,,,,,,,,,,,,,,,,,,,,,,,,,,,,,,,,,,,,,,,,,,,,,,,,,,,,,,,,,,,,
1676060289.092717,1676060289.093254,106.000000,0.000000,4300.769043,4287.820313,4300.769043,4317.948730,4357.820313,4338.974121,4311.410156,4320.512695,4302.307617,4270.256348,4576.153809,4510.128418,4377.563965,4418.717773,2718.000000,4.000000,85.000000,,,,0.000000,4.000000,4.000000,4.000000,4.000000,4.000000,4.000000,4.000000,4.000000,4.000000,4.000000,4.000000,4.000000,4.000000,4.000000,100.000000,,,,,,,,,,,,,,,,,,,,,,,,,,,,,,,,,,,,,,,,,,,,,,,,,,,,,,,,,,,,,,,,,,,,,,,,,,,,,,,,,,,,,,
1676060289.100526,1676060289.101062,107.000000,0.000000,4293.589844,4278.461426,4294.871582,4310.769043,4350.512695,4329.743652,4302.307617,4301.282227,4286.922852,4257.692383,4559.615234,4497.820313,4367.179688,4405.897461,2897.000000,4.000000,85.000000,,,,0.000000,4.000000,4.000000,4.000000,4.000000,4.000000,4.000000,4.000000,4.000000,4.000000,4.000000,4.000000,4.000000,4.000000,4.000000,100.000000,,,,,,,,,,,,,,,,,,,,,,,,,,,,,,,,,,,,,,,,,,,,,,,,,,,,,,,,,,,,,,,,,,,,,,,,,,,,,,,,,,,,,,
1676060289.108334,1676060289.108971,108.000000,0.000000,4315.512695,4306.410156,4322.436035,4336.153809,4364.487305,4342.948730,4312.436035,4321.922852,4303.717773,4287.179688,4583.589844,4522.820313,4395.897461,4432.051270,3112.000000,4.000000,85.000000,,,,0.000000,4.000000,4.000000,4.000000,4.000000,4.000000,4.000000,4.000000,4.000000,4.000000,4.000000,4.000000,4.000000,4.000000,4.000000,100.000000,,,,,,,,,,,,,,,,,,,,,,,,,,,,,,,,,,,,,,,,,,,,,,,,,,,,,,,,,,,,,,,,,,,,,,,,,,,,,,,,,,,,,,
1676060289.116142,1676060289.116779,109.000000,0.000000,4324.871582,4322.051270,4335.512695,4345.256348,4373.333496,4348.333496,4316.282227,4340.128418,4318.589844,4303.717773,4586.025879,4536.282227,4405.641113,4446.922852,3231.000000,4.000000,85.000000,,,,0.000000,4.000000,4.000000,4.000000,4.000000,4.000000,4.000000,4.000000,4.000000,4.000000,4.000000,4.000000,4.000000,4.000000,4.000000,100.000000,,,,,,,,,,,,,,,,,,,,,,,,,,,,,,,,,,,,,,,,,,,,,,,,,,,,,,,,,,,,,,,,,,,,,,,,,,,,,,,,,,,,,,
1676060289.123951,1676060289.124687,110.000000,0.000000,4312.948730,4302.692383,4321.410156,4326.666504,4358.205078,4329.230957,4304.871582,4328.461426,4311.922852,4287.179688,4562.692383,4523.333496,4385.384766,4434.230957,2718.000000,4.000000,85.000000,,,,0.000000,4.000000,4.000000,4.000000,4.000000,4.000000,4.000000,4.000000,4.000000,4.000000,4.000000,4.000000,4.000000,4.000000,4.000000,100.000000,,,,,,,,,,,,,,,,,2.051013,1.301553,0.868329,1.381152,1.386796,22.981268,5.219320,0.483920,1.107248,1.445133,1.292194,1.185875,0.984755,0.971525,1.137991,4.034101,1.974440,0.733269,1.009596,1.046559,8.438201,2.387120,1.810314,1.172018,0.778649,1.417145,0.776056,0.460443,0.800274,0.521146,0.691683,0.888712,0.923658,0.927800,0.931444,1.273346,3.554884,1.031259,0.891441,0.937473,1.121697,3.049886,0.948899,0.897112,1.185901,1.521762,2.264780,1.452683,1.217869,1.665571,7.845737,4.453418,1.540396,1.803917,2.075936,4.500805,3.398766,1.779644,1.599081,2.061745,12.799439,4.966691,1.321161,1.748773,1.906764,11.879605,8.992804,2.841520,3.293121,1.866777
1676060289.131759,1676060289.132496,111.000000,0.000000,4298.333496,4280.897461,4309.230957,4313.846191,4343.846191,4323.077148,4299.743652,4315.384766,4300.769043,4272.948730,4549.358887,4508.205078,4377.436035,4418.589844,2897.000000,4.000000,85.000000,,,,0.000000,4.000000,4.000000,4.000000,4.000000,4.000000,4.000000,4.000000,4.000000,4.000000,4.000000,4.000000,4.000000,4.000000,4.000000,100.000000,,,,,,,,,,,,,,,,,,,,,,,,,,,,,,,,,,,,,,,,,,,,,,,,,,,,,,,,,,,,,,,,,,,,,,,,,,,,,,,,,,,,,,
1676060289.139568,1676060289.140204,112.000000,0.000000,4292.436035,4283.846191,4305.000000,4314.230957,4350.897461,4337.307617,4308.461426,4319.743652,4298.205078,4276.538574,4541.538574,4503.589844,4380.769043,4411.794922,3112.000000,4.000000,85.000000,,,,0.000000,4.000000,4.000000,4.000000,4.000000,4.000000,4.000000,4.000000,4.000000,4.000000,4.000000,4.000000,4.000000,4.000000,4.000000,100.000000,,,,,,,,,,,,,,,,,,,,,,,,,,,,,,,,,,,,,,,,,,,,,,,,,,,,,,,,,,,,,,,,,,,,,,,,,,,,,,,,,,,,,,
1676060289.147376,1676060289.148013,113.000000,0.000000,4306.153809,4305.897461,4310.897461,4328.205078,4365.512695,4348.077148,4323.461426,4337.436035,4311.410156,4292.051270,4545.897461,4517.436035,4391.538574,4426.025879,3231.000000,4.000000,85.000000,,,,0.000000,4.000000,4.000000,4.000000,4.000000,4.000000,4.000000,4.000000,4.000000,4.000000,4.000000,4.000000,4.000000,4.000000,4.000000,100.000000,,,,,,,,,,,,,,,,,,,,,,,,,,,,,,,,,,,,,,,,,,,,,,,,,,,,,,,,,,,,,,,,,,,,,,,,,,,,,,,,,,,,,,
1676060289.155184,1676060289.155721,114.000000,0.000000,4312.692383,4313.717773,4317.948730,4337.692383,4365.000000,4344.358887,4329.487305,4344.358887,4321.666504,4303.846191,4555.256348,4525.512695,4402.692383,4441.922852,2718.000000,4.000000,85.000000,,,,0.000000,4.000000,4.000000,4.000000,4.000000,4.000000,4.000000,4.000000,4.000000,4.000000,4.000000,4.000000,4.000000,4.000000,4.000000,100.000000,,,,,,,,,,,,,,,,,,,,,,,,,,,,,,,,,,,,,,,,,,,,,,,,,,,,,,,,,,,,,,,,,,,,,,,,,,,,,,,,,,,,,,
1676060289.162993,1676060289.163530,115.000000,0.000000,4302.051270,4300.512695,4315.128418,4326.282227,4355.512695,4341.538574,4322.692383,4332.563965,4310.769043,4296.410156,4540.128418,4513.077148,4396.153809,4433.205078,2897.000000,4.000000,85.000000,,,,0.000000,4.000000,4.000000,4.000000,4.000000,4.000000,4.000000,4.000000,4.000000,4.000000,4.000000,4.000000,4.000000,4.000000,4.000000,100.000000,,,,,,,,,,,,,,,,,,,,,,,,,,,,,,,,,,,,,,,,,,,,,,,,,,,,,,,,,,,,,,,,,,,,,,,,,,,,,,,,,,,,,,
1676060289.170801,1676060289.171238,116.000000,0.000000,4298.333496,4293.077148,4305.769043,4316.153809,4349.743652,4342.692383,4309.230957,4314.615234,4294.487305,4274.615234,4513.205078,4501.538574,4379.358887,4417.307617,3112.000000,4.000000,85.000000,,,,0.000000,4.000000,4.000000,4.000000,4.000000,4.000000,4.000000,4.000000,4.000000,4.000000,4.000000,4.000000,4.000000,4.000000,4.000000,100.000000,,,,,,,,,,,,,,,,,,,,,,,,,,,,,,,,,,,,,,,,,,,,,,,,,,,,,,,,,,,,,,,,,,,,,,,,,,,,,,,,,,,,,,
1676060289.178609,1676060289.179047,117.000000,0.000000,4302.692383,4295.897461,4301.666504,4317.436035,4347.307617,4335.769043,4299.487305,4303.205078,4286.666504,4265.641113,4506.922852,4498.974121,4377.436035,4415.641113,3231.000000,4.000000,85.000000,,,,0.000000,4.000000,4.000000,4.000000,4.000000,4.000000,4.000000,4.000000,4.000000,4.000000,4.000000,4.000000,4.000000,4.000000,4.000000,100.000000,,,,,,,,,,,,,,,,,,,,,,,,,,,,,,,,,,,,,,,,,,,,,,,,,,,,,,,,,,,,,,,,,,,,,,,,,,,,,,,,,,,,,,
1676060289.186418,1676060289.186755,118.000000,0.000000,4302.692383,4297.436035,4305.384766,4316.666504,4343.974121,4327.307617,4298.846191,4300.128418,4284.358887,4274.743652,4505.384766,4495.897461,4380.128418,4417.692383,2718.000000,4.000000,85.000000,,,,0.000000,4.000000,4.000000,4.000000,4.000000,4.000000,4.000000,4.000000,4.000000,4.000000,4.000000,4.000000,4.000000,4.000000,4.000000,100.000000,,,,,,,,,,,,,,,,,,,,,,,,,,,,,,,,,,,,,,,,,,,,,,,,,,,,,,,,,,,,,,,,,,,,,,,,,,,,,,,,,,,,,,
1676060289.194226,1676060289.194564,119.000000,0.000000,4294.358887,4290.769043,4298.077148,4307.436035,4333.077148,4321.666504,4294.487305,4297.307617,4278.461426,4267.820313,4488.333496,4489.102539,4363.974121,4406.153809,2897.000000,4.000000,85.000000,,,,0.000000,4.000000,4.000000,4.000000,4.000000,4.000000,4.000000,4.000000,4.000000,4.000000,4.000000,4.000000,4.000000,4.000000,4.000000,100.000000,,,,,,,,,,,,,,,,,,,,,,,,,,,,,,,,,,,,,,,,,,,,,,,,,,,,,,,,,,,,,,,,,,,,,,,,,,,,,,,,,,,,,,
1676060289.202035,1676060289.202272,120.000000,0.000000,4291.794922,4289.102539,4289.487305,4306.153809,4331.794922,4324.102539,4290.897461,4296.922852,4280.512695,4257.820313,4482.948730,4492.179688,4360.384766,4401.025879,3112.000000,4.000000,85.000000,,,,0.000000,4.000000,4.000000,4.000000,4.000000,4.000000,4.000000,4.000000,4.000000,4.000000,4.000000,4.000000,4.000000,4.000000,4.000000,100.000000,,,,,,,,,,,,,,,,,,,,,,,,,,,,,,,,,,,,,,,,,,,,,,,,,,,,,,,,,,,,,,,,,,,,,,,,,,,,,,,,,,,,,,
1676060289.209843,1676060289.210081,121.000000,0.000000,4306.666504,4306.025879,4306.410156,4321.666504,4348.077148,4335.769043,4304.871582,4314.871582,4304.871582,4284.102539,4505.128418,4510.641113,4391.282227,4423.846191,3231.000000,4.000000,85.000000,,,,0.000000,4.000000,4.000000,4.000000,4.000000,4.000000,4.000000,4.000000,4.000000,4.000000,4.000000,4.000000,4.000000,4.000000,4.000000,100.000000,,,,,,,,,,,,,,,,,,,,,,,,,,,,,,,,,,,,,,,,,,,,,,,,,,,,,,,,,,,,,,,,,,,,,,,,,,,,,,,,,,,,,,
1676060289.217651,1676060289.217789,122.000000,0.000000,4312.692383,4312.436035,4318.077148,4328.205078,4352.692383,4340.256348,4317.692383,4333.205078,4322.179688,4311.153809,4517.563965,4511.922852,4403.717773,4435.512695,2718.000000,4.000000,85.000000,,,,0.000000,4.000000,4.000000,4.000000,4.000000,4.000000,4.000000,4.000000,4.000000,4.000000,4.000000,4.000000,4.000000,4.000000,4.000000,100.000000,,,,,,,,,,,,,,,,,,,,,,,,,,,,,,,,,,,,,,,,,,,,,,,,,,,,,,,,,,,,,,,,,,,,,,,,,,,,,,,,,,,,,,
1676060289.225460,1676060289.225698,123.000000,0.000000,4290.384766,4289.871582,4293.077148,4306.410156,4331.410156,4328.846191,4302.692383,4314.102539,4307.692383,4290.641113,4488.461426,4480.128418,4368.589844,4403.205078,2897.000000,4.000000,85.000000,,,,0.000000,4.000000,4.000000,4.000000,4.000000,4.000000,4.000000,4.000000,4.000000,4.000000,4.000000,4.000000,4.000000,4.000000,4.000000,100.000000,,,,,,,,,,,,,,,,,,,,,,,,,,,,,,,,,,,,,,,,,,,,,,,,,,,,,,,,,,,,,,,,,,,,,,,,,,,,,,,,,,,,,,
1676060289.233268,1676060289.233506,124.000000,0.000000,4281.282227,4275.897461,4278.205078,4289.615234,4321.153809,4326.538574,4288.205078,4288.846191,4286.666504,4260.512695,4461.666504,4463.077148,4349.230957,4382.436035,3112.000000,4.000000,85.000000,,,,0.000000,4.000000,4.000000,4.000000,4.000000,4.000000,4.000000,4.000000,4.000000,4.000000,4.000000,4.000000,4.000000,4.000000,4.000000,100.000000,,,,,,,,,,,,,,,,,,,,,,,,,,,,,,,,,,,,,,,,,,,,,,,,,,,,,,,,,,,,,,,,,,,,,,,,,,,,,,,,,,,,,,
1676060289.241077,1676060289.241315,125.000000,0.000000,4300.641113,4292.948730,4298.333496,4306.794922,4333.461426,4338.077148,4298.333496,4298.461426,4289.230957,4264.615234,4475.641113,4481.922852,4376.666504,4408.205078,3231.000000,4.000000,85.000000,,,,0.000000,4.000000,4.000000,4.000000,4.000000,4.000000,4.000000,4.000000,4.000000,4.000000,4.000000,4.000000,4.000000,4.000000,4.000000,100.000000,,,,,,,,,,,,,,,,,,,,,,,,,,,,,,,,,,,,,,,,,,,,,,,,,,,,,,,,,,,,,,,,,,,,,,,,,,,,,,,,,,,,,,
1676060289.248885,1676060289.249023,126.000000,0.000000,4309.230957,4308.717773,4313.589844,4325.512695,4339.230957,4334.871582,4310.641113,4313.461426,4299.102539,4285.000000,4495.128418,4496.153809,4392.563965,4433.333496,2718.000000,4.000000,85.000000,,,,0.000000,4.000000,4.000000,4.000000,4.000000,4.000000,4.000000,4.000000,4.000000,4.000000,4.000000,4.000000,4.000000,4.000000,4.000000,100.000000,,,,,,,,,,,,,,,,,2.249740,1.034383,0.974358,1.175963,1.422582,29.259586,7.801702,0.338384,0.991703,1.498534,1.413321,0.910196,1.104584,0.950628,1.241107,4.582893,2.179849,0.672883,0.935072,1.112763,2.573123,0.710649,0.689071,0.566318,0.766995,1.565242,0.681792,0.499396,0.651240,0.546376,0.660719,0.858896,0.860368,0.839422,0.933468,1.148256,3.616117,1.117390,0.897073,0.975285,1.171855,3.176815,1.083017,0.933967,1.265563,1.571491,2.452219,1.721166,1.213531,1.766269,9.750421,5.466401,2.577182,1.668533,2.194090,4.198193,3.391193,2.418678,1.560462,2.142705,15.954068,6.766356,2.194450,1.593908,2.047565,11.363990,8.454276,3.356257,2.949890,2.090387
1676060289.256693,1676060289.256932,127.000000,0.000000,4308.077148,4305.641113,4311.282227,4326.153809,4334.743652,4327.563965,4310.512695,4315.128418,4303.717773,4296.153809,4490.128418,4495.897461,4384.615234,4428.589844,85.000000,4.000000,85.000000,,,,0.000000,4.000000,4.000000,4.000000,4.000000,4.000000,4.000000,4.000000,4.000000,4.000000,4.000000,4.000000,4.000000,4.000000,4.000000,100.000000,,,,,,,,,,,,,,,,,,,,,,,,,,,,,,,,,,,,,,,,,,,,,,,,,,,,,,,,,,,,,,,,,,,,,,,,,,,,,,,,,,,,,,
1676060289.264502,1676060289.264740,0.000000,0.000000,4309.615234,4297.820313,4302.820313,4318.333496,4329.871582,4328.077148,4300.897461,4310.512695,4298.589844,4284.230957,4474.487305,4489.487305,4383.077148,4415.897461,2516.000000,4.000000,85.000000,,,,0.000000,4.000000,4.000000,4.000000,4.000000,4.000000,4.000000,4.000000,4.000000,4.000000,4.000000,4.000000,4.000000,4.000000,4.000000,100.000000,,,,,,,,,,,,,,,,,,,,,,,,,,,,,,,,,,,,,,,,,,,,,,,,,,,,,,,,,,,,,,,,,,,,,,,,,,,,,,,,,,,,,,
1676060289.272310,1676060289.272648,1.000000,0.000000,4303.461426,4291.666504,4294.487305,4305.641113,4323.717773,4320.000000,4291.922852,4302.307617,4283.205078,4263.589844,4460.897461,4476.282227,4375.897461,4410.897461,2483.000000,4.000000,85.000000,,,,0.000000,4.000000,4.000000,4.000000,4.000000,4.000000,4.000000,4.000000,4.000000,4.000000,4.000000,4.000000,4.000000,4.000000,4.000000,100.000000,,,,,,,,,,,,,,,,,,,,,,,,,,,,,,,,,,,,,,,,,,,,,,,,,,,,,,,,,,,,,,,,,,,,,,,,,,,,,,,,,,,,,,
1676060289.280119,1676060289.280457,2.000000,0.000000,4291.794922,4286.922852,4288.077148,4296.410156,4314.230957,4310.128418,4287.692383,4290.897461,4275.512695,4260.384766,4453.846191,4466.282227,4364.487305,4409.871582,2396.000000,4.000000,85.000000,,,,0.000000,4.000000,4.000000,4.000000,4.000000,4.000000,4.000000,4.000000,4.000000,4.000000,4.000000,4.000000,4.000000,4.000000,4.000000,100.000000,,,,,,,,,,,,,,,,,,,,,,,,,,,,,,,,,,,,,,,,,,,,,,,,,,,,,,,,,,,,,,,,,,,,,,,,,,,,,,,,,,,,,,
1676060289.287927,1676060289.288365,3.000000,0.000000,4291.410156,4291.538574,4291.282227,4299.743652,4315.000000,4317.948730,4294.743652,4295.000000,4286.666504,4272.307617,4466.538574,4476.538574,4377.179688,4416.025879,2476.000000,4.000000,85.000000,,,,0.000000,4.000000,4.000000,4.000000,4.000000,4.000000,4.000000,4.000000,4.000000,4.000000,4.000000,4.000000,4.000000,4.000000,4.000000,100.000000,,,,,,,,,,,,,,,,,,,,,,,,,,,,,,,,,,,,,,,,,,,,,,,,,,,,,,,,,,,,,,,,,,,,,,,,,,,,,,,,,,,,,,
1676060289.295735,1676060289.296174,4.000000,0.000000,4308.333496,4299.615234,4306.538574,4310.769043,4326.025879,4332.179688,4309.615234,4309.871582,4305.897461,4284.743652,4484.358887,4495.384766,4396.794922,4431.025879,2436.000000,4.000000,85.000000,,,,0.000000,4.000000,4.000000,4.000000,4.000000,4.000000,4.000000,4.000000,4.000000,4.000000,4.000000,4.000000,4.000000,4.000000,4.000000,100.000000,,,,,,,,,,,,,,,,,,,,,,,,,,,,,,,,,,,,,,,,,,,,,,,,,,,,,,,,,,,,,,,,,,,,,,,,,,,,,,,,,,,,,,
1676060289.303544,1676060289.304082,5.000000,0.000000,4311.153809,4293.205078,4311.410156,4308.333496,4318.333496,4324.487305,4302.692383,4303.846191,4301.410156,4276.538574,4472.179688,4492.948730,4383.077148,4429.230957,2371.000000,4.000000,85.000000,,,,0.000000,4.000000,4.000000,4.000000,4.000000,4.000000,4.000000,4.000000,4.000000,4.000000,4.000000,4.000000,4.000000,4.000000,4.000000,100.000000,,,,,,,,,,,,,,,,,,,,,,,,,,,,,,,,,,,,,,,,,,,,,,,,,,,,,,,,,,,,,,,,,,,,,,,,,,,,,,,,,,,,,,
1676060289.311352,1676060289.311890,6.000000,0.000000,4305.384766,4298.461426,4308.589844,4305.641113,4306.153809,4310.512695,4289.743652,4298.846191,4290.769043,4271.153809,4461.410156,4491.153809,4371.922852,4424.102539,2231.000000,4.000000,85.000000,,,,0.000000,4.000000,4.000000,4.000000,4.000000,4.000000,4.000000,4.000000,4.000000,4.000000,4.000000,4.000000,4.000000,4.000000,4.000000,100.000000,,,,,,,,,,,,,,,,,,,,,,,,,,,,,,,,,,,,,,,,,,,,,,,,,,,,,,,,,,,,,,,,,,,,,,,,,,,,,,,,,,,,,,
1676060289.319160,1676060289.319799,7.000000,0.000000,4323.974121,4330.897461,4322.692383,4327.179688,4319.358887,4317.436035,4307.820313,4318.846191,4305.641113,4289.743652,4482.563965,4512.948730,4388.589844,4444.743652,2234.000000,4.000000,85.000000,,,,0.000000,4.000000,4.000000,4.000000,4.000000,4.000000,4.000000,4.000000,4.000000,4.000000,4.000000,4.000000,4.000000,4.000000,4.000000,100.000000,,,,,,,,,,,,,,,,,,,,,,,,,,,,,,,,,,,,,,,,,,,,,,,,,,,,,,,,,,,,,,,,,,,,,,,,,,,,,,,,,,,,,,
1676060289.326969,1676060289.327607,8.000000,0.000000,4333.077148,4343.461426,4325.000000,4336.794922,4323.846191,4320.512695,4318.205078,4324.871582,4311.538574,4293.589844,4475.641113,4510.000000,4376.410156,4442.820313,2284.000000,4.000000,85.000000,,,,0.000000,4.000000,4.000000,4.000000,4.000000,4.000000,4.000000,4.000000,4.000000,4.000000,4.000000,4.000000,4.000000,4.000000,4.000000,100.000000,,,,,,,,,,,,,,,,,,,,,,,,,,,,,,,,,,,,,,,,,,,,,,,,,,,,,,,,,,,,,,,,,,,,,,,,,,,,,,,,,,,,,,
1676060289.334777,1676060289.335316,9.000000,0.000000,4321.153809,4343.205078,4305.256348,4324.487305,4307.436035,4308.589844,4298.974121,4308.717773,4294.615234,4275.000000,4437.948730,4478.974121,4344.487305,4416.794922,2261.000000,4.000000,85.000000,,,,0.000000,4.000000,4.000000,4.000000,4.000000,4.000000,4.000000,4.000000,4.000000,4.000000,4.000000,4.000000,4.000000,4.000000,4.000000,100.000000,,,,,,,,,,,,,,,,,,,,,,,,,,,,,,,,,,,,,,,,,,,,,,,,,,,,,,,,,,,,,,,,,,,,,,,,,,,,,,,,,,,,,,
1676060289.342586,1676060289.343124,10.000000,0.000000,4329.743652,4368.077148,4312.179688,4338.461426,4314.615234,4312.820313,4300.897461,4310.769043,4291.410156,4269.743652,4442.179688,4480.256348,4347.436035,4428.461426,2728.000000,4.000000,85.000000,,,,0.000000,4.000000,4.000000,4.000000,4.000000,4.000000,4.000000,4.000000,4.000000,4.000000,4.000000,4.000000,4.000000,4.000000,4.000000,100.000000,,,,,,,,,,,,,,,,,,,,,,,,,,,,,,,,,,,,,,,,,,,,,,,,,,,,,,,,,,,,,,,,,,,,,,,,,,,,,,,,,,,,,,
1676060289.350394,1676060289.350833,11.000000,0.000000,4344.871582,4385.256348,4336.025879,4360.256348,4330.512695,4332.820313,4321.794922,4322.436035,4301.794922,4281.538574,4466.538574,4501.794922,4363.205078,4450.769043,2924.000000,4.000000,85.000000,,,,0.000000,4.000000,4.000000,4.000000,4.000000,4.000000,4.000000,4.000000,4.000000,4.000000,4.000000,4.000000,4.000000,4.000000,4.000000,100.000000,,,,,,,,,,,,,,,,,,,,,,,,,,,,,,,,,,,,,,,,,,,,,,,,,,,,,,,,,,,,,,,,,,,,,,,,,,,,,,,,,,,,,,
1676060289.358202,1676060289.358641,12.000000,0.000000,4328.589844,4366.538574,4321.922852,4337.820313,4313.974121,4324.743652,4310.384766,4303.717773,4287.179688,4273.589844,4443.974121,4484.615234,4347.692383,4431.410156,3131.000000,4.000000,85.000000,,,,0.000000,4.000000,4.000000,4.000000,4.000000,4.000000,4.000000,4.000000,4.000000,4.000000,4.000000,4.000000,4.000000,4.000000,4.000000,100.000000,,,,,,,,,,,,,,,,,,,,,,,,,,,,,,,,,,,,,,,,,,,,,,,,,,,,,,,,,,,,,,,,,,,,,,,,,,,,,,,,,,,,,,
1676060289.366011,1676060289.366350,13.000000,0.000000,4320.641113,4356.922852,4304.102539,4323.205078,4303.461426,4310.897461,4296.153809,4285.641113,4271.025879,4263.846191,4417.563965,4465.769043,4334.102539,4414.487305,3243.000000,4.000000,85.000000,,,,0.000000,4.000000,4.000000,4.000000,4.000000,4.000000,4.000000,4.000000,4.000000,4.000000,4.000000,4.000000,4.000000,4.000000,4.000000,100.000000,,,,,,,,,,,,,,,,,,,,,,,,,,,,,,,,,,,,,,,,,,,,,,,,,,,,,,,,,,,,,,,,,,,,,,,,,,,,,,,,,,,,,,
1676060289.373819,1676060289.374158,14.000000,0.000000,4336.794922,4372.948730,4323.717773,4349.743652,4323.717773,4324.358887,4312.436035,4303.589844,4286.538574,4277.179688,4443.846191,4491.794922,4349.102539,4435.769043,2728.000000,4.000000,85.000000,,,,0.000000,4.000000,4.000000,4.000000,4.000000,4.000000,4.000000,4.000000,4.000000,4.000000,4.000000,4.000000,4.000000,4.000000,4.000000,100.000000,1.000000,25.000000,4.000000,1.000000,3.000000,3.000000,1.000000,4.000000,4.000000,4.000000,4.000000,4.000000,1.000000,3.000000,3.000000,3.000000,2.480002,1.119585,1.186981,1.013587,1.404220,34.096504,10.248045,0.321005,0.910960,1.504877,1.724753,0.961506,1.290600,0.931013,1.326986,5.234374,2.544393,0.716235,0.882318,1.171854,1.068136,0.423520,0.468167,0.385602,0.795140,1.615567,0.580157,0.589163,0.506954,0.589275,0.617543,0.822133,0.821978,0.736449,0.937704,1.099907,3.433047,1.229294,0.882515,1.014989,1.311022,3.099270,1.229201,0.953351,1.324316,1.721035,2.635413,2.052642,1.260503,1.805698,11.948851,6.684641,3.887172,1.562834,2.303460,4.149463,3.658401,3.225653,1.504248,2.178248,18.921062,8.846988,3.225623,1.498785,2.167833,10.222759,7.786632,3.954437,2.493741,2.306268
1676060289.381627,1676060289.381867,15.000000,0.000000,4340.128418,4380.128418,4341.282227,4357.179688,4329.102539,4328.974121,4323.846191,4323.077148,4304.358887,4283.589844,4475.641113,4513.589844,4361.666504,4447.051270,2924.000000,4.000000,85.000000,,,,0.000000,4.000000,4.000000,4.000000,4.000000,4.000000,4.000000,4.000000,4.000000,4.000000,4.000000,4.000000,4.000000,4.000000,4.000000,100.000000,,,,,,,,,,,,,,,,,,,,,,,,,,,,,,,,,,,,,,,,,,,,,,,,,,,,,,,,,,,,,,,,,,,,,,,,,,,,,,,,,,,,,,
1676060289.389436,1676060289.389675,16.000000,0.000000,4331.153809,4368.333496,4331.282227,4336.538574,4312.948730,4312.436035,4311.153809,4311.153809,4298.205078,4267.692383,4470.000000,4499.871582,4356.410156,4436.025879,0.000000,4.000000,85.000000,,,,0.000000,4.000000,4.000000,4.000000,4.000000,4.000000,4.000000,4.000000,4.000000,4.000000,4.000000,4.000000,4.000000,4.000000,4.000000,100.000000,,,,,,,,,,,,,,,,,,,,,,,,,,,,,,,,,,,,,,,,,,,,,,,,,,,,,,,,,,,,,,,,,,,,,,,,,,,,,,,,,,,,,,
1676060289.397244,1676060289.397384,17.000000,0.000000,4317.051270,4356.538574,4315.000000,4325.512695,4302.948730,4303.846191,4296.794922,4290.769043,4282.179688,4258.333496,4444.487305,4481.025879,4337.948730,4424.743652,0.000000,4.000000,85.000000,,,,0.000000,4.000000,4.000000,4.000000,4.000000,4.000000,4.000000,4.000000,4.000000,4.000000,4.000000,4.000000,4.000000,4.000000,4.000000,100.000000,,,,,,,,,,,,,,,,,,,,,,,,,,,,,,,,,,,,,,,,,,,,,,,,,,,,,,,,,,,,,,,,,,,,,,,,,,,,,,,,,,,,,,
1676060289.405053,1676060289.405292,18.000000,0.000000,4310.128418,4358.205078,4310.512695,4326.666504,4307.051270,4308.846191,4298.333496,4296.153809,4284.871582,4272.179688,4433.461426,4478.461426,4325.641113,4417.179688,0.000000,4.000000,85.000000,,,,0.000000,4.000000,4.000000,4.000000,4.000000,4.000000,4.000000,4.000000,4.000000,4.000000,4.000000,4.000000,4.000000,4.000000,4.000000,100.000000,,,,,,,,,,,,,,,,,,,,,,,,,,,,,,,,,,,,,,,,,,,,,,,,,,,,,,,,,,,,,,,,,,,,,,,,,,,,,,,,,,,,,,
1676060289.412861,1676060289.413101,19.000000,0.000000,4319.743652,4370.769043,4314.230957,4332.948730,4316.794922,4311.025879,4310.384766,4318.846191,4305.000000,4284.487305,4444.615234,4481.410156,4332.051270,4414.743652,0.000000,4.000000,85.000000,,,,0.000000,4.000000,4.000000,4.000000,4.000000,4.000000,4.000000,4.000000,4.000000,4.000000,4.000000,4.000000,4.000000,4.000000,4.000000,100.000000,,,,,,,,,,,,,,,,,,,,,,,,,,,,,,,,,,,,,,,,,,,,,,,,,,,,,,,,,,,,,,,,,,,,,,,,,,,,,,,,,,,,,,
1676060289.420669,1676060289.421009,20.000000,0.000000,4321.794922,4376.794922,4314.743652,4335.769043,4318.205078,4313.205078,4314.871582,4321.282227,4312.820313,4281.666504,4447.307617,4480.384766,4336.922852,4414.615234,0.000000,4.000000,85.000000,,,,0.000000,4.000000,4.000000,4.000000,4.000000,4.000000,4.000000,4.000000,4.000000,4.000000,4.000000,4.000000,4.000000,4.000000,4.000000,100.000000,,,,,,,,,,,,,,,,,,,,,,,,,,,,,,,,,,,,,,,,,,,,,,,,,,,,,,,,,,,,,,,,,,,,,,,,,,,,,,,,,,,,,,
1676060289.428478,1676060289.428817,21.000000,0.000000,4307.051270,4365.512695,4305.512695,4324.102539,4308.589844,4310.256348,4303.846191,4299.487305,4296.794922,4268.205078,4428.333496,4472.948730,4325.897461,4410.128418,0.000000,4.000000,85.000000,,,,0.000000,4.000000,4.000000,4.000000,4.000000,4.000000,4.000000,4.000000,4.000000,4.000000,4.000000,4.000000,4.000000,4.000000,4.000000,100.000000,,,,,,,,,,,,,,,,,,,,,,,,,,,,,,,,,,,,,,,,,,,,,,,,,,,,,,,,,,,,,,,,,,,,,,,,,,,,,,,,,,,,,,
1676060289.436286,1676060289.436726,22.000000,0.000000,4306.794922,4359.743652,4308.333496,4322.436035,4306.794922,4297.820313,4303.077148,4296.025879,4289.102539,4262.051270,4421.410156,4470.512695,4326.282227,4408.846191,0.000000,4.000000,85.000000,,,,0.000000,4.000000,4.000000,4.000000,4.000000,4.000000,4.000000,4.000000,4.000000,4.000000,4.000000,4.000000,4.000000,4.000000,4.000000,100.000000,,,,,,,,,,,,,,,,,,,,,,,,,,,,,,,,,,,,,,,,,,,,,,,,,,,,,,,,,,,,,,,,,,,,,,,,,,,,,,,,,,,,,,
1676060289.444095,1676060289.444534,23.000000,0.000000,4320.256348,4368.846191,4328.461426,4335.256348,4316.922852,4295.512695,4316.538574,4315.384766,4299.487305,4265.512695,4434.487305,4481.922852,4337.948730,4416.153809,0.000000,4.000000,85.000000,,,,0.000000,4.000000,4.000000,4.000000,4.000000,4.000000,4.000000,4.000000,4.000000,4.000000,4.000000,4.000000,4.000000,4.000000,4.000000,100.000000,,,,,,,,,,,,,,,,,,,,,,,,,,,,,,,,,,,,,,,,,,,,,,,,,,,,,,,,,,,,,,,,,,,,,,,,,,,,,,,,,,,,,,
1676060289.451903,1676060289.452343,24.000000,0.000000,4307.820313,4359.487305,4319.358887,4323.461426,4308.974121,4296.282227,4307.820313,4303.846191,4285.641113,4256.282227,4419.743652,4470.128418,4321.025879,4402.563965,0.000000,4.000000,85.000000,,,,0.000000,4.000000,4.000000,4.000000,4.000000,4.000000,4.000000,4.000000,4.000000,4.000000,4.000000,4.000000,4.000000,4.000000,4.000000,100.000000,,,,,,,,,,,,,,,,,,,,,,,,,,,,,,,,,,,,,,,,,,,,,,,,,,,,,,,,,,,,,,,,,,,,,,,,,,,,,,,,,,,,,,
1676060289.459711,1676060289.460051,25.000000,0.000000,4287.051270,4337.692383,4292.436035,4303.974121,4295.000000,4288.717773,4292.948730,4273.077148,4258.077148,4245.000000,4387.820313,4440.769043,4296.025879,4374.743652,0.000000,4.000000,85.000000,,,,0.000000,4.000000,4.000000,4.000000,4.000000,4.000000,4.000000,4.000000,4.000000,4.000000,4.000000,4.000000,4.000000,4.000000,4.000000,100.000000,,,,,,,,,,,,,,,,,,,,,,,,,,,,,,,,,,,,,,,,,,,,,,,,,,,,,,,,,,,,,,,,,,,,,,,,,,,,,,,,,,,,,,
1676060289.467520,1676060289.467959,26.000000,0.000000,4295.641113,4345.256348,4302.436035,4316.794922,4305.000000,4289.230957,4302.563965,4277.179688,4264.615234,4259.743652,4396.410156,4446.153809,4308.077148,4382.820313,0.000000,4.000000,85.000000,,,,0.000000,4.000000,4.000000,4.000000,4.000000,4.000000,4.000000,4.000000,4.000000,4.000000,4.000000,4.000000,4.000000,4.000000,4.000000,100.000000,,,,,,,,,,,,,,,,,,,,,,,,,,,,,,,,,,,,,,,,,,,,,,,,,,,,,,,,,,,,,,,,,,,,,,,,,,,,,,,,,,,,,,
1676060289.475328,1676060289.475768,27.000000,0.000000,4312.948730,4364.487305,4328.717773,4333.077148,4316.538574,4295.897461,4314.102539,4297.179688,4288.205078,4278.589844,4426.794922,4472.436035,4331.666504,4413.461426,0.000000,4.000000,85.000000,,,,0.000000,4.000000,4.000000,4.000000,4.000000,4.000000,4.000000,4.000000,4.000000,4.000000,4.000000,4.000000,4.000000,4.000000,4.000000,100.000000,,,,,,,,,,,,,,,,,,,,,,,,,,,,,,,,,,,,,,,,,,,,,,,,,,,,,,,,,,,,,,,,,,,,,,,,,,,,,,,,,,,,,,
1676060289.483137,1676060289.483676,28.000000,0.000000,4315.384766,4361.794922,4328.974121,4327.179688,4309.358887,4287.948730,4311.666504,4303.974121,4292.563965,4271.282227,4433.205078,4479.358887,4336.025879,4418.974121,0.000000,4.000000,85.000000,,,,0.000000,4.000000,4.000000,4.000000,4.000000,4.000000,4.000000,4.000000,4.000000,4.000000,4.000000,4.000000,4.000000,4.000000,4.000000,100.000000,,,,,,,,,,,,,,,,,,,,,,,,,,,,,,,,,,,,,,,,,,,,,,,,,,,,,,,,,,,,,,,,,,,,,,,,,,,,,,,,,,,,,,
1676060289.490945,1676060289.491485,29.000000,0.000000,4314.487305,4357.948730,4325.000000,4324.102539,4303.589844,4280.128418,4311.410156,4304.615234,4290.512695,4267.179688,4427.307617,4476.410156,4338.461426,4411.794922,0.000000,4.000000,85.000000,,,,0.000000,4.000000,4.000000,4.000000,4.000000,4.000000,4.000000,4.000000,4.000000,4.000000,4.000000,4.000000,4.000000,4.000000,4.000000,100.000000,,,,,,,,,,,,,,,,,,,,,,,,,,,,,,,,,,,,,,,,,,,,,,,,,,,,,,,,,,,,,,,,,,,,,,,,,,,,,,,,,,,,,,
1676060289.498753,1676060289.499393,30.000000,0.000000,4313.974121,4356.538574,4325.128418,4330.000000,4307.436035,4282.436035,4311.666504,4303.077148,4292.051270,4277.692383,4428.205078,4479.102539,4338.333496,4413.846191,0.000000,4.000000,85.000000,,,,0.000000,4.000000,4.000000,4.000000,4.000000,4.000000,4.000000,4.000000,4.000000,4.000000,4.000000,4.000000,4.000000,4.000000,4.000000,100.000000,,,,,,,,,,,,,,,,,2.779944,1.405068,1.371144,0.928855,1.341330,34.994133,11.813700,0.407080,0.882628,1.475428,2.318517,1.222753,1.436959,0.909145,1.375765,5.744765,2.880074,0.810802,0.864664,1.216370,0.949252,0.494836,0.459438,0.329333,0.821534,1.558763,0.477178,0.719985,0.398258,0.648768,0.603901,0.759502,0.809942,0.648182,0.943882,1.157790,3.101839,1.300338,0.867610,1.054128,1.574894,2.866258,1.347455,0.962596,1.348602,2.002618,2.714914,2.317081,1.356194,1.782945,13.789352,7.556619,5.117446,1.503935,2.375129,4.185633,3.942479,3.901947,1.446911,2.160284,20.575874,10.325635,4.126993,1.458367,2.243680,8.941981,7.006965,4.432134,2.031650,2.465689
1676060289.506562,1676060289.507201,31.000000,0.000000,4311.153809,4348.846191,4318.846191,4329.230957,4309.871582,4275.897461,4312.948730,4306.153809,4295.384766,4281.922852,4432.307617,4480.128418,4333.077148,4414.102539,0.000000,4.000000,85.000000,,,,0.000000,4.000000,4.000000,4.000000,4.000000,4.000000,4.000000,4.000000,4.000000,4.000000,4.000000,4.000000,4.000000,4.000000,4.000000,100.000000,,,,,,,,,,,,,,,,,,,,,,,,,,,,,,,,,,,,,,,,,,,,,,,,,,,,,,,,,,,,,,,,,,,,,,,,,,,,,,,,,,,,,,
1676060289.514370,1676060289.515010,32.000000,0.000000,4304.615234,4341.666504,4311.153809,4317.179688,4299.487305,4261.282227,4310.641113,4306.410156,4293.717773,4266.922852,4427.820313,4472.179688,4332.563965,4404.615234,0.000000,4.000000,85.000000,,,,0.000000,4.000000,4.000000,4.000000,4.000000,4.000000,4.000000,4.000000,4.000000,4.000000,4.000000,4.000000,4.000000,4.000000,4.000000,100.000000,,,,,,,,,,,,,,,,,,,,,,,,,,,,,,,,,,,,,,,,,,,,,,,,,,,,,,,,,,,,,,,,,,,,,,,,,,,,,,,,,,,,,,
1676060289.522178,1676060289.522818,33.000000,0.000000,4297.563965,4338.461426,4301.025879,4304.358887,4284.102539,4259.743652,4299.358887,4295.769043,4283.461426,4254.102539,4413.717773,4460.512695,4330.128418,4397.051270,0.000000,4.000000,85.000000,,,,0.000000,4.000000,4.000000,4.000000,4.000000,4.000000,4.000000,4.000000,4.000000,4.000000,4.000000,4.000000,4.000000,4.000000,4.000000,100.000000,,,,,,,,,,,,,,,,,,,,,,,,,,,,,,,,,,,,,,,,,,,,,,,,,,,,,,,,,,,,,,,,,,,,,,,,,,,,,,,,,,,,,,
1676060289.529987,1676060289.530527,34.000000,0.000000,4301.153809,4342.051270,4298.077148,4307.820313,4287.948730,4271.794922,4300.128418,4293.846191,4282.820313,4268.846191,4412.820313,4456.410156,4328.333496,4401.410156,0.000000,4.000000,85.000000,,,,0.000000,4.000000,4.000000,4.000000,4.000000,4.000000,4.000000,4.000000,4.000000,4.000000,4.000000,4.000000,4.000000,4.000000,4.000000,100.000000,,,,,,,,,,,,,,,,,,,,,,,,,,,,,,,,,,,,,,,,,,,,,,,,,,,,,,,,,,,,,,,,,,,,,,,,,,,,,,,,,,,,,,
1676060289.537795,1676060289.538335,35.000000,0.000000,4312.948730,4352.179688,4314.743652,4320.256348,4308.205078,4273.846191,4309.615234,4305.256348,4295.512695,4287.820313,4428.974121,4463.077148,4340.897461,4413.974121,0.000000,4.000000,85.000000,,,,0.000000,4.000000,4.000000,4.000000,4.000000,4.000000,4.000000,4.000000,4.000000,4.000000,4.000000,4.000000,4.000000,4.000000,4.000000,100.000000,,,,,,,,,,,,,,,,,,,,,,,,,,,,,,,,,,,,,,,,,,,,,,,,,,,,,,,,,,,,,,,,,,,,,,,,,,,,,,,,,,,,,,
1676060289.545604,1676060289.546044,36.000000,0.000000,4313.846191,4353.846191,4323.077148,4318.589844,4308.846191,4267.307617,4304.230957,4302.307617,4299.230957,4285.128418,4426.282227,4467.179688,4343.077148,4416.922852,0.000000,4.000000,85.000000,,,,0.000000,4.000000,4.000000,4.000000,4.000000,4.000000,4.000000,4.000000,4.000000,4.000000,4.000000,4.000000,4.000000,4.000000,4.000000,100.000000,,,,,,,,,,,,,,,,,,,,,,,,,,,,,,,,,,,,,,,,,,,,,,,,,,,,,,,,,,,,,,,,,,,,,,,,,,,,,,,,,,,,,,
1676060289.553412,1676060289.553952,37.000000,0.000000,4295.641113,4333.846191,4300.641113,4297.436035,4283.589844,4256.410156,4287.692383,4279.487305,4278.846191,4262.179688,4398.589844,4450.897461,4319.743652,4397.692383,0.000000,4.000000,85.000000,,,,0.000000,4.000000,4.000000,4.000000,4.000000,4.000000,4.000000,4.000000,4.000000,4.000000,4.000000,4.000000,4.000000,4.000000,4.000000,100.000000,,,,,,,,,,,,,,,,,,,,,,,,,,,,,,,,,,,,,,,,,,,,,,,,,,,,,,,,,,,,,,,,,,,,,,,,,,,,,,,,,,,,,,
1676060289.561220,1676060289.561761,38.000000,0.000000,4285.384766,4320.384766,4288.589844,4288.846191,4278.077148,4247.563965,4286.538574,4270.897461,4264.230957,4250.256348,4383.333496,4433.205078,4307.820313,4377.948730,0.000000,4.000000,85.000000,,,,0.000000,4.000000,4.000000,4.000000,4.000000,4.000000,4.000000,4.000000,4.000000,4.000000,4.000000,4.000000,4.000000,4.000000,4.000000,100.000000,,,,,,,,,,,,,,,,,,,,,,,,,,,,,,,,,,,,,,,,,,,,,,,,,,,,,,,,,,,,,,,,,,,,,,,,,,,,,,,,,,,,,,
1676060289.569029,1676060289.569569,39.000000,0.000000,4300.641113,4326.410156,4305.512695,4305.384766,4299.230957,4255.512695,4302.563965,4286.666504,4279.487305,4261.410156,4392.051270,4442.436035,4319.102539,4382.820313,0.000000,4.000000,85.000000,,,,0.000000,4.000000,4.000000,4.000000,4.000000,4.000000,4.000000,4.000000,4.000000,4.000000,4.000000,4.000000,4.000000,4.000000,4.000000,100.000000,,,,,,,,,,,,,,,,,,,,,,,,,,,,,,,,,,,,,,,,,,,,,,,,,,,,,,,,,,,,,,,,,,,,,,,,,,,,,,,,,,,,,,
1676060289.576837,1676060289.577278,40.000000,0.000000,4312.692383,4330.512695,4314.487305,4315.000000,4305.000000,4267.436035,4311.025879,4296.410156,4290.256348,4270.000000,4408.205078,4460.000000,4332.436035,4397.563965,0.000000,4.000000,85.000000,,,,0.000000,4.000000,4.000000,4.000000,4.000000,4.000000,4.000000,4.000000,4.000000,4.000000,4.000000,4.000000,4.000000,4.000000,4.000000,100.000000,,,,,,,,,,,,,,,,,,,,,,,,,,,,,,,,,,,,,,,,,,,,,,,,,,,,,,,,,,,,,,,,,,,,,,,,,,,,,,,,,,,,,,
1676060289.584645,1676060289.585086,41.000000,0.000000,4309.743652,4325.256348,4313.333496,4308.333496,4296.153809,4262.563965,4308.077148,4295.641113,4282.692383,4273.974121,4426.794922,4465.128418,4356.025879,4413.461426,0.000000,4.000000,85.000000,,,,0.000000,4.000000,4.000000,4.000000,4.000000,4.000000,4.000000,4.000000,4.000000,4.000000,4.000000,4.000000,4.000000,4.000000,4.000000,100.000000,,,,,,,,,,,,,,,,,,,,,,,,,,,,,,,,,,,,,,,,,,,,,,,,,,,,,,,,,,,,,,,,,,,,,,,,,,,,,,,,,,,,,,
1676060289.592454,1676060289.592795,42.000000,0.000000,4313.077148,4314.230957,4315.512695,4305.512695,4295.384766,4252.563965,4302.692383,4296.666504,4284.358887,4284.615234,4441.666504,4471.153809,4385.512695,4429.487305,0.000000,4.000000,85.000000,,,,0.000000,4.000000,4.000000,4.000000,4.000000,4.000000,4.000000,4.000000,4.000000,4.000000,4.000000,4.000000,4.000000,4.000000,4.000000,100.000000,,,,,,,,,,,,,,,,,,,,,,,,,,,,,,,,,,,,,,,,,,,,,,,,,,,,,,,,,,,,,,,,,,,,,,,,,,,,,,,,,,,,,,
1676060289.600262,1676060289.600603,43.000000,0.000000,4299.743652,4281.794922,4294.102539,4286.794922,4284.102539,4246.666504,4282.820313,4274.358887,4271.153809,4262.436035,4422.563965,4452.436035,4372.948730,4411.025879,0.000000,4.000000,85.000000,,,,0.000000,4.000000,4.000000,4.000000,4.000000,4.000000,4.000000,4.000000,4.000000,4.000000,4.000000,4.000000,4.000000,4.000000,4.000000,100.000000,,,,,,,,,,,,,,,,,,,,,,,,,,,,,,,,,,,,,,,,,,,,,,,,,,,,,,,,,,,,,,,,,,,,,,,,,,,,,,,,,,,,,,
1676060289.608071,1676060289.608312,44.000000,0.000000,4281.538574,4259.102539,4273.205078,4265.769043,4274.743652,4245.769043,4269.743652,4256.794922,4247.692383,4227.307617,4405.256348,4428.717773,4352.563965,4387.436035,0.000000,4.000000,85.000000,,,,0.000000,4.000000,4.000000,4.000000,4.000000,4.000000,4.000000,4.000000,4.000000,4.000000,4.000000,4.000000,4.000000,4.000000,4.000000,100.000000,,,,,,,,,,,,,,,,,,,,,,,,,,,,,,,,,,,,,,,,,,,,,,,,,,,,,,,,,,,,,,,,,,,,,,,,,,,,,,,,,,,,,,
1676060289.615879,1676060289.616120,45.000000,0.000000,4303.077148,4279.615234,4301.538574,4285.769043,4295.000000,4255.769043,4295.641113,4294.871582,4275.000000,4254.102539,4437.051270,4462.307617,4382.948730,4416.922852,0.000000,4.000000,85.000000,,,,0.000000,4.000000,4.000000,4.000000,4.000000,4.000000,4.000000,4.000000,4.000000,4.000000,4.000000,4.000000,4.000000,4.000000,4.000000,100.000000,,,,,,,,,,,,,,,,,,,,,,,,,,,,,,,,,,,,,,,,,,,,,,,,,,,,,,,,,,,,,,,,,,,,,,,,,,,,,,,,,,,,,,
1676060289.623687,1676060289.623829,46.000000,0.000000,4310.897461,4282.051270,4316.282227,4297.692383,4304.102539,4260.256348,4313.461426,4318.333496,4302.948730,4284.102539,4448.461426,4486.538574,4395.641113,4430.512695,0.000000,4.000000,85.000000,,,,0.000000,4.000000,4.000000,4.000000,4.000000,4.000000,4.000000,4.000000,4.000000,4.000000,4.000000,4.000000,4.000000,4.000000,4.000000,100.000000,,,,,,,,,,,,,,,,,3.195384,1.756138,1.447883,0.915119,1.259948,31.661238,11.991475,0.575813,0.902060,1.437261,3.213298,1.600046,1.494931,0.891296,1.384520,5.957947,3.038809,0.916626,0.887984,1.249108,1.049543,0.586337,0.455515,0.308077,0.834794,1.419960,0.382473,0.870982,0.339388,0.714942,0.657731,0.682043,0.837871,0.602614,0.951404,1.291936,2.740855,1.293005,0.880932,1.096044,1.919453,2.561263,1.401621,0.974106,1.341898,2.357605,2.626171,2.416647,1.489588,1.726369,14.843469,7.643913,5.907069,1.507981,2.395994,4.266377,4.053333,4.208299,1.419175,2.098538,20.366558,10.529717,4.621472,1.457222,2.263257,7.928050,6.126457,4.599946,1.664724,2.532495
1676060289.631496,1676060289.631737,47.000000,0.000000,4287.563965,4257.051270,4293.333496,4274.487305,4293.333496,4253.846191,4300.769043,4295.769043,4283.205078,4267.179688,4421.922852,4456.922852,4368.205078,4398.846191,0.000000,4.000000,85.000000,,,,0.000000,4.000000,4.000000,4.000000,4.000000,4.000000,4.000000,4.000000,4.000000,4.000000,4.000000,4.000000,4.000000,4.000000,4.000000,100.000000,,,,,,,,,,,,,,,,,,,,,,,,,,,,,,,,,,,,,,,,,,,,,,,,,,,,,,,,,,,,,,,,,,,,,,,,,,,,,,,,,,,,,,
1676060289.639304,1676060289.639545,48.000000,0.000000,4297.179688,4268.077148,4304.487305,4276.666504,4303.589844,4261.538574,4308.717773,4307.436035,4288.589844,4276.282227,4441.538574,4463.846191,4387.051270,4411.794922,0.000000,4.000000,85.000000,,,,0.000000,4.000000,4.000000,4.000000,4.000000,4.000000,4.000000,4.000000,4.000000,4.000000,4.000000,4.000000,4.000000,4.000000,4.000000,100.000000,,,,,,,,,,,,,,,,,,,,,,,,,,,,,,,,,,,,,,,,,,,,,,,,,,,,,,,,,,,,,,,,,,,,,,,,,,,,,,,,,,,,,,
1676060289.647112,1676060289.647354,49.000000,0.000000,4309.487305,4277.820313,4323.846191,4289.358887,4314.358887,4266.410156,4316.666504,4327.692383,4311.410156,4299.358887,4476.538574,4491.794922,4425.256348,4444.743652,0.000000,4.000000,85.000000,,,,0.000000,4.000000,4.000000,4.000000,4.000000,4.000000,4.000000,4.000000,4.000000,4.000000,4.000000,4.000000,4.000000,4.000000,4.000000,100.000000,,,,,,,,,,,,,,,,,,,,,,,,,,,,,,,,,,,,,,,,,,,,,,,,,,,,,,,,,,,,,,,,,,,,,,,,,,,,,,,,,,,,,,
1676060289.654921,1676060289.655062,50.000000,0.000000,4296.794922,4251.794922,4313.461426,4278.461426,4308.077148,4252.692383,4300.256348,4307.179688,4297.307617,4287.948730,4462.820313,4482.692383,4415.769043,4432.563965,0.000000,4.000000,85.000000,,,,0.000000,4.000000,4.000000,4.000000,4.000000,4.000000,4.000000,4.000000,4.000000,4.000000,4.000000,4.000000,4.000000,4.000000,4.000000,100.000000,,,,,,,,,,,,,,,,,,,,,,,,,,,,,,,,,,,,,,,,,,,,,,,,,,,,,,,,,,,,,,,,,,,,,,,,,,,,,,,,,,,,,,
1676060289.662729,1676060289.662971,51.000000,0.000000,4308.333496,4250.384766,4320.897461,4284.230957,4312.692383,4246.153809,4302.179688,4303.205078,4289.102539,4277.307617,4457.692383,4487.692383,4410.128418,4429.230957,0.000000,4.000000,85.000000,,,,0.000000,4.000000,4.000000,4.000000,4.000000,4.000000,4.000000,4.000000,4.000000,4.000000,4.000000,4.000000,4.000000,4.000000,4.000000,100.000000,,,,,,,,,,,,,,,,,,,,,,,,,,,,,,,,,,,,,,,,,,,,,,,,,,,,,,,,,,,,,,,,,,,,,,,,,,,,,,,,,,,,,,
1676060289.670538,1676060289.670779,52.000000,0.000000,4330.641113,4273.077148,4341.666504,4302.692383,4323.717773,4251.666504,4316.794922,4319.743652,4300.897461,4280.769043,4483.461426,4510.128418,4431.538574,4452.563965,0.000000,4.000000,85.000000,,,,0.000000,4.000000,4.000000,4.000000,4.000000,4.000000,4.000000,4.000000,4.000000,4.000000,4.000000,4.000000,4.000000,4.000000,4.000000,100.000000,,,,,,,,,,,,,,,,,,,,,,,,,,,,,,,,,,,,,,,,,,,,,,,,,,,,,,,,,,,,,,,,,,,,,,,,,,,,,,,,,,,,,,
1676060289.678346,1676060289.678688,53.000000,0.000000,4318.846191,4259.358887,4330.128418,4287.563965,4319.358887,4251.410156,4312.948730,4314.102539,4300.256348,4285.641113,4489.358887,4501.666504,4441.282227,4453.077148,0.000000,4.000000,85.000000,,,,0.000000,4.000000,4.000000,4.000000,4.000000,4.000000,4.000000,4.000000,4.000000,4.000000,4.000000,4.000000,4.000000,4.000000,4.000000,100.000000,,,,,,,,,,,,,,,,,,,,,,,,,,,,,,,,,,,,,,,,,,,,,,,,,,,,,,,,,,,,,,,,,,,,,,,,,,,,,,,,,,,,,,
1676060289.686154,1676060289.686496,54.000000,0.000000,4295.769043,4227.436035,4302.948730,4259.743652,4308.589844,4246.282227,4300.897461,4294.871582,4292.436035,4287.436035,4465.641113,4476.922852,4426.538574,4425.641113,0.000000,4.000000,85.000000,,,,0.000000,4.000000,4.000000,4.000000,4.000000,4.000000,4.000000,4.000000,4.000000,4.000000,4.000000,4.000000,4.000000,4.000000,4.000000,100.000000,,,,,,,,,,,,,,,,,,,,,,,,,,,,,,,,,,,,,,,,,,,,,,,,,,,,,,,,,,,,,,,,,,,,,,,,,,,,,,,,,,,,,,
1676060289.693963,1676060289.694404,55.000000,0.000000,4293.205078,4227.051270,4297.692383,4261.922852,4315.512695,4250.769043,4301.794922,4286.410156,4291.282227,4280.641113,4450.512695,4471.025879,4412.436035,4413.589844,0.000000,4.000000,85.000000,,,,0.000000,4.000000,4.000000,4.000000,4.000000,4.000000,4.000000,4.000000,4.000000,4.000000,4.000000,4.000000,4.000000,4.000000,4.000000,100.000000,,,,,,,,,,,,,,,,,,,,,,,,,,,,,,,,,,,,,,,,,,,,,,,,,,,,,,,,,,,,,,,,,,,,,,,,,,,,,,,,,,,,,,
1676060289.701771,1676060289.702213,56.000000,0.000000,4291.666504,4236.922852,4298.589844,4271.025879,4321.538574,4248.846191,4303.333496,4281.538574,4282.436035,4264.487305,4447.179688,4459.743652,4408.717773,4415.256348,0.000000,4.000000,85.000000,,,,0.000000,4.000000,4.000000,4.000000,4.000000,4.000000,4.000000,4.000000,4.000000,4.000000,4.000000,4.000000,4.000000,4.000000,4.000000,100.000000,,,,,,,,,,,,,,,,,,,,,,,,,,,,,,,,,,,,,,,,,,,,,,,,,,,,,,,,,,,,,,,,,,,,,,,,,,,,,,,,,,,,,,
1676060289.709580,1676060289.710021,57.000000,0.000000,4267.051270,4216.025879,4280.897461,4248.589844,4303.205078,4236.794922,4291.538574,4271.410156,4265.000000,4245.641113,4426.410156,4429.743652,4393.205078,4392.692383,0.000000,4.000000,85.000000,,,,0.000000,4.000000,4.000000,4.000000,4.000000,4.000000,4.000000,4.000000,4.000000,4.000000,4.000000,4.000000,4.000000,4.000000,4.000000,100.000000,,,,,,,,,,,,,,,,,,,,,,,,,,,,,,,,,,,,,,,,,,,,,,,,,,,,,,,,,,,,,,,,,,,,,,,,,,,,,,,,,,,,,,
1676060289.717388,1676060289.717830,58.000000,0.000000,4259.487305,4205.000000,4275.512695,4237.948730,4298.846191,4249.743652,4297.307617,4284.743652,4282.051270,4260.000000,4429.615234,4438.974121,4390.384766,4386.538574,0.000000,4.000000,85.000000,,,,0.000000,4.000000,4.000000,4.000000,4.000000,4.000000,4.000000,4.000000,4.000000,4.000000,4.000000,4.000000,4.000000,4.000000,4.000000,100.000000,,,,,,,,,,,,,,,,,,,,,,,,,,,,,,,,,,,,,,,,,,,,,,,,,,,,,,,,,,,,,,,,,,,,,,,,,,,,,,,,,,,,,,
1676060289.725196,1676060289.725538,59.000000,0.000000,4295.641113,4243.846191,4305.128418,4278.205078,4322.051270,4267.179688,4325.128418,4325.512695,4328.461426,4310.384766,4478.333496,4491.025879,4427.307617,4428.461426,0.000000,4.000000,85.000000,,,,0.000000,4.000000,4.000000,4.000000,4.000000,4.000000,4.000000,4.000000,4.000000,4.000000,4.000000,4.000000,4.000000,4.000000,4.000000,100.000000,,,,,,,,,,,,,,,,,,,,,,,,,,,,,,,,,,,,,,,,,,,,,,,,,,,,,,,,,,,,,,,,,,,,,,,,,,,,,,,,,,,,,,
1676060289.733005,1676060289.733347,60.000000,0.000000,4306.666504,4276.153809,4316.922852,4309.358887,4326.410156,4255.384766,4330.128418,4344.615234,4335.769043,4318.205078,4487.948730,4503.589844,4439.615234,4438.333496,0.000000,4.000000,85.000000,,,,0.000000,4.000000,4.000000,4.000000,4.000000,4.000000,4.000000,4.000000,4.000000,4.000000,4.000000,4.000000,4.000000,4.000000,4.000000,100.000000,,,,,,,,,,,,,,,,,,,,,,,,,,,,,,,,,,,,,,,,,,,,,,,,,,,,,,,,,,,,,,,,,,,,,,,,,,,,,,,,,,,,,,
1676060289.740813,1676060289.741055,61.000000,0.000000,4283.205078,4279.615234,4300.769043,4308.077148,4314.487305,4245.897461,4311.922852,4336.153809,4310.256348,4282.307617,4450.000000,4478.205078,4401.794922,4403.077148,0.000000,4.000000,85.000000,,,,0.000000,4.000000,4.000000,4.000000,4.000000,4.000000,4.000000,4.000000,4.000000,4.000000,4.000000,4.000000,4.000000,4.000000,4.000000,100.000000,,,,,,,,,,,,,,,,,,,,,,,,,,,,,,,,,,,,,,,,,,,,,,,,,,,,,,,,,,,,,,,,,,,,,,,,,,,,,,,,,,,,,,
1676060289.748622,1676060289.748864,62.000000,0.000000,4275.000000,4287.051270,4294.487305,4311.410156,4312.051270,4249.615234,4300.000000,4335.000000,4298.589844,4273.461426,4427.563965,4475.512695,4365.000000,4387.948730,0.000000,4.000000,85.000000,,,,0.000000,4.000000,4.000000,4.000000,4.000000,4.000000,4.000000,4.000000,4.000000,4.000000,4.000000,4.000000,4.000000,4.000000,4.000000,100.000000,,,,,,,,,,,,,,,,,3.699952,2.071476,1.413652,0.935785,1.183087,25.855570,10.768502,0.812329,0.946152,1.410627,4.253907,2.014023,1.475699,0.889997,1.363263,5.849190,2.966966,1.020115,0.944851,1.274145,1.152382,0.657191,0.450477,0.323863,0.840162,1.257008,0.303114,1.010977,0.327142,0.769798,0.785482,0.611567,0.908653,0.610247,0.956062,1.458814,2.438101,1.203219,0.941791,1.144726,2.248642,2.286316,1.386964,1.004189,1.314259,2.696300,2.388701,2.336572,1.644869,1.667412,14.869852,6.898101,6.031707,1.580633,2.372365,4.416922,3.929349,4.063927,1.446096,2.009235,18.682016,9.362763,4.564716,1.485014,2.224325,7.383363,5.212379,4.355022,1.451431,2.492631
1676060289.756430,1676060289.756572,63.000000,0.000000,4271.538574,4292.692383,4288.589844,4317.692383,4306.666504,4235.641113,4287.820313,4336.282227,4285.641113,4273.333496,4410.897461,4478.077148,4346.153809,4378.205078,0.000000,4.000000,85.000000,,,,0.000000,4.000000,4.000000,4.000000,4.000000,4.000000,4.000000,4.000000,4.000000,4.000000,4.000000,4.000000,4.000000,4.000000,4.000000,100.000000,,,,,,,,,,,,,,,,,,,,,,,,,,,,,,,,,,,,,,,,,,,,,,,,,,,,,,,,,,,,,,,,,,,,,,,,,,,,,,,,,,,,,,
1676060289.764238,1676060289.764381,64.000000,0.000000,4269.615234,4305.128418,4288.974121,4322.820313,4305.000000,4227.179688,4286.538574,4340.769043,4273.846191,4264.102539,4407.436035,4484.102539,4346.538574,4371.666504,2506.000000,4.000000,85.000000,,,,0.000000,4.000000,4.000000,4.000000,4.000000,4.000000,4.000000,4.000000,4.000000,4.000000,4.000000,4.000000,4.000000,4.000000,4.000000,100.000000,,,,,,,,,,,,,,,,,,,,,,,,,,,,,,,,,,,,,,,,,,,,,,,,,,,,,,,,,,,,,,,,,,,,,,,,,,,,,,,,,,,,,,
1676060289.772047,1676060289.772089,65.000000,0.000000,4276.025879,4320.256348,4297.948730,4331.410156,4311.538574,4235.000000,4294.743652,4346.282227,4281.922852,4270.256348,4423.205078,4498.846191,4350.512695,4383.717773,2461.000000,4.000000,85.000000,,,,0.000000,4.000000,4.000000,4.000000,4.000000,4.000000,4.000000,4.000000,4.000000,4.000000,4.000000,4.000000,4.000000,4.000000,4.000000,100.000000,,,,,,,,,,,,,,,,,,,,,,,,,,,,,,,,,,,,,,,,,,,,,,,,,,,,,,,,,,,,,,,,,,,,,,,,,,,,,,,,,,,,,,
1676060289.779855,1676060289.779898,66.000000,0.000000,4268.333496,4306.153809,4285.384766,4328.333496,4309.871582,4230.384766,4283.461426,4324.102539,4274.487305,4265.641113,4414.230957,4484.230957,4332.436035,4370.641113,2391.000000,4.000000,85.000000,,,,0.000000,4.000000,4.000000,4.000000,4.000000,4.000000,4.000000,4.000000,4.000000,4.000000,4.000000,4.000000,4.000000,4.000000,4.000000,100.000000,,,,,,,,,,,,,,,,,,,,,,,,,,,,,,,,,,,,,,,,,,,,,,,,,,,,,,,,,,,,,,,,,,,,,,,,,,,,,,,,,,,,,,
1676060289.787663,1676060289.787606,67.000000,0.000000,4257.692383,4293.077148,4270.256348,4322.436035,4310.128418,4234.871582,4276.410156,4302.051270,4259.743652,4250.000000,4406.410156,4470.128418,4322.692383,4352.436035,2451.000000,4.000000,85.000000,,,,0.000000,4.000000,4.000000,4.000000,4.000000,4.000000,4.000000,4.000000,4.000000,4.000000,4.000000,4.000000,4.000000,4.000000,4.000000,100.000000,,,,,,,,,,,,,,,,,,,,,,,,,,,,,,,,,,,,,,,,,,,,,,,,,,,,,,,,,,,,,,,,,,,,,,,,,,,,,,,,,,,,,,
1676060289.795472,1676060289.795415,68.000000,0.000000,4267.948730,4307.820313,4282.948730,4327.820313,4315.769043,4250.128418,4293.333496,4313.717773,4274.743652,4258.205078,4434.871582,4487.051270,4339.230957,4372.820313,2421.000000,4.000000,85.000000,,,,0.000000,4.000000,4.000000,4.000000,4.000000,4.000000,4.000000,4.000000,4.000000,4.000000,4.000000,4.000000,4.000000,4.000000,4.000000,100.000000,,,,,,,,,,,,,,,,,,,,,,,,,,,,,,,,,,,,,,,,,,,,,,,,,,,,,,,,,,,,,,,,,,,,,,,,,,,,,,,,,,,,,,
1676060289.803280,1676060289.803123,69.000000,0.000000,4272.948730,4309.615234,4292.692383,4329.871582,4313.333496,4244.102539,4301.538574,4327.436035,4292.436035,4269.743652,4461.794922,4497.692383,4349.358887,4386.153809,2371.000000,4.000000,85.000000,,,,0.000000,4.000000,4.000000,4.000000,4.000000,4.000000,4.000000,4.000000,4.000000,4.000000,4.000000,4.000000,4.000000,4.000000,4.000000,100.000000,,,,,,,,,,,,,,,,,,,,,,,,,,,,,,,,,,,,,,,,,,,,,,,,,,,,,,,,,,,,,,,,,,,,,,,,,,,,,,,,,,,,,,
1676060289.811089,1676060289.810932,70.000000,0.000000,4265.769043,4294.358887,4282.948730,4325.000000,4309.743652,4229.871582,4294.743652,4324.871582,4288.333496,4262.692383,4470.000000,4491.282227,4349.487305,4369.743652,2217.000000,4.000000,85.000000,,,,0.000000,4.000000,4.000000,4.000000,4.000000,4.000000,4.000000,4.000000,4.000000,4.000000,4.000000,4.000000,4.000000,4.000000,4.000000,100.000000,,,,,,,,,,,,,,,,,,,,,,,,,,,,,,,,,,,,,,,,,,,,,,,,,,,,,,,,,,,,,,,,,,,,,,,,,,,,,,,,,,,,,,
1676060289.818897,1676060289.818640,71.000000,0.000000,4263.461426,4294.743652,4278.589844,4320.384766,4311.025879,4234.487305,4295.512695,4323.589844,4290.256348,4267.179688,4477.563965,4488.974121,4351.153809,4366.794922,2209.000000,4.000000,85.000000,,,,0.000000,4.000000,4.000000,4.000000,4.000000,4.000000,4.000000,4.000000,4.000000,4.000000,4.000000,4.000000,4.000000,4.000000,4.000000,100.000000,,,,,,,,,,,,,,,,,,,,,,,,,,,,,,,,,,,,,,,,,,,,,,,,,,,,,,,,,,,,,,,,,,,,,,,,,,,,,,,,,,,,,,
1676060289.826705,1676060289.826549,72.000000,0.000000,4261.666504,4297.307617,4279.487305,4313.461426,4304.487305,4238.846191,4297.563965,4321.025879,4295.641113,4279.102539,4477.820313,4482.436035,4345.128418,4375.897461,2269.000000,4.000000,85.000000,,,,0.000000,4.000000,4.000000,4.000000,4.000000,4.000000,4.000000,4.000000,4.000000,4.000000,4.000000,4.000000,4.000000,4.000000,4.000000,100.000000,,,,,,,,,,,,,,,,,,,,,,,,,,,,,,,,,,,,,,,,,,,,,,,,,,,,,,,,,,,,,,,,,,,,,,,,,,,,,,,,,,,,,,
1676060289.834514,1676060289.834357,73.000000,0.000000,4261.410156,4289.102539,4276.538574,4309.487305,4295.384766,4232.051270,4293.205078,4313.846191,4284.358887,4271.410156,4472.307617,4471.794922,4337.436035,4371.922852,2241.000000,4.000000,85.000000,,,,0.000000,4.000000,4.000000,4.000000,4.000000,4.000000,4.000000,4.000000,4.000000,4.000000,4.000000,4.000000,4.000000,4.000000,4.000000,100.000000,,,,,,,,,,,,,,,,,,,,,,,,,,,,,,,,,,,,,,,,,,,,,,,,,,,,,,,,,,,,,,,,,,,,,,,,,,,,,,,,,,,,,,
1676060289.842322,1676060289.842265,74.000000,0.000000,4262.563965,4288.589844,4274.871582,4312.692383,4300.384766,4233.589844,4293.205078,4317.307617,4283.077148,4261.922852,4477.948730,4478.589844,4339.871582,4367.692383,2708.000000,4.000000,85.000000,,,,0.000000,4.000000,4.000000,4.000000,4.000000,4.000000,4.000000,4.000000,4.000000,4.000000,4.000000,4.000000,4.000000,4.000000,4.000000,100.000000,,,,,,,,,,,,,,,,,,,,,,,,,,,,,,,,,,,,,,,,,,,,,,,,,,,,,,,,,,,,,,,,,,,,,,,,,,,,,,,,,,,,,,
1676060289.850130,1676060289.850074,75.000000,0.000000,4267.051270,4299.358887,4282.179688,4322.307617,4311.153809,4241.025879,4301.794922,4333.846191,4299.487305,4268.589844,4496.282227,4496.922852,4358.974121,4382.051270,2895.000000,4.000000,85.000000,,,,0.000000,4.000000,4.000000,4.000000,4.000000,4.000000,4.000000,4.000000,4.000000,4.000000,4.000000,4.000000,4.000000,4.000000,4.000000,100.000000,,,,,,,,,,,,,,,,,,,,,,,,,,,,,,,,,,,,,,,,,,,,,,,,,,,,,,,,,,,,,,,,,,,,,,,,,,,,,,,,,,,,,,
1676060289.857939,1676060289.857982,76.000000,0.000000,4265.897461,4292.692383,4282.436035,4317.820313,4303.077148,4238.333496,4295.384766,4323.461426,4293.077148,4264.230957,4493.974121,4489.871582,4361.794922,4388.205078,3104.000000,4.000000,85.000000,,,,0.000000,4.000000,4.000000,4.000000,4.000000,4.000000,4.000000,4.000000,4.000000,4.000000,4.000000,4.000000,4.000000,4.000000,4.000000,100.000000,,,,,,,,,,,,,,,,,,,,,,,,,,,,,,,,,,,,,,,,,,,,,,,,,,,,,,,,,,,,,,,,,,,,,,,,,,,,,,,,,,,,,,
1676060289.865747,1676060289.865791,77.000000,0.000000,4261.666504,4278.589844,4273.717773,4302.820313,4288.846191,4225.897461,4279.743652,4292.948730,4268.461426,4252.948730,4467.948730,4469.871582,4339.615234,4371.666504,3221.000000,4.000000,85.000000,,,,0.000000,4.000000,4.000000,4.000000,4.000000,4.000000,4.000000,4.000000,4.000000,4.000000,4.000000,4.000000,4.000000,4.000000,4.000000,100.000000,,,,,,,,,,,,,,,,,,,,,,,,,,,,,,,,,,,,,,,,,,,,,,,,,,,,,,,,,,,,,,,,,,,,,,,,,,,,,,,,,,,,,,
1676060289.873556,1676060289.873699,78.000000,0.000000,4281.282227,4299.871582,4291.025879,4320.000000,4303.717773,4230.128418,4294.615234,4304.487305,4280.128418,4273.461426,4477.307617,4489.487305,4346.794922,4379.615234,2708.000000,4.000000,85.000000,,,,0.000000,4.000000,4.000000,4.000000,4.000000,4.000000,4.000000,4.000000,4.000000,4.000000,4.000000,4.000000,4.000000,4.000000,4.000000,100.000000,1.000000,41.666668,4.000000,1.000000,3.000000,3.000000,4.000000,4.000000,4.000000,4.000000,4.000000,4.000000,1.000000,3.000000,3.000000,3.000000,4.210660,2.256634,1.304355,0.956981,1.121011,19.615700,8.621497,1.091731,0.990661,1.397982,5.177010,2.360856,1.409608,0.923175,1.328864,5.498463,2.698950,1.115689,1.017391,1.291928,1.217749,0.684918,0.443281,0.370682,0.843758,1.100698,0.247441,1.103673,0.348305,0.794630,0.954934,0.565217,1.006698,0.661959,0.951314,1.613834,2.248677,1.071671,1.052579,1.200980,2.456004,2.130517,1.335874,1.064795,1.277593,2.915953,2.077561,2.119444,1.811435,1.624532,13.854892,5.655351,5.493204,1.715314,2.323353,4.585261,3.613444,3.539274,1.538810,1.908731,16.206903,7.278947,4.005086,1.544512,2.133549,7.212764,4.290233,3.713831,1.398776,2.361579
1676060289.881364,1676060289.881507,79.000000,0.000000,4308.717773,4326.794922,4317.948730,4351.153809,4324.230957,4247.051270,4319.871582,4335.256348,4309.358887,4301.153809,4511.025879,4522.692383,4376.922852,4413.205078,2895.000000,4.000000,85.000000,,,,0.000000,4.000000,4.000000,4.000000,4.000000,4.000000,4.000000,4.000000,4.000000,4.000000,4.000000,4.000000,4.000000,4.000000,4.000000,100.000000,,,,,,,,,,,,,,,,,,,,,,,,,,,,,,,,,,,,,,,,,,,,,,,,,,,,,,,,,,,,,,,,,,,,,,,,,,,,,,,,,,,,,,
1676060289.889172,1676060289.889416,80.000000,0.000000,4295.641113,4304.615234,4300.897461,4333.846191,4308.974121,4239.358887,4306.666504,4316.922852,4296.153809,4284.102539,4497.179688,4501.282227,4368.846191,4406.025879,3104.000000,4.000000,85.000000,,,,0.000000,4.000000,4.000000,4.000000,4.000000,4.000000,4.000000,4.000000,4.000000,4.000000,4.000000,4.000000,4.000000,4.000000,4.000000,100.000000,,,,,,,,,,,,,,,,,,,,,,,,,,,,,,,,,,,,,,,,,,,,,,,,,,,,,,,,,,,,,,,,,,,,,,,,,,,,,,,,,,,,,,
1676060289.896981,1676060289.897224,81.000000,0.000000,4270.000000,4280.769043,4273.974121,4305.769043,4289.230957,4226.666504,4286.538574,4287.563965,4271.794922,4257.948730,4465.256348,4467.563965,4345.000000,4375.769043,3221.000000,4.000000,85.000000,,,,0.000000,4.000000,4.000000,4.000000,4.000000,4.000000,4.000000,4.000000,4.000000,4.000000,4.000000,4.000000,4.000000,4.000000,4.000000,100.000000,,,,,,,,,,,,,,,,,,,,,,,,,,,,,,,,,,,,,,,,,,,,,,,,,,,,,,,,,,,,,,,,,,,,,,,,,,,,,,,,,,,,,,
1676060289.904789,1676060289.905133,82.000000,0.000000,4280.641113,4297.179688,4287.307617,4321.794922,4299.871582,4241.282227,4296.538574,4301.666504,4283.333496,4267.051270,4475.384766,4479.871582,4355.769043,4384.871582,2708.000000,4.000000,85.000000,,,,0.000000,4.000000,4.000000,4.000000,4.000000,4.000000,4.000000,4.000000,4.000000,4.000000,4.000000,4.000000,4.000000,4.000000,4.000000,100.000000,,,,,,,,,,,,,,,,,,,,,,,,,,,,,,,,,,,,,,,,,,,,,,,,,,,,,,,,,,,,,,,,,,,,,,,,,,,,,,,,,,,,,,
1676060289.912598,1676060289.912941,83.000000,0.000000,4284.102539,4297.948730,4289.102539,4327.179688,4303.461426,4247.948730,4297.307617,4305.384766,4289.102539,4265.256348,4476.410156,4481.538574,4357.948730,4391.153809,2895.000000,4.000000,85.000000,,,,0.000000,4.000000,4.000000,4.000000,4.000000,4.000000,4.000000,4.000000,4.000000,4.000000,4.000000,4.000000,4.000000,4.000000,4.000000,100.000000,,,,,,,,,,,,,,,,,,,,,,,,,,,,,,,,,,,,,,,,,,,,,,,,,,,,,,,,,,,,,,,,,,,,,,,,,,,,,,,,,,,,,,
1676060289.920406,1676060289.920650,84.000000,0.000000,4261.794922,4274.743652,4265.128418,4300.641113,4289.230957,4234.102539,4284.487305,4287.179688,4272.051270,4242.051270,4445.897461,4460.769043,4334.871582,4369.358887,3104.000000,4.000000,85.000000,,,,0.000000,4.000000,4.000000,4.000000,4.000000,4.000000,4.000000,4.000000,4.000000,4.000000,4.000000,4.000000,4.000000,4.000000,4.000000,100.000000,,,,,,,,,,,,,,,,,,,,,,,,,,,,,,,,,,,,,,,,,,,,,,,,,,,,,,,,,,,,,,,,,,,,,,,,,,,,,,,,,,,,,,
1676060289.928214,1676060289.928458,85.000000,0.000000,4271.922852,4286.153809,4279.615234,4312.563965,4298.333496,4238.077148,4300.000000,4305.641113,4288.717773,4259.102539,4458.077148,4481.025879,4347.563965,4383.205078,3221.000000,4.000000,85.000000,,,,0.000000,4.000000,4.000000,4.000000,4.000000,4.000000,4.000000,4.000000,4.000000,4.000000,4.000000,4.000000,4.000000,4.000000,4.000000,100.000000,,,,,,,,,,,,,,,,,,,,,,,,,,,,,,,,,,,,,,,,,,,,,,,,,,,,,,,,,,,,,,,,,,,,,,,,,,,,,,,,,,,,,,
1676060289.936023,1676060289.936167,86.000000,0.000000,4300.384766,4310.512695,4314.230957,4340.384766,4315.769043,4253.077148,4324.102539,4338.974121,4322.307617,4300.769043,4498.461426,4517.563965,4380.641113,4418.717773,2708.000000,4.000000,85.000000,,,,0.000000,4.000000,4.000000,4.000000,4.000000,4.000000,4.000000,4.000000,4.000000,4.000000,4.000000,4.000000,4.000000,4.000000,4.000000,100.000000,,,,,,,,,,,,,,,,,,,,,,,,,,,,,,,,,,,,,,,,,,,,,,,,,,,,,,,,,,,,,,,,,,,,,,,,,,,,,,,,,,,,,,
1676060289.943831,1676060289.943975,87.000000,0.000000,4291.538574,4299.102539,4309.230957,4321.666504,4305.769043,4251.282227,4317.820313,4336.153809,4312.307617,4300.512695,4492.563965,4514.102539,4373.974121,4415.641113,2895.000000,4.000000,85.000000,,,,0.000000,4.000000,4.000000,4.000000,4.000000,4.000000,4.000000,4.000000,4.000000,4.000000,4.000000,4.000000,4.000000,4.000000,4.000000,100.000000,,,,,,,,,,,,,,,,,,,,,,,,,,,,,,,,,,,,,,,,,,,,,,,,,,,,,,,,,,,,,,,,,,,,,,,,,,,,,,,,,,,,,,
1676060289.951640,1676060289.951684,88.000000,0.000000,4281.282227,4287.179688,4291.794922,4304.871582,4293.205078,4241.666504,4300.641113,4318.589844,4291.922852,4282.179688,4470.641113,4501.153809,4355.128418,4402.051270,3104.000000,4.000000,85.000000,,,,0.000000,4.000000,4.000000,4.000000,4.000000,4.000000,4.000000,4.000000,4.000000,4.000000,4.000000,4.000000,4.000000,4.000000,4.000000,100.000000,,,,,,,,,,,,,,,,,,,,,,,,,,,,,,,,,,,,,,,,,,,,,,,,,,,,,,,,,,,,,,,,,,,,,,,,,,,,,,,,,,,,,,
1676060289.959448,1676060289.959492,89.000000,0.000000,4288.589844,4293.461426,4292.820313,4316.794922,4294.358887,4233.974121,4295.384766,4313.205078,4290.128418,4277.051270,4468.333496,4495.000000,4355.641113,4401.282227,3221.000000,4.000000,85.000000,,,,0.000000,4.000000,4.000000,4.000000,4.000000,4.000000,4.000000,4.000000,4.000000,4.000000,4.000000,4.000000,4.000000,4.000000,4.000000,100.000000,,,,,,,,,,,,,,,,,,,,,,,,,,,,,,,,,,,,,,,,,,,,,,,,,,,,,,,,,,,,,,,,,,,,,,,,,,,,,,,,,,,,,,
1676060289.967256,1676060289.967201,90.000000,0.000000,4283.077148,4291.538574,4294.871582,4313.205078,4294.743652,4234.358887,4297.179688,4312.179688,4286.025879,4267.948730,4459.743652,4480.256348,4352.563965,4394.102539,2708.000000,4.000000,85.000000,,,,0.000000,4.000000,4.000000,4.000000,4.000000,4.000000,4.000000,4.000000,4.000000,4.000000,4.000000,4.000000,4.000000,4.000000,4.000000,100.000000,,,,,,,,,,,,,,,,,,,,,,,,,,,,,,,,,,,,,,,,,,,,,,,,,,,,,,,,,,,,,,,,,,,,,,,,,,,,,,,,,,,,,,
1676060289.975065,1676060289.975109,91.000000,0.000000,4282.692383,4293.974121,4293.846191,4304.230957,4293.461426,4244.358887,4300.769043,4308.461426,4281.922852,4265.769043,4451.794922,4475.256348,4347.179688,4389.743652,2895.000000,4.000000,85.000000,,,,0.000000,4.000000,4.000000,4.000000,4.000000,4.000000,4.000000,4.000000,4.000000,4.000000,4.000000,4.000000,4.000000,4.000000,4.000000,100.000000,,,,,,,,,,,,,,,,,,,,,,,,,,,,,,,,,,,,,,,,,,,,,,,,,,,,,,,,,,,,,,,,,,,,,,,,,,,,,,,,,,,,,,
1676060289.982873,1676060289.982917,92.000000,0.000000,4292.563965,4306.922852,4294.615234,4313.974121,4295.384766,4248.846191,4297.948730,4297.820313,4282.820313,4266.410156,4446.922852,4478.077148,4341.025879,4391.025879,3104.000000,4.000000,85.000000,,,,0.000000,4.000000,4.000000,4.000000,4.000000,4.000000,4.000000,4.000000,4.000000,4.000000,4.000000,4.000000,4.000000,4.000000,4.000000,100.000000,,,,,,,,,,,,,,,,,,,,,,,,,,,,,,,,,,,,,,,,,,,,,,,,,,,,,,,,,,,,,,,,,,,,,,,,,,,,,,,,,,,,,,
1676060289.990682,1676060289.990826,93.000000,0.000000,4291.538574,4316.410156,4299.230957,4326.153809,4297.179688,4245.769043,4292.948730,4294.615234,4282.179688,4257.948730,4438.589844,4476.153809,4332.820313,4393.333496,3221.000000,4.000000,85.000000,,,,0.000000,4.000000,4.000000,4.000000,4.000000,4.000000,4.000000,4.000000,4.000000,4.000000,4.000000,4.000000,4.000000,4.000000,4.000000,100.000000,,,,,,,,,,,,,,,,,,,,,,,,,,,,,,,,,,,,,,,,,,,,,,,,,,,,,,,,,,,,,,,,,,,,,,,,,,,,,,,,,,,,,,
1676060289.998490,1676060289.998634,94.000000,0.000000,4297.307617,4338.461426,4312.307617,4338.974121,4301.922852,4245.769043,4303.589844,4308.333496,4290.512695,4267.436035,4448.846191,4485.512695,4340.256348,4406.282227,2708.000000,4.000000,85.000000,,,,0.000000,4.000000,4.000000,4.000000,4.000000,4.000000,4.000000,4.000000,4.000000,4.000000,4.000000,4.000000,4.000000,4.000000,4.000000,100.000000,,,,,,,,,,,,,,,,,4.581934,2.262990,1.182014,0.966356,1.073571,14.856473,6.299711,1.371783,1.020562,1.388740,5.719429,2.556957,1.329043,0.998751,1.296020,5.112602,2.350216,1.197071,1.084500,1.299559,1.227141,0.661352,0.432431,0.434517,0.848234,0.977940,0.225209,1.126911,0.389329,0.778021,1.117437,0.552290,1.109722,0.741468,0.932589,1.727564,2.245860,0.965866,1.200870,1.261069,2.463842,2.150481,1.319670,1.160578,1.242890,2.935432,1.799768,1.856733,1.977948,1.598145,12.084949,4.393734,4.587080,1.894322,2.268700,4.723764,3.227338,2.836434,1.690263,1.811357,13.625945,5.001695,3.217281,1.646870,2.007659,7.186958,3.365523,2.871633,1.472348,2.179219
1676060290.006298,1676060290.006542,95.000000,0.000000,4314.358887,4369.358887,4327.563965,4357.051270,4307.948730,4248.717773,4318.333496,4317.820313,4308.077148,4296.153809,4465.384766,4505.641113,4351.282227,4421.794922,2895.000000,4.000000,85.000000,,,,0.000000,4.000000,4.000000,4.000000,4.000000,4.000000,4.000000,4.000000,4.000000,4.000000,4.000000,4.000000,4.000000,4.000000,4.000000,100.000000,,,,,,,,,,,,,,,,,,,,,,,,,,,,,,,,,,,,,,,,,,,,,,,,,,,,,,,,,,,,,,,,,,,,,,,,,,,,,,,,,,,,,,
1676060290.014107,1676060290.014351,96.000000,0.000000,4315.641113,4369.743652,4330.512695,4360.384766,4307.436035,4249.230957,4318.205078,4311.794922,4306.794922,4300.000000,4457.948730,4508.846191,4341.538574,4418.205078,3104.000000,4.000000,85.000000,,,,0.000000,4.000000,4.000000,4.000000,4.000000,4.000000,4.000000,4.000000,4.000000,4.000000,4.000000,4.000000,4.000000,4.000000,4.000000,100.000000,,,,,,,,,,,,,,,,,,,,,,,,,,,,,,,,,,,,,,,,,,,,,,,,,,,,,,,,,,,,,,,,,,,,,,,,,,,,,,,,,,,,,,
1676060290.021915,1676060290.022259,97.000000,0.000000,4318.846191,4357.692383,4328.077148,4353.205078,4306.666504,4250.512695,4312.436035,4311.538574,4298.077148,4284.743652,4456.282227,4501.025879,4339.743652,4417.563965,3221.000000,4.000000,85.000000,,,,0.000000,4.000000,4.000000,4.000000,4.000000,4.000000,4.000000,4.000000,4.000000,4.000000,4.000000,4.000000,4.000000,4.000000,4.000000,100.000000,,,,,,,,,,,,,,,,,,,,,,,,,,,,,,,,,,,,,,,,,,,,,,,,,,,,,,,,,,,,,,,,,,,,,,,,,,,,,,,,,,,,,,
1676060290.029723,1676060290.030068,98.000000,0.000000,4322.948730,4359.230957,4326.282227,4343.333496,4302.563965,4248.717773,4305.769043,4313.589844,4296.794922,4281.153809,4459.871582,4495.897461,4343.589844,4420.512695,2708.000000,4.000000,85.000000,,,,0.000000,4.000000,4.000000,4.000000,4.000000,4.000000,4.000000,4.000000,4.000000,4.000000,4.000000,4.000000,4.000000,4.000000,4.000000,100.000000,,,,,,,,,,,,,,,,,,,,,,,,,,,,,,,,,,,,,,,,,,,,,,,,,,,,,,,,,,,,,,,,,,,,,,,,,,,,,,,,,,,,,,
1676060290.037532,1676060290.037976,99.000000,0.000000,4301.282227,4338.333496,4312.179688,4326.538574,4285.256348,4236.153809,4295.256348,4300.000000,4286.922852,4275.769043,4432.692383,4479.487305,4326.025879,4398.974121,2895.000000,4.000000,85.000000,,,,0.000000,4.000000,4.000000,4.000000,4.000000,4.000000,4.000000,4.000000,4.000000,4.000000,4.000000,4.000000,4.000000,4.000000,4.000000,100.000000,,,,,,,,,,,,,,,,,,,,,,,,,,,,,,,,,,,,,,,,,,,,,,,,,,,,,,,,,,,,,,,,,,,,,,,,,,,,,,,,,,,,,,
1676060290.045340,1676060290.045785,100.000000,0.000000,4285.000000,4309.230957,4295.769043,4317.948730,4272.948730,4227.692383,4289.358887,4291.922852,4279.358887,4260.384766,4410.256348,4462.051270,4316.153809,4381.153809,3104.000000,4.000000,85.000000,,,,0.000000,4.000000,4.000000,4.000000,4.000000,4.000000,4.000000,4.000000,4.000000,4.000000,4.000000,4.000000,4.000000,4.000000,4.000000,100.000000,,,,,,,,,,,,,,,,,,,,,,,,,,,,,,,,,,,,,,,,,,,,,,,,,,,,,,,,,,,,,,,,,,,,,,,,,,,,,,,,,,,,,,
1676060290.053148,1676060290.053693,101.000000,0.000000,4286.794922,4317.179688,4295.897461,4325.641113,4283.974121,4236.282227,4286.538574,4293.333496,4276.794922,4251.153809,4418.077148,4461.153809,4321.153809,4386.153809,3221.000000,4.000000,85.000000,,,,0.000000,4.000000,4.000000,4.000000,4.000000,4.000000,4.000000,4.000000,4.000000,4.000000,4.000000,4.000000,4.000000,4.000000,4.000000,100.000000,,,,,,,,,,,,,,,,,,,,,,,,,,,,,,,,,,,,,,,,,,,,,,,,,,,,,,,,,,,,,,,,,,,,,,,,,,,,,,,,,,,,,,
1676060290.060957,1676060290.061501,102.000000,0.000000,4277.563965,4322.179688,4294.615234,4319.615234,4290.000000,4236.282227,4277.948730,4284.743652,4265.641113,4252.179688,4414.615234,4458.333496,4310.512695,4378.717773,2708.000000,4.000000,85.000000,,,,0.000000,4.000000,4.000000,4.000000,4.000000,4.000000,4.000000,4.000000,4.000000,4.000000,4.000000,4.000000,4.000000,4.000000,4.000000,100.000000,,,,,,,,,,,,,,,,,,,,,,,,,,,,,,,,,,,,,,,,,,,,,,,,,,,,,,,,,,,,,,,,,,,,,,,,,,,,,,,,,,,,,,
1676060290.068765,1676060290.069410,103.000000,0.000000,4274.743652,4304.615234,4286.025879,4305.128418,4278.974121,4223.589844,4279.487305,4279.358887,4262.436035,4260.000000,4404.871582,4453.333496,4305.641113,4367.436035,2895.000000,4.000000,85.000000,,,,0.000000,4.000000,4.000000,4.000000,4.000000,4.000000,4.000000,4.000000,4.000000,4.000000,4.000000,4.000000,4.000000,4.000000,4.000000,100.000000,,,,,,,,,,,,,,,,,,,,,,,,,,,,,,,,,,,,,,,,,,,,,,,,,,,,,,,,,,,,,,,,,,,,,,,,,,,,,,,,,,,,,,
1676060290.076574,1676060290.077218,104.000000,0.000000,4300.000000,4320.128418,4303.589844,4324.743652,4288.333496,4238.333496,4307.179688,4304.358887,4288.461426,4277.436035,4433.461426,4482.179688,4341.282227,4397.307617,3104.000000,4.000000,85.000000,,,,0.000000,4.000000,4.000000,4.000000,4.000000,4.000000,4.000000,4.000000,4.000000,4.000000,4.000000,4.000000,4.000000,4.000000,4.000000,100.000000,,,,,,,,,,,,,,,,,,,,,,,,,,,,,,,,,,,,,,,,,,,,,,,,,,,,,,,,,,,,,,,,,,,,,,,,,,,,,,,,,,,,,,
1676060290.084382,1676060290.085027,105.000000,0.000000,4304.743652,4343.077148,4324.230957,4346.025879,4303.333496,4255.897461,4318.205078,4320.128418,4305.897461,4287.436035,4455.384766,4504.871582,4360.641113,4416.538574,3221.000000,4.000000,85.000000,,,,0.000000,4.000000,4.000000,4.000000,4.000000,4.000000,4.000000,4.000000,4.000000,4.000000,4.000000,4.000000,4.000000,4.000000,4.000000,100.000000,,,,,,,,,,,,,,,,,,,,,,,,,,,,,,,,,,,,,,,,,,,,,,,,,,,,,,,,,,,,,,,,,,,,,,,,,,,,,,,,,,,,,,
1676060290.092190,1676060290.092835,106.000000,0.000000,4279.487305,4320.128418,4304.487305,4322.820313,4286.410156,4237.948730,4291.153809,4294.487305,4285.256348,4271.666504,4424.615234,4473.461426,4326.282227,4384.230957,2708.000000,4.000000,85.000000,,,,0.000000,4.000000,4.000000,4.000000,4.000000,4.000000,4.000000,4.000000,4.000000,4.000000,4.000000,4.000000,4.000000,4.000000,4.000000,100.000000,,,,,,,,,,,,,,,,,,,,,,,,,,,,,,,,,,,,,,,,,,,,,,,,,,,,,,,,,,,,,,,,,,,,,,,,,,,,,,,,,,,,,,
1676060290.099999,1676060290.100544,107.000000,0.000000,4283.205078,4306.025879,4289.230957,4308.717773,4274.358887,4230.384766,4282.563965,4281.025879,4275.897461,4267.307617,4405.512695,4454.615234,4310.128418,4373.717773,2895.000000,4.000000,85.000000,,,,0.000000,4.000000,4.000000,4.000000,4.000000,4.000000,4.000000,4.000000,4.000000,4.000000,4.000000,4.000000,4.000000,4.000000,4.000000,100.000000,,,,,,,,,,,,,,,,,,,,,,,,,,,,,,,,,,,,,,,,,,,,,,,,,,,,,,,,,,,,,,,,,,,,,,,,,,,,,,,,,,,,,,
1676060290.107807,1676060290.108452,108.000000,0.000000,4300.000000,4323.974121,4304.230957,4326.538574,4289.230957,4252.436035,4301.538574,4293.461426,4290.128418,4277.563965,4423.589844,4472.692383,4332.820313,4393.333496,3104.000000,4.000000,85.000000,,,,0.000000,4.000000,4.000000,4.000000,4.000000,4.000000,4.000000,4.000000,4.000000,4.000000,4.000000,4.000000,4.000000,4.000000,4.000000,100.000000,,,,,,,,,,,,,,,,,,,,,,,,,,,,,,,,,,,,,,,,,,,,,,,,,,,,,,,,,,,,,,,,,,,,,,,,,,,,,,,,,,,,,,
1676060290.115615,1676060290.116260,109.000000,0.000000,4289.230957,4325.384766,4308.717773,4327.820313,4294.102539,4254.102539,4304.102539,4301.282227,4293.333496,4275.769043,4431.666504,4475.256348,4340.256348,4394.871582,3221.000000,4.000000,85.000000,,,,0.000000,4.000000,4.000000,4.000000,4.000000,4.000000,4.000000,4.000000,4.000000,4.000000,4.000000,4.000000,4.000000,4.000000,4.000000,100.000000,,,,,,,,,,,,,,,,,,,,,,,,,,,,,,,,,,,,,,,,,,,,,,,,,,,,,,,,,,,,,,,,,,,,,,,,,,,,,,,,,,,,,,
1676060290.123424,1676060290.124069,110.000000,0.000000,4274.615234,4306.538574,4293.717773,4308.589844,4280.000000,4231.922852,4288.589844,4295.256348,4282.051270,4265.384766,4416.410156,4458.461426,4323.205078,4377.307617,2708.000000,4.000000,85.000000,,,,0.000000,4.000000,4.000000,4.000000,4.000000,4.000000,4.000000,4.000000,4.000000,4.000000,4.000000,4.000000,4.000000,4.000000,4.000000,100.000000,,,,,,,,,,,,,,,,,4.678581,2.098199,1.127222,0.972737,1.038388,12.255100,4.556329,1.612426,1.036661,1.372469,5.718623,2.580178,1.288516,1.103322,1.273380,4.893432,2.102837,1.279626,1.129702,1.297992,1.175823,0.597813,0.425103,0.498649,0.853050,0.868238,0.241428,1.080129,0.440292,0.723709,1.239120,0.574578,1.206278,0.835178,0.902111,1.808179,2.512792,0.949653,1.362357,1.320657,2.274930,2.349454,1.404869,1.283609,1.220686,2.745323,1.629018,1.644418,2.125568,1.577750,10.323973,3.469985,3.746614,2.090319,2.221620,4.782578,2.903993,2.240077,1.869238,1.733188,11.439075,3.187781,2.562716,1.793896,1.870459,7.044250,2.496481,2.149166,1.620139,1.996070
1676060290.131232,1676060290.131777,111.000000,0.000000,4274.871582,4300.769043,4287.051270,4303.974121,4273.846191,4227.179688,4279.743652,4283.974121,4272.436035,4250.384766,4405.512695,4452.948730,4315.256348,4367.692383,2895.000000,4.000000,85.000000,,,,0.000000,4.000000,4.000000,4.000000,4.000000,4.000000,4.000000,4.000000,4.000000,4.000000,4.000000,4.000000,4.000000,4.000000,4.000000,100.000000,,,,,,,,,,,,,,,,,,,,,,,,,,,,,,,,,,,,,,,,,,,,,,,,,,,,,,,,,,,,,,,,,,,,,,,,,,,,,,,,,,,,,,
1676060290.139041,1676060290.139586,112.000000,0.000000,4286.666504,4321.153809,4301.410156,4319.358887,4286.794922,4239.743652,4285.641113,4285.256348,4280.128418,4252.692383,4416.922852,4466.794922,4327.948730,4384.487305,3104.000000,4.000000,85.000000,,,,0.000000,4.000000,4.000000,4.000000,4.000000,4.000000,4.000000,4.000000,4.000000,4.000000,4.000000,4.000000,4.000000,4.000000,4.000000,100.000000,,,,,,,,,,,,,,,,,,,,,,,,,,,,,,,,,,,,,,,,,,,,,,,,,,,,,,,,,,,,,,,,,,,,,,,,,,,,,,,,,,,,,,
1676060290.146849,1676060290.147294,113.000000,0.000000,4298.333496,4331.282227,4314.487305,4329.743652,4296.922852,4248.333496,4297.820313,4299.615234,4296.410156,4281.153809,4433.205078,4478.589844,4343.077148,4403.846191,3221.000000,4.000000,85.000000,,,,0.000000,4.000000,4.000000,4.000000,4.000000,4.000000,4.000000,4.000000,4.000000,4.000000,4.000000,4.000000,4.000000,4.000000,4.000000,100.000000,,,,,,,,,,,,,,,,,,,,,,,,,,,,,,,,,,,,,,,,,,,,,,,,,,,,,,,,,,,,,,,,,,,,,,,,,,,,,,,,,,,,,,
1676060290.154657,1676060290.155103,114.000000,0.000000,4287.307617,4305.897461,4302.307617,4311.794922,4284.230957,4245.128418,4296.282227,4301.282227,4292.436035,4283.846191,4419.358887,4463.589844,4330.897461,4385.256348,2708.000000,4.000000,85.000000,,,,0.000000,4.000000,4.000000,4.000000,4.000000,4.000000,4.000000,4.000000,4.000000,4.000000,4.000000,4.000000,4.000000,4.000000,4.000000,100.000000,,,,,,,,,,,,,,,,,,,,,,,,,,,,,,,,,,,,,,,,,,,,,,,,,,,,,,,,,,,,,,,,,,,,,,,,,,,,,,,,,,,,,,
1676060290.162466,1676060290.162811,115.000000,0.000000,4269.615234,4291.025879,4286.538574,4294.615234,4271.666504,4242.820313,4287.563965,4289.102539,4274.487305,4256.794922,4399.615234,4447.051270,4313.461426,4362.820313,2895.000000,4.000000,85.000000,,,,0.000000,4.000000,4.000000,4.000000,4.000000,4.000000,4.000000,4.000000,4.000000,4.000000,4.000000,4.000000,4.000000,4.000000,4.000000,100.000000,,,,,,,,,,,,,,,,,,,,,,,,,,,,,,,,,,,,,,,,,,,,,,,,,,,,,,,,,,,,,,,,,,,,,,,,,,,,,,,,,,,,,,
1676060290.170274,1676060290.170620,116.000000,0.000000,4278.205078,4307.307617,4291.538574,4305.897461,4279.358887,4250.769043,4296.794922,4292.820313,4280.000000,4265.769043,4415.128418,4458.077148,4332.179688,4382.051270,3104.000000,4.000000,85.000000,,,,0.000000,4.000000,4.000000,4.000000,4.000000,4.000000,4.000000,4.000000,4.000000,4.000000,4.000000,4.000000,4.000000,4.000000,4.000000,100.000000,,,,,,,,,,,,,,,,,,,,,,,,,,,,,,,,,,,,,,,,,,,,,,,,,,,,,,,,,,,,,,,,,,,,,,,,,,,,,,,,,,,,,,
1676060290.178083,1676060290.178328,117.000000,0.000000,4282.179688,4301.794922,4287.563965,4305.000000,4278.205078,4246.666504,4298.077148,4292.948730,4283.205078,4277.820313,4419.743652,4453.974121,4342.051270,4388.077148,3221.000000,4.000000,85.000000,,,,0.000000,4.000000,4.000000,4.000000,4.000000,4.000000,4.000000,4.000000,4.000000,4.000000,4.000000,4.000000,4.000000,4.000000,4.000000,100.000000,,,,,,,,,,,,,,,,,,,,,,,,,,,,,,,,,,,,,,,,,,,,,,,,,,,,,,,,,,,,,,,,,,,,,,,,,,,,,,,,,,,,,,
1676060290.185891,1676060290.186137,118.000000,0.000000,4251.410156,4269.358887,4261.282227,4274.358887,4257.820313,4226.025879,4274.230957,4268.846191,4252.948730,4236.410156,4380.897461,4412.948730,4304.743652,4349.743652,2708.000000,4.000000,85.000000,,,,0.000000,4.000000,4.000000,4.000000,4.000000,4.000000,4.000000,4.000000,4.000000,4.000000,4.000000,4.000000,4.000000,4.000000,4.000000,100.000000,,,,,,,,,,,,,,,,,,,,,,,,,,,,,,,,,,,,,,,,,,,,,,,,,,,,,,,,,,,,,,,,,,,,,,,,,,,,,,,,,,,,,,
1676060290.193699,1676060290.193845,119.000000,0.000000,4235.512695,4266.025879,4251.922852,4261.153809,4252.179688,4218.333496,4262.179688,4256.538574,4243.974121,4219.102539,4359.102539,4397.948730,4282.051270,4330.384766,2895.000000,4.000000,85.000000,,,,0.000000,4.000000,4.000000,4.000000,4.000000,4.000000,4.000000,4.000000,4.000000,4.000000,4.000000,4.000000,4.000000,4.000000,4.000000,100.000000,,,,,,,,,,,,,,,,,,,,,,,,,,,,,,,,,,,,,,,,,,,,,,,,,,,,,,,,,,,,,,,,,,,,,,,,,,,,,,,,,,,,,,
1676060290.201508,1676060290.201754,120.000000,0.000000,4263.333496,4292.563965,4271.794922,4282.179688,4268.333496,4232.436035,4277.692383,4271.666504,4272.692383,4259.358887,4389.743652,4427.436035,4312.051270,4359.358887,3104.000000,4.000000,85.000000,,,,0.000000,4.000000,4.000000,4.000000,4.000000,4.000000,4.000000,4.000000,4.000000,4.000000,4.000000,4.000000,4.000000,4.000000,4.000000,100.000000,,,,,,,,,,,,,,,,,,,,,,,,,,,,,,,,,,,,,,,,,,,,,,,,,,,,,,,,,,,,,,,,,,,,,,,,,,,,,,,,,,,,,,
1676060290.209316,1676060290.209562,121.000000,0.000000,4287.179688,4303.589844,4290.384766,4303.717773,4281.794922,4246.922852,4294.871582,4287.307617,4282.692383,4278.205078,4416.282227,4450.384766,4338.333496,4386.922852,3221.000000,4.000000,85.000000,,,,0.000000,4.000000,4.000000,4.000000,4.000000,4.000000,4.000000,4.000000,4.000000,4.000000,4.000000,4.000000,4.000000,4.000000,4.000000,100.000000,,,,,,,,,,,,,,,,,,,,,,,,,,,,,,,,,,,,,,,,,,,,,,,,,,,,,,,,,,,,,,,,,,,,,,,,,,,,,,,,,,,,,,
1676060290.217125,1676060290.217470,122.000000,0.000000,4279.102539,4297.820313,4296.153809,4306.538574,4280.897461,4248.589844,4295.769043,4290.384766,4275.384766,4264.615234,4412.948730,4451.794922,4333.461426,4383.461426,2708.000000,4.000000,85.000000,,,,0.000000,4.000000,4.000000,4.000000,4.000000,4.000000,4.000000,4.000000,4.000000,4.000000,4.000000,4.000000,4.000000,4.000000,4.000000,100.000000,,,,,,,,,,,,,,,,,,,,,,,,,,,,,,,,,,,,,,,,,,,,,,,,,,,,,,,,,,,,,,,,,,,,,,,,,,,,,,,,,,,,,,
1676060290.224933,1676060290.225279,123.000000,0.000000,4277.051270,4303.461426,4305.641113,4302.820313,4281.025879,4246.922852,4295.769043,4297.051270,4288.974121,4274.102539,4420.128418,4458.589844,4335.256348,4381.538574,2895.000000,4.000000,85.000000,,,,0.000000,4.000000,4.000000,4.000000,4.000000,4.000000,4.000000,4.000000,4.000000,4.000000,4.000000,4.000000,4.000000,4.000000,4.000000,100.000000,,,,,,,,,,,,,,,,,,,,,,,,,,,,,,,,,,,,,,,,,,,,,,,,,,,,,,,,,,,,,,,,,,,,,,,,,,,,,,,,,,,,,,
1676060290.232741,1676060290.233187,124.000000,0.000000,4285.769043,4304.487305,4307.179688,4298.589844,4280.641113,4246.666504,4295.000000,4295.897461,4295.256348,4283.717773,4424.102539,4459.871582,4340.512695,4383.846191,3104.000000,4.000000,85.000000,,,,0.000000,4.000000,4.000000,4.000000,4.000000,4.000000,4.000000,4.000000,4.000000,4.000000,4.000000,4.000000,4.000000,4.000000,4.000000,100.000000,,,,,,,,,,,,,,,,,,,,,,,,,,,,,,,,,,,,,,,,,,,,,,,,,,,,,,,,,,,,,,,,,,,,,,,,,,,,,,,,,,,,,,
1676060290.240550,1676060290.240996,125.000000,0.000000,4276.153809,4289.230957,4294.102539,4298.333496,4272.820313,4243.589844,4287.820313,4290.128418,4281.538574,4268.974121,4412.563965,4450.128418,4334.230957,4380.897461,3221.000000,4.000000,85.000000,,,,0.000000,4.000000,4.000000,4.000000,4.000000,4.000000,4.000000,4.000000,4.000000,4.000000,4.000000,4.000000,4.000000,4.000000,4.000000,100.000000,,,,,,,,,,,,,,,,,,,,,,,,,,,,,,,,,,,,,,,,,,,,,,,,,,,,,,,,,,,,,,,,,,,,,,,,,,,,,,,,,,,,,,
1676060290.248358,1676060290.248904,126.000000,0.000000,4261.410156,4279.871582,4283.846191,4290.641113,4261.282227,4231.282227,4277.436035,4288.333496,4275.128418,4256.025879,4404.358887,4443.333496,4321.666504,4374.230957,2708.000000,4.000000,85.000000,,,,0.000000,4.000000,4.000000,4.000000,4.000000,4.000000,4.000000,4.000000,4.000000,4.000000,4.000000,4.000000,4.000000,4.000000,4.000000,100.000000,,,,,,,,,,,,,,,,,4.430315,1.844373,1.207412,0.985324,1.015070,11.468257,3.841845,1.812020,1.044096,1.349794,5.187187,2.498346,1.355737,1.203393,1.262528,4.938938,2.132454,1.403084,1.140690,1.295788,1.079009,0.526378,0.438621,0.546918,0.856068,0.822656,0.295397,0.980983,0.489770,0.649581,1.295869,0.637520,1.303482,0.927944,0.868809,1.896144,3.102800,1.066821,1.504420,1.377155,1.965633,2.698916,1.622350,1.409063,1.219826,2.399165,1.603147,1.598302,2.240886,1.555366,9.362885,3.034988,3.348289,2.264160,2.185341,4.705681,2.767172,2.022509,2.025455,1.688686,10.000628,2.149966,2.313054,1.958556,1.747744,6.774606,1.842141,1.831919,1.781871,1.852175
1676060290.256166,1676060290.256712,127.000000,0.000000,4266.538574,4285.256348,4287.948730,4281.153809,4260.256348,4225.897461,4274.230957,4283.589844,4274.358887,4252.820313,4400.769043,4441.666504,4314.871582,4366.538574,85.000000,4.000000,85.000000,,,,0.000000,4.000000,4.000000,4.000000,4.000000,4.000000,4.000000,4.000000,4.000000,4.000000,4.000000,4.000000,4.000000,4.000000,4.000000,100.000000,,,,,,,,,,,,,,,,,,,,,,,,,,,,,,,,,,,,,,,,,,,,,,,,,,,,,,,,,,,,,,,,,,,,,,,,,,,,,,,,,,,,,,
1676060290.263975,1676060290.264621,0.000000,0.000000,4289.615234,4299.743652,4306.794922,4296.538574,4275.897461,4243.333496,4293.205078,4292.820313,4286.538574,4275.384766,4418.205078,4460.128418,4339.615234,4386.025879,2505.000000,4.000000,85.000000,,,,0.000000,4.000000,4.000000,4.000000,4.000000,4.000000,4.000000,4.000000,4.000000,4.000000,4.000000,4.000000,4.000000,4.000000,4.000000,100.000000,,,,,,,,,,,,,,,,,,,,,,,,,,,,,,,,,,,,,,,,,,,,,,,,,,,,,,,,,,,,,,,,,,,,,,,,,,,,,,,,,,,,,,
1676060290.271783,1676060290.272429,1.000000,0.000000,4300.256348,4308.717773,4315.641113,4314.230957,4288.077148,4257.563965,4310.128418,4307.563965,4303.589844,4304.487305,4443.846191,4480.512695,4366.666504,4412.692383,2469.000000,4.000000,85.000000,,,,0.000000,4.000000,4.000000,4.000000,4.000000,4.000000,4.000000,4.000000,4.000000,4.000000,4.000000,4.000000,4.000000,4.000000,4.000000,100.000000,,,,,,,,,,,,,,,,,,,,,,,,,,,,,,,,,,,,,,,,,,,,,,,,,,,,,,,,,,,,,,,,,,,,,,,,,,,,,,,,,,,,,,
1676060290.279592,1676060290.280138,2.000000,0.000000,4284.102539,4298.974121,4301.025879,4303.717773,4282.307617,4251.666504,4299.102539,4299.230957,4293.717773,4285.256348,4430.128418,4460.384766,4344.230957,4394.230957,2389.000000,4.000000,85.000000,,,,0.000000,4.000000,4.000000,4.000000,4.000000,4.000000,4.000000,4.000000,4.000000,4.000000,4.000000,4.000000,4.000000,4.000000,4.000000,100.000000,,,,,,,,,,,,,,,,,,,,,,,,,,,,,,,,,,,,,,,,,,,,,,,,,,,,,,,,,,,,,,,,,,,,,,,,,,,,,,,,,,,,,,
1676060290.287400,1676060290.287946,3.000000,0.000000,4269.102539,4284.615234,4287.436035,4287.436035,4276.410156,4245.769043,4289.743652,4286.153809,4277.051270,4253.974121,4399.487305,4435.000000,4316.666504,4360.769043,2451.000000,4.000000,85.000000,,,,0.000000,4.000000,4.000000,4.000000,4.000000,4.000000,4.000000,4.000000,4.000000,4.000000,4.000000,4.000000,4.000000,4.000000,4.000000,100.000000,,,,,,,,,,,,,,,,,,,,,,,,,,,,,,,,,,,,,,,,,,,,,,,,,,,,,,,,,,,,,,,,,,,,,,,,,,,,,,,,,,,,,,
1676060290.295208,1676060290.295655,4.000000,0.000000,4265.384766,4275.128418,4285.128418,4283.461426,4279.743652,4249.358887,4298.333496,4287.051270,4278.974121,4258.717773,4396.794922,4440.128418,4322.051270,4361.538574,2428.000000,4.000000,85.000000,,,,0.000000,4.000000,4.000000,4.000000,4.000000,4.000000,4.000000,4.000000,4.000000,4.000000,4.000000,4.000000,4.000000,4.000000,4.000000,100.000000,,,,,,,,,,,,,,,,,,,,,,,,,,,,,,,,,,,,,,,,,,,,,,,,,,,,,,,,,,,,,,,,,,,,,,,,,,,,,,,,,,,,,,
1676060290.303017,1676060290.303463,5.000000,0.000000,4262.948730,4272.179688,4282.307617,4282.436035,4277.307617,4254.102539,4296.538574,4287.692383,4281.538574,4270.897461,4400.897461,4448.333496,4325.256348,4372.563965,2381.000000,4.000000,85.000000,,,,0.000000,4.000000,4.000000,4.000000,4.000000,4.000000,4.000000,4.000000,4.000000,4.000000,4.000000,4.000000,4.000000,4.000000,4.000000,100.000000,,,,,,,,,,,,,,,,,,,,,,,,,,,,,,,,,,,,,,,,,,,,,,,,,,,,,,,,,,,,,,,,,,,,,,,,,,,,,,,,,,,,,,
1676060290.310825,1676060290.311172,6.000000,0.000000,4260.897461,4273.717773,4279.871582,4277.692383,4264.743652,4244.230957,4279.230957,4283.461426,4275.000000,4263.717773,4397.820313,4439.871582,4321.282227,4367.307617,2217.000000,4.000000,85.000000,,,,0.000000,4.000000,4.000000,4.000000,4.000000,4.000000,4.000000,4.000000,4.000000,4.000000,4.000000,4.000000,4.000000,4.000000,4.000000,100.000000,,,,,,,,,,,,,,,,,,,,,,,,,,,,,,,,,,,,,,,,,,,,,,,,,,,,,,,,,,,,,,,,,,,,,,,,,,,,,,,,,,,,,,
1676060290.318633,1676060290.318980,7.000000,0.000000,4258.461426,4269.487305,4277.563965,4270.256348,4259.871582,4230.000000,4270.128418,4275.641113,4267.563965,4249.230957,4394.615234,4427.179688,4318.717773,4357.436035,2216.000000,4.000000,85.000000,,,,0.000000,4.000000,4.000000,4.000000,4.000000,4.000000,4.000000,4.000000,4.000000,4.000000,4.000000,4.000000,4.000000,4.000000,4.000000,100.000000,,,,,,,,,,,,,,,,,,,,,,,,,,,,,,,,,,,,,,,,,,,,,,,,,,,,,,,,,,,,,,,,,,,,,,,,,,,,,,,,,,,,,,
1676060290.326442,1676060290.326689,8.000000,0.000000,4265.128418,4270.897461,4280.897461,4276.153809,4271.794922,4241.282227,4279.871582,4273.333496,4272.051270,4252.436035,4401.153809,4435.256348,4325.769043,4362.948730,2272.000000,4.000000,85.000000,,,,0.000000,4.000000,4.000000,4.000000,4.000000,4.000000,4.000000,4.000000,4.000000,4.000000,4.000000,4.000000,4.000000,4.000000,4.000000,100.000000,,,,,,,,,,,,,,,,,,,,,,,,,,,,,,,,,,,,,,,,,,,,,,,,,,,,,,,,,,,,,,,,,,,,,,,,,,,,,,,,,,,,,,
1676060290.334250,1676060290.334497,9.000000,0.000000,4285.897461,4293.589844,4297.948730,4300.000000,4287.820313,4266.025879,4300.769043,4294.102539,4294.358887,4277.436035,4429.615234,4467.563965,4354.358887,4391.794922,2234.000000,4.000000,85.000000,,,,0.000000,4.000000,4.000000,4.000000,4.000000,4.000000,4.000000,4.000000,4.000000,4.000000,4.000000,4.000000,4.000000,4.000000,4.000000,100.000000,,,,,,,,,,,,,,,,,,,,,,,,,,,,,,,,,,,,,,,,,,,,,,,,,,,,,,,,,,,,,,,,,,,,,,,,,,,,,,,,,,,,,,
1676060290.342059,1676060290.342206,10.000000,0.000000,4302.179688,4311.794922,4313.205078,4314.743652,4295.769043,4270.769043,4315.641113,4314.102539,4314.358887,4300.000000,4453.333496,4486.538574,4376.666504,4416.538574,2723.000000,4.000000,85.000000,,,,0.000000,4.000000,4.000000,4.000000,4.000000,4.000000,4.000000,4.000000,4.000000,4.000000,4.000000,4.000000,4.000000,4.000000,4.000000,100.000000,,,,,,,,,,,,,,,,,,,,,,,,,,,,,,,,,,,,,,,,,,,,,,,,,,,,,,,,,,,,,,,,,,,,,,,,,,,,,,,,,,,,,,
1676060290.349867,1676060290.350014,11.000000,0.000000,4298.077148,4305.128418,4309.358887,4307.692383,4295.512695,4264.615234,4314.871582,4308.077148,4310.512695,4295.512695,4447.179688,4475.000000,4365.384766,4414.487305,2909.000000,4.000000,85.000000,,,,0.000000,4.000000,4.000000,4.000000,4.000000,4.000000,4.000000,4.000000,4.000000,4.000000,4.000000,4.000000,4.000000,4.000000,4.000000,100.000000,,,,,,,,,,,,,,,,,,,,,,,,,,,,,,,,,,,,,,,,,,,,,,,,,,,,,,,,,,,,,,,,,,,,,,,,,,,,,,,,,,,,,,
1676060290.357675,1676060290.357723,12.000000,0.000000,4273.717773,4284.487305,4286.538574,4287.436035,4282.563965,4257.307617,4295.641113,4287.563965,4289.230957,4276.153809,4421.666504,4452.179688,4342.563965,4388.717773,3114.000000,4.000000,85.000000,,,,0.000000,4.000000,4.000000,4.000000,4.000000,4.000000,4.000000,4.000000,4.000000,4.000000,4.000000,4.000000,4.000000,4.000000,4.000000,100.000000,,,,,,,,,,,,,,,,,,,,,,,,,,,,,,,,,,,,,,,,,,,,,,,,,,,,,,,,,,,,,,,,,,,,,,,,,,,,,,,,,,,,,,
1676060290.365484,1676060290.365531,13.000000,0.000000,4258.717773,4275.384766,4273.333496,4277.179688,4269.743652,4247.307617,4280.769043,4278.333496,4277.436035,4261.666504,4405.641113,4442.179688,4335.897461,4367.436035,3228.000000,4.000000,85.000000,,,,0.000000,4.000000,4.000000,4.000000,4.000000,4.000000,4.000000,4.000000,4.000000,4.000000,4.000000,4.000000,4.000000,4.000000,4.000000,100.000000,,,,,,,,,,,,,,,,,,,,,,,,,,,,,,,,,,,,,,,,,,,,,,,,,,,,,,,,,,,,,,,,,,,,,,,,,,,,,,,,,,,,,,
1676060290.373292,1676060290.373240,14.000000,0.000000,4277.436035,4289.230957,4290.128418,4293.205078,4279.615234,4252.436035,4289.358887,4288.846191,4287.436035,4258.974121,4422.948730,4455.384766,4345.256348,4379.743652,2723.000000,4.000000,85.000000,,,,0.000000,4.000000,4.000000,4.000000,4.000000,4.000000,4.000000,4.000000,4.000000,4.000000,4.000000,4.000000,4.000000,4.000000,4.000000,100.000000,1.000000,25.000000,4.000000,1.000000,3.000000,3.000000,4.000000,4.000000,4.000000,4.000000,4.000000,3.000000,1.000000,3.000000,1.000000,3.000000,3.872758,1.619543,1.444108,0.996792,1.006753,11.838795,4.185330,2.022516,1.032247,1.333803,4.297068,2.420113,1.583913,1.252282,1.260275,5.288385,2.521089,1.613109,1.103736,1.303845,0.971638,0.476344,0.498434,0.565788,0.854978,0.747210,0.376366,0.867053,0.528184,0.581052,1.290429,0.732775,1.435062,1.000688,0.845720,2.014008,3.937799,1.340637,1.588825,1.427856,1.649899,3.122347,1.988168,1.495945,1.243823,1.988476,1.710931,1.867762,2.307072,1.531291,9.633644,2.999292,3.575424,2.369129,2.156039,4.455530,2.854902,2.342672,2.100343,1.684135,9.489510,1.793588,2.539502,2.088800,1.662617,6.256169,1.481819,2.011437,1.886379,1.764773
1676060290.381101,1676060290.381048,15.000000,0.000000,4291.538574,4300.256348,4307.179688,4305.384766,4291.666504,4265.384766,4300.128418,4297.051270,4298.717773,4270.897461,4444.871582,4468.077148,4352.948730,4399.743652,2909.000000,4.000000,85.000000,,,,0.000000,4.000000,4.000000,4.000000,4.000000,4.000000,4.000000,4.000000,4.000000,4.000000,4.000000,4.000000,4.000000,4.000000,4.000000,100.000000,,,,,,,,,,,,,,,,,,,,,,,,,,,,,,,,,,,,,,,,,,,,,,,,,,,,,,,,,,,,,,,,,,,,,,,,,,,,,,,,,,,,,,
1676060290.388909,1676060290.388757,16.000000,0.000000,4279.487305,4293.333496,4307.692383,4295.000000,4283.846191,4262.948730,4299.358887,4293.333496,4300.512695,4287.179688,4446.025879,4460.000000,4348.333496,4395.256348,0.000000,4.000000,85.000000,,,,0.000000,4.000000,4.000000,4.000000,4.000000,4.000000,4.000000,4.000000,4.000000,4.000000,4.000000,4.000000,4.000000,4.000000,4.000000,100.000000,,,,,,,,,,,,,,,,,,,,,,,,,,,,,,,,,,,,,,,,,,,,,,,,,,,,,,,,,,,,,,,,,,,,,,,,,,,,,,,,,,,,,,
1676060290.396717,1676060290.396665,17.000000,0.000000,4280.512695,4291.282227,4310.000000,4291.794922,4277.307617,4261.538574,4299.871582,4295.897461,4303.846191,4294.358887,4447.436035,4457.051270,4351.794922,4389.102539,0.000000,4.000000,85.000000,,,,0.000000,4.000000,4.000000,4.000000,4.000000,4.000000,4.000000,4.000000,4.000000,4.000000,4.000000,4.000000,4.000000,4.000000,4.000000,100.000000,,,,,,,,,,,,,,,,,,,,,,,,,,,,,,,,,,,,,,,,,,,,,,,,,,,,,,,,,,,,,,,,,,,,,,,,,,,,,,,,,,,,,,
1676060290.404526,1676060290.404474,18.000000,0.000000,4290.641113,4295.641113,4311.410156,4298.846191,4282.692383,4264.743652,4300.384766,4298.589844,4299.102539,4285.256348,4455.641113,4466.282227,4359.615234,4399.230957,0.000000,4.000000,85.000000,,,,0.000000,4.000000,4.000000,4.000000,4.000000,4.000000,4.000000,4.000000,4.000000,4.000000,4.000000,4.000000,4.000000,4.000000,4.000000,100.000000,,,,,,,,,,,,,,,,,,,,,,,,,,,,,,,,,,,,,,,,,,,,,,,,,,,,,,,,,,,,,,,,,,,,,,,,,,,,,,,,,,,,,,
1676060290.412334,1676060290.412382,19.000000,0.000000,4273.846191,4284.358887,4300.256348,4289.871582,4277.179688,4253.461426,4292.051270,4285.512695,4281.922852,4268.077148,4441.794922,4456.666504,4344.871582,4392.307617,0.000000,4.000000,85.000000,,,,0.000000,4.000000,4.000000,4.000000,4.000000,4.000000,4.000000,4.000000,4.000000,4.000000,4.000000,4.000000,4.000000,4.000000,4.000000,100.000000,,,,,,,,,,,,,,,,,,,,,,,,,,,,,,,,,,,,,,,,,,,,,,,,,,,,,,,,,,,,,,,,,,,,,,,,,,,,,,,,,,,,,,
1676060290.420143,1676060290.420190,20.000000,0.000000,4262.820313,4271.410156,4292.436035,4274.487305,4262.692383,4242.692383,4287.563965,4277.820313,4274.487305,4256.538574,4421.153809,4443.717773,4330.512695,4372.179688,0.000000,4.000000,85.000000,,,,0.000000,4.000000,4.000000,4.000000,4.000000,4.000000,4.000000,4.000000,4.000000,4.000000,4.000000,4.000000,4.000000,4.000000,4.000000,100.000000,,,,,,,,,,,,,,,,,,,,,,,,,,,,,,,,,,,,,,,,,,,,,,,,,,,,,,,,,,,,,,,,,,,,,,,,,,,,,,,,,,,,,,
1676060290.427951,1676060290.428099,21.000000,0.000000,4285.256348,4282.179688,4305.000000,4285.384766,4271.282227,4256.410156,4296.538574,4293.077148,4288.461426,4265.384766,4437.692383,4463.461426,4348.077148,4387.563965,0.000000,4.000000,85.000000,,,,0.000000,4.000000,4.000000,4.000000,4.000000,4.000000,4.000000,4.000000,4.000000,4.000000,4.000000,4.000000,4.000000,4.000000,4.000000,100.000000,,,,,,,,,,,,,,,,,,,,,,,,,,,,,,,,,,,,,,,,,,,,,,,,,,,,,,,,,,,,,,,,,,,,,,,,,,,,,,,,,,,,,,
1676060290.435759,1676060290.435907,22.000000,0.000000,4301.666504,4299.487305,4323.717773,4308.589844,4289.358887,4272.307617,4305.384766,4311.410156,4303.846191,4289.487305,4464.487305,4486.153809,4371.025879,4417.436035,0.000000,4.000000,85.000000,,,,0.000000,4.000000,4.000000,4.000000,4.000000,4.000000,4.000000,4.000000,4.000000,4.000000,4.000000,4.000000,4.000000,4.000000,4.000000,100.000000,,,,,,,,,,,,,,,,,,,,,,,,,,,,,,,,,,,,,,,,,,,,,,,,,,,,,,,,,,,,,,,,,,,,,,,,,,,,,,,,,,,,,,
1676060290.443568,1676060290.443816,23.000000,0.000000,4287.563965,4296.922852,4321.410156,4305.769043,4283.461426,4263.974121,4298.846191,4301.666504,4295.128418,4286.153809,4452.820313,4469.871582,4356.538574,4404.102539,0.000000,4.000000,85.000000,,,,0.000000,4.000000,4.000000,4.000000,4.000000,4.000000,4.000000,4.000000,4.000000,4.000000,4.000000,4.000000,4.000000,4.000000,4.000000,100.000000,,,,,,,,,,,,,,,,,,,,,,,,,,,,,,,,,,,,,,,,,,,,,,,,,,,,,,,,,,,,,,,,,,,,,,,,,,,,,,,,,,,,,,
1676060290.451376,1676060290.451624,24.000000,0.000000,4279.102539,4284.487305,4304.615234,4292.179688,4274.102539,4258.333496,4291.410156,4280.384766,4278.077148,4262.692383,4426.282227,4449.615234,4337.436035,4376.666504,0.000000,4.000000,85.000000,,,,0.000000,4.000000,4.000000,4.000000,4.000000,4.000000,4.000000,4.000000,4.000000,4.000000,4.000000,4.000000,4.000000,4.000000,4.000000,100.000000,,,,,,,,,,,,,,,,,,,,,,,,,,,,,,,,,,,,,,,,,,,,,,,,,,,,,,,,,,,,,,,,,,,,,,,,,,,,,,,,,,,,,,
1676060290.459185,1676060290.459532,25.000000,0.000000,4283.461426,4280.384766,4298.077148,4297.051270,4277.563965,4266.922852,4297.563965,4281.153809,4280.000000,4268.077148,4426.410156,4458.589844,4346.282227,4384.230957,0.000000,4.000000,85.000000,,,,0.000000,4.000000,4.000000,4.000000,4.000000,4.000000,4.000000,4.000000,4.000000,4.000000,4.000000,4.000000,4.000000,4.000000,4.000000,100.000000,,,,,,,,,,,,,,,,,,,,,,,,,,,,,,,,,,,,,,,,,,,,,,,,,,,,,,,,,,,,,,,,,,,,,,,,,,,,,,,,,,,,,,
1676060290.466993,1676060290.467341,26.000000,0.000000,4268.589844,4276.025879,4294.615234,4303.974121,4271.282227,4261.282227,4296.025879,4289.743652,4283.717773,4274.487305,4429.743652,4461.025879,4345.384766,4388.589844,0.000000,4.000000,85.000000,,,,0.000000,4.000000,4.000000,4.000000,4.000000,4.000000,4.000000,4.000000,4.000000,4.000000,4.000000,4.000000,4.000000,4.000000,4.000000,100.000000,,,,,,,,,,,,,,,,,,,,,,,,,,,,,,,,,,,,,,,,,,,,,,,,,,,,,,,,,,,,,,,,,,,,,,,,,,,,,,,,,,,,,,
1676060290.474801,1676060290.475049,27.000000,0.000000,4259.102539,4274.102539,4291.794922,4304.743652,4262.436035,4246.794922,4292.051270,4288.461426,4278.974121,4252.820313,4425.128418,4455.897461,4335.641113,4373.717773,0.000000,4.000000,85.000000,,,,0.000000,4.000000,4.000000,4.000000,4.000000,4.000000,4.000000,4.000000,4.000000,4.000000,4.000000,4.000000,4.000000,4.000000,4.000000,100.000000,,,,,,,,,,,,,,,,,,,,,,,,,,,,,,,,,,,,,,,,,,,,,,,,,,,,,,,,,,,,,,,,,,,,,,,,,,,,,,,,,,,,,,
1676060290.482610,1676060290.482858,28.000000,0.000000,4276.153809,4279.487305,4295.512695,4311.794922,4264.358887,4243.974121,4293.205078,4289.871582,4278.077148,4247.563965,4434.102539,4466.153809,4349.358887,4375.000000,0.000000,4.000000,85.000000,,,,0.000000,4.000000,4.000000,4.000000,4.000000,4.000000,4.000000,4.000000,4.000000,4.000000,4.000000,4.000000,4.000000,4.000000,4.000000,100.000000,,,,,,,,,,,,,,,,,,,,,,,,,,,,,,,,,,,,,,,,,,,,,,,,,,,,,,,,,,,,,,,,,,,,,,,,,,,,,,,,,,,,,,
1676060290.490418,1676060290.490566,29.000000,0.000000,4280.384766,4278.333496,4294.358887,4317.820313,4263.461426,4248.461426,4285.128418,4294.615234,4279.615234,4271.153809,4439.230957,4473.077148,4357.563965,4383.077148,0.000000,4.000000,85.000000,,,,0.000000,4.000000,4.000000,4.000000,4.000000,4.000000,4.000000,4.000000,4.000000,4.000000,4.000000,4.000000,4.000000,4.000000,4.000000,100.000000,,,,,,,,,,,,,,,,,,,,,,,,,,,,,,,,,,,,,,,,,,,,,,,,,,,,,,,,,,,,,,,,,,,,,,,,,,,,,,,,,,,,,,
1676060290.498226,1676060290.498375,30.000000,0.000000,4275.384766,4276.410156,4293.846191,4321.153809,4270.128418,4257.692383,4286.410156,4295.256348,4282.051270,4285.384766,4442.179688,4480.256348,4356.025879,4394.102539,0.000000,4.000000,85.000000,,,,0.000000,4.000000,4.000000,4.000000,4.000000,4.000000,4.000000,4.000000,4.000000,4.000000,4.000000,4.000000,4.000000,4.000000,4.000000,100.000000,,,,,,,,,,,,,,,,,3.179180,1.529580,1.821109,0.993492,1.017259,12.808266,5.304840,2.333265,0.986228,1.340541,3.349314,2.435173,1.999445,1.221558,1.258762,5.822771,3.226160,1.940501,1.016812,1.327419,0.868594,0.463217,0.629790,0.552965,0.847654,0.698311,0.461430,0.779180,0.553608,0.539677,1.237477,0.840164,1.633321,1.040254,0.840918,2.151929,4.778312,1.743406,1.589453,1.462721,1.427859,3.488531,2.462391,1.511588,1.283989,1.614994,1.861284,2.521082,2.311639,1.513308,10.995962,3.096348,4.333855,2.379337,2.125062,4.067687,3.087925,3.188444,2.060873,1.710114,9.921198,1.759710,3.095225,2.140547,1.627005,5.612273,1.362564,2.600076,1.882822,1.730102
1676060290.506035,1676060290.506083,31.000000,0.000000,4293.205078,4288.333496,4302.179688,4332.307617,4281.410156,4266.922852,4297.692383,4295.128418,4283.974121,4276.538574,4452.692383,4495.641113,4368.846191,4414.487305,0.000000,4.000000,85.000000,,,,0.000000,4.000000,4.000000,4.000000,4.000000,4.000000,4.000000,4.000000,4.000000,4.000000,4.000000,4.000000,4.000000,4.000000,4.000000,100.000000,,,,,,,,,,,,,,,,,,,,,,,,,,,,,,,,,,,,,,,,,,,,,,,,,,,,,,,,,,,,,,,,,,,,,,,,,,,,,,,,,,,,,,
1676060290.513843,1676060290.513892,32.000000,0.000000,4296.025879,4288.205078,4298.205078,4330.897461,4271.538574,4258.461426,4288.077148,4285.128418,4276.794922,4257.692383,4438.589844,4486.025879,4358.846191,4403.077148,0.000000,4.000000,85.000000,,,,0.000000,4.000000,4.000000,4.000000,4.000000,4.000000,4.000000,4.000000,4.000000,4.000000,4.000000,4.000000,4.000000,4.000000,4.000000,100.000000,,,,,,,,,,,,,,,,,,,,,,,,,,,,,,,,,,,,,,,,,,,,,,,,,,,,,,,,,,,,,,,,,,,,,,,,,,,,,,,,,,,,,,
1676060290.521651,1676060290.521600,33.000000,0.000000,4281.538574,4272.307617,4288.974121,4319.615234,4262.307617,4251.666504,4279.615234,4278.846191,4281.282227,4259.358887,4431.666504,4476.666504,4348.717773,4392.307617,0.000000,4.000000,85.000000,,,,0.000000,4.000000,4.000000,4.000000,4.000000,4.000000,4.000000,4.000000,4.000000,4.000000,4.000000,4.000000,4.000000,4.000000,4.000000,100.000000,,,,,,,,,,,,,,,,,,,,,,,,,,,,,,,,,,,,,,,,,,,,,,,,,,,,,,,,,,,,,,,,,,,,,,,,,,,,,,,,,,,,,,
1676060290.529460,1676060290.529409,34.000000,0.000000,4304.743652,4284.487305,4305.641113,4332.948730,4280.000000,4266.538574,4297.563965,4295.128418,4301.666504,4291.794922,4474.230957,4509.615234,4386.025879,4437.563965,0.000000,4.000000,85.000000,,,,0.000000,4.000000,4.000000,4.000000,4.000000,4.000000,4.000000,4.000000,4.000000,4.000000,4.000000,4.000000,4.000000,4.000000,4.000000,100.000000,,,,,,,,,,,,,,,,,,,,,,,,,,,,,,,,,,,,,,,,,,,,,,,,,,,,,,,,,,,,,,,,,,,,,,,,,,,,,,,,,,,,,,
1676060290.537268,1676060290.537117,35.000000,0.000000,4327.820313,4302.820313,4317.820313,4344.487305,4286.922852,4268.461426,4300.256348,4300.256348,4295.641113,4295.641113,4491.153809,4519.871582,4398.589844,4457.563965,0.000000,4.000000,85.000000,,,,0.000000,4.000000,4.000000,4.000000,4.000000,4.000000,4.000000,4.000000,4.000000,4.000000,4.000000,4.000000,4.000000,4.000000,4.000000,100.000000,,,,,,,,,,,,,,,,,,,,,,,,,,,,,,,,,,,,,,,,,,,,,,,,,,,,,,,,,,,,,,,,,,,,,,,,,,,,,,,,,,,,,,
1676060290.545077,1676060290.545026,36.000000,0.000000,4309.102539,4291.666504,4302.436035,4330.256348,4272.051270,4255.641113,4285.897461,4288.846191,4276.025879,4265.128418,4453.461426,4489.102539,4362.436035,4415.384766,0.000000,4.000000,85.000000,,,,0.000000,4.000000,4.000000,4.000000,4.000000,4.000000,4.000000,4.000000,4.000000,4.000000,4.000000,4.000000,4.000000,4.000000,4.000000,100.000000,,,,,,,,,,,,,,,,,,,,,,,,,,,,,,,,,,,,,,,,,,,,,,,,,,,,,,,,,,,,,,,,,,,,,,,,,,,,,,,,,,,,,,
1676060290.552885,1676060290.552834,37.000000,0.000000,4311.794922,4294.743652,4308.589844,4336.282227,4282.051270,4269.487305,4301.282227,4297.436035,4291.153809,4275.512695,4459.102539,4501.410156,4369.487305,4421.794922,0.000000,4.000000,85.000000,,,,0.000000,4.000000,4.000000,4.000000,4.000000,4.000000,4.000000,4.000000,4.000000,4.000000,4.000000,4.000000,4.000000,4.000000,4.000000,100.000000,,,,,,,,,,,,,,,,,,,,,,,,,,,,,,,,,,,,,,,,,,,,,,,,,,,,,,,,,,,,,,,,,,,,,,,,,,,,,,,,,,,,,,
1676060290.560693,1676060290.560742,38.000000,0.000000,4344.230957,4317.820313,4339.615234,4364.743652,4305.512695,4289.102539,4322.179688,4311.282227,4310.897461,4297.179688,4504.102539,4539.230957,4408.717773,4474.102539,0.000000,4.000000,85.000000,,,,0.000000,4.000000,4.000000,4.000000,4.000000,4.000000,4.000000,4.000000,4.000000,4.000000,4.000000,4.000000,4.000000,4.000000,4.000000,100.000000,,,,,,,,,,,,,,,,,,,,,,,,,,,,,,,,,,,,,,,,,,,,,,,,,,,,,,,,,,,,,,,,,,,,,,,,,,,,,,,,,,,,,,
1676060290.568502,1676060290.568551,39.000000,0.000000,4333.461426,4302.179688,4333.077148,4354.487305,4293.846191,4271.922852,4305.000000,4296.794922,4290.128418,4270.256348,4492.948730,4522.436035,4396.794922,4460.000000,0.000000,4.000000,85.000000,,,,0.000000,4.000000,4.000000,4.000000,4.000000,4.000000,4.000000,4.000000,4.000000,4.000000,4.000000,4.000000,4.000000,4.000000,4.000000,100.000000,,,,,,,,,,,,,,,,,,,,,,,,,,,,,,,,,,,,,,,,,,,,,,,,,,,,,,,,,,,,,,,,,,,,,,,,,,,,,,,,,,,,,,
1676060290.576310,1676060290.576459,40.000000,0.000000,4311.282227,4273.846191,4310.000000,4326.538574,4271.922852,4254.230957,4287.307617,4285.512695,4276.794922,4258.974121,4467.563965,4498.717773,4378.461426,4427.692383,0.000000,4.000000,85.000000,,,,0.000000,4.000000,4.000000,4.000000,4.000000,4.000000,4.000000,4.000000,4.000000,4.000000,4.000000,4.000000,4.000000,4.000000,4.000000,100.000000,,,,,,,,,,,,,,,,,,,,,,,,,,,,,,,,,,,,,,,,,,,,,,,,,,,,,,,,,,,,,,,,,,,,,,,,,,,,,,,,,,,,,,
1676060290.584118,1676060290.584268,41.000000,0.000000,4331.666504,4283.461426,4326.922852,4334.230957,4279.358887,4268.974121,4304.487305,4301.538574,4301.410156,4299.358887,4495.128418,4524.358887,4405.769043,4452.948730,0.000000,4.000000,85.000000,,,,0.000000,4.000000,4.000000,4.000000,4.000000,4.000000,4.000000,4.000000,4.000000,4.000000,4.000000,4.000000,4.000000,4.000000,4.000000,100.000000,,,,,,,,,,,,,,,,,,,,,,,,,,,,,,,,,,,,,,,,,,,,,,,,,,,,,,,,,,,,,,,,,,,,,,,,,,,,,,,,,,,,,,
1676060290.591927,1676060290.592176,42.000000,0.000000,4337.051270,4285.384766,4338.974121,4341.666504,4286.025879,4276.410156,4311.794922,4306.666504,4312.563965,4311.922852,4514.487305,4536.538574,4422.051270,4466.666504,0.000000,4.000000,85.000000,,,,0.000000,4.000000,4.000000,4.000000,4.000000,4.000000,4.000000,4.000000,4.000000,4.000000,4.000000,4.000000,4.000000,4.000000,4.000000,100.000000,,,,,,,,,,,,,,,,,,,,,,,,,,,,,,,,,,,,,,,,,,,,,,,,,,,,,,,,,,,,,,,,,,,,,,,,,,,,,,,,,,,,,,
1676060290.599735,1676060290.599984,43.000000,0.000000,4311.794922,4268.846191,4317.436035,4325.000000,4275.000000,4260.769043,4292.179688,4294.487305,4294.743652,4283.077148,4493.846191,4510.897461,4402.307617,4439.743652,0.000000,4.000000,85.000000,,,,0.000000,4.000000,4.000000,4.000000,4.000000,4.000000,4.000000,4.000000,4.000000,4.000000,4.000000,4.000000,4.000000,4.000000,4.000000,100.000000,,,,,,,,,,,,,,,,,,,,,,,,,,,,,,,,,,,,,,,,,,,,,,,,,,,,,,,,,,,,,,,,,,,,,,,,,,,,,,,,,,,,,,
1676060290.607544,1676060290.607893,44.000000,0.000000,4308.717773,4278.333496,4310.897461,4323.461426,4277.307617,4259.615234,4292.179688,4299.487305,4289.358887,4275.897461,4487.179688,4503.846191,4394.358887,4428.589844,0.000000,4.000000,85.000000,,,,0.000000,4.000000,4.000000,4.000000,4.000000,4.000000,4.000000,4.000000,4.000000,4.000000,4.000000,4.000000,4.000000,4.000000,4.000000,100.000000,,,,,,,,,,,,,,,,,,,,,,,,,,,,,,,,,,,,,,,,,,,,,,,,,,,,,,,,,,,,,,,,,,,,,,,,,,,,,,,,,,,,,,
1676060290.615352,1676060290.615701,45.000000,0.000000,4313.205078,4289.358887,4316.538574,4329.487305,4280.000000,4273.974121,4307.307617,4311.538574,4300.769043,4289.615234,4496.410156,4511.538574,4403.717773,4430.384766,0.000000,4.000000,85.000000,,,,0.000000,4.000000,4.000000,4.000000,4.000000,4.000000,4.000000,4.000000,4.000000,4.000000,4.000000,4.000000,4.000000,4.000000,4.000000,100.000000,,,,,,,,,,,,,,,,,,,,,,,,,,,,,,,,,,,,,,,,,,,,,,,,,,,,,,,,,,,,,,,,,,,,,,,,,,,,,,,,,,,,,,
1676060290.623160,1676060290.623610,46.000000,0.000000,4294.487305,4272.563965,4299.230957,4314.487305,4266.025879,4271.538574,4300.256348,4299.871582,4290.256348,4286.282227,4479.871582,4494.230957,4387.051270,4411.794922,0.000000,4.000000,85.000000,,,,0.000000,4.000000,4.000000,4.000000,4.000000,4.000000,4.000000,4.000000,4.000000,4.000000,4.000000,4.000000,4.000000,4.000000,4.000000,100.000000,,,,,,,,,,,,,,,,,2.492400,1.609263,2.279975,0.983385,1.046150,14.105933,6.637499,2.777457,0.914493,1.370178,2.584893,2.547331,2.563316,1.138982,1.245378,6.379223,4.048465,2.367656,0.907895,1.359425,0.763812,0.484603,0.840522,0.525308,0.831386,0.607133,0.527278,0.735268,0.577822,0.533655,1.146378,0.935928,1.904914,1.052764,0.851023,2.270104,5.333796,2.205357,1.513726,1.464493,1.338515,3.681511,2.962004,1.457586,1.319064,1.357334,1.960797,3.474718,2.268349,1.511919,12.600421,3.115425,5.326674,2.320852,2.083606,3.580400,3.355083,4.383151,1.935092,1.743608,10.984651,1.758899,3.719904,2.108557,1.636744,4.923003,1.414479,3.387316,1.784106,1.734775
1676060290.630969,1676060290.631418,47.000000,0.000000,4291.410156,4271.922852,4291.410156,4315.512695,4269.871582,4262.563965,4292.692383,4292.820313,4276.538574,4272.820313,4470.256348,4486.538574,4369.358887,4405.512695,0.000000,4.000000,85.000000,,,,0.000000,4.000000,4.000000,4.000000,4.000000,4.000000,4.000000,4.000000,4.000000,4.000000,4.000000,4.000000,4.000000,4.000000,4.000000,100.000000,,,,,,,,,,,,,,,,,,,,,,,,,,,,,,,,,,,,,,,,,,,,,,,,,,,,,,,,,,,,,,,,,,,,,,,,,,,,,,,,,,,,,,
1676060290.638777,1676060290.639326,48.000000,0.000000,4299.743652,4290.384766,4301.153809,4330.897461,4281.153809,4264.615234,4297.820313,4299.358887,4279.358887,4259.871582,4477.307617,4494.230957,4371.922852,4409.615234,0.000000,4.000000,85.000000,,,,0.000000,4.000000,4.000000,4.000000,4.000000,4.000000,4.000000,4.000000,4.000000,4.000000,4.000000,4.000000,4.000000,4.000000,4.000000,100.000000,,,,,,,,,,,,,,,,,,,,,,,,,,,,,,,,,,,,,,,,,,,,,,,,,,,,,,,,,,,,,,,,,,,,,,,,,,,,,,,,,,,,,,
1676060290.646586,1676060290.647135,49.000000,0.000000,4283.974121,4289.615234,4294.871582,4322.307617,4270.512695,4264.102539,4293.589844,4288.333496,4272.692383,4249.871582,4461.153809,4480.641113,4360.641113,4393.846191,0.000000,4.000000,85.000000,,,,0.000000,4.000000,4.000000,4.000000,4.000000,4.000000,4.000000,4.000000,4.000000,4.000000,4.000000,4.000000,4.000000,4.000000,4.000000,100.000000,,,,,,,,,,,,,,,,,,,,,,,,,,,,,,,,,,,,,,,,,,,,,,,,,,,,,,,,,,,,,,,,,,,,,,,,,,,,,,,,,,,,,,
1676060290.654394,1676060290.655043,50.000000,0.000000,4281.538574,4291.922852,4291.538574,4319.871582,4266.666504,4261.282227,4289.358887,4282.051270,4271.922852,4267.179688,4451.025879,4476.538574,4347.307617,4387.436035,0.000000,4.000000,85.000000,,,,0.000000,4.000000,4.000000,4.000000,4.000000,4.000000,4.000000,4.000000,4.000000,4.000000,4.000000,4.000000,4.000000,4.000000,4.000000,100.000000,,,,,,,,,,,,,,,,,,,,,,,,,,,,,,,,,,,,,,,,,,,,,,,,,,,,,,,,,,,,,,,,,,,,,,,,,,,,,,,,,,,,,,
1676060290.662202,1676060290.662852,51.000000,0.000000,4305.897461,4311.922852,4306.538574,4339.871582,4280.256348,4269.743652,4294.487305,4300.128418,4290.384766,4294.102539,4475.000000,4498.461426,4365.128418,4402.820313,0.000000,4.000000,85.000000,,,,0.000000,4.000000,4.000000,4.000000,4.000000,4.000000,4.000000,4.000000,4.000000,4.000000,4.000000,4.000000,4.000000,4.000000,4.000000,100.000000,,,,,,,,,,,,,,,,,,,,,,,,,,,,,,,,,,,,,,,,,,,,,,,,,,,,,,,,,,,,,,,,,,,,,,,,,,,,,,,,,,,,,,
1676060290.670011,1676060290.670560,52.000000,0.000000,4318.077148,4327.692383,4321.538574,4351.666504,4287.820313,4282.563965,4302.820313,4315.897461,4305.769043,4291.922852,4498.205078,4516.410156,4389.871582,4420.000000,0.000000,4.000000,85.000000,,,,0.000000,4.000000,4.000000,4.000000,4.000000,4.000000,4.000000,4.000000,4.000000,4.000000,4.000000,4.000000,4.000000,4.000000,4.000000,100.000000,,,,,,,,,,,,,,,,,,,,,,,,,,,,,,,,,,,,,,,,,,,,,,,,,,,,,,,,,,,,,,,,,,,,,,,,,,,,,,,,,,,,,,
1676060290.677819,1676060290.678369,53.000000,0.000000,4300.769043,4317.436035,4309.487305,4333.846191,4278.205078,4277.948730,4296.666504,4303.974121,4294.230957,4274.871582,4481.153809,4503.205078,4372.948730,4407.563965,0.000000,4.000000,85.000000,,,,0.000000,4.000000,4.000000,4.000000,4.000000,4.000000,4.000000,4.000000,4.000000,4.000000,4.000000,4.000000,4.000000,4.000000,4.000000,100.000000,,,,,,,,,,,,,,,,,,,,,,,,,,,,,,,,,,,,,,,,,,,,,,,,,,,,,,,,,,,,,,,,,,,,,,,,,,,,,,,,,,,,,,
1676060290.685628,1676060290.686077,54.000000,0.000000,4279.487305,4293.461426,4286.025879,4312.179688,4267.820313,4264.615234,4280.384766,4283.846191,4277.948730,4268.974121,4453.333496,4475.641113,4345.128418,4377.563965,0.000000,4.000000,85.000000,,,,0.000000,4.000000,4.000000,4.000000,4.000000,4.000000,4.000000,4.000000,4.000000,4.000000,4.000000,4.000000,4.000000,4.000000,4.000000,100.000000,,,,,,,,,,,,,,,,,,,,,,,,,,,,,,,,,,,,,,,,,,,,,,,,,,,,,,,,,,,,,,,,,,,,,,,,,,,,,,,,,,,,,,
1676060290.693436,1676060290.693886,55.000000,0.000000,4285.897461,4300.384766,4295.641113,4323.461426,4276.538574,4265.000000,4283.717773,4289.358887,4285.256348,4276.666504,4463.589844,4477.820313,4358.974121,4382.307617,0.000000,4.000000,85.000000,,,,0.000000,4.000000,4.000000,4.000000,4.000000,4.000000,4.000000,4.000000,4.000000,4.000000,4.000000,4.000000,4.000000,4.000000,4.000000,100.000000,,,,,,,,,,,,,,,,,,,,,,,,,,,,,,,,,,,,,,,,,,,,,,,,,,,,,,,,,,,,,,,,,,,,,,,,,,,,,,,,,,,,,,
1676060290.701244,1676060290.701594,56.000000,0.000000,4305.256348,4324.487305,4314.358887,4341.794922,4290.641113,4271.538574,4292.820313,4299.230957,4293.077148,4280.512695,4479.615234,4494.358887,4375.641113,4402.692383,0.000000,4.000000,85.000000,,,,0.000000,4.000000,4.000000,4.000000,4.000000,4.000000,4.000000,4.000000,4.000000,4.000000,4.000000,4.000000,4.000000,4.000000,4.000000,100.000000,,,,,,,,,,,,,,,,,,,,,,,,,,,,,,,,,,,,,,,,,,,,,,,,,,,,,,,,,,,,,,,,,,,,,,,,,,,,,,,,,,,,,,
1676060290.709053,1676060290.709403,57.000000,0.000000,4297.051270,4314.743652,4301.666504,4328.974121,4283.461426,4267.820313,4284.102539,4289.358887,4281.794922,4274.230957,4463.846191,4481.922852,4361.410156,4391.538574,0.000000,4.000000,85.000000,,,,0.000000,4.000000,4.000000,4.000000,4.000000,4.000000,4.000000,4.000000,4.000000,4.000000,4.000000,4.000000,4.000000,4.000000,4.000000,100.000000,,,,,,,,,,,,,,,,,,,,,,,,,,,,,,,,,,,,,,,,,,,,,,,,,,,,,,,,,,,,,,,,,,,,,,,,,,,,,,,,,,,,,,
1676060290.716861,1676060290.717111,58.000000,0.000000,4273.589844,4291.282227,4286.410156,4313.846191,4272.948730,4261.410156,4277.948730,4283.974121,4274.743652,4273.077148,4450.000000,4464.743652,4350.769043,4372.051270,0.000000,4.000000,85.000000,,,,0.000000,4.000000,4.000000,4.000000,4.000000,4.000000,4.000000,4.000000,4.000000,4.000000,4.000000,4.000000,4.000000,4.000000,4.000000,100.000000,,,,,,,,,,,,,,,,,,,,,,,,,,,,,,,,,,,,,,,,,,,,,,,,,,,,,,,,,,,,,,,,,,,,,,,,,,,,,,,,,,,,,,
1676060290.724670,1676060290.724920,59.000000,0.000000,4282.307617,4302.436035,4299.743652,4327.179688,4287.948730,4268.974121,4292.307617,4305.000000,4293.205078,4286.153809,4473.333496,4485.769043,4370.641113,4386.538574,0.000000,4.000000,85.000000,,,,0.000000,4.000000,4.000000,4.000000,4.000000,4.000000,4.000000,4.000000,4.000000,4.000000,4.000000,4.000000,4.000000,4.000000,4.000000,100.000000,,,,,,,,,,,,,,,,,,,,,,,,,,,,,,,,,,,,,,,,,,,,,,,,,,,,,,,,,,,,,,,,,,,,,,,,,,,,,,,,,,,,,,
1676060290.732478,1676060290.732628,60.000000,0.000000,4301.538574,4320.256348,4307.436035,4333.717773,4298.461426,4276.794922,4299.487305,4317.307617,4306.410156,4286.410156,4492.948730,4501.666504,4383.974121,4403.205078,0.000000,4.000000,85.000000,,,,0.000000,4.000000,4.000000,4.000000,4.000000,4.000000,4.000000,4.000000,4.000000,4.000000,4.000000,4.000000,4.000000,4.000000,4.000000,100.000000,,,,,,,,,,,,,,,,,,,,,,,,,,,,,,,,,,,,,,,,,,,,,,,,,,,,,,,,,,,,,,,,,,,,,,,,,,,,,,,,,,,,,,
1676060290.740286,1676060290.740437,61.000000,0.000000,4287.563965,4302.820313,4296.025879,4317.563965,4284.871582,4268.974121,4289.743652,4304.615234,4299.871582,4273.077148,4476.794922,4483.846191,4367.307617,4388.589844,0.000000,4.000000,85.000000,,,,0.000000,4.000000,4.000000,4.000000,4.000000,4.000000,4.000000,4.000000,4.000000,4.000000,4.000000,4.000000,4.000000,4.000000,4.000000,100.000000,,,,,,,,,,,,,,,,,,,,,,,,,,,,,,,,,,,,,,,,,,,,,,,,,,,,,,,,,,,,,,,,,,,,,,,,,,,,,,,,,,,,,,
1676060290.748095,1676060290.748145,62.000000,0.000000,4263.205078,4279.358887,4286.666504,4304.871582,4271.538574,4259.615234,4281.153809,4292.436035,4292.820313,4272.820313,4457.179688,4469.615234,4350.000000,4368.205078,0.000000,4.000000,85.000000,,,,0.000000,4.000000,4.000000,4.000000,4.000000,4.000000,4.000000,4.000000,4.000000,4.000000,4.000000,4.000000,4.000000,4.000000,4.000000,100.000000,,,,,,,,,,,,,,,,,1.951720,1.784876,2.725905,0.997546,1.086503,14.728933,7.616302,3.259482,0.852778,1.401538,2.116615,2.668900,3.155744,1.072539,1.206729,6.631936,4.691252,2.800748,0.825832,1.381328,0.659472,0.524871,1.103055,0.512310,0.803650,0.552695,0.559086,0.737985,0.626747,0.556125,1.016169,0.992776,2.211215,1.059876,0.863184,2.281893,5.368717,2.610919,1.396512,1.417763,1.335155,3.628983,3.359141,1.368091,1.325260,1.205796,1.955185,4.492255,2.215532,1.533380,13.241594,2.972012,6.171584,2.260233,2.029909,3.078571,3.527191,5.612342,1.792646,1.760397,11.426747,1.702063,4.168376,2.030164,1.677736,4.181781,1.562189,4.136719,1.665210,1.770464
1676060290.755903,1676060290.755954,63.000000,0.000000,4264.230957,4283.205078,4286.666504,4305.128418,4273.333496,4262.692383,4280.769043,4294.102539,4295.256348,4282.179688,4462.820313,4472.692383,4355.641113,4371.538574,0.000000,4.000000,85.000000,,,,0.000000,4.000000,4.000000,4.000000,4.000000,4.000000,4.000000,4.000000,4.000000,4.000000,4.000000,4.000000,4.000000,4.000000,4.000000,100.000000,,,,,,,,,,,,,,,,,,,,,,,,,,,,,,,,,,,,,,,,,,,,,,,,,,,,,,,,,,,,,,,,,,,,,,,,,,,,,,,,,,,,,,
1676060290.763711,1676060290.763662,64.000000,0.000000,4284.358887,4300.512695,4298.589844,4314.871582,4283.333496,4270.256348,4294.871582,4306.666504,4312.692383,4290.384766,4483.205078,4486.666504,4373.589844,4391.410156,2536.000000,4.000000,85.000000,,,,0.000000,4.000000,4.000000,4.000000,4.000000,4.000000,4.000000,4.000000,4.000000,4.000000,4.000000,4.000000,4.000000,4.000000,4.000000,100.000000,,,,,,,,,,,,,,,,,,,,,,,,,,,,,,,,,,,,,,,,,,,,,,,,,,,,,,,,,,,,,,,,,,,,,,,,,,,,,,,,,,,,,,
1676060290.771520,1676060290.771471,65.000000,0.000000,4280.769043,4294.358887,4293.589844,4309.102539,4277.436035,4264.358887,4292.563965,4299.230957,4307.307617,4272.563965,4470.641113,4475.512695,4363.974121,4380.641113,2496.000000,4.000000,85.000000,,,,0.000000,4.000000,4.000000,4.000000,4.000000,4.000000,4.000000,4.000000,4.000000,4.000000,4.000000,4.000000,4.000000,4.000000,4.000000,100.000000,,,,,,,,,,,,,,,,,,,,,,,,,,,,,,,,,,,,,,,,,,,,,,,,,,,,,,,,,,,,,,,,,,,,,,,,,,,,,,,,,,,,,,
1676060290.779328,1676060290.779179,66.000000,0.000000,4266.922852,4288.846191,4281.538574,4301.922852,4274.743652,4263.589844,4281.666504,4288.333496,4294.743652,4252.820313,4453.077148,4461.922852,4351.025879,4366.153809,2421.000000,4.000000,85.000000,,,,0.000000,4.000000,4.000000,4.000000,4.000000,4.000000,4.000000,4.000000,4.000000,4.000000,4.000000,4.000000,4.000000,4.000000,4.000000,100.000000,,,,,,,,,,,,,,,,,,,,,,,,,,,,,,,,,,,,,,,,,,,,,,,,,,,,,,,,,,,,,,,,,,,,,,,,,,,,,,,,,,,,,,
1676060290.787136,1676060290.787087,67.000000,0.000000,4273.589844,4301.922852,4291.538574,4316.025879,4285.512695,4273.717773,4286.538574,4297.820313,4311.282227,4271.666504,4469.230957,4476.922852,4361.410156,4381.153809,2489.000000,4.000000,85.000000,,,,0.000000,4.000000,4.000000,4.000000,4.000000,4.000000,4.000000,4.000000,4.000000,4.000000,4.000000,4.000000,4.000000,4.000000,4.000000,100.000000,,,,,,,,,,,,,,,,,,,,,,,,,,,,,,,,,,,,,,,,,,,,,,,,,,,,,,,,,,,,,,,,,,,,,,,,,,,,,,,,,,,,,,
1676060290.794945,1676060290.794896,68.000000,0.000000,4280.000000,4301.794922,4298.077148,4322.820313,4284.358887,4270.641113,4288.077148,4298.589844,4324.358887,4291.794922,4478.974121,4479.615234,4363.974121,4383.205078,2453.000000,4.000000,85.000000,,,,0.000000,4.000000,4.000000,4.000000,4.000000,4.000000,4.000000,4.000000,4.000000,4.000000,4.000000,4.000000,4.000000,4.000000,4.000000,100.000000,,,,,,,,,,,,,,,,,,,,,,,,,,,,,,,,,,,,,,,,,,,,,,,,,,,,,,,,,,,,,,,,,,,,,,,,,,,,,,,,,,,,,,
1676060290.802753,1676060290.802804,69.000000,0.000000,4283.077148,4298.461426,4293.974121,4317.436035,4277.820313,4262.307617,4283.717773,4294.487305,4322.179688,4277.948730,4475.256348,4471.025879,4365.512695,4377.948730,2386.000000,4.000000,85.000000,,,,0.000000,4.000000,4.000000,4.000000,4.000000,4.000000,4.000000,4.000000,4.000000,4.000000,4.000000,4.000000,4.000000,4.000000,4.000000,100.000000,,,,,,,,,,,,,,,,,,,,,,,,,,,,,,,,,,,,,,,,,,,,,,,,,,,,,,,,,,,,,,,,,,,,,,,,,,,,,,,,,,,,,,
1676060290.810562,1676060290.810613,70.000000,0.000000,4297.692383,4308.974121,4304.230957,4323.461426,4289.743652,4272.307617,4290.897461,4310.897461,4335.769043,4276.922852,4487.563965,4488.974121,4380.769043,4396.282227,2241.000000,4.000000,85.000000,,,,0.000000,4.000000,4.000000,4.000000,4.000000,4.000000,4.000000,4.000000,4.000000,4.000000,4.000000,4.000000,4.000000,4.000000,4.000000,100.000000,,,,,,,,,,,,,,,,,,,,,,,,,,,,,,,,,,,,,,,,,,,,,,,,,,,,,,,,,,,,,,,,,,,,,,,,,,,,,,,,,,,,,,
1676060290.818370,1676060290.818521,71.000000,0.000000,4301.410156,4309.230957,4316.666504,4334.487305,4299.230957,4286.153809,4302.436035,4326.922852,4349.615234,4298.077148,4499.871582,4505.897461,4387.820313,4410.641113,2232.000000,4.000000,85.000000,,,,0.000000,4.000000,4.000000,4.000000,4.000000,4.000000,4.000000,4.000000,4.000000,4.000000,4.000000,4.000000,4.000000,4.000000,4.000000,100.000000,,,,,,,,,,,,,,,,,,,,,,,,,,,,,,,,,,,,,,,,,,,,,,,,,,,,,,,,,,,,,,,,,,,,,,,,,,,,,,,,,,,,,,
1676060290.826178,1676060290.826330,72.000000,0.000000,4280.769043,4291.025879,4302.563965,4322.179688,4286.153809,4281.666504,4293.461426,4313.077148,4332.820313,4295.384766,4487.692383,4484.102539,4370.128418,4400.128418,2296.000000,4.000000,85.000000,,,,0.000000,4.000000,4.000000,4.000000,4.000000,4.000000,4.000000,4.000000,4.000000,4.000000,4.000000,4.000000,4.000000,4.000000,4.000000,100.000000,,,,,,,,,,,,,,,,,,,,,,,,,,,,,,,,,,,,,,,,,,,,,,,,,,,,,,,,,,,,,,,,,,,,,,,,,,,,,,,,,,,,,,
1676060290.833987,1676060290.834238,73.000000,0.000000,4264.230957,4277.692383,4281.538574,4297.179688,4273.589844,4272.563965,4278.846191,4292.820313,4307.563965,4277.436035,4467.179688,4458.205078,4348.717773,4389.487305,2266.000000,4.000000,85.000000,,,,0.000000,4.000000,4.000000,4.000000,4.000000,4.000000,4.000000,4.000000,4.000000,4.000000,4.000000,4.000000,4.000000,4.000000,4.000000,100.000000,,,,,,,,,,,,,,,,,,,,,,,,,,,,,,,,,,,,,,,,,,,,,,,,,,,,,,,,,,,,,,,,,,,,,,,,,,,,,,,,,,,,,,
1676060290.841795,1676060290.842046,74.000000,0.000000,4272.563965,4281.794922,4280.769043,4291.922852,4275.256348,4281.153809,4280.769043,4289.871582,4295.641113,4262.563965,4458.974121,4457.948730,4348.333496,4388.846191,2753.000000,4.000000,85.000000,,,,0.000000,4.000000,4.000000,4.000000,4.000000,4.000000,4.000000,4.000000,4.000000,4.000000,4.000000,4.000000,4.000000,4.000000,4.000000,100.000000,,,,,,,,,,,,,,,,,,,,,,,,,,,,,,,,,,,,,,,,,,,,,,,,,,,,,,,,,,,,,,,,,,,,,,,,,,,,,,,,,,,,,,
1676060290.849604,1676060290.849955,75.000000,0.000000,4290.000000,4301.025879,4295.384766,4311.025879,4288.589844,4303.077148,4297.820313,4304.358887,4303.077148,4262.692383,4477.436035,4478.717773,4369.743652,4401.794922,2937.000000,4.000000,85.000000,,,,0.000000,4.000000,4.000000,4.000000,4.000000,4.000000,4.000000,4.000000,4.000000,4.000000,4.000000,4.000000,4.000000,4.000000,4.000000,100.000000,,,,,,,,,,,,,,,,,,,,,,,,,,,,,,,,,,,,,,,,,,,,,,,,,,,,,,,,,,,,,,,,,,,,,,,,,,,,,,,,,,,,,,
1676060290.857412,1676060290.857763,76.000000,0.000000,4294.615234,4314.615234,4307.179688,4325.000000,4297.436035,4310.384766,4307.307617,4316.666504,4316.794922,4282.692383,4498.974121,4494.230957,4383.333496,4418.846191,3147.000000,4.000000,85.000000,,,,0.000000,4.000000,4.000000,4.000000,4.000000,4.000000,4.000000,4.000000,4.000000,4.000000,4.000000,4.000000,4.000000,4.000000,4.000000,100.000000,,,,,,,,,,,,,,,,,,,,,,,,,,,,,,,,,,,,,,,,,,,,,,,,,,,,,,,,,,,,,,,,,,,,,,,,,,,,,,,,,,,,,,
1676060290.865220,1676060290.865472,77.000000,0.000000,4277.948730,4296.282227,4294.487305,4308.974121,4284.102539,4296.922852,4287.692383,4298.974121,4302.563965,4284.358887,4477.436035,4468.846191,4359.230957,4401.282227,3263.000000,4.000000,85.000000,,,,0.000000,4.000000,4.000000,4.000000,4.000000,4.000000,4.000000,4.000000,4.000000,4.000000,4.000000,4.000000,4.000000,4.000000,4.000000,100.000000,,,,,,,,,,,,,,,,,,,,,,,,,,,,,,,,,,,,,,,,,,,,,,,,,,,,,,,,,,,,,,,,,,,,,,,,,,,,,,,,,,,,,,
1676060290.873029,1676060290.873380,78.000000,0.000000,4271.153809,4283.205078,4281.666504,4297.179688,4273.846191,4292.820313,4271.410156,4282.820313,4286.153809,4265.769043,4455.384766,4448.077148,4341.666504,4377.948730,2753.000000,4.000000,85.000000,,,,0.000000,4.000000,4.000000,4.000000,4.000000,4.000000,4.000000,4.000000,4.000000,4.000000,4.000000,4.000000,4.000000,4.000000,4.000000,100.000000,1.000000,75.000000,4.000000,4.000000,3.000000,4.000000,4.000000,4.000000,4.000000,4.000000,4.000000,3.000000,3.000000,3.000000,3.000000,3.000000,1.706605,1.962965,3.054907,1.064345,1.131093,13.908375,7.893629,3.656189,0.841983,1.405872,1.975625,2.705184,3.605457,1.083886,1.139297,6.345915,4.922574,3.123345,0.812623,1.374895,0.575715,0.569620,1.357832,0.537855,0.767320,0.492376,0.555565,0.775978,0.717539,0.593099,0.858515,0.993777,2.469613,1.081758,0.865536,2.132380,4.829351,2.852089,1.278748,1.319833,1.353721,3.328442,3.545080,1.285767,1.291120,1.120523,1.839469,5.284273,2.188297,1.579939,12.648831,2.699363,6.571102,2.248484,1.974455,2.719387,3.525309,6.528526,1.694930,1.750268,10.576670,1.638136,4.304691,1.946524,1.734209,3.576782,1.765236,4.652539,1.599502,1.838603
1676060290.880837,1676060290.881188,79.000000,0.000000,4295.256348,4304.615234,4300.128418,4316.922852,4289.102539,4306.025879,4285.256348,4305.384766,4307.051270,4281.025879,4486.538574,4478.333496,4371.025879,4399.615234,2937.000000,4.000000,85.000000,,,,0.000000,4.000000,4.000000,4.000000,4.000000,4.000000,4.000000,4.000000,4.000000,4.000000,4.000000,4.000000,4.000000,4.000000,4.000000,100.000000,,,,,,,,,,,,,,,,,,,,,,,,,,,,,,,,,,,,,,,,,,,,,,,,,,,,,,,,,,,,,,,,,,,,,,,,,,,,,,,,,,,,,,
1676060290.888646,1676060290.888997,80.000000,0.000000,4318.589844,4324.871582,4325.128418,4336.153809,4303.974121,4318.974121,4303.205078,4327.692383,4329.487305,4315.384766,4523.974121,4509.358887,4405.641113,4432.051270,3147.000000,4.000000,85.000000,,,,0.000000,4.000000,4.000000,4.000000,4.000000,4.000000,4.000000,4.000000,4.000000,4.000000,4.000000,4.000000,4.000000,4.000000,4.000000,100.000000,,,,,,,,,,,,,,,,,,,,,,,,,,,,,,,,,,,,,,,,,,,,,,,,,,,,,,,,,,,,,,,,,,,,,,,,,,,,,,,,,,,,,,
1676060290.896454,1676060290.896705,81.000000,0.000000,4314.230957,4321.538574,4327.051270,4332.563965,4302.307617,4323.333496,4302.563965,4323.461426,4321.794922,4303.974121,4522.179688,4504.743652,4404.615234,4434.102539,3263.000000,4.000000,85.000000,,,,0.000000,4.000000,4.000000,4.000000,4.000000,4.000000,4.000000,4.000000,4.000000,4.000000,4.000000,4.000000,4.000000,4.000000,4.000000,100.000000,,,,,,,,,,,,,,,,,,,,,,,,,,,,,,,,,,,,,,,,,,,,,,,,,,,,,,,,,,,,,,,,,,,,,,,,,,,,,,,,,,,,,,
1676060290.904262,1676060290.904514,82.000000,0.000000,4297.820313,4307.051270,4308.974121,4315.641113,4290.128418,4315.641113,4293.974121,4312.436035,4306.538574,4274.102539,4502.948730,4487.820313,4383.461426,4416.922852,2753.000000,4.000000,85.000000,,,,0.000000,4.000000,4.000000,4.000000,4.000000,4.000000,4.000000,4.000000,4.000000,4.000000,4.000000,4.000000,4.000000,4.000000,4.000000,100.000000,,,,,,,,,,,,,,,,,,,,,,,,,,,,,,,,,,,,,,,,,,,,,,,,,,,,,,,,,,,,,,,,,,,,,,,,,,,,,,,,,,,,,,
1676060290.912071,1676060290.912222,83.000000,0.000000,4290.128418,4289.230957,4293.717773,4298.717773,4277.436035,4307.563965,4288.077148,4303.333496,4295.641113,4272.436035,4486.410156,4473.333496,4364.871582,4400.000000,2937.000000,4.000000,85.000000,,,,0.000000,4.000000,4.000000,4.000000,4.000000,4.000000,4.000000,4.000000,4.000000,4.000000,4.000000,4.000000,4.000000,4.000000,4.000000,100.000000,,,,,,,,,,,,,,,,,,,,,,,,,,,,,,,,,,,,,,,,,,,,,,,,,,,,,,,,,,,,,,,,,,,,,,,,,,,,,,,,,,,,,,
1676060290.919879,1676060290.920031,84.000000,0.000000,4295.128418,4288.589844,4298.846191,4302.436035,4285.256348,4320.641113,4293.461426,4305.256348,4293.974121,4286.282227,4485.512695,4473.589844,4366.794922,4401.794922,3147.000000,4.000000,85.000000,,,,0.000000,4.000000,4.000000,4.000000,4.000000,4.000000,4.000000,4.000000,4.000000,4.000000,4.000000,4.000000,4.000000,4.000000,4.000000,100.000000,,,,,,,,,,,,,,,,,,,,,,,,,,,,,,,,,,,,,,,,,,,,,,,,,,,,,,,,,,,,,,,,,,,,,,,,,,,,,,,,,,,,,,
1676060290.927688,1676060290.927739,85.000000,0.000000,4306.538574,4313.205078,4314.230957,4323.717773,4304.230957,4337.948730,4305.897461,4318.717773,4306.922852,4296.410156,4506.282227,4492.820313,4389.487305,4422.179688,3263.000000,4.000000,85.000000,,,,0.000000,4.000000,4.000000,4.000000,4.000000,4.000000,4.000000,4.000000,4.000000,4.000000,4.000000,4.000000,4.000000,4.000000,4.000000,100.000000,,,,,,,,,,,,,,,,,,,,,,,,,,,,,,,,,,,,,,,,,,,,,,,,,,,,,,,,,,,,,,,,,,,,,,,,,,,,,,,,,,,,,,
1676060290.935496,1676060290.935548,86.000000,0.000000,4308.333496,4317.051270,4314.871582,4323.846191,4301.794922,4335.641113,4303.077148,4318.846191,4307.820313,4297.948730,4512.820313,4494.487305,4395.000000,4427.307617,2753.000000,4.000000,85.000000,,,,0.000000,4.000000,4.000000,4.000000,4.000000,4.000000,4.000000,4.000000,4.000000,4.000000,4.000000,4.000000,4.000000,4.000000,4.000000,100.000000,,,,,,,,,,,,,,,,,,,,,,,,,,,,,,,,,,,,,,,,,,,,,,,,,,,,,,,,,,,,,,,,,,,,,,,,,,,,,,,,,,,,,,
1676060290.943304,1676060290.943256,87.000000,0.000000,4297.820313,4293.461426,4304.230957,4304.743652,4286.153809,4324.615234,4288.205078,4303.205078,4292.307617,4284.487305,4492.563965,4471.153809,4373.333496,4410.897461,2937.000000,4.000000,85.000000,,,,0.000000,4.000000,4.000000,4.000000,4.000000,4.000000,4.000000,4.000000,4.000000,4.000000,4.000000,4.000000,4.000000,4.000000,4.000000,100.000000,,,,,,,,,,,,,,,,,,,,,,,,,,,,,,,,,,,,,,,,,,,,,,,,,,,,,,,,,,,,,,,,,,,,,,,,,,,,,,,,,,,,,,
1676060290.951113,1676060290.951065,88.000000,0.000000,4299.487305,4293.077148,4306.153809,4306.922852,4288.077148,4327.563965,4289.615234,4303.974121,4298.846191,4276.922852,4492.179688,4473.589844,4370.641113,4407.563965,3147.000000,4.000000,85.000000,,,,0.000000,4.000000,4.000000,4.000000,4.000000,4.000000,4.000000,4.000000,4.000000,4.000000,4.000000,4.000000,4.000000,4.000000,4.000000,100.000000,,,,,,,,,,,,,,,,,,,,,,,,,,,,,,,,,,,,,,,,,,,,,,,,,,,,,,,,,,,,,,,,,,,,,,,,,,,,,,,,,,,,,,
1676060290.958921,1676060290.958773,89.000000,0.000000,4315.000000,4318.205078,4318.846191,4323.205078,4300.000000,4342.179688,4301.410156,4321.666504,4319.615234,4295.897461,4517.436035,4498.846191,4393.461426,4421.922852,3263.000000,4.000000,85.000000,,,,0.000000,4.000000,4.000000,4.000000,4.000000,4.000000,4.000000,4.000000,4.000000,4.000000,4.000000,4.000000,4.000000,4.000000,4.000000,100.000000,,,,,,,,,,,,,,,,,,,,,,,,,,,,,,,,,,,,,,,,,,,,,,,,,,,,,,,,,,,,,,,,,,,,,,,,,,,,,,,,,,,,,,
1676060290.966729,1676060290.966682,90.000000,0.000000,4307.179688,4312.436035,4309.743652,4314.102539,4292.948730,4341.538574,4289.487305,4315.897461,4307.179688,4295.256348,4507.307617,4484.871582,4386.538574,4412.436035,2753.000000,4.000000,85.000000,,,,0.000000,4.000000,4.000000,4.000000,4.000000,4.000000,4.000000,4.000000,4.000000,4.000000,4.000000,4.000000,4.000000,4.000000,4.000000,100.000000,,,,,,,,,,,,,,,,,,,,,,,,,,,,,,,,,,,,,,,,,,,,,,,,,,,,,,,,,,,,,,,,,,,,,,,,,,,,,,,,,,,,,,
1676060290.974538,1676060290.974490,91.000000,0.000000,4284.615234,4285.384766,4287.051270,4295.641113,4278.589844,4328.589844,4273.589844,4298.717773,4288.589844,4272.436035,4477.051270,4451.794922,4359.871582,4392.179688,2937.000000,4.000000,85.000000,,,,0.000000,4.000000,4.000000,4.000000,4.000000,4.000000,4.000000,4.000000,4.000000,4.000000,4.000000,4.000000,4.000000,4.000000,4.000000,100.000000,,,,,,,,,,,,,,,,,,,,,,,,,,,,,,,,,,,,,,,,,,,,,,,,,,,,,,,,,,,,,,,,,,,,,,,,,,,,,,,,,,,,,,
1676060290.982346,1676060290.982399,92.000000,0.000000,4279.358887,4285.897461,4281.282227,4295.256348,4277.563965,4326.794922,4281.282227,4304.487305,4296.153809,4272.179688,4476.922852,4453.205078,4355.256348,4393.077148,3147.000000,4.000000,85.000000,,,,0.000000,4.000000,4.000000,4.000000,4.000000,4.000000,4.000000,4.000000,4.000000,4.000000,4.000000,4.000000,4.000000,4.000000,4.000000,100.000000,,,,,,,,,,,,,,,,,,,,,,,,,,,,,,,,,,,,,,,,,,,,,,,,,,,,,,,,,,,,,,,,,,,,,,,,,,,,,,,,,,,,,,
1676060290.990155,1676060290.990207,93.000000,0.000000,4273.461426,4289.871582,4280.512695,4294.487305,4277.948730,4326.282227,4286.025879,4311.025879,4292.692383,4274.615234,4477.563965,4459.102539,4351.538574,4385.897461,3263.000000,4.000000,85.000000,,,,0.000000,4.000000,4.000000,4.000000,4.000000,4.000000,4.000000,4.000000,4.000000,4.000000,4.000000,4.000000,4.000000,4.000000,4.000000,100.000000,,,,,,,,,,,,,,,,,,,,,,,,,,,,,,,,,,,,,,,,,,,,,,,,,,,,,,,,,,,,,,,,,,,,,,,,,,,,,,,,,,,,,,
1676060290.997963,1676060290.998115,94.000000,0.000000,4277.051270,4286.282227,4286.666504,4293.461426,4282.436035,4327.436035,4286.025879,4305.256348,4283.717773,4265.256348,4473.974121,4458.846191,4350.641113,4378.333496,2753.000000,4.000000,85.000000,,,,0.000000,4.000000,4.000000,4.000000,4.000000,4.000000,4.000000,4.000000,4.000000,4.000000,4.000000,4.000000,4.000000,4.000000,4.000000,100.000000,,,,,,,,,,,,,,,,,1.867393,2.071208,3.158744,1.184824,1.179932,11.939500,7.392741,3.803501,0.903424,1.370005,2.137293,2.611603,3.750386,1.189481,1.056889,5.683922,4.659184,3.215790,0.879424,1.336461,0.556936,0.604602,1.525173,0.605191,0.732882,0.479647,0.525624,0.814877,0.842217,0.632429,0.706044,0.933669,2.579401,1.121729,0.855582,1.814994,3.865097,2.862155,1.193352,1.187921,1.394161,2.843899,3.473307,1.240837,1.225930,1.095669,1.649602,5.626802,2.211881,1.647929,11.216223,2.390351,6.408447,2.298087,1.939934,2.642891,3.344306,6.850559,1.665465,1.726869,8.963699,1.636461,4.115269,1.884702,1.797128,3.518909,1.978860,4.801925,1.615245,1.942608
1676060291.005771,1676060291.005924,95.000000,0.000000,4308.333496,4303.589844,4315.256348,4313.077148,4300.256348,4346.410156,4307.948730,4321.282227,4303.974121,4276.666504,4498.846191,4487.436035,4377.051270,4411.282227,2937.000000,4.000000,85.000000,,,,0.000000,4.000000,4.000000,4.000000,4.000000,4.000000,4.000000,4.000000,4.000000,4.000000,4.000000,4.000000,4.000000,4.000000,4.000000,100.000000,,,,,,,,,,,,,,,,,,,,,,,,,,,,,,,,,,,,,,,,,,,,,,,,,,,,,,,,,,,,,,,,,,,,,,,,,,,,,,,,,,,,,,
1676060291.013580,1676060291.013832,96.000000,0.000000,4317.692383,4319.615234,4325.641113,4325.256348,4307.563965,4357.563965,4321.025879,4339.230957,4315.769043,4292.820313,4515.256348,4505.512695,4388.846191,4433.974121,3147.000000,4.000000,85.000000,,,,0.000000,4.000000,4.000000,4.000000,4.000000,4.000000,4.000000,4.000000,4.000000,4.000000,4.000000,4.000000,4.000000,4.000000,4.000000,100.000000,,,,,,,,,,,,,,,,,,,,,,,,,,,,,,,,,,,,,,,,,,,,,,,,,,,,,,,,,,,,,,,,,,,,,,,,,,,,,,,,,,,,,,
1676060291.021388,1676060291.021641,97.000000,0.000000,4293.333496,4301.794922,4300.256348,4306.282227,4290.384766,4341.282227,4300.128418,4318.333496,4296.025879,4281.922852,4492.948730,4477.692383,4362.051270,4401.666504,3263.000000,4.000000,85.000000,,,,0.000000,4.000000,4.000000,4.000000,4.000000,4.000000,4.000000,4.000000,4.000000,4.000000,4.000000,4.000000,4.000000,4.000000,4.000000,100.000000,,,,,,,,,,,,,,,,,,,,,,,,,,,,,,,,,,,,,,,,,,,,,,,,,,,,,,,,,,,,,,,,,,,,,,,,,,,,,,,,,,,,,,
1676060291.029196,1676060291.029549,98.000000,0.000000,4290.256348,4287.307617,4291.282227,4293.846191,4281.922852,4338.205078,4288.589844,4305.128418,4290.000000,4275.000000,4480.256348,4461.538574,4355.384766,4386.794922,2753.000000,4.000000,85.000000,,,,0.000000,4.000000,4.000000,4.000000,4.000000,4.000000,4.000000,4.000000,4.000000,4.000000,4.000000,4.000000,4.000000,4.000000,4.000000,100.000000,,,,,,,,,,,,,,,,,,,,,,,,,,,,,,,,,,,,,,,,,,,,,,,,,,,,,,,,,,,,,,,,,,,,,,,,,,,,,,,,,,,,,,
1676060291.037005,1676060291.037357,99.000000,0.000000,4292.179688,4283.461426,4292.563965,4289.615234,4279.487305,4345.128418,4289.230957,4313.974121,4292.179688,4277.692383,4481.794922,4467.692383,4360.128418,4394.615234,2937.000000,4.000000,85.000000,,,,0.000000,4.000000,4.000000,4.000000,4.000000,4.000000,4.000000,4.000000,4.000000,4.000000,4.000000,4.000000,4.000000,4.000000,4.000000,100.000000,,,,,,,,,,,,,,,,,,,,,,,,,,,,,,,,,,,,,,,,,,,,,,,,,,,,,,,,,,,,,,,,,,,,,,,,,,,,,,,,,,,,,,
1676060291.044813,1676060291.045066,100.000000,0.000000,4269.487305,4258.974121,4273.205078,4273.974121,4265.641113,4328.333496,4274.871582,4306.794922,4274.102539,4257.948730,4465.128418,4454.487305,4337.692383,4372.563965,3147.000000,4.000000,85.000000,,,,0.000000,4.000000,4.000000,4.000000,4.000000,4.000000,4.000000,4.000000,4.000000,4.000000,4.000000,4.000000,4.000000,4.000000,4.000000,100.000000,,,,,,,,,,,,,,,,,,,,,,,,,,,,,,,,,,,,,,,,,,,,,,,,,,,,,,,,,,,,,,,,,,,,,,,,,,,,,,,,,,,,,,
1676060291.052621,1676060291.052874,101.000000,0.000000,4280.769043,4267.307617,4284.743652,4286.922852,4273.589844,4327.563965,4277.948730,4315.256348,4280.769043,4255.641113,4476.025879,4462.948730,4346.282227,4383.589844,3263.000000,4.000000,85.000000,,,,0.000000,4.000000,4.000000,4.000000,4.000000,4.000000,4.000000,4.000000,4.000000,4.000000,4.000000,4.000000,4.000000,4.000000,4.000000,100.000000,,,,,,,,,,,,,,,,,,,,,,,,,,,,,,,,,,,,,,,,,,,,,,,,,,,,,,,,,,,,,,,,,,,,,,,,,,,,,,,,,,,,,,
1676060291.060430,1676060291.060583,102.000000,0.000000,4302.948730,4296.025879,4309.102539,4308.077148,4285.512695,4341.794922,4289.230957,4332.820313,4298.717773,4278.717773,4500.256348,4485.000000,4372.563965,4416.666504,2753.000000,4.000000,85.000000,,,,0.000000,4.000000,4.000000,4.000000,4.000000,4.000000,4.000000,4.000000,4.000000,4.000000,4.000000,4.000000,4.000000,4.000000,4.000000,100.000000,,,,,,,,,,,,,,,,,,,,,,,,,,,,,,,,,,,,,,,,,,,,,,,,,,,,,,,,,,,,,,,,,,,,,,,,,,,,,,,,,,,,,,
1676060291.068238,1676060291.068391,103.000000,0.000000,4287.179688,4281.922852,4295.384766,4293.205078,4271.538574,4332.692383,4276.538574,4330.384766,4281.666504,4272.948730,4484.102539,4473.333496,4360.384766,4399.358887,2937.000000,4.000000,85.000000,,,,0.000000,4.000000,4.000000,4.000000,4.000000,4.000000,4.000000,4.000000,4.000000,4.000000,4.000000,4.000000,4.000000,4.000000,4.000000,100.000000,,,,,,,,,,,,,,,,,,,,,,,,,,,,,,,,,,,,,,,,,,,,,,,,,,,,,,,,,,,,,,,,,,,,,,,,,,,,,,,,,,,,,,
1676060291.076047,1676060291.076100,104.000000,0.000000,4292.692383,4277.820313,4298.589844,4295.897461,4276.282227,4333.461426,4285.256348,4358.717773,4278.717773,4266.666504,4491.666504,4486.666504,4365.256348,4401.410156,3147.000000,4.000000,85.000000,,,,0.000000,4.000000,4.000000,4.000000,4.000000,4.000000,4.000000,4.000000,4.000000,4.000000,4.000000,4.000000,4.000000,4.000000,4.000000,100.000000,,,,,,,,,,,,,,,,,,,,,,,,,,,,,,,,,,,,,,,,,,,,,,,,,,,,,,,,,,,,,,,,,,,,,,,,,,,,,,,,,,,,,,
1676060291.083855,1676060291.083908,105.000000,0.000000,4315.384766,4302.692383,4322.820313,4319.487305,4296.922852,4351.410156,4308.333496,4405.512695,4301.025879,4288.205078,4524.487305,4518.717773,4388.077148,4433.333496,3263.000000,4.000000,85.000000,,,,0.000000,4.000000,4.000000,4.000000,4.000000,4.000000,4.000000,4.000000,4.000000,4.000000,4.000000,4.000000,4.000000,4.000000,4.000000,100.000000,,,,,,,,,,,,,,,,,,,,,,,,,,,,,,,,,,,,,,,,,,,,,,,,,,,,,,,,,,,,,,,,,,,,,,,,,,,,,,,,,,,,,,
1676060291.091663,1676060291.091617,106.000000,0.000000,4300.769043,4295.512695,4306.153809,4304.743652,4283.205078,4342.307617,4293.205078,4402.948730,4293.461426,4281.538574,4507.307617,4499.871582,4370.000000,4412.179688,2753.000000,4.000000,85.000000,,,,0.000000,4.000000,4.000000,4.000000,4.000000,4.000000,4.000000,4.000000,4.000000,4.000000,4.000000,4.000000,4.000000,4.000000,4.000000,100.000000,,,,,,,,,,,,,,,,,,,,,,,,,,,,,,,,,,,,,,,,,,,,,,,,,,,,,,,,,,,,,,,,,,,,,,,,,,,,,,,,,,,,,,
1676060291.099472,1676060291.099525,107.000000,0.000000,4283.589844,4273.077148,4284.871582,4285.769043,4267.948730,4328.461426,4276.025879,4395.384766,4272.563965,4260.384766,4484.358887,4482.436035,4353.846191,4389.102539,2937.000000,4.000000,85.000000,,,,0.000000,4.000000,4.000000,4.000000,4.000000,4.000000,4.000000,4.000000,4.000000,4.000000,4.000000,4.000000,4.000000,4.000000,4.000000,100.000000,,,,,,,,,,,,,,,,,,,,,,,,,,,,,,,,,,,,,,,,,,,,,,,,,,,,,,,,,,,,,,,,,,,,,,,,,,,,,,,,,,,,,,
1676060291.107280,1676060291.107334,108.000000,0.000000,4290.128418,4279.615234,4295.512695,4296.025879,4279.615234,4338.333496,4289.487305,4428.717773,4280.897461,4276.538574,4504.743652,4509.743652,4370.256348,4413.205078,3147.000000,4.000000,85.000000,,,,0.000000,4.000000,4.000000,4.000000,4.000000,4.000000,4.000000,4.000000,4.000000,4.000000,4.000000,4.000000,4.000000,4.000000,4.000000,100.000000,,,,,,,,,,,,,,,,,,,,,,,,,,,,,,,,,,,,,,,,,,,,,,,,,,,,,,,,,,,,,,,,,,,,,,,,,,,,,,,,,,,,,,
1676060291.115089,1676060291.115242,109.000000,0.000000,4281.153809,4280.641113,4288.077148,4290.512695,4272.436035,4331.153809,4287.179688,4439.743652,4283.717773,4277.948730,4505.769043,4511.025879,4366.794922,4409.615234,3263.000000,4.000000,85.000000,,,,0.000000,4.000000,4.000000,4.000000,4.000000,4.000000,4.000000,4.000000,4.000000,4.000000,4.000000,4.000000,4.000000,4.000000,4.000000,100.000000,,,,,,,,,,,,,,,,,,,,,,,,,,,,,,,,,,,,,,,,,,,,,,,,,,,,,,,,,,,,,,,,,,,,,,,,,,,,,,,,,,,,,,
1676060291.122897,1676060291.123050,110.000000,0.000000,4277.051270,4271.282227,4278.846191,4280.256348,4262.051270,4318.461426,4272.563965,4430.769043,4273.205078,4253.461426,4492.820313,4492.820313,4354.871582,4390.897461,2753.000000,4.000000,85.000000,,,,0.000000,4.000000,4.000000,4.000000,4.000000,4.000000,4.000000,4.000000,4.000000,4.000000,4.000000,4.000000,4.000000,4.000000,4.000000,100.000000,,,,,,,,,,,,,,,,,2.344882,2.072113,2.997733,1.323261,1.238052,9.348588,6.251708,3.607112,1.020912,1.305982,2.458612,2.388613,3.526783,1.348027,0.983250,4.831341,3.967537,3.037784,0.993074,1.278407,0.629959,0.618439,1.545251,0.691885,0.711525,0.498212,0.478658,0.811854,0.965126,0.665197,0.578738,0.826251,2.472565,1.160671,0.836124,1.419186,2.750796,2.649199,1.148259,1.052415,1.515422,2.280812,3.190928,1.230773,1.151322,1.119081,1.427541,5.435328,2.274467,1.725715,9.411007,2.086490,5.754433,2.376564,1.945972,2.838953,3.024462,6.489762,1.680896,1.716930,7.114722,1.702012,3.679462,1.847292,1.860593,4.032281,2.136363,4.550910,1.683952,2.075557
1676060291.130705,1676060291.130959,111.000000,0.000000,4300.769043,4280.512695,4307.179688,4296.666504,4276.666504,4329.358887,4282.051270,4450.128418,4284.615234,4271.922852,4515.384766,4515.128418,4372.820313,4415.641113,2937.000000,4.000000,85.000000,,,,0.000000,4.000000,4.000000,4.000000,4.000000,4.000000,4.000000,4.000000,4.000000,4.000000,4.000000,4.000000,4.000000,4.000000,4.000000,100.000000,,,,,,,,,,,,,,,,,,,,,,,,,,,,,,,,,,,,,,,,,,,,,,,,,,,,,,,,,,,,,,,,,,,,,,,,,,,,,,,,,,,,,,
1676060291.138514,1676060291.138767,112.000000,0.000000,4305.512695,4285.000000,4322.307617,4304.358887,4279.487305,4332.051270,4286.538574,4465.641113,4299.102539,4301.410156,4531.410156,4540.384766,4389.487305,4435.128418,3147.000000,4.000000,85.000000,,,,0.000000,4.000000,4.000000,4.000000,4.000000,4.000000,4.000000,4.000000,4.000000,4.000000,4.000000,4.000000,4.000000,4.000000,4.000000,100.000000,,,,,,,,,,,,,,,,,,,,,,,,,,,,,,,,,,,,,,,,,,,,,,,,,,,,,,,,,,,,,,,,,,,,,,,,,,,,,,,,,,,,,,
1676060291.146322,1676060291.146676,113.000000,0.000000,4301.282227,4283.717773,4315.641113,4301.922852,4275.897461,4325.384766,4282.436035,4457.948730,4301.153809,4297.179688,4530.128418,4541.282227,4391.025879,4434.102539,3263.000000,4.000000,85.000000,,,,0.000000,4.000000,4.000000,4.000000,4.000000,4.000000,4.000000,4.000000,4.000000,4.000000,4.000000,4.000000,4.000000,4.000000,4.000000,100.000000,,,,,,,,,,,,,,,,,,,,,,,,,,,,,,,,,,,,,,,,,,,,,,,,,,,,,,,,,,,,,,,,,,,,,,,,,,,,,,,,,,,,,,
1676060291.154131,1676060291.154484,114.000000,0.000000,4304.743652,4287.563965,4315.769043,4302.563965,4279.358887,4327.051270,4283.333496,4442.307617,4296.282227,4287.179688,4528.077148,4530.769043,4387.436035,4433.461426,2753.000000,4.000000,85.000000,,,,0.000000,4.000000,4.000000,4.000000,4.000000,4.000000,4.000000,4.000000,4.000000,4.000000,4.000000,4.000000,4.000000,4.000000,4.000000,100.000000,,,,,,,,,,,,,,,,,,,,,,,,,,,,,,,,,,,,,,,,,,,,,,,,,,,,,,,,,,,,,,,,,,,,,,,,,,,,,,,,,,,,,,
1676060291.161939,1676060291.162392,115.000000,0.000000,4288.846191,4273.077148,4303.333496,4285.512695,4268.333496,4324.615234,4274.743652,4416.666504,4279.358887,4270.256348,4501.666504,4504.102539,4368.077148,4412.692383,2937.000000,4.000000,85.000000,,,,0.000000,4.000000,4.000000,4.000000,4.000000,4.000000,4.000000,4.000000,4.000000,4.000000,4.000000,4.000000,4.000000,4.000000,4.000000,100.000000,,,,,,,,,,,,,,,,,,,,,,,,,,,,,,,,,,,,,,,,,,,,,,,,,,,,,,,,,,,,,,,,,,,,,,,,,,,,,,,,,,,,,,
1676060291.169747,1676060291.170201,116.000000,0.000000,4277.820313,4262.436035,4292.820313,4278.717773,4264.743652,4327.692383,4278.333496,4404.871582,4272.436035,4255.000000,4488.717773,4494.358887,4359.743652,4399.743652,3147.000000,4.000000,85.000000,,,,0.000000,4.000000,4.000000,4.000000,4.000000,4.000000,4.000000,4.000000,4.000000,4.000000,4.000000,4.000000,4.000000,4.000000,4.000000,100.000000,,,,,,,,,,,,,,,,,,,,,,,,,,,,,,,,,,,,,,,,,,,,,,,,,,,,,,,,,,,,,,,,,,,,,,,,,,,,,,,,,,,,,,
1676060291.177556,1676060291.178109,117.000000,0.000000,4296.282227,4280.384766,4310.512695,4301.025879,4284.487305,4345.897461,4299.615234,4418.717773,4285.512695,4273.333496,4510.000000,4511.538574,4376.922852,4418.717773,3263.000000,4.000000,85.000000,,,,0.000000,4.000000,4.000000,4.000000,4.000000,4.000000,4.000000,4.000000,4.000000,4.000000,4.000000,4.000000,4.000000,4.000000,4.000000,100.000000,,,,,,,,,,,,,,,,,,,,,,,,,,,,,,,,,,,,,,,,,,,,,,,,,,,,,,,,,,,,,,,,,,,,,,,,,,,,,,,,,,,,,,
1676060291.185364,1676060291.185918,118.000000,0.000000,4294.102539,4277.692383,4305.128418,4294.615234,4278.846191,4342.436035,4295.897461,4406.410156,4275.256348,4276.153809,4495.256348,4494.102539,4366.153809,4406.922852,2753.000000,4.000000,85.000000,,,,0.000000,4.000000,4.000000,4.000000,4.000000,4.000000,4.000000,4.000000,4.000000,4.000000,4.000000,4.000000,4.000000,4.000000,4.000000,100.000000,,,,,,,,,,,,,,,,,,,,,,,,,,,,,,,,,,,,,,,,,,,,,,,,,,,,,,,,,,,,,,,,,,,,,,,,,,,,,,,,,,,,,,
1676060291.193173,1676060291.193826,119.000000,0.000000,4273.589844,4254.487305,4280.769043,4274.615234,4260.384766,4330.641113,4285.000000,4381.922852,4254.487305,4251.666504,4463.974121,4465.641113,4338.205078,4377.820313,2937.000000,4.000000,85.000000,,,,0.000000,4.000000,4.000000,4.000000,4.000000,4.000000,4.000000,4.000000,4.000000,4.000000,4.000000,4.000000,4.000000,4.000000,4.000000,100.000000,,,,,,,,,,,,,,,,,,,,,,,,,,,,,,,,,,,,,,,,,,,,,,,,,,,,,,,,,,,,,,,,,,,,,,,,,,,,,,,,,,,,,,
1676060291.200981,1676060291.201634,120.000000,0.000000,4282.436035,4268.077148,4291.794922,4298.077148,4272.179688,4341.666504,4299.102539,4395.000000,4272.051270,4262.179688,4485.769043,4487.820313,4352.563965,4393.333496,3147.000000,4.000000,85.000000,,,,0.000000,4.000000,4.000000,4.000000,4.000000,4.000000,4.000000,4.000000,4.000000,4.000000,4.000000,4.000000,4.000000,4.000000,4.000000,100.000000,,,,,,,,,,,,,,,,,,,,,,,,,,,,,,,,,,,,,,,,,,,,,,,,,,,,,,,,,,,,,,,,,,,,,,,,,,,,,,,,,,,,,,
1676060291.208789,1676060291.209543,121.000000,0.000000,4291.282227,4287.948730,4307.051270,4318.846191,4283.846191,4342.692383,4304.615234,4406.153809,4288.717773,4286.410156,4506.794922,4511.794922,4371.922852,4409.358887,3263.000000,4.000000,85.000000,,,,0.000000,4.000000,4.000000,4.000000,4.000000,4.000000,4.000000,4.000000,4.000000,4.000000,4.000000,4.000000,4.000000,4.000000,4.000000,100.000000,,,,,,,,,,,,,,,,,,,,,,,,,,,,,,,,,,,,,,,,,,,,,,,,,,,,,,,,,,,,,,,,,,,,,,,,,,,,,,,,,,,,,,
1676060291.216598,1676060291.217351,122.000000,0.000000,4283.077148,4278.717773,4300.000000,4309.102539,4276.794922,4328.589844,4297.948730,4392.051270,4277.563965,4279.487305,4493.974121,4507.563965,4363.205078,4400.769043,2753.000000,4.000000,85.000000,,,,0.000000,4.000000,4.000000,4.000000,4.000000,4.000000,4.000000,4.000000,4.000000,4.000000,4.000000,4.000000,4.000000,4.000000,4.000000,100.000000,,,,,,,,,,,,,,,,,,,,,,,,,,,,,,,,,,,,,,,,,,,,,,,,,,,,,,,,,,,,,,,,,,,,,,,,,,,,,,,,,,,,,,
1676060291.224406,1676060291.225060,123.000000,0.000000,4291.538574,4279.743652,4305.512695,4317.436035,4277.820313,4333.333496,4301.922852,4393.077148,4282.820313,4277.179688,4501.794922,4518.333496,4368.974121,4407.820313,2937.000000,4.000000,85.000000,,,,0.000000,4.000000,4.000000,4.000000,4.000000,4.000000,4.000000,4.000000,4.000000,4.000000,4.000000,4.000000,4.000000,4.000000,4.000000,100.000000,,,,,,,,,,,,,,,,,,,,,,,,,,,,,,,,,,,,,,,,,,,,,,,,,,,,,,,,,,,,,,,,,,,,,,,,,,,,,,,,,,,,,,
1676060291.232214,1676060291.232868,124.000000,0.000000,4302.051270,4287.692383,4315.512695,4335.000000,4284.358887,4339.615234,4303.589844,4401.153809,4296.282227,4286.153809,4513.717773,4530.897461,4382.051270,4413.333496,3147.000000,4.000000,85.000000,,,,0.000000,4.000000,4.000000,4.000000,4.000000,4.000000,4.000000,4.000000,4.000000,4.000000,4.000000,4.000000,4.000000,4.000000,4.000000,100.000000,,,,,,,,,,,,,,,,,,,,,,,,,,,,,,,,,,,,,,,,,,,,,,,,,,,,,,,,,,,,,,,,,,,,,,,,,,,,,,,,,,,,,,
1676060291.240023,1676060291.240577,125.000000,0.000000,4291.666504,4278.846191,4304.102539,4330.000000,4280.128418,4323.589844,4294.615234,4396.410156,4286.922852,4277.820313,4497.820313,4523.589844,4370.641113,4398.589844,3263.000000,4.000000,85.000000,,,,0.000000,4.000000,4.000000,4.000000,4.000000,4.000000,4.000000,4.000000,4.000000,4.000000,4.000000,4.000000,4.000000,4.000000,4.000000,100.000000,,,,,,,,,,,,,,,,,,,,,,,,,,,,,,,,,,,,,,,,,,,,,,,,,,,,,,,,,,,,,,,,,,,,,,,,,,,,,,,,,,,,,,
1676060291.247831,1676060291.248485,126.000000,0.000000,4276.794922,4271.794922,4293.974121,4322.051270,4270.897461,4310.769043,4285.769043,4395.769043,4280.769043,4275.897461,4483.205078,4517.307617,4355.128418,4389.358887,2753.000000,4.000000,85.000000,,,,0.000000,4.000000,4.000000,4.000000,4.000000,4.000000,4.000000,4.000000,4.000000,4.000000,4.000000,4.000000,4.000000,4.000000,4.000000,100.000000,,,,,,,,,,,,,,,,,2.968404,1.981353,2.638253,1.430235,1.310939,6.792989,4.807463,3.108768,1.154054,1.248652,2.775882,2.097371,3.031830,1.487679,0.944510,3.955868,3.063702,2.660719,1.096324,1.225853,0.764356,0.611142,1.416989,0.763441,0.712445,0.536260,0.426163,0.750172,1.040668,0.689224,0.500514,0.710206,2.157703,1.167245,0.815629,1.069360,1.777158,2.293655,1.123487,0.949813,1.751623,1.751976,2.827378,1.222807,1.093603,1.166066,1.206774,4.817437,2.320836,1.800170,7.883729,1.808129,4.841354,2.423090,2.001769,3.156828,2.627852,5.602269,1.693412,1.748923,5.603773,1.785747,3.147459,1.817814,1.923189,4.966776,2.171609,3.988216,1.750430,2.219108
1676060291.255640,1676060291.256294,127.000000,0.000000,4267.179688,4271.410156,4291.794922,4319.743652,4264.743652,4307.051270,4279.871582,4393.717773,4284.230957,4280.897461,4477.692383,4509.615234,4349.615234,4383.589844,85.000000,4.000000,85.000000,,,,0.000000,4.000000,4.000000,4.000000,4.000000,4.000000,4.000000,4.000000,4.000000,4.000000,4.000000,4.000000,4.000000,4.000000,4.000000,100.000000,,,,,,,,,,,,,,,,,,,,,,,,,,,,,,,,,,,,,,,,,,,,,,,,,,,,,,,,,,,,,,,,,,,,,,,,,,,,,,,,,,,,,,
1676060291.263448,1676060291.264102,0.000000,0.000000,4270.512695,4266.538574,4290.641113,4320.769043,4264.230957,4303.333496,4280.769043,4388.846191,4282.436035,4276.153809,4476.410156,4508.461426,4353.846191,4382.692383,2528.000000,4.000000,85.000000,,,,0.000000,4.000000,4.000000,4.000000,4.000000,4.000000,4.000000,4.000000,4.000000,4.000000,4.000000,4.000000,4.000000,4.000000,4.000000,100.000000,,,,,,,,,,,,,,,,,,,,,,,,,,,,,,,,,,,,,,,,,,,,,,,,,,,,,,,,,,,,,,,,,,,,,,,,,,,,,,,,,,,,,,
1676060291.271256,1676060291.271811,1.000000,0.000000,4278.461426,4262.307617,4290.769043,4323.717773,4265.000000,4301.666504,4279.615234,4388.205078,4277.436035,4274.487305,4474.615234,4516.153809,4352.307617,4386.794922,2488.000000,4.000000,85.000000,,,,0.000000,4.000000,4.000000,4.000000,4.000000,4.000000,4.000000,4.000000,4.000000,4.000000,4.000000,4.000000,4.000000,4.000000,4.000000,100.000000,,,,,,,,,,,,,,,,,,,,,,,,,,,,,,,,,,,,,,,,,,,,,,,,,,,,,,,,,,,,,,,,,,,,,,,,,,,,,,,,,,,,,,
1676060291.279065,1676060291.279719,2.000000,0.000000,4277.563965,4271.153809,4295.256348,4326.410156,4268.717773,4303.461426,4283.461426,4390.641113,4280.897461,4275.512695,4476.153809,4520.512695,4347.692383,4387.563965,2408.000000,4.000000,85.000000,,,,0.000000,4.000000,4.000000,4.000000,4.000000,4.000000,4.000000,4.000000,4.000000,4.000000,4.000000,4.000000,4.000000,4.000000,4.000000,100.000000,,,,,,,,,,,,,,,,,,,,,,,,,,,,,,,,,,,,,,,,,,,,,,,,,,,,,,,,,,,,,,,,,,,,,,,,,,,,,,,,,,,,,,
1676060291.286873,1676060291.287527,3.000000,0.000000,4288.589844,4290.512695,4316.410156,4340.897461,4282.563965,4311.794922,4309.102539,4410.897461,4297.948730,4278.846191,4502.563965,4543.717773,4373.077148,4410.384766,2473.000000,4.000000,85.000000,,,,0.000000,4.000000,4.000000,4.000000,4.000000,4.000000,4.000000,4.000000,4.000000,4.000000,4.000000,4.000000,4.000000,4.000000,4.000000,100.000000,,,,,,,,,,,,,,,,,,,,,,,,,,,,,,,,,,,,,,,,,,,,,,,,,,,,,,,,,,,,,,,,,,,,,,,,,,,,,,,,,,,,,,
1676060291.294681,1676060291.295436,4.000000,0.000000,4300.384766,4288.846191,4324.358887,4343.205078,4285.512695,4312.179688,4312.692383,4421.538574,4297.179688,4280.769043,4514.743652,4556.794922,4384.743652,4423.846191,2439.000000,4.000000,85.000000,,,,0.000000,4.000000,4.000000,4.000000,4.000000,4.000000,4.000000,4.000000,4.000000,4.000000,4.000000,4.000000,4.000000,4.000000,4.000000,100.000000,,,,,,,,,,,,,,,,,,,,,,,,,,,,,,,,,,,,,,,,,,,,,,,,,,,,,,,,,,,,,,,,,,,,,,,,,,,,,,,,,,,,,,
1676060291.302490,1676060291.303244,5.000000,0.000000,4288.333496,4266.282227,4303.077148,4320.256348,4272.563965,4301.153809,4286.025879,4401.025879,4276.410156,4277.436035,4488.846191,4529.743652,4356.922852,4401.153809,2378.000000,4.000000,85.000000,,,,0.000000,4.000000,4.000000,4.000000,4.000000,4.000000,4.000000,4.000000,4.000000,4.000000,4.000000,4.000000,4.000000,4.000000,4.000000,100.000000,,,,,,,,,,,,,,,,,,,,,,,,,,,,,,,,,,,,,,,,,,,,,,,,,,,,,,,,,,,,,,,,,,,,,,,,,,,,,,,,,,,,,,
1676060291.310298,1676060291.311053,6.000000,0.000000,4279.487305,4262.051270,4293.717773,4315.512695,4271.922852,4295.897461,4282.436035,4396.666504,4275.128418,4277.948730,4483.717773,4522.436035,4358.461426,4399.230957,2232.000000,4.000000,85.000000,,,,0.000000,4.000000,4.000000,4.000000,4.000000,4.000000,4.000000,4.000000,4.000000,4.000000,4.000000,4.000000,4.000000,4.000000,4.000000,100.000000,,,,,,,,,,,,,,,,,,,,,,,,,,,,,,,,,,,,,,,,,,,,,,,,,,,,,,,,,,,,,,,,,,,,,,,,,,,,,,,,,,,,,,
1676060291.318107,1676060291.318761,7.000000,0.000000,4290.897461,4270.769043,4300.000000,4327.179688,4278.974121,4297.051270,4295.000000,4414.615234,4284.230957,4283.333496,4497.051270,4538.205078,4377.563965,4414.358887,2217.000000,4.000000,85.000000,,,,0.000000,4.000000,4.000000,4.000000,4.000000,4.000000,4.000000,4.000000,4.000000,4.000000,4.000000,4.000000,4.000000,4.000000,4.000000,100.000000,,,,,,,,,,,,,,,,,,,,,,,,,,,,,,,,,,,,,,,,,,,,,,,,,,,,,,,,,,,,,,,,,,,,,,,,,,,,,,,,,,,,,,
1676060291.325915,1676060291.326570,8.000000,0.000000,4296.922852,4276.666504,4298.205078,4326.922852,4276.794922,4295.128418,4292.563965,4416.025879,4278.717773,4280.769043,4488.846191,4532.436035,4363.846191,4409.230957,2291.000000,4.000000,85.000000,,,,0.000000,4.000000,4.000000,4.000000,4.000000,4.000000,4.000000,4.000000,4.000000,4.000000,4.000000,4.000000,4.000000,4.000000,4.000000,100.000000,,,,,,,,,,,,,,,,,,,,,,,,,,,,,,,,,,,,,,,,,,,,,,,,,,,,,,,,,,,,,,,,,,,,,,,,,,,,,,,,,,,,,,
1676060291.333723,1676060291.334278,9.000000,0.000000,4298.333496,4284.743652,4302.948730,4331.538574,4278.589844,4299.871582,4290.641113,4419.102539,4279.615234,4275.384766,4491.922852,4530.128418,4364.615234,4413.589844,2257.000000,4.000000,85.000000,,,,0.000000,4.000000,4.000000,4.000000,4.000000,4.000000,4.000000,4.000000,4.000000,4.000000,4.000000,4.000000,4.000000,4.000000,4.000000,100.000000,,,,,,,,,,,,,,,,,,,,,,,,,,,,,,,,,,,,,,,,,,,,,,,,,,,,,,,,,,,,,,,,,,,,,,,,,,,,,,,,,,,,,,
1676060291.341532,1676060291.342186,10.000000,0.000000,4300.000000,4282.051270,4315.256348,4340.256348,4282.820313,4306.666504,4298.589844,4437.563965,4286.282227,4280.256348,4506.538574,4545.897461,4386.410156,4429.230957,2733.000000,4.000000,85.000000,,,,0.000000,4.000000,4.000000,4.000000,4.000000,4.000000,4.000000,4.000000,4.000000,4.000000,4.000000,4.000000,4.000000,4.000000,4.000000,100.000000,,,,,,,,,,,,,,,,,,,,,,,,,,,,,,,,,,,,,,,,,,,,,,,,,,,,,,,,,,,,,,,,,,,,,,,,,,,,,,,,,,,,,,
1676060291.349340,1676060291.349995,11.000000,0.000000,4288.589844,4268.717773,4309.743652,4328.846191,4274.358887,4299.743652,4296.538574,4439.743652,4281.794922,4279.871582,4499.230957,4541.153809,4375.769043,4420.128418,2919.000000,4.000000,85.000000,,,,0.000000,4.000000,4.000000,4.000000,4.000000,4.000000,4.000000,4.000000,4.000000,4.000000,4.000000,4.000000,4.000000,4.000000,4.000000,100.000000,,,,,,,,,,,,,,,,,,,,,,,,,,,,,,,,,,,,,,,,,,,,,,,,,,,,,,,,,,,,,,,,,,,,,,,,,,,,,,,,,,,,,,
1676060291.357149,1676060291.357803,12.000000,0.000000,4275.256348,4260.641113,4294.102539,4314.615234,4264.102539,4292.436035,4288.461426,4429.230957,4276.922852,4269.871582,4486.282227,4526.025879,4356.794922,4399.871582,3119.000000,4.000000,85.000000,,,,0.000000,4.000000,4.000000,4.000000,4.000000,4.000000,4.000000,4.000000,4.000000,4.000000,4.000000,4.000000,4.000000,4.000000,4.000000,100.000000,,,,,,,,,,,,,,,,,,,,,,,,,,,,,,,,,,,,,,,,,,,,,,,,,,,,,,,,,,,,,,,,,,,,,,,,,,,,,,,,,,,,,,
1676060291.364957,1676060291.365512,13.000000,0.000000,4276.794922,4262.820313,4290.769043,4316.538574,4265.000000,4290.256348,4287.820313,4431.794922,4273.846191,4266.282227,4485.000000,4528.717773,4359.358887,4398.974121,3238.000000,4.000000,85.000000,,,,0.000000,4.000000,4.000000,4.000000,4.000000,4.000000,4.000000,4.000000,4.000000,4.000000,4.000000,4.000000,4.000000,4.000000,4.000000,100.000000,,,,,,,,,,,,,,,,,,,,,,,,,,,,,,,,,,,,,,,,,,,,,,,,,,,,,,,,,,,,,,,,,,,,,,,,,,,,,,,,,,,,,,
1676060291.372765,1676060291.373420,14.000000,0.000000,4292.436035,4275.000000,4300.128418,4326.538574,4267.307617,4283.717773,4294.102539,4445.128418,4276.794922,4278.461426,4496.794922,4541.538574,4369.487305,4418.077148,2733.000000,4.000000,85.000000,,,,0.000000,4.000000,4.000000,4.000000,4.000000,4.000000,4.000000,4.000000,4.000000,4.000000,4.000000,4.000000,4.000000,4.000000,4.000000,100.000000,1.000000,58.333332,4.000000,4.000000,3.000000,4.000000,4.000000,4.000000,4.000000,3.000000,4.000000,1.000000,3.000000,3.000000,3.000000,3.000000,3.534643,1.838307,2.235031,1.474459,1.391655,4.840702,3.437730,2.476046,1.259494,1.230482,2.968618,1.809323,2.492729,1.553081,0.953779,3.231967,2.196179,2.240469,1.142668,1.199125,0.910089,0.586579,1.205342,0.792201,0.736283,0.578442,0.379791,0.648364,1.037099,0.705993,0.474103,0.632923,1.723689,1.118533,0.804003,1.154205,1.168334,1.909129,1.092932,0.907111,2.070392,1.351654,2.530560,1.181155,1.069186,1.205226,1.010651,4.013167,2.282687,1.854591,6.816354,1.546501,3.973573,2.388974,2.095036,3.468755,2.223774,4.541306,1.671482,1.831543,4.724797,1.813172,2.686986,1.785172,1.980631,6.014813,2.047393,3.319382,1.775026,2.342554
1676060291.380574,1676060291.381229,15.000000,0.000000,4300.128418,4281.794922,4305.641113,4330.256348,4266.153809,4281.282227,4298.205078,4453.333496,4286.922852,4287.948730,4506.282227,4545.512695,4377.051270,4429.615234,2919.000000,4.000000,85.000000,,,,0.000000,4.000000,4.000000,4.000000,4.000000,4.000000,4.000000,4.000000,4.000000,4.000000,4.000000,4.000000,4.000000,4.000000,4.000000,100.000000,,,,,,,,,,,,,,,,,,,,,,,,,,,,,,,,,,,,,,,,,,,,,,,,,,,,,,,,,,,,,,,,,,,,,,,,,,,,,,,,,,,,,,
1676060291.388382,1676060291.389137,16.000000,0.000000,4281.794922,4267.179688,4292.307617,4314.743652,4261.538574,4280.769043,4287.563965,4438.077148,4275.897461,4264.230957,4484.871582,4523.846191,4364.871582,4405.641113,0.000000,4.000000,85.000000,,,,0.000000,4.000000,4.000000,4.000000,4.000000,4.000000,4.000000,4.000000,4.000000,4.000000,4.000000,4.000000,4.000000,4.000000,4.000000,100.000000,,,,,,,,,,,,,,,,,,,,,,,,,,,,,,,,,,,,,,,,,,,,,,,,,,,,,,,,,,,,,,,,,,,,,,,,,,,,,,,,,,,,,,
1676060291.396191,1676060291.396946,17.000000,0.000000,4271.282227,4255.641113,4282.051270,4304.615234,4258.717773,4275.641113,4275.769043,4422.820313,4257.692383,4243.205078,4461.922852,4510.512695,4343.205078,4387.051270,0.000000,4.000000,85.000000,,,,0.000000,4.000000,4.000000,4.000000,4.000000,4.000000,4.000000,4.000000,4.000000,4.000000,4.000000,4.000000,4.000000,4.000000,4.000000,100.000000,,,,,,,,,,,,,,,,,,,,,,,,,,,,,,,,,,,,,,,,,,,,,,,,,,,,,,,,,,,,,,,,,,,,,,,,,,,,,,,,,,,,,,
1676060291.403999,1676060291.404854,18.000000,0.000000,4291.922852,4271.153809,4298.461426,4323.846191,4266.666504,4280.000000,4284.358887,4443.717773,4275.897461,4270.128418,4486.282227,4539.615234,4358.589844,4418.205078,0.000000,4.000000,85.000000,,,,0.000000,4.000000,4.000000,4.000000,4.000000,4.000000,4.000000,4.000000,4.000000,4.000000,4.000000,4.000000,4.000000,4.000000,4.000000,100.000000,,,,,,,,,,,,,,,,,,,,,,,,,,,,,,,,,,,,,,,,,,,,,,,,,,,,,,,,,,,,,,,,,,,,,,,,,,,,,,,,,,,,,,
1676060291.411807,1676060291.412662,19.000000,0.000000,4296.794922,4271.282227,4301.282227,4324.230957,4264.358887,4282.307617,4285.897461,4460.256348,4290.641113,4290.897461,4501.666504,4551.922852,4374.743652,4429.743652,0.000000,4.000000,85.000000,,,,0.000000,4.000000,4.000000,4.000000,4.000000,4.000000,4.000000,4.000000,4.000000,4.000000,4.000000,4.000000,4.000000,4.000000,4.000000,100.000000,,,,,,,,,,,,,,,,,,,,,,,,,,,,,,,,,,,,,,,,,,,,,,,,,,,,,,,,,,,,,,,,,,,,,,,,,,,,,,,,,,,,,,
1676060291.419616,1676060291.420371,20.000000,0.000000,4270.000000,4246.794922,4277.563965,4294.487305,4244.615234,4264.871582,4264.102539,4441.538574,4267.051270,4267.436035,4470.256348,4520.641113,4348.589844,4395.256348,0.000000,4.000000,85.000000,,,,0.000000,4.000000,4.000000,4.000000,4.000000,4.000000,4.000000,4.000000,4.000000,4.000000,4.000000,4.000000,4.000000,4.000000,4.000000,100.000000,,,,,,,,,,,,,,,,,,,,,,,,,,,,,,,,,,,,,,,,,,,,,,,,,,,,,,,,,,,,,,,,,,,,,,,,,,,,,,,,,,,,,,
1676060291.427424,1676060291.428179,21.000000,0.000000,4268.974121,4247.820313,4279.743652,4291.410156,4246.025879,4259.615234,4264.230957,4439.230957,4264.230957,4268.077148,4469.487305,4520.000000,4345.256348,4397.692383,0.000000,4.000000,85.000000,,,,0.000000,4.000000,4.000000,4.000000,4.000000,4.000000,4.000000,4.000000,4.000000,4.000000,4.000000,4.000000,4.000000,4.000000,4.000000,100.000000,,,,,,,,,,,,,,,,,,,,,,,,,,,,,,,,,,,,,,,,,,,,,,,,,,,,,,,,,,,,,,,,,,,,,,,,,,,,,,,,,,,,,,
1676060291.435232,1676060291.435888,22.000000,0.000000,4300.641113,4272.307617,4310.384766,4319.102539,4269.358887,4278.205078,4292.563965,4467.563965,4295.128418,4295.897461,4507.307617,4559.358887,4378.974121,4438.077148,0.000000,4.000000,85.000000,,,,0.000000,4.000000,4.000000,4.000000,4.000000,4.000000,4.000000,4.000000,4.000000,4.000000,4.000000,4.000000,4.000000,4.000000,4.000000,100.000000,,,,,,,,,,,,,,,,,,,,,,,,,,,,,,,,,,,,,,,,,,,,,,,,,,,,,,,,,,,,,,,,,,,,,,,,,,,,,,,,,,,,,,
1676060291.443041,1676060291.443696,23.000000,0.000000,4297.179688,4270.769043,4306.922852,4314.487305,4265.000000,4275.512695,4290.128418,4462.179688,4292.563965,4276.282227,4497.948730,4549.358887,4373.205078,4429.743652,0.000000,4.000000,85.000000,,,,0.000000,4.000000,4.000000,4.000000,4.000000,4.000000,4.000000,4.000000,4.000000,4.000000,4.000000,4.000000,4.000000,4.000000,4.000000,100.000000,,,,,,,,,,,,,,,,,,,,,,,,,,,,,,,,,,,,,,,,,,,,,,,,,,,,,,,,,,,,,,,,,,,,,,,,,,,,,,,,,,,,,,
1676060291.450849,1676060291.451405,24.000000,0.000000,4270.769043,4254.230957,4282.563965,4289.871582,4247.692383,4256.666504,4268.974121,4439.230957,4271.025879,4255.128418,4466.282227,4515.897461,4348.717773,4398.974121,0.000000,4.000000,85.000000,,,,0.000000,4.000000,4.000000,4.000000,4.000000,4.000000,4.000000,4.000000,4.000000,4.000000,4.000000,4.000000,4.000000,4.000000,4.000000,100.000000,,,,,,,,,,,,,,,,,,,,,,,,,,,,,,,,,,,,,,,,,,,,,,,,,,,,,,,,,,,,,,,,,,,,,,,,,,,,,,,,,,,,,,
1676060291.458658,1676060291.459213,25.000000,0.000000,4283.974121,4262.692383,4293.461426,4302.563965,4262.307617,4264.487305,4279.871582,4451.410156,4283.461426,4281.282227,4486.922852,4534.230957,4366.282227,4415.000000,0.000000,4.000000,85.000000,,,,0.000000,4.000000,4.000000,4.000000,4.000000,4.000000,4.000000,4.000000,4.000000,4.000000,4.000000,4.000000,4.000000,4.000000,4.000000,100.000000,,,,,,,,,,,,,,,,,,,,,,,,,,,,,,,,,,,,,,,,,,,,,,,,,,,,,,,,,,,,,,,,,,,,,,,,,,,,,,,,,,,,,,
1676060291.466466,1676060291.466922,26.000000,0.000000,4299.871582,4271.666504,4303.589844,4318.461426,4273.205078,4276.666504,4290.128418,4454.487305,4287.948730,4287.436035,4499.487305,4541.922852,4373.717773,4424.743652,0.000000,4.000000,85.000000,,,,0.000000,4.000000,4.000000,4.000000,4.000000,4.000000,4.000000,4.000000,4.000000,4.000000,4.000000,4.000000,4.000000,4.000000,4.000000,100.000000,,,,,,,,,,,,,,,,,,,,,,,,,,,,,,,,,,,,,,,,,,,,,,,,,,,,,,,,,,,,,,,,,,,,,,,,,,,,,,,,,,,,,,
1676060291.474274,1676060291.474730,27.000000,0.000000,4274.743652,4259.487305,4277.307617,4298.461426,4253.461426,4263.333496,4273.077148,4425.128418,4261.794922,4257.436035,4460.512695,4498.846191,4342.307617,4394.743652,0.000000,4.000000,85.000000,,,,0.000000,4.000000,4.000000,4.000000,4.000000,4.000000,4.000000,4.000000,4.000000,4.000000,4.000000,4.000000,4.000000,4.000000,4.000000,100.000000,,,,,,,,,,,,,,,,,,,,,,,,,,,,,,,,,,,,,,,,,,,,,,,,,,,,,,,,,,,,,,,,,,,,,,,,,,,,,,,,,,,,,,
1676060291.482083,1676060291.482439,28.000000,0.000000,4267.948730,4261.025879,4275.128418,4293.846191,4250.256348,4262.692383,4279.230957,4426.922852,4271.666504,4262.820313,4460.384766,4496.922852,4349.230957,4398.205078,0.000000,4.000000,85.000000,,,,0.000000,4.000000,4.000000,4.000000,4.000000,4.000000,4.000000,4.000000,4.000000,4.000000,4.000000,4.000000,4.000000,4.000000,4.000000,100.000000,,,,,,,,,,,,,,,,,,,,,,,,,,,,,,,,,,,,,,,,,,,,,,,,,,,,,,,,,,,,,,,,,,,,,,,,,,,,,,,,,,,,,,
1676060291.489891,1676060291.490247,29.000000,0.000000,4289.615234,4269.871582,4297.563965,4314.102539,4267.563965,4279.743652,4298.974121,4445.897461,4300.256348,4289.743652,4495.384766,4530.384766,4378.205078,4427.948730,0.000000,4.000000,85.000000,,,,0.000000,4.000000,4.000000,4.000000,4.000000,4.000000,4.000000,4.000000,4.000000,4.000000,4.000000,4.000000,4.000000,4.000000,4.000000,100.000000,,,,,,,,,,,,,,,,,,,,,,,,,,,,,,,,,,,,,,,,,,,,,,,,,,,,,,,,,,,,,,,,,,,,,,,,,,,,,,,,,,,,,,
1676060291.497699,1676060291.497956,30.000000,0.000000,4282.948730,4260.641113,4290.256348,4307.179688,4267.692383,4275.641113,4289.615234,4429.230957,4287.692383,4277.692383,4483.461426,4518.589844,4363.589844,4417.692383,0.000000,4.000000,85.000000,,,,0.000000,4.000000,4.000000,4.000000,4.000000,4.000000,4.000000,4.000000,4.000000,4.000000,4.000000,4.000000,4.000000,4.000000,4.000000,100.000000,,,,,,,,,,,,,,,,,3.839293,1.678952,1.957382,1.455293,1.458556,3.626236,2.424186,1.936666,1.309026,1.260458,2.941417,1.563742,2.163469,1.529872,1.003897,2.698791,1.555987,1.952943,1.117932,1.203417,0.984476,0.551044,1.010748,0.770881,0.774144,0.635297,0.352869,0.549797,0.953419,0.717010,0.471964,0.633464,1.302857,1.015478,0.807519,2.417354,1.001094,1.607712,1.040967,0.931968,2.360710,1.128288,2.394784,1.085508,1.078328,1.197602,0.855195,3.289133,2.115216,1.870394,6.146507,1.316491,3.415561,2.258141,2.195281,3.735239,1.886409,3.719977,1.610372,1.946991,4.399248,1.744544,2.434991,1.743859,2.021384,6.785241,1.781977,2.794299,1.744403,2.410372
1676060291.505508,1676060291.505864,31.000000,0.000000,4274.743652,4256.282227,4284.615234,4291.666504,4259.615234,4262.307617,4279.102539,4416.153809,4274.615234,4258.205078,4466.410156,4504.230957,4348.846191,4404.871582,0.000000,4.000000,85.000000,,,,0.000000,4.000000,4.000000,4.000000,4.000000,4.000000,4.000000,4.000000,4.000000,4.000000,4.000000,4.000000,4.000000,4.000000,4.000000,100.000000,,,,,,,,,,,,,,,,,,,,,,,,,,,,,,,,,,,,,,,,,,,,,,,,,,,,,,,,,,,,,,,,,,,,,,,,,,,,,,,,,,,,,,
1676060291.513316,1676060291.513673,32.000000,0.000000,4287.948730,4266.794922,4303.974121,4304.871582,4262.051270,4264.358887,4288.205078,4430.769043,4286.153809,4267.179688,4483.589844,4527.692383,4365.641113,4423.974121,0.000000,4.000000,85.000000,,,,0.000000,4.000000,4.000000,4.000000,4.000000,4.000000,4.000000,4.000000,4.000000,4.000000,4.000000,4.000000,4.000000,4.000000,4.000000,100.000000,,,,,,,,,,,,,,,,,,,,,,,,,,,,,,,,,,,,,,,,,,,,,,,,,,,,,,,,,,,,,,,,,,,,,,,,,,,,,,,,,,,,,,
1676060291.521124,1676060291.521481,33.000000,0.000000,4285.256348,4266.922852,4300.897461,4312.563965,4262.563965,4267.051270,4283.846191,4431.538574,4285.512695,4281.153809,4484.743652,4530.256348,4370.256348,4428.333496,0.000000,4.000000,85.000000,,,,0.000000,4.000000,4.000000,4.000000,4.000000,4.000000,4.000000,4.000000,4.000000,4.000000,4.000000,4.000000,4.000000,4.000000,4.000000,100.000000,,,,,,,,,,,,,,,,,,,,,,,,,,,,,,,,,,,,,,,,,,,,,,,,,,,,,,,,,,,,,,,,,,,,,,,,,,,,,,,,,,,,,,
1676060291.528933,1676060291.529190,34.000000,0.000000,4280.000000,4263.974121,4283.717773,4304.615234,4263.717773,4264.487305,4269.487305,4422.436035,4274.487305,4284.487305,4475.128418,4513.717773,4363.589844,4417.563965,0.000000,4.000000,85.000000,,,,0.000000,4.000000,4.000000,4.000000,4.000000,4.000000,4.000000,4.000000,4.000000,4.000000,4.000000,4.000000,4.000000,4.000000,4.000000,100.000000,,,,,,,,,,,,,,,,,,,,,,,,,,,,,,,,,,,,,,,,,,,,,,,,,,,,,,,,,,,,,,,,,,,,,,,,,,,,,,,,,,,,,,
1676060291.536741,1676060291.537098,35.000000,0.000000,4280.897461,4262.820313,4277.051270,4296.538574,4261.410156,4264.743652,4265.256348,4416.153809,4268.077148,4277.179688,4472.948730,4507.948730,4358.717773,4413.717773,0.000000,4.000000,85.000000,,,,0.000000,4.000000,4.000000,4.000000,4.000000,4.000000,4.000000,4.000000,4.000000,4.000000,4.000000,4.000000,4.000000,4.000000,4.000000,100.000000,,,,,,,,,,,,,,,,,,,,,,,,,,,,,,,,,,,,,,,,,,,,,,,,,,,,,,,,,,,,,,,,,,,,,,,,,,,,,,,,,,,,,,
1676060291.544550,1676060291.544906,36.000000,0.000000,4268.461426,4250.769043,4264.871582,4288.077148,4248.461426,4261.922852,4260.641113,4403.461426,4258.333496,4259.358887,4456.666504,4494.358887,4343.077148,4401.153809,0.000000,4.000000,85.000000,,,,0.000000,4.000000,4.000000,4.000000,4.000000,4.000000,4.000000,4.000000,4.000000,4.000000,4.000000,4.000000,4.000000,4.000000,4.000000,100.000000,,,,,,,,,,,,,,,,,,,,,,,,,,,,,,,,,,,,,,,,,,,,,,,,,,,,,,,,,,,,,,,,,,,,,,,,,,,,,,,,,,,,,,
1676060291.552358,1676060291.552815,37.000000,0.000000,4265.641113,4251.153809,4263.461426,4291.666504,4252.307617,4258.974121,4263.077148,4409.487305,4266.538574,4258.846191,4453.974121,4490.384766,4344.615234,4396.666504,0.000000,4.000000,85.000000,,,,0.000000,4.000000,4.000000,4.000000,4.000000,4.000000,4.000000,4.000000,4.000000,4.000000,4.000000,4.000000,4.000000,4.000000,4.000000,100.000000,,,,,,,,,,,,,,,,,,,,,,,,,,,,,,,,,,,,,,,,,,,,,,,,,,,,,,,,,,,,,,,,,,,,,,,,,,,,,,,,,,,,,,
1676060291.560166,1676060291.560623,38.000000,0.000000,4283.717773,4270.128418,4279.230957,4305.000000,4265.512695,4263.461426,4278.846191,4427.307617,4289.743652,4280.897461,4478.333496,4505.128418,4364.871582,4413.333496,0.000000,4.000000,85.000000,,,,0.000000,4.000000,4.000000,4.000000,4.000000,4.000000,4.000000,4.000000,4.000000,4.000000,4.000000,4.000000,4.000000,4.000000,4.000000,100.000000,,,,,,,,,,,,,,,,,,,,,,,,,,,,,,,,,,,,,,,,,,,,,,,,,,,,,,,,,,,,,,,,,,,,,,,,,,,,,,,,,,,,,,
1676060291.567975,1676060291.568532,39.000000,0.000000,4283.205078,4265.897461,4282.179688,4302.307617,4258.333496,4265.128418,4282.179688,4416.025879,4286.538574,4273.077148,4483.333496,4501.794922,4363.461426,4416.282227,0.000000,4.000000,85.000000,,,,0.000000,4.000000,4.000000,4.000000,4.000000,4.000000,4.000000,4.000000,4.000000,4.000000,4.000000,4.000000,4.000000,4.000000,4.000000,100.000000,,,,,,,,,,,,,,,,,,,,,,,,,,,,,,,,,,,,,,,,,,,,,,,,,,,,,,,,,,,,,,,,,,,,,,,,,,,,,,,,,,,,,,
1676060291.575783,1676060291.576340,40.000000,0.000000,4262.051270,4246.538574,4275.641113,4285.128418,4245.641113,4257.563965,4268.205078,4388.717773,4265.128418,4241.410156,4462.948730,4479.487305,4344.487305,4397.307617,0.000000,4.000000,85.000000,,,,0.000000,4.000000,4.000000,4.000000,4.000000,4.000000,4.000000,4.000000,4.000000,4.000000,4.000000,4.000000,4.000000,4.000000,4.000000,100.000000,,,,,,,,,,,,,,,,,,,,,,,,,,,,,,,,,,,,,,,,,,,,,,,,,,,,,,,,,,,,,,,,,,,,,,,,,,,,,,,,,,,,,,
1676060291.583592,1676060291.584248,41.000000,0.000000,4263.077148,4248.589844,4271.666504,4279.615234,4248.205078,4256.153809,4263.205078,4371.922852,4258.461426,4247.051270,4451.922852,4468.333496,4333.717773,4386.410156,0.000000,4.000000,85.000000,,,,0.000000,4.000000,4.000000,4.000000,4.000000,4.000000,4.000000,4.000000,4.000000,4.000000,4.000000,4.000000,4.000000,4.000000,4.000000,100.000000,,,,,,,,,,,,,,,,,,,,,,,,,,,,,,,,,,,,,,,,,,,,,,,,,,,,,,,,,,,,,,,,,,,,,,,,,,,,,,,,,,,,,,
1676060291.591400,1676060291.592057,42.000000,0.000000,4285.769043,4263.333496,4275.641113,4293.717773,4262.307617,4271.025879,4278.589844,4369.743652,4272.436035,4277.820313,4465.897461,4476.025879,4343.717773,4402.563965,0.000000,4.000000,85.000000,,,,0.000000,4.000000,4.000000,4.000000,4.000000,4.000000,4.000000,4.000000,4.000000,4.000000,4.000000,4.000000,4.000000,4.000000,4.000000,100.000000,,,,,,,,,,,,,,,,,,,,,,,,,,,,,,,,,,,,,,,,,,,,,,,,,,,,,,,,,,,,,,,,,,,,,,,,,,,,,,,,,,,,,,
1676060291.599208,1676060291.599965,43.000000,0.000000,4300.512695,4276.922852,4293.333496,4312.820313,4277.051270,4286.666504,4294.102539,4376.922852,4287.051270,4285.128418,4492.563965,4493.333496,4366.025879,4429.615234,0.000000,4.000000,85.000000,,,,0.000000,4.000000,4.000000,4.000000,4.000000,4.000000,4.000000,4.000000,4.000000,4.000000,4.000000,4.000000,4.000000,4.000000,4.000000,100.000000,,,,,,,,,,,,,,,,,,,,,,,,,,,,,,,,,,,,,,,,,,,,,,,,,,,,,,,,,,,,,,,,,,,,,,,,,,,,,,,,,,,,,,
1676060291.607017,1676060291.607774,44.000000,0.000000,4294.615234,4281.025879,4298.333496,4312.692383,4275.384766,4282.948730,4291.025879,4374.743652,4285.897461,4277.051270,4495.512695,4497.436035,4369.743652,4430.897461,0.000000,4.000000,85.000000,,,,0.000000,4.000000,4.000000,4.000000,4.000000,4.000000,4.000000,4.000000,4.000000,4.000000,4.000000,4.000000,4.000000,4.000000,4.000000,100.000000,,,,,,,,,,,,,,,,,,,,,,,,,,,,,,,,,,,,,,,,,,,,,,,,,,,,,,,,,,,,,,,,,,,,,,,,,,,,,,,,,,,,,,
1676060291.614825,1676060291.615482,45.000000,0.000000,4281.922852,4268.077148,4280.641113,4294.615234,4260.384766,4267.051270,4275.128418,4359.230957,4279.487305,4276.922852,4473.077148,4478.205078,4354.230957,4409.743652,0.000000,4.000000,85.000000,,,,0.000000,4.000000,4.000000,4.000000,4.000000,4.000000,4.000000,4.000000,4.000000,4.000000,4.000000,4.000000,4.000000,4.000000,4.000000,100.000000,,,,,,,,,,,,,,,,,,,,,,,,,,,,,,,,,,,,,,,,,,,,,,,,,,,,,,,,,,,,,,,,,,,,,,,,,,,,,,,,,,,,,,
1676060291.622634,1676060291.623291,46.000000,0.000000,4283.461426,4258.333496,4274.743652,4287.820313,4259.358887,4262.436035,4269.615234,4355.641113,4279.487305,4271.794922,4466.666504,4470.128418,4352.051270,4406.410156,0.000000,4.000000,85.000000,,,,0.000000,4.000000,4.000000,4.000000,4.000000,4.000000,4.000000,4.000000,4.000000,4.000000,4.000000,4.000000,4.000000,4.000000,4.000000,100.000000,,,,,,,,,,,,,,,,,3.779915,1.520874,1.910022,1.402930,1.485916,2.987472,1.795770,1.672278,1.306614,1.318635,2.676764,1.367103,2.198064,1.450636,1.071657,2.315910,1.181615,1.902881,1.043866,1.227550,0.948085,0.510762,0.917659,0.714286,0.810884,0.729114,0.352488,0.488692,0.817484,0.720485,0.473217,0.719019,1.009773,0.882173,0.824674,5.293315,1.204863,1.448390,0.969118,1.009701,2.497405,1.054836,2.423279,0.940789,1.107354,1.119736,0.746129,2.814423,1.823214,1.835385,5.686454,1.149702,3.277450,2.053190,2.265873,3.920845,1.670898,3.405945,1.528215,2.059641,4.284066,1.584985,2.431281,1.693236,2.030926,6.967490,1.456436,2.589769,1.675796,2.400557
1676060291.630442,1676060291.630999,47.000000,0.000000,4292.179688,4262.692383,4284.871582,4294.358887,4266.794922,4267.051270,4276.025879,4358.974121,4282.307617,4263.974121,4475.897461,4479.743652,4362.307617,4422.692383,0.000000,4.000000,85.000000,,,,0.000000,4.000000,4.000000,4.000000,4.000000,4.000000,4.000000,4.000000,4.000000,4.000000,4.000000,4.000000,4.000000,4.000000,4.000000,100.000000,,,,,,,,,,,,,,,,,,,,,,,,,,,,,,,,,,,,,,,,,,,,,,,,,,,,,,,,,,,,,,,,,,,,,,,,,,,,,,,,,,,,,,
1676060291.638250,1676060291.638808,48.000000,0.000000,4292.179688,4266.794922,4288.461426,4294.230957,4263.717773,4265.128418,4277.820313,4353.077148,4285.128418,4269.358887,4474.102539,4480.128418,4364.743652,4427.307617,0.000000,4.000000,85.000000,,,,0.000000,4.000000,4.000000,4.000000,4.000000,4.000000,4.000000,4.000000,4.000000,4.000000,4.000000,4.000000,4.000000,4.000000,4.000000,100.000000,,,,,,,,,,,,,,,,,,,,,,,,,,,,,,,,,,,,,,,,,,,,,,,,,,,,,,,,,,,,,,,,,,,,,,,,,,,,,,,,,,,,,,
1676060291.646059,1676060291.646516,49.000000,0.000000,4292.563965,4270.512695,4287.820313,4290.897461,4260.128418,4261.794922,4277.307617,4348.974121,4287.820313,4278.846191,4468.589844,4475.769043,4362.436035,4419.871582,0.000000,4.000000,85.000000,,,,0.000000,4.000000,4.000000,4.000000,4.000000,4.000000,4.000000,4.000000,4.000000,4.000000,4.000000,4.000000,4.000000,4.000000,4.000000,100.000000,,,,,,,,,,,,,,,,,,,,,,,,,,,,,,,,,,,,,,,,,,,,,,,,,,,,,,,,,,,,,,,,,,,,,,,,,,,,,,,,,,,,,,
1676060291.653867,1676060291.654325,50.000000,0.000000,4309.743652,4282.179688,4300.512695,4305.897461,4270.384766,4270.897461,4289.487305,4354.615234,4289.358887,4284.230957,4478.461426,4488.205078,4370.641113,4431.153809,0.000000,4.000000,85.000000,,,,0.000000,4.000000,4.000000,4.000000,4.000000,4.000000,4.000000,4.000000,4.000000,4.000000,4.000000,4.000000,4.000000,4.000000,4.000000,100.000000,,,,,,,,,,,,,,,,,,,,,,,,,,,,,,,,,,,,,,,,,,,,,,,,,,,,,,,,,,,,,,,,,,,,,,,,,,,,,,,,,,,,,,
1676060291.661676,1676060291.662033,51.000000,0.000000,4328.846191,4296.153809,4326.153809,4328.974121,4288.333496,4286.922852,4311.410156,4363.205078,4296.666504,4287.436035,4496.153809,4511.666504,4386.794922,4460.641113,0.000000,4.000000,85.000000,,,,0.000000,4.000000,4.000000,4.000000,4.000000,4.000000,4.000000,4.000000,4.000000,4.000000,4.000000,4.000000,4.000000,4.000000,4.000000,100.000000,,,,,,,,,,,,,,,,,,,,,,,,,,,,,,,,,,,,,,,,,,,,,,,,,,,,,,,,,,,,,,,,,,,,,,,,,,,,,,,,,,,,,,
1676060291.669484,1676060291.669842,52.000000,0.000000,4329.230957,4301.025879,4334.102539,4326.794922,4289.743652,4288.717773,4315.769043,4357.692383,4299.230957,4284.358887,4495.769043,4513.717773,4387.179688,4462.820313,0.000000,4.000000,85.000000,,,,0.000000,4.000000,4.000000,4.000000,4.000000,4.000000,4.000000,4.000000,4.000000,4.000000,4.000000,4.000000,4.000000,4.000000,4.000000,100.000000,,,,,,,,,,,,,,,,,,,,,,,,,,,,,,,,,,,,,,,,,,,,,,,,,,,,,,,,,,,,,,,,,,,,,,,,,,,,,,,,,,,,,,
1676060291.677292,1676060291.677550,53.000000,0.000000,4315.641113,4289.487305,4316.025879,4309.230957,4271.153809,4272.051270,4298.461426,4338.589844,4287.820313,4278.333496,4479.358887,4494.102539,4374.615234,4439.487305,0.000000,4.000000,85.000000,,,,0.000000,4.000000,4.000000,4.000000,4.000000,4.000000,4.000000,4.000000,4.000000,4.000000,4.000000,4.000000,4.000000,4.000000,4.000000,100.000000,,,,,,,,,,,,,,,,,,,,,,,,,,,,,,,,,,,,,,,,,,,,,,,,,,,,,,,,,,,,,,,,,,,,,,,,,,,,,,,,,,,,,,
1676060291.685101,1676060291.685458,54.000000,0.000000,4311.538574,4278.461426,4305.897461,4308.205078,4262.820313,4261.282227,4290.384766,4332.820313,4284.358887,4281.282227,4470.256348,4484.615234,4373.589844,4437.179688,0.000000,4.000000,85.000000,,,,0.000000,4.000000,4.000000,4.000000,4.000000,4.000000,4.000000,4.000000,4.000000,4.000000,4.000000,4.000000,4.000000,4.000000,4.000000,100.000000,,,,,,,,,,,,,,,,,,,,,,,,,,,,,,,,,,,,,,,,,,,,,,,,,,,,,,,,,,,,,,,,,,,,,,,,,,,,,,,,,,,,,,
1676060291.692909,1676060291.693267,55.000000,0.000000,4315.641113,4283.205078,4306.794922,4309.743652,4267.563965,4265.897461,4290.384766,4337.820313,4291.153809,4285.897461,4467.563965,4481.922852,4372.820313,4445.641113,0.000000,4.000000,85.000000,,,,0.000000,4.000000,4.000000,4.000000,4.000000,4.000000,4.000000,4.000000,4.000000,4.000000,4.000000,4.000000,4.000000,4.000000,4.000000,100.000000,,,,,,,,,,,,,,,,,,,,,,,,,,,,,,,,,,,,,,,,,,,,,,,,,,,,,,,,,,,,,,,,,,,,,,,,,,,,,,,,,,,,,,
1676060291.700717,1676060291.701175,56.000000,0.000000,4302.692383,4281.794922,4292.948730,4292.692383,4262.692383,4262.051270,4278.717773,4325.512695,4283.589844,4279.102539,4457.307617,4462.179688,4360.128418,4430.769043,0.000000,4.000000,85.000000,,,,0.000000,4.000000,4.000000,4.000000,4.000000,4.000000,4.000000,4.000000,4.000000,4.000000,4.000000,4.000000,4.000000,4.000000,4.000000,100.000000,,,,,,,,,,,,,,,,,,,,,,,,,,,,,,,,,,,,,,,,,,,,,,,,,,,,,,,,,,,,,,,,,,,,,,,,,,,,,,,,,,,,,,
1676060291.708526,1676060291.708984,57.000000,0.000000,4294.871582,4272.820313,4285.641113,4285.769043,4260.000000,4257.563965,4274.615234,4314.871582,4273.846191,4273.461426,4447.948730,4455.000000,4354.487305,4414.615234,0.000000,4.000000,85.000000,,,,0.000000,4.000000,4.000000,4.000000,4.000000,4.000000,4.000000,4.000000,4.000000,4.000000,4.000000,4.000000,4.000000,4.000000,4.000000,100.000000,,,,,,,,,,,,,,,,,,,,,,,,,,,,,,,,,,,,,,,,,,,,,,,,,,,,,,,,,,,,,,,,,,,,,,,,,,,,,,,,,,,,,,
1676060291.716334,1676060291.716792,58.000000,0.000000,4317.948730,4285.897461,4307.820313,4305.000000,4274.487305,4276.538574,4295.769043,4327.692383,4285.897461,4282.820313,4462.436035,4483.205078,4371.282227,4438.205078,0.000000,4.000000,85.000000,,,,0.000000,4.000000,4.000000,4.000000,4.000000,4.000000,4.000000,4.000000,4.000000,4.000000,4.000000,4.000000,4.000000,4.000000,4.000000,100.000000,,,,,,,,,,,,,,,,,,,,,,,,,,,,,,,,,,,,,,,,,,,,,,,,,,,,,,,,,,,,,,,,,,,,,,,,,,,,,,,,,,,,,,
1676060291.724143,1676060291.724501,59.000000,0.000000,4336.410156,4302.692383,4326.922852,4319.871582,4284.871582,4293.205078,4312.948730,4339.230957,4298.589844,4294.230957,4479.743652,4500.000000,4385.384766,4463.717773,0.000000,4.000000,85.000000,,,,0.000000,4.000000,4.000000,4.000000,4.000000,4.000000,4.000000,4.000000,4.000000,4.000000,4.000000,4.000000,4.000000,4.000000,4.000000,100.000000,,,,,,,,,,,,,,,,,,,,,,,,,,,,,,,,,,,,,,,,,,,,,,,,,,,,,,,,,,,,,,,,,,,,,,,,,,,,,,,,,,,,,,
1676060291.731951,1676060291.732409,60.000000,0.000000,4319.487305,4288.461426,4314.615234,4307.692383,4278.333496,4284.615234,4303.974121,4329.358887,4289.743652,4275.641113,4455.000000,4477.179688,4362.307617,4438.974121,0.000000,4.000000,85.000000,,,,0.000000,4.000000,4.000000,4.000000,4.000000,4.000000,4.000000,4.000000,4.000000,4.000000,4.000000,4.000000,4.000000,4.000000,4.000000,100.000000,,,,,,,,,,,,,,,,,,,,,,,,,,,,,,,,,,,,,,,,,,,,,,,,,,,,,,,,,,,,,,,,,,,,,,,,,,,,,,,,,,,,,,
1676060291.739759,1676060291.740217,61.000000,0.000000,4315.769043,4275.128418,4306.153809,4299.871582,4275.256348,4274.487305,4293.205078,4315.000000,4281.922852,4258.846191,4436.153809,4465.256348,4349.230957,4428.333496,0.000000,4.000000,85.000000,,,,0.000000,4.000000,4.000000,4.000000,4.000000,4.000000,4.000000,4.000000,4.000000,4.000000,4.000000,4.000000,4.000000,4.000000,4.000000,100.000000,,,,,,,,,,,,,,,,,,,,,,,,,,,,,,,,,,,,,,,,,,,,,,,,,,,,,,,,,,,,,,,,,,,,,,,,,,,,,,,,,,,,,,
1676060291.747568,1676060291.748126,62.000000,0.000000,4344.230957,4284.615234,4325.512695,4314.743652,4280.641113,4279.871582,4301.153809,4318.077148,4293.846191,4286.538574,4478.205078,4491.922852,4396.538574,4473.846191,0.000000,4.000000,85.000000,,,,0.000000,4.000000,4.000000,4.000000,4.000000,4.000000,4.000000,4.000000,4.000000,4.000000,4.000000,4.000000,4.000000,4.000000,4.000000,100.000000,,,,,,,,,,,,,,,,,3.377866,1.359461,2.063461,1.346711,1.461912,2.536844,1.424935,1.695838,1.269319,1.369599,2.247625,1.199017,2.556437,1.361827,1.131335,1.990372,0.995068,2.052046,0.953869,1.254206,0.822369,0.470021,0.940836,0.644290,0.832234,0.868703,0.377073,0.478964,0.671699,0.712127,0.489355,0.863664,0.891396,0.755642,0.848437,9.416267,1.622360,1.420257,0.891623,1.112766,2.397223,1.059312,2.527693,0.775386,1.140388,0.986059,0.687502,2.585373,1.459515,1.758902,5.146530,1.065220,3.486624,1.814520,2.287455,4.077293,1.592957,3.594938,1.441103,2.140707,3.996468,1.373383,2.609331,1.626093,2.005962,6.508938,1.163016,2.711848,1.588045,2.324337
1676060291.755376,1676060291.755934,63.000000,0.000000,4358.589844,4280.128418,4337.948730,4322.179688,4283.461426,4287.820313,4316.666504,4336.153809,4313.461426,4316.410156,4519.743652,4514.358887,4446.922852,4505.897461,0.000000,4.000000,85.000000,,,,0.000000,4.000000,4.000000,4.000000,4.000000,4.000000,4.000000,4.000000,4.000000,4.000000,4.000000,4.000000,4.000000,4.000000,4.000000,100.000000,,,,,,,,,,,,,,,,,,,,,,,,,,,,,,,,,,,,,,,,,,,,,,,,,,,,,,,,,,,,,,,,,,,,,,,,,,,,,,,,,,,,,,
1676060291.763184,1676060291.763843,64.000000,0.000000,4350.000000,4254.871582,4328.333496,4304.743652,4282.051270,4285.256348,4315.512695,4337.051270,4315.769043,4309.743652,4509.871582,4507.820313,4444.871582,4496.538574,2523.000000,4.000000,85.000000,,,,0.000000,4.000000,4.000000,4.000000,4.000000,4.000000,4.000000,4.000000,4.000000,4.000000,4.000000,4.000000,4.000000,4.000000,4.000000,100.000000,,,,,,,,,,,,,,,,,,,,,,,,,,,,,,,,,,,,,,,,,,,,,,,,,,,,,,,,,,,,,,,,,,,,,,,,,,,,,,,,,,,,,,
1676060291.770993,1676060291.771651,65.000000,0.000000,4349.615234,4236.794922,4322.563965,4289.487305,4278.717773,4275.897461,4305.256348,4322.436035,4310.769043,4300.000000,4506.025879,4505.128418,4444.230957,4500.000000,2496.000000,4.000000,85.000000,,,,0.000000,4.000000,4.000000,4.000000,4.000000,4.000000,4.000000,4.000000,4.000000,4.000000,4.000000,4.000000,4.000000,4.000000,4.000000,100.000000,,,,,,,,,,,,,,,,,,,,,,,,,,,,,,,,,,,,,,,,,,,,,,,,,,,,,,,,,,,,,,,,,,,,,,,,,,,,,,,,,,,,,,
1676060291.778801,1676060291.779559,66.000000,0.000000,4340.384766,4208.846191,4311.282227,4271.025879,4263.589844,4267.307617,4293.846191,4310.256348,4301.666504,4295.897461,4513.333496,4500.512695,4458.461426,4500.384766,2404.000000,4.000000,85.000000,,,,0.000000,4.000000,4.000000,4.000000,4.000000,4.000000,4.000000,4.000000,4.000000,4.000000,4.000000,4.000000,4.000000,4.000000,4.000000,100.000000,,,,,,,,,,,,,,,,,,,,,,,,,,,,,,,,,,,,,,,,,,,,,,,,,,,,,,,,,,,,,,,,,,,,,,,,,,,,,,,,,,,,,,
1676060291.786610,1676060291.787368,67.000000,0.000000,4305.000000,4176.153809,4286.153809,4244.102539,4244.102539,4258.205078,4276.666504,4293.717773,4280.897461,4275.000000,4491.666504,4474.102539,4440.000000,4470.512695,2494.000000,4.000000,85.000000,,,,0.000000,4.000000,4.000000,4.000000,4.000000,4.000000,4.000000,4.000000,4.000000,4.000000,4.000000,4.000000,4.000000,4.000000,4.000000,100.000000,,,,,,,,,,,,,,,,,,,,,,,,,,,,,,,,,,,,,,,,,,,,,,,,,,,,,,,,,,,,,,,,,,,,,,,,,,,,,,,,,,,,,,
1676060291.794418,1676060291.795276,68.000000,0.000000,4312.948730,4195.769043,4298.333496,4260.000000,4255.256348,4263.205078,4282.692383,4299.102539,4285.769043,4276.025879,4490.769043,4481.666504,4429.743652,4474.615234,2448.000000,4.000000,85.000000,,,,0.000000,4.000000,4.000000,4.000000,4.000000,4.000000,4.000000,4.000000,4.000000,4.000000,4.000000,4.000000,4.000000,4.000000,4.000000,100.000000,,,,,,,,,,,,,,,,,,,,,,,,,,,,,,,,,,,,,,,,,,,,,,,,,,,,,,,,,,,,,,,,,,,,,,,,,,,,,,,,,,,,,,
1676060291.802226,1676060291.803085,69.000000,0.000000,4363.461426,4247.307617,4341.282227,4307.051270,4287.820313,4284.230957,4314.871582,4334.230957,4323.333496,4310.384766,4530.897461,4532.051270,4460.128418,4516.410156,2381.000000,4.000000,85.000000,,,,0.000000,4.000000,4.000000,4.000000,4.000000,4.000000,4.000000,4.000000,4.000000,4.000000,4.000000,4.000000,4.000000,4.000000,4.000000,100.000000,,,,,,,,,,,,,,,,,,,,,,,,,,,,,,,,,,,,,,,,,,,,,,,,,,,,,,,,,,,,,,,,,,,,,,,,,,,,,,,,,,,,,,
1676060291.810035,1676060291.810793,70.000000,0.000000,4371.538574,4254.487305,4347.179688,4309.487305,4289.230957,4289.871582,4322.179688,4335.641113,4328.717773,4314.743652,4541.666504,4535.512695,4465.769043,4522.563965,2236.000000,4.000000,85.000000,,,,0.000000,4.000000,4.000000,4.000000,4.000000,4.000000,4.000000,4.000000,4.000000,4.000000,4.000000,4.000000,4.000000,4.000000,4.000000,100.000000,,,,,,,,,,,,,,,,,,,,,,,,,,,,,,,,,,,,,,,,,,,,,,,,,,,,,,,,,,,,,,,,,,,,,,,,,,,,,,,,,,,,,,
1676060291.817843,1676060291.818702,71.000000,0.000000,4336.666504,4230.128418,4320.384766,4278.077148,4263.846191,4273.846191,4295.769043,4300.128418,4294.102539,4282.948730,4508.077148,4490.128418,4422.948730,4484.615234,2237.000000,4.000000,85.000000,,,,0.000000,4.000000,4.000000,4.000000,4.000000,4.000000,4.000000,4.000000,4.000000,4.000000,4.000000,4.000000,4.000000,4.000000,4.000000,100.000000,,,,,,,,,,,,,,,,,,,,,,,,,,,,,,,,,,,,,,,,,,,,,,,,,,,,,,,,,,,,,,,,,,,,,,,,,,,,,,,,,,,,,,
1676060291.825652,1676060291.826510,72.000000,0.000000,4321.922852,4234.615234,4312.820313,4276.282227,4263.077148,4269.615234,4288.461426,4291.922852,4283.717773,4273.974121,4496.922852,4477.948730,4400.000000,4465.000000,2291.000000,4.000000,85.000000,,,,0.000000,4.000000,4.000000,4.000000,4.000000,4.000000,4.000000,4.000000,4.000000,4.000000,4.000000,4.000000,4.000000,4.000000,4.000000,100.000000,,,,,,,,,,,,,,,,,,,,,,,,,,,,,,,,,,,,,,,,,,,,,,,,,,,,,,,,,,,,,,,,,,,,,,,,,,,,,,,,,,,,,,
1676060291.833460,1676060291.834318,73.000000,0.000000,4337.563965,4257.692383,4329.615234,4299.230957,4284.615234,4284.871582,4308.717773,4307.051270,4302.051270,4292.948730,4520.000000,4497.436035,4415.128418,4479.871582,2252.000000,4.000000,85.000000,,,,0.000000,4.000000,4.000000,4.000000,4.000000,4.000000,4.000000,4.000000,4.000000,4.000000,4.000000,4.000000,4.000000,4.000000,4.000000,100.000000,,,,,,,,,,,,,,,,,,,,,,,,,,,,,,,,,,,,,,,,,,,,,,,,,,,,,,,,,,,,,,,,,,,,,,,,,,,,,,,,,,,,,,
1676060291.841268,1676060291.842027,74.000000,0.000000,4341.025879,4260.000000,4328.589844,4302.563965,4284.358887,4284.487305,4307.179688,4301.538574,4300.256348,4295.128418,4522.692383,4490.641113,4412.307617,4479.743652,2730.000000,4.000000,85.000000,,,,0.000000,4.000000,4.000000,4.000000,4.000000,4.000000,4.000000,4.000000,4.000000,4.000000,4.000000,4.000000,4.000000,4.000000,4.000000,100.000000,,,,,,,,,,,,,,,,,,,,,,,,,,,,,,,,,,,,,,,,,,,,,,,,,,,,,,,,,,,,,,,,,,,,,,,,,,,,,,,,,,,,,,
1676060291.849077,1676060291.849835,75.000000,0.000000,4315.000000,4241.538574,4296.666504,4281.666504,4261.794922,4264.358887,4278.077148,4273.846191,4268.333496,4265.897461,4486.794922,4452.692383,4376.153809,4444.743652,2917.000000,4.000000,85.000000,,,,0.000000,4.000000,4.000000,4.000000,4.000000,4.000000,4.000000,4.000000,4.000000,4.000000,4.000000,4.000000,4.000000,4.000000,4.000000,100.000000,,,,,,,,,,,,,,,,,,,,,,,,,,,,,,,,,,,,,,,,,,,,,,,,,,,,,,,,,,,,,,,,,,,,,,,,,,,,,,,,,,,,,,
1676060291.856885,1676060291.857544,76.000000,0.000000,4302.820313,4242.948730,4290.384766,4277.948730,4261.794922,4263.589844,4277.051270,4267.820313,4257.948730,4248.717773,4470.641113,4441.794922,4364.871582,4427.179688,3134.000000,4.000000,85.000000,,,,0.000000,4.000000,4.000000,4.000000,4.000000,4.000000,4.000000,4.000000,4.000000,4.000000,4.000000,4.000000,4.000000,4.000000,4.000000,100.000000,,,,,,,,,,,,,,,,,,,,,,,,,,,,,,,,,,,,,,,,,,,,,,,,,,,,,,,,,,,,,,,,,,,,,,,,,,,,,,,,,,,,,,
1676060291.864694,1676060291.865352,77.000000,0.000000,4328.974121,4267.563965,4327.563965,4304.871582,4285.512695,4283.589844,4309.358887,4300.256348,4295.384766,4278.846191,4501.794922,4480.512695,4400.000000,4460.128418,3254.000000,4.000000,85.000000,,,,0.000000,4.000000,4.000000,4.000000,4.000000,4.000000,4.000000,4.000000,4.000000,4.000000,4.000000,4.000000,4.000000,4.000000,4.000000,100.000000,,,,,,,,,,,,,,,,,,,,,,,,,,,,,,,,,,,,,,,,,,,,,,,,,,,,,,,,,,,,,,,,,,,,,,,,,,,,,,,,,,,,,,
1676060291.872502,1676060291.873061,78.000000,0.000000,4339.615234,4264.743652,4335.512695,4307.563965,4285.512695,4285.128418,4314.230957,4315.512695,4314.871582,4302.051270,4518.333496,4499.102539,4421.025879,4477.179688,2730.000000,4.000000,85.000000,,,,0.000000,4.000000,4.000000,4.000000,4.000000,4.000000,4.000000,4.000000,4.000000,4.000000,4.000000,4.000000,4.000000,4.000000,4.000000,100.000000,1.000000,25.000000,4.000000,4.000000,3.000000,4.000000,4.000000,3.000000,4.000000,3.000000,4.000000,1.000000,3.000000,1.000000,3.000000,1.000000,2.726224,1.178671,2.296474,1.300206,1.396854,2.052500,1.160494,1.877600,1.215632,1.381207,1.764701,1.033846,3.053986,1.294275,1.165492,1.673647,0.887611,2.266859,0.876487,1.270678,0.664984,0.427055,1.032749,0.579715,0.830534,1.068474,0.414541,0.517747,0.553780,0.688837,0.544818,1.024810,0.928420,0.669062,0.870827,13.886504,2.084865,1.451496,0.830031,1.211551,2.090205,1.066274,2.582245,0.635085,1.166718,0.834691,0.675221,2.479832,1.112483,1.671624,4.596294,1.049971,3.855513,1.587919,2.264843,4.247970,1.628533,4.058975,1.359248,2.180629,3.455970,1.165209,2.852136,1.535015,1.953925,5.577418,0.962094,3.027828,1.494203,2.220892
1676060291.880310,1676060291.880869,79.000000,0.000000,4326.025879,4245.128418,4308.717773,4284.102539,4269.871582,4268.333496,4293.461426,4292.563965,4296.538574,4288.846191,4503.974121,4479.102539,4415.384766,4462.820313,2917.000000,4.000000,85.000000,,,,0.000000,4.000000,4.000000,4.000000,4.000000,4.000000,4.000000,4.000000,4.000000,4.000000,4.000000,4.000000,4.000000,4.000000,4.000000,100.000000,,,,,,,,,,,,,,,,,,,,,,,,,,,,,,,,,,,,,,,,,,,,,,,,,,,,,,,,,,,,,,,,,,,,,,,,,,,,,,,,,,,,,,
1676060291.888119,1676060291.888578,80.000000,0.000000,4326.153809,4245.128418,4310.384766,4281.153809,4270.769043,4265.000000,4289.871582,4282.051270,4292.563965,4289.358887,4508.333496,4473.717773,4423.846191,4467.820313,3134.000000,4.000000,85.000000,,,,0.000000,4.000000,4.000000,4.000000,4.000000,4.000000,4.000000,4.000000,4.000000,4.000000,4.000000,4.000000,4.000000,4.000000,4.000000,100.000000,,,,,,,,,,,,,,,,,,,,,,,,,,,,,,,,,,,,,,,,,,,,,,,,,,,,,,,,,,,,,,,,,,,,,,,,,,,,,,,,,,,,,,
1676060291.895927,1676060291.896386,81.000000,0.000000,4312.948730,4228.205078,4310.384766,4271.666504,4265.384766,4265.256348,4286.025879,4282.692383,4292.436035,4295.512695,4512.307617,4468.461426,4434.358887,4464.615234,3254.000000,4.000000,85.000000,,,,0.000000,4.000000,4.000000,4.000000,4.000000,4.000000,4.000000,4.000000,4.000000,4.000000,4.000000,4.000000,4.000000,4.000000,4.000000,100.000000,,,,,,,,,,,,,,,,,,,,,,,,,,,,,,,,,,,,,,,,,,,,,,,,,,,,,,,,,,,,,,,,,,,,,,,,,,,,,,,,,,,,,,
1676060291.903735,1676060291.904095,82.000000,0.000000,4291.410156,4196.538574,4282.948730,4248.461426,4252.820313,4259.743652,4274.743652,4269.487305,4279.743652,4278.974121,4493.333496,4447.820313,4425.769043,4440.256348,2730.000000,4.000000,85.000000,,,,0.000000,4.000000,4.000000,4.000000,4.000000,4.000000,4.000000,4.000000,4.000000,4.000000,4.000000,4.000000,4.000000,4.000000,4.000000,100.000000,,,,,,,,,,,,,,,,,,,,,,,,,,,,,,,,,,,,,,,,,,,,,,,,,,,,,,,,,,,,,,,,,,,,,,,,,,,,,,,,,,,,,,
1676060291.911544,1676060291.912003,83.000000,0.000000,4299.743652,4205.897461,4282.563965,4257.563965,4266.794922,4266.666504,4284.487305,4269.743652,4287.436035,4279.487305,4494.615234,4453.205078,4425.256348,4445.897461,2917.000000,4.000000,85.000000,,,,0.000000,4.000000,4.000000,4.000000,4.000000,4.000000,4.000000,4.000000,4.000000,4.000000,4.000000,4.000000,4.000000,4.000000,4.000000,100.000000,,,,,,,,,,,,,,,,,,,,,,,,,,,,,,,,,,,,,,,,,,,,,,,,,,,,,,,,,,,,,,,,,,,,,,,,,,,,,,,,,,,,,,
1676060291.919352,1676060291.919812,84.000000,0.000000,4308.205078,4232.692383,4306.538574,4277.436035,4285.512695,4280.128418,4300.512695,4285.128418,4302.948730,4300.769043,4513.974121,4471.538574,4439.487305,4463.589844,3134.000000,4.000000,85.000000,,,,0.000000,4.000000,4.000000,4.000000,4.000000,4.000000,4.000000,4.000000,4.000000,4.000000,4.000000,4.000000,4.000000,4.000000,4.000000,100.000000,,,,,,,,,,,,,,,,,,,,,,,,,,,,,,,,,,,,,,,,,,,,,,,,,,,,,,,,,,,,,,,,,,,,,,,,,,,,,,,,,,,,,,
1676060291.927161,1676060291.927720,85.000000,0.000000,4296.666504,4231.538574,4306.153809,4272.948730,4281.666504,4282.692383,4299.358887,4283.717773,4295.641113,4294.102539,4504.358887,4463.077148,4437.436035,4448.846191,3254.000000,4.000000,85.000000,,,,0.000000,4.000000,4.000000,4.000000,4.000000,4.000000,4.000000,4.000000,4.000000,4.000000,4.000000,4.000000,4.000000,4.000000,4.000000,100.000000,,,,,,,,,,,,,,,,,,,,,,,,,,,,,,,,,,,,,,,,,,,,,,,,,,,,,,,,,,,,,,,,,,,,,,,,,,,,,,,,,,,,,,
1676060291.934969,1676060291.935529,86.000000,0.000000,4299.230957,4225.512695,4292.692383,4270.897461,4277.179688,4279.615234,4293.461426,4276.153809,4290.384766,4274.871582,4488.974121,4457.563965,4425.384766,4439.102539,2730.000000,4.000000,85.000000,,,,0.000000,4.000000,4.000000,4.000000,4.000000,4.000000,4.000000,4.000000,4.000000,4.000000,4.000000,4.000000,4.000000,4.000000,4.000000,100.000000,,,,,,,,,,,,,,,,,,,,,,,,,,,,,,,,,,,,,,,,,,,,,,,,,,,,,,,,,,,,,,,,,,,,,,,,,,,,,,,,,,,,,,
1676060291.942777,1676060291.943437,87.000000,0.000000,4313.589844,4231.794922,4295.769043,4281.538574,4283.589844,4282.563965,4298.205078,4283.205078,4302.692383,4283.077148,4500.000000,4471.025879,4432.948730,4452.948730,2917.000000,4.000000,85.000000,,,,0.000000,4.000000,4.000000,4.000000,4.000000,4.000000,4.000000,4.000000,4.000000,4.000000,4.000000,4.000000,4.000000,4.000000,4.000000,100.000000,,,,,,,,,,,,,,,,,,,,,,,,,,,,,,,,,,,,,,,,,,,,,,,,,,,,,,,,,,,,,,,,,,,,,,,,,,,,,,,,,,,,,,
1676060291.950586,1676060291.951245,88.000000,0.000000,4308.461426,4232.948730,4300.769043,4285.000000,4282.948730,4283.846191,4301.410156,4286.025879,4305.128418,4300.128418,4504.102539,4470.769043,4439.615234,4453.333496,3134.000000,4.000000,85.000000,,,,0.000000,4.000000,4.000000,4.000000,4.000000,4.000000,4.000000,4.000000,4.000000,4.000000,4.000000,4.000000,4.000000,4.000000,4.000000,100.000000,,,,,,,,,,,,,,,,,,,,,,,,,,,,,,,,,,,,,,,,,,,,,,,,,,,,,,,,,,,,,,,,,,,,,,,,,,,,,,,,,,,,,,
1676060291.958394,1676060291.959154,89.000000,0.000000,4285.769043,4216.794922,4284.358887,4275.000000,4267.307617,4272.948730,4283.205078,4262.820313,4282.948730,4286.794922,4474.871582,4449.358887,4411.666504,4429.487305,3254.000000,4.000000,85.000000,,,,0.000000,4.000000,4.000000,4.000000,4.000000,4.000000,4.000000,4.000000,4.000000,4.000000,4.000000,4.000000,4.000000,4.000000,4.000000,100.000000,,,,,,,,,,,,,,,,,,,,,,,,,,,,,,,,,,,,,,,,,,,,,,,,,,,,,,,,,,,,,,,,,,,,,,,,,,,,,,,,,,,,,,
1676060291.966202,1676060291.966962,90.000000,0.000000,4278.974121,4210.256348,4276.538574,4275.769043,4258.333496,4270.641113,4275.641113,4255.256348,4272.051270,4274.358887,4463.205078,4449.487305,4398.205078,4421.025879,2730.000000,4.000000,85.000000,,,,0.000000,4.000000,4.000000,4.000000,4.000000,4.000000,4.000000,4.000000,4.000000,4.000000,4.000000,4.000000,4.000000,4.000000,4.000000,100.000000,,,,,,,,,,,,,,,,,,,,,,,,,,,,,,,,,,,,,,,,,,,,,,,,,,,,,,,,,,,,,,,,,,,,,,,,,,,,,,,,,,,,,,
1676060291.974011,1676060291.974870,91.000000,0.000000,4307.948730,4239.871582,4307.948730,4312.563965,4274.102539,4287.948730,4304.230957,4289.358887,4298.846191,4305.897461,4501.282227,4496.410156,4438.205078,4456.794922,2917.000000,4.000000,85.000000,,,,0.000000,4.000000,4.000000,4.000000,4.000000,4.000000,4.000000,4.000000,4.000000,4.000000,4.000000,4.000000,4.000000,4.000000,4.000000,100.000000,,,,,,,,,,,,,,,,,,,,,,,,,,,,,,,,,,,,,,,,,,,,,,,,,,,,,,,,,,,,,,,,,,,,,,,,,,,,,,,,,,,,,,
1676060291.981819,1676060291.982679,92.000000,0.000000,4330.641113,4259.487305,4329.615234,4340.128418,4289.487305,4293.974121,4319.102539,4306.282227,4310.512695,4320.256348,4520.769043,4526.153809,4457.820313,4478.205078,3134.000000,4.000000,85.000000,,,,0.000000,4.000000,4.000000,4.000000,4.000000,4.000000,4.000000,4.000000,4.000000,4.000000,4.000000,4.000000,4.000000,4.000000,4.000000,100.000000,,,,,,,,,,,,,,,,,,,,,,,,,,,,,,,,,,,,,,,,,,,,,,,,,,,,,,,,,,,,,,,,,,,,,,,,,,,,,,,,,,,,,,
1676060291.989628,1676060291.990387,93.000000,0.000000,4305.128418,4236.282227,4304.871582,4318.589844,4276.025879,4277.563965,4295.897461,4278.974121,4284.871582,4284.230957,4487.307617,4500.641113,4422.436035,4444.871582,3254.000000,4.000000,85.000000,,,,0.000000,4.000000,4.000000,4.000000,4.000000,4.000000,4.000000,4.000000,4.000000,4.000000,4.000000,4.000000,4.000000,4.000000,4.000000,100.000000,,,,,,,,,,,,,,,,,,,,,,,,,,,,,,,,,,,,,,,,,,,,,,,,,,,,,,,,,,,,,,,,,,,,,,,,,,,,,,,,,,,,,,
1676060291.997436,1676060291.998196,94.000000,0.000000,4285.769043,4228.333496,4291.410156,4305.128418,4262.051270,4270.641113,4286.153809,4265.000000,4280.897461,4277.948730,4473.077148,4488.205078,4406.538574,4425.000000,2730.000000,4.000000,85.000000,,,,0.000000,4.000000,4.000000,4.000000,4.000000,4.000000,4.000000,4.000000,4.000000,4.000000,4.000000,4.000000,4.000000,4.000000,4.000000,100.000000,,,,,,,,,,,,,,,,,1.999340,0.990052,2.468362,1.263647,1.318948,1.643795,0.944829,2.061430,1.159884,1.339590,1.342720,0.870379,3.489284,1.256404,1.171093,1.411306,0.802601,2.419411,0.828250,1.274440,0.547736,0.386159,1.127975,0.532716,0.808505,1.256058,0.451424,0.600251,0.483561,0.652652,0.662430,1.155723,1.064778,0.639311,0.887194,17.199007,2.439477,1.451238,0.797796,1.284006,1.698464,1.021713,2.481250,0.556106,1.182990,0.704971,0.690751,2.334595,0.859367,1.605331,4.114172,1.069397,4.131572,1.408410,2.220568,4.360008,1.728119,4.483070,1.288854,2.186313,2.911107,1.033944,2.993648,1.422111,1.890075,4.485987,0.890999,3.320472,1.401647,2.136631
1676060292.005244,1676060292.005904,95.000000,0.000000,4305.128418,4248.461426,4310.384766,4322.563965,4266.538574,4275.769043,4300.384766,4277.051270,4298.077148,4297.820313,4492.820313,4508.717773,4428.717773,4450.512695,2917.000000,4.000000,85.000000,,,,0.000000,4.000000,4.000000,4.000000,4.000000,4.000000,4.000000,4.000000,4.000000,4.000000,4.000000,4.000000,4.000000,4.000000,4.000000,100.000000,,,,,,,,,,,,,,,,,,,,,,,,,,,,,,,,,,,,,,,,,,,,,,,,,,,,,,,,,,,,,,,,,,,,,,,,,,,,,,,,,,,,,,
1676060292.013053,1676060292.013713,96.000000,0.000000,4306.538574,4241.922852,4307.051270,4319.871582,4267.563965,4268.333496,4298.077148,4268.205078,4285.641113,4274.230957,4484.102539,4503.589844,4423.589844,4450.384766,3134.000000,4.000000,85.000000,,,,0.000000,4.000000,4.000000,4.000000,4.000000,4.000000,4.000000,4.000000,4.000000,4.000000,4.000000,4.000000,4.000000,4.000000,4.000000,100.000000,,,,,,,,,,,,,,,,,,,,,,,,,,,,,,,,,,,,,,,,,,,,,,,,,,,,,,,,,,,,,,,,,,,,,,,,,,,,,,,,,,,,,,
1676060292.020861,1676060292.021421,97.000000,0.000000,4285.641113,4223.077148,4286.794922,4303.461426,4268.974121,4262.436035,4284.871582,4247.820313,4267.820313,4255.128418,4460.769043,4479.743652,4396.025879,4417.820313,3254.000000,4.000000,85.000000,,,,0.000000,4.000000,4.000000,4.000000,4.000000,4.000000,4.000000,4.000000,4.000000,4.000000,4.000000,4.000000,4.000000,4.000000,4.000000,100.000000,,,,,,,,,,,,,,,,,,,,,,,,,,,,,,,,,,,,,,,,,,,,,,,,,,,,,,,,,,,,,,,,,,,,,,,,,,,,,,,,,,,,,,
1676060292.028669,1676060292.029230,98.000000,0.000000,4290.256348,4236.282227,4293.205078,4308.846191,4284.102539,4272.307617,4287.563965,4253.974121,4286.538574,4283.846191,4476.025879,4487.820313,4404.102539,4421.025879,2730.000000,4.000000,85.000000,,,,0.000000,4.000000,4.000000,4.000000,4.000000,4.000000,4.000000,4.000000,4.000000,4.000000,4.000000,4.000000,4.000000,4.000000,4.000000,100.000000,,,,,,,,,,,,,,,,,,,,,,,,,,,,,,,,,,,,,,,,,,,,,,,,,,,,,,,,,,,,,,,,,,,,,,,,,,,,,,,,,,,,,,
1676060292.036478,1676060292.036938,99.000000,0.000000,4309.102539,4253.846191,4309.743652,4320.128418,4298.589844,4279.230957,4300.128418,4271.922852,4303.461426,4302.563965,4496.794922,4507.563965,4430.512695,4449.102539,2917.000000,4.000000,85.000000,,,,0.000000,4.000000,4.000000,4.000000,4.000000,4.000000,4.000000,4.000000,4.000000,4.000000,4.000000,4.000000,4.000000,4.000000,4.000000,100.000000,,,,,,,,,,,,,,,,,,,,,,,,,,,,,,,,,,,,,,,,,,,,,,,,,,,,,,,,,,,,,,,,,,,,,,,,,,,,,,,,,,,,,,
1676060292.044286,1676060292.044747,100.000000,0.000000,4312.820313,4250.897461,4315.256348,4325.000000,4306.922852,4282.179688,4305.128418,4280.769043,4299.102539,4295.256348,4498.461426,4513.077148,4434.230957,4455.769043,3134.000000,4.000000,85.000000,,,,0.000000,4.000000,4.000000,4.000000,4.000000,4.000000,4.000000,4.000000,4.000000,4.000000,4.000000,4.000000,4.000000,4.000000,4.000000,100.000000,,,,,,,,,,,,,,,,,,,,,,,,,,,,,,,,,,,,,,,,,,,,,,,,,,,,,,,,,,,,,,,,,,,,,,,,,,,,,,,,,,,,,,
1676060292.052095,1676060292.052455,101.000000,0.000000,4304.102539,4246.666504,4309.871582,4321.794922,4306.794922,4280.128418,4299.487305,4275.512695,4296.794922,4289.743652,4497.307617,4505.000000,4418.077148,4440.641113,3254.000000,4.000000,85.000000,,,,0.000000,4.000000,4.000000,4.000000,4.000000,4.000000,4.000000,4.000000,4.000000,4.000000,4.000000,4.000000,4.000000,4.000000,4.000000,100.000000,,,,,,,,,,,,,,,,,,,,,,,,,,,,,,,,,,,,,,,,,,,,,,,,,,,,,,,,,,,,,,,,,,,,,,,,,,,,,,,,,,,,,,
1676060292.059903,1676060292.060264,102.000000,0.000000,4286.666504,4242.179688,4292.179688,4304.871582,4292.436035,4267.820313,4287.436035,4260.384766,4289.743652,4277.692383,4487.436035,4485.256348,4398.205078,4422.179688,2730.000000,4.000000,85.000000,,,,0.000000,4.000000,4.000000,4.000000,4.000000,4.000000,4.000000,4.000000,4.000000,4.000000,4.000000,4.000000,4.000000,4.000000,4.000000,100.000000,,,,,,,,,,,,,,,,,,,,,,,,,,,,,,,,,,,,,,,,,,,,,,,,,,,,,,,,,,,,,,,,,,,,,,,,,,,,,,,,,,,,,,
1676060292.067711,1676060292.067972,103.000000,0.000000,4289.743652,4244.743652,4295.256348,4304.615234,4292.436035,4267.307617,4290.769043,4267.948730,4294.102539,4285.000000,4493.974121,4491.794922,4409.358887,4430.256348,2917.000000,4.000000,85.000000,,,,0.000000,4.000000,4.000000,4.000000,4.000000,4.000000,4.000000,4.000000,4.000000,4.000000,4.000000,4.000000,4.000000,4.000000,4.000000,100.000000,,,,,,,,,,,,,,,,,,,,,,,,,,,,,,,,,,,,,,,,,,,,,,,,,,,,,,,,,,,,,,,,,,,,,,,,,,,,,,,,,,,,,,
1676060292.075520,1676060292.075881,104.000000,0.000000,4309.358887,4252.436035,4315.000000,4322.563965,4308.077148,4282.820313,4305.641113,4287.051270,4310.384766,4307.948730,4513.461426,4513.717773,4432.563965,4453.846191,3134.000000,4.000000,85.000000,,,,0.000000,4.000000,4.000000,4.000000,4.000000,4.000000,4.000000,4.000000,4.000000,4.000000,4.000000,4.000000,4.000000,4.000000,4.000000,100.000000,,,,,,,,,,,,,,,,,,,,,,,,,,,,,,,,,,,,,,,,,,,,,,,,,,,,,,,,,,,,,,,,,,,,,,,,,,,,,,,,,,,,,,
1676060292.083328,1676060292.083689,105.000000,0.000000,4299.743652,4246.410156,4306.153809,4317.820313,4300.512695,4281.794922,4299.358887,4275.128418,4300.641113,4290.769043,4493.589844,4496.922852,4410.256348,4441.025879,3254.000000,4.000000,85.000000,,,,0.000000,4.000000,4.000000,4.000000,4.000000,4.000000,4.000000,4.000000,4.000000,4.000000,4.000000,4.000000,4.000000,4.000000,4.000000,100.000000,,,,,,,,,,,,,,,,,,,,,,,,,,,,,,,,,,,,,,,,,,,,,,,,,,,,,,,,,,,,,,,,,,,,,,,,,,,,,,,,,,,,,,
1676060292.091137,1676060292.091598,106.000000,0.000000,4291.922852,4247.692383,4296.794922,4311.538574,4291.153809,4274.230957,4290.000000,4262.307617,4291.025879,4274.487305,4476.025879,4480.897461,4395.512695,4425.000000,2730.000000,4.000000,85.000000,,,,0.000000,4.000000,4.000000,4.000000,4.000000,4.000000,4.000000,4.000000,4.000000,4.000000,4.000000,4.000000,4.000000,4.000000,4.000000,100.000000,,,,,,,,,,,,,,,,,,,,,,,,,,,,,,,,,,,,,,,,,,,,,,,,,,,,,,,,,,,,,,,,,,,,,,,,,,,,,,,,,,,,,,
1676060292.098945,1676060292.099406,107.000000,0.000000,4318.205078,4268.846191,4318.333496,4331.922852,4305.512695,4284.358887,4306.538574,4283.974121,4317.307617,4304.615234,4504.743652,4508.077148,4432.563965,4455.256348,2917.000000,4.000000,85.000000,,,,0.000000,4.000000,4.000000,4.000000,4.000000,4.000000,4.000000,4.000000,4.000000,4.000000,4.000000,4.000000,4.000000,4.000000,4.000000,100.000000,,,,,,,,,,,,,,,,,,,,,,,,,,,,,,,,,,,,,,,,,,,,,,,,,,,,,,,,,,,,,,,,,,,,,,,,,,,,,,,,,,,,,,
1676060292.106753,1676060292.107314,108.000000,0.000000,4321.153809,4267.307617,4318.589844,4334.743652,4307.307617,4290.256348,4312.948730,4287.692383,4322.436035,4316.025879,4510.769043,4513.846191,4438.333496,4466.025879,3134.000000,4.000000,85.000000,,,,0.000000,4.000000,4.000000,4.000000,4.000000,4.000000,4.000000,4.000000,4.000000,4.000000,4.000000,4.000000,4.000000,4.000000,4.000000,100.000000,,,,,,,,,,,,,,,,,,,,,,,,,,,,,,,,,,,,,,,,,,,,,,,,,,,,,,,,,,,,,,,,,,,,,,,,,,,,,,,,,,,,,,
1676060292.114562,1676060292.115123,109.000000,0.000000,4297.307617,4248.974121,4298.205078,4315.641113,4294.743652,4282.179688,4297.692383,4268.717773,4300.128418,4296.666504,4486.282227,4489.487305,4408.461426,4439.743652,3254.000000,4.000000,85.000000,,,,0.000000,4.000000,4.000000,4.000000,4.000000,4.000000,4.000000,4.000000,4.000000,4.000000,4.000000,4.000000,4.000000,4.000000,4.000000,100.000000,,,,,,,,,,,,,,,,,,,,,,,,,,,,,,,,,,,,,,,,,,,,,,,,,,,,,,,,,,,,,,,,,,,,,,,,,,,,,,,,,,,,,,
1676060292.122370,1676060292.123031,110.000000,0.000000,4290.641113,4246.153809,4296.410156,4308.846191,4285.897461,4269.102539,4290.641113,4265.384766,4298.589844,4294.615234,4479.615234,4483.974121,4406.538574,4429.487305,2730.000000,4.000000,85.000000,,,,0.000000,4.000000,4.000000,4.000000,4.000000,4.000000,4.000000,4.000000,4.000000,4.000000,4.000000,4.000000,4.000000,4.000000,4.000000,100.000000,,,,,,,,,,,,,,,,,1.415146,0.829529,2.508456,1.234943,1.266839,1.590085,0.889915,2.186959,1.123994,1.260662,1.066056,0.731502,3.750152,1.238964,1.165530,1.292569,0.770051,2.472276,0.820838,1.277238,0.502525,0.368343,1.181192,0.508447,0.780925,1.395910,0.490196,0.723065,0.462765,0.612742,0.828051,1.230044,1.247109,0.668131,0.902598,18.221472,2.587129,1.378914,0.800352,1.326851,1.371481,0.909644,2.209193,0.551815,1.198744,0.644521,0.712997,2.068938,0.737330,1.583974,3.883561,1.101161,4.126218,1.294591,2.188644,4.331283,1.844655,4.658594,1.245275,2.181484,2.900795,1.139765,2.904406,1.306780,1.840301,3.736008,0.974827,3.420245,1.322117,2.109848
1676060292.130179,1676060292.130840,111.000000,0.000000,4295.641113,4251.282227,4297.436035,4310.000000,4280.128418,4263.846191,4292.820313,4268.589844,4300.769043,4295.000000,4480.897461,4486.410156,4415.512695,4430.384766,2917.000000,4.000000,85.000000,,,,0.000000,4.000000,4.000000,4.000000,4.000000,4.000000,4.000000,4.000000,4.000000,4.000000,4.000000,4.000000,4.000000,4.000000,4.000000,100.000000,,,,,,,,,,,,,,,,,,,,,,,,,,,,,,,,,,,,,,,,,,,,,,,,,,,,,,,,,,,,,,,,,,,,,,,,,,,,,,,,,,,,,,
1676060292.137987,1676060292.138748,112.000000,0.000000,4305.769043,4262.179688,4300.128418,4314.102539,4286.282227,4275.384766,4298.333496,4274.743652,4303.974121,4300.384766,4486.666504,4493.461426,4421.666504,4439.230957,3134.000000,4.000000,85.000000,,,,0.000000,4.000000,4.000000,4.000000,4.000000,4.000000,4.000000,4.000000,4.000000,4.000000,4.000000,4.000000,4.000000,4.000000,4.000000,100.000000,,,,,,,,,,,,,,,,,,,,,,,,,,,,,,,,,,,,,,,,,,,,,,,,,,,,,,,,,,,,,,,,,,,,,,,,,,,,,,,,,,,,,,
1676060292.145795,1676060292.146556,113.000000,0.000000,4313.205078,4271.538574,4311.025879,4322.179688,4297.307617,4283.461426,4302.820313,4281.410156,4316.666504,4317.179688,4498.333496,4504.230957,4428.333496,4455.769043,3254.000000,4.000000,85.000000,,,,0.000000,4.000000,4.000000,4.000000,4.000000,4.000000,4.000000,4.000000,4.000000,4.000000,4.000000,4.000000,4.000000,4.000000,4.000000,100.000000,,,,,,,,,,,,,,,,,,,,,,,,,,,,,,,,,,,,,,,,,,,,,,,,,,,,,,,,,,,,,,,,,,,,,,,,,,,,,,,,,,,,,,
1676060292.153604,1676060292.154465,114.000000,0.000000,4301.410156,4264.743652,4308.589844,4318.974121,4292.051270,4275.384766,4296.153809,4271.025879,4307.307617,4299.358887,4490.769043,4493.717773,4415.384766,4445.384766,2730.000000,4.000000,85.000000,,,,0.000000,4.000000,4.000000,4.000000,4.000000,4.000000,4.000000,4.000000,4.000000,4.000000,4.000000,4.000000,4.000000,4.000000,4.000000,100.000000,,,,,,,,,,,,,,,,,,,,,,,,,,,,,,,,,,,,,,,,,,,,,,,,,,,,,,,,,,,,,,,,,,,,,,,,,,,,,,,,,,,,,,
1676060292.161412,1676060292.162273,115.000000,0.000000,4303.589844,4266.025879,4307.563965,4317.179688,4291.025879,4278.717773,4295.897461,4266.794922,4293.846191,4279.487305,4484.615234,4489.743652,4411.666504,4436.666504,2917.000000,4.000000,85.000000,,,,0.000000,4.000000,4.000000,4.000000,4.000000,4.000000,4.000000,4.000000,4.000000,4.000000,4.000000,4.000000,4.000000,4.000000,4.000000,100.000000,,,,,,,,,,,,,,,,,,,,,,,,,,,,,,,,,,,,,,,,,,,,,,,,,,,,,,,,,,,,,,,,,,,,,,,,,,,,,,,,,,,,,,
1676060292.169220,1676060292.169982,116.000000,0.000000,4315.384766,4270.769043,4315.769043,4320.769043,4298.717773,4288.589844,4299.487305,4272.051270,4297.948730,4294.871582,4486.538574,4500.000000,4419.102539,4448.333496,3134.000000,4.000000,85.000000,,,,0.000000,4.000000,4.000000,4.000000,4.000000,4.000000,4.000000,4.000000,4.000000,4.000000,4.000000,4.000000,4.000000,4.000000,4.000000,100.000000,,,,,,,,,,,,,,,,,,,,,,,,,,,,,,,,,,,,,,,,,,,,,,,,,,,,,,,,,,,,,,,,,,,,,,,,,,,,,,,,,,,,,,
1676060292.177029,1676060292.177790,117.000000,0.000000,4290.256348,4250.512695,4301.025879,4304.102539,4285.256348,4275.000000,4285.000000,4256.538574,4287.948730,4290.897461,4462.820313,4477.179688,4391.922852,4427.051270,3254.000000,4.000000,85.000000,,,,0.000000,4.000000,4.000000,4.000000,4.000000,4.000000,4.000000,4.000000,4.000000,4.000000,4.000000,4.000000,4.000000,4.000000,4.000000,100.000000,,,,,,,,,,,,,,,,,,,,,,,,,,,,,,,,,,,,,,,,,,,,,,,,,,,,,,,,,,,,,,,,,,,,,,,,,,,,,,,,,,,,,,
1676060292.184837,1676060292.185499,118.000000,0.000000,4272.179688,4242.820313,4284.615234,4293.077148,4276.410156,4268.205078,4281.282227,4246.666504,4278.077148,4276.922852,4453.846191,4458.205078,4376.538574,4405.512695,2730.000000,4.000000,85.000000,,,,0.000000,4.000000,4.000000,4.000000,4.000000,4.000000,4.000000,4.000000,4.000000,4.000000,4.000000,4.000000,4.000000,4.000000,4.000000,100.000000,,,,,,,,,,,,,,,,,,,,,,,,,,,,,,,,,,,,,,,,,,,,,,,,,,,,,,,,,,,,,,,,,,,,,,,,,,,,,,,,,,,,,,
1676060292.192646,1676060292.193307,119.000000,0.000000,4300.512695,4262.820313,4298.846191,4308.077148,4290.000000,4283.846191,4300.641113,4267.563965,4295.641113,4294.358887,4488.589844,4482.307617,4405.769043,4432.948730,2917.000000,4.000000,85.000000,,,,0.000000,4.000000,4.000000,4.000000,4.000000,4.000000,4.000000,4.000000,4.000000,4.000000,4.000000,4.000000,4.000000,4.000000,4.000000,100.000000,,,,,,,,,,,,,,,,,,,,,,,,,,,,,,,,,,,,,,,,,,,,,,,,,,,,,,,,,,,,,,,,,,,,,,,,,,,,,,,,,,,,,,
1676060292.200454,1676060292.201016,120.000000,0.000000,4320.128418,4267.179688,4317.051270,4320.000000,4299.102539,4295.256348,4311.538574,4282.051270,4311.025879,4307.563965,4515.000000,4499.871582,4423.717773,4460.256348,3134.000000,4.000000,85.000000,,,,0.000000,4.000000,4.000000,4.000000,4.000000,4.000000,4.000000,4.000000,4.000000,4.000000,4.000000,4.000000,4.000000,4.000000,4.000000,100.000000,,,,,,,,,,,,,,,,,,,,,,,,,,,,,,,,,,,,,,,,,,,,,,,,,,,,,,,,,,,,,,,,,,,,,,,,,,,,,,,,,,,,,,
1676060292.208262,1676060292.208824,121.000000,0.000000,4311.282227,4259.102539,4315.641113,4316.025879,4293.589844,4287.692383,4304.358887,4271.794922,4304.358887,4300.256348,4510.000000,4492.436035,4413.717773,4458.846191,3254.000000,4.000000,85.000000,,,,0.000000,4.000000,4.000000,4.000000,4.000000,4.000000,4.000000,4.000000,4.000000,4.000000,4.000000,4.000000,4.000000,4.000000,4.000000,100.000000,,,,,,,,,,,,,,,,,,,,,,,,,,,,,,,,,,,,,,,,,,,,,,,,,,,,,,,,,,,,,,,,,,,,,,,,,,,,,,,,,,,,,,
1676060292.216071,1676060292.216533,122.000000,0.000000,4310.641113,4262.948730,4310.000000,4312.307617,4285.384766,4277.307617,4296.025879,4263.461426,4292.051270,4288.846191,4503.717773,4488.717773,4407.436035,4450.769043,2730.000000,4.000000,85.000000,,,,0.000000,4.000000,4.000000,4.000000,4.000000,4.000000,4.000000,4.000000,4.000000,4.000000,4.000000,4.000000,4.000000,4.000000,4.000000,100.000000,,,,,,,,,,,,,,,,,,,,,,,,,,,,,,,,,,,,,,,,,,,,,,,,,,,,,,,,,,,,,,,,,,,,,,,,,,,,,,,,,,,,,,
1676060292.223879,1676060292.224341,123.000000,0.000000,4314.102539,4264.358887,4314.615234,4310.512695,4281.794922,4279.615234,4296.922852,4271.794922,4292.307617,4276.410156,4508.077148,4496.410156,4409.102539,4445.769043,2917.000000,4.000000,85.000000,,,,0.000000,4.000000,4.000000,4.000000,4.000000,4.000000,4.000000,4.000000,4.000000,4.000000,4.000000,4.000000,4.000000,4.000000,4.000000,100.000000,,,,,,,,,,,,,,,,,,,,,,,,,,,,,,,,,,,,,,,,,,,,,,,,,,,,,,,,,,,,,,,,,,,,,,,,,,,,,,,,,,,,,,
1676060292.231687,1676060292.232050,124.000000,0.000000,4312.436035,4257.436035,4321.282227,4308.077148,4279.743652,4282.948730,4300.128418,4282.820313,4307.948730,4287.692383,4510.512695,4507.563965,4413.333496,4453.589844,3134.000000,4.000000,85.000000,,,,0.000000,4.000000,4.000000,4.000000,4.000000,4.000000,4.000000,4.000000,4.000000,4.000000,4.000000,4.000000,4.000000,4.000000,4.000000,100.000000,,,,,,,,,,,,,,,,,,,,,,,,,,,,,,,,,,,,,,,,,,,,,,,,,,,,,,,,,,,,,,,,,,,,,,,,,,,,,,,,,,,,,,
1676060292.239496,1676060292.239958,125.000000,0.000000,4319.743652,4266.794922,4321.282227,4317.948730,4283.077148,4277.179688,4296.666504,4283.846191,4314.487305,4312.563965,4511.538574,4512.692383,4419.487305,4468.461426,3254.000000,4.000000,85.000000,,,,0.000000,4.000000,4.000000,4.000000,4.000000,4.000000,4.000000,4.000000,4.000000,4.000000,4.000000,4.000000,4.000000,4.000000,4.000000,100.000000,,,,,,,,,,,,,,,,,,,,,,,,,,,,,,,,,,,,,,,,,,,,,,,,,,,,,,,,,,,,,,,,,,,,,,,,,,,,,,,,,,,,,,
1676060292.247304,1676060292.247767,126.000000,0.000000,4326.282227,4288.077148,4315.897461,4329.487305,4289.615234,4272.307617,4290.256348,4275.256348,4299.230957,4308.205078,4504.102539,4500.897461,4412.307617,4465.384766,2730.000000,4.000000,85.000000,,,,0.000000,4.000000,4.000000,4.000000,4.000000,4.000000,4.000000,4.000000,4.000000,4.000000,4.000000,4.000000,4.000000,4.000000,4.000000,100.000000,,,,,,,,,,,,,,,,,1.042870,0.737794,2.445398,1.224560,1.274516,2.282388,1.158315,2.299948,1.136485,1.183172,0.949142,0.647551,3.844398,1.237512,1.178493,1.389836,0.858894,2.481243,0.868462,1.297064,0.523894,0.399611,1.187831,0.513639,0.768109,1.419793,0.542227,0.880240,0.483780,0.582162,0.990016,1.240656,1.442858,0.748192,0.930154,16.609673,2.489344,1.250747,0.843809,1.354234,1.206324,0.750068,1.842209,0.613910,1.232600,0.664238,0.725611,1.726577,0.735021,1.619741,3.932811,1.130079,3.810586,1.252633,2.198928,4.167260,1.943794,4.546488,1.259332,2.195920,3.825760,1.625653,2.566194,1.223841,1.835669,3.462548,1.209991,3.285783,1.275426,2.159434
1676060292.255113,1676060292.255675,127.000000,0.000000,4324.871582,4313.205078,4320.128418,4338.461426,4296.282227,4287.948730,4299.487305,4270.641113,4295.256348,4294.358887,4493.589844,4494.615234,4399.358887,4456.410156,85.000000,4.000000,85.000000,,,,0.000000,4.000000,4.000000,4.000000,4.000000,4.000000,4.000000,4.000000,4.000000,4.000000,4.000000,4.000000,4.000000,4.000000,4.000000,100.000000,,,,,,,,,,,,,,,,,,,,,,,,,,,,,,,,,,,,,,,,,,,,,,,,,,,,,,,,,,,,,,,,,,,,,,,,,,,,,,,,,,,,,,
1676060292.262921,1676060292.263483,0.000000,0.000000,4321.410156,4333.461426,4321.153809,4343.077148,4297.436035,4297.179688,4305.384766,4266.922852,4299.743652,4290.256348,4476.410156,4488.461426,4383.846191,4444.102539,2501.000000,4.000000,85.000000,,,,0.000000,4.000000,4.000000,4.000000,4.000000,4.000000,4.000000,4.000000,4.000000,4.000000,4.000000,4.000000,4.000000,4.000000,4.000000,100.000000,,,,,,,,,,,,,,,,,,,,,,,,,,,,,,,,,,,,,,,,,,,,,,,,,,,,,,,,,,,,,,,,,,,,,,,,,,,,,,,,,,,,,,
1676060292.270729,1676060292.271392,1.000000,0.000000,4307.179688,4337.563965,4303.717773,4337.692383,4292.948730,4285.384766,4295.897461,4257.948730,4284.230957,4277.051270,4447.179688,4463.333496,4350.512695,4417.051270,2468.000000,4.000000,85.000000,,,,0.000000,4.000000,4.000000,4.000000,4.000000,4.000000,4.000000,4.000000,4.000000,4.000000,4.000000,4.000000,4.000000,4.000000,4.000000,100.000000,,,,,,,,,,,,,,,,,,,,,,,,,,,,,,,,,,,,,,,,,,,,,,,,,,,,,,,,,,,,,,,,,,,,,,,,,,,,,,,,,,,,,,
1676060292.278538,1676060292.279200,2.000000,0.000000,4294.615234,4343.974121,4300.769043,4338.077148,4294.230957,4283.077148,4299.230957,4265.897461,4279.743652,4273.589844,4440.384766,4459.487305,4329.102539,4403.461426,2389.000000,4.000000,85.000000,,,,0.000000,4.000000,4.000000,4.000000,4.000000,4.000000,4.000000,4.000000,4.000000,4.000000,4.000000,4.000000,4.000000,4.000000,4.000000,100.000000,,,,,,,,,,,,,,,,,,,,,,,,,,,,,,,,,,,,,,,,,,,,,,,,,,,,,,,,,,,,,,,,,,,,,,,,,,,,,,,,,,,,,,
1676060292.286346,1676060292.287108,3.000000,0.000000,4306.025879,4362.948730,4324.615234,4350.641113,4301.538574,4291.794922,4317.179688,4291.410156,4306.666504,4288.974121,4463.589844,4489.230957,4350.769043,4421.410156,2444.000000,4.000000,85.000000,,,,0.000000,4.000000,4.000000,4.000000,4.000000,4.000000,4.000000,4.000000,4.000000,4.000000,4.000000,4.000000,4.000000,4.000000,4.000000,100.000000,,,,,,,,,,,,,,,,,,,,,,,,,,,,,,,,,,,,,,,,,,,,,,,,,,,,,,,,,,,,,,,,,,,,,,,,,,,,,,,,,,,,,,
1676060292.294155,1676060292.294917,4.000000,0.000000,4319.871582,4368.974121,4331.282227,4353.333496,4303.205078,4290.769043,4316.922852,4297.948730,4320.000000,4297.179688,4469.230957,4496.794922,4368.461426,4432.692383,2434.000000,4.000000,85.000000,,,,0.000000,4.000000,4.000000,4.000000,4.000000,4.000000,4.000000,4.000000,4.000000,4.000000,4.000000,4.000000,4.000000,4.000000,4.000000,100.000000,,,,,,,,,,,,,,,,,,,,,,,,,,,,,,,,,,,,,,,,,,,,,,,,,,,,,,,,,,,,,,,,,,,,,,,,,,,,,,,,,,,,,,
1676060292.301963,1676060292.302825,5.000000,0.000000,4309.487305,4358.205078,4313.974121,4340.769043,4294.102539,4282.563965,4297.948730,4277.051270,4299.743652,4292.820313,4446.538574,4473.717773,4343.333496,4418.205078,2371.000000,4.000000,85.000000,,,,0.000000,4.000000,4.000000,4.000000,4.000000,4.000000,4.000000,4.000000,4.000000,4.000000,4.000000,4.000000,4.000000,4.000000,4.000000,100.000000,,,,,,,,,,,,,,,,,,,,,,,,,,,,,,,,,,,,,,,,,,,,,,,,,,,,,,,,,,,,,,,,,,,,,,,,,,,,,,,,,,,,,,
1676060292.309771,1676060292.310634,6.000000,0.000000,4298.333496,4355.128418,4315.000000,4341.538574,4294.743652,4282.692383,4294.358887,4270.641113,4292.820313,4286.282227,4441.025879,4470.256348,4332.051270,4415.000000,2221.000000,4.000000,85.000000,,,,0.000000,4.000000,4.000000,4.000000,4.000000,4.000000,4.000000,4.000000,4.000000,4.000000,4.000000,4.000000,4.000000,4.000000,4.000000,100.000000,,,,,,,,,,,,,,,,,,,,,,,,,,,,,,,,,,,,,,,,,,,,,,,,,,,,,,,,,,,,,,,,,,,,,,,,,,,,,,,,,,,,,,
1676060292.317580,1676060292.318542,7.000000,0.000000,4297.051270,4350.000000,4322.692383,4342.436035,4302.179688,4282.563965,4299.102539,4276.282227,4299.230957,4280.128418,4450.000000,4480.512695,4347.307617,4420.384766,2211.000000,4.000000,85.000000,,,,0.000000,4.000000,4.000000,4.000000,4.000000,4.000000,4.000000,4.000000,4.000000,4.000000,4.000000,4.000000,4.000000,4.000000,4.000000,100.000000,,,,,,,,,,,,,,,,,,,,,,,,,,,,,,,,,,,,,,,,,,,,,,,,,,,,,,,,,,,,,,,,,,,,,,,,,,,,,,,,,,,,,,
1676060292.325388,1676060292.326350,8.000000,0.000000,4294.615234,4338.333496,4312.692383,4330.641113,4300.128418,4281.538574,4295.384766,4266.153809,4287.436035,4277.436035,4440.769043,4478.077148,4342.820313,4410.769043,2266.000000,4.000000,85.000000,,,,0.000000,4.000000,4.000000,4.000000,4.000000,4.000000,4.000000,4.000000,4.000000,4.000000,4.000000,4.000000,4.000000,4.000000,4.000000,100.000000,,,,,,,,,,,,,,,,,,,,,,,,,,,,,,,,,,,,,,,,,,,,,,,,,,,,,,,,,,,,,,,,,,,,,,,,,,,,,,,,,,,,,,
1676060292.333197,1676060292.334259,9.000000,0.000000,4294.743652,4339.358887,4304.615234,4330.769043,4299.358887,4284.615234,4298.077148,4261.666504,4279.358887,4276.153809,4428.333496,4468.333496,4328.333496,4402.948730,2236.000000,4.000000,85.000000,,,,0.000000,4.000000,4.000000,4.000000,4.000000,4.000000,4.000000,4.000000,4.000000,4.000000,4.000000,4.000000,4.000000,4.000000,4.000000,100.000000,,,,,,,,,,,,,,,,,,,,,,,,,,,,,,,,,,,,,,,,,,,,,,,,,,,,,,,,,,,,,,,,,,,,,,,,,,,,,,,,,,,,,,
1676060292.341005,1676060292.342067,10.000000,0.000000,4296.538574,4344.615234,4306.794922,4337.307617,4308.333496,4293.974121,4308.205078,4273.589844,4288.589844,4277.563965,4432.179688,4462.051270,4333.717773,4407.179688,2705.000000,4.000000,85.000000,,,,0.000000,4.000000,4.000000,4.000000,4.000000,4.000000,4.000000,4.000000,4.000000,4.000000,4.000000,4.000000,4.000000,4.000000,4.000000,100.000000,,,,,,,,,,,,,,,,,,,,,,,,,,,,,,,,,,,,,,,,,,,,,,,,,,,,,,,,,,,,,,,,,,,,,,,,,,,,,,,,,,,,,,
1676060292.348813,1676060292.349976,11.000000,0.000000,4295.384766,4342.051270,4307.436035,4333.974121,4312.563965,4300.897461,4311.410156,4278.461426,4297.051270,4283.077148,4440.128418,4465.641113,4345.128418,4408.846191,2905.000000,4.000000,85.000000,,,,0.000000,4.000000,4.000000,4.000000,4.000000,4.000000,4.000000,4.000000,4.000000,4.000000,4.000000,4.000000,4.000000,4.000000,4.000000,100.000000,,,,,,,,,,,,,,,,,,,,,,,,,,,,,,,,,,,,,,,,,,,,,,,,,,,,,,,,,,,,,,,,,,,,,,,,,,,,,,,,,,,,,,
1676060292.356622,1676060292.357784,12.000000,0.000000,4299.615234,4344.871582,4313.333496,4336.538574,4313.333496,4300.897461,4315.769043,4281.922852,4303.589844,4292.307617,4450.769043,4477.820313,4355.641113,4415.641113,3096.000000,4.000000,85.000000,,,,0.000000,4.000000,4.000000,4.000000,4.000000,4.000000,4.000000,4.000000,4.000000,4.000000,4.000000,4.000000,4.000000,4.000000,4.000000,100.000000,,,,,,,,,,,,,,,,,,,,,,,,,,,,,,,,,,,,,,,,,,,,,,,,,,,,,,,,,,,,,,,,,,,,,,,,,,,,,,,,,,,,,,
1676060292.364430,1676060292.365493,13.000000,0.000000,4306.410156,4353.461426,4318.846191,4344.358887,4317.563965,4301.666504,4319.230957,4292.948730,4307.051270,4298.589844,4461.025879,4483.205078,4360.128418,4425.897461,3226.000000,4.000000,85.000000,,,,0.000000,4.000000,4.000000,4.000000,4.000000,4.000000,4.000000,4.000000,4.000000,4.000000,4.000000,4.000000,4.000000,4.000000,4.000000,100.000000,,,,,,,,,,,,,,,,,,,,,,,,,,,,,,,,,,,,,,,,,,,,,,,,,,,,,,,,,,,,,,,,,,,,,,,,,,,,,,,,,,,,,,
1676060292.372239,1676060292.373301,14.000000,0.000000,4296.666504,4348.717773,4309.615234,4333.974121,4314.358887,4296.538574,4306.153809,4290.384766,4296.794922,4294.871582,4449.358887,4470.000000,4349.487305,4413.205078,2705.000000,4.000000,85.000000,,,,0.000000,4.000000,4.000000,4.000000,4.000000,4.000000,4.000000,4.000000,4.000000,4.000000,4.000000,4.000000,4.000000,4.000000,4.000000,100.000000,1.000000,25.000000,4.000000,4.000000,1.000000,4.000000,4.000000,3.000000,4.000000,1.000000,4.000000,1.000000,3.000000,1.000000,3.000000,1.000000,0.869273,0.724785,2.349469,1.262836,1.353794,3.747489,1.767446,2.443365,1.228618,1.144632,0.956084,0.633794,3.827719,1.271738,1.232224,1.750308,1.099471,2.504402,0.992537,1.343457,0.587377,0.495889,1.166351,0.564345,0.782551,1.325588,0.617456,1.044686,0.537148,0.570234,1.082605,1.196513,1.622466,0.870268,0.979456,12.917980,2.190055,1.115125,0.937768,1.385098,1.203417,0.579392,1.483325,0.729657,1.298475,0.764328,0.724467,1.405607,0.825871,1.711291,4.264577,1.148157,3.283138,1.296952,2.258834,3.968357,2.021377,4.218310,1.375691,2.247645,5.810032,2.507090,2.066931,1.220652,1.897790,3.680044,1.550186,2.978522,1.299981,2.277904
1676060292.380047,1676060292.381010,15.000000,0.000000,4278.717773,4334.487305,4301.666504,4319.743652,4303.333496,4292.307617,4295.897461,4279.102539,4293.717773,4289.358887,4431.666504,4460.769043,4339.358887,4396.282227,2905.000000,4.000000,85.000000,,,,0.000000,4.000000,4.000000,4.000000,4.000000,4.000000,4.000000,4.000000,4.000000,4.000000,4.000000,4.000000,4.000000,4.000000,4.000000,100.000000,,,,,,,,,,,,,,,,,,,,,,,,,,,,,,,,,,,,,,,,,,,,,,,,,,,,,,,,,,,,,,,,,,,,,,,,,,,,,,,,,,,,,,
1676060292.387855,1676060292.388918,16.000000,0.000000,4281.794922,4324.871582,4301.922852,4316.025879,4299.358887,4294.487305,4302.436035,4280.769043,4301.922852,4288.077148,4434.743652,4466.282227,4338.461426,4399.743652,0.000000,4.000000,85.000000,,,,0.000000,4.000000,4.000000,4.000000,4.000000,4.000000,4.000000,4.000000,4.000000,4.000000,4.000000,4.000000,4.000000,4.000000,4.000000,100.000000,,,,,,,,,,,,,,,,,,,,,,,,,,,,,,,,,,,,,,,,,,,,,,,,,,,,,,,,,,,,,,,,,,,,,,,,,,,,,,,,,,,,,,
1676060292.395664,1676060292.396726,17.000000,0.000000,4284.871582,4312.436035,4292.692383,4303.589844,4295.897461,4285.256348,4295.000000,4273.205078,4288.461426,4277.307617,4427.307617,4456.922852,4329.487305,4396.025879,0.000000,4.000000,85.000000,,,,0.000000,4.000000,4.000000,4.000000,4.000000,4.000000,4.000000,4.000000,4.000000,4.000000,4.000000,4.000000,4.000000,4.000000,4.000000,100.000000,,,,,,,,,,,,,,,,,,,,,,,,,,,,,,,,,,,,,,,,,,,,,,,,,,,,,,,,,,,,,,,,,,,,,,,,,,,,,,,,,,,,,,
1676060292.403472,1676060292.404535,18.000000,0.000000,4272.692383,4306.410156,4282.563965,4296.410156,4288.461426,4276.282227,4279.871582,4255.897461,4271.666504,4266.282227,4406.410156,4437.820313,4316.025879,4380.897461,0.000000,4.000000,85.000000,,,,0.000000,4.000000,4.000000,4.000000,4.000000,4.000000,4.000000,4.000000,4.000000,4.000000,4.000000,4.000000,4.000000,4.000000,4.000000,100.000000,,,,,,,,,,,,,,,,,,,,,,,,,,,,,,,,,,,,,,,,,,,,,,,,,,,,,,,,,,,,,,,,,,,,,,,,,,,,,,,,,,,,,,
1676060292.411280,1676060292.412243,19.000000,0.000000,4291.410156,4335.769043,4303.589844,4322.436035,4303.205078,4300.512695,4302.692383,4270.384766,4294.871582,4273.717773,4428.333496,4458.205078,4340.256348,4403.846191,0.000000,4.000000,85.000000,,,,0.000000,4.000000,4.000000,4.000000,4.000000,4.000000,4.000000,4.000000,4.000000,4.000000,4.000000,4.000000,4.000000,4.000000,4.000000,100.000000,,,,,,,,,,,,,,,,,,,,,,,,,,,,,,,,,,,,,,,,,,,,,,,,,,,,,,,,,,,,,,,,,,,,,,,,,,,,,,,,,,,,,,
1676060292.419089,1676060292.420052,20.000000,0.000000,4323.589844,4361.922852,4325.641113,4345.641113,4323.205078,4324.871582,4325.897461,4292.948730,4318.717773,4284.871582,4461.153809,4488.717773,4371.538574,4438.461426,0.000000,4.000000,85.000000,,,,0.000000,4.000000,4.000000,4.000000,4.000000,4.000000,4.000000,4.000000,4.000000,4.000000,4.000000,4.000000,4.000000,4.000000,4.000000,100.000000,,,,,,,,,,,,,,,,,,,,,,,,,,,,,,,,,,,,,,,,,,,,,,,,,,,,,,,,,,,,,,,,,,,,,,,,,,,,,,,,,,,,,,
1676060292.426897,1676060292.427760,21.000000,0.000000,4300.769043,4336.538574,4302.948730,4323.077148,4305.512695,4307.948730,4298.461426,4272.436035,4293.461426,4277.179688,4432.179688,4462.179688,4347.820313,4414.871582,0.000000,4.000000,85.000000,,,,0.000000,4.000000,4.000000,4.000000,4.000000,4.000000,4.000000,4.000000,4.000000,4.000000,4.000000,4.000000,4.000000,4.000000,4.000000,100.000000,,,,,,,,,,,,,,,,,,,,,,,,,,,,,,,,,,,,,,,,,,,,,,,,,,,,,,,,,,,,,,,,,,,,,,,,,,,,,,,,,,,,,,
1676060292.434705,1676060292.435569,22.000000,0.000000,4268.461426,4311.282227,4282.051270,4300.384766,4286.922852,4293.974121,4276.666504,4255.256348,4271.410156,4269.358887,4402.948730,4433.461426,4321.922852,4387.436035,0.000000,4.000000,85.000000,,,,0.000000,4.000000,4.000000,4.000000,4.000000,4.000000,4.000000,4.000000,4.000000,4.000000,4.000000,4.000000,4.000000,4.000000,4.000000,100.000000,,,,,,,,,,,,,,,,,,,,,,,,,,,,,,,,,,,,,,,,,,,,,,,,,,,,,,,,,,,,,,,,,,,,,,,,,,,,,,,,,,,,,,
1676060292.442514,1676060292.443277,23.000000,0.000000,4291.282227,4324.871582,4298.205078,4315.128418,4301.025879,4312.948730,4301.025879,4279.102539,4297.307617,4286.922852,4433.333496,4457.051270,4345.384766,4410.641113,0.000000,4.000000,85.000000,,,,0.000000,4.000000,4.000000,4.000000,4.000000,4.000000,4.000000,4.000000,4.000000,4.000000,4.000000,4.000000,4.000000,4.000000,4.000000,100.000000,,,,,,,,,,,,,,,,,,,,,,,,,,,,,,,,,,,,,,,,,,,,,,,,,,,,,,,,,,,,,,,,,,,,,,,,,,,,,,,,,,,,,,
1676060292.450322,1676060292.451086,24.000000,0.000000,4312.179688,4332.307617,4306.538574,4324.487305,4306.153809,4329.487305,4315.512695,4290.897461,4311.922852,4298.333496,4452.051270,4473.717773,4362.307617,4425.641113,0.000000,4.000000,85.000000,,,,0.000000,4.000000,4.000000,4.000000,4.000000,4.000000,4.000000,4.000000,4.000000,4.000000,4.000000,4.000000,4.000000,4.000000,4.000000,100.000000,,,,,,,,,,,,,,,,,,,,,,,,,,,,,,,,,,,,,,,,,,,,,,,,,,,,,,,,,,,,,,,,,,,,,,,,,,,,,,,,,,,,,,
1676060292.458131,1676060292.458794,25.000000,0.000000,4297.051270,4321.538574,4292.563965,4312.692383,4292.307617,4319.743652,4296.153809,4274.743652,4292.179688,4281.794922,4429.102539,4458.589844,4345.769043,4411.922852,0.000000,4.000000,85.000000,,,,0.000000,4.000000,4.000000,4.000000,4.000000,4.000000,4.000000,4.000000,4.000000,4.000000,4.000000,4.000000,4.000000,4.000000,4.000000,100.000000,,,,,,,,,,,,,,,,,,,,,,,,,,,,,,,,,,,,,,,,,,,,,,,,,,,,,,,,,,,,,,,,,,,,,,,,,,,,,,,,,,,,,,
1676060292.465939,1676060292.466603,26.000000,0.000000,4300.128418,4332.436035,4302.820313,4320.384766,4298.717773,4313.974121,4294.230957,4278.589844,4295.000000,4283.846191,4434.487305,4462.948730,4353.717773,4419.102539,0.000000,4.000000,85.000000,,,,0.000000,4.000000,4.000000,4.000000,4.000000,4.000000,4.000000,4.000000,4.000000,4.000000,4.000000,4.000000,4.000000,4.000000,4.000000,100.000000,,,,,,,,,,,,,,,,,,,,,,,,,,,,,,,,,,,,,,,,,,,,,,,,,,,,,,,,,,,,,,,,,,,,,,,,,,,,,,,,,,,,,,
1676060292.473747,1676060292.474311,27.000000,0.000000,4322.948730,4354.358887,4328.974121,4342.563965,4315.128418,4328.333496,4312.692383,4291.538574,4314.871582,4303.077148,4463.717773,4483.974121,4376.666504,4440.128418,0.000000,4.000000,85.000000,,,,0.000000,4.000000,4.000000,4.000000,4.000000,4.000000,4.000000,4.000000,4.000000,4.000000,4.000000,4.000000,4.000000,4.000000,4.000000,100.000000,,,,,,,,,,,,,,,,,,,,,,,,,,,,,,,,,,,,,,,,,,,,,,,,,,,,,,,,,,,,,,,,,,,,,,,,,,,,,,,,,,,,,,
1676060292.481556,1676060292.482220,28.000000,0.000000,4325.128418,4344.743652,4328.205078,4339.487305,4315.000000,4329.102539,4309.102539,4282.948730,4305.000000,4290.256348,4456.410156,4477.051270,4370.384766,4435.256348,0.000000,4.000000,85.000000,,,,0.000000,4.000000,4.000000,4.000000,4.000000,4.000000,4.000000,4.000000,4.000000,4.000000,4.000000,4.000000,4.000000,4.000000,4.000000,100.000000,,,,,,,,,,,,,,,,,,,,,,,,,,,,,,,,,,,,,,,,,,,,,,,,,,,,,,,,,,,,,,,,,,,,,,,,,,,,,,,,,,,,,,
1676060292.489364,1676060292.490028,29.000000,0.000000,4308.461426,4322.179688,4311.153809,4322.179688,4305.512695,4314.358887,4293.077148,4273.974121,4289.487305,4269.743652,4439.230957,4457.948730,4354.230957,4418.333496,0.000000,4.000000,85.000000,,,,0.000000,4.000000,4.000000,4.000000,4.000000,4.000000,4.000000,4.000000,4.000000,4.000000,4.000000,4.000000,4.000000,4.000000,4.000000,100.000000,,,,,,,,,,,,,,,,,,,,,,,,,,,,,,,,,,,,,,,,,,,,,,,,,,,,,,,,,,,,,,,,,,,,,,,,,,,,,,,,,,,,,,
1676060292.497172,1676060292.497937,30.000000,0.000000,4299.743652,4328.205078,4309.102539,4324.230957,4305.512695,4314.358887,4297.692383,4281.538574,4299.487305,4286.282227,4453.974121,4461.410156,4356.410156,4421.666504,0.000000,4.000000,85.000000,,,,0.000000,4.000000,4.000000,4.000000,4.000000,4.000000,4.000000,4.000000,4.000000,4.000000,4.000000,4.000000,4.000000,4.000000,4.000000,100.000000,,,,,,,,,,,,,,,,,0.814886,0.765496,2.263452,1.377575,1.483406,5.686993,2.550862,2.603575,1.412835,1.155827,0.997771,0.664991,3.733001,1.364903,1.323976,2.368742,1.437567,2.547017,1.201173,1.404089,0.684360,0.652122,1.133352,0.671740,0.818419,1.132695,0.710530,1.170240,0.614136,0.577179,1.056937,1.110040,1.748977,1.022158,1.045646,8.460465,1.792004,1.027270,1.090712,1.428224,1.305925,0.434187,1.206253,0.892006,1.390829,0.910481,0.714015,1.181581,0.986353,1.834502,4.653745,1.163516,2.701509,1.445035,2.342757,3.864353,2.096027,3.794594,1.620687,2.327611,8.389285,3.632632,1.541777,1.329494,2.020038,4.108329,1.919028,2.600828,1.437713,2.427740
1676060292.504981,1676060292.505745,31.000000,0.000000,4300.512695,4341.922852,4316.025879,4329.230957,4309.230957,4322.307617,4306.922852,4286.282227,4307.307617,4299.102539,4462.692383,4467.692383,4361.538574,4430.000000,0.000000,4.000000,85.000000,,,,0.000000,4.000000,4.000000,4.000000,4.000000,4.000000,4.000000,4.000000,4.000000,4.000000,4.000000,4.000000,4.000000,4.000000,4.000000,100.000000,,,,,,,,,,,,,,,,,,,,,,,,,,,,,,,,,,,,,,,,,,,,,,,,,,,,,,,,,,,,,,,,,,,,,,,,,,,,,,,,,,,,,,
1676060292.512789,1676060292.513653,32.000000,0.000000,4296.794922,4326.922852,4305.641113,4315.256348,4301.538574,4319.358887,4296.922852,4275.641113,4293.846191,4279.358887,4434.230957,4451.153809,4342.820313,4409.358887,0.000000,4.000000,85.000000,,,,0.000000,4.000000,4.000000,4.000000,4.000000,4.000000,4.000000,4.000000,4.000000,4.000000,4.000000,4.000000,4.000000,4.000000,4.000000,100.000000,,,,,,,,,,,,,,,,,,,,,,,,,,,,,,,,,,,,,,,,,,,,,,,,,,,,,,,,,,,,,,,,,,,,,,,,,,,,,,,,,,,,,,
1676060292.520598,1676060292.521462,33.000000,0.000000,4294.871582,4317.307617,4292.948730,4309.358887,4300.256348,4316.794922,4294.615234,4275.000000,4290.512695,4270.000000,4418.974121,4446.794922,4335.128418,4394.487305,0.000000,4.000000,85.000000,,,,0.000000,4.000000,4.000000,4.000000,4.000000,4.000000,4.000000,4.000000,4.000000,4.000000,4.000000,4.000000,4.000000,4.000000,4.000000,100.000000,,,,,,,,,,,,,,,,,,,,,,,,,,,,,,,,,,,,,,,,,,,,,,,,,,,,,,,,,,,,,,,,,,,,,,,,,,,,,,,,,,,,,,
1676060292.528406,1676060292.529370,34.000000,0.000000,4292.436035,4327.436035,4293.333496,4316.794922,4306.282227,4314.615234,4301.025879,4280.000000,4294.743652,4278.846191,4431.794922,4454.487305,4345.256348,4407.563965,0.000000,4.000000,85.000000,,,,0.000000,4.000000,4.000000,4.000000,4.000000,4.000000,4.000000,4.000000,4.000000,4.000000,4.000000,4.000000,4.000000,4.000000,4.000000,100.000000,,,,,,,,,,,,,,,,,,,,,,,,,,,,,,,,,,,,,,,,,,,,,,,,,,,,,,,,,,,,,,,,,,,,,,,,,,,,,,,,,,,,,,
1676060292.536214,1676060292.537179,35.000000,0.000000,4288.077148,4326.922852,4293.974121,4312.051270,4302.051270,4308.589844,4293.205078,4267.307617,4283.846191,4271.538574,4429.871582,4445.384766,4343.717773,4412.179688,0.000000,4.000000,85.000000,,,,0.000000,4.000000,4.000000,4.000000,4.000000,4.000000,4.000000,4.000000,4.000000,4.000000,4.000000,4.000000,4.000000,4.000000,4.000000,100.000000,,,,,,,,,,,,,,,,,,,,,,,,,,,,,,,,,,,,,,,,,,,,,,,,,,,,,,,,,,,,,,,,,,,,,,,,,,,,,,,,,,,,,,
1676060292.544023,1676060292.545087,36.000000,0.000000,4301.282227,4329.743652,4302.948730,4314.102539,4301.922852,4309.743652,4295.256348,4266.410156,4285.769043,4261.025879,4432.179688,4452.179688,4351.410156,4415.384766,0.000000,4.000000,85.000000,,,,0.000000,4.000000,4.000000,4.000000,4.000000,4.000000,4.000000,4.000000,4.000000,4.000000,4.000000,4.000000,4.000000,4.000000,4.000000,100.000000,,,,,,,,,,,,,,,,,,,,,,,,,,,,,,,,,,,,,,,,,,,,,,,,,,,,,,,,,,,,,,,,,,,,,,,,,,,,,,,,,,,,,,
1676060292.551831,1676060292.552895,37.000000,0.000000,4321.282227,4346.922852,4321.153809,4334.871582,4314.487305,4313.717773,4310.769043,4286.282227,4314.230957,4285.512695,4458.077148,4481.153809,4374.487305,4439.358887,0.000000,4.000000,85.000000,,,,0.000000,4.000000,4.000000,4.000000,4.000000,4.000000,4.000000,4.000000,4.000000,4.000000,4.000000,4.000000,4.000000,4.000000,4.000000,100.000000,,,,,,,,,,,,,,,,,,,,,,,,,,,,,,,,,,,,,,,,,,,,,,,,,,,,,,,,,,,,,,,,,,,,,,,,,,,,,,,,,,,,,,
1676060292.559640,1676060292.560604,38.000000,0.000000,4320.897461,4348.077148,4325.384766,4335.769043,4315.641113,4314.230957,4307.820313,4289.871582,4322.692383,4307.563965,4465.384766,4480.897461,4377.051270,4450.512695,0.000000,4.000000,85.000000,,,,0.000000,4.000000,4.000000,4.000000,4.000000,4.000000,4.000000,4.000000,4.000000,4.000000,4.000000,4.000000,4.000000,4.000000,4.000000,100.000000,,,,,,,,,,,,,,,,,,,,,,,,,,,,,,,,,,,,,,,,,,,,,,,,,,,,,,,,,,,,,,,,,,,,,,,,,,,,,,,,,,,,,,
1676060292.567448,1676060292.568412,39.000000,0.000000,4312.051270,4331.025879,4312.948730,4313.461426,4302.051270,4309.871582,4296.153809,4274.102539,4300.512695,4291.153809,4440.256348,4458.589844,4356.025879,4432.563965,0.000000,4.000000,85.000000,,,,0.000000,4.000000,4.000000,4.000000,4.000000,4.000000,4.000000,4.000000,4.000000,4.000000,4.000000,4.000000,4.000000,4.000000,4.000000,100.000000,,,,,,,,,,,,,,,,,,,,,,,,,,,,,,,,,,,,,,,,,,,,,,,,,,,,,,,,,,,,,,,,,,,,,,,,,,,,,,,,,,,,,,
1676060292.575256,1676060292.576121,40.000000,0.000000,4309.871582,4320.128418,4305.641113,4310.512695,4296.666504,4301.410156,4295.128418,4269.230957,4293.077148,4274.358887,4427.051270,4453.846191,4345.000000,4418.717773,0.000000,4.000000,85.000000,,,,0.000000,4.000000,4.000000,4.000000,4.000000,4.000000,4.000000,4.000000,4.000000,4.000000,4.000000,4.000000,4.000000,4.000000,4.000000,100.000000,,,,,,,,,,,,,,,,,,,,,,,,,,,,,,,,,,,,,,,,,,,,,,,,,,,,,,,,,,,,,,,,,,,,,,,,,,,,,,,,,,,,,,
1676060292.583065,1676060292.583929,41.000000,0.000000,4299.487305,4318.461426,4296.025879,4312.051270,4292.436035,4293.589844,4286.153809,4267.051270,4296.025879,4269.230957,4431.922852,4450.384766,4346.666504,4416.794922,0.000000,4.000000,85.000000,,,,0.000000,4.000000,4.000000,4.000000,4.000000,4.000000,4.000000,4.000000,4.000000,4.000000,4.000000,4.000000,4.000000,4.000000,4.000000,100.000000,,,,,,,,,,,,,,,,,,,,,,,,,,,,,,,,,,,,,,,,,,,,,,,,,,,,,,,,,,,,,,,,,,,,,,,,,,,,,,,,,,,,,,
1676060292.590873,1676060292.591638,42.000000,0.000000,4291.282227,4314.230957,4283.077148,4297.563965,4287.051270,4289.615234,4272.820313,4257.948730,4288.077148,4262.307617,4419.871582,4438.589844,4339.230957,4407.948730,0.000000,4.000000,85.000000,,,,0.000000,4.000000,4.000000,4.000000,4.000000,4.000000,4.000000,4.000000,4.000000,4.000000,4.000000,4.000000,4.000000,4.000000,4.000000,100.000000,,,,,,,,,,,,,,,,,,,,,,,,,,,,,,,,,,,,,,,,,,,,,,,,,,,,,,,,,,,,,,,,,,,,,,,,,,,,,,,,,,,,,,
1676060292.598682,1676060292.599446,43.000000,0.000000,4310.000000,4319.358887,4300.512695,4307.179688,4300.641113,4300.384766,4292.436035,4268.461426,4298.717773,4268.333496,4418.589844,4454.487305,4339.487305,4412.436035,0.000000,4.000000,85.000000,,,,0.000000,4.000000,4.000000,4.000000,4.000000,4.000000,4.000000,4.000000,4.000000,4.000000,4.000000,4.000000,4.000000,4.000000,4.000000,100.000000,,,,,,,,,,,,,,,,,,,,,,,,,,,,,,,,,,,,,,,,,,,,,,,,,,,,,,,,,,,,,,,,,,,,,,,,,,,,,,,,,,,,,,
1676060292.606490,1676060292.607155,44.000000,0.000000,4339.487305,4340.000000,4337.179688,4340.512695,4319.230957,4318.333496,4320.897461,4292.436035,4326.922852,4291.153809,4458.974121,4492.051270,4376.153809,4456.282227,0.000000,4.000000,85.000000,,,,0.000000,4.000000,4.000000,4.000000,4.000000,4.000000,4.000000,4.000000,4.000000,4.000000,4.000000,4.000000,4.000000,4.000000,4.000000,100.000000,,,,,,,,,,,,,,,,,,,,,,,,,,,,,,,,,,,,,,,,,,,,,,,,,,,,,,,,,,,,,,,,,,,,,,,,,,,,,,,,,,,,,,
1676060292.614298,1676060292.614963,45.000000,0.000000,4349.487305,4344.230957,4341.922852,4342.436035,4317.692383,4319.487305,4317.820313,4290.128418,4327.948730,4300.384766,4482.563965,4500.384766,4409.358887,4485.512695,0.000000,4.000000,85.000000,,,,0.000000,4.000000,4.000000,4.000000,4.000000,4.000000,4.000000,4.000000,4.000000,4.000000,4.000000,4.000000,4.000000,4.000000,4.000000,100.000000,,,,,,,,,,,,,,,,,,,,,,,,,,,,,,,,,,,,,,,,,,,,,,,,,,,,,,,,,,,,,,,,,,,,,,,,,,,,,,,,,,,,,,
1676060292.622107,1676060292.622672,46.000000,0.000000,4334.230957,4317.948730,4314.743652,4316.282227,4305.897461,4309.615234,4301.410156,4264.871582,4304.230957,4284.615234,4452.179688,4475.384766,4389.358887,4455.897461,0.000000,4.000000,85.000000,,,,0.000000,4.000000,4.000000,4.000000,4.000000,4.000000,4.000000,4.000000,4.000000,4.000000,4.000000,4.000000,4.000000,4.000000,4.000000,100.000000,,,,,,,,,,,,,,,,,0.860375,0.821469,2.178543,1.561895,1.615405,7.793976,3.277168,2.718467,1.658046,1.193518,1.029371,0.698387,3.557554,1.509670,1.423616,3.153291,1.761978,2.555226,1.466546,1.446227,0.819068,0.839496,1.090942,0.825212,0.853267,0.910046,0.812882,1.217234,0.701358,0.594713,0.914553,0.997780,1.788723,1.171341,1.108744,4.528231,1.401494,1.033899,1.284335,1.471932,1.424936,0.329990,1.038661,1.079564,1.483430,1.059643,0.698149,1.083152,1.185298,1.943987,5.073806,1.194123,2.224448,1.677586,2.402202,3.953442,2.166135,3.385422,1.953029,2.398761,10.833399,4.713583,1.122703,1.533848,2.163635,4.566899,2.231605,2.247519,1.687518,2.551291
1676060292.629915,1676060292.630580,47.000000,0.000000,4326.538574,4303.205078,4307.051270,4310.897461,4303.077148,4308.974121,4301.538574,4264.230957,4303.333496,4281.794922,4439.615234,4468.333496,4371.794922,4438.974121,0.000000,4.000000,85.000000,,,,0.000000,4.000000,4.000000,4.000000,4.000000,4.000000,4.000000,4.000000,4.000000,4.000000,4.000000,4.000000,4.000000,4.000000,4.000000,100.000000,,,,,,,,,,,,,,,,,,,,,,,,,,,,,,,,,,,,,,,,,,,,,,,,,,,,,,,,,,,,,,,,,,,,,,,,,,,,,,,,,,,,,,
1676060292.637723,1676060292.638389,48.000000,0.000000,4340.512695,4310.512695,4323.333496,4318.974121,4305.256348,4310.128418,4310.641113,4285.256348,4317.179688,4301.153809,4476.153809,4487.436035,4403.589844,4471.025879,0.000000,4.000000,85.000000,,,,0.000000,4.000000,4.000000,4.000000,4.000000,4.000000,4.000000,4.000000,4.000000,4.000000,4.000000,4.000000,4.000000,4.000000,4.000000,100.000000,,,,,,,,,,,,,,,,,,,,,,,,,,,,,,,,,,,,,,,,,,,,,,,,,,,,,,,,,,,,,,,,,,,,,,,,,,,,,,,,,,,,,,
1676060292.645532,1676060292.646197,49.000000,0.000000,4343.717773,4301.410156,4327.179688,4313.717773,4304.871582,4303.461426,4307.179688,4287.692383,4318.205078,4310.000000,4493.589844,4497.436035,4427.820313,4487.051270,0.000000,4.000000,85.000000,,,,0.000000,4.000000,4.000000,4.000000,4.000000,4.000000,4.000000,4.000000,4.000000,4.000000,4.000000,4.000000,4.000000,4.000000,4.000000,100.000000,,,,,,,,,,,,,,,,,,,,,,,,,,,,,,,,,,,,,,,,,,,,,,,,,,,,,,,,,,,,,,,,,,,,,,,,,,,,,,,,,,,,,,
1676060292.653340,1676060292.653906,50.000000,0.000000,4330.512695,4274.358887,4310.256348,4302.563965,4300.641113,4298.846191,4296.410156,4279.102539,4312.436035,4297.307617,4478.974121,4489.487305,4415.641113,4469.743652,0.000000,4.000000,85.000000,,,,0.000000,4.000000,4.000000,4.000000,4.000000,4.000000,4.000000,4.000000,4.000000,4.000000,4.000000,4.000000,4.000000,4.000000,4.000000,100.000000,,,,,,,,,,,,,,,,,,,,,,,,,,,,,,,,,,,,,,,,,,,,,,,,,,,,,,,,,,,,,,,,,,,,,,,,,,,,,,,,,,,,,,
1676060292.661149,1676060292.661714,51.000000,0.000000,4315.128418,4252.436035,4293.974121,4288.717773,4290.512695,4293.333496,4289.871582,4274.615234,4302.051270,4281.666504,4471.538574,4473.077148,4402.692383,4455.000000,0.000000,4.000000,85.000000,,,,0.000000,4.000000,4.000000,4.000000,4.000000,4.000000,4.000000,4.000000,4.000000,4.000000,4.000000,4.000000,4.000000,4.000000,4.000000,100.000000,,,,,,,,,,,,,,,,,,,,,,,,,,,,,,,,,,,,,,,,,,,,,,,,,,,,,,,,,,,,,,,,,,,,,,,,,,,,,,,,,,,,,,
1676060292.668957,1676060292.669423,52.000000,0.000000,4311.666504,4258.205078,4303.077148,4290.641113,4288.717773,4291.282227,4292.563965,4275.256348,4295.897461,4279.487305,4479.230957,4474.230957,4411.666504,4459.230957,0.000000,4.000000,85.000000,,,,0.000000,4.000000,4.000000,4.000000,4.000000,4.000000,4.000000,4.000000,4.000000,4.000000,4.000000,4.000000,4.000000,4.000000,4.000000,100.000000,,,,,,,,,,,,,,,,,,,,,,,,,,,,,,,,,,,,,,,,,,,,,,,,,,,,,,,,,,,,,,,,,,,,,,,,,,,,,,,,,,,,,,
1676060292.676765,1676060292.677331,53.000000,0.000000,4324.230957,4286.153809,4321.153809,4315.128418,4298.077148,4300.128418,4301.153809,4281.153809,4306.794922,4288.077148,4483.461426,4493.077148,4423.077148,4468.717773,0.000000,4.000000,85.000000,,,,0.000000,4.000000,4.000000,4.000000,4.000000,4.000000,4.000000,4.000000,4.000000,4.000000,4.000000,4.000000,4.000000,4.000000,4.000000,100.000000,,,,,,,,,,,,,,,,,,,,,,,,,,,,,,,,,,,,,,,,,,,,,,,,,,,,,,,,,,,,,,,,,,,,,,,,,,,,,,,,,,,,,,
1676060292.684574,1676060292.685139,54.000000,0.000000,4333.077148,4297.948730,4318.077148,4330.256348,4305.512695,4307.179688,4305.641113,4281.410156,4316.922852,4300.000000,4473.974121,4493.333496,4411.666504,4464.487305,0.000000,4.000000,85.000000,,,,0.000000,4.000000,4.000000,4.000000,4.000000,4.000000,4.000000,4.000000,4.000000,4.000000,4.000000,4.000000,4.000000,4.000000,4.000000,100.000000,,,,,,,,,,,,,,,,,,,,,,,,,,,,,,,,,,,,,,,,,,,,,,,,,,,,,,,,,,,,,,,,,,,,,,,,,,,,,,,,,,,,,,
1676060292.692382,1676060292.693048,55.000000,0.000000,4321.922852,4292.051270,4298.717773,4325.512695,4299.358887,4301.666504,4300.641113,4269.487305,4305.897461,4297.051270,4454.358887,4472.436035,4386.666504,4446.025879,0.000000,4.000000,85.000000,,,,0.000000,4.000000,4.000000,4.000000,4.000000,4.000000,4.000000,4.000000,4.000000,4.000000,4.000000,4.000000,4.000000,4.000000,4.000000,100.000000,,,,,,,,,,,,,,,,,,,,,,,,,,,,,,,,,,,,,,,,,,,,,,,,,,,,,,,,,,,,,,,,,,,,,,,,,,,,,,,,,,,,,,
1676060292.700190,1676060292.700856,56.000000,0.000000,4305.641113,4292.692383,4284.615234,4325.384766,4283.974121,4293.333496,4293.461426,4260.769043,4295.256348,4285.897461,4435.641113,4459.230957,4366.538574,4424.487305,0.000000,4.000000,85.000000,,,,0.000000,4.000000,4.000000,4.000000,4.000000,4.000000,4.000000,4.000000,4.000000,4.000000,4.000000,4.000000,4.000000,4.000000,4.000000,100.000000,,,,,,,,,,,,,,,,,,,,,,,,,,,,,,,,,,,,,,,,,,,,,,,,,,,,,,,,,,,,,,,,,,,,,,,,,,,,,,,,,,,,,,
1676060292.707999,1676060292.708765,57.000000,0.000000,4303.077148,4296.410156,4278.461426,4327.307617,4282.051270,4294.102539,4293.974121,4262.307617,4296.153809,4278.333496,4425.897461,4459.615234,4350.000000,4410.769043,0.000000,4.000000,85.000000,,,,0.000000,4.000000,4.000000,4.000000,4.000000,4.000000,4.000000,4.000000,4.000000,4.000000,4.000000,4.000000,4.000000,4.000000,4.000000,100.000000,,,,,,,,,,,,,,,,,,,,,,,,,,,,,,,,,,,,,,,,,,,,,,,,,,,,,,,,,,,,,,,,,,,,,,,,,,,,,,,,,,,,,,
1676060292.715807,1676060292.716573,58.000000,0.000000,4305.000000,4296.282227,4279.358887,4323.717773,4288.205078,4295.384766,4291.538574,4262.820313,4289.743652,4268.205078,4421.922852,4464.743652,4347.179688,4412.948730,0.000000,4.000000,85.000000,,,,0.000000,4.000000,4.000000,4.000000,4.000000,4.000000,4.000000,4.000000,4.000000,4.000000,4.000000,4.000000,4.000000,4.000000,4.000000,100.000000,,,,,,,,,,,,,,,,,,,,,,,,,,,,,,,,,,,,,,,,,,,,,,,,,,,,,,,,,,,,,,,,,,,,,,,,,,,,,,,,,,,,,,
1676060292.723616,1676060292.724481,59.000000,0.000000,4308.717773,4304.743652,4290.897461,4336.538574,4293.077148,4295.128418,4290.641113,4266.538574,4288.974121,4271.666504,4429.230957,4480.128418,4364.358887,4426.922852,0.000000,4.000000,85.000000,,,,0.000000,4.000000,4.000000,4.000000,4.000000,4.000000,4.000000,4.000000,4.000000,4.000000,4.000000,4.000000,4.000000,4.000000,4.000000,100.000000,,,,,,,,,,,,,,,,,,,,,,,,,,,,,,,,,,,,,,,,,,,,,,,,,,,,,,,,,,,,,,,,,,,,,,,,,,,,,,,,,,,,,,
1676060292.731424,1676060292.732290,60.000000,0.000000,4311.922852,4312.563965,4298.717773,4349.230957,4297.307617,4295.000000,4293.846191,4272.307617,4293.461426,4275.897461,4441.794922,4494.615234,4375.256348,4433.333496,0.000000,4.000000,85.000000,,,,0.000000,4.000000,4.000000,4.000000,4.000000,4.000000,4.000000,4.000000,4.000000,4.000000,4.000000,4.000000,4.000000,4.000000,4.000000,100.000000,,,,,,,,,,,,,,,,,,,,,,,,,,,,,,,,,,,,,,,,,,,,,,,,,,,,,,,,,,,,,,,,,,,,,,,,,,,,,,,,,,,,,,
1676060292.739232,1676060292.740098,61.000000,0.000000,4309.102539,4303.589844,4297.692383,4336.794922,4288.974121,4285.897461,4285.512695,4266.922852,4285.641113,4265.256348,4440.384766,4487.436035,4366.666504,4424.487305,0.000000,4.000000,85.000000,,,,0.000000,4.000000,4.000000,4.000000,4.000000,4.000000,4.000000,4.000000,4.000000,4.000000,4.000000,4.000000,4.000000,4.000000,4.000000,100.000000,,,,,,,,,,,,,,,,,,,,,,,,,,,,,,,,,,,,,,,,,,,,,,,,,,,,,,,,,,,,,,,,,,,,,,,,,,,,,,,,,,,,,,
1676060292.747041,1676060292.747907,62.000000,0.000000,4302.307617,4288.717773,4292.692383,4323.077148,4277.948730,4278.717773,4276.666504,4260.000000,4275.769043,4266.153809,4437.436035,4476.282227,4362.179688,4417.179688,0.000000,4.000000,85.000000,,,,0.000000,4.000000,4.000000,4.000000,4.000000,4.000000,4.000000,4.000000,4.000000,4.000000,4.000000,4.000000,4.000000,4.000000,4.000000,100.000000,,,,,,,,,,,,,,,,,1.017005,0.864488,2.068588,1.765945,1.702174,9.807263,3.746051,2.722815,1.902100,1.220771,1.065619,0.700239,3.295823,1.661170,1.491330,3.984902,1.959779,2.463452,1.726916,1.437635,1.005723,1.003690,1.035241,0.987156,0.861580,0.730186,0.900937,1.169118,0.774517,0.613221,0.708710,0.869553,1.730576,1.272449,1.148208,2.003206,1.092918,1.148812,1.472420,1.492066,1.489086,0.275976,0.978989,1.257384,1.546796,1.172456,0.699400,1.097284,1.383306,1.992774,5.507637,1.282283,1.965824,1.936020,2.397965,4.174617,2.225703,3.066222,2.275962,2.418421,12.434545,5.493373,0.912762,1.777772,2.276925,4.904258,2.445171,1.994971,1.994744,2.596071
1676060292.754849,1676060292.755615,63.000000,0.000000,4304.871582,4292.948730,4296.922852,4328.846191,4285.769043,4288.333496,4286.922852,4268.846191,4289.487305,4289.102539,4467.436035,4491.538574,4378.717773,4428.333496,0.000000,4.000000,85.000000,,,,0.000000,4.000000,4.000000,4.000000,4.000000,4.000000,4.000000,4.000000,4.000000,4.000000,4.000000,4.000000,4.000000,4.000000,4.000000,100.000000,,,,,,,,,,,,,,,,,,,,,,,,,,,,,,,,,,,,,,,,,,,,,,,,,,,,,,,,,,,,,,,,,,,,,,,,,,,,,,,,,,,,,,
1676060292.762658,1676060292.763424,64.000000,0.000000,4316.410156,4301.025879,4308.333496,4335.641113,4298.589844,4297.820313,4297.563965,4282.179688,4306.538574,4305.641113,4515.000000,4515.384766,4397.692383,4448.077148,2528.000000,4.000000,85.000000,,,,0.000000,4.000000,4.000000,4.000000,4.000000,4.000000,4.000000,4.000000,4.000000,4.000000,4.000000,4.000000,4.000000,4.000000,4.000000,100.000000,,,,,,,,,,,,,,,,,,,,,,,,,,,,,,,,,,,,,,,,,,,,,,,,,,,,,,,,,,,,,,,,,,,,,,,,,,,,,,,,,,,,,,
1676060292.770466,1676060292.771132,65.000000,0.000000,4313.077148,4290.128418,4307.436035,4329.102539,4295.128418,4290.769043,4293.974121,4280.128418,4304.487305,4299.487305,4537.307617,4510.897461,4401.922852,4450.128418,2484.000000,4.000000,85.000000,,,,0.000000,4.000000,4.000000,4.000000,4.000000,4.000000,4.000000,4.000000,4.000000,4.000000,4.000000,4.000000,4.000000,4.000000,4.000000,100.000000,,,,,,,,,,,,,,,,,,,,,,,,,,,,,,,,,,,,,,,,,,,,,,,,,,,,,,,,,,,,,,,,,,,,,,,,,,,,,,,,,,,,,,
1676060292.778274,1676060292.778941,66.000000,0.000000,4299.743652,4278.589844,4293.846191,4320.256348,4287.820313,4289.102539,4291.922852,4270.128418,4298.077148,4291.538574,4543.974121,4494.487305,4399.230957,4439.358887,2409.000000,4.000000,85.000000,,,,0.000000,4.000000,4.000000,4.000000,4.000000,4.000000,4.000000,4.000000,4.000000,4.000000,4.000000,4.000000,4.000000,4.000000,4.000000,100.000000,,,,,,,,,,,,,,,,,,,,,,,,,,,,,,,,,,,,,,,,,,,,,,,,,,,,,,,,,,,,,,,,,,,,,,,,,,,,,,,,,,,,,,
1676060292.786083,1676060292.786649,67.000000,0.000000,4293.589844,4271.153809,4280.128418,4311.410156,4281.025879,4292.692383,4290.641113,4261.666504,4288.077148,4277.692383,4539.230957,4487.051270,4387.179688,4428.846191,2483.000000,4.000000,85.000000,,,,0.000000,4.000000,4.000000,4.000000,4.000000,4.000000,4.000000,4.000000,4.000000,4.000000,4.000000,4.000000,4.000000,4.000000,4.000000,100.000000,,,,,,,,,,,,,,,,,,,,,,,,,,,,,,,,,,,,,,,,,,,,,,,,,,,,,,,,,,,,,,,,,,,,,,,,,,,,,,,,,,,,,,
1676060292.793891,1676060292.794458,68.000000,0.000000,4291.410156,4263.589844,4279.487305,4306.282227,4278.846191,4284.615234,4286.666504,4258.846191,4278.205078,4259.487305,4525.512695,4485.000000,4371.922852,4421.025879,2446.000000,4.000000,85.000000,,,,0.000000,4.000000,4.000000,4.000000,4.000000,4.000000,4.000000,4.000000,4.000000,4.000000,4.000000,4.000000,4.000000,4.000000,4.000000,100.000000,,,,,,,,,,,,,,,,,,,,,,,,,,,,,,,,,,,,,,,,,,,,,,,,,,,,,,,,,,,,,,,,,,,,,,,,,,,,,,,,,,,,,,
1676060292.801700,1676060292.802166,69.000000,0.000000,4295.641113,4274.743652,4295.769043,4317.563965,4293.205078,4287.820313,4297.692383,4272.820313,4289.487305,4269.358887,4535.512695,4500.512695,4386.794922,4435.000000,2396.000000,4.000000,85.000000,,,,0.000000,4.000000,4.000000,4.000000,4.000000,4.000000,4.000000,4.000000,4.000000,4.000000,4.000000,4.000000,4.000000,4.000000,4.000000,100.000000,,,,,,,,,,,,,,,,,,,,,,,,,,,,,,,,,,,,,,,,,,,,,,,,,,,,,,,,,,,,,,,,,,,,,,,,,,,,,,,,,,,,,,
1676060292.809508,1676060292.810075,70.000000,0.000000,4295.000000,4282.948730,4299.358887,4320.512695,4295.641113,4295.128418,4302.563965,4276.922852,4298.461426,4290.000000,4540.128418,4505.000000,4398.205078,4436.794922,2246.000000,4.000000,85.000000,,,,0.000000,4.000000,4.000000,4.000000,4.000000,4.000000,4.000000,4.000000,4.000000,4.000000,4.000000,4.000000,4.000000,4.000000,4.000000,100.000000,,,,,,,,,,,,,,,,,,,,,,,,,,,,,,,,,,,,,,,,,,,,,,,,,,,,,,,,,,,,,,,,,,,,,,,,,,,,,,,,,,,,,,
1676060292.817316,1676060292.817883,71.000000,0.000000,4294.871582,4272.436035,4289.871582,4313.846191,4285.769043,4291.538574,4293.974121,4265.897461,4289.487305,4286.282227,4518.205078,4489.358887,4376.410156,4417.820313,2229.000000,4.000000,85.000000,,,,0.000000,4.000000,4.000000,4.000000,4.000000,4.000000,4.000000,4.000000,4.000000,4.000000,4.000000,4.000000,4.000000,4.000000,4.000000,100.000000,,,,,,,,,,,,,,,,,,,,,,,,,,,,,,,,,,,,,,,,,,,,,,,,,,,,,,,,,,,,,,,,,,,,,,,,,,,,,,,,,,,,,,
1676060292.825125,1676060292.825791,72.000000,0.000000,4315.000000,4288.333496,4309.230957,4333.974121,4303.333496,4302.692383,4307.179688,4281.282227,4300.128418,4289.487305,4524.615234,4505.769043,4384.487305,4437.436035,2296.000000,4.000000,85.000000,,,,0.000000,4.000000,4.000000,4.000000,4.000000,4.000000,4.000000,4.000000,4.000000,4.000000,4.000000,4.000000,4.000000,4.000000,4.000000,100.000000,,,,,,,,,,,,,,,,,,,,,,,,,,,,,,,,,,,,,,,,,,,,,,,,,,,,,,,,,,,,,,,,,,,,,,,,,,,,,,,,,,,,,,
1676060292.832933,1676060292.833600,73.000000,0.000000,4325.512695,4313.333496,4332.179688,4350.000000,4318.589844,4313.461426,4321.666504,4299.743652,4317.179688,4303.717773,4543.333496,4529.743652,4412.436035,4466.282227,2256.000000,4.000000,85.000000,,,,0.000000,4.000000,4.000000,4.000000,4.000000,4.000000,4.000000,4.000000,4.000000,4.000000,4.000000,4.000000,4.000000,4.000000,4.000000,100.000000,,,,,,,,,,,,,,,,,,,,,,,,,,,,,,,,,,,,,,,,,,,,,,,,,,,,,,,,,,,,,,,,,,,,,,,,,,,,,,,,,,,,,,
1676060292.840742,1676060292.841508,74.000000,0.000000,4316.410156,4306.410156,4321.794922,4337.179688,4305.000000,4301.410156,4307.179688,4288.589844,4308.077148,4291.410156,4529.487305,4520.128418,4403.333496,4454.230957,2745.000000,4.000000,85.000000,,,,0.000000,4.000000,4.000000,4.000000,4.000000,4.000000,4.000000,4.000000,4.000000,4.000000,4.000000,4.000000,4.000000,4.000000,4.000000,100.000000,,,,,,,,,,,,,,,,,,,,,,,,,,,,,,,,,,,,,,,,,,,,,,,,,,,,,,,,,,,,,,,,,,,,,,,,,,,,,,,,,,,,,,
1676060292.848550,1676060292.849317,75.000000,0.000000,4313.589844,4293.846191,4309.615234,4329.102539,4294.871582,4290.769043,4293.205078,4273.974121,4295.512695,4278.461426,4515.256348,4505.000000,4384.615234,4440.128418,2914.000000,4.000000,85.000000,,,,0.000000,4.000000,4.000000,4.000000,4.000000,4.000000,4.000000,4.000000,4.000000,4.000000,4.000000,4.000000,4.000000,4.000000,4.000000,100.000000,,,,,,,,,,,,,,,,,,,,,,,,,,,,,,,,,,,,,,,,,,,,,,,,,,,,,,,,,,,,,,,,,,,,,,,,,,,,,,,,,,,,,,
1676060292.856358,1676060292.857225,76.000000,0.000000,4303.717773,4285.128418,4306.153809,4326.922852,4296.153809,4291.025879,4290.000000,4261.666504,4284.358887,4280.256348,4504.102539,4492.692383,4380.769043,4437.051270,3126.000000,4.000000,85.000000,,,,0.000000,4.000000,4.000000,4.000000,4.000000,4.000000,4.000000,4.000000,4.000000,4.000000,4.000000,4.000000,4.000000,4.000000,4.000000,100.000000,,,,,,,,,,,,,,,,,,,,,,,,,,,,,,,,,,,,,,,,,,,,,,,,,,,,,,,,,,,,,,,,,,,,,,,,,,,,,,,,,,,,,,
1676060292.864167,1676060292.865033,77.000000,0.000000,4306.922852,4296.025879,4317.820313,4333.205078,4305.000000,4298.974121,4299.358887,4262.307617,4290.128418,4282.179688,4507.179688,4502.051270,4394.102539,4446.922852,3249.000000,4.000000,85.000000,,,,0.000000,4.000000,4.000000,4.000000,4.000000,4.000000,4.000000,4.000000,4.000000,4.000000,4.000000,4.000000,4.000000,4.000000,4.000000,100.000000,,,,,,,,,,,,,,,,,,,,,,,,,,,,,,,,,,,,,,,,,,,,,,,,,,,,,,,,,,,,,,,,,,,,,,,,,,,,,,,,,,,,,,
1676060292.871975,1676060292.872942,78.000000,0.000000,4337.179688,4323.589844,4342.179688,4352.948730,4320.000000,4311.922852,4320.512695,4289.487305,4320.256348,4300.256348,4538.205078,4540.512695,4420.384766,4474.102539,2745.000000,4.000000,85.000000,,,,0.000000,4.000000,4.000000,4.000000,4.000000,4.000000,4.000000,4.000000,4.000000,4.000000,4.000000,4.000000,4.000000,4.000000,4.000000,100.000000,1.000000,25.000000,4.000000,4.000000,1.000000,4.000000,4.000000,4.000000,4.000000,1.000000,4.000000,3.000000,3.000000,1.000000,3.000000,3.000000,1.268829,0.886575,1.939125,1.921155,1.717063,11.534508,3.886697,2.612324,2.075605,1.212239,1.107489,0.667308,2.988563,1.766222,1.499626,4.732764,1.982938,2.267674,1.909538,1.367782,1.210592,1.090042,0.973366,1.107864,0.828271,0.645550,0.955391,1.040958,0.806561,0.625017,0.503424,0.735731,1.597686,1.289531,1.152959,0.897853,0.881483,1.331912,1.598705,1.467449,1.458374,0.269008,1.006625,1.390854,1.561393,1.225223,0.735520,1.189879,1.542726,1.948937,5.947828,1.446877,1.950532,2.155767,2.322419,4.361666,2.254946,2.863750,2.489587,2.360601,12.889677,5.837620,0.955992,1.998734,2.319357,5.038168,2.565155,1.896451,2.286469,2.536413
1676060292.879783,1676060292.880750,79.000000,0.000000,4330.384766,4311.282227,4332.948730,4343.205078,4316.153809,4305.897461,4317.948730,4291.922852,4319.102539,4311.025879,4528.077148,4533.333496,4413.077148,4463.589844,2914.000000,4.000000,85.000000,,,,0.000000,4.000000,4.000000,4.000000,4.000000,4.000000,4.000000,4.000000,4.000000,4.000000,4.000000,4.000000,4.000000,4.000000,4.000000,100.000000,,,,,,,,,,,,,,,,,,,,,,,,,,,,,,,,,,,,,,,,,,,,,,,,,,,,,,,,,,,,,,,,,,,,,,,,,,,,,,,,,,,,,,
1676060292.887592,1676060292.888659,80.000000,0.000000,4293.333496,4278.974121,4301.025879,4312.436035,4302.051270,4294.487305,4299.358887,4269.230957,4291.153809,4291.282227,4481.025879,4488.717773,4380.000000,4425.512695,3126.000000,4.000000,85.000000,,,,0.000000,4.000000,4.000000,4.000000,4.000000,4.000000,4.000000,4.000000,4.000000,4.000000,4.000000,4.000000,4.000000,4.000000,4.000000,100.000000,,,,,,,,,,,,,,,,,,,,,,,,,,,,,,,,,,,,,,,,,,,,,,,,,,,,,,,,,,,,,,,,,,,,,,,,,,,,,,,,,,,,,,
1676060292.895400,1676060292.896467,81.000000,0.000000,4295.000000,4286.153809,4306.025879,4314.487305,4305.384766,4302.563965,4306.025879,4276.025879,4300.256348,4287.436035,4484.743652,4492.692383,4383.717773,4431.666504,3249.000000,4.000000,85.000000,,,,0.000000,4.000000,4.000000,4.000000,4.000000,4.000000,4.000000,4.000000,4.000000,4.000000,4.000000,4.000000,4.000000,4.000000,4.000000,100.000000,,,,,,,,,,,,,,,,,,,,,,,,,,,,,,,,,,,,,,,,,,,,,,,,,,,,,,,,,,,,,,,,,,,,,,,,,,,,,,,,,,,,,,
1676060292.903208,1676060292.904375,82.000000,0.000000,4308.461426,4297.307617,4322.563965,4322.563965,4306.282227,4304.487305,4312.692383,4289.487305,4317.436035,4301.794922,4508.333496,4509.871582,4400.000000,4445.384766,2745.000000,4.000000,85.000000,,,,0.000000,4.000000,4.000000,4.000000,4.000000,4.000000,4.000000,4.000000,4.000000,4.000000,4.000000,4.000000,4.000000,4.000000,4.000000,100.000000,,,,,,,,,,,,,,,,,,,,,,,,,,,,,,,,,,,,,,,,,,,,,,,,,,,,,,,,,,,,,,,,,,,,,,,,,,,,,,,,,,,,,,
1676060292.911017,1676060292.912184,83.000000,0.000000,4292.051270,4277.051270,4304.871582,4306.282227,4293.333496,4292.179688,4295.128418,4273.846191,4298.333496,4287.307617,4483.846191,4482.692383,4383.846191,4421.538574,2914.000000,4.000000,85.000000,,,,0.000000,4.000000,4.000000,4.000000,4.000000,4.000000,4.000000,4.000000,4.000000,4.000000,4.000000,4.000000,4.000000,4.000000,4.000000,100.000000,,,,,,,,,,,,,,,,,,,,,,,,,,,,,,,,,,,,,,,,,,,,,,,,,,,,,,,,,,,,,,,,,,,,,,,,,,,,,,,,,,,,,,
1676060292.918825,1676060292.919892,84.000000,0.000000,4281.410156,4271.282227,4294.487305,4300.769043,4292.563965,4291.538574,4288.333496,4262.820313,4288.846191,4273.717773,4466.153809,4469.871582,4370.128418,4417.179688,3126.000000,4.000000,85.000000,,,,0.000000,4.000000,4.000000,4.000000,4.000000,4.000000,4.000000,4.000000,4.000000,4.000000,4.000000,4.000000,4.000000,4.000000,4.000000,100.000000,,,,,,,,,,,,,,,,,,,,,,,,,,,,,,,,,,,,,,,,,,,,,,,,,,,,,,,,,,,,,,,,,,,,,,,,,,,,,,,,,,,,,,
1676060292.926634,1676060292.927701,85.000000,0.000000,4301.153809,4295.384766,4320.128418,4320.769043,4305.769043,4298.717773,4299.743652,4271.794922,4308.717773,4295.641113,4496.282227,4496.025879,4388.974121,4444.615234,3249.000000,4.000000,85.000000,,,,0.000000,4.000000,4.000000,4.000000,4.000000,4.000000,4.000000,4.000000,4.000000,4.000000,4.000000,4.000000,4.000000,4.000000,4.000000,100.000000,,,,,,,,,,,,,,,,,,,,,,,,,,,,,,,,,,,,,,,,,,,,,,,,,,,,,,,,,,,,,,,,,,,,,,,,,,,,,,,,,,,,,,
1676060292.934442,1676060292.935409,86.000000,0.000000,4316.794922,4305.128418,4332.563965,4330.128418,4312.692383,4299.743652,4299.102539,4272.692383,4311.282227,4301.794922,4509.102539,4504.743652,4405.000000,4451.282227,2745.000000,4.000000,85.000000,,,,0.000000,4.000000,4.000000,4.000000,4.000000,4.000000,4.000000,4.000000,4.000000,4.000000,4.000000,4.000000,4.000000,4.000000,4.000000,100.000000,,,,,,,,,,,,,,,,,,,,,,,,,,,,,,,,,,,,,,,,,,,,,,,,,,,,,,,,,,,,,,,,,,,,,,,,,,,,,,,,,,,,,,
1676060292.942250,1676060292.943218,87.000000,0.000000,4305.641113,4291.025879,4313.589844,4317.563965,4306.666504,4295.512695,4287.179688,4260.256348,4290.256348,4275.512695,4483.077148,4485.384766,4387.820313,4434.871582,2914.000000,4.000000,85.000000,,,,0.000000,4.000000,4.000000,4.000000,4.000000,4.000000,4.000000,4.000000,4.000000,4.000000,4.000000,4.000000,4.000000,4.000000,4.000000,100.000000,,,,,,,,,,,,,,,,,,,,,,,,,,,,,,,,,,,,,,,,,,,,,,,,,,,,,,,,,,,,,,,,,,,,,,,,,,,,,,,,,,,,,,
1676060292.950059,1676060292.950926,88.000000,0.000000,4297.820313,4290.000000,4312.436035,4316.922852,4305.641113,4294.230957,4289.102539,4264.743652,4291.025879,4280.128418,4478.589844,4485.769043,4374.743652,4429.102539,3126.000000,4.000000,85.000000,,,,0.000000,4.000000,4.000000,4.000000,4.000000,4.000000,4.000000,4.000000,4.000000,4.000000,4.000000,4.000000,4.000000,4.000000,4.000000,100.000000,,,,,,,,,,,,,,,,,,,,,,,,,,,,,,,,,,,,,,,,,,,,,,,,,,,,,,,,,,,,,,,,,,,,,,,,,,,,,,,,,,,,,,
1676060292.957867,1676060292.958735,89.000000,0.000000,4304.487305,4298.077148,4327.948730,4325.769043,4309.615234,4298.846191,4302.948730,4282.307617,4309.230957,4311.922852,4495.897461,4501.153809,4388.846191,4439.358887,3249.000000,4.000000,85.000000,,,,0.000000,4.000000,4.000000,4.000000,4.000000,4.000000,4.000000,4.000000,4.000000,4.000000,4.000000,4.000000,4.000000,4.000000,4.000000,100.000000,,,,,,,,,,,,,,,,,,,,,,,,,,,,,,,,,,,,,,,,,,,,,,,,,,,,,,,,,,,,,,,,,,,,,,,,,,,,,,,,,,,,,,
1676060292.965675,1676060292.966443,90.000000,0.000000,4290.256348,4272.307617,4306.282227,4306.666504,4296.666504,4290.897461,4292.692383,4268.846191,4299.102539,4296.410156,4475.897461,4478.461426,4373.846191,4421.922852,2745.000000,4.000000,85.000000,,,,0.000000,4.000000,4.000000,4.000000,4.000000,4.000000,4.000000,4.000000,4.000000,4.000000,4.000000,4.000000,4.000000,4.000000,4.000000,100.000000,,,,,,,,,,,,,,,,,,,,,,,,,,,,,,,,,,,,,,,,,,,,,,,,,,,,,,,,,,,,,,,,,,,,,,,,,,,,,,,,,,,,,,
1676060292.973484,1676060292.974252,91.000000,0.000000,4277.179688,4261.922852,4291.922852,4297.179688,4293.333496,4288.717773,4285.512695,4256.794922,4288.461426,4274.615234,4470.000000,4465.384766,4352.436035,4406.025879,2914.000000,4.000000,85.000000,,,,0.000000,4.000000,4.000000,4.000000,4.000000,4.000000,4.000000,4.000000,4.000000,4.000000,4.000000,4.000000,4.000000,4.000000,4.000000,100.000000,,,,,,,,,,,,,,,,,,,,,,,,,,,,,,,,,,,,,,,,,,,,,,,,,,,,,,,,,,,,,,,,,,,,,,,,,,,,,,,,,,,,,,
1676060292.981292,1676060292.981960,92.000000,0.000000,4297.563965,4299.743652,4323.077148,4328.589844,4316.794922,4307.436035,4312.436035,4283.846191,4310.256348,4298.846191,4522.948730,4500.512695,4382.179688,4434.743652,3126.000000,4.000000,85.000000,,,,0.000000,4.000000,4.000000,4.000000,4.000000,4.000000,4.000000,4.000000,4.000000,4.000000,4.000000,4.000000,4.000000,4.000000,4.000000,100.000000,,,,,,,,,,,,,,,,,,,,,,,,,,,,,,,,,,,,,,,,,,,,,,,,,,,,,,,,,,,,,,,,,,,,,,,,,,,,,,,,,,,,,,
1676060292.989101,1676060292.989769,93.000000,0.000000,4305.641113,4305.256348,4328.461426,4336.666504,4318.717773,4308.846191,4321.410156,4294.487305,4311.538574,4295.641113,4545.256348,4505.897461,4397.307617,4446.153809,3249.000000,4.000000,85.000000,,,,0.000000,4.000000,4.000000,4.000000,4.000000,4.000000,4.000000,4.000000,4.000000,4.000000,4.000000,4.000000,4.000000,4.000000,4.000000,100.000000,,,,,,,,,,,,,,,,,,,,,,,,,,,,,,,,,,,,,,,,,,,,,,,,,,,,,,,,,,,,,,,,,,,,,,,,,,,,,,,,,,,,,,
1676060292.996909,1676060292.997477,94.000000,0.000000,4282.948730,4271.410156,4293.333496,4304.358887,4294.615234,4288.717773,4293.717773,4266.025879,4279.743652,4256.410156,4511.282227,4466.538574,4364.102539,4412.563965,2745.000000,4.000000,85.000000,,,,0.000000,4.000000,4.000000,4.000000,4.000000,4.000000,4.000000,4.000000,4.000000,4.000000,4.000000,4.000000,4.000000,4.000000,4.000000,100.000000,,,,,,,,,,,,,,,,,1.609902,0.900098,1.830997,1.967403,1.656149,12.832021,3.755133,2.474121,2.126506,1.161664,1.167683,0.629117,2.711466,1.786668,1.444890,5.274778,1.877778,2.047910,1.959229,1.250782,1.388026,1.070336,0.925701,1.148766,0.756866,0.686195,0.971334,0.885317,0.783606,0.626120,0.361284,0.616360,1.445071,1.214039,1.124305,0.691049,0.740676,1.499573,1.620677,1.391394,1.360341,0.289576,1.089269,1.456766,1.523221,1.235439,0.800274,1.339340,1.634449,1.808063,6.593996,1.697855,2.105677,2.290291,2.199741,4.338688,2.222083,2.738598,2.534535,2.229087,12.425428,5.738171,1.211111,2.147531,2.276812,5.062708,2.610238,1.950837,2.493270,2.383209
1676060293.004717,1676060293.005286,95.000000,0.000000,4277.948730,4269.871582,4287.436035,4298.589844,4295.128418,4293.461426,4286.153809,4254.615234,4273.974121,4261.410156,4501.410156,4459.358887,4357.436035,4401.666504,2914.000000,4.000000,85.000000,,,,0.000000,4.000000,4.000000,4.000000,4.000000,4.000000,4.000000,4.000000,4.000000,4.000000,4.000000,4.000000,4.000000,4.000000,4.000000,100.000000,,,,,,,,,,,,,,,,,,,,,,,,,,,,,,,,,,,,,,,,,,,,,,,,,,,,,,,,,,,,,,,,,,,,,,,,,,,,,,,,,,,,,,
1676060293.012526,1676060293.012994,96.000000,0.000000,4301.410156,4297.179688,4313.077148,4324.871582,4315.897461,4313.205078,4307.948730,4277.307617,4298.589844,4296.282227,4529.102539,4490.000000,4385.128418,4436.410156,3126.000000,4.000000,85.000000,,,,0.000000,4.000000,4.000000,4.000000,4.000000,4.000000,4.000000,4.000000,4.000000,4.000000,4.000000,4.000000,4.000000,4.000000,4.000000,100.000000,,,,,,,,,,,,,,,,,,,,,,,,,,,,,,,,,,,,,,,,,,,,,,,,,,,,,,,,,,,,,,,,,,,,,,,,,,,,,,,,,,,,,,
1676060293.020334,1676060293.020803,97.000000,0.000000,4310.128418,4296.794922,4314.871582,4324.743652,4312.820313,4302.948730,4310.000000,4288.077148,4305.641113,4296.282227,4534.230957,4494.358887,4386.794922,4447.179688,3249.000000,4.000000,85.000000,,,,0.000000,4.000000,4.000000,4.000000,4.000000,4.000000,4.000000,4.000000,4.000000,4.000000,4.000000,4.000000,4.000000,4.000000,4.000000,100.000000,,,,,,,,,,,,,,,,,,,,,,,,,,,,,,,,,,,,,,,,,,,,,,,,,,,,,,,,,,,,,,,,,,,,,,,,,,,,,,,,,,,,,,
1676060293.028143,1676060293.028511,98.000000,0.000000,4305.000000,4290.256348,4312.692383,4317.179688,4306.282227,4296.794922,4306.153809,4290.384766,4305.256348,4293.077148,4537.307617,4495.512695,4391.153809,4441.025879,2745.000000,4.000000,85.000000,,,,0.000000,4.000000,4.000000,4.000000,4.000000,4.000000,4.000000,4.000000,4.000000,4.000000,4.000000,4.000000,4.000000,4.000000,4.000000,100.000000,,,,,,,,,,,,,,,,,,,,,,,,,,,,,,,,,,,,,,,,,,,,,,,,,,,,,,,,,,,,,,,,,,,,,,,,,,,,,,,,,,,,,,
1676060293.035951,1676060293.036420,99.000000,0.000000,4312.436035,4307.436035,4328.846191,4332.051270,4319.487305,4312.563965,4321.025879,4302.692383,4320.384766,4315.000000,4562.820313,4518.974121,4414.615234,4455.000000,2914.000000,4.000000,85.000000,,,,0.000000,4.000000,4.000000,4.000000,4.000000,4.000000,4.000000,4.000000,4.000000,4.000000,4.000000,4.000000,4.000000,4.000000,4.000000,100.000000,,,,,,,,,,,,,,,,,,,,,,,,,,,,,,,,,,,,,,,,,,,,,,,,,,,,,,,,,,,,,,,,,,,,,,,,,,,,,,,,,,,,,,
1676060293.043759,1676060293.044228,100.000000,0.000000,4314.743652,4310.769043,4326.794922,4330.897461,4321.025879,4309.487305,4319.743652,4302.051270,4322.051270,4315.128418,4563.461426,4516.025879,4406.794922,4454.487305,3126.000000,4.000000,85.000000,,,,0.000000,4.000000,4.000000,4.000000,4.000000,4.000000,4.000000,4.000000,4.000000,4.000000,4.000000,4.000000,4.000000,4.000000,4.000000,100.000000,,,,,,,,,,,,,,,,,,,,,,,,,,,,,,,,,,,,,,,,,,,,,,,,,,,,,,,,,,,,,,,,,,,,,,,,,,,,,,,,,,,,,,
1676060293.051568,1676060293.052136,101.000000,0.000000,4300.256348,4284.871582,4307.563965,4310.000000,4304.743652,4291.666504,4297.307617,4284.487305,4301.922852,4284.487305,4536.025879,4485.641113,4378.205078,4433.717773,3249.000000,4.000000,85.000000,,,,0.000000,4.000000,4.000000,4.000000,4.000000,4.000000,4.000000,4.000000,4.000000,4.000000,4.000000,4.000000,4.000000,4.000000,4.000000,100.000000,,,,,,,,,,,,,,,,,,,,,,,,,,,,,,,,,,,,,,,,,,,,,,,,,,,,,,,,,,,,,,,,,,,,,,,,,,,,,,,,,,,,,,
1676060293.059376,1676060293.059945,102.000000,0.000000,4292.051270,4273.077148,4306.538574,4305.769043,4302.563965,4293.717773,4295.000000,4276.410156,4293.461426,4273.589844,4523.589844,4475.641113,4370.384766,4427.051270,2745.000000,4.000000,85.000000,,,,0.000000,4.000000,4.000000,4.000000,4.000000,4.000000,4.000000,4.000000,4.000000,4.000000,4.000000,4.000000,4.000000,4.000000,4.000000,100.000000,,,,,,,,,,,,,,,,,,,,,,,,,,,,,,,,,,,,,,,,,,,,,,,,,,,,,,,,,,,,,,,,,,,,,,,,,,,,,,,,,,,,,,
1676060293.067185,1676060293.067853,103.000000,0.000000,4296.922852,4288.461426,4316.153809,4313.077148,4312.051270,4306.153809,4309.615234,4280.512695,4301.410156,4293.333496,4526.153809,4482.179688,4379.615234,4433.077148,2914.000000,4.000000,85.000000,,,,0.000000,4.000000,4.000000,4.000000,4.000000,4.000000,4.000000,4.000000,4.000000,4.000000,4.000000,4.000000,4.000000,4.000000,4.000000,100.000000,,,,,,,,,,,,,,,,,,,,,,,,,,,,,,,,,,,,,,,,,,,,,,,,,,,,,,,,,,,,,,,,,,,,,,,,,,,,,,,,,,,,,,
1676060293.074993,1676060293.075662,104.000000,0.000000,4295.897461,4291.153809,4309.487305,4307.051270,4309.871582,4303.461426,4305.897461,4276.282227,4296.666504,4294.487305,4518.205078,4472.692383,4379.615234,4427.051270,3126.000000,4.000000,85.000000,,,,0.000000,4.000000,4.000000,4.000000,4.000000,4.000000,4.000000,4.000000,4.000000,4.000000,4.000000,4.000000,4.000000,4.000000,4.000000,100.000000,,,,,,,,,,,,,,,,,,,,,,,,,,,,,,,,,,,,,,,,,,,,,,,,,,,,,,,,,,,,,,,,,,,,,,,,,,,,,,,,,,,,,,
1676060293.082801,1676060293.083570,105.000000,0.000000,4295.000000,4287.179688,4307.307617,4307.563965,4308.333496,4301.410156,4301.153809,4273.077148,4291.538574,4281.666504,4519.358887,4471.282227,4376.666504,4431.025879,3249.000000,4.000000,85.000000,,,,0.000000,4.000000,4.000000,4.000000,4.000000,4.000000,4.000000,4.000000,4.000000,4.000000,4.000000,4.000000,4.000000,4.000000,4.000000,100.000000,,,,,,,,,,,,,,,,,,,,,,,,,,,,,,,,,,,,,,,,,,,,,,,,,,,,,,,,,,,,,,,,,,,,,,,,,,,,,,,,,,,,,,
1676060293.090610,1676060293.091378,106.000000,0.000000,4302.948730,4296.666504,4321.282227,4320.256348,4315.128418,4307.948730,4312.307617,4283.846191,4304.230957,4291.666504,4535.128418,4486.153809,4383.333496,4449.358887,2745.000000,4.000000,85.000000,,,,0.000000,4.000000,4.000000,4.000000,4.000000,4.000000,4.000000,4.000000,4.000000,4.000000,4.000000,4.000000,4.000000,4.000000,4.000000,100.000000,,,,,,,,,,,,,,,,,,,,,,,,,,,,,,,,,,,,,,,,,,,,,,,,,,,,,,,,,,,,,,,,,,,,,,,,,,,,,,,,,,,,,,
1676060293.098418,1676060293.099287,107.000000,0.000000,4302.307617,4292.563965,4321.025879,4312.948730,4310.384766,4306.666504,4312.563965,4285.897461,4304.358887,4293.077148,4528.077148,4481.025879,4382.820313,4441.794922,2914.000000,4.000000,85.000000,,,,0.000000,4.000000,4.000000,4.000000,4.000000,4.000000,4.000000,4.000000,4.000000,4.000000,4.000000,4.000000,4.000000,4.000000,4.000000,100.000000,,,,,,,,,,,,,,,,,,,,,,,,,,,,,,,,,,,,,,,,,,,,,,,,,,,,,,,,,,,,,,,,,,,,,,,,,,,,,,,,,,,,,,
1676060293.106227,1676060293.107095,108.000000,0.000000,4294.230957,4275.256348,4307.692383,4294.615234,4302.948730,4296.410156,4304.358887,4275.384766,4290.256348,4276.794922,4511.666504,4471.410156,4370.641113,4426.410156,3126.000000,4.000000,85.000000,,,,0.000000,4.000000,4.000000,4.000000,4.000000,4.000000,4.000000,4.000000,4.000000,4.000000,4.000000,4.000000,4.000000,4.000000,4.000000,100.000000,,,,,,,,,,,,,,,,,,,,,,,,,,,,,,,,,,,,,,,,,,,,,,,,,,,,,,,,,,,,,,,,,,,,,,,,,,,,,,,,,,,,,,
1676060293.114035,1676060293.114904,109.000000,0.000000,4299.487305,4279.358887,4313.846191,4301.410156,4308.974121,4297.179688,4311.794922,4284.358887,4300.256348,4288.077148,4521.922852,4485.384766,4371.666504,4438.205078,3249.000000,4.000000,85.000000,,,,0.000000,4.000000,4.000000,4.000000,4.000000,4.000000,4.000000,4.000000,4.000000,4.000000,4.000000,4.000000,4.000000,4.000000,4.000000,100.000000,,,,,,,,,,,,,,,,,,,,,,,,,,,,,,,,,,,,,,,,,,,,,,,,,,,,,,,,,,,,,,,,,,,,,,,,,,,,,,,,,,,,,,
1676060293.121843,1676060293.122712,110.000000,0.000000,4300.384766,4289.615234,4318.461426,4307.051270,4306.794922,4300.641113,4311.538574,4293.589844,4311.153809,4294.871582,4525.128418,4484.102539,4374.358887,4441.410156,2745.000000,4.000000,85.000000,,,,0.000000,4.000000,4.000000,4.000000,4.000000,4.000000,4.000000,4.000000,4.000000,4.000000,4.000000,4.000000,4.000000,4.000000,4.000000,100.000000,,,,,,,,,,,,,,,,,2.025464,0.926910,1.812428,1.887925,1.536716,13.568069,3.488265,2.432507,2.049402,1.086648,1.269998,0.632980,2.559157,1.724132,1.349432,5.506987,1.742211,1.921377,1.871089,1.118271,1.479132,0.953314,0.920136,1.103676,0.667127,0.809243,0.953595,0.769004,0.714794,0.615604,0.325820,0.536735,1.337862,1.069611,1.073562,0.759173,0.653462,1.589272,1.531302,1.277156,1.253585,0.318999,1.205313,1.455772,1.445050,1.245033,0.883446,1.557476,1.656182,1.596007,7.904090,2.122700,2.333339,2.338518,2.071933,4.055177,2.141455,2.659856,2.421296,2.057691,11.671022,5.367716,1.593308,2.206546,2.165335,5.196568,2.629352,2.132479,2.579522,2.179591
1676060293.129652,1676060293.130421,111.000000,0.000000,4278.461426,4272.948730,4295.256348,4282.563965,4290.641113,4291.025879,4289.487305,4268.461426,4292.051270,4265.512695,4496.282227,4452.436035,4354.743652,4410.384766,2914.000000,4.000000,85.000000,,,,0.000000,4.000000,4.000000,4.000000,4.000000,4.000000,4.000000,4.000000,4.000000,4.000000,4.000000,4.000000,4.000000,4.000000,4.000000,100.000000,,,,,,,,,,,,,,,,,,,,,,,,,,,,,,,,,,,,,,,,,,,,,,,,,,,,,,,,,,,,,,,,,,,,,,,,,,,,,,,,,,,,,,
1676060293.137460,1676060293.138229,112.000000,0.000000,4280.256348,4268.077148,4295.641113,4281.666504,4297.179688,4294.615234,4289.102539,4259.358887,4291.794922,4275.897461,4497.179688,4455.000000,4359.358887,4413.589844,3126.000000,4.000000,85.000000,,,,0.000000,4.000000,4.000000,4.000000,4.000000,4.000000,4.000000,4.000000,4.000000,4.000000,4.000000,4.000000,4.000000,4.000000,4.000000,100.000000,,,,,,,,,,,,,,,,,,,,,,,,,,,,,,,,,,,,,,,,,,,,,,,,,,,,,,,,,,,,,,,,,,,,,,,,,,,,,,,,,,,,,,
1676060293.145268,1676060293.145938,113.000000,0.000000,4315.641113,4295.256348,4324.871582,4315.000000,4317.436035,4308.846191,4309.743652,4285.769043,4318.589844,4322.179688,4531.538574,4488.846191,4391.025879,4457.948730,3249.000000,4.000000,85.000000,,,,0.000000,4.000000,4.000000,4.000000,4.000000,4.000000,4.000000,4.000000,4.000000,4.000000,4.000000,4.000000,4.000000,4.000000,4.000000,100.000000,,,,,,,,,,,,,,,,,,,,,,,,,,,,,,,,,,,,,,,,,,,,,,,,,,,,,,,,,,,,,,,,,,,,,,,,,,,,,,,,,,,,,,
1676060293.153077,1676060293.153746,114.000000,0.000000,4312.948730,4298.461426,4318.974121,4312.563965,4306.153809,4299.102539,4300.256348,4280.641113,4309.871582,4307.179688,4524.102539,4477.179688,4384.871582,4454.102539,2745.000000,4.000000,85.000000,,,,0.000000,4.000000,4.000000,4.000000,4.000000,4.000000,4.000000,4.000000,4.000000,4.000000,4.000000,4.000000,4.000000,4.000000,4.000000,100.000000,,,,,,,,,,,,,,,,,,,,,,,,,,,,,,,,,,,,,,,,,,,,,,,,,,,,,,,,,,,,,,,,,,,,,,,,,,,,,,,,,,,,,,
1676060293.160885,1676060293.161455,115.000000,0.000000,4287.179688,4283.077148,4300.897461,4288.846191,4288.205078,4283.461426,4281.282227,4255.897461,4285.769043,4271.410156,4496.538574,4452.307617,4364.487305,4422.307617,2914.000000,4.000000,85.000000,,,,0.000000,4.000000,4.000000,4.000000,4.000000,4.000000,4.000000,4.000000,4.000000,4.000000,4.000000,4.000000,4.000000,4.000000,4.000000,100.000000,,,,,,,,,,,,,,,,,,,,,,,,,,,,,,,,,,,,,,,,,,,,,,,,,,,,,,,,,,,,,,,,,,,,,,,,,,,,,,,,,,,,,,
1676060293.168693,1676060293.169263,116.000000,0.000000,4305.769043,4299.230957,4320.897461,4304.230957,4303.333496,4294.743652,4300.512695,4273.717773,4301.282227,4290.000000,4508.461426,4479.102539,4381.025879,4442.820313,3126.000000,4.000000,85.000000,,,,0.000000,4.000000,4.000000,4.000000,4.000000,4.000000,4.000000,4.000000,4.000000,4.000000,4.000000,4.000000,4.000000,4.000000,4.000000,100.000000,,,,,,,,,,,,,,,,,,,,,,,,,,,,,,,,,,,,,,,,,,,,,,,,,,,,,,,,,,,,,,,,,,,,,,,,,,,,,,,,,,,,,,
1676060293.176502,1676060293.176972,117.000000,0.000000,4327.436035,4312.307617,4333.717773,4321.666504,4314.871582,4304.487305,4318.461426,4297.051270,4316.794922,4304.743652,4522.563965,4503.333496,4396.410156,4465.897461,3249.000000,4.000000,85.000000,,,,0.000000,4.000000,4.000000,4.000000,4.000000,4.000000,4.000000,4.000000,4.000000,4.000000,4.000000,4.000000,4.000000,4.000000,4.000000,100.000000,,,,,,,,,,,,,,,,,,,,,,,,,,,,,,,,,,,,,,,,,,,,,,,,,,,,,,,,,,,,,,,,,,,,,,,,,,,,,,,,,,,,,,
1676060293.184310,1676060293.184780,118.000000,0.000000,4304.102539,4287.563965,4308.205078,4301.538574,4297.179688,4292.436035,4299.102539,4281.794922,4296.538574,4280.384766,4500.256348,4478.205078,4379.102539,4442.436035,2745.000000,4.000000,85.000000,,,,0.000000,4.000000,4.000000,4.000000,4.000000,4.000000,4.000000,4.000000,4.000000,4.000000,4.000000,4.000000,4.000000,4.000000,4.000000,100.000000,,,,,,,,,,,,,,,,,,,,,,,,,,,,,,,,,,,,,,,,,,,,,,,,,,,,,,,,,,,,,,,,,,,,,,,,,,,,,,,,,,,,,,
1676060293.192119,1676060293.192489,119.000000,0.000000,4282.307617,4269.615234,4295.256348,4282.307617,4288.461426,4289.230957,4290.641113,4271.794922,4289.743652,4269.230957,4483.846191,4462.051270,4366.025879,4429.102539,2914.000000,4.000000,85.000000,,,,0.000000,4.000000,4.000000,4.000000,4.000000,4.000000,4.000000,4.000000,4.000000,4.000000,4.000000,4.000000,4.000000,4.000000,4.000000,100.000000,,,,,,,,,,,,,,,,,,,,,,,,,,,,,,,,,,,,,,,,,,,,,,,,,,,,,,,,,,,,,,,,,,,,,,,,,,,,,,,,,,,,,,
1676060293.199927,1676060293.200297,120.000000,0.000000,4294.230957,4285.769043,4311.153809,4292.563965,4301.666504,4299.615234,4307.692383,4284.358887,4306.922852,4281.794922,4494.615234,4478.846191,4374.487305,4446.025879,3126.000000,4.000000,85.000000,,,,0.000000,4.000000,4.000000,4.000000,4.000000,4.000000,4.000000,4.000000,4.000000,4.000000,4.000000,4.000000,4.000000,4.000000,4.000000,100.000000,,,,,,,,,,,,,,,,,,,,,,,,,,,,,,,,,,,,,,,,,,,,,,,,,,,,,,,,,,,,,,,,,,,,,,,,,,,,,,,,,,,,,,
1676060293.207735,1676060293.208006,121.000000,0.000000,4313.717773,4306.666504,4316.282227,4307.948730,4304.871582,4300.000000,4305.897461,4280.256348,4304.615234,4286.538574,4493.333496,4478.974121,4375.769043,4448.461426,3249.000000,4.000000,85.000000,,,,0.000000,4.000000,4.000000,4.000000,4.000000,4.000000,4.000000,4.000000,4.000000,4.000000,4.000000,4.000000,4.000000,4.000000,4.000000,100.000000,,,,,,,,,,,,,,,,,,,,,,,,,,,,,,,,,,,,,,,,,,,,,,,,,,,,,,,,,,,,,,,,,,,,,,,,,,,,,,,,,,,,,,
1676060293.215544,1676060293.215814,122.000000,0.000000,4320.897461,4320.512695,4307.051270,4314.358887,4298.589844,4292.820313,4289.743652,4263.717773,4291.025879,4285.384766,4472.563965,4461.153809,4356.794922,4435.256348,2745.000000,4.000000,85.000000,,,,0.000000,4.000000,4.000000,4.000000,4.000000,4.000000,4.000000,4.000000,4.000000,4.000000,4.000000,4.000000,4.000000,4.000000,4.000000,100.000000,,,,,,,,,,,,,,,,,,,,,,,,,,,,,,,,,,,,,,,,,,,,,,,,,,,,,,,,,,,,,,,,,,,,,,,,,,,,,,,,,,,,,,
1676060293.223352,1676060293.223523,123.000000,0.000000,4317.948730,4340.256348,4313.333496,4318.717773,4302.179688,4296.922852,4292.948730,4260.000000,4290.769043,4280.641113,4453.717773,4454.358887,4335.769043,4428.333496,2914.000000,4.000000,85.000000,,,,0.000000,4.000000,4.000000,4.000000,4.000000,4.000000,4.000000,4.000000,4.000000,4.000000,4.000000,4.000000,4.000000,4.000000,4.000000,100.000000,,,,,,,,,,,,,,,,,,,,,,,,,,,,,,,,,,,,,,,,,,,,,,,,,,,,,,,,,,,,,,,,,,,,,,,,,,,,,,,,,,,,,,
1676060293.231161,1676060293.231331,124.000000,0.000000,4320.256348,4362.179688,4331.282227,4330.000000,4314.615234,4309.102539,4307.692383,4267.563965,4293.846191,4277.051270,4446.666504,4461.794922,4331.794922,4432.563965,3126.000000,4.000000,85.000000,,,,0.000000,4.000000,4.000000,4.000000,4.000000,4.000000,4.000000,4.000000,4.000000,4.000000,4.000000,4.000000,4.000000,4.000000,4.000000,100.000000,,,,,,,,,,,,,,,,,,,,,,,,,,,,,,,,,,,,,,,,,,,,,,,,,,,,,,,,,,,,,,,,,,,,,,,,,,,,,,,,,,,,,,
1676060293.238969,1676060293.239040,125.000000,0.000000,4320.512695,4360.384766,4329.102539,4332.307617,4314.230957,4305.769043,4305.641113,4268.589844,4289.871582,4282.436035,4445.897461,4464.230957,4332.563965,4437.051270,3249.000000,4.000000,85.000000,,,,0.000000,4.000000,4.000000,4.000000,4.000000,4.000000,4.000000,4.000000,4.000000,4.000000,4.000000,4.000000,4.000000,4.000000,4.000000,100.000000,,,,,,,,,,,,,,,,,,,,,,,,,,,,,,,,,,,,,,,,,,,,,,,,,,,,,,,,,,,,,,,,,,,,,,,,,,,,,,,,,,,,,,
1676060293.246777,1676060293.246948,126.000000,0.000000,4304.102539,4338.846191,4308.205078,4315.769043,4299.102539,4289.230957,4289.358887,4254.102539,4280.128418,4277.563965,4438.205078,4446.794922,4324.615234,4424.871582,2745.000000,4.000000,85.000000,,,,0.000000,4.000000,4.000000,4.000000,4.000000,4.000000,4.000000,4.000000,4.000000,4.000000,4.000000,4.000000,4.000000,4.000000,4.000000,100.000000,,,,,,,,,,,,,,,,,2.495049,0.979965,1.923440,1.716119,1.392782,13.647429,3.240332,2.553684,1.884232,1.025494,1.441576,0.713373,2.576457,1.619188,1.256534,5.459884,1.664260,1.959257,1.691366,1.010113,1.470495,0.782103,0.968943,1.000717,0.586997,0.958332,0.910898,0.729504,0.624154,0.595611,0.421811,0.509448,1.317057,0.903696,1.017852,0.822063,0.606749,1.596704,1.365873,1.155771,1.196058,0.341037,1.338637,1.409487,1.352979,1.285784,0.968461,1.865513,1.627137,1.366536,10.369688,2.800632,2.532017,2.342129,1.985539,3.668212,2.042335,2.611920,2.224841,1.902204,11.240586,4.963901,1.985892,2.190420,2.025887,5.657556,2.661922,2.379059,2.552229,1.987424
1676060293.254586,1676060293.254756,127.000000,0.000000,4296.794922,4339.230957,4304.743652,4315.769043,4298.077148,4293.717773,4287.820313,4244.743652,4275.512695,4261.282227,4428.333496,4433.846191,4320.128418,4413.589844,85.000000,4.000000,85.000000,,,,0.000000,4.000000,4.000000,4.000000,4.000000,4.000000,4.000000,4.000000,4.000000,4.000000,4.000000,4.000000,4.000000,4.000000,4.000000,100.000000,,,,,,,,,,,,,,,,,,,,,,,,,,,,,,,,,,,,,,,,,,,,,,,,,,,,,,,,,,,,,,,,,,,,,,,,,,,,,,,,,,,,,,
1676060293.262394,1676060293.262665,0.000000,0.000000,4306.794922,4356.538574,4320.000000,4333.333496,4313.589844,4312.692383,4301.794922,4260.000000,4286.666504,4258.589844,4431.922852,4448.974121,4326.666504,4421.794922,2515.000000,4.000000,85.000000,,,,0.000000,4.000000,4.000000,4.000000,4.000000,4.000000,4.000000,4.000000,4.000000,4.000000,4.000000,4.000000,4.000000,4.000000,4.000000,100.000000,,,,,,,,,,,,,,,,,,,,,,,,,,,,,,,,,,,,,,,,,,,,,,,,,,,,,,,,,,,,,,,,,,,,,,,,,,,,,,,,,,,,,,
1676060293.270203,1676060293.270473,1.000000,0.000000,4307.436035,4355.897461,4326.794922,4333.461426,4318.717773,4314.871582,4305.897461,4279.487305,4298.846191,4273.717773,4441.538574,4466.153809,4334.230957,4429.743652,2466.000000,4.000000,85.000000,,,,0.000000,4.000000,4.000000,4.000000,4.000000,4.000000,4.000000,4.000000,4.000000,4.000000,4.000000,4.000000,4.000000,4.000000,4.000000,100.000000,,,,,,,,,,,,,,,,,,,,,,,,,,,,,,,,,,,,,,,,,,,,,,,,,,,,,,,,,,,,,,,,,,,,,,,,,,,,,,,,,,,,,,
1676060293.278011,1676060293.278382,2.000000,0.000000,4305.769043,4345.384766,4321.794922,4324.487305,4312.307617,4313.205078,4301.794922,4279.230957,4298.461426,4281.666504,4445.128418,4462.436035,4338.077148,4429.230957,2398.000000,4.000000,85.000000,,,,0.000000,4.000000,4.000000,4.000000,4.000000,4.000000,4.000000,4.000000,4.000000,4.000000,4.000000,4.000000,4.000000,4.000000,4.000000,100.000000,,,,,,,,,,,,,,,,,,,,,,,,,,,,,,,,,,,,,,,,,,,,,,,,,,,,,,,,,,,,,,,,,,,,,,,,,,,,,,,,,,,,,,
1676060293.285819,1676060293.286190,3.000000,0.000000,4311.922852,4343.333496,4318.589844,4326.153809,4311.410156,4323.717773,4304.230957,4275.384766,4297.692383,4280.897461,4451.153809,4457.179688,4348.974121,4428.974121,2463.000000,4.000000,85.000000,,,,0.000000,4.000000,4.000000,4.000000,4.000000,4.000000,4.000000,4.000000,4.000000,4.000000,4.000000,4.000000,4.000000,4.000000,4.000000,100.000000,,,,,,,,,,,,,,,,,,,,,,,,,,,,,,,,,,,,,,,,,,,,,,,,,,,,,,,,,,,,,,,,,,,,,,,,,,,,,,,,,,,,,,
1676060293.293628,1676060293.294098,4.000000,0.000000,4308.461426,4341.666504,4317.436035,4324.871582,4312.948730,4329.358887,4304.102539,4278.846191,4302.179688,4287.051270,4458.461426,4462.563965,4365.256348,4431.025879,2431.000000,4.000000,85.000000,,,,0.000000,4.000000,4.000000,4.000000,4.000000,4.000000,4.000000,4.000000,4.000000,4.000000,4.000000,4.000000,4.000000,4.000000,4.000000,100.000000,,,,,,,,,,,,,,,,,,,,,,,,,,,,,,,,,,,,,,,,,,,,,,,,,,,,,,,,,,,,,,,,,,,,,,,,,,,,,,,,,,,,,,
1676060293.301436,1676060293.301907,5.000000,0.000000,4293.974121,4327.820313,4313.333496,4314.615234,4312.563965,4328.077148,4298.589844,4276.666504,4300.000000,4287.051270,4452.563965,4464.358887,4363.205078,4428.974121,2379.000000,4.000000,85.000000,,,,0.000000,4.000000,4.000000,4.000000,4.000000,4.000000,4.000000,4.000000,4.000000,4.000000,4.000000,4.000000,4.000000,4.000000,4.000000,100.000000,,,,,,,,,,,,,,,,,,,,,,,,,,,,,,,,,,,,,,,,,,,,,,,,,,,,,,,,,,,,,,,,,,,,,,,,,,,,,,,,,,,,,,
1676060293.309245,1676060293.309815,6.000000,0.000000,4278.589844,4305.512695,4300.769043,4301.794922,4308.589844,4327.692383,4293.717773,4265.512695,4282.436035,4265.769043,4432.820313,4449.615234,4335.641113,4411.025879,2226.000000,4.000000,85.000000,,,,0.000000,4.000000,4.000000,4.000000,4.000000,4.000000,4.000000,4.000000,4.000000,4.000000,4.000000,4.000000,4.000000,4.000000,4.000000,100.000000,,,,,,,,,,,,,,,,,,,,,,,,,,,,,,,,,,,,,,,,,,,,,,,,,,,,,,,,,,,,,,,,,,,,,,,,,,,,,,,,,,,,,,
1676060293.317053,1676060293.317624,7.000000,0.000000,4271.153809,4297.563965,4292.948730,4290.256348,4299.358887,4320.641113,4293.589844,4261.282227,4273.589844,4255.256348,4421.282227,4436.282227,4324.871582,4395.256348,2221.000000,4.000000,85.000000,,,,0.000000,4.000000,4.000000,4.000000,4.000000,4.000000,4.000000,4.000000,4.000000,4.000000,4.000000,4.000000,4.000000,4.000000,4.000000,100.000000,,,,,,,,,,,,,,,,,,,,,,,,,,,,,,,,,,,,,,,,,,,,,,,,,,,,,,,,,,,,,,,,,,,,,,,,,,,,,,,,,,,,,,
1676060293.324861,1676060293.325332,8.000000,0.000000,4277.436035,4308.077148,4302.307617,4292.948730,4294.358887,4309.871582,4294.487305,4266.025879,4286.666504,4274.102539,4424.358887,4439.487305,4342.436035,4402.436035,2276.000000,4.000000,85.000000,,,,0.000000,4.000000,4.000000,4.000000,4.000000,4.000000,4.000000,4.000000,4.000000,4.000000,4.000000,4.000000,4.000000,4.000000,4.000000,100.000000,,,,,,,,,,,,,,,,,,,,,,,,,,,,,,,,,,,,,,,,,,,,,,,,,,,,,,,,,,,,,,,,,,,,,,,,,,,,,,,,,,,,,,
1676060293.332670,1676060293.333141,9.000000,0.000000,4290.512695,4315.641113,4313.589844,4305.897461,4297.563965,4307.436035,4294.358887,4264.358887,4295.128418,4286.282227,4429.230957,4448.589844,4348.846191,4417.307617,2234.000000,4.000000,85.000000,,,,0.000000,4.000000,4.000000,4.000000,4.000000,4.000000,4.000000,4.000000,4.000000,4.000000,4.000000,4.000000,4.000000,4.000000,4.000000,100.000000,,,,,,,,,,,,,,,,,,,,,,,,,,,,,,,,,,,,,,,,,,,,,,,,,,,,,,,,,,,,,,,,,,,,,,,,,,,,,,,,,,,,,,
1676060293.340478,1676060293.340849,10.000000,0.000000,4308.205078,4324.487305,4328.846191,4321.538574,4309.743652,4320.256348,4304.358887,4273.974121,4300.897461,4292.179688,4448.333496,4466.922852,4357.948730,4434.230957,2715.000000,4.000000,85.000000,,,,0.000000,4.000000,4.000000,4.000000,4.000000,4.000000,4.000000,4.000000,4.000000,4.000000,4.000000,4.000000,4.000000,4.000000,4.000000,100.000000,,,,,,,,,,,,,,,,,,,,,,,,,,,,,,,,,,,,,,,,,,,,,,,,,,,,,,,,,,,,,,,,,,,,,,,,,,,,,,,,,,,,,,
1676060293.348286,1676060293.348658,11.000000,0.000000,4313.333496,4333.717773,4342.051270,4327.051270,4316.922852,4328.461426,4313.846191,4292.692383,4310.897461,4299.743652,4467.563965,4482.820313,4378.461426,4444.743652,2895.000000,4.000000,85.000000,,,,0.000000,4.000000,4.000000,4.000000,4.000000,4.000000,4.000000,4.000000,4.000000,4.000000,4.000000,4.000000,4.000000,4.000000,4.000000,100.000000,,,,,,,,,,,,,,,,,,,,,,,,,,,,,,,,,,,,,,,,,,,,,,,,,,,,,,,,,,,,,,,,,,,,,,,,,,,,,,,,,,,,,,
1676060293.356095,1676060293.356366,12.000000,0.000000,4303.205078,4331.538574,4337.307617,4318.717773,4312.179688,4317.307617,4308.717773,4291.025879,4308.717773,4299.871582,4458.846191,4477.051270,4374.615234,4439.230957,3111.000000,4.000000,85.000000,,,,0.000000,4.000000,4.000000,4.000000,4.000000,4.000000,4.000000,4.000000,4.000000,4.000000,4.000000,4.000000,4.000000,4.000000,4.000000,100.000000,,,,,,,,,,,,,,,,,,,,,,,,,,,,,,,,,,,,,,,,,,,,,,,,,,,,,,,,,,,,,,,,,,,,,,,,,,,,,,,,,,,,,,
1676060293.363903,1676060293.364175,13.000000,0.000000,4296.410156,4323.205078,4326.153809,4312.051270,4310.128418,4312.307617,4302.307617,4276.153809,4294.230957,4293.333496,4439.743652,4462.563965,4356.025879,4426.922852,3229.000000,4.000000,85.000000,,,,0.000000,4.000000,4.000000,4.000000,4.000000,4.000000,4.000000,4.000000,4.000000,4.000000,4.000000,4.000000,4.000000,4.000000,4.000000,100.000000,,,,,,,,,,,,,,,,,,,,,,,,,,,,,,,,,,,,,,,,,,,,,,,,,,,,,,,,,,,,,,,,,,,,,,,,,,,,,,,,,,,,,,
1676060293.371712,1676060293.371883,14.000000,0.000000,4294.358887,4316.410156,4321.794922,4310.769043,4314.230957,4321.794922,4300.512695,4272.436035,4288.333496,4277.692383,4435.897461,4455.384766,4352.179688,4419.358887,2715.000000,4.000000,85.000000,,,,0.000000,4.000000,4.000000,4.000000,4.000000,4.000000,4.000000,4.000000,4.000000,4.000000,4.000000,4.000000,4.000000,4.000000,4.000000,100.000000,1.000000,41.666668,4.000000,4.000000,1.000000,4.000000,4.000000,4.000000,3.000000,3.000000,4.000000,3.000000,3.000000,1.000000,3.000000,3.000000,2.938398,1.068348,2.122374,1.507367,1.262062,13.019112,3.108536,2.785691,1.691153,1.015240,1.653005,0.883111,2.698736,1.514738,1.210017,5.187386,1.686445,2.125274,1.485479,0.958081,1.373701,0.609747,1.043111,0.879160,0.540517,1.079425,0.844375,0.751402,0.535443,0.570878,0.636291,0.523321,1.362404,0.761576,0.973860,0.928477,0.570163,1.542661,1.177199,1.063216,1.208521,0.347651,1.466727,1.342448,1.275026,1.363570,1.037504,2.250733,1.567494,1.187863,14.065458,3.684573,2.609973,2.349010,1.970533,3.364191,1.927410,2.564329,2.029639,1.816091,11.357194,4.659680,2.262461,2.121161,1.904395,6.405243,2.707547,2.594833,2.438205,1.861081
1676060293.379520,1676060293.379792,15.000000,0.000000,4279.230957,4301.153809,4305.128418,4297.436035,4302.436035,4309.102539,4284.487305,4264.230957,4281.282227,4253.589844,4417.820313,4434.358887,4335.641113,4402.179688,2895.000000,4.000000,85.000000,,,,0.000000,4.000000,4.000000,4.000000,4.000000,4.000000,4.000000,4.000000,4.000000,4.000000,4.000000,4.000000,4.000000,4.000000,4.000000,100.000000,,,,,,,,,,,,,,,,,,,,,,,,,,,,,,,,,,,,,,,,,,,,,,,,,,,,,,,,,,,,,,,,,,,,,,,,,,,,,,,,,,,,,,
1676060293.387328,1676060293.387600,16.000000,0.000000,4266.794922,4290.512695,4286.410156,4285.769043,4289.102539,4287.051270,4274.487305,4251.025879,4271.794922,4254.102539,4394.102539,4415.769043,4315.641113,4384.230957,0.000000,4.000000,85.000000,,,,0.000000,4.000000,4.000000,4.000000,4.000000,4.000000,4.000000,4.000000,4.000000,4.000000,4.000000,4.000000,4.000000,4.000000,4.000000,100.000000,,,,,,,,,,,,,,,,,,,,,,,,,,,,,,,,,,,,,,,,,,,,,,,,,,,,,,,,,,,,,,,,,,,,,,,,,,,,,,,,,,,,,,
1676060293.395137,1676060293.395508,17.000000,0.000000,4286.282227,4310.384766,4305.384766,4305.769043,4308.589844,4306.538574,4298.205078,4264.871582,4286.538574,4290.512695,4418.846191,4444.615234,4343.461426,4405.256348,0.000000,4.000000,85.000000,,,,0.000000,4.000000,4.000000,4.000000,4.000000,4.000000,4.000000,4.000000,4.000000,4.000000,4.000000,4.000000,4.000000,4.000000,4.000000,100.000000,,,,,,,,,,,,,,,,,,,,,,,,,,,,,,,,,,,,,,,,,,,,,,,,,,,,,,,,,,,,,,,,,,,,,,,,,,,,,,,,,,,,,,
1676060293.402945,1676060293.403317,18.000000,0.000000,4303.333496,4323.077148,4324.102539,4323.589844,4320.384766,4325.641113,4313.461426,4280.384766,4297.051270,4296.794922,4444.871582,4468.589844,4370.128418,4427.563965,0.000000,4.000000,85.000000,,,,0.000000,4.000000,4.000000,4.000000,4.000000,4.000000,4.000000,4.000000,4.000000,4.000000,4.000000,4.000000,4.000000,4.000000,4.000000,100.000000,,,,,,,,,,,,,,,,,,,,,,,,,,,,,,,,,,,,,,,,,,,,,,,,,,,,,,,,,,,,,,,,,,,,,,,,,,,,,,,,,,,,,,
1676060293.410753,1676060293.411225,19.000000,0.000000,4294.487305,4310.128418,4313.461426,4313.717773,4305.000000,4309.487305,4298.589844,4271.153809,4287.692383,4269.487305,4431.153809,4456.282227,4358.974121,4419.487305,0.000000,4.000000,85.000000,,,,0.000000,4.000000,4.000000,4.000000,4.000000,4.000000,4.000000,4.000000,4.000000,4.000000,4.000000,4.000000,4.000000,4.000000,4.000000,100.000000,,,,,,,,,,,,,,,,,,,,,,,,,,,,,,,,,,,,,,,,,,,,,,,,,,,,,,,,,,,,,,,,,,,,,,,,,,,,,,,,,,,,,,
1676060293.418562,1676060293.419034,20.000000,0.000000,4273.205078,4293.333496,4295.641113,4296.922852,4292.948730,4295.000000,4282.179688,4253.205078,4275.384766,4258.717773,4407.948730,4441.410156,4338.333496,4397.692383,0.000000,4.000000,85.000000,,,,0.000000,4.000000,4.000000,4.000000,4.000000,4.000000,4.000000,4.000000,4.000000,4.000000,4.000000,4.000000,4.000000,4.000000,4.000000,100.000000,,,,,,,,,,,,,,,,,,,,,,,,,,,,,,,,,,,,,,,,,,,,,,,,,,,,,,,,,,,,,,,,,,,,,,,,,,,,,,,,,,,,,,
1676060293.426370,1676060293.426842,21.000000,0.000000,4253.974121,4278.846191,4276.153809,4288.717773,4281.025879,4288.717773,4272.179688,4239.358887,4260.897461,4255.641113,4387.820313,4428.717773,4319.871582,4375.384766,0.000000,4.000000,85.000000,,,,0.000000,4.000000,4.000000,4.000000,4.000000,4.000000,4.000000,4.000000,4.000000,4.000000,4.000000,4.000000,4.000000,4.000000,4.000000,100.000000,,,,,,,,,,,,,,,,,,,,,,,,,,,,,,,,,,,,,,,,,,,,,,,,,,,,,,,,,,,,,,,,,,,,,,,,,,,,,,,,,,,,,,
1676060293.434178,1676060293.434551,22.000000,0.000000,4268.846191,4294.358887,4288.717773,4316.538574,4283.333496,4290.897461,4282.820313,4256.025879,4272.692383,4264.487305,4400.256348,4447.948730,4333.333496,4391.666504,0.000000,4.000000,85.000000,,,,0.000000,4.000000,4.000000,4.000000,4.000000,4.000000,4.000000,4.000000,4.000000,4.000000,4.000000,4.000000,4.000000,4.000000,4.000000,100.000000,,,,,,,,,,,,,,,,,,,,,,,,,,,,,,,,,,,,,,,,,,,,,,,,,,,,,,,,,,,,,,,,,,,,,,,,,,,,,,,,,,,,,,
1676060293.441987,1676060293.442459,23.000000,0.000000,4300.128418,4326.922852,4329.487305,4359.615234,4308.333496,4308.205078,4310.512695,4290.897461,4309.615234,4291.794922,4442.436035,4498.974121,4372.307617,4435.000000,0.000000,4.000000,85.000000,,,,0.000000,4.000000,4.000000,4.000000,4.000000,4.000000,4.000000,4.000000,4.000000,4.000000,4.000000,4.000000,4.000000,4.000000,4.000000,100.000000,,,,,,,,,,,,,,,,,,,,,,,,,,,,,,,,,,,,,,,,,,,,,,,,,,,,,,,,,,,,,,,,,,,,,,,,,,,,,,,,,,,,,,
1676060293.449795,1676060293.450267,24.000000,0.000000,4304.871582,4330.512695,4335.256348,4364.102539,4314.102539,4315.641113,4320.384766,4296.666504,4322.820313,4305.512695,4454.615234,4516.282227,4381.794922,4443.205078,0.000000,4.000000,85.000000,,,,0.000000,4.000000,4.000000,4.000000,4.000000,4.000000,4.000000,4.000000,4.000000,4.000000,4.000000,4.000000,4.000000,4.000000,4.000000,100.000000,,,,,,,,,,,,,,,,,,,,,,,,,,,,,,,,,,,,,,,,,,,,,,,,,,,,,,,,,,,,,,,,,,,,,,,,,,,,,,,,,,,,,,
1676060293.457604,1676060293.458176,25.000000,0.000000,4291.282227,4316.538574,4310.000000,4347.051270,4296.025879,4303.589844,4307.436035,4280.000000,4307.563965,4293.333496,4433.461426,4493.461426,4363.589844,4416.922852,0.000000,4.000000,85.000000,,,,0.000000,4.000000,4.000000,4.000000,4.000000,4.000000,4.000000,4.000000,4.000000,4.000000,4.000000,4.000000,4.000000,4.000000,4.000000,100.000000,,,,,,,,,,,,,,,,,,,,,,,,,,,,,,,,,,,,,,,,,,,,,,,,,,,,,,,,,,,,,,,,,,,,,,,,,,,,,,,,,,,,,,
1676060293.465412,1676060293.465984,26.000000,0.000000,4289.230957,4313.205078,4307.820313,4351.025879,4297.179688,4299.871582,4299.871582,4277.692383,4300.897461,4285.000000,4429.230957,4493.461426,4359.615234,4412.179688,0.000000,4.000000,85.000000,,,,0.000000,4.000000,4.000000,4.000000,4.000000,4.000000,4.000000,4.000000,4.000000,4.000000,4.000000,4.000000,4.000000,4.000000,4.000000,100.000000,,,,,,,,,,,,,,,,,,,,,,,,,,,,,,,,,,,,,,,,,,,,,,,,,,,,,,,,,,,,,,,,,,,,,,,,,,,,,,,,,,,,,,
1676060293.473220,1676060293.473892,27.000000,0.000000,4284.487305,4305.000000,4309.358887,4346.025879,4303.589844,4300.769043,4291.538574,4273.333496,4290.641113,4276.282227,4422.948730,4494.358887,4351.666504,4412.692383,0.000000,4.000000,85.000000,,,,0.000000,4.000000,4.000000,4.000000,4.000000,4.000000,4.000000,4.000000,4.000000,4.000000,4.000000,4.000000,4.000000,4.000000,4.000000,100.000000,,,,,,,,,,,,,,,,,,,,,,,,,,,,,,,,,,,,,,,,,,,,,,,,,,,,,,,,,,,,,,,,,,,,,,,,,,,,,,,,,,,,,,
1676060293.481029,1676060293.481701,28.000000,0.000000,4273.589844,4294.487305,4293.846191,4328.461426,4294.743652,4294.487305,4278.717773,4260.000000,4274.871582,4259.871582,4404.871582,4473.077148,4334.358887,4394.871582,0.000000,4.000000,85.000000,,,,0.000000,4.000000,4.000000,4.000000,4.000000,4.000000,4.000000,4.000000,4.000000,4.000000,4.000000,4.000000,4.000000,4.000000,4.000000,100.000000,,,,,,,,,,,,,,,,,,,,,,,,,,,,,,,,,,,,,,,,,,,,,,,,,,,,,,,,,,,,,,,,,,,,,,,,,,,,,,,,,,,,,,
1676060293.488837,1676060293.489609,29.000000,0.000000,4275.512695,4299.743652,4292.948730,4333.205078,4294.102539,4293.846191,4278.589844,4261.153809,4280.128418,4260.641113,4409.358887,4473.333496,4340.000000,4394.743652,0.000000,4.000000,85.000000,,,,0.000000,4.000000,4.000000,4.000000,4.000000,4.000000,4.000000,4.000000,4.000000,4.000000,4.000000,4.000000,4.000000,4.000000,4.000000,100.000000,,,,,,,,,,,,,,,,,,,,,,,,,,,,,,,,,,,,,,,,,,,,,,,,,,,,,,,,,,,,,,,,,,,,,,,,,,,,,,,,,,,,,,
1676060293.496646,1676060293.497418,30.000000,0.000000,4281.794922,4297.563965,4301.025879,4338.077148,4298.205078,4297.307617,4285.769043,4264.615234,4282.948730,4271.538574,4416.153809,4482.307617,4350.897461,4406.922852,0.000000,4.000000,85.000000,,,,0.000000,4.000000,4.000000,4.000000,4.000000,4.000000,4.000000,4.000000,4.000000,4.000000,4.000000,4.000000,4.000000,4.000000,4.000000,100.000000,,,,,,,,,,,,,,,,,3.262360,1.183793,2.303162,1.314339,1.173311,11.870040,3.075105,2.999173,1.528603,1.070622,1.851054,1.117651,2.773574,1.430710,1.231021,4.791654,1.780932,2.290123,1.309283,0.973041,1.238673,0.474832,1.089512,0.771810,0.538025,1.138705,0.748510,0.786042,0.464660,0.547667,0.924634,0.544785,1.405400,0.667679,0.952033,1.030511,0.527853,1.481066,1.007130,1.024270,1.274768,0.342758,1.563227,1.265862,1.228890,1.460153,1.080038,2.655374,1.481390,1.116369,18.349283,4.609982,2.523042,2.382851,2.022335,3.175201,1.811618,2.490762,1.882023,1.824885,11.822474,4.455142,2.341964,2.019032,1.827643,7.171185,2.743015,2.680069,2.265994,1.824318
1676060293.504454,1676060293.505126,31.000000,0.000000,4281.025879,4290.000000,4298.333496,4328.333496,4298.717773,4298.589844,4290.000000,4260.512695,4277.820313,4275.384766,4409.743652,4476.666504,4347.692383,4406.282227,0.000000,4.000000,85.000000,,,,0.000000,4.000000,4.000000,4.000000,4.000000,4.000000,4.000000,4.000000,4.000000,4.000000,4.000000,4.000000,4.000000,4.000000,4.000000,100.000000,,,,,,,,,,,,,,,,,,,,,,,,,,,,,,,,,,,,,,,,,,,,,,,,,,,,,,,,,,,,,,,,,,,,,,,,,,,,,,,,,,,,,,
1676060293.512262,1676060293.513035,32.000000,0.000000,4279.358887,4299.871582,4296.153809,4330.128418,4304.358887,4303.461426,4296.794922,4267.051270,4284.743652,4276.410156,4412.820313,4475.769043,4347.692383,4403.205078,0.000000,4.000000,85.000000,,,,0.000000,4.000000,4.000000,4.000000,4.000000,4.000000,4.000000,4.000000,4.000000,4.000000,4.000000,4.000000,4.000000,4.000000,4.000000,100.000000,,,,,,,,,,,,,,,,,,,,,,,,,,,,,,,,,,,,,,,,,,,,,,,,,,,,,,,,,,,,,,,,,,,,,,,,,,,,,,,,,,,,,,
1676060293.520071,1676060293.520843,33.000000,0.000000,4290.384766,4316.153809,4307.051270,4343.205078,4312.051270,4311.922852,4307.307617,4281.538574,4297.563965,4282.692383,4424.230957,4493.205078,4359.230957,4417.692383,0.000000,4.000000,85.000000,,,,0.000000,4.000000,4.000000,4.000000,4.000000,4.000000,4.000000,4.000000,4.000000,4.000000,4.000000,4.000000,4.000000,4.000000,4.000000,100.000000,,,,,,,,,,,,,,,,,,,,,,,,,,,,,,,,,,,,,,,,,,,,,,,,,,,,,,,,,,,,,,,,,,,,,,,,,,,,,,,,,,,,,,
1676060293.527879,1676060293.528652,34.000000,0.000000,4303.974121,4319.743652,4322.692383,4348.461426,4314.871582,4318.205078,4315.512695,4289.358887,4306.922852,4286.410156,4435.897461,4510.512695,4368.461426,4437.051270,0.000000,4.000000,85.000000,,,,0.000000,4.000000,4.000000,4.000000,4.000000,4.000000,4.000000,4.000000,4.000000,4.000000,4.000000,4.000000,4.000000,4.000000,4.000000,100.000000,,,,,,,,,,,,,,,,,,,,,,,,,,,,,,,,,,,,,,,,,,,,,,,,,,,,,,,,,,,,,,,,,,,,,,,,,,,,,,,,,,,,,,
1676060293.535688,1676060293.536360,35.000000,0.000000,4299.871582,4311.538574,4319.102539,4346.025879,4312.820313,4315.769043,4311.410156,4286.538574,4311.922852,4283.205078,4443.077148,4504.743652,4371.410156,4432.179688,0.000000,4.000000,85.000000,,,,0.000000,4.000000,4.000000,4.000000,4.000000,4.000000,4.000000,4.000000,4.000000,4.000000,4.000000,4.000000,4.000000,4.000000,4.000000,100.000000,,,,,,,,,,,,,,,,,,,,,,,,,,,,,,,,,,,,,,,,,,,,,,,,,,,,,,,,,,,,,,,,,,,,,,,,,,,,,,,,,,,,,,
1676060293.543496,1676060293.544169,36.000000,0.000000,4292.692383,4309.230957,4308.077148,4341.153809,4308.846191,4305.128418,4300.897461,4283.333496,4310.256348,4285.512695,4439.871582,4491.153809,4370.641113,4419.743652,0.000000,4.000000,85.000000,,,,0.000000,4.000000,4.000000,4.000000,4.000000,4.000000,4.000000,4.000000,4.000000,4.000000,4.000000,4.000000,4.000000,4.000000,4.000000,100.000000,,,,,,,,,,,,,,,,,,,,,,,,,,,,,,,,,,,,,,,,,,,,,,,,,,,,,,,,,,,,,,,,,,,,,,,,,,,,,,,,,,,,,,
1676060293.551304,1676060293.551877,37.000000,0.000000,4297.179688,4312.563965,4310.641113,4333.717773,4302.307617,4297.307617,4293.717773,4280.641113,4306.025879,4289.743652,4429.871582,4490.512695,4366.282227,4424.615234,0.000000,4.000000,85.000000,,,,0.000000,4.000000,4.000000,4.000000,4.000000,4.000000,4.000000,4.000000,4.000000,4.000000,4.000000,4.000000,4.000000,4.000000,4.000000,100.000000,,,,,,,,,,,,,,,,,,,,,,,,,,,,,,,,,,,,,,,,,,,,,,,,,,,,,,,,,,,,,,,,,,,,,,,,,,,,,,,,,,,,,,
1676060293.559113,1676060293.559686,38.000000,0.000000,4291.922852,4304.743652,4306.538574,4326.538574,4294.743652,4295.000000,4284.358887,4266.538574,4296.410156,4283.846191,4418.333496,4486.666504,4357.820313,4420.641113,0.000000,4.000000,85.000000,,,,0.000000,4.000000,4.000000,4.000000,4.000000,4.000000,4.000000,4.000000,4.000000,4.000000,4.000000,4.000000,4.000000,4.000000,4.000000,100.000000,,,,,,,,,,,,,,,,,,,,,,,,,,,,,,,,,,,,,,,,,,,,,,,,,,,,,,,,,,,,,,,,,,,,,,,,,,,,,,,,,,,,,,
1676060293.566921,1676060293.567394,39.000000,0.000000,4279.358887,4294.102539,4291.153809,4323.333496,4294.230957,4292.820313,4277.179688,4252.051270,4277.436035,4272.948730,4407.692383,4470.128418,4346.410156,4399.615234,0.000000,4.000000,85.000000,,,,0.000000,4.000000,4.000000,4.000000,4.000000,4.000000,4.000000,4.000000,4.000000,4.000000,4.000000,4.000000,4.000000,4.000000,4.000000,100.000000,,,,,,,,,,,,,,,,,,,,,,,,,,,,,,,,,,,,,,,,,,,,,,,,,,,,,,,,,,,,,,,,,,,,,,,,,,,,,,,,,,,,,,
1676060293.574730,1676060293.575203,40.000000,0.000000,4287.563965,4303.077148,4300.769043,4334.102539,4304.487305,4297.051270,4289.358887,4265.000000,4283.077148,4276.538574,4417.436035,4476.538574,4352.948730,4405.769043,0.000000,4.000000,85.000000,,,,0.000000,4.000000,4.000000,4.000000,4.000000,4.000000,4.000000,4.000000,4.000000,4.000000,4.000000,4.000000,4.000000,4.000000,4.000000,100.000000,,,,,,,,,,,,,,,,,,,,,,,,,,,,,,,,,,,,,,,,,,,,,,,,,,,,,,,,,,,,,,,,,,,,,,,,,,,,,,,,,,,,,,
1676060293.582538,1676060293.582911,41.000000,0.000000,4300.769043,4317.436035,4321.282227,4343.333496,4313.717773,4310.897461,4307.307617,4280.384766,4304.487305,4290.128418,4433.974121,4497.820313,4369.743652,4430.000000,0.000000,4.000000,85.000000,,,,0.000000,4.000000,4.000000,4.000000,4.000000,4.000000,4.000000,4.000000,4.000000,4.000000,4.000000,4.000000,4.000000,4.000000,4.000000,100.000000,,,,,,,,,,,,,,,,,,,,,,,,,,,,,,,,,,,,,,,,,,,,,,,,,,,,,,,,,,,,,,,,,,,,,,,,,,,,,,,,,,,,,,
1676060293.590346,1676060293.590720,42.000000,0.000000,4295.384766,4307.948730,4309.871582,4334.230957,4310.769043,4313.717773,4302.051270,4267.179688,4290.512695,4280.641113,4423.077148,4488.589844,4361.538574,4421.410156,0.000000,4.000000,85.000000,,,,0.000000,4.000000,4.000000,4.000000,4.000000,4.000000,4.000000,4.000000,4.000000,4.000000,4.000000,4.000000,4.000000,4.000000,4.000000,100.000000,,,,,,,,,,,,,,,,,,,,,,,,,,,,,,,,,,,,,,,,,,,,,,,,,,,,,,,,,,,,,,,,,,,,,,,,,,,,,,,,,,,,,,
1676060293.598155,1676060293.598428,43.000000,0.000000,4285.256348,4294.102539,4296.153809,4329.358887,4306.282227,4299.358887,4289.358887,4259.743652,4273.589844,4255.897461,4408.846191,4472.692383,4343.461426,4402.179688,0.000000,4.000000,85.000000,,,,0.000000,4.000000,4.000000,4.000000,4.000000,4.000000,4.000000,4.000000,4.000000,4.000000,4.000000,4.000000,4.000000,4.000000,4.000000,100.000000,,,,,,,,,,,,,,,,,,,,,,,,,,,,,,,,,,,,,,,,,,,,,,,,,,,,,,,,,,,,,,,,,,,,,,,,,,,,,,,,,,,,,,
1676060293.605963,1676060293.606237,44.000000,0.000000,4293.205078,4309.102539,4317.820313,4346.153809,4314.615234,4296.410156,4305.641113,4285.256348,4302.307617,4268.461426,4428.717773,4490.000000,4359.743652,4420.256348,0.000000,4.000000,85.000000,,,,0.000000,4.000000,4.000000,4.000000,4.000000,4.000000,4.000000,4.000000,4.000000,4.000000,4.000000,4.000000,4.000000,4.000000,4.000000,100.000000,,,,,,,,,,,,,,,,,,,,,,,,,,,,,,,,,,,,,,,,,,,,,,,,,,,,,,,,,,,,,,,,,,,,,,,,,,,,,,,,,,,,,,
1676060293.613771,1676060293.613945,45.000000,0.000000,4304.230957,4322.179688,4331.538574,4352.179688,4317.692383,4303.205078,4318.717773,4300.256348,4324.487305,4300.000000,4445.769043,4508.205078,4377.948730,4441.153809,0.000000,4.000000,85.000000,,,,0.000000,4.000000,4.000000,4.000000,4.000000,4.000000,4.000000,4.000000,4.000000,4.000000,4.000000,4.000000,4.000000,4.000000,4.000000,100.000000,,,,,,,,,,,,,,,,,,,,,,,,,,,,,,,,,,,,,,,,,,,,,,,,,,,,,,,,,,,,,,,,,,,,,,,,,,,,,,,,,,,,,,
1676060293.621580,1676060293.621853,46.000000,0.000000,4288.846191,4300.897461,4302.307617,4326.922852,4300.000000,4293.974121,4291.153809,4274.102539,4296.666504,4290.384766,4420.769043,4484.487305,4355.000000,4417.692383,0.000000,4.000000,85.000000,,,,0.000000,4.000000,4.000000,4.000000,4.000000,4.000000,4.000000,4.000000,4.000000,4.000000,4.000000,4.000000,4.000000,4.000000,4.000000,100.000000,,,,,,,,,,,,,,,,,3.374969,1.308751,2.366505,1.180697,1.136578,10.442841,3.096837,3.058188,1.442079,1.173661,1.954376,1.382841,2.667495,1.375619,1.306546,4.410231,1.907585,2.313278,1.197704,1.040999,1.121637,0.392860,1.058599,0.696541,0.573674,1.148469,0.628572,0.787339,0.417430,0.533280,1.198872,0.547600,1.378732,0.629904,0.951229,1.182805,0.499163,1.464152,0.887630,1.039257,1.355972,0.353340,1.620776,1.189825,1.213508,1.539809,1.101022,3.011034,1.391094,1.169571,22.133329,5.349600,2.302953,2.448338,2.102516,3.163370,1.742342,2.390903,1.802894,1.912541,12.152320,4.278481,2.232631,1.911290,1.791317,7.547348,2.749807,2.591756,2.073901,1.860520
1676060293.629388,1676060293.629662,47.000000,0.000000,4272.179688,4289.358887,4286.410156,4318.077148,4295.512695,4286.538574,4271.794922,4257.051270,4280.128418,4272.436035,4403.333496,4466.538574,4341.538574,4397.563965,0.000000,4.000000,85.000000,,,,0.000000,4.000000,4.000000,4.000000,4.000000,4.000000,4.000000,4.000000,4.000000,4.000000,4.000000,4.000000,4.000000,4.000000,4.000000,100.000000,,,,,,,,,,,,,,,,,,,,,,,,,,,,,,,,,,,,,,,,,,,,,,,,,,,,,,,,,,,,,,,,,,,,,,,,,,,,,,,,,,,,,,
1676060293.637197,1676060293.637570,48.000000,0.000000,4289.615234,4309.743652,4313.717773,4338.205078,4313.589844,4295.897461,4292.307617,4278.077148,4299.102539,4286.410156,4429.487305,4492.692383,4363.846191,4421.282227,0.000000,4.000000,85.000000,,,,0.000000,4.000000,4.000000,4.000000,4.000000,4.000000,4.000000,4.000000,4.000000,4.000000,4.000000,4.000000,4.000000,4.000000,4.000000,100.000000,,,,,,,,,,,,,,,,,,,,,,,,,,,,,,,,,,,,,,,,,,,,,,,,,,,,,,,,,,,,,,,,,,,,,,,,,,,,,,,,,,,,,,
1676060293.645005,1676060293.645379,49.000000,0.000000,4295.000000,4307.307617,4312.307617,4331.025879,4308.333496,4289.230957,4293.461426,4277.820313,4296.153809,4282.307617,4428.717773,4487.563965,4361.025879,4425.512695,0.000000,4.000000,85.000000,,,,0.000000,4.000000,4.000000,4.000000,4.000000,4.000000,4.000000,4.000000,4.000000,4.000000,4.000000,4.000000,4.000000,4.000000,4.000000,100.000000,,,,,,,,,,,,,,,,,,,,,,,,,,,,,,,,,,,,,,,,,,,,,,,,,,,,,,,,,,,,,,,,,,,,,,,,,,,,,,,,,,,,,,
1676060293.652813,1676060293.653287,50.000000,0.000000,4264.358887,4273.461426,4273.077148,4298.205078,4283.846191,4271.666504,4267.051270,4242.692383,4266.794922,4252.820313,4382.820313,4437.436035,4327.948730,4383.846191,0.000000,4.000000,85.000000,,,,0.000000,4.000000,4.000000,4.000000,4.000000,4.000000,4.000000,4.000000,4.000000,4.000000,4.000000,4.000000,4.000000,4.000000,4.000000,100.000000,,,,,,,,,,,,,,,,,,,,,,,,,,,,,,,,,,,,,,,,,,,,,,,,,,,,,,,,,,,,,,,,,,,,,,,,,,,,,,,,,,,,,,
1676060293.660622,1676060293.661095,51.000000,0.000000,4275.384766,4282.948730,4286.538574,4309.615234,4299.102539,4289.102539,4284.230957,4253.461426,4278.333496,4270.128418,4398.333496,4450.897461,4347.436035,4391.666504,0.000000,4.000000,85.000000,,,,0.000000,4.000000,4.000000,4.000000,4.000000,4.000000,4.000000,4.000000,4.000000,4.000000,4.000000,4.000000,4.000000,4.000000,4.000000,100.000000,,,,,,,,,,,,,,,,,,,,,,,,,,,,,,,,,,,,,,,,,,,,,,,,,,,,,,,,,,,,,,,,,,,,,,,,,,,,,,,,,,,,,,
1676060293.668430,1676060293.669004,52.000000,0.000000,4308.333496,4315.641113,4330.000000,4341.922852,4326.538574,4310.897461,4319.102539,4294.487305,4313.077148,4300.000000,4452.820313,4501.410156,4388.589844,4437.692383,0.000000,4.000000,85.000000,,,,0.000000,4.000000,4.000000,4.000000,4.000000,4.000000,4.000000,4.000000,4.000000,4.000000,4.000000,4.000000,4.000000,4.000000,4.000000,100.000000,,,,,,,,,,,,,,,,,,,,,,,,,,,,,,,,,,,,,,,,,,,,,,,,,,,,,,,,,,,,,,,,,,,,,,,,,,,,,,,,,,,,,,
1676060293.676238,1676060293.676812,53.000000,0.000000,4286.282227,4300.769043,4313.974121,4326.282227,4312.692383,4298.717773,4307.051270,4287.436035,4302.820313,4273.846191,4431.922852,4484.871582,4368.077148,4423.333496,0.000000,4.000000,85.000000,,,,0.000000,4.000000,4.000000,4.000000,4.000000,4.000000,4.000000,4.000000,4.000000,4.000000,4.000000,4.000000,4.000000,4.000000,4.000000,100.000000,,,,,,,,,,,,,,,,,,,,,,,,,,,,,,,,,,,,,,,,,,,,,,,,,,,,,,,,,,,,,,,,,,,,,,,,,,,,,,,,,,,,,,
1676060293.684047,1676060293.684721,54.000000,0.000000,4269.871582,4284.871582,4290.897461,4308.846191,4298.077148,4289.487305,4290.512695,4274.230957,4290.769043,4257.692383,4405.769043,4462.563965,4348.717773,4400.769043,0.000000,4.000000,85.000000,,,,0.000000,4.000000,4.000000,4.000000,4.000000,4.000000,4.000000,4.000000,4.000000,4.000000,4.000000,4.000000,4.000000,4.000000,4.000000,100.000000,,,,,,,,,,,,,,,,,,,,,,,,,,,,,,,,,,,,,,,,,,,,,,,,,,,,,,,,,,,,,,,,,,,,,,,,,,,,,,,,,,,,,,
1676060293.691855,1676060293.692529,55.000000,0.000000,4289.743652,4297.307617,4306.922852,4321.153809,4306.794922,4294.871582,4297.820313,4286.922852,4305.384766,4285.897461,4429.230957,4482.307617,4368.461426,4420.000000,0.000000,4.000000,85.000000,,,,0.000000,4.000000,4.000000,4.000000,4.000000,4.000000,4.000000,4.000000,4.000000,4.000000,4.000000,4.000000,4.000000,4.000000,4.000000,100.000000,,,,,,,,,,,,,,,,,,,,,,,,,,,,,,,,,,,,,,,,,,,,,,,,,,,,,,,,,,,,,,,,,,,,,,,,,,,,,,,,,,,,,,
1676060293.699664,1676060293.700238,56.000000,0.000000,4284.102539,4294.230957,4309.743652,4319.871582,4306.410156,4294.487305,4293.974121,4282.692383,4300.384766,4289.615234,4424.871582,4478.974121,4366.282227,4417.692383,0.000000,4.000000,85.000000,,,,0.000000,4.000000,4.000000,4.000000,4.000000,4.000000,4.000000,4.000000,4.000000,4.000000,4.000000,4.000000,4.000000,4.000000,4.000000,100.000000,,,,,,,,,,,,,,,,,,,,,,,,,,,,,,,,,,,,,,,,,,,,,,,,,,,,,,,,,,,,,,,,,,,,,,,,,,,,,,,,,,,,,,
1676060293.707472,1676060293.708046,57.000000,0.000000,4280.000000,4292.948730,4310.769043,4321.025879,4306.538574,4298.974121,4292.307617,4277.051270,4291.153809,4279.230957,4413.589844,4473.205078,4359.102539,4410.256348,0.000000,4.000000,85.000000,,,,0.000000,4.000000,4.000000,4.000000,4.000000,4.000000,4.000000,4.000000,4.000000,4.000000,4.000000,4.000000,4.000000,4.000000,4.000000,100.000000,,,,,,,,,,,,,,,,,,,,,,,,,,,,,,,,,,,,,,,,,,,,,,,,,,,,,,,,,,,,,,,,,,,,,,,,,,,,,,,,,,,,,,
1676060293.715280,1676060293.715755,58.000000,0.000000,4301.282227,4306.153809,4327.179688,4331.538574,4311.538574,4301.794922,4299.871582,4282.307617,4298.846191,4285.512695,4429.358887,4487.179688,4369.358887,4428.077148,0.000000,4.000000,85.000000,,,,0.000000,4.000000,4.000000,4.000000,4.000000,4.000000,4.000000,4.000000,4.000000,4.000000,4.000000,4.000000,4.000000,4.000000,4.000000,100.000000,,,,,,,,,,,,,,,,,,,,,,,,,,,,,,,,,,,,,,,,,,,,,,,,,,,,,,,,,,,,,,,,,,,,,,,,,,,,,,,,,,,,,,
1676060293.723089,1676060293.723563,59.000000,0.000000,4295.384766,4297.563965,4317.820313,4322.820313,4303.461426,4291.538574,4286.538574,4270.641113,4288.974121,4275.256348,4417.820313,4474.102539,4356.153809,4420.512695,0.000000,4.000000,85.000000,,,,0.000000,4.000000,4.000000,4.000000,4.000000,4.000000,4.000000,4.000000,4.000000,4.000000,4.000000,4.000000,4.000000,4.000000,4.000000,100.000000,,,,,,,,,,,,,,,,,,,,,,,,,,,,,,,,,,,,,,,,,,,,,,,,,,,,,,,,,,,,,,,,,,,,,,,,,,,,,,,,,,,,,,
1676060293.730897,1676060293.731272,60.000000,0.000000,4274.871582,4285.641113,4302.820313,4314.871582,4298.846191,4291.410156,4274.871582,4257.179688,4272.692383,4260.897461,4395.384766,4452.307617,4337.307617,4396.666504,0.000000,4.000000,85.000000,,,,0.000000,4.000000,4.000000,4.000000,4.000000,4.000000,4.000000,4.000000,4.000000,4.000000,4.000000,4.000000,4.000000,4.000000,4.000000,100.000000,,,,,,,,,,,,,,,,,,,,,,,,,,,,,,,,,,,,,,,,,,,,,,,,,,,,,,,,,,,,,,,,,,,,,,,,,,,,,,,,,,,,,,
1676060293.738706,1676060293.739080,61.000000,0.000000,4280.897461,4297.692383,4311.410156,4323.846191,4305.128418,4298.205078,4291.282227,4266.153809,4284.871582,4265.000000,4410.512695,4460.384766,4349.230957,4401.153809,0.000000,4.000000,85.000000,,,,0.000000,4.000000,4.000000,4.000000,4.000000,4.000000,4.000000,4.000000,4.000000,4.000000,4.000000,4.000000,4.000000,4.000000,4.000000,100.000000,,,,,,,,,,,,,,,,,,,,,,,,,,,,,,,,,,,,,,,,,,,,,,,,,,,,,,,,,,,,,,,,,,,,,,,,,,,,,,,,,,,,,,
1676060293.746514,1676060293.746789,62.000000,0.000000,4288.846191,4296.410156,4307.436035,4318.333496,4300.512695,4287.436035,4297.051270,4274.871582,4296.153809,4264.230957,4419.487305,4466.794922,4356.922852,4406.153809,0.000000,4.000000,85.000000,,,,0.000000,4.000000,4.000000,4.000000,4.000000,4.000000,4.000000,4.000000,4.000000,4.000000,4.000000,4.000000,4.000000,4.000000,4.000000,100.000000,,,,,,,,,,,,,,,,,3.229555,1.420282,2.292137,1.141145,1.136935,9.147931,3.161072,2.920067,1.458536,1.278857,1.920858,1.653572,2.374891,1.362800,1.393624,4.218415,2.062504,2.156998,1.171713,1.126674,1.041623,0.357019,0.947439,0.658866,0.627067,1.173274,0.498157,0.746950,0.399960,0.532697,1.379926,0.542112,1.286703,0.656890,0.957299,1.353472,0.539613,1.534837,0.845143,1.080288,1.396526,0.435548,1.673281,1.138696,1.206838,1.562253,1.119924,3.250586,1.352469,1.308184,24.222351,5.722016,2.066355,2.556587,2.149981,3.255946,1.789773,2.318495,1.813163,2.020108,11.903810,4.073065,2.041232,1.850381,1.762093,7.232638,2.730194,2.392658,1.922554,1.917209
1676060293.754322,1676060293.754597,63.000000,0.000000,4272.692383,4275.641113,4286.538574,4298.846191,4288.077148,4274.871582,4279.358887,4266.025879,4285.384766,4262.179688,4399.615234,4447.051270,4337.179688,4390.128418,0.000000,4.000000,85.000000,,,,0.000000,4.000000,4.000000,4.000000,4.000000,4.000000,4.000000,4.000000,4.000000,4.000000,4.000000,4.000000,4.000000,4.000000,4.000000,100.000000,,,,,,,,,,,,,,,,,,,,,,,,,,,,,,,,,,,,,,,,,,,,,,,,,,,,,,,,,,,,,,,,,,,,,,,,,,,,,,,,,,,,,,
1676060293.762131,1676060293.762306,64.000000,0.000000,4263.333496,4272.692383,4288.846191,4298.461426,4289.743652,4284.871582,4276.282227,4268.205078,4289.871582,4277.436035,4398.205078,4440.641113,4332.179688,4386.922852,2505.000000,4.000000,85.000000,,,,0.000000,4.000000,4.000000,4.000000,4.000000,4.000000,4.000000,4.000000,4.000000,4.000000,4.000000,4.000000,4.000000,4.000000,4.000000,100.000000,,,,,,,,,,,,,,,,,,,,,,,,,,,,,,,,,,,,,,,,,,,,,,,,,,,,,,,,,,,,,,,,,,,,,,,,,,,,,,,,,,,,,,
1676060293.769939,1676060293.770114,65.000000,0.000000,4271.410156,4283.974121,4299.871582,4304.871582,4297.948730,4295.641113,4286.922852,4279.871582,4302.692383,4285.000000,4415.256348,4457.563965,4349.871582,4397.948730,2468.000000,4.000000,85.000000,,,,0.000000,4.000000,4.000000,4.000000,4.000000,4.000000,4.000000,4.000000,4.000000,4.000000,4.000000,4.000000,4.000000,4.000000,4.000000,100.000000,,,,,,,,,,,,,,,,,,,,,,,,,,,,,,,,,,,,,,,,,,,,,,,,,,,,,,,,,,,,,,,,,,,,,,,,,,,,,,,,,,,,,,
1676060293.777748,1676060293.777823,66.000000,0.000000,4270.897461,4278.205078,4293.077148,4293.333496,4293.846191,4282.436035,4281.410156,4271.922852,4289.358887,4269.615234,4412.563965,4458.333496,4348.846191,4395.769043,2399.000000,4.000000,85.000000,,,,0.000000,4.000000,4.000000,4.000000,4.000000,4.000000,4.000000,4.000000,4.000000,4.000000,4.000000,4.000000,4.000000,4.000000,4.000000,100.000000,,,,,,,,,,,,,,,,,,,,,,,,,,,,,,,,,,,,,,,,,,,,,,,,,,,,,,,,,,,,,,,,,,,,,,,,,,,,,,,,,,,,,,
1676060293.785556,1676060293.785631,67.000000,0.000000,4268.333496,4270.000000,4296.922852,4288.205078,4287.820313,4273.077148,4273.717773,4265.512695,4278.974121,4263.846191,4411.282227,4456.282227,4343.717773,4399.487305,2453.000000,4.000000,85.000000,,,,0.000000,4.000000,4.000000,4.000000,4.000000,4.000000,4.000000,4.000000,4.000000,4.000000,4.000000,4.000000,4.000000,4.000000,4.000000,100.000000,,,,,,,,,,,,,,,,,,,,,,,,,,,,,,,,,,,,,,,,,,,,,,,,,,,,,,,,,,,,,,,,,,,,,,,,,,,,,,,,,,,,,,
1676060293.793364,1676060293.793340,68.000000,0.000000,4283.974121,4286.538574,4323.974121,4310.256348,4299.743652,4290.641113,4282.820313,4282.307617,4295.384766,4279.487305,4436.538574,4477.307617,4362.179688,4420.000000,2426.000000,4.000000,85.000000,,,,0.000000,4.000000,4.000000,4.000000,4.000000,4.000000,4.000000,4.000000,4.000000,4.000000,4.000000,4.000000,4.000000,4.000000,4.000000,100.000000,,,,,,,,,,,,,,,,,,,,,,,,,,,,,,,,,,,,,,,,,,,,,,,,,,,,,,,,,,,,,,,,,,,,,,,,,,,,,,,,,,,,,,
1676060293.801173,1676060293.801148,69.000000,0.000000,4300.256348,4302.179688,4337.179688,4326.410156,4314.615234,4301.794922,4288.846191,4288.333496,4301.922852,4285.769043,4446.025879,4484.743652,4372.051270,4425.128418,2374.000000,4.000000,85.000000,,,,0.000000,4.000000,4.000000,4.000000,4.000000,4.000000,4.000000,4.000000,4.000000,4.000000,4.000000,4.000000,4.000000,4.000000,4.000000,100.000000,,,,,,,,,,,,,,,,,,,,,,,,,,,,,,,,,,,,,,,,,,,,,,,,,,,,,,,,,,,,,,,,,,,,,,,,,,,,,,,,,,,,,,
1676060293.808981,1676060293.808857,70.000000,0.000000,4294.358887,4288.077148,4320.769043,4311.538574,4302.820313,4283.077148,4279.102539,4265.897461,4286.922852,4265.128418,4416.922852,4460.384766,4349.102539,4408.846191,2217.000000,4.000000,85.000000,,,,0.000000,4.000000,4.000000,4.000000,4.000000,4.000000,4.000000,4.000000,4.000000,4.000000,4.000000,4.000000,4.000000,4.000000,4.000000,100.000000,,,,,,,,,,,,,,,,,,,,,,,,,,,,,,,,,,,,,,,,,,,,,,,,,,,,,,,,,,,,,,,,,,,,,,,,,,,,,,,,,,,,,,
1676060293.816789,1676060293.816765,71.000000,0.000000,4289.615234,4277.820313,4309.102539,4305.384766,4293.974121,4275.384766,4275.769043,4262.051270,4287.692383,4258.077148,4408.333496,4453.846191,4342.307617,4411.538574,2216.000000,4.000000,85.000000,,,,0.000000,4.000000,4.000000,4.000000,4.000000,4.000000,4.000000,4.000000,4.000000,4.000000,4.000000,4.000000,4.000000,4.000000,4.000000,100.000000,,,,,,,,,,,,,,,,,,,,,,,,,,,,,,,,,,,,,,,,,,,,,,,,,,,,,,,,,,,,,,,,,,,,,,,,,,,,,,,,,,,,,,
1676060293.824598,1676060293.824573,72.000000,0.000000,4294.615234,4289.230957,4315.128418,4315.512695,4305.897461,4290.256348,4282.692383,4277.820313,4299.358887,4276.282227,4426.794922,4465.641113,4358.846191,4418.333496,2269.000000,4.000000,85.000000,,,,0.000000,4.000000,4.000000,4.000000,4.000000,4.000000,4.000000,4.000000,4.000000,4.000000,4.000000,4.000000,4.000000,4.000000,4.000000,100.000000,,,,,,,,,,,,,,,,,,,,,,,,,,,,,,,,,,,,,,,,,,,,,,,,,,,,,,,,,,,,,,,,,,,,,,,,,,,,,,,,,,,,,,
1676060293.832406,1676060293.832482,73.000000,0.000000,4288.333496,4292.948730,4315.128418,4310.512695,4307.820313,4291.282227,4283.589844,4273.974121,4292.051270,4279.487305,4422.307617,4455.256348,4351.282227,4401.153809,2232.000000,4.000000,85.000000,,,,0.000000,4.000000,4.000000,4.000000,4.000000,4.000000,4.000000,4.000000,4.000000,4.000000,4.000000,4.000000,4.000000,4.000000,4.000000,100.000000,,,,,,,,,,,,,,,,,,,,,,,,,,,,,,,,,,,,,,,,,,,,,,,,,,,,,,,,,,,,,,,,,,,,,,,,,,,,,,,,,,,,,,
1676060293.840215,1676060293.840290,74.000000,0.000000,4271.538574,4278.846191,4302.948730,4292.948730,4296.922852,4283.077148,4278.205078,4258.333496,4275.897461,4259.487305,4395.384766,4432.692383,4322.051270,4383.461426,2720.000000,4.000000,85.000000,,,,0.000000,4.000000,4.000000,4.000000,4.000000,4.000000,4.000000,4.000000,4.000000,4.000000,4.000000,4.000000,4.000000,4.000000,4.000000,100.000000,,,,,,,,,,,,,,,,,,,,,,,,,,,,,,,,,,,,,,,,,,,,,,,,,,,,,,,,,,,,,,,,,,,,,,,,,,,,,,,,,,,,,,
1676060293.848023,1676060293.848198,75.000000,0.000000,4270.512695,4273.974121,4300.512695,4293.717773,4299.230957,4291.025879,4280.641113,4258.974121,4274.102539,4255.769043,4389.102539,4430.256348,4319.102539,4384.871582,2907.000000,4.000000,85.000000,,,,0.000000,4.000000,4.000000,4.000000,4.000000,4.000000,4.000000,4.000000,4.000000,4.000000,4.000000,4.000000,4.000000,4.000000,4.000000,100.000000,,,,,,,,,,,,,,,,,,,,,,,,,,,,,,,,,,,,,,,,,,,,,,,,,,,,,,,,,,,,,,,,,,,,,,,,,,,,,,,,,,,,,,
1676060293.855831,1676060293.856007,76.000000,0.000000,4287.051270,4291.282227,4308.974121,4309.871582,4308.717773,4298.846191,4289.230957,4269.487305,4284.615234,4276.538574,4409.487305,4443.717773,4344.230957,4398.461426,3119.000000,4.000000,85.000000,,,,0.000000,4.000000,4.000000,4.000000,4.000000,4.000000,4.000000,4.000000,4.000000,4.000000,4.000000,4.000000,4.000000,4.000000,4.000000,100.000000,,,,,,,,,,,,,,,,,,,,,,,,,,,,,,,,,,,,,,,,,,,,,,,,,,,,,,,,,,,,,,,,,,,,,,,,,,,,,,,,,,,,,,
1676060293.863640,1676060293.863915,77.000000,0.000000,4283.846191,4294.487305,4300.641113,4304.743652,4300.641113,4285.641113,4284.487305,4266.153809,4277.948730,4271.282227,4405.897461,4438.846191,4339.615234,4394.102539,3226.000000,4.000000,85.000000,,,,0.000000,4.000000,4.000000,4.000000,4.000000,4.000000,4.000000,4.000000,4.000000,4.000000,4.000000,4.000000,4.000000,4.000000,4.000000,100.000000,,,,,,,,,,,,,,,,,,,,,,,,,,,,,,,,,,,,,,,,,,,,,,,,,,,,,,,,,,,,,,,,,,,,,,,,,,,,,,,,,,,,,,
1676060293.871448,1676060293.871724,78.000000,0.000000,4268.077148,4278.077148,4285.000000,4287.307617,4288.589844,4275.897461,4276.025879,4259.615234,4262.820313,4240.897461,4382.307617,4421.666504,4318.205078,4375.641113,2720.000000,4.000000,85.000000,,,,0.000000,4.000000,4.000000,4.000000,4.000000,4.000000,4.000000,4.000000,4.000000,4.000000,4.000000,4.000000,4.000000,4.000000,4.000000,100.000000,1.000000,41.666668,4.000000,4.000000,1.000000,4.000000,4.000000,4.000000,4.000000,4.000000,4.000000,1.000000,3.000000,3.000000,4.000000,3.000000,2.849902,1.517523,2.139223,1.209113,1.148277,8.216271,3.300920,2.658349,1.572688,1.340974,1.751804,1.938021,2.003680,1.402156,1.451722,4.233541,2.280694,1.908042,1.232106,1.194250,0.995831,0.351174,0.810307,0.655068,0.675765,1.241198,0.381604,0.706394,0.418876,0.545780,1.417143,0.566639,1.222881,0.752227,0.955997,1.488680,0.702646,1.724202,0.889837,1.114950,1.379179,0.652903,1.781821,1.138595,1.186878,1.518195,1.175955,3.315643,1.423714,1.460086,23.964743,5.645131,1.959038,2.712343,2.120343,3.345592,2.030225,2.346908,1.922264,2.085789,10.974893,3.846433,1.907801,1.890253,1.705648,6.224815,2.724946,2.202297,1.869128,1.943821
1676060293.879256,1676060293.879632,79.000000,0.000000,4274.230957,4279.743652,4290.897461,4292.179688,4294.487305,4289.230957,4286.025879,4262.692383,4266.282227,4243.717773,4387.820313,4427.307617,4328.077148,4381.922852,2907.000000,4.000000,85.000000,,,,0.000000,4.000000,4.000000,4.000000,4.000000,4.000000,4.000000,4.000000,4.000000,4.000000,4.000000,4.000000,4.000000,4.000000,4.000000,100.000000,,,,,,,,,,,,,,,,,,,,,,,,,,,,,,,,,,,,,,,,,,,,,,,,,,,,,,,,,,,,,,,,,,,,,,,,,,,,,,,,,,,,,,
1676060293.887065,1676060293.887440,80.000000,0.000000,4290.000000,4299.487305,4308.461426,4306.794922,4305.769043,4299.743652,4299.487305,4276.538574,4283.717773,4271.666504,4414.358887,4453.461426,4350.128418,4410.641113,3119.000000,4.000000,85.000000,,,,0.000000,4.000000,4.000000,4.000000,4.000000,4.000000,4.000000,4.000000,4.000000,4.000000,4.000000,4.000000,4.000000,4.000000,4.000000,100.000000,,,,,,,,,,,,,,,,,,,,,,,,,,,,,,,,,,,,,,,,,,,,,,,,,,,,,,,,,,,,,,,,,,,,,,,,,,,,,,,,,,,,,,
1676060293.894873,1676060293.895149,81.000000,0.000000,4287.436035,4301.025879,4313.589844,4303.589844,4302.820313,4289.102539,4294.358887,4287.307617,4295.384766,4275.256348,4421.410156,4464.102539,4354.230957,4419.358887,3226.000000,4.000000,85.000000,,,,0.000000,4.000000,4.000000,4.000000,4.000000,4.000000,4.000000,4.000000,4.000000,4.000000,4.000000,4.000000,4.000000,4.000000,4.000000,100.000000,,,,,,,,,,,,,,,,,,,,,,,,,,,,,,,,,,,,,,,,,,,,,,,,,,,,,,,,,,,,,,,,,,,,,,,,,,,,,,,,,,,,,,
1676060293.902681,1676060293.902957,82.000000,0.000000,4278.846191,4285.256348,4309.358887,4291.666504,4290.128418,4275.512695,4277.436035,4272.563965,4286.922852,4261.538574,4407.820313,4449.871582,4344.615234,4401.410156,2720.000000,4.000000,85.000000,,,,0.000000,4.000000,4.000000,4.000000,4.000000,4.000000,4.000000,4.000000,4.000000,4.000000,4.000000,4.000000,4.000000,4.000000,4.000000,100.000000,,,,,,,,,,,,,,,,,,,,,,,,,,,,,,,,,,,,,,,,,,,,,,,,,,,,,,,,,,,,,,,,,,,,,,,,,,,,,,,,,,,,,,
1676060293.910490,1676060293.910666,83.000000,0.000000,4285.641113,4287.179688,4310.000000,4294.358887,4291.153809,4279.358887,4270.256348,4254.743652,4276.922852,4264.615234,4401.025879,4439.871582,4339.358887,4392.307617,2907.000000,4.000000,85.000000,,,,0.000000,4.000000,4.000000,4.000000,4.000000,4.000000,4.000000,4.000000,4.000000,4.000000,4.000000,4.000000,4.000000,4.000000,4.000000,100.000000,,,,,,,,,,,,,,,,,,,,,,,,,,,,,,,,,,,,,,,,,,,,,,,,,,,,,,,,,,,,,,,,,,,,,,,,,,,,,,,,,,,,,,
1676060293.918298,1676060293.918474,84.000000,0.000000,4295.256348,4299.230957,4315.384766,4307.948730,4305.512695,4290.128418,4281.025879,4266.666504,4286.153809,4275.897461,4410.769043,4452.563965,4348.846191,4405.512695,3119.000000,4.000000,85.000000,,,,0.000000,4.000000,4.000000,4.000000,4.000000,4.000000,4.000000,4.000000,4.000000,4.000000,4.000000,4.000000,4.000000,4.000000,4.000000,100.000000,,,,,,,,,,,,,,,,,,,,,,,,,,,,,,,,,,,,,,,,,,,,,,,,,,,,,,,,,,,,,,,,,,,,,,,,,,,,,,,,,,,,,,
1676060293.926107,1676060293.926183,85.000000,0.000000,4300.256348,4309.743652,4322.692383,4318.077148,4317.179688,4297.820313,4299.871582,4287.820313,4302.307617,4284.871582,4428.589844,4467.692383,4366.282227,4423.205078,3226.000000,4.000000,85.000000,,,,0.000000,4.000000,4.000000,4.000000,4.000000,4.000000,4.000000,4.000000,4.000000,4.000000,4.000000,4.000000,4.000000,4.000000,4.000000,100.000000,,,,,,,,,,,,,,,,,,,,,,,,,,,,,,,,,,,,,,,,,,,,,,,,,,,,,,,,,,,,,,,,,,,,,,,,,,,,,,,,,,,,,,
1676060293.933915,1676060293.933991,86.000000,0.000000,4299.358887,4309.230957,4317.436035,4310.000000,4311.282227,4294.102539,4300.897461,4281.538574,4292.692383,4273.846191,4420.128418,4455.769043,4360.384766,4413.077148,2720.000000,4.000000,85.000000,,,,0.000000,4.000000,4.000000,4.000000,4.000000,4.000000,4.000000,4.000000,4.000000,4.000000,4.000000,4.000000,4.000000,4.000000,4.000000,100.000000,,,,,,,,,,,,,,,,,,,,,,,,,,,,,,,,,,,,,,,,,,,,,,,,,,,,,,,,,,,,,,,,,,,,,,,,,,,,,,,,,,,,,,
1676060293.941723,1676060293.941700,87.000000,0.000000,4282.692383,4286.025879,4296.794922,4288.974121,4294.358887,4280.769043,4281.153809,4258.205078,4263.974121,4238.205078,4388.077148,4427.692383,4330.256348,4382.179688,2907.000000,4.000000,85.000000,,,,0.000000,4.000000,4.000000,4.000000,4.000000,4.000000,4.000000,4.000000,4.000000,4.000000,4.000000,4.000000,4.000000,4.000000,4.000000,100.000000,,,,,,,,,,,,,,,,,,,,,,,,,,,,,,,,,,,,,,,,,,,,,,,,,,,,,,,,,,,,,,,,,,,,,,,,,,,,,,,,,,,,,,
1676060293.949532,1676060293.949608,88.000000,0.000000,4274.358887,4276.153809,4293.333496,4290.512695,4297.692383,4286.153809,4282.563965,4262.179688,4267.820313,4240.384766,4389.230957,4432.563965,4326.282227,4385.384766,3119.000000,4.000000,85.000000,,,,0.000000,4.000000,4.000000,4.000000,4.000000,4.000000,4.000000,4.000000,4.000000,4.000000,4.000000,4.000000,4.000000,4.000000,4.000000,100.000000,,,,,,,,,,,,,,,,,,,,,,,,,,,,,,,,,,,,,,,,,,,,,,,,,,,,,,,,,,,,,,,,,,,,,,,,,,,,,,,,,,,,,,
1676060293.957340,1676060293.957417,89.000000,0.000000,4299.102539,4311.922852,4324.615234,4320.897461,4327.563965,4311.794922,4316.538574,4298.846191,4307.179688,4295.000000,4433.205078,4475.641113,4368.461426,4428.461426,3226.000000,4.000000,85.000000,,,,0.000000,4.000000,4.000000,4.000000,4.000000,4.000000,4.000000,4.000000,4.000000,4.000000,4.000000,4.000000,4.000000,4.000000,4.000000,100.000000,,,,,,,,,,,,,,,,,,,,,,,,,,,,,,,,,,,,,,,,,,,,,,,,,,,,,,,,,,,,,,,,,,,,,,,,,,,,,,,,,,,,,,
1676060293.965149,1676060293.965325,90.000000,0.000000,4300.897461,4325.769043,4331.538574,4319.230957,4329.358887,4309.743652,4318.333496,4305.641113,4315.641113,4302.307617,4438.077148,4476.282227,4375.384766,4428.077148,2720.000000,4.000000,85.000000,,,,0.000000,4.000000,4.000000,4.000000,4.000000,4.000000,4.000000,4.000000,4.000000,4.000000,4.000000,4.000000,4.000000,4.000000,4.000000,100.000000,,,,,,,,,,,,,,,,,,,,,,,,,,,,,,,,,,,,,,,,,,,,,,,,,,,,,,,,,,,,,,,,,,,,,,,,,,,,,,,,,,,,,,
1676060293.972957,1676060293.973134,91.000000,0.000000,4261.922852,4283.846191,4290.512695,4278.589844,4296.538574,4281.922852,4280.000000,4265.512695,4278.846191,4252.948730,4385.512695,4423.974121,4324.358887,4378.461426,2907.000000,4.000000,85.000000,,,,0.000000,4.000000,4.000000,4.000000,4.000000,4.000000,4.000000,4.000000,4.000000,4.000000,4.000000,4.000000,4.000000,4.000000,4.000000,100.000000,,,,,,,,,,,,,,,,,,,,,,,,,,,,,,,,,,,,,,,,,,,,,,,,,,,,,,,,,,,,,,,,,,,,,,,,,,,,,,,,,,,,,,
1676060293.980765,1676060293.980942,92.000000,0.000000,4263.333496,4276.282227,4278.846191,4276.153809,4296.794922,4287.563965,4274.487305,4257.179688,4271.282227,4250.256348,4380.384766,4419.102539,4320.769043,4376.282227,3119.000000,4.000000,85.000000,,,,0.000000,4.000000,4.000000,4.000000,4.000000,4.000000,4.000000,4.000000,4.000000,4.000000,4.000000,4.000000,4.000000,4.000000,4.000000,100.000000,,,,,,,,,,,,,,,,,,,,,,,,,,,,,,,,,,,,,,,,,,,,,,,,,,,,,,,,,,,,,,,,,,,,,,,,,,,,,,,,,,,,,,
1676060293.988574,1676060293.988651,93.000000,0.000000,4296.153809,4300.128418,4302.307617,4300.000000,4315.384766,4304.102539,4292.051270,4283.205078,4290.512695,4276.794922,4414.358887,4450.769043,4355.897461,4404.230957,3226.000000,4.000000,85.000000,,,,0.000000,4.000000,4.000000,4.000000,4.000000,4.000000,4.000000,4.000000,4.000000,4.000000,4.000000,4.000000,4.000000,4.000000,4.000000,100.000000,,,,,,,,,,,,,,,,,,,,,,,,,,,,,,,,,,,,,,,,,,,,,,,,,,,,,,,,,,,,,,,,,,,,,,,,,,,,,,,,,,,,,,
1676060293.996382,1676060293.996459,94.000000,0.000000,4291.922852,4297.948730,4303.205078,4296.025879,4304.230957,4286.025879,4282.563965,4276.282227,4284.743652,4264.743652,4410.256348,4444.615234,4349.102539,4398.589844,2720.000000,4.000000,85.000000,,,,0.000000,4.000000,4.000000,4.000000,4.000000,4.000000,4.000000,4.000000,4.000000,4.000000,4.000000,4.000000,4.000000,4.000000,4.000000,100.000000,,,,,,,,,,,,,,,,,2.328890,1.599512,1.996817,1.362207,1.152295,7.643793,3.493391,2.387814,1.743362,1.341203,1.467383,2.248314,1.708158,1.490349,1.469948,4.380371,2.572953,1.696402,1.354098,1.226824,0.932397,0.361180,0.717408,0.671851,0.707758,1.368357,0.304771,0.715300,0.473695,0.568207,1.295619,0.656790,1.304135,0.900667,0.944881,1.547117,1.015587,2.036580,1.001785,1.128581,1.302708,1.027192,2.002760,1.195522,1.150466,1.421582,1.295909,3.188991,1.618576,1.561302,21.172047,5.210536,2.062475,2.889388,2.018044,3.350785,2.502445,2.509966,2.108727,2.084011,9.645305,3.644173,1.916208,2.038527,1.614418,4.848124,2.786137,2.117545,1.926315,1.921983
1676060294.004191,1676060294.004168,95.000000,0.000000,4282.307617,4295.641113,4298.846191,4292.948730,4297.948730,4277.051270,4270.769043,4257.692383,4278.461426,4256.666504,4402.563965,4436.922852,4340.384766,4394.358887,2907.000000,4.000000,85.000000,,,,0.000000,4.000000,4.000000,4.000000,4.000000,4.000000,4.000000,4.000000,4.000000,4.000000,4.000000,4.000000,4.000000,4.000000,4.000000,100.000000,,,,,,,,,,,,,,,,,,,,,,,,,,,,,,,,,,,,,,,,,,,,,,,,,,,,,,,,,,,,,,,,,,,,,,,,,,,,,,,,,,,,,,
1676060294.011999,1676060294.012076,96.000000,0.000000,4299.102539,4306.410156,4312.563965,4312.436035,4314.871582,4297.051270,4281.794922,4270.256348,4292.436035,4278.974121,4427.563965,4460.641113,4367.051270,4416.282227,3119.000000,4.000000,85.000000,,,,0.000000,4.000000,4.000000,4.000000,4.000000,4.000000,4.000000,4.000000,4.000000,4.000000,4.000000,4.000000,4.000000,4.000000,4.000000,100.000000,,,,,,,,,,,,,,,,,,,,,,,,,,,,,,,,,,,,,,,,,,,,,,,,,,,,,,,,,,,,,,,,,,,,,,,,,,,,,,,,,,,,,,
1676060294.019807,1676060294.019884,97.000000,0.000000,4304.358887,4307.436035,4318.205078,4315.641113,4318.205078,4302.436035,4294.358887,4285.641113,4298.461426,4288.717773,4438.846191,4470.512695,4377.179688,4426.153809,3226.000000,4.000000,85.000000,,,,0.000000,4.000000,4.000000,4.000000,4.000000,4.000000,4.000000,4.000000,4.000000,4.000000,4.000000,4.000000,4.000000,4.000000,4.000000,100.000000,,,,,,,,,,,,,,,,,,,,,,,,,,,,,,,,,,,,,,,,,,,,,,,,,,,,,,,,,,,,,,,,,,,,,,,,,,,,,,,,,,,,,,
1676060294.027616,1676060294.027793,98.000000,0.000000,4291.025879,4298.717773,4308.589844,4298.846191,4304.615234,4290.641113,4295.384766,4286.282227,4291.153809,4277.307617,4424.487305,4458.717773,4362.436035,4418.333496,2720.000000,4.000000,85.000000,,,,0.000000,4.000000,4.000000,4.000000,4.000000,4.000000,4.000000,4.000000,4.000000,4.000000,4.000000,4.000000,4.000000,4.000000,4.000000,100.000000,,,,,,,,,,,,,,,,,,,,,,,,,,,,,,,,,,,,,,,,,,,,,,,,,,,,,,,,,,,,,,,,,,,,,,,,,,,,,,,,,,,,,,
1676060294.035424,1676060294.035601,99.000000,0.000000,4292.179688,4296.410156,4310.384766,4296.410156,4304.230957,4292.307617,4295.641113,4293.717773,4295.641113,4274.871582,4427.436035,4461.538574,4361.282227,4415.512695,2907.000000,4.000000,85.000000,,,,0.000000,4.000000,4.000000,4.000000,4.000000,4.000000,4.000000,4.000000,4.000000,4.000000,4.000000,4.000000,4.000000,4.000000,4.000000,100.000000,,,,,,,,,,,,,,,,,,,,,,,,,,,,,,,,,,,,,,,,,,,,,,,,,,,,,,,,,,,,,,,,,,,,,,,,,,,,,,,,,,,,,,
1676060294.043233,1676060294.043510,100.000000,0.000000,4299.871582,4294.871582,4316.666504,4302.820313,4310.897461,4296.282227,4298.333496,4305.256348,4305.769043,4282.436035,4436.282227,4466.153809,4368.205078,4413.333496,3119.000000,4.000000,85.000000,,,,0.000000,4.000000,4.000000,4.000000,4.000000,4.000000,4.000000,4.000000,4.000000,4.000000,4.000000,4.000000,4.000000,4.000000,4.000000,100.000000,,,,,,,,,,,,,,,,,,,,,,,,,,,,,,,,,,,,,,,,,,,,,,,,,,,,,,,,,,,,,,,,,,,,,,,,,,,,,,,,,,,,,,
1676060294.051041,1676060294.051318,101.000000,0.000000,4287.051270,4288.846191,4303.846191,4295.897461,4307.563965,4290.384766,4296.794922,4300.897461,4298.205078,4279.871582,4422.948730,4452.179688,4361.538574,4407.307617,3226.000000,4.000000,85.000000,,,,0.000000,4.000000,4.000000,4.000000,4.000000,4.000000,4.000000,4.000000,4.000000,4.000000,4.000000,4.000000,4.000000,4.000000,4.000000,100.000000,,,,,,,,,,,,,,,,,,,,,,,,,,,,,,,,,,,,,,,,,,,,,,,,,,,,,,,,,,,,,,,,,,,,,,,,,,,,,,,,,,,,,,
1676060294.058849,1676060294.059226,102.000000,0.000000,4263.974121,4276.025879,4278.333496,4278.589844,4294.358887,4278.589844,4281.922852,4280.897461,4278.717773,4263.974121,4399.615234,4432.051270,4337.563965,4394.230957,2720.000000,4.000000,85.000000,,,,0.000000,4.000000,4.000000,4.000000,4.000000,4.000000,4.000000,4.000000,4.000000,4.000000,4.000000,4.000000,4.000000,4.000000,4.000000,100.000000,,,,,,,,,,,,,,,,,,,,,,,,,,,,,,,,,,,,,,,,,,,,,,,,,,,,,,,,,,,,,,,,,,,,,,,,,,,,,,,,,,,,,,
1676060294.066658,1676060294.067035,103.000000,0.000000,4266.282227,4273.974121,4275.769043,4273.717773,4290.256348,4274.487305,4273.205078,4274.743652,4278.846191,4261.410156,4404.487305,4432.307617,4334.743652,4388.333496,2907.000000,4.000000,85.000000,,,,0.000000,4.000000,4.000000,4.000000,4.000000,4.000000,4.000000,4.000000,4.000000,4.000000,4.000000,4.000000,4.000000,4.000000,4.000000,100.000000,,,,,,,,,,,,,,,,,,,,,,,,,,,,,,,,,,,,,,,,,,,,,,,,,,,,,,,,,,,,,,,,,,,,,,,,,,,,,,,,,,,,,,
1676060294.074466,1676060294.074943,104.000000,0.000000,4299.871582,4295.128418,4308.589844,4296.282227,4309.358887,4292.307617,4289.230957,4298.333496,4303.077148,4285.384766,4445.897461,4465.512695,4374.102539,4413.461426,3119.000000,4.000000,85.000000,,,,0.000000,4.000000,4.000000,4.000000,4.000000,4.000000,4.000000,4.000000,4.000000,4.000000,4.000000,4.000000,4.000000,4.000000,4.000000,100.000000,,,,,,,,,,,,,,,,,,,,,,,,,,,,,,,,,,,,,,,,,,,,,,,,,,,,,,,,,,,,,,,,,,,,,,,,,,,,,,,,,,,,,,
1676060294.082274,1676060294.082752,105.000000,0.000000,4315.128418,4306.282227,4325.512695,4312.436035,4317.948730,4303.846191,4296.538574,4306.666504,4307.179688,4294.487305,4470.128418,4482.692383,4391.410156,4436.922852,3226.000000,4.000000,85.000000,,,,0.000000,4.000000,4.000000,4.000000,4.000000,4.000000,4.000000,4.000000,4.000000,4.000000,4.000000,4.000000,4.000000,4.000000,4.000000,100.000000,,,,,,,,,,,,,,,,,,,,,,,,,,,,,,,,,,,,,,,,,,,,,,,,,,,,,,,,,,,,,,,,,,,,,,,,,,,,,,,,,,,,,,
1676060294.090083,1676060294.090460,106.000000,0.000000,4295.256348,4296.410156,4305.000000,4296.025879,4301.410156,4293.205078,4279.358887,4283.846191,4284.871582,4273.717773,4458.077148,4456.410156,4363.846191,4426.025879,2720.000000,4.000000,85.000000,,,,0.000000,4.000000,4.000000,4.000000,4.000000,4.000000,4.000000,4.000000,4.000000,4.000000,4.000000,4.000000,4.000000,4.000000,4.000000,100.000000,,,,,,,,,,,,,,,,,,,,,,,,,,,,,,,,,,,,,,,,,,,,,,,,,,,,,,,,,,,,,,,,,,,,,,,,,,,,,,,,,,,,,,
1676060294.097891,1676060294.098368,107.000000,0.000000,4286.153809,4291.538574,4300.128418,4283.205078,4294.230957,4288.717773,4275.641113,4281.794922,4278.077148,4260.128418,4455.000000,4444.615234,4354.230957,4411.794922,2907.000000,4.000000,85.000000,,,,0.000000,4.000000,4.000000,4.000000,4.000000,4.000000,4.000000,4.000000,4.000000,4.000000,4.000000,4.000000,4.000000,4.000000,4.000000,100.000000,,,,,,,,,,,,,,,,,,,,,,,,,,,,,,,,,,,,,,,,,,,,,,,,,,,,,,,,,,,,,,,,,,,,,,,,,,,,,,,,,,,,,,
1676060294.105700,1676060294.106177,108.000000,0.000000,4292.563965,4294.230957,4310.769043,4291.025879,4299.615234,4295.128418,4286.794922,4295.769043,4282.948730,4264.230957,4463.846191,4456.153809,4363.717773,4412.051270,3119.000000,4.000000,85.000000,,,,0.000000,4.000000,4.000000,4.000000,4.000000,4.000000,4.000000,4.000000,4.000000,4.000000,4.000000,4.000000,4.000000,4.000000,4.000000,100.000000,,,,,,,,,,,,,,,,,,,,,,,,,,,,,,,,,,,,,,,,,,,,,,,,,,,,,,,,,,,,,,,,,,,,,,,,,,,,,,,,,,,,,,
1676060294.113508,1676060294.113985,109.000000,0.000000,4285.769043,4286.538574,4301.794922,4291.922852,4298.589844,4298.205078,4288.589844,4293.974121,4277.820313,4267.820313,4466.410156,4451.410156,4354.487305,4409.487305,3226.000000,4.000000,85.000000,,,,0.000000,4.000000,4.000000,4.000000,4.000000,4.000000,4.000000,4.000000,4.000000,4.000000,4.000000,4.000000,4.000000,4.000000,4.000000,100.000000,,,,,,,,,,,,,,,,,,,,,,,,,,,,,,,,,,,,,,,,,,,,,,,,,,,,,,,,,,,,,,,,,,,,,,,,,,,,,,,,,,,,,,
1676060294.121316,1676060294.121694,110.000000,0.000000,4285.128418,4285.769043,4301.538574,4295.897461,4301.538574,4302.179688,4293.846191,4303.077148,4284.615234,4273.333496,4482.692383,4455.256348,4353.717773,4416.666504,2720.000000,4.000000,85.000000,,,,0.000000,4.000000,4.000000,4.000000,4.000000,4.000000,4.000000,4.000000,4.000000,4.000000,4.000000,4.000000,4.000000,4.000000,4.000000,100.000000,,,,,,,,,,,,,,,,,1.770161,1.674774,1.910963,1.541288,1.143401,7.048824,3.645158,2.162932,1.902647,1.292926,1.129130,2.604321,1.569721,1.609839,1.464308,4.454324,2.901836,1.599849,1.490538,1.227811,0.829003,0.388156,0.703620,0.696729,0.722681,1.505278,0.280971,0.789571,0.555775,0.594289,1.056037,0.824330,1.575043,1.069715,0.931159,1.491843,1.458351,2.408798,1.143308,1.129073,1.178949,1.512593,2.331313,1.291112,1.113335,1.279994,1.475948,2.912182,1.895457,1.587906,16.718048,4.650611,2.331233,3.029240,1.893844,3.254886,3.201870,2.737399,2.324417,2.032461,8.093728,3.545411,2.044943,2.239649,1.515715,3.418190,2.973382,2.143093,2.051977,1.869525
1676060294.129125,1676060294.129502,111.000000,0.000000,4301.153809,4302.692383,4317.307617,4308.205078,4309.743652,4309.102539,4305.512695,4320.512695,4299.743652,4279.230957,4505.256348,4475.769043,4366.922852,4430.512695,2907.000000,4.000000,85.000000,,,,0.000000,4.000000,4.000000,4.000000,4.000000,4.000000,4.000000,4.000000,4.000000,4.000000,4.000000,4.000000,4.000000,4.000000,4.000000,100.000000,,,,,,,,,,,,,,,,,,,,,,,,,,,,,,,,,,,,,,,,,,,,,,,,,,,,,,,,,,,,,,,,,,,,,,,,,,,,,,,,,,,,,,
1676060294.136933,1676060294.137211,112.000000,0.000000,4310.512695,4311.025879,4319.358887,4314.487305,4312.692383,4316.153809,4310.000000,4325.512695,4305.128418,4285.000000,4514.487305,4480.384766,4371.538574,4432.820313,3119.000000,4.000000,85.000000,,,,0.000000,4.000000,4.000000,4.000000,4.000000,4.000000,4.000000,4.000000,4.000000,4.000000,4.000000,4.000000,4.000000,4.000000,4.000000,100.000000,,,,,,,,,,,,,,,,,,,,,,,,,,,,,,,,,,,,,,,,,,,,,,,,,,,,,,,,,,,,,,,,,,,,,,,,,,,,,,,,,,,,,,
1676060294.144741,1676060294.145019,113.000000,0.000000,4307.307617,4307.307617,4314.615234,4317.948730,4315.769043,4321.410156,4307.948730,4331.666504,4309.487305,4296.794922,4524.743652,4480.384766,4378.846191,4436.922852,3226.000000,4.000000,85.000000,,,,0.000000,4.000000,4.000000,4.000000,4.000000,4.000000,4.000000,4.000000,4.000000,4.000000,4.000000,4.000000,4.000000,4.000000,4.000000,100.000000,,,,,,,,,,,,,,,,,,,,,,,,,,,,,,,,,,,,,,,,,,,,,,,,,,,,,,,,,,,,,,,,,,,,,,,,,,,,,,,,,,,,,,
1676060294.152550,1676060294.152728,114.000000,0.000000,4287.307617,4291.153809,4302.948730,4306.538574,4305.256348,4304.487305,4290.384766,4325.769043,4303.461426,4289.615234,4520.897461,4470.256348,4371.666504,4430.769043,2720.000000,4.000000,85.000000,,,,0.000000,4.000000,4.000000,4.000000,4.000000,4.000000,4.000000,4.000000,4.000000,4.000000,4.000000,4.000000,4.000000,4.000000,4.000000,100.000000,,,,,,,,,,,,,,,,,,,,,,,,,,,,,,,,,,,,,,,,,,,,,,,,,,,,,,,,,,,,,,,,,,,,,,,,,,,,,,,,,,,,,,
1676060294.160358,1676060294.160636,115.000000,0.000000,4275.256348,4276.025879,4285.512695,4292.948730,4285.897461,4287.051270,4270.897461,4305.512695,4287.051270,4267.948730,4500.641113,4450.000000,4352.563965,4413.205078,2907.000000,4.000000,85.000000,,,,0.000000,4.000000,4.000000,4.000000,4.000000,4.000000,4.000000,4.000000,4.000000,4.000000,4.000000,4.000000,4.000000,4.000000,4.000000,100.000000,,,,,,,,,,,,,,,,,,,,,,,,,,,,,,,,,,,,,,,,,,,,,,,,,,,,,,,,,,,,,,,,,,,,,,,,,,,,,,,,,,,,,,
1676060294.168167,1676060294.168445,116.000000,0.000000,4304.487305,4289.358887,4302.948730,4318.461426,4298.717773,4306.153809,4286.922852,4316.025879,4293.974121,4274.230957,4511.153809,4472.692383,4370.128418,4427.307617,3119.000000,4.000000,85.000000,,,,0.000000,4.000000,4.000000,4.000000,4.000000,4.000000,4.000000,4.000000,4.000000,4.000000,4.000000,4.000000,4.000000,4.000000,4.000000,100.000000,,,,,,,,,,,,,,,,,,,,,,,,,,,,,,,,,,,,,,,,,,,,,,,,,,,,,,,,,,,,,,,,,,,,,,,,,,,,,,,,,,,,,,
1676060294.175975,1676060294.176353,117.000000,0.000000,4325.769043,4300.000000,4325.897461,4342.692383,4316.282227,4324.743652,4307.307617,4333.846191,4305.897461,4286.922852,4527.179688,4507.307617,4390.512695,4451.794922,3226.000000,4.000000,85.000000,,,,0.000000,4.000000,4.000000,4.000000,4.000000,4.000000,4.000000,4.000000,4.000000,4.000000,4.000000,4.000000,4.000000,4.000000,4.000000,100.000000,,,,,,,,,,,,,,,,,,,,,,,,,,,,,,,,,,,,,,,,,,,,,,,,,,,,,,,,,,,,,,,,,,,,,,,,,,,,,,,,,,,,,,
1676060294.183783,1676060294.184161,118.000000,0.000000,4311.025879,4283.333496,4313.589844,4330.512695,4305.000000,4311.153809,4298.589844,4324.487305,4295.897461,4278.589844,4513.077148,4501.282227,4377.820313,4449.615234,2720.000000,4.000000,85.000000,,,,0.000000,4.000000,4.000000,4.000000,4.000000,4.000000,4.000000,4.000000,4.000000,4.000000,4.000000,4.000000,4.000000,4.000000,4.000000,100.000000,,,,,,,,,,,,,,,,,,,,,,,,,,,,,,,,,,,,,,,,,,,,,,,,,,,,,,,,,,,,,,,,,,,,,,,,,,,,,,,,,,,,,,
1676060294.191592,1676060294.192070,119.000000,0.000000,4304.102539,4279.102539,4303.717773,4325.256348,4292.692383,4299.230957,4291.666504,4321.922852,4290.512695,4274.743652,4502.436035,4490.384766,4372.051270,4445.128418,2907.000000,4.000000,85.000000,,,,0.000000,4.000000,4.000000,4.000000,4.000000,4.000000,4.000000,4.000000,4.000000,4.000000,4.000000,4.000000,4.000000,4.000000,4.000000,100.000000,,,,,,,,,,,,,,,,,,,,,,,,,,,,,,,,,,,,,,,,,,,,,,,,,,,,,,,,,,,,,,,,,,,,,,,,,,,,,,,,,,,,,,
1676060294.199400,1676060294.199878,120.000000,0.000000,4311.538574,4293.846191,4308.077148,4332.820313,4295.256348,4307.563965,4297.692383,4325.641113,4296.153809,4277.820313,4498.717773,4493.717773,4374.487305,4444.615234,3119.000000,4.000000,85.000000,,,,0.000000,4.000000,4.000000,4.000000,4.000000,4.000000,4.000000,4.000000,4.000000,4.000000,4.000000,4.000000,4.000000,4.000000,4.000000,100.000000,,,,,,,,,,,,,,,,,,,,,,,,,,,,,,,,,,,,,,,,,,,,,,,,,,,,,,,,,,,,,,,,,,,,,,,,,,,,,,,,,,,,,,
1676060294.207209,1676060294.207787,121.000000,0.000000,4319.102539,4307.692383,4310.512695,4341.025879,4300.512695,4311.666504,4297.948730,4317.563965,4294.871582,4269.230957,4485.128418,4499.871582,4361.410156,4443.846191,3226.000000,4.000000,85.000000,,,,0.000000,4.000000,4.000000,4.000000,4.000000,4.000000,4.000000,4.000000,4.000000,4.000000,4.000000,4.000000,4.000000,4.000000,4.000000,100.000000,,,,,,,,,,,,,,,,,,,,,,,,,,,,,,,,,,,,,,,,,,,,,,,,,,,,,,,,,,,,,,,,,,,,,,,,,,,,,,,,,,,,,,
1676060294.215017,1676060294.215695,122.000000,0.000000,4328.846191,4331.025879,4313.717773,4359.358887,4304.358887,4303.717773,4296.538574,4312.179688,4285.641113,4260.000000,4471.922852,4504.487305,4343.205078,4449.615234,2720.000000,4.000000,85.000000,,,,0.000000,4.000000,4.000000,4.000000,4.000000,4.000000,4.000000,4.000000,4.000000,4.000000,4.000000,4.000000,4.000000,4.000000,4.000000,100.000000,,,,,,,,,,,,,,,,,,,,,,,,,,,,,,,,,,,,,,,,,,,,,,,,,,,,,,,,,,,,,,,,,,,,,,,,,,,,,,,,,,,,,,
1676060294.222825,1676060294.223503,123.000000,0.000000,4328.461426,4363.205078,4312.051270,4370.256348,4307.179688,4297.051270,4295.256348,4306.025879,4273.205078,4256.538574,4456.666504,4496.025879,4327.692383,4445.256348,2907.000000,4.000000,85.000000,,,,0.000000,4.000000,4.000000,4.000000,4.000000,4.000000,4.000000,4.000000,4.000000,4.000000,4.000000,4.000000,4.000000,4.000000,4.000000,100.000000,,,,,,,,,,,,,,,,,,,,,,,,,,,,,,,,,,,,,,,,,,,,,,,,,,,,,,,,,,,,,,,,,,,,,,,,,,,,,,,,,,,,,,
1676060294.230634,1676060294.231312,124.000000,0.000000,4312.563965,4378.974121,4293.974121,4361.538574,4300.128418,4286.666504,4276.538574,4280.897461,4253.333496,4240.256348,4418.589844,4466.922852,4298.077148,4417.820313,3119.000000,4.000000,85.000000,,,,0.000000,4.000000,4.000000,4.000000,4.000000,4.000000,4.000000,4.000000,4.000000,4.000000,4.000000,4.000000,4.000000,4.000000,4.000000,100.000000,,,,,,,,,,,,,,,,,,,,,,,,,,,,,,,,,,,,,,,,,,,,,,,,,,,,,,,,,,,,,,,,,,,,,,,,,,,,,,,,,,,,,,
1676060294.238442,1676060294.239220,125.000000,0.000000,4315.256348,4395.641113,4293.461426,4371.538574,4301.538574,4289.487305,4270.256348,4271.794922,4253.589844,4236.282227,4399.358887,4458.205078,4273.461426,4406.538574,3226.000000,4.000000,85.000000,,,,0.000000,4.000000,4.000000,4.000000,4.000000,4.000000,4.000000,4.000000,4.000000,4.000000,4.000000,4.000000,4.000000,4.000000,4.000000,100.000000,,,,,,,,,,,,,,,,,,,,,,,,,,,,,,,,,,,,,,,,,,,,,,,,,,,,,,,,,,,,,,,,,,,,,,,,,,,,,,,,,,,,,,
1676060294.246251,1676060294.247029,126.000000,0.000000,4337.179688,4432.307617,4323.974121,4403.205078,4322.307617,4310.769043,4294.102539,4303.589844,4281.025879,4261.666504,4430.641113,4485.256348,4279.615234,4428.589844,2720.000000,4.000000,85.000000,,,,0.000000,4.000000,4.000000,4.000000,4.000000,4.000000,4.000000,4.000000,4.000000,4.000000,4.000000,4.000000,4.000000,4.000000,4.000000,100.000000,,,,,,,,,,,,,,,,,1.277147,1.768729,1.858449,1.665347,1.129439,6.210848,3.658046,1.977071,1.973702,1.232826,0.823657,3.015766,1.571778,1.723529,1.460939,4.297695,3.200997,1.614415,1.581124,1.215834,0.694471,0.436403,0.754900,0.716583,0.730359,1.589738,0.304572,0.904537,0.645329,0.622634,0.779718,1.055569,1.972644,1.207808,0.927650,1.338332,1.966407,2.735927,1.255602,1.140877,1.042324,2.007173,2.681237,1.378670,1.100210,1.116982,1.670769,2.557705,2.162907,1.567013,11.790277,4.190733,2.633664,3.063893,1.818812,3.066911,4.043649,2.909537,2.489740,1.977973,6.577318,3.572010,2.185262,2.393435,1.460608,2.256401,3.297691,2.204326,2.161473,1.827747
1676060294.254059,1676060294.254737,127.000000,0.000000,4355.000000,4466.922852,4343.846191,4422.051270,4336.153809,4321.153809,4308.077148,4322.436035,4296.025879,4278.077148,4468.717773,4506.025879,4298.974121,4452.051270,85.000000,4.000000,85.000000,,,,0.000000,4.000000,4.000000,4.000000,4.000000,4.000000,4.000000,4.000000,4.000000,4.000000,4.000000,4.000000,4.000000,4.000000,4.000000,100.000000,,,,,,,,,,,,,,,,,,,,,,,,,,,,,,,,,,,,,,,,,,,,,,,,,,,,,,,,,,,,,,,,,,,,,,,,,,,,,,,,,,,,,,
1676060294.261867,1676060294.262546,0.000000,0.000000,4356.282227,4474.871582,4333.846191,4421.666504,4328.846191,4312.820313,4298.589844,4305.256348,4284.358887,4261.794922,4468.846191,4498.589844,4289.615234,4443.589844,2521.000000,4.000000,85.000000,,,,0.000000,4.000000,4.000000,4.000000,4.000000,4.000000,4.000000,4.000000,4.000000,4.000000,4.000000,4.000000,4.000000,4.000000,4.000000,100.000000,,,,,,,,,,,,,,,,,,,,,,,,,,,,,,,,,,,,,,,,,,,,,,,,,,,,,,,,,,,,,,,,,,,,,,,,,,,,,,,,,,,,,,
1676060294.269676,1676060294.270254,1.000000,0.000000,4332.436035,4447.307617,4312.692383,4401.794922,4311.666504,4298.974121,4283.846191,4288.717773,4265.769043,4239.487305,4437.307617,4474.743652,4245.897461,4403.333496,2473.000000,4.000000,85.000000,,,,0.000000,4.000000,4.000000,4.000000,4.000000,4.000000,4.000000,4.000000,4.000000,4.000000,4.000000,4.000000,4.000000,4.000000,4.000000,100.000000,,,,,,,,,,,,,,,,,,,,,,,,,,,,,,,,,,,,,,,,,,,,,,,,,,,,,,,,,,,,,,,,,,,,,,,,,,,,,,,,,,,,,,
1676060294.277484,1676060294.278063,2.000000,0.000000,4322.179688,4419.102539,4313.717773,4385.769043,4306.410156,4290.769043,4283.461426,4295.128418,4267.820313,4245.384766,4433.333496,4476.025879,4239.358887,4397.692383,2411.000000,4.000000,85.000000,,,,0.000000,4.000000,4.000000,4.000000,4.000000,4.000000,4.000000,4.000000,4.000000,4.000000,4.000000,4.000000,4.000000,4.000000,4.000000,100.000000,,,,,,,,,,,,,,,,,,,,,,,,,,,,,,,,,,,,,,,,,,,,,,,,,,,,,,,,,,,,,,,,,,,,,,,,,,,,,,,,,,,,,,
1676060294.285292,1676060294.285771,3.000000,0.000000,4353.205078,4418.205078,4342.436035,4394.871582,4316.922852,4302.179688,4306.922852,4316.538574,4293.461426,4271.794922,4481.666504,4511.666504,4296.153809,4453.077148,2456.000000,4.000000,85.000000,,,,0.000000,4.000000,4.000000,4.000000,4.000000,4.000000,4.000000,4.000000,4.000000,4.000000,4.000000,4.000000,4.000000,4.000000,4.000000,100.000000,,,,,,,,,,,,,,,,,,,,,,,,,,,,,,,,,,,,,,,,,,,,,,,,,,,,,,,,,,,,,,,,,,,,,,,,,,,,,,,,,,,,,,
1676060294.293101,1676060294.293580,4.000000,0.000000,4373.077148,4411.153809,4355.897461,4397.563965,4321.922852,4317.307617,4324.871582,4330.512695,4310.384766,4286.025879,4513.333496,4535.512695,4338.974121,4485.384766,2433.000000,4.000000,85.000000,,,,0.000000,4.000000,4.000000,4.000000,4.000000,4.000000,4.000000,4.000000,4.000000,4.000000,4.000000,4.000000,4.000000,4.000000,4.000000,100.000000,,,,,,,,,,,,,,,,,,,,,,,,,,,,,,,,,,,,,,,,,,,,,,,,,,,,,,,,,,,,,,,,,,,,,,,,,,,,,,,,,,,,,,
1676060294.300909,1676060294.301288,5.000000,0.000000,4346.794922,4363.974121,4332.692383,4368.205078,4304.230957,4305.641113,4309.230957,4319.358887,4296.538574,4274.615234,4492.307617,4521.410156,4336.794922,4460.769043,2378.000000,4.000000,85.000000,,,,0.000000,4.000000,4.000000,4.000000,4.000000,4.000000,4.000000,4.000000,4.000000,4.000000,4.000000,4.000000,4.000000,4.000000,4.000000,100.000000,,,,,,,,,,,,,,,,,,,,,,,,,,,,,,,,,,,,,,,,,,,,,,,,,,,,,,,,,,,,,,,,,,,,,,,,,,,,,,,,,,,,,,
1676060294.308718,1676060294.309097,6.000000,0.000000,4336.538574,4317.820313,4323.461426,4347.948730,4293.717773,4299.487305,4302.051270,4308.205078,4288.846191,4273.717773,4494.487305,4515.384766,4355.769043,4458.974121,2234.000000,4.000000,85.000000,,,,0.000000,4.000000,4.000000,4.000000,4.000000,4.000000,4.000000,4.000000,4.000000,4.000000,4.000000,4.000000,4.000000,4.000000,4.000000,100.000000,,,,,,,,,,,,,,,,,,,,,,,,,,,,,,,,,,,,,,,,,,,,,,,,,,,,,,,,,,,,,,,,,,,,,,,,,,,,,,,,,,,,,,
1676060294.316526,1676060294.316805,7.000000,0.000000,4346.666504,4291.282227,4329.230957,4341.666504,4299.230957,4310.897461,4312.436035,4311.794922,4296.922852,4281.153809,4526.922852,4526.538574,4395.512695,4483.333496,2226.000000,4.000000,85.000000,,,,0.000000,4.000000,4.000000,4.000000,4.000000,4.000000,4.000000,4.000000,4.000000,4.000000,4.000000,4.000000,4.000000,4.000000,4.000000,100.000000,,,,,,,,,,,,,,,,,,,,,,,,,,,,,,,,,,,,,,,,,,,,,,,,,,,,,,,,,,,,,,,,,,,,,,,,,,,,,,,,,,,,,,
1676060294.324334,1676060294.324614,8.000000,0.000000,4331.538574,4255.256348,4311.025879,4320.000000,4295.897461,4310.641113,4307.051270,4309.358887,4291.922852,4278.461426,4530.512695,4519.743652,4412.307617,4477.563965,2286.000000,4.000000,85.000000,,,,0.000000,4.000000,4.000000,4.000000,4.000000,4.000000,4.000000,4.000000,4.000000,4.000000,4.000000,4.000000,4.000000,4.000000,4.000000,100.000000,,,,,,,,,,,,,,,,,,,,,,,,,,,,,,,,,,,,,,,,,,,,,,,,,,,,,,,,,,,,,,,,,,,,,,,,,,,,,,,,,,,,,,
1676060294.332143,1676060294.332322,9.000000,0.000000,4327.820313,4230.384766,4306.666504,4310.256348,4296.410156,4310.128418,4307.051270,4309.743652,4299.358887,4292.563965,4536.794922,4523.461426,4435.128418,4474.487305,2256.000000,4.000000,85.000000,,,,0.000000,4.000000,4.000000,4.000000,4.000000,4.000000,4.000000,4.000000,4.000000,4.000000,4.000000,4.000000,4.000000,4.000000,4.000000,100.000000,,,,,,,,,,,,,,,,,,,,,,,,,,,,,,,,,,,,,,,,,,,,,,,,,,,,,,,,,,,,,,,,,,,,,,,,,,,,,,,,,,,,,,
1676060294.339951,1676060294.340131,10.000000,0.000000,4336.410156,4216.410156,4311.410156,4306.410156,4299.615234,4302.563965,4301.410156,4306.410156,4302.563965,4295.897461,4547.948730,4529.615234,4454.358887,4483.589844,2727.000000,4.000000,85.000000,,,,0.000000,4.000000,4.000000,4.000000,4.000000,4.000000,4.000000,4.000000,4.000000,4.000000,4.000000,4.000000,4.000000,4.000000,4.000000,100.000000,,,,,,,,,,,,,,,,,,,,,,,,,,,,,,,,,,,,,,,,,,,,,,,,,,,,,,,,,,,,,,,,,,,,,,,,,,,,,,,,,,,,,,
1676060294.347759,1676060294.347839,11.000000,0.000000,4322.179688,4192.179688,4291.153809,4288.589844,4288.717773,4280.256348,4280.128418,4289.230957,4278.717773,4271.025879,4538.589844,4513.205078,4448.846191,4473.717773,2912.000000,4.000000,85.000000,,,,0.000000,4.000000,4.000000,4.000000,4.000000,4.000000,4.000000,4.000000,4.000000,4.000000,4.000000,4.000000,4.000000,4.000000,4.000000,100.000000,,,,,,,,,,,,,,,,,,,,,,,,,,,,,,,,,,,,,,,,,,,,,,,,,,,,,,,,,,,,,,,,,,,,,,,,,,,,,,,,,,,,,,
1676060294.355568,1676060294.355748,12.000000,0.000000,4325.128418,4189.230957,4295.897461,4294.743652,4292.563965,4287.948730,4291.922852,4300.769043,4286.794922,4282.051270,4556.153809,4525.384766,4472.948730,4480.641113,3122.000000,4.000000,85.000000,,,,0.000000,4.000000,4.000000,4.000000,4.000000,4.000000,4.000000,4.000000,4.000000,4.000000,4.000000,4.000000,4.000000,4.000000,4.000000,100.000000,,,,,,,,,,,,,,,,,,,,,,,,,,,,,,,,,,,,,,,,,,,,,,,,,,,,,,,,,,,,,,,,,,,,,,,,,,,,,,,,,,,,,,
1676060294.363376,1676060294.363556,13.000000,0.000000,4349.615234,4204.615234,4331.538574,4317.051270,4314.615234,4317.563965,4318.589844,4331.410156,4328.589844,4326.794922,4598.461426,4566.282227,4516.666504,4513.717773,3238.000000,4.000000,85.000000,,,,0.000000,4.000000,4.000000,4.000000,4.000000,4.000000,4.000000,4.000000,4.000000,4.000000,4.000000,4.000000,4.000000,4.000000,4.000000,100.000000,,,,,,,,,,,,,,,,,,,,,,,,,,,,,,,,,,,,,,,,,,,,,,,,,,,,,,,,,,,,,,,,,,,,,,,,,,,,,,,,,,,,,,
1676060294.371185,1676060294.371464,14.000000,0.000000,4334.102539,4191.025879,4324.871582,4299.487305,4306.538574,4305.384766,4305.128418,4325.128418,4328.461426,4325.641113,4589.487305,4561.538574,4502.563965,4507.820313,2727.000000,4.000000,85.000000,,,,0.000000,4.000000,4.000000,4.000000,4.000000,4.000000,4.000000,4.000000,4.000000,4.000000,4.000000,4.000000,4.000000,4.000000,4.000000,100.000000,1.000000,25.000000,4.000000,3.000000,1.000000,4.000000,4.000000,4.000000,3.000000,4.000000,4.000000,1.000000,3.000000,1.000000,1.000000,3.000000,0.899269,1.896695,1.787517,1.676099,1.124460,5.158146,3.507181,1.784433,1.906931,1.196594,0.604429,3.437477,1.628880,1.787147,1.476097,3.921399,3.382854,1.669079,1.581091,1.210615,0.566463,0.493700,0.819818,0.719101,0.744147,1.558819,0.352578,1.004042,0.716831,0.656824,0.548971,1.312332,2.359130,1.265020,0.944289,1.135713,2.448206,2.923565,1.284566,1.186120,0.929851,2.397981,2.927863,1.410088,1.129570,0.943933,1.818460,2.185697,2.320916,1.552204,7.676813,4.047322,2.828408,2.956744,1.841988,2.815085,4.871717,2.937881,2.531371,1.964705,5.230228,3.741003,2.234013,2.410687,1.492060,1.484869,3.711515,2.217959,2.177559,1.827695
1676060294.378993,1676060294.379273,15.000000,0.000000,4304.230957,4177.436035,4297.820313,4274.102539,4284.743652,4281.410156,4288.589844,4311.153809,4301.153809,4296.538574,4550.512695,4525.897461,4463.461426,4475.384766,2912.000000,4.000000,85.000000,,,,0.000000,4.000000,4.000000,4.000000,4.000000,4.000000,4.000000,4.000000,4.000000,4.000000,4.000000,4.000000,4.000000,4.000000,4.000000,100.000000,,,,,,,,,,,,,,,,,,,,,,,,,,,,,,,,,,,,,,,,,,,,,,,,,,,,,,,,,,,,,,,,,,,,,,,,,,,,,,,,,,,,,,
1676060294.386801,1676060294.387181,16.000000,0.000000,4299.743652,4192.307617,4286.794922,4274.743652,4275.000000,4280.256348,4286.410156,4305.128418,4290.641113,4282.051270,4522.563965,4501.794922,4440.512695,4455.897461,0.000000,4.000000,85.000000,,,,0.000000,4.000000,4.000000,4.000000,4.000000,4.000000,4.000000,4.000000,4.000000,4.000000,4.000000,4.000000,4.000000,4.000000,4.000000,100.000000,,,,,,,,,,,,,,,,,,,,,,,,,,,,,,,,,,,,,,,,,,,,,,,,,,,,,,,,,,,,,,,,,,,,,,,,,,,,,,,,,,,,,,
1676060294.394610,1676060294.394990,17.000000,0.000000,4289.358887,4203.717773,4266.922852,4269.358887,4264.743652,4271.538574,4272.948730,4282.948730,4279.102539,4264.358887,4487.692383,4477.692383,4403.717773,4432.948730,0.000000,4.000000,85.000000,,,,0.000000,4.000000,4.000000,4.000000,4.000000,4.000000,4.000000,4.000000,4.000000,4.000000,4.000000,4.000000,4.000000,4.000000,4.000000,100.000000,,,,,,,,,,,,,,,,,,,,,,,,,,,,,,,,,,,,,,,,,,,,,,,,,,,,,,,,,,,,,,,,,,,,,,,,,,,,,,,,,,,,,,
1676060294.402418,1676060294.402898,18.000000,0.000000,4286.794922,4224.102539,4268.205078,4276.922852,4276.538574,4273.974121,4281.666504,4288.461426,4280.000000,4264.615234,4472.179688,4474.358887,4379.615234,4424.230957,0.000000,4.000000,85.000000,,,,0.000000,4.000000,4.000000,4.000000,4.000000,4.000000,4.000000,4.000000,4.000000,4.000000,4.000000,4.000000,4.000000,4.000000,4.000000,100.000000,,,,,,,,,,,,,,,,,,,,,,,,,,,,,,,,,,,,,,,,,,,,,,,,,,,,,,,,,,,,,,,,,,,,,,,,,,,,,,,,,,,,,,
1676060294.410226,1676060294.410706,19.000000,0.000000,4306.666504,4257.179688,4299.615234,4307.307617,4301.922852,4299.487305,4309.487305,4320.256348,4303.717773,4282.820313,4488.974121,4495.641113,4389.102539,4442.563965,0.000000,4.000000,85.000000,,,,0.000000,4.000000,4.000000,4.000000,4.000000,4.000000,4.000000,4.000000,4.000000,4.000000,4.000000,4.000000,4.000000,4.000000,4.000000,100.000000,,,,,,,,,,,,,,,,,,,,,,,,,,,,,,,,,,,,,,,,,,,,,,,,,,,,,,,,,,,,,,,,,,,,,,,,,,,,,,,,,,,,,,
1676060294.418035,1676060294.418615,20.000000,0.000000,4320.128418,4274.230957,4312.051270,4318.589844,4301.666504,4306.794922,4312.948730,4320.641113,4314.358887,4283.077148,4494.102539,4505.384766,4391.666504,4449.487305,0.000000,4.000000,85.000000,,,,0.000000,4.000000,4.000000,4.000000,4.000000,4.000000,4.000000,4.000000,4.000000,4.000000,4.000000,4.000000,4.000000,4.000000,4.000000,100.000000,,,,,,,,,,,,,,,,,,,,,,,,,,,,,,,,,,,,,,,,,,,,,,,,,,,,,,,,,,,,,,,,,,,,,,,,,,,,,,,,,,,,,,
1676060294.425843,1676060294.426423,21.000000,0.000000,4320.897461,4278.333496,4306.666504,4313.333496,4296.282227,4298.077148,4304.615234,4307.307617,4304.102539,4278.589844,4482.820313,4500.897461,4379.358887,4443.461426,0.000000,4.000000,85.000000,,,,0.000000,4.000000,4.000000,4.000000,4.000000,4.000000,4.000000,4.000000,4.000000,4.000000,4.000000,4.000000,4.000000,4.000000,4.000000,100.000000,,,,,,,,,,,,,,,,,,,,,,,,,,,,,,,,,,,,,,,,,,,,,,,,,,,,,,,,,,,,,,,,,,,,,,,,,,,,,,,,,,,,,,
1676060294.433652,1676060294.434331,22.000000,0.000000,4318.846191,4277.436035,4310.897461,4315.384766,4306.538574,4301.666504,4303.717773,4303.205078,4287.820313,4277.948730,4476.794922,4496.794922,4367.436035,4440.000000,0.000000,4.000000,85.000000,,,,0.000000,4.000000,4.000000,4.000000,4.000000,4.000000,4.000000,4.000000,4.000000,4.000000,4.000000,4.000000,4.000000,4.000000,4.000000,100.000000,,,,,,,,,,,,,,,,,,,,,,,,,,,,,,,,,,,,,,,,,,,,,,,,,,,,,,,,,,,,,,,,,,,,,,,,,,,,,,,,,,,,,,
1676060294.441460,1676060294.442140,23.000000,0.000000,4309.743652,4267.179688,4313.333496,4313.589844,4305.512695,4298.974121,4297.436035,4285.512695,4274.102539,4269.615234,4467.563965,4484.487305,4354.230957,4426.025879,0.000000,4.000000,85.000000,,,,0.000000,4.000000,4.000000,4.000000,4.000000,4.000000,4.000000,4.000000,4.000000,4.000000,4.000000,4.000000,4.000000,4.000000,4.000000,100.000000,,,,,,,,,,,,,,,,,,,,,,,,,,,,,,,,,,,,,,,,,,,,,,,,,,,,,,,,,,,,,,,,,,,,,,,,,,,,,,,,,,,,,,
1676060294.449268,1676060294.450048,24.000000,0.000000,4309.487305,4260.128418,4317.820313,4311.922852,4302.051270,4291.922852,4297.051270,4278.846191,4279.615234,4272.436035,4475.769043,4486.794922,4363.846191,4425.000000,0.000000,4.000000,85.000000,,,,0.000000,4.000000,4.000000,4.000000,4.000000,4.000000,4.000000,4.000000,4.000000,4.000000,4.000000,4.000000,4.000000,4.000000,4.000000,100.000000,,,,,,,,,,,,,,,,,,,,,,,,,,,,,,,,,,,,,,,,,,,,,,,,,,,,,,,,,,,,,,,,,,,,,,,,,,,,,,,,,,,,,,
1676060294.457077,1676060294.457857,25.000000,0.000000,4317.436035,4253.846191,4325.384766,4313.205078,4308.077148,4296.153809,4301.538574,4297.436035,4296.153809,4284.871582,4517.820313,4508.333496,4402.948730,4445.641113,0.000000,4.000000,85.000000,,,,0.000000,4.000000,4.000000,4.000000,4.000000,4.000000,4.000000,4.000000,4.000000,4.000000,4.000000,4.000000,4.000000,4.000000,4.000000,100.000000,,,,,,,,,,,,,,,,,,,,,,,,,,,,,,,,,,,,,,,,,,,,,,,,,,,,,,,,,,,,,,,,,,,,,,,,,,,,,,,,,,,,,,
1676060294.464885,1676060294.465565,26.000000,0.000000,4305.256348,4223.461426,4310.641113,4295.897461,4302.179688,4290.000000,4287.820313,4299.743652,4297.179688,4282.820313,4550.769043,4504.871582,4431.282227,4446.794922,0.000000,4.000000,85.000000,,,,0.000000,4.000000,4.000000,4.000000,4.000000,4.000000,4.000000,4.000000,4.000000,4.000000,4.000000,4.000000,4.000000,4.000000,4.000000,100.000000,,,,,,,,,,,,,,,,,,,,,,,,,,,,,,,,,,,,,,,,,,,,,,,,,,,,,,,,,,,,,,,,,,,,,,,,,,,,,,,,,,,,,,
1676060294.472694,1676060294.473374,27.000000,0.000000,4292.820313,4184.743652,4292.307617,4274.487305,4293.846191,4279.743652,4275.256348,4295.128418,4293.717773,4279.615234,4573.077148,4493.974121,4460.128418,4445.128418,0.000000,4.000000,85.000000,,,,0.000000,4.000000,4.000000,4.000000,4.000000,4.000000,4.000000,4.000000,4.000000,4.000000,4.000000,4.000000,4.000000,4.000000,4.000000,100.000000,,,,,,,,,,,,,,,,,,,,,,,,,,,,,,,,,,,,,,,,,,,,,,,,,,,,,,,,,,,,,,,,,,,,,,,,,,,,,,,,,,,,,,
1676060294.480502,1676060294.481082,28.000000,0.000000,4292.820313,4152.948730,4284.615234,4257.948730,4286.538574,4279.615234,4275.641113,4300.128418,4293.333496,4285.256348,4607.563965,4500.384766,4508.717773,4456.153809,0.000000,4.000000,85.000000,,,,0.000000,4.000000,4.000000,4.000000,4.000000,4.000000,4.000000,4.000000,4.000000,4.000000,4.000000,4.000000,4.000000,4.000000,4.000000,100.000000,,,,,,,,,,,,,,,,,,,,,,,,,,,,,,,,,,,,,,,,,,,,,,,,,,,,,,,,,,,,,,,,,,,,,,,,,,,,,,,,,,,,,,
1676060294.488310,1676060294.488891,29.000000,0.000000,4288.846191,4121.410156,4281.922852,4240.897461,4278.205078,4278.333496,4278.846191,4302.436035,4297.436035,4299.487305,4642.820313,4512.948730,4556.666504,4461.922852,0.000000,4.000000,85.000000,,,,0.000000,4.000000,4.000000,4.000000,4.000000,4.000000,4.000000,4.000000,4.000000,4.000000,4.000000,4.000000,4.000000,4.000000,4.000000,100.000000,,,,,,,,,,,,,,,,,,,,,,,,,,,,,,,,,,,,,,,,,,,,,,,,,,,,,,,,,,,,,,,,,,,,,,,,,,,,,,,,,,,,,,
1676060294.496119,1676060294.496599,30.000000,0.000000,4280.769043,4092.435791,4282.179688,4229.358887,4279.358887,4276.794922,4286.153809,4309.102539,4307.179688,4312.436035,4669.230957,4518.461426,4592.563965,4470.512695,0.000000,4.000000,85.000000,,,,0.000000,4.000000,4.000000,4.000000,4.000000,4.000000,4.000000,4.000000,4.000000,4.000000,4.000000,4.000000,4.000000,4.000000,4.000000,100.000000,,,,,,,,,,,,,,,,,0.655230,2.043163,1.652646,1.583945,1.141920,5.155746,3.245458,1.552020,1.718644,1.201144,0.490748,3.778004,1.638650,1.789865,1.508880,3.564903,3.362794,1.676630,1.496509,1.223400,0.478945,0.545448,0.840902,0.705375,0.773305,1.419574,0.397811,1.029773,0.758693,0.702756,0.424077,1.541719,2.582099,1.228598,0.985212,0.986213,2.804120,2.915741,1.226861,1.270686,0.886089,2.589355,2.959918,1.379740,1.201354,0.823479,1.859257,1.826462,2.323911,1.585819,5.694890,4.135641,2.829060,2.750304,1.966873,2.556576,5.477335,2.790872,2.447576,2.011272,4.801773,3.885529,2.117169,2.279295,1.620887,1.150637,4.079959,2.122546,2.091033,1.875397
1676060294.503927,1676060294.504508,31.000000,0.000000,4270.897461,4067.564209,4274.615234,4216.666504,4279.615234,4280.897461,4289.743652,4315.769043,4306.538574,4305.256348,4691.282227,4517.179688,4624.230957,4475.769043,0.000000,4.000000,85.000000,,,,0.000000,4.000000,4.000000,4.000000,4.000000,4.000000,4.000000,4.000000,4.000000,4.000000,4.000000,4.000000,4.000000,4.000000,4.000000,100.000000,,,,,,,,,,,,,,,,,,,,,,,,,,,,,,,,,,,,,,,,,,,,,,,,,,,,,,,,,,,,,,,,,,,,,,,,,,,,,,,,,,,,,,
1676060294.511736,1676060294.512316,32.000000,0.000000,4258.974121,4039.358887,4259.102539,4194.743652,4267.436035,4277.436035,4278.461426,4301.922852,4296.025879,4294.871582,4691.410156,4506.025879,4641.794922,4458.846191,0.000000,4.000000,85.000000,,,,0.000000,4.000000,4.000000,4.000000,4.000000,4.000000,4.000000,4.000000,4.000000,4.000000,4.000000,4.000000,4.000000,4.000000,4.000000,100.000000,,,,,,,,,,,,,,,,,,,,,,,,,,,,,,,,,,,,,,,,,,,,,,,,,,,,,,,,,,,,,,,,,,,,,,,,,,,,,,,,,,,,,,
1676060294.519544,1676060294.520224,33.000000,0.000000,4261.025879,4026.923096,4260.512695,4187.051270,4267.436035,4278.589844,4282.051270,4297.051270,4300.769043,4310.384766,4686.538574,4507.692383,4654.487305,4458.846191,0.000000,4.000000,85.000000,,,,0.000000,4.000000,4.000000,4.000000,4.000000,4.000000,4.000000,4.000000,4.000000,4.000000,4.000000,4.000000,4.000000,4.000000,4.000000,100.000000,,,,,,,,,,,,,,,,,,,,,,,,,,,,,,,,,,,,,,,,,,,,,,,,,,,,,,,,,,,,,,,,,,,,,,,,,,,,,,,,,,,,,,
1676060294.527352,1676060294.528033,34.000000,0.000000,4273.846191,4043.205078,4283.205078,4202.563965,4288.589844,4297.820313,4308.077148,4323.974121,4321.282227,4338.974121,4711.410156,4538.846191,4677.563965,4489.487305,0.000000,4.000000,85.000000,,,,0.000000,4.000000,4.000000,4.000000,4.000000,4.000000,4.000000,4.000000,4.000000,4.000000,4.000000,4.000000,4.000000,4.000000,4.000000,100.000000,,,,,,,,,,,,,,,,,,,,,,,,,,,,,,,,,,,,,,,,,,,,,,,,,,,,,,,,,,,,,,,,,,,,,,,,,,,,,,,,,,,,,,
1676060294.535161,1676060294.535941,35.000000,0.000000,4258.589844,4041.410156,4282.692383,4199.358887,4286.922852,4295.641113,4300.384766,4325.769043,4317.948730,4334.487305,4705.128418,4532.948730,4663.077148,4484.230957,0.000000,4.000000,85.000000,,,,0.000000,4.000000,4.000000,4.000000,4.000000,4.000000,4.000000,4.000000,4.000000,4.000000,4.000000,4.000000,4.000000,4.000000,4.000000,100.000000,,,,,,,,,,,,,,,,,,,,,,,,,,,,,,,,,,,,,,,,,,,,,,,,,,,,,,,,,,,,,,,,,,,,,,,,,,,,,,,,,,,,,,
1676060294.542969,1676060294.543750,36.000000,0.000000,4241.794922,4029.871826,4263.717773,4185.641113,4268.205078,4273.077148,4269.743652,4286.538574,4288.205078,4296.282227,4642.179688,4485.128418,4598.461426,4445.641113,0.000000,4.000000,85.000000,,,,0.000000,4.000000,4.000000,4.000000,4.000000,4.000000,4.000000,4.000000,4.000000,4.000000,4.000000,4.000000,4.000000,4.000000,4.000000,100.000000,,,,,,,,,,,,,,,,,,,,,,,,,,,,,,,,,,,,,,,,,,,,,,,,,,,,,,,,,,,,,,,,,,,,,,,,,,,,,,,,,,,,,,
1676060294.550777,1676060294.551558,37.000000,0.000000,4277.051270,4081.410156,4288.205078,4218.077148,4286.666504,4283.461426,4284.871582,4288.461426,4292.948730,4293.077148,4623.205078,4495.128418,4572.436035,4459.230957,0.000000,4.000000,85.000000,,,,0.000000,4.000000,4.000000,4.000000,4.000000,4.000000,4.000000,4.000000,4.000000,4.000000,4.000000,4.000000,4.000000,4.000000,4.000000,100.000000,,,,,,,,,,,,,,,,,,,,,,,,,,,,,,,,,,,,,,,,,,,,,,,,,,,,,,,,,,,,,,,,,,,,,,,,,,,,,,,,,,,,,,
1676060294.558586,1676060294.559267,38.000000,0.000000,4318.461426,4149.743652,4323.589844,4260.384766,4311.025879,4305.897461,4313.333496,4324.358887,4321.794922,4325.512695,4644.230957,4539.743652,4578.461426,4500.256348,0.000000,4.000000,85.000000,,,,0.000000,4.000000,4.000000,4.000000,4.000000,4.000000,4.000000,4.000000,4.000000,4.000000,4.000000,4.000000,4.000000,4.000000,4.000000,100.000000,,,,,,,,,,,,,,,,,,,,,,,,,,,,,,,,,,,,,,,,,,,,,,,,,,,,,,,,,,,,,,,,,,,,,,,,,,,,,,,,,,,,,,
1676060294.566394,1676060294.567075,39.000000,0.000000,4311.282227,4158.974121,4308.205078,4257.948730,4290.769043,4286.794922,4296.282227,4316.538574,4310.512695,4314.102539,4610.897461,4522.051270,4535.512695,4487.948730,0.000000,4.000000,85.000000,,,,0.000000,4.000000,4.000000,4.000000,4.000000,4.000000,4.000000,4.000000,4.000000,4.000000,4.000000,4.000000,4.000000,4.000000,4.000000,100.000000,,,,,,,,,,,,,,,,,,,,,,,,,,,,,,,,,,,,,,,,,,,,,,,,,,,,,,,,,,,,,,,,,,,,,,,,,,,,,,,,,,,,,,
1676060294.574203,1676060294.574784,40.000000,0.000000,4302.307617,4162.820313,4294.358887,4252.820313,4279.743652,4272.692383,4282.692383,4302.820313,4293.205078,4284.230957,4573.589844,4499.487305,4492.307617,4468.717773,0.000000,4.000000,85.000000,,,,0.000000,4.000000,4.000000,4.000000,4.000000,4.000000,4.000000,4.000000,4.000000,4.000000,4.000000,4.000000,4.000000,4.000000,4.000000,100.000000,,,,,,,,,,,,,,,,,,,,,,,,,,,,,,,,,,,,,,,,,,,,,,,,,,,,,,,,,,,,,,,,,,,,,,,,,,,,,,,,,,,,,,
1676060294.582011,1676060294.582692,41.000000,0.000000,4317.051270,4192.307617,4316.538574,4271.025879,4298.461426,4295.256348,4304.615234,4323.077148,4314.615234,4302.436035,4582.563965,4521.794922,4491.922852,4484.871582,0.000000,4.000000,85.000000,,,,0.000000,4.000000,4.000000,4.000000,4.000000,4.000000,4.000000,4.000000,4.000000,4.000000,4.000000,4.000000,4.000000,4.000000,4.000000,100.000000,,,,,,,,,,,,,,,,,,,,,,,,,,,,,,,,,,,,,,,,,,,,,,,,,,,,,,,,,,,,,,,,,,,,,,,,,,,,,,,,,,,,,,
1676060294.589819,1676060294.590500,42.000000,0.000000,4307.179688,4190.256348,4307.692383,4264.743652,4290.256348,4294.615234,4302.692383,4315.512695,4309.358887,4311.282227,4560.641113,4504.487305,4466.153809,4473.077148,0.000000,4.000000,85.000000,,,,0.000000,4.000000,4.000000,4.000000,4.000000,4.000000,4.000000,4.000000,4.000000,4.000000,4.000000,4.000000,4.000000,4.000000,4.000000,100.000000,,,,,,,,,,,,,,,,,,,,,,,,,,,,,,,,,,,,,,,,,,,,,,,,,,,,,,,,,,,,,,,,,,,,,,,,,,,,,,,,,,,,,,
1676060294.597628,1676060294.598409,43.000000,0.000000,4294.743652,4182.179688,4284.102539,4254.358887,4279.102539,4279.615234,4284.102539,4288.846191,4274.871582,4280.128418,4515.897461,4466.410156,4426.538574,4443.205078,0.000000,4.000000,85.000000,,,,0.000000,4.000000,4.000000,4.000000,4.000000,4.000000,4.000000,4.000000,4.000000,4.000000,4.000000,4.000000,4.000000,4.000000,4.000000,100.000000,,,,,,,,,,,,,,,,,,,,,,,,,,,,,,,,,,,,,,,,,,,,,,,,,,,,,,,,,,,,,,,,,,,,,,,,,,,,,,,,,,,,,,
1676060294.605436,1676060294.606217,44.000000,0.000000,4316.922852,4220.641113,4308.589844,4281.025879,4302.436035,4295.256348,4298.077148,4299.102539,4284.615234,4268.974121,4521.153809,4484.358887,4428.589844,4459.615234,0.000000,4.000000,85.000000,,,,0.000000,4.000000,4.000000,4.000000,4.000000,4.000000,4.000000,4.000000,4.000000,4.000000,4.000000,4.000000,4.000000,4.000000,4.000000,100.000000,,,,,,,,,,,,,,,,,,,,,,,,,,,,,,,,,,,,,,,,,,,,,,,,,,,,,,,,,,,,,,,,,,,,,,,,,,,,,,,,,,,,,,
1676060294.613244,1676060294.614126,45.000000,0.000000,4322.948730,4243.717773,4326.410156,4291.538574,4307.948730,4307.179688,4307.948730,4306.666504,4300.641113,4281.025879,4525.641113,4502.307617,4425.897461,4468.205078,0.000000,4.000000,85.000000,,,,0.000000,4.000000,4.000000,4.000000,4.000000,4.000000,4.000000,4.000000,4.000000,4.000000,4.000000,4.000000,4.000000,4.000000,4.000000,100.000000,,,,,,,,,,,,,,,,,,,,,,,,,,,,,,,,,,,,,,,,,,,,,,,,,,,,,,,,,,,,,,,,,,,,,,,,,,,,,,,,,,,,,,
1676060294.621053,1676060294.621934,46.000000,0.000000,4306.922852,4228.846191,4308.589844,4275.000000,4292.051270,4295.000000,4292.563965,4288.846191,4282.179688,4282.307617,4499.871582,4483.333496,4407.436035,4441.410156,0.000000,4.000000,85.000000,,,,0.000000,4.000000,4.000000,4.000000,4.000000,4.000000,4.000000,4.000000,4.000000,4.000000,4.000000,4.000000,4.000000,4.000000,4.000000,100.000000,,,,,,,,,,,,,,,,,0.558674,2.167365,1.447714,1.458522,1.190280,9.747096,2.958627,1.288841,1.485052,1.239334,0.540485,3.953952,1.553872,1.769186,1.545575,3.852958,3.149122,1.590523,1.383613,1.253784,0.479715,0.597969,0.789738,0.693328,0.818716,1.253146,0.428364,0.959414,0.787478,0.764916,0.428806,1.711049,2.565883,1.137932,1.047515,1.014896,2.968288,2.698118,1.141813,1.379321,0.951952,2.544659,2.724634,1.343147,1.295753,0.857481,1.764521,1.482629,2.212145,1.675665,6.905354,4.203816,2.603682,2.564816,2.156115,2.390360,5.661858,2.498528,2.320681,2.102973,7.426395,3.707042,1.824816,2.086644,1.821929,1.337727,4.223804,1.912446,1.973107,1.958555
1676060294.628861,1676060294.629842,47.000000,0.000000,4322.563965,4236.025879,4314.102539,4285.256348,4298.974121,4292.051270,4293.974121,4293.717773,4281.794922,4283.846191,4514.102539,4489.230957,4428.077148,4455.000000,0.000000,4.000000,85.000000,,,,0.000000,4.000000,4.000000,4.000000,4.000000,4.000000,4.000000,4.000000,4.000000,4.000000,4.000000,4.000000,4.000000,4.000000,4.000000,100.000000,,,,,,,,,,,,,,,,,,,,,,,,,,,,,,,,,,,,,,,,,,,,,,,,,,,,,,,,,,,,,,,,,,,,,,,,,,,,,,,,,,,,,,
1676060294.636670,1676060294.637651,48.000000,0.000000,4335.641113,4248.461426,4332.179688,4299.743652,4306.282227,4298.717773,4305.384766,4313.974121,4301.153809,4297.692383,4547.820313,4514.230957,4455.256348,4489.102539,0.000000,4.000000,85.000000,,,,0.000000,4.000000,4.000000,4.000000,4.000000,4.000000,4.000000,4.000000,4.000000,4.000000,4.000000,4.000000,4.000000,4.000000,4.000000,100.000000,,,,,,,,,,,,,,,,,,,,,,,,,,,,,,,,,,,,,,,,,,,,,,,,,,,,,,,,,,,,,,,,,,,,,,,,,,,,,,,,,,,,,,
1676060294.644478,1676060294.645359,49.000000,0.000000,4313.077148,4228.974121,4322.307617,4280.000000,4296.282227,4294.358887,4299.743652,4312.820313,4302.307617,4304.487305,4536.538574,4510.256348,4449.102539,4480.128418,0.000000,4.000000,85.000000,,,,0.000000,4.000000,4.000000,4.000000,4.000000,4.000000,4.000000,4.000000,4.000000,4.000000,4.000000,4.000000,4.000000,4.000000,4.000000,100.000000,,,,,,,,,,,,,,,,,,,,,,,,,,,,,,,,,,,,,,,,,,,,,,,,,,,,,,,,,,,,,,,,,,,,,,,,,,,,,,,,,,,,,,
1676060294.652286,1676060294.653168,50.000000,0.000000,4302.051270,4214.871582,4305.384766,4263.974121,4288.333496,4286.666504,4292.820313,4299.358887,4293.846191,4293.846191,4507.820313,4484.487305,4428.461426,4451.282227,0.000000,4.000000,85.000000,,,,0.000000,4.000000,4.000000,4.000000,4.000000,4.000000,4.000000,4.000000,4.000000,4.000000,4.000000,4.000000,4.000000,4.000000,4.000000,100.000000,,,,,,,,,,,,,,,,,,,,,,,,,,,,,,,,,,,,,,,,,,,,,,,,,,,,,,,,,,,,,,,,,,,,,,,,,,,,,,,,,,,,,,
1676060294.660095,1676060294.660876,51.000000,0.000000,4313.846191,4229.358887,4308.205078,4279.102539,4290.384766,4287.820313,4294.871582,4297.436035,4292.820313,4281.410156,4502.948730,4472.563965,4414.230957,4446.410156,0.000000,4.000000,85.000000,,,,0.000000,4.000000,4.000000,4.000000,4.000000,4.000000,4.000000,4.000000,4.000000,4.000000,4.000000,4.000000,4.000000,4.000000,4.000000,100.000000,,,,,,,,,,,,,,,,,,,,,,,,,,,,,,,,,,,,,,,,,,,,,,,,,,,,,,,,,,,,,,,,,,,,,,,,,,,,,,,,,,,,,,
1676060294.667903,1676060294.668785,52.000000,0.000000,4318.077148,4244.358887,4317.563965,4292.179688,4302.051270,4292.307617,4294.615234,4304.358887,4293.205078,4277.307617,4508.461426,4483.846191,4417.051270,4461.410156,0.000000,4.000000,85.000000,,,,0.000000,4.000000,4.000000,4.000000,4.000000,4.000000,4.000000,4.000000,4.000000,4.000000,4.000000,4.000000,4.000000,4.000000,4.000000,100.000000,,,,,,,,,,,,,,,,,,,,,,,,,,,,,,,,,,,,,,,,,,,,,,,,,,,,,,,,,,,,,,,,,,,,,,,,,,,,,,,,,,,,,,
1676060294.675712,1676060294.676593,53.000000,0.000000,4318.846191,4250.897461,4323.589844,4289.871582,4320.512695,4299.102539,4300.641113,4309.871582,4297.948730,4285.128418,4515.641113,4495.769043,4428.974121,4473.461426,0.000000,4.000000,85.000000,,,,0.000000,4.000000,4.000000,4.000000,4.000000,4.000000,4.000000,4.000000,4.000000,4.000000,4.000000,4.000000,4.000000,4.000000,4.000000,100.000000,,,,,,,,,,,,,,,,,,,,,,,,,,,,,,,,,,,,,,,,,,,,,,,,,,,,,,,,,,,,,,,,,,,,,,,,,,,,,,,,,,,,,,
1676060294.683520,1676060294.684402,54.000000,0.000000,4313.717773,4247.051270,4312.307617,4279.102539,4322.051270,4298.717773,4299.615234,4299.102539,4290.512695,4284.743652,4504.871582,4478.974121,4413.333496,4461.666504,0.000000,4.000000,85.000000,,,,0.000000,4.000000,4.000000,4.000000,4.000000,4.000000,4.000000,4.000000,4.000000,4.000000,4.000000,4.000000,4.000000,4.000000,4.000000,100.000000,,,,,,,,,,,,,,,,,,,,,,,,,,,,,,,,,,,,,,,,,,,,,,,,,,,,,,,,,,,,,,,,,,,,,,,,,,,,,,,,,,,,,,
1676060294.691328,1676060294.692110,55.000000,0.000000,4301.666504,4242.563965,4294.358887,4271.666504,4308.974121,4284.615234,4281.538574,4277.563965,4263.974121,4256.922852,4470.256348,4449.871582,4374.487305,4435.769043,0.000000,4.000000,85.000000,,,,0.000000,4.000000,4.000000,4.000000,4.000000,4.000000,4.000000,4.000000,4.000000,4.000000,4.000000,4.000000,4.000000,4.000000,4.000000,100.000000,,,,,,,,,,,,,,,,,,,,,,,,,,,,,,,,,,,,,,,,,,,,,,,,,,,,,,,,,,,,,,,,,,,,,,,,,,,,,,,,,,,,,,
1676060294.699137,1676060294.699919,56.000000,0.000000,4325.128418,4272.820313,4317.948730,4295.641113,4321.922852,4289.871582,4293.205078,4285.641113,4268.717773,4252.436035,4474.743652,4469.358887,4376.922852,4448.333496,0.000000,4.000000,85.000000,,,,0.000000,4.000000,4.000000,4.000000,4.000000,4.000000,4.000000,4.000000,4.000000,4.000000,4.000000,4.000000,4.000000,4.000000,4.000000,100.000000,,,,,,,,,,,,,,,,,,,,,,,,,,,,,,,,,,,,,,,,,,,,,,,,,,,,,,,,,,,,,,,,,,,,,,,,,,,,,,,,,,,,,,
1676060294.706945,1676060294.707627,57.000000,0.000000,4360.256348,4316.922852,4355.769043,4328.974121,4347.051270,4314.230957,4324.358887,4314.615234,4301.794922,4293.461426,4508.077148,4511.282227,4403.077148,4482.307617,0.000000,4.000000,85.000000,,,,0.000000,4.000000,4.000000,4.000000,4.000000,4.000000,4.000000,4.000000,4.000000,4.000000,4.000000,4.000000,4.000000,4.000000,4.000000,100.000000,,,,,,,,,,,,,,,,,,,,,,,,,,,,,,,,,,,,,,,,,,,,,,,,,,,,,,,,,,,,,,,,,,,,,,,,,,,,,,,,,,,,,,
1676060294.714754,1676060294.715436,58.000000,0.000000,4346.666504,4321.666504,4344.615234,4324.230957,4339.743652,4311.282227,4315.256348,4312.179688,4299.871582,4302.692383,4494.230957,4500.000000,4384.743652,4476.153809,0.000000,4.000000,85.000000,,,,0.000000,4.000000,4.000000,4.000000,4.000000,4.000000,4.000000,4.000000,4.000000,4.000000,4.000000,4.000000,4.000000,4.000000,4.000000,100.000000,,,,,,,,,,,,,,,,,,,,,,,,,,,,,,,,,,,,,,,,,,,,,,,,,,,,,,,,,,,,,,,,,,,,,,,,,,,,,,,,,,,,,,
1676060294.722562,1676060294.723144,59.000000,0.000000,4323.205078,4304.358887,4319.487305,4304.230957,4319.230957,4295.000000,4291.794922,4290.128418,4276.153809,4268.846191,4457.307617,4467.179688,4344.615234,4450.384766,0.000000,4.000000,85.000000,,,,0.000000,4.000000,4.000000,4.000000,4.000000,4.000000,4.000000,4.000000,4.000000,4.000000,4.000000,4.000000,4.000000,4.000000,4.000000,100.000000,,,,,,,,,,,,,,,,,,,,,,,,,,,,,,,,,,,,,,,,,,,,,,,,,,,,,,,,,,,,,,,,,,,,,,,,,,,,,,,,,,,,,,
1676060294.730370,1676060294.730953,60.000000,0.000000,4333.717773,4312.948730,4321.922852,4310.769043,4319.102539,4301.794922,4293.333496,4286.538574,4274.871582,4258.205078,4449.230957,4465.897461,4332.179688,4450.384766,0.000000,4.000000,85.000000,,,,0.000000,4.000000,4.000000,4.000000,4.000000,4.000000,4.000000,4.000000,4.000000,4.000000,4.000000,4.000000,4.000000,4.000000,4.000000,100.000000,,,,,,,,,,,,,,,,,,,,,,,,,,,,,,,,,,,,,,,,,,,,,,,,,,,,,,,,,,,,,,,,,,,,,,,,,,,,,,,,,,,,,,
1676060294.738179,1676060294.738661,61.000000,0.000000,4333.974121,4326.538574,4316.153809,4315.000000,4316.153809,4299.743652,4286.282227,4281.794922,4271.922852,4255.769043,4434.102539,4459.615234,4319.743652,4446.538574,0.000000,4.000000,85.000000,,,,0.000000,4.000000,4.000000,4.000000,4.000000,4.000000,4.000000,4.000000,4.000000,4.000000,4.000000,4.000000,4.000000,4.000000,4.000000,100.000000,,,,,,,,,,,,,,,,,,,,,,,,,,,,,,,,,,,,,,,,,,,,,,,,,,,,,,,,,,,,,,,,,,,,,,,,,,,,,,,,,,,,,,
1676060294.745987,1676060294.746470,62.000000,0.000000,4317.948730,4326.153809,4300.769043,4305.128418,4307.051270,4287.692383,4272.179688,4271.410156,4257.692383,4240.641113,4408.077148,4437.692383,4295.769043,4425.256348,0.000000,4.000000,85.000000,,,,0.000000,4.000000,4.000000,4.000000,4.000000,4.000000,4.000000,4.000000,4.000000,4.000000,4.000000,4.000000,4.000000,4.000000,4.000000,100.000000,,,,,,,,,,,,,,,,,0.639812,2.223721,1.235562,1.387624,1.263465,23.859108,2.826603,1.036432,1.294850,1.284243,0.834557,3.930238,1.406411,1.789130,1.568265,5.765423,2.852463,1.419512,1.313438,1.287862,0.611085,0.686055,0.677779,0.706862,0.870782,1.140555,0.453610,0.818918,0.836256,0.838798,0.557540,1.801770,2.339793,1.062688,1.118213,1.279687,2.934753,2.321642,1.120151,1.480498,1.180195,2.308672,2.274328,1.391967,1.379419,1.233463,1.564682,1.187942,2.092698,1.791636,13.298855,4.250627,2.271872,2.544045,2.346479,2.554665,5.345216,2.169899,2.275860,2.200504,17.954359,3.217972,1.495811,1.979070,2.042216,2.257103,4.040711,1.668962,1.935525,2.053212
1676060294.753796,1676060294.754178,63.000000,0.000000,4335.128418,4341.153809,4317.820313,4322.179688,4321.025879,4300.000000,4286.025879,4284.358887,4268.461426,4251.025879,4419.230957,4445.641113,4301.410156,4431.794922,0.000000,4.000000,85.000000,,,,0.000000,4.000000,4.000000,4.000000,4.000000,4.000000,4.000000,4.000000,4.000000,4.000000,4.000000,4.000000,4.000000,4.000000,4.000000,100.000000,,,,,,,,,,,,,,,,,,,,,,,,,,,,,,,,,,,,,,,,,,,,,,,,,,,,,,,,,,,,,,,,,,,,,,,,,,,,,,,,,,,,,,
1676060294.761604,1676060294.761987,64.000000,0.000000,4359.743652,4365.512695,4346.025879,4350.256348,4341.666504,4315.000000,4305.384766,4304.743652,4294.230957,4276.538574,4446.153809,4474.615234,4326.153809,4458.846191,2518.000000,4.000000,85.000000,,,,0.000000,4.000000,4.000000,4.000000,4.000000,4.000000,4.000000,4.000000,4.000000,4.000000,4.000000,4.000000,4.000000,4.000000,4.000000,100.000000,,,,,,,,,,,,,,,,,,,,,,,,,,,,,,,,,,,,,,,,,,,,,,,,,,,,,,,,,,,,,,,,,,,,,,,,,,,,,,,,,,,,,,
1676060294.769412,1676060294.769695,65.000000,0.000000,4358.077148,4375.128418,4353.589844,4353.589844,4344.102539,4318.077148,4309.615234,4305.256348,4298.205078,4279.743652,4451.025879,4487.179688,4328.333496,4464.102539,2473.000000,4.000000,85.000000,,,,0.000000,4.000000,4.000000,4.000000,4.000000,4.000000,4.000000,4.000000,4.000000,4.000000,4.000000,4.000000,4.000000,4.000000,4.000000,100.000000,,,,,,,,,,,,,,,,,,,,,,,,,,,,,,,,,,,,,,,,,,,,,,,,,,,,,,,,,,,,,,,,,,,,,,,,,,,,,,,,,,,,,,
1676060294.777221,1676060294.777603,66.000000,0.000000,4359.358887,4377.436035,4351.794922,4349.487305,4342.563965,4324.743652,4309.615234,4298.974121,4286.282227,4274.102539,4445.769043,4482.307617,4318.205078,4459.871582,2403.000000,4.000000,85.000000,,,,0.000000,4.000000,4.000000,4.000000,4.000000,4.000000,4.000000,4.000000,4.000000,4.000000,4.000000,4.000000,4.000000,4.000000,4.000000,100.000000,,,,,,,,,,,,,,,,,,,,,,,,,,,,,,,,,,,,,,,,,,,,,,,,,,,,,,,,,,,,,,,,,,,,,,,,,,,,,,,,,,,,,,
1676060294.785029,1676060294.785412,67.000000,0.000000,4368.333496,4381.025879,4352.563965,4356.153809,4345.769043,4331.922852,4311.922852,4295.769043,4283.589844,4268.846191,4440.000000,4479.102539,4314.743652,4466.282227,2449.000000,4.000000,85.000000,,,,0.000000,4.000000,4.000000,4.000000,4.000000,4.000000,4.000000,4.000000,4.000000,4.000000,4.000000,4.000000,4.000000,4.000000,4.000000,100.000000,,,,,,,,,,,,,,,,,,,,,,,,,,,,,,,,,,,,,,,,,,,,,,,,,,,,,,,,,,,,,,,,,,,,,,,,,,,,,,,,,,,,,,
1676060294.792837,1676060294.793320,68.000000,0.000000,4354.743652,4371.666504,4346.666504,4350.384766,4338.077148,4323.974121,4308.077148,4286.282227,4278.974121,4249.615234,4421.538574,4470.128418,4301.410156,4453.205078,2431.000000,4.000000,85.000000,,,,0.000000,4.000000,4.000000,4.000000,4.000000,4.000000,4.000000,4.000000,4.000000,4.000000,4.000000,4.000000,4.000000,4.000000,4.000000,100.000000,,,,,,,,,,,,,,,,,,,,,,,,,,,,,,,,,,,,,,,,,,,,,,,,,,,,,,,,,,,,,,,,,,,,,,,,,,,,,,,,,,,,,,
1676060294.800646,1676060294.801129,69.000000,0.000000,4336.922852,4356.922852,4335.128418,4333.717773,4322.563965,4309.358887,4297.948730,4279.743652,4271.794922,4246.410156,4406.025879,4458.077148,4287.692383,4423.461426,2371.000000,4.000000,85.000000,,,,0.000000,4.000000,4.000000,4.000000,4.000000,4.000000,4.000000,4.000000,4.000000,4.000000,4.000000,4.000000,4.000000,4.000000,4.000000,100.000000,,,,,,,,,,,,,,,,,,,,,,,,,,,,,,,,,,,,,,,,,,,,,,,,,,,,,,,,,,,,,,,,,,,,,,,,,,,,,,,,,,,,,,
1676060294.808454,1676060294.809037,70.000000,0.000000,4348.077148,4357.051270,4336.538574,4335.128418,4323.717773,4311.666504,4296.153809,4294.487305,4285.256348,4271.410156,4421.282227,4467.436035,4301.794922,4430.256348,2224.000000,4.000000,85.000000,,,,0.000000,4.000000,4.000000,4.000000,4.000000,4.000000,4.000000,4.000000,4.000000,4.000000,4.000000,4.000000,4.000000,4.000000,4.000000,100.000000,,,,,,,,,,,,,,,,,,,,,,,,,,,,,,,,,,,,,,,,,,,,,,,,,,,,,,,,,,,,,,,,,,,,,,,,,,,,,,,,,,,,,,
1676060294.816262,1676060294.816845,71.000000,0.000000,4358.846191,4358.717773,4344.230957,4341.410156,4331.538574,4321.922852,4301.794922,4303.461426,4296.794922,4278.589844,4444.358887,4477.820313,4324.358887,4459.871582,2221.000000,4.000000,85.000000,,,,0.000000,4.000000,4.000000,4.000000,4.000000,4.000000,4.000000,4.000000,4.000000,4.000000,4.000000,4.000000,4.000000,4.000000,4.000000,100.000000,,,,,,,,,,,,,,,,,,,,,,,,,,,,,,,,,,,,,,,,,,,,,,,,,,,,,,,,,,,,,,,,,,,,,,,,,,,,,,,,,,,,,,
1676060294.824071,1676060294.824754,72.000000,0.000000,4343.717773,4344.102539,4337.948730,4329.230957,4321.410156,4316.153809,4295.641113,4288.333496,4286.153809,4264.358887,4444.871582,4467.436035,4330.641113,4456.794922,2277.000000,4.000000,85.000000,,,,0.000000,4.000000,4.000000,4.000000,4.000000,4.000000,4.000000,4.000000,4.000000,4.000000,4.000000,4.000000,4.000000,4.000000,4.000000,100.000000,,,,,,,,,,,,,,,,,,,,,,,,,,,,,,,,,,,,,,,,,,,,,,,,,,,,,,,,,,,,,,,,,,,,,,,,,,,,,,,,,,,,,,
1676060294.831879,1676060294.832562,73.000000,0.000000,4322.948730,4321.922852,4319.230957,4307.948730,4306.666504,4299.743652,4281.153809,4276.666504,4272.307617,4256.666504,4431.282227,4451.410156,4322.436035,4431.922852,2236.000000,4.000000,85.000000,,,,0.000000,4.000000,4.000000,4.000000,4.000000,4.000000,4.000000,4.000000,4.000000,4.000000,4.000000,4.000000,4.000000,4.000000,4.000000,100.000000,,,,,,,,,,,,,,,,,,,,,,,,,,,,,,,,,,,,,,,,,,,,,,,,,,,,,,,,,,,,,,,,,,,,,,,,,,,,,,,,,,,,,,
1676060294.839688,1676060294.840271,74.000000,0.000000,4323.846191,4318.717773,4311.666504,4304.871582,4307.820313,4297.563965,4279.615234,4277.051270,4270.256348,4252.563965,4428.461426,4446.666504,4314.615234,4428.589844,2733.000000,4.000000,85.000000,,,,0.000000,4.000000,4.000000,4.000000,4.000000,4.000000,4.000000,4.000000,4.000000,4.000000,4.000000,4.000000,4.000000,4.000000,4.000000,100.000000,,,,,,,,,,,,,,,,,,,,,,,,,,,,,,,,,,,,,,,,,,,,,,,,,,,,,,,,,,,,,,,,,,,,,,,,,,,,,,,,,,,,,,
1676060294.847496,1676060294.848079,75.000000,0.000000,4335.641113,4326.410156,4317.436035,4313.589844,4310.512695,4307.051270,4288.461426,4274.487305,4270.769043,4246.794922,4429.102539,4447.307617,4313.333496,4431.666504,2924.000000,4.000000,85.000000,,,,0.000000,4.000000,4.000000,4.000000,4.000000,4.000000,4.000000,4.000000,4.000000,4.000000,4.000000,4.000000,4.000000,4.000000,4.000000,100.000000,,,,,,,,,,,,,,,,,,,,,,,,,,,,,,,,,,,,,,,,,,,,,,,,,,,,,,,,,,,,,,,,,,,,,,,,,,,,,,,,,,,,,,
1676060294.855304,1676060294.855788,76.000000,0.000000,4329.487305,4324.871582,4318.974121,4312.436035,4310.384766,4311.025879,4298.717773,4278.077148,4274.230957,4250.641113,4427.436035,4452.820313,4318.974121,4426.666504,3121.000000,4.000000,85.000000,,,,0.000000,4.000000,4.000000,4.000000,4.000000,4.000000,4.000000,4.000000,4.000000,4.000000,4.000000,4.000000,4.000000,4.000000,4.000000,100.000000,,,,,,,,,,,,,,,,,,,,,,,,,,,,,,,,,,,,,,,,,,,,,,,,,,,,,,,,,,,,,,,,,,,,,,,,,,,,,,,,,,,,,,
1676060294.863113,1676060294.863596,77.000000,0.000000,4327.820313,4332.948730,4326.025879,4315.128418,4316.282227,4309.487305,4310.000000,4295.512695,4291.153809,4257.051270,4445.512695,4469.615234,4334.871582,4443.333496,3236.000000,4.000000,85.000000,,,,0.000000,4.000000,4.000000,4.000000,4.000000,4.000000,4.000000,4.000000,4.000000,4.000000,4.000000,4.000000,4.000000,4.000000,4.000000,100.000000,,,,,,,,,,,,,,,,,,,,,,,,,,,,,,,,,,,,,,,,,,,,,,,,,,,,,,,,,,,,,,,,,,,,,,,,,,,,,,,,,,,,,,
1676060294.870921,1676060294.871305,78.000000,0.000000,4345.000000,4348.717773,4334.615234,4323.974121,4317.051270,4311.794922,4310.769043,4299.102539,4302.820313,4266.666504,4462.820313,4480.256348,4345.512695,4463.846191,2733.000000,4.000000,85.000000,,,,0.000000,4.000000,4.000000,4.000000,4.000000,4.000000,4.000000,4.000000,4.000000,4.000000,4.000000,4.000000,4.000000,4.000000,4.000000,100.000000,1.000000,25.000000,4.000000,1.000000,1.000000,3.000000,4.000000,4.000000,3.000000,3.000000,4.000000,3.000000,1.000000,1.000000,1.000000,3.000000,1.019337,2.203500,1.123720,1.419560,1.341918,52.085552,2.980682,0.890722,1.212898,1.307704,1.465129,3.764254,1.301352,1.881028,1.565848,10.362895,2.614602,1.239195,1.326102,1.304952,0.903430,0.858534,0.557570,0.754211,0.915365,1.111181,0.496746,0.662182,0.923016,0.911198,0.774327,1.817120,2.009649,1.052104,1.180163,1.756417,2.751485,1.899326,1.221743,1.544453,1.591739,1.971394,1.735583,1.579820,1.423353,2.125967,1.320133,0.980016,2.054151,1.886276,27.783842,4.339446,1.999052,2.755320,2.479362,3.233905,4.643935,1.976677,2.387666,2.267852,42.713757,2.649331,1.286893,2.058008,2.222822,4.105044,3.555465,1.520833,2.039640,2.135370
1676060294.878729,1676060294.879113,79.000000,0.000000,4342.307617,4339.230957,4322.179688,4318.589844,4303.077148,4307.307617,4292.563965,4282.307617,4292.307617,4270.384766,4439.102539,4463.589844,4328.205078,4440.384766,2924.000000,4.000000,85.000000,,,,0.000000,4.000000,4.000000,4.000000,4.000000,4.000000,4.000000,4.000000,4.000000,4.000000,4.000000,4.000000,4.000000,4.000000,4.000000,100.000000,,,,,,,,,,,,,,,,,,,,,,,,,,,,,,,,,,,,,,,,,,,,,,,,,,,,,,,,,,,,,,,,,,,,,,,,,,,,,,,,,,,,,,
1676060294.886538,1676060294.886822,80.000000,0.000000,4316.410156,4322.051270,4305.384766,4305.128418,4293.846191,4293.846191,4278.974121,4274.102539,4274.743652,4257.436035,4408.205078,4437.692383,4305.512695,4408.077148,3121.000000,4.000000,85.000000,,,,0.000000,4.000000,4.000000,4.000000,4.000000,4.000000,4.000000,4.000000,4.000000,4.000000,4.000000,4.000000,4.000000,4.000000,4.000000,100.000000,,,,,,,,,,,,,,,,,,,,,,,,,,,,,,,,,,,,,,,,,,,,,,,,,,,,,,,,,,,,,,,,,,,,,,,,,,,,,,,,,,,,,,
1676060294.894346,1676060294.894630,81.000000,0.000000,4310.128418,4328.077148,4305.769043,4307.820313,4296.922852,4293.717773,4282.179688,4272.436035,4268.461426,4245.769043,4411.794922,4432.179688,4304.743652,4410.128418,3236.000000,4.000000,85.000000,,,,0.000000,4.000000,4.000000,4.000000,4.000000,4.000000,4.000000,4.000000,4.000000,4.000000,4.000000,4.000000,4.000000,4.000000,4.000000,100.000000,,,,,,,,,,,,,,,,,,,,,,,,,,,,,,,,,,,,,,,,,,,,,,,,,,,,,,,,,,,,,,,,,,,,,,,,,,,,,,,,,,,,,,
1676060294.902155,1676060294.902339,82.000000,0.000000,4308.717773,4326.153809,4297.692383,4311.025879,4293.717773,4295.000000,4278.717773,4263.846191,4265.384766,4246.282227,4407.307617,4428.205078,4297.563965,4406.794922,2733.000000,4.000000,85.000000,,,,0.000000,4.000000,4.000000,4.000000,4.000000,4.000000,4.000000,4.000000,4.000000,4.000000,4.000000,4.000000,4.000000,4.000000,4.000000,100.000000,,,,,,,,,,,,,,,,,,,,,,,,,,,,,,,,,,,,,,,,,,,,,,,,,,,,,,,,,,,,,,,,,,,,,,,,,,,,,,,,,,,,,,
1676060294.909963,1676060294.910247,83.000000,0.000000,4303.077148,4318.589844,4292.307617,4315.512695,4293.205078,4292.563965,4278.077148,4265.000000,4267.051270,4246.410156,4390.512695,4426.410156,4287.179688,4394.102539,2924.000000,4.000000,85.000000,,,,0.000000,4.000000,4.000000,4.000000,4.000000,4.000000,4.000000,4.000000,4.000000,4.000000,4.000000,4.000000,4.000000,4.000000,4.000000,100.000000,,,,,,,,,,,,,,,,,,,,,,,,,,,,,,,,,,,,,,,,,,,,,,,,,,,,,,,,,,,,,,,,,,,,,,,,,,,,,,,,,,,,,,
1676060294.917771,1676060294.918056,84.000000,0.000000,4320.641113,4338.974121,4316.922852,4344.230957,4311.538574,4306.282227,4293.077148,4281.410156,4278.077148,4239.358887,4409.871582,4452.692383,4310.256348,4409.230957,3121.000000,4.000000,85.000000,,,,0.000000,4.000000,4.000000,4.000000,4.000000,4.000000,4.000000,4.000000,4.000000,4.000000,4.000000,4.000000,4.000000,4.000000,4.000000,100.000000,,,,,,,,,,,,,,,,,,,,,,,,,,,,,,,,,,,,,,,,,,,,,,,,,,,,,,,,,,,,,,,,,,,,,,,,,,,,,,,,,,,,,,
1676060294.925580,1676060294.925864,85.000000,0.000000,4328.205078,4348.846191,4327.051270,4357.051270,4315.897461,4313.461426,4300.897461,4285.641113,4279.871582,4244.358887,4433.077148,4472.820313,4328.077148,4422.563965,3236.000000,4.000000,85.000000,,,,0.000000,4.000000,4.000000,4.000000,4.000000,4.000000,4.000000,4.000000,4.000000,4.000000,4.000000,4.000000,4.000000,4.000000,4.000000,100.000000,,,,,,,,,,,,,,,,,,,,,,,,,,,,,,,,,,,,,,,,,,,,,,,,,,,,,,,,,,,,,,,,,,,,,,,,,,,,,,,,,,,,,,
1676060294.933388,1676060294.933573,86.000000,0.000000,4308.333496,4331.794922,4308.333496,4343.333496,4296.282227,4300.897461,4294.102539,4274.871582,4274.358887,4262.307617,4421.282227,4466.025879,4315.256348,4411.410156,2733.000000,4.000000,85.000000,,,,0.000000,4.000000,4.000000,4.000000,4.000000,4.000000,4.000000,4.000000,4.000000,4.000000,4.000000,4.000000,4.000000,4.000000,4.000000,100.000000,,,,,,,,,,,,,,,,,,,,,,,,,,,,,,,,,,,,,,,,,,,,,,,,,,,,,,,,,,,,,,,,,,,,,,,,,,,,,,,,,,,,,,
1676060294.941197,1676060294.941381,87.000000,0.000000,4309.615234,4332.692383,4307.051270,4348.846191,4294.358887,4302.051270,4293.974121,4278.589844,4278.333496,4268.333496,4416.538574,4470.769043,4316.153809,4413.461426,2924.000000,4.000000,85.000000,,,,0.000000,4.000000,4.000000,4.000000,4.000000,4.000000,4.000000,4.000000,4.000000,4.000000,4.000000,4.000000,4.000000,4.000000,4.000000,100.000000,,,,,,,,,,,,,,,,,,,,,,,,,,,,,,,,,,,,,,,,,,,,,,,,,,,,,,,,,,,,,,,,,,,,,,,,,,,,,,,,,,,,,,
1676060294.949005,1676060294.949090,88.000000,0.000000,4326.282227,4342.179688,4317.179688,4360.641113,4305.897461,4308.077148,4301.794922,4294.230957,4288.974121,4266.025879,4446.794922,4490.128418,4329.487305,4426.794922,3121.000000,4.000000,85.000000,,,,0.000000,4.000000,4.000000,4.000000,4.000000,4.000000,4.000000,4.000000,4.000000,4.000000,4.000000,4.000000,4.000000,4.000000,4.000000,100.000000,,,,,,,,,,,,,,,,,,,,,,,,,,,,,,,,,,,,,,,,,,,,,,,,,,,,,,,,,,,,,,,,,,,,,,,,,,,,,,,,,,,,,,
1676060294.956813,1676060294.956998,89.000000,0.000000,4323.589844,4341.794922,4315.512695,4354.358887,4297.179688,4297.179688,4303.589844,4301.922852,4291.794922,4266.922852,4483.846191,4496.153809,4323.717773,4426.153809,3236.000000,4.000000,85.000000,,,,0.000000,4.000000,4.000000,4.000000,4.000000,4.000000,4.000000,4.000000,4.000000,4.000000,4.000000,4.000000,4.000000,4.000000,4.000000,100.000000,,,,,,,,,,,,,,,,,,,,,,,,,,,,,,,,,,,,,,,,,,,,,,,,,,,,,,,,,,,,,,,,,,,,,,,,,,,,,,,,,,,,,,
1676060294.964622,1676060294.964806,90.000000,0.000000,4314.358887,4342.692383,4305.512695,4346.922852,4278.846191,4290.128418,4294.230957,4293.717773,4281.025879,4256.922852,4487.179688,4490.128418,4311.410156,4420.897461,2733.000000,4.000000,85.000000,,,,0.000000,4.000000,4.000000,4.000000,4.000000,4.000000,4.000000,4.000000,4.000000,4.000000,4.000000,4.000000,4.000000,4.000000,4.000000,100.000000,,,,,,,,,,,,,,,,,,,,,,,,,,,,,,,,,,,,,,,,,,,,,,,,,,,,,,,,,,,,,,,,,,,,,,,,,,,,,,,,,,,,,,
1676060294.972430,1676060294.972715,91.000000,0.000000,4315.256348,4339.230957,4298.077148,4347.307617,4276.025879,4294.102539,4283.461426,4282.436035,4273.717773,4241.025879,4460.897461,4485.128418,4307.948730,4417.307617,2924.000000,4.000000,85.000000,,,,0.000000,4.000000,4.000000,4.000000,4.000000,4.000000,4.000000,4.000000,4.000000,4.000000,4.000000,4.000000,4.000000,4.000000,4.000000,100.000000,,,,,,,,,,,,,,,,,,,,,,,,,,,,,,,,,,,,,,,,,,,,,,,,,,,,,,,,,,,,,,,,,,,,,,,,,,,,,,,,,,,,,,
1676060294.980239,1676060294.980523,92.000000,0.000000,4319.358887,4337.051270,4304.358887,4348.205078,4286.025879,4296.025879,4288.846191,4289.230957,4285.384766,4248.974121,4452.692383,4494.358887,4308.077148,4414.230957,3121.000000,4.000000,85.000000,,,,0.000000,4.000000,4.000000,4.000000,4.000000,4.000000,4.000000,4.000000,4.000000,4.000000,4.000000,4.000000,4.000000,4.000000,4.000000,100.000000,,,,,,,,,,,,,,,,,,,,,,,,,,,,,,,,,,,,,,,,,,,,,,,,,,,,,,,,,,,,,,,,,,,,,,,,,,,,,,,,,,,,,,
1676060294.988047,1676060294.988432,93.000000,0.000000,4319.487305,4345.384766,4315.769043,4353.205078,4294.358887,4298.974121,4297.307617,4299.230957,4296.153809,4252.563965,4459.102539,4503.461426,4307.436035,4413.205078,3236.000000,4.000000,85.000000,,,,0.000000,4.000000,4.000000,4.000000,4.000000,4.000000,4.000000,4.000000,4.000000,4.000000,4.000000,4.000000,4.000000,4.000000,4.000000,100.000000,,,,,,,,,,,,,,,,,,,,,,,,,,,,,,,,,,,,,,,,,,,,,,,,,,,,,,,,,,,,,,,,,,,,,,,,,,,,,,,,,,,,,,
1676060294.995855,1676060294.996240,94.000000,0.000000,4321.794922,4356.025879,4326.153809,4362.051270,4301.538574,4307.820313,4298.717773,4295.897461,4296.794922,4248.589844,4448.461426,4498.846191,4305.769043,4417.563965,2733.000000,4.000000,85.000000,,,,0.000000,4.000000,4.000000,4.000000,4.000000,4.000000,4.000000,4.000000,4.000000,4.000000,4.000000,4.000000,4.000000,4.000000,4.000000,100.000000,,,,,,,,,,,,,,,,,1.802566,2.145297,1.177440,1.538650,1.408321,93.434723,3.425677,0.916346,1.253252,1.303808,2.449017,3.591723,1.327735,2.025139,1.544820,17.694857,2.558248,1.125286,1.414897,1.295547,1.345930,1.149117,0.493308,0.823967,0.942719,1.153224,0.590736,0.537159,1.036640,0.966740,1.023054,1.796742,1.703144,1.110659,1.221745,2.296524,2.493613,1.546940,1.441638,1.558414,2.120783,1.639806,1.251022,1.887377,1.420820,3.501967,1.107274,0.879725,2.122584,1.924185,50.770248,4.538952,1.893714,3.151189,2.530907,4.395280,3.797300,2.026168,2.635785,2.296807,83.501358,2.286407,1.273098,2.327955,2.325511,6.719622,2.899137,1.539079,2.259699,2.195470
1676060295.003664,1676060295.004148,95.000000,0.000000,4326.666504,4361.410156,4336.410156,4367.563965,4311.282227,4310.384766,4299.871582,4291.153809,4298.846191,4260.128418,4432.820313,4491.666504,4300.256348,4413.717773,2924.000000,4.000000,85.000000,,,,0.000000,4.000000,4.000000,4.000000,4.000000,4.000000,4.000000,4.000000,4.000000,4.000000,4.000000,4.000000,4.000000,4.000000,4.000000,100.000000,,,,,,,,,,,,,,,,,,,,,,,,,,,,,,,,,,,,,,,,,,,,,,,,,,,,,,,,,,,,,,,,,,,,,,,,,,,,,,,,,,,,,,
1676060295.011472,1676060295.011957,96.000000,0.000000,4318.974121,4362.820313,4327.948730,4368.717773,4310.769043,4301.794922,4295.769043,4287.307617,4292.563965,4260.641113,4421.666504,4482.307617,4286.025879,4395.128418,3121.000000,4.000000,85.000000,,,,0.000000,4.000000,4.000000,4.000000,4.000000,4.000000,4.000000,4.000000,4.000000,4.000000,4.000000,4.000000,4.000000,4.000000,4.000000,100.000000,,,,,,,,,,,,,,,,,,,,,,,,,,,,,,,,,,,,,,,,,,,,,,,,,,,,,,,,,,,,,,,,,,,,,,,,,,,,,,,,,,,,,,
1676060295.019280,1676060295.019865,97.000000,0.000000,4305.897461,4367.179688,4309.102539,4367.051270,4301.153809,4292.692383,4289.487305,4276.666504,4279.230957,4251.282227,4411.410156,4471.153809,4274.871582,4387.692383,3236.000000,4.000000,85.000000,,,,0.000000,4.000000,4.000000,4.000000,4.000000,4.000000,4.000000,4.000000,4.000000,4.000000,4.000000,4.000000,4.000000,4.000000,4.000000,100.000000,,,,,,,,,,,,,,,,,,,,,,,,,,,,,,,,,,,,,,,,,,,,,,,,,,,,,,,,,,,,,,,,,,,,,,,,,,,,,,,,,,,,,,
1676060295.027089,1676060295.027674,98.000000,0.000000,4314.230957,4380.256348,4315.897461,4372.948730,4301.025879,4294.487305,4295.384766,4278.717773,4285.897461,4260.641113,4421.282227,4476.538574,4286.282227,4401.410156,2733.000000,4.000000,85.000000,,,,0.000000,4.000000,4.000000,4.000000,4.000000,4.000000,4.000000,4.000000,4.000000,4.000000,4.000000,4.000000,4.000000,4.000000,4.000000,100.000000,,,,,,,,,,,,,,,,,,,,,,,,,,,,,,,,,,,,,,,,,,,,,,,,,,,,,,,,,,,,,,,,,,,,,,,,,,,,,,,,,,,,,,
1676060295.034897,1676060295.035382,99.000000,0.000000,4326.025879,4387.948730,4322.948730,4376.922852,4302.692383,4298.205078,4302.948730,4290.128418,4297.692383,4262.820313,4439.102539,4488.333496,4297.307617,4409.615234,2924.000000,4.000000,85.000000,,,,0.000000,4.000000,4.000000,4.000000,4.000000,4.000000,4.000000,4.000000,4.000000,4.000000,4.000000,4.000000,4.000000,4.000000,4.000000,100.000000,,,,,,,,,,,,,,,,,,,,,,,,,,,,,,,,,,,,,,,,,,,,,,,,,,,,,,,,,,,,,,,,,,,,,,,,,,,,,,,,,,,,,,
1676060295.042706,1676060295.043191,100.000000,0.000000,4310.769043,4386.153809,4298.717773,4367.307617,4294.230957,4293.205078,4293.205078,4281.922852,4281.666504,4241.794922,4430.897461,4472.436035,4279.102539,4393.717773,3121.000000,4.000000,85.000000,,,,0.000000,4.000000,4.000000,4.000000,4.000000,4.000000,4.000000,4.000000,4.000000,4.000000,4.000000,4.000000,4.000000,4.000000,4.000000,100.000000,,,,,,,,,,,,,,,,,,,,,,,,,,,,,,,,,,,,,,,,,,,,,,,,,,,,,,,,,,,,,,,,,,,,,,,,,,,,,,,,,,,,,,
1676060295.050514,1676060295.050899,101.000000,0.000000,4306.282227,4398.077148,4293.333496,4368.974121,4295.769043,4294.743652,4289.615234,4278.589844,4276.282227,4247.051270,4428.205078,4459.487305,4265.897461,4388.461426,3236.000000,4.000000,85.000000,,,,0.000000,4.000000,4.000000,4.000000,4.000000,4.000000,4.000000,4.000000,4.000000,4.000000,4.000000,4.000000,4.000000,4.000000,4.000000,100.000000,,,,,,,,,,,,,,,,,,,,,,,,,,,,,,,,,,,,,,,,,,,,,,,,,,,,,,,,,,,,,,,,,,,,,,,,,,,,,,,,,,,,,,
1676060295.058322,1676060295.058708,102.000000,0.000000,4330.000000,4417.563965,4317.179688,4386.538574,4310.000000,4307.948730,4301.153809,4293.717773,4297.820313,4268.205078,4453.461426,4482.820313,4282.820313,4408.461426,2733.000000,4.000000,85.000000,,,,0.000000,4.000000,4.000000,4.000000,4.000000,4.000000,4.000000,4.000000,4.000000,4.000000,4.000000,4.000000,4.000000,4.000000,4.000000,100.000000,,,,,,,,,,,,,,,,,,,,,,,,,,,,,,,,,,,,,,,,,,,,,,,,,,,,,,,,,,,,,,,,,,,,,,,,,,,,,,,,,,,,,,
1676060295.066131,1676060295.066416,103.000000,0.000000,4330.128418,4420.384766,4312.820313,4388.077148,4306.025879,4306.282227,4293.333496,4290.512695,4294.102539,4257.307617,4452.307617,4484.615234,4277.436035,4405.128418,2924.000000,4.000000,85.000000,,,,0.000000,4.000000,4.000000,4.000000,4.000000,4.000000,4.000000,4.000000,4.000000,4.000000,4.000000,4.000000,4.000000,4.000000,4.000000,100.000000,,,,,,,,,,,,,,,,,,,,,,,,,,,,,,,,,,,,,,,,,,,,,,,,,,,,,,,,,,,,,,,,,,,,,,,,,,,,,,,,,,,,,,
1676060295.073939,1676060295.074225,104.000000,0.000000,4288.589844,4404.102539,4276.922852,4361.282227,4281.666504,4284.743652,4265.641113,4264.102539,4261.666504,4228.717773,4402.948730,4436.410156,4223.461426,4356.410156,3121.000000,4.000000,85.000000,,,,0.000000,4.000000,4.000000,4.000000,4.000000,4.000000,4.000000,4.000000,4.000000,4.000000,4.000000,4.000000,4.000000,4.000000,4.000000,100.000000,,,,,,,,,,,,,,,,,,,,,,,,,,,,,,,,,,,,,,,,,,,,,,,,,,,,,,,,,,,,,,,,,,,,,,,,,,,,,,,,,,,,,,
1676060295.081747,1676060295.081933,105.000000,0.000000,4271.153809,4393.333496,4274.743652,4346.922852,4275.641113,4280.897461,4264.487305,4260.769043,4255.769043,4211.794922,4382.820313,4419.358887,4189.871582,4329.615234,3236.000000,4.000000,85.000000,,,,0.000000,4.000000,4.000000,4.000000,4.000000,4.000000,4.000000,4.000000,4.000000,4.000000,4.000000,4.000000,4.000000,4.000000,4.000000,100.000000,,,,,,,,,,,,,,,,,,,,,,,,,,,,,,,,,,,,,,,,,,,,,,,,,,,,,,,,,,,,,,,,,,,,,,,,,,,,,,,,,,,,,,
1676060295.089556,1676060295.089841,106.000000,0.000000,4306.410156,4409.743652,4320.256348,4369.615234,4298.589844,4302.307617,4296.922852,4291.153809,4287.948730,4224.743652,4429.871582,4467.820313,4220.256348,4367.563965,2733.000000,4.000000,85.000000,,,,0.000000,4.000000,4.000000,4.000000,4.000000,4.000000,4.000000,4.000000,4.000000,4.000000,4.000000,4.000000,4.000000,4.000000,4.000000,100.000000,,,,,,,,,,,,,,,,,,,,,,,,,,,,,,,,,,,,,,,,,,,,,,,,,,,,,,,,,,,,,,,,,,,,,,,,,,,,,,,,,,,,,,
1676060295.097364,1676060295.097650,107.000000,0.000000,4327.820313,4425.128418,4344.743652,4390.256348,4313.589844,4311.025879,4319.102539,4308.077148,4303.461426,4248.333496,4462.307617,4495.641113,4247.948730,4396.410156,2924.000000,4.000000,85.000000,,,,0.000000,4.000000,4.000000,4.000000,4.000000,4.000000,4.000000,4.000000,4.000000,4.000000,4.000000,4.000000,4.000000,4.000000,4.000000,100.000000,,,,,,,,,,,,,,,,,,,,,,,,,,,,,,,,,,,,,,,,,,,,,,,,,,,,,,,,,,,,,,,,,,,,,,,,,,,,,,,,,,,,,,
1676060295.105173,1676060295.105558,108.000000,0.000000,4301.922852,4405.512695,4319.871582,4375.641113,4308.846191,4308.205078,4314.871582,4294.358887,4280.512695,4247.179688,4436.794922,4467.307617,4224.102539,4370.000000,3121.000000,4.000000,85.000000,,,,0.000000,4.000000,4.000000,4.000000,4.000000,4.000000,4.000000,4.000000,4.000000,4.000000,4.000000,4.000000,4.000000,4.000000,4.000000,100.000000,,,,,,,,,,,,,,,,,,,,,,,,,,,,,,,,,,,,,,,,,,,,,,,,,,,,,,,,,,,,,,,,,,,,,,,,,,,,,,,,,,,,,,
1676060295.112981,1676060295.113367,109.000000,0.000000,4288.205078,4390.000000,4307.436035,4361.922852,4313.589844,4314.743652,4311.794922,4287.436035,4272.051270,4241.410156,4418.717773,4457.179688,4211.794922,4353.974121,3236.000000,4.000000,85.000000,,,,0.000000,4.000000,4.000000,4.000000,4.000000,4.000000,4.000000,4.000000,4.000000,4.000000,4.000000,4.000000,4.000000,4.000000,4.000000,100.000000,,,,,,,,,,,,,,,,,,,,,,,,,,,,,,,,,,,,,,,,,,,,,,,,,,,,,,,,,,,,,,,,,,,,,,,,,,,,,,,,,,,,,,
1676060295.120789,1676060295.121175,110.000000,0.000000,4308.974121,4405.897461,4328.717773,4375.512695,4322.820313,4317.948730,4319.743652,4301.025879,4296.153809,4254.487305,4433.589844,4481.666504,4235.384766,4376.538574,2733.000000,4.000000,85.000000,,,,0.000000,4.000000,4.000000,4.000000,4.000000,4.000000,4.000000,4.000000,4.000000,4.000000,4.000000,4.000000,4.000000,4.000000,4.000000,100.000000,,,,,,,,,,,,,,,,,2.942950,2.090072,1.405162,1.671211,1.454074,139.771729,4.002446,1.133253,1.376104,1.287353,3.648003,3.498513,1.525159,2.159190,1.522165,26.519670,2.712729,1.135020,1.529286,1.265670,1.845524,1.540101,0.548647,0.886963,0.950838,1.230868,0.747174,0.477641,1.136923,0.993813,1.250118,1.780113,1.524296,1.198497,1.238703,2.714755,2.199009,1.323605,1.714221,1.528571,2.622071,1.372218,0.918878,2.229752,1.384473,5.082183,0.967007,0.900731,2.263068,1.898114,78.680580,4.838018,2.011591,3.598375,2.516300,5.797651,3.025718,2.340350,2.919008,2.301239,134.281769,2.304515,1.454114,2.699365,2.340745,9.506633,2.235998,1.731647,2.502638,2.237520
1676060295.128598,1676060295.128884,111.000000,0.000000,4316.025879,4408.717773,4326.410156,4377.948730,4315.512695,4311.153809,4315.641113,4297.179688,4296.282227,4257.051270,4430.128418,4479.358887,4242.436035,4384.871582,2924.000000,4.000000,85.000000,,,,0.000000,4.000000,4.000000,4.000000,4.000000,4.000000,4.000000,4.000000,4.000000,4.000000,4.000000,4.000000,4.000000,4.000000,4.000000,100.000000,,,,,,,,,,,,,,,,,,,,,,,,,,,,,,,,,,,,,,,,,,,,,,,,,,,,,,,,,,,,,,,,,,,,,,,,,,,,,,,,,,,,,,
1676060295.136406,1676060295.136692,112.000000,0.000000,4309.743652,4396.794922,4306.153809,4368.717773,4308.846191,4306.282227,4300.641113,4285.384766,4279.615234,4245.512695,4416.153809,4458.461426,4238.974121,4379.487305,3121.000000,4.000000,85.000000,,,,0.000000,4.000000,4.000000,4.000000,4.000000,4.000000,4.000000,4.000000,4.000000,4.000000,4.000000,4.000000,4.000000,4.000000,4.000000,100.000000,,,,,,,,,,,,,,,,,,,,,,,,,,,,,,,,,,,,,,,,,,,,,,,,,,,,,,,,,,,,,,,,,,,,,,,,,,,,,,,,,,,,,,
1676060295.144215,1676060295.144401,113.000000,0.000000,4321.025879,4403.846191,4312.179688,4377.436035,4316.666504,4304.615234,4300.897461,4298.461426,4296.666504,4251.282227,4433.461426,4467.820313,4261.794922,4400.641113,3236.000000,4.000000,85.000000,,,,0.000000,4.000000,4.000000,4.000000,4.000000,4.000000,4.000000,4.000000,4.000000,4.000000,4.000000,4.000000,4.000000,4.000000,4.000000,100.000000,,,,,,,,,,,,,,,,,,,,,,,,,,,,,,,,,,,,,,,,,,,,,,,,,,,,,,,,,,,,,,,,,,,,,,,,,,,,,,,,,,,,,,
1676060295.152023,1676060295.152309,114.000000,0.000000,4330.256348,4412.692383,4323.461426,4384.102539,4321.794922,4303.589844,4309.102539,4314.230957,4320.384766,4270.000000,4457.692383,4489.230957,4289.743652,4420.897461,2733.000000,4.000000,85.000000,,,,0.000000,4.000000,4.000000,4.000000,4.000000,4.000000,4.000000,4.000000,4.000000,4.000000,4.000000,4.000000,4.000000,4.000000,4.000000,100.000000,,,,,,,,,,,,,,,,,,,,,,,,,,,,,,,,,,,,,,,,,,,,,,,,,,,,,,,,,,,,,,,,,,,,,,,,,,,,,,,,,,,,,,
1676060295.159831,1676060295.160117,115.000000,0.000000,4308.974121,4385.641113,4304.230957,4359.230957,4304.358887,4299.230957,4292.179688,4295.897461,4303.589844,4270.512695,4438.205078,4471.666504,4277.179688,4396.282227,2924.000000,4.000000,85.000000,,,,0.000000,4.000000,4.000000,4.000000,4.000000,4.000000,4.000000,4.000000,4.000000,4.000000,4.000000,4.000000,4.000000,4.000000,4.000000,100.000000,,,,,,,,,,,,,,,,,,,,,,,,,,,,,,,,,,,,,,,,,,,,,,,,,,,,,,,,,,,,,,,,,,,,,,,,,,,,,,,,,,,,,,
1676060295.167640,1676060295.168026,116.000000,0.000000,4300.000000,4363.846191,4296.153809,4345.897461,4290.897461,4293.846191,4280.512695,4279.487305,4285.512695,4261.025879,4418.717773,4454.743652,4262.563965,4381.282227,3121.000000,4.000000,85.000000,,,,0.000000,4.000000,4.000000,4.000000,4.000000,4.000000,4.000000,4.000000,4.000000,4.000000,4.000000,4.000000,4.000000,4.000000,4.000000,100.000000,,,,,,,,,,,,,,,,,,,,,,,,,,,,,,,,,,,,,,,,,,,,,,,,,,,,,,,,,,,,,,,,,,,,,,,,,,,,,,,,,,,,,,
1676060295.175448,1676060295.175834,117.000000,0.000000,4326.922852,4381.666504,4328.077148,4368.461426,4303.589844,4296.282227,4303.717773,4303.077148,4305.512695,4269.487305,4443.077148,4482.948730,4285.641113,4409.487305,3236.000000,4.000000,85.000000,,,,0.000000,4.000000,4.000000,4.000000,4.000000,4.000000,4.000000,4.000000,4.000000,4.000000,4.000000,4.000000,4.000000,4.000000,4.000000,100.000000,,,,,,,,,,,,,,,,,,,,,,,,,,,,,,,,,,,,,,,,,,,,,,,,,,,,,,,,,,,,,,,,,,,,,,,,,,,,,,,,,,,,,,
1676060295.183257,1676060295.183743,118.000000,0.000000,4322.307617,4380.128418,4335.384766,4364.358887,4304.102539,4299.230957,4314.358887,4315.897461,4314.230957,4270.128418,4445.000000,4493.077148,4289.743652,4405.000000,2733.000000,4.000000,85.000000,,,,0.000000,4.000000,4.000000,4.000000,4.000000,4.000000,4.000000,4.000000,4.000000,4.000000,4.000000,4.000000,4.000000,4.000000,4.000000,100.000000,,,,,,,,,,,,,,,,,,,,,,,,,,,,,,,,,,,,,,,,,,,,,,,,,,,,,,,,,,,,,,,,,,,,,,,,,,,,,,,,,,,,,,
1676060295.191065,1676060295.191551,119.000000,0.000000,4281.282227,4342.820313,4299.615234,4328.077148,4279.743652,4291.666504,4292.179688,4293.077148,4288.589844,4242.948730,4406.025879,4458.974121,4259.102539,4363.461426,2924.000000,4.000000,85.000000,,,,0.000000,4.000000,4.000000,4.000000,4.000000,4.000000,4.000000,4.000000,4.000000,4.000000,4.000000,4.000000,4.000000,4.000000,4.000000,100.000000,,,,,,,,,,,,,,,,,,,,,,,,,,,,,,,,,,,,,,,,,,,,,,,,,,,,,,,,,,,,,,,,,,,,,,,,,,,,,,,,,,,,,,
1676060295.198873,1676060295.199459,120.000000,0.000000,4283.974121,4336.025879,4290.384766,4326.153809,4279.871582,4288.846191,4290.128418,4288.717773,4283.717773,4241.922852,4407.820313,4456.153809,4264.358887,4372.179688,3121.000000,4.000000,85.000000,,,,0.000000,4.000000,4.000000,4.000000,4.000000,4.000000,4.000000,4.000000,4.000000,4.000000,4.000000,4.000000,4.000000,4.000000,4.000000,100.000000,,,,,,,,,,,,,,,,,,,,,,,,,,,,,,,,,,,,,,,,,,,,,,,,,,,,,,,,,,,,,,,,,,,,,,,,,,,,,,,,,,,,,,
1676060295.206682,1676060295.207268,121.000000,0.000000,4322.179688,4363.589844,4318.589844,4355.641113,4303.461426,4297.692383,4313.333496,4314.487305,4310.256348,4271.666504,4450.512695,4495.384766,4308.974121,4418.846191,3236.000000,4.000000,85.000000,,,,0.000000,4.000000,4.000000,4.000000,4.000000,4.000000,4.000000,4.000000,4.000000,4.000000,4.000000,4.000000,4.000000,4.000000,4.000000,100.000000,,,,,,,,,,,,,,,,,,,,,,,,,,,,,,,,,,,,,,,,,,,,,,,,,,,,,,,,,,,,,,,,,,,,,,,,,,,,,,,,,,,,,,
1676060295.214490,1676060295.215176,122.000000,0.000000,4317.051270,4350.897461,4315.897461,4347.051270,4302.820313,4300.512695,4309.615234,4313.974121,4307.051270,4261.025879,4444.358887,4493.333496,4308.717773,4412.563965,2733.000000,4.000000,85.000000,,,,0.000000,4.000000,4.000000,4.000000,4.000000,4.000000,4.000000,4.000000,4.000000,4.000000,4.000000,4.000000,4.000000,4.000000,4.000000,100.000000,,,,,,,,,,,,,,,,,,,,,,,,,,,,,,,,,,,,,,,,,,,,,,,,,,,,,,,,,,,,,,,,,,,,,,,,,,,,,,,,,,,,,,
1676060295.222299,1676060295.223084,123.000000,0.000000,4284.615234,4312.948730,4282.692383,4313.077148,4289.230957,4294.487305,4290.897461,4287.051270,4279.102539,4230.512695,4400.897461,4452.820313,4269.487305,4373.717773,2924.000000,4.000000,85.000000,,,,0.000000,4.000000,4.000000,4.000000,4.000000,4.000000,4.000000,4.000000,4.000000,4.000000,4.000000,4.000000,4.000000,4.000000,4.000000,100.000000,,,,,,,,,,,,,,,,,,,,,,,,,,,,,,,,,,,,,,,,,,,,,,,,,,,,,,,,,,,,,,,,,,,,,,,,,,,,,,,,,,,,,,
1676060295.230107,1676060295.230893,124.000000,0.000000,4286.666504,4317.436035,4277.692383,4318.333496,4295.128418,4296.025879,4292.051270,4285.384766,4280.128418,4243.205078,4398.077148,4446.538574,4267.307617,4378.205078,3121.000000,4.000000,85.000000,,,,0.000000,4.000000,4.000000,4.000000,4.000000,4.000000,4.000000,4.000000,4.000000,4.000000,4.000000,4.000000,4.000000,4.000000,4.000000,100.000000,,,,,,,,,,,,,,,,,,,,,,,,,,,,,,,,,,,,,,,,,,,,,,,,,,,,,,,,,,,,,,,,,,,,,,,,,,,,,,,,,,,,,,
1676060295.237915,1676060295.238701,125.000000,0.000000,4296.538574,4336.666504,4280.384766,4334.230957,4299.743652,4296.922852,4287.179688,4290.384766,4290.384766,4263.077148,4413.461426,4452.563965,4287.436035,4393.589844,3236.000000,4.000000,85.000000,,,,0.000000,4.000000,4.000000,4.000000,4.000000,4.000000,4.000000,4.000000,4.000000,4.000000,4.000000,4.000000,4.000000,4.000000,4.000000,100.000000,,,,,,,,,,,,,,,,,,,,,,,,,,,,,,,,,,,,,,,,,,,,,,,,,,,,,,,,,,,,,,,,,,,,,,,,,,,,,,,,,,,,,,
1676060295.245724,1676060295.246410,126.000000,0.000000,4293.717773,4344.230957,4270.897461,4332.563965,4295.769043,4287.692383,4276.666504,4282.436035,4289.871582,4261.538574,4412.563965,4445.512695,4292.948730,4386.538574,2733.000000,4.000000,85.000000,,,,0.000000,4.000000,4.000000,4.000000,4.000000,4.000000,4.000000,4.000000,4.000000,4.000000,4.000000,4.000000,4.000000,4.000000,4.000000,100.000000,,,,,,,,,,,,,,,,,4.248335,2.047536,1.752134,1.733785,1.477357,178.089066,4.472061,1.505150,1.511251,1.272774,4.780372,3.457063,1.899758,2.217915,1.506480,34.456394,2.979647,1.295434,1.603655,1.226249,2.248645,1.959861,0.765858,0.914390,0.941900,1.295071,0.939960,0.503952,1.177582,0.985573,1.391115,1.779805,1.526518,1.260970,1.229169,2.860799,1.870557,1.218802,1.947586,1.468033,2.929432,1.172154,0.766329,2.500155,1.332533,6.396861,0.900264,1.034163,2.410120,1.822782,104.317780,5.174942,2.280551,3.937172,2.463549,7.063752,2.441543,2.864564,3.117000,2.292348,181.910721,2.681649,1.747116,3.037028,2.278185,11.613622,1.701523,2.042642,2.663629,2.263700
1676060295.253532,1676060295.254218,127.000000,0.000000,4293.589844,4355.641113,4267.563965,4335.769043,4293.461426,4280.769043,4276.794922,4279.615234,4295.384766,4263.205078,4410.641113,4446.153809,4292.820313,4378.717773,85.000000,4.000000,85.000000,,,,0.000000,4.000000,4.000000,4.000000,4.000000,4.000000,4.000000,4.000000,4.000000,4.000000,4.000000,4.000000,4.000000,4.000000,4.000000,100.000000,,,,,,,,,,,,,,,,,,,,,,,,,,,,,,,,,,,,,,,,,,,,,,,,,,,,,,,,,,,,,,,,,,,,,,,,,,,,,,,,,,,,,,
1676060295.261340,1676060295.261927,0.000000,0.000000,4285.769043,4356.025879,4262.820313,4334.230957,4284.102539,4278.333496,4268.461426,4278.205078,4292.948730,4263.077148,4405.641113,4438.974121,4287.692383,4371.025879,2528.000000,4.000000,85.000000,,,,0.000000,4.000000,4.000000,4.000000,4.000000,4.000000,4.000000,4.000000,4.000000,4.000000,4.000000,4.000000,4.000000,4.000000,4.000000,100.000000,,,,,,,,,,,,,,,,,,,,,,,,,,,,,,,,,,,,,,,,,,,,,,,,,,,,,,,,,,,,,,,,,,,,,,,,,,,,,,,,,,,,,,
1676060295.269149,1676060295.269735,1.000000,0.000000,4284.487305,4351.025879,4267.179688,4329.615234,4281.794922,4277.563965,4267.051270,4278.589844,4287.307617,4259.102539,4403.589844,4434.743652,4287.051270,4368.205078,2489.000000,4.000000,85.000000,,,,0.000000,4.000000,4.000000,4.000000,4.000000,4.000000,4.000000,4.000000,4.000000,4.000000,4.000000,4.000000,4.000000,4.000000,4.000000,100.000000,,,,,,,,,,,,,,,,,,,,,,,,,,,,,,,,,,,,,,,,,,,,,,,,,,,,,,,,,,,,,,,,,,,,,,,,,,,,,,,,,,,,,,
1676060295.276957,1676060295.277444,2.000000,0.000000,4302.692383,4361.922852,4290.897461,4338.846191,4287.307617,4279.102539,4286.282227,4289.230957,4297.307617,4261.666504,4409.615234,4451.922852,4294.230957,4376.410156,2419.000000,4.000000,85.000000,,,,0.000000,4.000000,4.000000,4.000000,4.000000,4.000000,4.000000,4.000000,4.000000,4.000000,4.000000,4.000000,4.000000,4.000000,4.000000,100.000000,,,,,,,,,,,,,,,,,,,,,,,,,,,,,,,,,,,,,,,,,,,,,,,,,,,,,,,,,,,,,,,,,,,,,,,,,,,,,,,,,,,,,,
1676060295.284765,1676060295.285252,3.000000,0.000000,4312.820313,4372.307617,4308.333496,4347.692383,4287.692383,4281.666504,4294.487305,4297.436035,4304.615234,4261.410156,4413.846191,4466.666504,4296.922852,4384.358887,2466.000000,4.000000,85.000000,,,,0.000000,4.000000,4.000000,4.000000,4.000000,4.000000,4.000000,4.000000,4.000000,4.000000,4.000000,4.000000,4.000000,4.000000,4.000000,100.000000,,,,,,,,,,,,,,,,,,,,,,,,,,,,,,,,,,,,,,,,,,,,,,,,,,,,,,,,,,,,,,,,,,,,,,,,,,,,,,,,,,,,,,
1676060295.292574,1676060295.292961,4.000000,0.000000,4312.307617,4372.051270,4311.538574,4346.025879,4289.230957,4282.307617,4286.922852,4296.282227,4300.000000,4267.179688,4420.384766,4472.307617,4301.153809,4393.846191,2446.000000,4.000000,85.000000,,,,0.000000,4.000000,4.000000,4.000000,4.000000,4.000000,4.000000,4.000000,4.000000,4.000000,4.000000,4.000000,4.000000,4.000000,4.000000,100.000000,,,,,,,,,,,,,,,,,,,,,,,,,,,,,,,,,,,,,,,,,,,,,,,,,,,,,,,,,,,,,,,,,,,,,,,,,,,,,,,,,,,,,,
1676060295.300382,1676060295.300769,5.000000,0.000000,4317.563965,4366.025879,4313.077148,4343.589844,4288.077148,4278.205078,4284.358887,4293.717773,4295.128418,4270.897461,4420.641113,4473.974121,4301.282227,4401.025879,2384.000000,4.000000,85.000000,,,,0.000000,4.000000,4.000000,4.000000,4.000000,4.000000,4.000000,4.000000,4.000000,4.000000,4.000000,4.000000,4.000000,4.000000,4.000000,100.000000,,,,,,,,,,,,,,,,,,,,,,,,,,,,,,,,,,,,,,,,,,,,,,,,,,,,,,,,,,,,,,,,,,,,,,,,,,,,,,,,,,,,,,
1676060295.308191,1676060295.308478,6.000000,0.000000,4321.410156,4360.897461,4311.153809,4336.666504,4282.820313,4278.846191,4289.358887,4294.743652,4294.102539,4261.666504,4410.769043,4467.820313,4293.717773,4398.717773,2242.000000,4.000000,85.000000,,,,0.000000,4.000000,4.000000,4.000000,4.000000,4.000000,4.000000,4.000000,4.000000,4.000000,4.000000,4.000000,4.000000,4.000000,4.000000,100.000000,,,,,,,,,,,,,,,,,,,,,,,,,,,,,,,,,,,,,,,,,,,,,,,,,,,,,,,,,,,,,,,,,,,,,,,,,,,,,,,,,,,,,,
1676060295.315999,1676060295.316286,7.000000,0.000000,4327.051270,4364.743652,4307.948730,4331.794922,4284.743652,4292.436035,4300.000000,4306.794922,4304.743652,4269.871582,4419.358887,4471.922852,4306.538574,4407.563965,2242.000000,4.000000,85.000000,,,,0.000000,4.000000,4.000000,4.000000,4.000000,4.000000,4.000000,4.000000,4.000000,4.000000,4.000000,4.000000,4.000000,4.000000,4.000000,100.000000,,,,,,,,,,,,,,,,,,,,,,,,,,,,,,,,,,,,,,,,,,,,,,,,,,,,,,,,,,,,,,,,,,,,,,,,,,,,,,,,,,,,,,
1676060295.323807,1676060295.323995,8.000000,0.000000,4338.717773,4359.358887,4303.333496,4333.461426,4286.922852,4295.769043,4302.051270,4315.256348,4315.897461,4286.025879,4437.307617,4485.641113,4327.179688,4422.307617,2299.000000,4.000000,85.000000,,,,0.000000,4.000000,4.000000,4.000000,4.000000,4.000000,4.000000,4.000000,4.000000,4.000000,4.000000,4.000000,4.000000,4.000000,4.000000,100.000000,,,,,,,,,,,,,,,,,,,,,,,,,,,,,,,,,,,,,,,,,,,,,,,,,,,,,,,,,,,,,,,,,,,,,,,,,,,,,,,,,,,,,,
1676060295.331616,1676060295.331903,9.000000,0.000000,4324.102539,4330.000000,4282.436035,4314.743652,4276.282227,4283.717773,4284.230957,4300.769043,4303.589844,4267.307617,4422.307617,4467.948730,4314.615234,4409.871582,2264.000000,4.000000,85.000000,,,,0.000000,4.000000,4.000000,4.000000,4.000000,4.000000,4.000000,4.000000,4.000000,4.000000,4.000000,4.000000,4.000000,4.000000,4.000000,100.000000,,,,,,,,,,,,,,,,,,,,,,,,,,,,,,,,,,,,,,,,,,,,,,,,,,,,,,,,,,,,,,,,,,,,,,,,,,,,,,,,,,,,,,
1676060295.339424,1676060295.339712,10.000000,0.000000,4296.153809,4313.846191,4271.282227,4296.794922,4275.897461,4287.436035,4276.794922,4288.974121,4289.358887,4252.307617,4403.717773,4441.666504,4304.230957,4391.410156,2760.000000,4.000000,85.000000,,,,0.000000,4.000000,4.000000,4.000000,4.000000,4.000000,4.000000,4.000000,4.000000,4.000000,4.000000,4.000000,4.000000,4.000000,4.000000,100.000000,,,,,,,,,,,,,,,,,,,,,,,,,,,,,,,,,,,,,,,,,,,,,,,,,,,,,,,,,,,,,,,,,,,,,,,,,,,,,,,,,,,,,,
1676060295.347232,1676060295.347620,11.000000,0.000000,4295.769043,4319.358887,4279.871582,4300.128418,4282.692383,4291.025879,4283.461426,4292.820313,4297.179688,4273.461426,4416.410156,4442.563965,4323.974121,4392.948730,2940.000000,4.000000,85.000000,,,,0.000000,4.000000,4.000000,4.000000,4.000000,4.000000,4.000000,4.000000,4.000000,4.000000,4.000000,4.000000,4.000000,4.000000,4.000000,100.000000,,,,,,,,,,,,,,,,,,,,,,,,,,,,,,,,,,,,,,,,,,,,,,,,,,,,,,,,,,,,,,,,,,,,,,,,,,,,,,,,,,,,,,
1676060295.355041,1676060295.355528,12.000000,0.000000,4305.897461,4312.436035,4281.538574,4304.871582,4281.153809,4280.641113,4280.897461,4295.128418,4307.563965,4285.512695,4433.717773,4453.974121,4344.487305,4406.282227,3149.000000,4.000000,85.000000,,,,0.000000,4.000000,4.000000,4.000000,4.000000,4.000000,4.000000,4.000000,4.000000,4.000000,4.000000,4.000000,4.000000,4.000000,4.000000,100.000000,,,,,,,,,,,,,,,,,,,,,,,,,,,,,,,,,,,,,,,,,,,,,,,,,,,,,,,,,,,,,,,,,,,,,,,,,,,,,,,,,,,,,,
1676060295.362849,1676060295.363337,13.000000,0.000000,4298.974121,4299.743652,4278.974121,4305.641113,4287.820313,4283.589844,4281.922852,4293.461426,4304.743652,4279.871582,4445.128418,4466.666504,4358.205078,4414.615234,3268.000000,4.000000,85.000000,,,,0.000000,4.000000,4.000000,4.000000,4.000000,4.000000,4.000000,4.000000,4.000000,4.000000,4.000000,4.000000,4.000000,4.000000,4.000000,100.000000,,,,,,,,,,,,,,,,,,,,,,,,,,,,,,,,,,,,,,,,,,,,,,,,,,,,,,,,,,,,,,,,,,,,,,,,,,,,,,,,,,,,,,
1676060295.370658,1676060295.371145,14.000000,0.000000,4287.692383,4291.922852,4281.666504,4304.487305,4295.384766,4292.563965,4290.384766,4295.641113,4300.128418,4279.230957,4454.487305,4472.820313,4367.692383,4413.205078,2760.000000,4.000000,85.000000,,,,0.000000,4.000000,4.000000,4.000000,4.000000,4.000000,4.000000,4.000000,4.000000,4.000000,4.000000,4.000000,4.000000,4.000000,4.000000,100.000000,1.000000,25.000000,4.000000,1.000000,1.000000,3.000000,4.000000,4.000000,3.000000,4.000000,4.000000,4.000000,1.000000,1.000000,1.000000,3.000000,5.397758,2.008084,2.111450,1.687949,1.488069,195.901291,4.680929,1.947797,1.597151,1.264283,5.562855,3.427448,2.404747,2.174489,1.500037,38.939186,3.213206,1.575592,1.597259,1.188619,2.408962,2.330430,1.116342,0.898189,0.920343,1.312617,1.123059,0.608378,1.134599,0.941545,1.414143,1.820546,1.691106,1.262318,1.192303,2.716183,1.530218,1.179476,2.068424,1.390355,2.963109,1.017663,0.752457,2.616705,1.282210,7.040166,0.892087,1.241629,2.507272,1.720212,119.880104,5.514753,2.599987,4.062487,2.402905,7.961709,2.093585,3.472385,3.154734,2.277782,211.724838,3.288846,2.023455,3.227409,2.166919,12.415721,1.400730,2.360482,2.686954,2.276438
1676060295.378466,1676060295.379054,15.000000,0.000000,4297.307617,4291.025879,4288.717773,4304.358887,4294.615234,4290.897461,4296.410156,4304.743652,4305.897461,4280.769043,4463.333496,4475.897461,4377.820313,4420.128418,2940.000000,4.000000,85.000000,,,,0.000000,4.000000,4.000000,4.000000,4.000000,4.000000,4.000000,4.000000,4.000000,4.000000,4.000000,4.000000,4.000000,4.000000,4.000000,100.000000,,,,,,,,,,,,,,,,,,,,,,,,,,,,,,,,,,,,,,,,,,,,,,,,,,,,,,,,,,,,,,,,,,,,,,,,,,,,,,,,,,,,,,
1676060295.386274,1676060295.386862,16.000000,0.000000,4314.615234,4295.128418,4296.922852,4307.051270,4294.871582,4289.743652,4298.589844,4308.974121,4309.230957,4284.871582,4466.282227,4482.563965,4385.512695,4429.230957,0.000000,4.000000,85.000000,,,,0.000000,4.000000,4.000000,4.000000,4.000000,4.000000,4.000000,4.000000,4.000000,4.000000,4.000000,4.000000,4.000000,4.000000,4.000000,100.000000,,,,,,,,,,,,,,,,,,,,,,,,,,,,,,,,,,,,,,,,,,,,,,,,,,,,,,,,,,,,,,,,,,,,,,,,,,,,,,,,,,,,,,
1676060295.394083,1676060295.394770,17.000000,0.000000,4307.948730,4285.384766,4293.974121,4305.000000,4293.333496,4285.769043,4293.974121,4297.051270,4295.256348,4278.974121,4451.410156,4474.743652,4369.358887,4415.256348,0.000000,4.000000,85.000000,,,,0.000000,4.000000,4.000000,4.000000,4.000000,4.000000,4.000000,4.000000,4.000000,4.000000,4.000000,4.000000,4.000000,4.000000,4.000000,100.000000,,,,,,,,,,,,,,,,,,,,,,,,,,,,,,,,,,,,,,,,,,,,,,,,,,,,,,,,,,,,,,,,,,,,,,,,,,,,,,,,,,,,,,
1676060295.401891,1676060295.402579,18.000000,0.000000,4293.589844,4275.128418,4283.846191,4297.051270,4289.743652,4280.641113,4283.461426,4282.307617,4277.436035,4256.282227,4429.615234,4455.641113,4345.256348,4395.769043,0.000000,4.000000,85.000000,,,,0.000000,4.000000,4.000000,4.000000,4.000000,4.000000,4.000000,4.000000,4.000000,4.000000,4.000000,4.000000,4.000000,4.000000,4.000000,100.000000,,,,,,,,,,,,,,,,,,,,,,,,,,,,,,,,,,,,,,,,,,,,,,,,,,,,,,,,,,,,,,,,,,,,,,,,,,,,,,,,,,,,,,
1676060295.409700,1676060295.410287,19.000000,0.000000,4300.128418,4284.358887,4284.615234,4293.589844,4287.820313,4285.128418,4277.436035,4274.871582,4271.922852,4244.487305,4414.871582,4445.512695,4336.538574,4393.974121,0.000000,4.000000,85.000000,,,,0.000000,4.000000,4.000000,4.000000,4.000000,4.000000,4.000000,4.000000,4.000000,4.000000,4.000000,4.000000,4.000000,4.000000,4.000000,100.000000,,,,,,,,,,,,,,,,,,,,,,,,,,,,,,,,,,,,,,,,,,,,,,,,,,,,,,,,,,,,,,,,,,,,,,,,,,,,,,,,,,,,,,
1676060295.417508,1676060295.418096,20.000000,0.000000,4321.538574,4302.948730,4304.230957,4307.051270,4293.974121,4291.666504,4288.077148,4284.743652,4287.820313,4266.538574,4430.000000,4464.230957,4355.256348,4413.589844,0.000000,4.000000,85.000000,,,,0.000000,4.000000,4.000000,4.000000,4.000000,4.000000,4.000000,4.000000,4.000000,4.000000,4.000000,4.000000,4.000000,4.000000,4.000000,100.000000,,,,,,,,,,,,,,,,,,,,,,,,,,,,,,,,,,,,,,,,,,,,,,,,,,,,,,,,,,,,,,,,,,,,,,,,,,,,,,,,,,,,,,
1676060295.425316,1676060295.425804,21.000000,0.000000,4334.871582,4318.589844,4327.563965,4328.846191,4311.922852,4303.589844,4304.358887,4307.436035,4313.974121,4296.282227,4466.922852,4494.615234,4389.230957,4445.769043,0.000000,4.000000,85.000000,,,,0.000000,4.000000,4.000000,4.000000,4.000000,4.000000,4.000000,4.000000,4.000000,4.000000,4.000000,4.000000,4.000000,4.000000,4.000000,100.000000,,,,,,,,,,,,,,,,,,,,,,,,,,,,,,,,,,,,,,,,,,,,,,,,,,,,,,,,,,,,,,,,,,,,,,,,,,,,,,,,,,,,,,
1676060295.433125,1676060295.433613,22.000000,0.000000,4325.256348,4319.615234,4320.512695,4326.025879,4319.102539,4308.717773,4301.153809,4304.871582,4310.128418,4288.589844,4466.666504,4487.692383,4389.743652,4447.179688,0.000000,4.000000,85.000000,,,,0.000000,4.000000,4.000000,4.000000,4.000000,4.000000,4.000000,4.000000,4.000000,4.000000,4.000000,4.000000,4.000000,4.000000,4.000000,100.000000,,,,,,,,,,,,,,,,,,,,,,,,,,,,,,,,,,,,,,,,,,,,,,,,,,,,,,,,,,,,,,,,,,,,,,,,,,,,,,,,,,,,,,
1676060295.440933,1676060295.441321,23.000000,0.000000,4316.153809,4312.436035,4302.692383,4310.384766,4312.179688,4298.205078,4294.230957,4292.436035,4296.666504,4272.436035,4446.410156,4470.000000,4371.922852,4426.922852,0.000000,4.000000,85.000000,,,,0.000000,4.000000,4.000000,4.000000,4.000000,4.000000,4.000000,4.000000,4.000000,4.000000,4.000000,4.000000,4.000000,4.000000,4.000000,100.000000,,,,,,,,,,,,,,,,,,,,,,,,,,,,,,,,,,,,,,,,,,,,,,,,,,,,,,,,,,,,,,,,,,,,,,,,,,,,,,,,,,,,,,
1676060295.448742,1676060295.449130,24.000000,0.000000,4313.589844,4304.615234,4296.410156,4308.461426,4308.846191,4293.974121,4294.615234,4295.641113,4299.102539,4282.820313,4443.461426,4471.538574,4373.077148,4419.743652,0.000000,4.000000,85.000000,,,,0.000000,4.000000,4.000000,4.000000,4.000000,4.000000,4.000000,4.000000,4.000000,4.000000,4.000000,4.000000,4.000000,4.000000,4.000000,100.000000,,,,,,,,,,,,,,,,,,,,,,,,,,,,,,,,,,,,,,,,,,,,,,,,,,,,,,,,,,,,,,,,,,,,,,,,,,,,,,,,,,,,,,
1676060295.456550,1676060295.456838,25.000000,0.000000,4292.692383,4291.410156,4277.051270,4298.717773,4303.974121,4295.128418,4283.974121,4286.794922,4287.179688,4272.820313,4426.025879,4453.846191,4362.051270,4403.846191,0.000000,4.000000,85.000000,,,,0.000000,4.000000,4.000000,4.000000,4.000000,4.000000,4.000000,4.000000,4.000000,4.000000,4.000000,4.000000,4.000000,4.000000,4.000000,100.000000,,,,,,,,,,,,,,,,,,,,,,,,,,,,,,,,,,,,,,,,,,,,,,,,,,,,,,,,,,,,,,,,,,,,,,,,,,,,,,,,,,,,,,
1676060295.464358,1676060295.464647,26.000000,0.000000,4283.077148,4290.384766,4268.846191,4292.307617,4303.205078,4295.384766,4282.179688,4281.025879,4279.743652,4251.538574,4415.256348,4439.615234,4350.128418,4392.948730,0.000000,4.000000,85.000000,,,,0.000000,4.000000,4.000000,4.000000,4.000000,4.000000,4.000000,4.000000,4.000000,4.000000,4.000000,4.000000,4.000000,4.000000,4.000000,100.000000,,,,,,,,,,,,,,,,,,,,,,,,,,,,,,,,,,,,,,,,,,,,,,,,,,,,,,,,,,,,,,,,,,,,,,,,,,,,,,,,,,,,,,
1676060295.472167,1676060295.472355,27.000000,0.000000,4308.717773,4309.743652,4295.000000,4311.153809,4315.256348,4301.538574,4298.974121,4299.871582,4300.000000,4273.974121,4442.051270,4468.077148,4373.974121,4415.384766,0.000000,4.000000,85.000000,,,,0.000000,4.000000,4.000000,4.000000,4.000000,4.000000,4.000000,4.000000,4.000000,4.000000,4.000000,4.000000,4.000000,4.000000,4.000000,100.000000,,,,,,,,,,,,,,,,,,,,,,,,,,,,,,,,,,,,,,,,,,,,,,,,,,,,,,,,,,,,,,,,,,,,,,,,,,,,,,,,,,,,,,
1676060295.479975,1676060295.480164,28.000000,0.000000,4326.410156,4324.871582,4312.436035,4328.077148,4323.205078,4305.128418,4303.333496,4303.589844,4305.769043,4295.512695,4453.589844,4481.538574,4383.333496,4433.589844,0.000000,4.000000,85.000000,,,,0.000000,4.000000,4.000000,4.000000,4.000000,4.000000,4.000000,4.000000,4.000000,4.000000,4.000000,4.000000,4.000000,4.000000,4.000000,100.000000,,,,,,,,,,,,,,,,,,,,,,,,,,,,,,,,,,,,,,,,,,,,,,,,,,,,,,,,,,,,,,,,,,,,,,,,,,,,,,,,,,,,,,
1676060295.487784,1676060295.487872,29.000000,0.000000,4323.333496,4328.333496,4309.230957,4329.615234,4318.846191,4301.538574,4294.358887,4287.692383,4290.000000,4272.692383,4436.025879,4461.282227,4359.871582,4428.717773,0.000000,4.000000,85.000000,,,,0.000000,4.000000,4.000000,4.000000,4.000000,4.000000,4.000000,4.000000,4.000000,4.000000,4.000000,4.000000,4.000000,4.000000,4.000000,100.000000,,,,,,,,,,,,,,,,,,,,,,,,,,,,,,,,,,,,,,,,,,,,,,,,,,,,,,,,,,,,,,,,,,,,,,,,,,,,,,,,,,,,,,
1676060295.495592,1676060295.495681,30.000000,0.000000,4327.436035,4334.615234,4315.384766,4333.461426,4316.794922,4299.743652,4295.000000,4289.230957,4287.307617,4258.717773,4435.897461,4460.000000,4355.256348,4424.615234,0.000000,4.000000,85.000000,,,,0.000000,4.000000,4.000000,4.000000,4.000000,4.000000,4.000000,4.000000,4.000000,4.000000,4.000000,4.000000,4.000000,4.000000,4.000000,100.000000,,,,,,,,,,,,,,,,,6.112295,1.966269,2.351028,1.556143,1.505310,187.544830,4.612739,2.329288,1.603300,1.258004,5.846701,3.416667,2.900675,2.051262,1.504056,38.608978,3.312080,1.878680,1.510581,1.162165,2.274786,2.597630,1.504377,0.853851,0.889852,1.276280,1.245963,0.755598,1.019241,0.866254,1.345113,1.945220,1.932269,1.205357,1.129935,2.386141,1.223796,1.137095,2.053941,1.306394,2.761901,0.883879,0.800487,2.555616,1.245484,6.849132,0.931927,1.460618,2.531460,1.603771,120.245277,5.836478,2.873553,3.974201,2.359678,8.452804,1.987934,3.983910,3.036662,2.262898,213.816742,3.956319,2.179998,3.236200,2.049153,11.789434,1.380830,2.569064,2.589730,2.281179
1676060295.503400,1676060295.503389,31.000000,0.000000,4330.897461,4341.153809,4319.871582,4334.743652,4316.153809,4296.794922,4295.512695,4293.846191,4288.589844,4268.077148,4434.102539,4463.461426,4357.051270,4415.769043,0.000000,4.000000,85.000000,,,,0.000000,4.000000,4.000000,4.000000,4.000000,4.000000,4.000000,4.000000,4.000000,4.000000,4.000000,4.000000,4.000000,4.000000,4.000000,100.000000,,,,,,,,,,,,,,,,,,,,,,,,,,,,,,,,,,,,,,,,,,,,,,,,,,,,,,,,,,,,,,,,,,,,,,,,,,,,,,,,,,,,,,
1676060295.511209,1676060295.511198,32.000000,0.000000,4330.897461,4344.871582,4316.410156,4332.820313,4314.358887,4295.128418,4287.820313,4286.538574,4281.666504,4269.102539,4419.487305,4458.846191,4347.563965,4408.333496,0.000000,4.000000,85.000000,,,,0.000000,4.000000,4.000000,4.000000,4.000000,4.000000,4.000000,4.000000,4.000000,4.000000,4.000000,4.000000,4.000000,4.000000,4.000000,100.000000,,,,,,,,,,,,,,,,,,,,,,,,,,,,,,,,,,,,,,,,,,,,,,,,,,,,,,,,,,,,,,,,,,,,,,,,,,,,,,,,,,,,,,
1676060295.519017,1676060295.518906,33.000000,0.000000,4343.077148,4351.025879,4327.179688,4342.948730,4324.230957,4305.256348,4292.436035,4297.307617,4292.820313,4272.563965,4433.461426,4474.230957,4359.487305,4426.025879,0.000000,4.000000,85.000000,,,,0.000000,4.000000,4.000000,4.000000,4.000000,4.000000,4.000000,4.000000,4.000000,4.000000,4.000000,4.000000,4.000000,4.000000,4.000000,100.000000,,,,,,,,,,,,,,,,,,,,,,,,,,,,,,,,,,,,,,,,,,,,,,,,,,,,,,,,,,,,,,,,,,,,,,,,,,,,,,,,,,,,,,
1676060295.526825,1676060295.526815,34.000000,0.000000,4343.974121,4349.615234,4331.282227,4345.512695,4332.436035,4316.153809,4308.589844,4318.333496,4312.948730,4284.743652,4455.000000,4487.563965,4380.128418,4439.871582,0.000000,4.000000,85.000000,,,,0.000000,4.000000,4.000000,4.000000,4.000000,4.000000,4.000000,4.000000,4.000000,4.000000,4.000000,4.000000,4.000000,4.000000,4.000000,100.000000,,,,,,,,,,,,,,,,,,,,,,,,,,,,,,,,,,,,,,,,,,,,,,,,,,,,,,,,,,,,,,,,,,,,,,,,,,,,,,,,,,,,,,
1676060295.534634,1676060295.534623,35.000000,0.000000,4317.563965,4326.538574,4310.000000,4320.256348,4317.948730,4307.563965,4304.358887,4306.922852,4302.563965,4275.000000,4436.282227,4463.717773,4360.641113,4412.436035,0.000000,4.000000,85.000000,,,,0.000000,4.000000,4.000000,4.000000,4.000000,4.000000,4.000000,4.000000,4.000000,4.000000,4.000000,4.000000,4.000000,4.000000,4.000000,100.000000,,,,,,,,,,,,,,,,,,,,,,,,,,,,,,,,,,,,,,,,,,,,,,,,,,,,,,,,,,,,,,,,,,,,,,,,,,,,,,,,,,,,,,
1676060295.542442,1676060295.542532,36.000000,0.000000,4296.282227,4305.000000,4296.282227,4298.846191,4304.743652,4295.897461,4287.820313,4290.512695,4284.487305,4263.717773,4413.846191,4446.153809,4334.102539,4390.000000,0.000000,4.000000,85.000000,,,,0.000000,4.000000,4.000000,4.000000,4.000000,4.000000,4.000000,4.000000,4.000000,4.000000,4.000000,4.000000,4.000000,4.000000,4.000000,100.000000,,,,,,,,,,,,,,,,,,,,,,,,,,,,,,,,,,,,,,,,,,,,,,,,,,,,,,,,,,,,,,,,,,,,,,,,,,,,,,,,,,,,,,
1676060295.550250,1676060295.550340,37.000000,0.000000,4314.871582,4320.897461,4320.641113,4320.512695,4323.077148,4307.436035,4305.641113,4319.358887,4309.358887,4292.307617,4443.974121,4485.256348,4365.384766,4424.871582,0.000000,4.000000,85.000000,,,,0.000000,4.000000,4.000000,4.000000,4.000000,4.000000,4.000000,4.000000,4.000000,4.000000,4.000000,4.000000,4.000000,4.000000,4.000000,100.000000,,,,,,,,,,,,,,,,,,,,,,,,,,,,,,,,,,,,,,,,,,,,,,,,,,,,,,,,,,,,,,,,,,,,,,,,,,,,,,,,,,,,,,
1676060295.558059,1676060295.558248,38.000000,0.000000,4322.436035,4329.358887,4328.974121,4328.589844,4327.948730,4310.641113,4317.820313,4333.717773,4322.179688,4298.589844,4457.948730,4500.641113,4385.769043,4437.436035,0.000000,4.000000,85.000000,,,,0.000000,4.000000,4.000000,4.000000,4.000000,4.000000,4.000000,4.000000,4.000000,4.000000,4.000000,4.000000,4.000000,4.000000,4.000000,100.000000,,,,,,,,,,,,,,,,,,,,,,,,,,,,,,,,,,,,,,,,,,,,,,,,,,,,,,,,,,,,,,,,,,,,,,,,,,,,,,,,,,,,,,
1676060295.565867,1676060295.566057,39.000000,0.000000,4289.487305,4298.717773,4297.820313,4293.333496,4302.563965,4289.743652,4289.743652,4299.358887,4290.897461,4259.871582,4417.436035,4454.102539,4343.717773,4387.307617,0.000000,4.000000,85.000000,,,,0.000000,4.000000,4.000000,4.000000,4.000000,4.000000,4.000000,4.000000,4.000000,4.000000,4.000000,4.000000,4.000000,4.000000,4.000000,100.000000,,,,,,,,,,,,,,,,,,,,,,,,,,,,,,,,,,,,,,,,,,,,,,,,,,,,,,,,,,,,,,,,,,,,,,,,,,,,,,,,,,,,,,
1676060295.573676,1676060295.573965,40.000000,0.000000,4300.641113,4313.205078,4310.769043,4305.769043,4317.948730,4301.922852,4299.487305,4307.820313,4300.769043,4272.307617,4429.615234,4466.410156,4347.179688,4396.282227,0.000000,4.000000,85.000000,,,,0.000000,4.000000,4.000000,4.000000,4.000000,4.000000,4.000000,4.000000,4.000000,4.000000,4.000000,4.000000,4.000000,4.000000,4.000000,100.000000,,,,,,,,,,,,,,,,,,,,,,,,,,,,,,,,,,,,,,,,,,,,,,,,,,,,,,,,,,,,,,,,,,,,,,,,,,,,,,,,,,,,,,
1676060295.581484,1676060295.581774,41.000000,0.000000,4346.153809,4358.077148,4351.538574,4350.128418,4352.692383,4335.128418,4334.743652,4343.717773,4336.538574,4320.128418,4476.666504,4518.461426,4396.794922,4451.794922,0.000000,4.000000,85.000000,,,,0.000000,4.000000,4.000000,4.000000,4.000000,4.000000,4.000000,4.000000,4.000000,4.000000,4.000000,4.000000,4.000000,4.000000,4.000000,100.000000,,,,,,,,,,,,,,,,,,,,,,,,,,,,,,,,,,,,,,,,,,,,,,,,,,,,,,,,,,,,,,,,,,,,,,,,,,,,,,,,,,,,,,
1676060295.589292,1676060295.589682,42.000000,0.000000,4325.384766,4335.897461,4329.871582,4331.794922,4332.820313,4323.461426,4315.641113,4317.692383,4310.512695,4297.051270,4450.256348,4486.922852,4376.538574,4426.153809,0.000000,4.000000,85.000000,,,,0.000000,4.000000,4.000000,4.000000,4.000000,4.000000,4.000000,4.000000,4.000000,4.000000,4.000000,4.000000,4.000000,4.000000,4.000000,100.000000,,,,,,,,,,,,,,,,,,,,,,,,,,,,,,,,,,,,,,,,,,,,,,,,,,,,,,,,,,,,,,,,,,,,,,,,,,,,,,,,,,,,,,
1676060295.597101,1676060295.597490,43.000000,0.000000,4281.025879,4296.025879,4290.256348,4293.589844,4302.692383,4292.692383,4285.384766,4282.307617,4272.179688,4248.717773,4404.615234,4435.384766,4329.102539,4373.974121,0.000000,4.000000,85.000000,,,,0.000000,4.000000,4.000000,4.000000,4.000000,4.000000,4.000000,4.000000,4.000000,4.000000,4.000000,4.000000,4.000000,4.000000,4.000000,100.000000,,,,,,,,,,,,,,,,,,,,,,,,,,,,,,,,,,,,,,,,,,,,,,,,,,,,,,,,,,,,,,,,,,,,,,,,,,,,,,,,,,,,,,
1676060295.604909,1676060295.605199,44.000000,0.000000,4297.436035,4314.358887,4299.102539,4305.512695,4314.230957,4297.307617,4296.153809,4301.666504,4289.230957,4260.641113,4419.102539,4452.820313,4341.282227,4387.307617,0.000000,4.000000,85.000000,,,,0.000000,4.000000,4.000000,4.000000,4.000000,4.000000,4.000000,4.000000,4.000000,4.000000,4.000000,4.000000,4.000000,4.000000,4.000000,100.000000,,,,,,,,,,,,,,,,,,,,,,,,,,,,,,,,,,,,,,,,,,,,,,,,,,,,,,,,,,,,,,,,,,,,,,,,,,,,,,,,,,,,,,
1676060295.612718,1676060295.613007,45.000000,0.000000,4320.641113,4332.563965,4310.769043,4321.025879,4326.922852,4317.179688,4305.384766,4323.589844,4311.025879,4288.846191,4439.230957,4472.948730,4361.282227,4407.179688,0.000000,4.000000,85.000000,,,,0.000000,4.000000,4.000000,4.000000,4.000000,4.000000,4.000000,4.000000,4.000000,4.000000,4.000000,4.000000,4.000000,4.000000,4.000000,100.000000,,,,,,,,,,,,,,,,,,,,,,,,,,,,,,,,,,,,,,,,,,,,,,,,,,,,,,,,,,,,,,,,,,,,,,,,,,,,,,,,,,,,,,
1676060295.620526,1676060295.620716,46.000000,0.000000,4298.333496,4304.871582,4291.538574,4298.461426,4311.153809,4308.077148,4291.922852,4304.743652,4294.230957,4274.743652,4418.461426,4449.871582,4341.410156,4389.230957,0.000000,4.000000,85.000000,,,,0.000000,4.000000,4.000000,4.000000,4.000000,4.000000,4.000000,4.000000,4.000000,4.000000,4.000000,4.000000,4.000000,4.000000,4.000000,100.000000,,,,,,,,,,,,,,,,,6.241926,1.906923,2.368592,1.392121,1.546038,156.592911,4.304688,2.518216,1.530945,1.247649,5.675852,3.448516,3.227794,1.891983,1.517514,33.704159,3.219946,2.088604,1.372539,1.150825,1.925154,2.734068,1.817785,0.804627,0.850355,1.194852,1.288713,0.901300,0.869203,0.765921,1.234705,2.172391,2.154122,1.119455,1.047512,2.058669,1.007302,1.052050,1.925767,1.221835,2.454711,0.764641,0.835587,2.350484,1.225783,5.957333,1.020961,1.605426,2.484091,1.479711,105.321815,6.101630,3.032675,3.744125,2.342609,8.612369,2.085772,4.235985,2.817946,2.246226,187.830353,4.515983,2.171345,3.102168,1.960643,10.125391,1.586312,2.595016,2.435267,2.283016
1676060295.628334,1676060295.628524,47.000000,0.000000,4287.051270,4295.000000,4287.820313,4285.641113,4304.743652,4292.820313,4296.153809,4299.358887,4286.153809,4251.153809,4413.333496,4445.641113,4338.846191,4386.025879,0.000000,4.000000,85.000000,,,,0.000000,4.000000,4.000000,4.000000,4.000000,4.000000,4.000000,4.000000,4.000000,4.000000,4.000000,4.000000,4.000000,4.000000,4.000000,100.000000,,,,,,,,,,,,,,,,,,,,,,,,,,,,,,,,,,,,,,,,,,,,,,,,,,,,,,,,,,,,,,,,,,,,,,,,,,,,,,,,,,,,,,
1676060295.636143,1676060295.636233,48.000000,0.000000,4309.871582,4318.974121,4312.179688,4304.615234,4320.897461,4306.025879,4315.384766,4325.769043,4308.333496,4269.230957,4443.077148,4473.846191,4373.717773,4409.871582,0.000000,4.000000,85.000000,,,,0.000000,4.000000,4.000000,4.000000,4.000000,4.000000,4.000000,4.000000,4.000000,4.000000,4.000000,4.000000,4.000000,4.000000,4.000000,100.000000,,,,,,,,,,,,,,,,,,,,,,,,,,,,,,,,,,,,,,,,,,,,,,,,,,,,,,,,,,,,,,,,,,,,,,,,,,,,,,,,,,,,,,
1676060295.643951,1676060295.644041,49.000000,0.000000,4317.692383,4316.794922,4322.051270,4313.461426,4324.230957,4322.692383,4320.897461,4331.282227,4315.128418,4297.051270,4458.077148,4487.307617,4388.333496,4421.153809,0.000000,4.000000,85.000000,,,,0.000000,4.000000,4.000000,4.000000,4.000000,4.000000,4.000000,4.000000,4.000000,4.000000,4.000000,4.000000,4.000000,4.000000,4.000000,100.000000,,,,,,,,,,,,,,,,,,,,,,,,,,,,,,,,,,,,,,,,,,,,,,,,,,,,,,,,,,,,,,,,,,,,,,,,,,,,,,,,,,,,,,
1676060295.651760,1676060295.651750,50.000000,0.000000,4300.000000,4291.538574,4311.282227,4298.077148,4310.769043,4313.077148,4311.538574,4312.051270,4296.794922,4286.666504,4447.051270,4476.922852,4370.384766,4413.846191,0.000000,4.000000,85.000000,,,,0.000000,4.000000,4.000000,4.000000,4.000000,4.000000,4.000000,4.000000,4.000000,4.000000,4.000000,4.000000,4.000000,4.000000,4.000000,100.000000,,,,,,,,,,,,,,,,,,,,,,,,,,,,,,,,,,,,,,,,,,,,,,,,,,,,,,,,,,,,,,,,,,,,,,,,,,,,,,,,,,,,,,
1676060295.659568,1676060295.659658,51.000000,0.000000,4288.974121,4288.333496,4303.461426,4293.461426,4305.512695,4301.410156,4300.128418,4305.641113,4290.897461,4271.282227,4441.025879,4470.641113,4359.743652,4408.589844,0.000000,4.000000,85.000000,,,,0.000000,4.000000,4.000000,4.000000,4.000000,4.000000,4.000000,4.000000,4.000000,4.000000,4.000000,4.000000,4.000000,4.000000,4.000000,100.000000,,,,,,,,,,,,,,,,,,,,,,,,,,,,,,,,,,,,,,,,,,,,,,,,,,,,,,,,,,,,,,,,,,,,,,,,,,,,,,,,,,,,,,
1676060295.667376,1676060295.667467,52.000000,0.000000,4297.692383,4300.641113,4307.563965,4312.692383,4310.769043,4304.487305,4299.358887,4314.743652,4301.410156,4281.794922,4443.974121,4481.410156,4366.794922,4408.333496,0.000000,4.000000,85.000000,,,,0.000000,4.000000,4.000000,4.000000,4.000000,4.000000,4.000000,4.000000,4.000000,4.000000,4.000000,4.000000,4.000000,4.000000,4.000000,100.000000,,,,,,,,,,,,,,,,,,,,,,,,,,,,,,,,,,,,,,,,,,,,,,,,,,,,,,,,,,,,,,,,,,,,,,,,,,,,,,,,,,,,,,
1676060295.675185,1676060295.675375,53.000000,0.000000,4312.563965,4307.820313,4320.769043,4336.025879,4315.000000,4310.512695,4305.769043,4316.410156,4303.205078,4288.205078,4445.512695,4498.205078,4378.461426,4410.641113,0.000000,4.000000,85.000000,,,,0.000000,4.000000,4.000000,4.000000,4.000000,4.000000,4.000000,4.000000,4.000000,4.000000,4.000000,4.000000,4.000000,4.000000,4.000000,100.000000,,,,,,,,,,,,,,,,,,,,,,,,,,,,,,,,,,,,,,,,,,,,,,,,,,,,,,,,,,,,,,,,,,,,,,,,,,,,,,,,,,,,,,
1676060295.682993,1676060295.683183,54.000000,0.000000,4318.717773,4312.051270,4330.128418,4348.205078,4318.333496,4313.846191,4307.820313,4313.974121,4298.589844,4272.692383,4446.922852,4506.538574,4380.512695,4418.333496,0.000000,4.000000,85.000000,,,,0.000000,4.000000,4.000000,4.000000,4.000000,4.000000,4.000000,4.000000,4.000000,4.000000,4.000000,4.000000,4.000000,4.000000,4.000000,100.000000,,,,,,,,,,,,,,,,,,,,,,,,,,,,,,,,,,,,,,,,,,,,,,,,,,,,,,,,,,,,,,,,,,,,,,,,,,,,,,,,,,,,,,
1676060295.690802,1676060295.690992,55.000000,0.000000,4304.871582,4306.153809,4320.128418,4342.436035,4312.307617,4306.153809,4295.384766,4313.333496,4297.307617,4263.461426,4438.974121,4499.230957,4364.615234,4412.307617,0.000000,4.000000,85.000000,,,,0.000000,4.000000,4.000000,4.000000,4.000000,4.000000,4.000000,4.000000,4.000000,4.000000,4.000000,4.000000,4.000000,4.000000,4.000000,100.000000,,,,,,,,,,,,,,,,,,,,,,,,,,,,,,,,,,,,,,,,,,,,,,,,,,,,,,,,,,,,,,,,,,,,,,,,,,,,,,,,,,,,,,
1676060295.698610,1676060295.698700,56.000000,0.000000,4280.256348,4291.410156,4295.897461,4325.128418,4293.589844,4290.000000,4281.025879,4307.820313,4287.179688,4263.077148,4418.077148,4484.743652,4346.153809,4385.000000,0.000000,4.000000,85.000000,,,,0.000000,4.000000,4.000000,4.000000,4.000000,4.000000,4.000000,4.000000,4.000000,4.000000,4.000000,4.000000,4.000000,4.000000,4.000000,100.000000,,,,,,,,,,,,,,,,,,,,,,,,,,,,,,,,,,,,,,,,,,,,,,,,,,,,,,,,,,,,,,,,,,,,,,,,,,,,,,,,,,,,,,
1676060295.706418,1676060295.706509,57.000000,0.000000,4283.589844,4293.846191,4289.743652,4326.410156,4292.436035,4290.769043,4286.922852,4311.025879,4279.743652,4260.769043,4417.179688,4490.000000,4353.333496,4381.794922,0.000000,4.000000,85.000000,,,,0.000000,4.000000,4.000000,4.000000,4.000000,4.000000,4.000000,4.000000,4.000000,4.000000,4.000000,4.000000,4.000000,4.000000,4.000000,100.000000,,,,,,,,,,,,,,,,,,,,,,,,,,,,,,,,,,,,,,,,,,,,,,,,,,,,,,,,,,,,,,,,,,,,,,,,,,,,,,,,,,,,,,
1676060295.714227,1676060295.714217,58.000000,0.000000,4302.948730,4308.589844,4301.922852,4343.974121,4309.230957,4304.102539,4302.436035,4326.410156,4290.641113,4268.846191,4436.153809,4509.102539,4366.794922,4406.794922,0.000000,4.000000,85.000000,,,,0.000000,4.000000,4.000000,4.000000,4.000000,4.000000,4.000000,4.000000,4.000000,4.000000,4.000000,4.000000,4.000000,4.000000,4.000000,100.000000,,,,,,,,,,,,,,,,,,,,,,,,,,,,,,,,,,,,,,,,,,,,,,,,,,,,,,,,,,,,,,,,,,,,,,,,,,,,,,,,,,,,,,
1676060295.722035,1676060295.722126,59.000000,0.000000,4292.948730,4303.846191,4299.358887,4338.205078,4304.743652,4301.538574,4299.358887,4325.641113,4291.282227,4267.948730,4430.897461,4503.974121,4354.358887,4401.794922,0.000000,4.000000,85.000000,,,,0.000000,4.000000,4.000000,4.000000,4.000000,4.000000,4.000000,4.000000,4.000000,4.000000,4.000000,4.000000,4.000000,4.000000,4.000000,100.000000,,,,,,,,,,,,,,,,,,,,,,,,,,,,,,,,,,,,,,,,,,,,,,,,,,,,,,,,,,,,,,,,,,,,,,,,,,,,,,,,,,,,,,
1676060295.729843,1676060295.729934,60.000000,0.000000,4278.461426,4292.179688,4289.871582,4322.179688,4290.128418,4290.512695,4287.051270,4304.871582,4276.025879,4250.256348,4410.769043,4487.948730,4342.307617,4382.307617,0.000000,4.000000,85.000000,,,,0.000000,4.000000,4.000000,4.000000,4.000000,4.000000,4.000000,4.000000,4.000000,4.000000,4.000000,4.000000,4.000000,4.000000,4.000000,100.000000,,,,,,,,,,,,,,,,,,,,,,,,,,,,,,,,,,,,,,,,,,,,,,,,,,,,,,,,,,,,,,,,,,,,,,,,,,,,,,,,,,,,,,
1676060295.737652,1676060295.737843,61.000000,0.000000,4295.384766,4299.230957,4299.871582,4331.922852,4298.333496,4297.307617,4293.077148,4303.205078,4277.563965,4256.410156,4418.333496,4499.102539,4354.871582,4400.000000,0.000000,4.000000,85.000000,,,,0.000000,4.000000,4.000000,4.000000,4.000000,4.000000,4.000000,4.000000,4.000000,4.000000,4.000000,4.000000,4.000000,4.000000,4.000000,100.000000,,,,,,,,,,,,,,,,,,,,,,,,,,,,,,,,,,,,,,,,,,,,,,,,,,,,,,,,,,,,,,,,,,,,,,,,,,,,,,,,,,,,,,
1676060295.745460,1676060295.745651,62.000000,0.000000,4308.333496,4304.615234,4310.897461,4342.692383,4308.461426,4306.794922,4300.512695,4317.692383,4289.743652,4280.641113,4438.077148,4514.487305,4370.769043,4417.692383,0.000000,4.000000,85.000000,,,,0.000000,4.000000,4.000000,4.000000,4.000000,4.000000,4.000000,4.000000,4.000000,4.000000,4.000000,4.000000,4.000000,4.000000,4.000000,100.000000,,,,,,,,,,,,,,,,,5.876319,1.872213,2.138531,1.245015,1.616743,114.178688,3.845415,2.458855,1.402071,1.231849,5.250506,3.587292,3.299402,1.734838,1.540373,26.031281,2.962192,2.130014,1.218820,1.154390,1.488258,2.722689,1.958160,0.766708,0.802105,1.073610,1.259297,0.992299,0.730844,0.651488,1.145016,2.466990,2.264558,1.039101,0.958629,1.867349,0.913805,0.928727,1.736088,1.145260,2.176942,0.656941,0.824939,2.075659,1.225448,4.715981,1.137073,1.625489,2.375801,1.362877,80.123375,6.199209,3.050286,3.479728,2.349196,8.518379,2.323584,4.150103,2.570432,2.231139,142.968216,4.818797,2.020521,2.906433,1.921620,8.122196,1.895316,2.436759,2.298318,2.288370
1676060295.753269,1676060295.753559,63.000000,0.000000,4293.333496,4291.538574,4300.000000,4326.282227,4297.436035,4293.077148,4291.153809,4312.563965,4285.128418,4272.179688,4431.794922,4503.589844,4363.589844,4400.384766,0.000000,4.000000,85.000000,,,,0.000000,4.000000,4.000000,4.000000,4.000000,4.000000,4.000000,4.000000,4.000000,4.000000,4.000000,4.000000,4.000000,4.000000,4.000000,100.000000,,,,,,,,,,,,,,,,,,,,,,,,,,,,,,,,,,,,,,,,,,,,,,,,,,,,,,,,,,,,,,,,,,,,,,,,,,,,,,,,,,,,,,
1676060295.761077,1676060295.761368,64.000000,0.000000,4291.922852,4289.615234,4293.974121,4320.641113,4290.256348,4278.846191,4291.282227,4307.563965,4283.717773,4258.589844,4426.666504,4500.128418,4359.615234,4396.922852,2545.000000,4.000000,85.000000,,,,0.000000,4.000000,4.000000,4.000000,4.000000,4.000000,4.000000,4.000000,4.000000,4.000000,4.000000,4.000000,4.000000,4.000000,4.000000,100.000000,,,,,,,,,,,,,,,,,,,,,,,,,,,,,,,,,,,,,,,,,,,,,,,,,,,,,,,,,,,,,,,,,,,,,,,,,,,,,,,,,,,,,,
1676060295.768885,1676060295.769276,65.000000,0.000000,4305.256348,4300.769043,4300.641113,4334.102539,4297.692383,4290.128418,4297.179688,4314.615234,4294.615234,4271.922852,4439.358887,4512.820313,4370.000000,4411.666504,2493.000000,4.000000,85.000000,,,,0.000000,4.000000,4.000000,4.000000,4.000000,4.000000,4.000000,4.000000,4.000000,4.000000,4.000000,4.000000,4.000000,4.000000,4.000000,100.000000,,,,,,,,,,,,,,,,,,,,,,,,,,,,,,,,,,,,,,,,,,,,,,,,,,,,,,,,,,,,,,,,,,,,,,,,,,,,,,,,,,,,,,
1676060295.776694,1676060295.777085,66.000000,0.000000,4301.153809,4292.948730,4296.282227,4330.000000,4296.410156,4296.410156,4286.025879,4304.230957,4288.077148,4262.692383,4430.000000,4500.256348,4363.717773,4399.615234,2429.000000,4.000000,85.000000,,,,0.000000,4.000000,4.000000,4.000000,4.000000,4.000000,4.000000,4.000000,4.000000,4.000000,4.000000,4.000000,4.000000,4.000000,4.000000,100.000000,,,,,,,,,,,,,,,,,,,,,,,,,,,,,,,,,,,,,,,,,,,,,,,,,,,,,,,,,,,,,,,,,,,,,,,,,,,,,,,,,,,,,,
1676060295.784502,1676060295.784893,67.000000,0.000000,4288.717773,4285.769043,4291.410156,4320.641113,4291.538574,4286.922852,4281.153809,4292.307617,4275.256348,4244.358887,4410.897461,4482.436035,4346.922852,4382.820313,2481.000000,4.000000,85.000000,,,,0.000000,4.000000,4.000000,4.000000,4.000000,4.000000,4.000000,4.000000,4.000000,4.000000,4.000000,4.000000,4.000000,4.000000,4.000000,100.000000,,,,,,,,,,,,,,,,,,,,,,,,,,,,,,,,,,,,,,,,,,,,,,,,,,,,,,,,,,,,,,,,,,,,,,,,,,,,,,,,,,,,,,
1676060295.792310,1676060295.792702,68.000000,0.000000,4297.179688,4304.743652,4307.436035,4335.512695,4306.410156,4297.563965,4305.384766,4312.051270,4288.974121,4270.641113,4424.487305,4500.128418,4357.179688,4398.333496,2439.000000,4.000000,85.000000,,,,0.000000,4.000000,4.000000,4.000000,4.000000,4.000000,4.000000,4.000000,4.000000,4.000000,4.000000,4.000000,4.000000,4.000000,4.000000,100.000000,,,,,,,,,,,,,,,,,,,,,,,,,,,,,,,,,,,,,,,,,,,,,,,,,,,,,,,,,,,,,,,,,,,,,,,,,,,,,,,,,,,,,,
1676060295.800119,1676060295.800410,69.000000,0.000000,4308.205078,4318.461426,4318.461426,4348.846191,4321.153809,4314.871582,4319.871582,4329.615234,4303.589844,4289.615234,4439.743652,4515.512695,4375.512695,4412.051270,2388.000000,4.000000,85.000000,,,,0.000000,4.000000,4.000000,4.000000,4.000000,4.000000,4.000000,4.000000,4.000000,4.000000,4.000000,4.000000,4.000000,4.000000,4.000000,100.000000,,,,,,,,,,,,,,,,,,,,,,,,,,,,,,,,,,,,,,,,,,,,,,,,,,,,,,,,,,,,,,,,,,,,,,,,,,,,,,,,,,,,,,
1676060295.807927,1676060295.808219,70.000000,0.000000,4285.256348,4296.922852,4292.307617,4329.615234,4304.230957,4298.333496,4293.461426,4304.102539,4279.871582,4256.153809,4411.282227,4480.384766,4350.769043,4382.948730,2239.000000,4.000000,85.000000,,,,0.000000,4.000000,4.000000,4.000000,4.000000,4.000000,4.000000,4.000000,4.000000,4.000000,4.000000,4.000000,4.000000,4.000000,4.000000,100.000000,,,,,,,,,,,,,,,,,,,,,,,,,,,,,,,,,,,,,,,,,,,,,,,,,,,,,,,,,,,,,,,,,,,,,,,,,,,,,,,,,,,,,,
1676060295.815735,1676060295.815927,71.000000,0.000000,4271.410156,4286.153809,4276.794922,4319.487305,4292.051270,4285.000000,4275.512695,4288.589844,4264.102539,4242.307617,4396.153809,4458.077148,4328.589844,4362.948730,2239.000000,4.000000,85.000000,,,,0.000000,4.000000,4.000000,4.000000,4.000000,4.000000,4.000000,4.000000,4.000000,4.000000,4.000000,4.000000,4.000000,4.000000,4.000000,100.000000,,,,,,,,,,,,,,,,,,,,,,,,,,,,,,,,,,,,,,,,,,,,,,,,,,,,,,,,,,,,,,,,,,,,,,,,,,,,,,,,,,,,,,
1676060295.823544,1676060295.823736,72.000000,0.000000,4297.563965,4310.384766,4298.974121,4339.102539,4308.205078,4297.948730,4288.717773,4312.692383,4286.666504,4270.512695,4423.205078,4486.538574,4353.077148,4390.512695,2304.000000,4.000000,85.000000,,,,0.000000,4.000000,4.000000,4.000000,4.000000,4.000000,4.000000,4.000000,4.000000,4.000000,4.000000,4.000000,4.000000,4.000000,4.000000,100.000000,,,,,,,,,,,,,,,,,,,,,,,,,,,,,,,,,,,,,,,,,,,,,,,,,,,,,,,,,,,,,,,,,,,,,,,,,,,,,,,,,,,,,,
1676060295.831352,1676060295.831444,73.000000,0.000000,4300.128418,4308.589844,4293.333496,4333.205078,4302.179688,4289.615234,4283.205078,4306.153809,4280.128418,4264.871582,4416.922852,4484.487305,4358.205078,4394.102539,2269.000000,4.000000,85.000000,,,,0.000000,4.000000,4.000000,4.000000,4.000000,4.000000,4.000000,4.000000,4.000000,4.000000,4.000000,4.000000,4.000000,4.000000,4.000000,100.000000,,,,,,,,,,,,,,,,,,,,,,,,,,,,,,,,,,,,,,,,,,,,,,,,,,,,,,,,,,,,,,,,,,,,,,,,,,,,,,,,,,,,,,
1676060295.839161,1676060295.839253,74.000000,0.000000,4282.563965,4287.820313,4276.410156,4315.769043,4286.538574,4277.051270,4270.128418,4279.615234,4259.615234,4247.307617,4398.846191,4466.922852,4341.794922,4374.743652,2752.000000,4.000000,85.000000,,,,0.000000,4.000000,4.000000,4.000000,4.000000,4.000000,4.000000,4.000000,4.000000,4.000000,4.000000,4.000000,4.000000,4.000000,4.000000,100.000000,,,,,,,,,,,,,,,,,,,,,,,,,,,,,,,,,,,,,,,,,,,,,,,,,,,,,,,,,,,,,,,,,,,,,,,,,,,,,,,,,,,,,,
1676060295.846969,1676060295.846961,75.000000,0.000000,4307.948730,4305.512695,4311.153809,4338.974121,4308.461426,4300.256348,4292.051270,4298.717773,4285.000000,4272.692383,4435.000000,4503.333496,4367.436035,4403.846191,2944.000000,4.000000,85.000000,,,,0.000000,4.000000,4.000000,4.000000,4.000000,4.000000,4.000000,4.000000,4.000000,4.000000,4.000000,4.000000,4.000000,4.000000,4.000000,100.000000,,,,,,,,,,,,,,,,,,,,,,,,,,,,,,,,,,,,,,,,,,,,,,,,,,,,,,,,,,,,,,,,,,,,,,,,,,,,,,,,,,,,,,
1676060295.854777,1676060295.854770,76.000000,0.000000,4337.179688,4333.846191,4340.512695,4361.794922,4325.769043,4312.179688,4309.358887,4321.153809,4311.025879,4294.871582,4470.256348,4538.077148,4401.153809,4440.897461,3149.000000,4.000000,85.000000,,,,0.000000,4.000000,4.000000,4.000000,4.000000,4.000000,4.000000,4.000000,4.000000,4.000000,4.000000,4.000000,4.000000,4.000000,4.000000,100.000000,,,,,,,,,,,,,,,,,,,,,,,,,,,,,,,,,,,,,,,,,,,,,,,,,,,,,,,,,,,,,,,,,,,,,,,,,,,,,,,,,,,,,,
1676060295.862586,1676060295.862478,77.000000,0.000000,4322.948730,4323.077148,4318.974121,4347.948730,4311.922852,4294.871582,4295.641113,4304.871582,4294.871582,4287.948730,4453.846191,4523.461426,4389.743652,4427.307617,3256.000000,4.000000,85.000000,,,,0.000000,4.000000,4.000000,4.000000,4.000000,4.000000,4.000000,4.000000,4.000000,4.000000,4.000000,4.000000,4.000000,4.000000,4.000000,100.000000,,,,,,,,,,,,,,,,,,,,,,,,,,,,,,,,,,,,,,,,,,,,,,,,,,,,,,,,,,,,,,,,,,,,,,,,,,,,,,,,,,,,,,
1676060295.870394,1676060295.870287,78.000000,0.000000,4306.794922,4300.512695,4305.897461,4339.871582,4308.333496,4295.256348,4293.333496,4300.512695,4280.000000,4282.436035,4435.512695,4506.410156,4370.256348,4411.794922,2752.000000,4.000000,85.000000,,,,0.000000,4.000000,4.000000,4.000000,4.000000,4.000000,4.000000,4.000000,4.000000,4.000000,4.000000,4.000000,4.000000,4.000000,4.000000,100.000000,1.000000,25.000000,3.000000,1.000000,1.000000,3.000000,4.000000,4.000000,3.000000,3.000000,4.000000,3.000000,1.000000,1.000000,1.000000,1.000000,5.243119,1.956366,1.744418,1.139603,1.714649,73.403069,3.371056,2.210349,1.249595,1.222080,4.818554,3.903506,3.148130,1.600279,1.572866,18.124517,2.643762,2.012377,1.077840,1.176847,1.088310,2.567328,1.890731,0.742727,0.752716,0.926050,1.185940,0.989254,0.636206,0.543121,1.112469,2.754190,2.195668,0.982505,0.883766,1.862301,0.941789,0.787476,1.536505,1.093648,2.015858,0.569699,0.764828,1.802931,1.248738,3.527334,1.249137,1.519510,2.212252,1.288570,52.410770,6.021663,2.937224,3.257004,2.375134,8.219350,2.628873,3.755710,2.344475,2.235440,93.660385,4.839431,1.807430,2.718907,1.940948,6.431264,2.179613,2.165371,2.221653,2.310086
1676060295.878203,1676060295.877995,79.000000,0.000000,4302.436035,4298.846191,4309.358887,4337.692383,4312.563965,4301.922852,4298.205078,4311.538574,4279.615234,4271.410156,4432.820313,4497.820313,4365.769043,4410.897461,2944.000000,4.000000,85.000000,,,,0.000000,4.000000,4.000000,4.000000,4.000000,4.000000,4.000000,4.000000,4.000000,4.000000,4.000000,4.000000,4.000000,4.000000,4.000000,100.000000,,,,,,,,,,,,,,,,,,,,,,,,,,,,,,,,,,,,,,,,,,,,,,,,,,,,,,,,,,,,,,,,,,,,,,,,,,,,,,,,,,,,,,
1676060295.886011,1676060295.885804,80.000000,0.000000,4299.743652,4305.512695,4306.666504,4327.563965,4309.487305,4295.256348,4295.128418,4310.384766,4279.487305,4265.897461,4432.948730,4492.179688,4365.384766,4401.410156,3149.000000,4.000000,85.000000,,,,0.000000,4.000000,4.000000,4.000000,4.000000,4.000000,4.000000,4.000000,4.000000,4.000000,4.000000,4.000000,4.000000,4.000000,4.000000,100.000000,,,,,,,,,,,,,,,,,,,,,,,,,,,,,,,,,,,,,,,,,,,,,,,,,,,,,,,,,,,,,,,,,,,,,,,,,,,,,,,,,,,,,,
1676060295.893819,1676060295.893512,81.000000,0.000000,4307.948730,4313.205078,4315.769043,4335.641113,4320.897461,4305.897461,4307.307617,4321.666504,4295.512695,4284.743652,4447.307617,4507.948730,4376.922852,4407.436035,3256.000000,4.000000,85.000000,,,,0.000000,4.000000,4.000000,4.000000,4.000000,4.000000,4.000000,4.000000,4.000000,4.000000,4.000000,4.000000,4.000000,4.000000,4.000000,100.000000,,,,,,,,,,,,,,,,,,,,,,,,,,,,,,,,,,,,,,,,,,,,,,,,,,,,,,,,,,,,,,,,,,,,,,,,,,,,,,,,,,,,,,
1676060295.901628,1676060295.901420,82.000000,0.000000,4310.000000,4313.461426,4321.922852,4344.615234,4327.820313,4318.846191,4313.974121,4332.563965,4307.051270,4283.846191,4452.051270,4516.153809,4383.974121,4418.717773,2752.000000,4.000000,85.000000,,,,0.000000,4.000000,4.000000,4.000000,4.000000,4.000000,4.000000,4.000000,4.000000,4.000000,4.000000,4.000000,4.000000,4.000000,4.000000,100.000000,,,,,,,,,,,,,,,,,,,,,,,,,,,,,,,,,,,,,,,,,,,,,,,,,,,,,,,,,,,,,,,,,,,,,,,,,,,,,,,,,,,,,,
1676060295.909436,1676060295.909229,83.000000,0.000000,4295.641113,4302.179688,4308.974121,4330.769043,4315.256348,4305.128418,4299.230957,4316.922852,4288.717773,4262.948730,4434.102539,4500.512695,4369.743652,4408.974121,2944.000000,4.000000,85.000000,,,,0.000000,4.000000,4.000000,4.000000,4.000000,4.000000,4.000000,4.000000,4.000000,4.000000,4.000000,4.000000,4.000000,4.000000,4.000000,100.000000,,,,,,,,,,,,,,,,,,,,,,,,,,,,,,,,,,,,,,,,,,,,,,,,,,,,,,,,,,,,,,,,,,,,,,,,,,,,,,,,,,,,,,
1676060295.917245,1676060295.917137,84.000000,0.000000,4295.512695,4298.461426,4306.538574,4326.410156,4311.282227,4298.461426,4300.256348,4306.538574,4276.922852,4266.538574,4432.948730,4500.512695,4365.384766,4404.743652,3149.000000,4.000000,85.000000,,,,0.000000,4.000000,4.000000,4.000000,4.000000,4.000000,4.000000,4.000000,4.000000,4.000000,4.000000,4.000000,4.000000,4.000000,4.000000,100.000000,,,,,,,,,,,,,,,,,,,,,,,,,,,,,,,,,,,,,,,,,,,,,,,,,,,,,,,,,,,,,,,,,,,,,,,,,,,,,,,,,,,,,,
1676060295.925053,1676060295.924946,85.000000,0.000000,4309.358887,4305.769043,4319.230957,4337.563965,4316.538574,4309.487305,4307.820313,4312.051270,4288.205078,4280.256348,4444.102539,4511.666504,4380.897461,4414.871582,3256.000000,4.000000,85.000000,,,,0.000000,4.000000,4.000000,4.000000,4.000000,4.000000,4.000000,4.000000,4.000000,4.000000,4.000000,4.000000,4.000000,4.000000,4.000000,100.000000,,,,,,,,,,,,,,,,,,,,,,,,,,,,,,,,,,,,,,,,,,,,,,,,,,,,,,,,,,,,,,,,,,,,,,,,,,,,,,,,,,,,,,
1676060295.932861,1676060295.932854,86.000000,0.000000,4311.410156,4308.077148,4321.666504,4336.282227,4315.897461,4307.563965,4299.487305,4310.897461,4292.692383,4285.000000,4443.461426,4508.974121,4384.487305,4420.641113,2752.000000,4.000000,85.000000,,,,0.000000,4.000000,4.000000,4.000000,4.000000,4.000000,4.000000,4.000000,4.000000,4.000000,4.000000,4.000000,4.000000,4.000000,4.000000,100.000000,,,,,,,,,,,,,,,,,,,,,,,,,,,,,,,,,,,,,,,,,,,,,,,,,,,,,,,,,,,,,,,,,,,,,,,,,,,,,,,,,,,,,,
1676060295.940670,1676060295.940662,87.000000,0.000000,4315.256348,4307.307617,4320.641113,4333.205078,4317.563965,4301.410156,4300.897461,4312.692383,4290.384766,4295.128418,4450.897461,4513.077148,4381.410156,4426.153809,2944.000000,4.000000,85.000000,,,,0.000000,4.000000,4.000000,4.000000,4.000000,4.000000,4.000000,4.000000,4.000000,4.000000,4.000000,4.000000,4.000000,4.000000,4.000000,100.000000,,,,,,,,,,,,,,,,,,,,,,,,,,,,,,,,,,,,,,,,,,,,,,,,,,,,,,,,,,,,,,,,,,,,,,,,,,,,,,,,,,,,,,
1676060295.948478,1676060295.948571,88.000000,0.000000,4325.769043,4311.794922,4326.538574,4338.589844,4320.512695,4303.846191,4311.282227,4319.615234,4294.230957,4292.436035,4460.897461,4524.487305,4388.846191,4431.153809,3149.000000,4.000000,85.000000,,,,0.000000,4.000000,4.000000,4.000000,4.000000,4.000000,4.000000,4.000000,4.000000,4.000000,4.000000,4.000000,4.000000,4.000000,4.000000,100.000000,,,,,,,,,,,,,,,,,,,,,,,,,,,,,,,,,,,,,,,,,,,,,,,,,,,,,,,,,,,,,,,,,,,,,,,,,,,,,,,,,,,,,,
1676060295.956287,1676060295.956379,89.000000,0.000000,4323.205078,4312.820313,4330.641113,4340.641113,4321.410156,4309.615234,4313.846191,4316.025879,4294.102539,4272.307617,4458.717773,4520.641113,4394.358887,4428.974121,3256.000000,4.000000,85.000000,,,,0.000000,4.000000,4.000000,4.000000,4.000000,4.000000,4.000000,4.000000,4.000000,4.000000,4.000000,4.000000,4.000000,4.000000,4.000000,100.000000,,,,,,,,,,,,,,,,,,,,,,,,,,,,,,,,,,,,,,,,,,,,,,,,,,,,,,,,,,,,,,,,,,,,,,,,,,,,,,,,,,,,,,
1676060295.964095,1676060295.964288,90.000000,0.000000,4314.743652,4311.153809,4323.974121,4336.666504,4325.000000,4311.282227,4310.641113,4312.051270,4289.615234,4270.384766,4465.512695,4511.153809,4390.641113,4426.666504,2752.000000,4.000000,85.000000,,,,0.000000,4.000000,4.000000,4.000000,4.000000,4.000000,4.000000,4.000000,4.000000,4.000000,4.000000,4.000000,4.000000,4.000000,4.000000,100.000000,,,,,,,,,,,,,,,,,,,,,,,,,,,,,,,,,,,,,,,,,,,,,,,,,,,,,,,,,,,,,,,,,,,,,,,,,,,,,,,,,,,,,,
1676060295.971903,1676060295.972096,91.000000,0.000000,4309.487305,4305.897461,4312.563965,4325.897461,4319.871582,4304.871582,4301.410156,4309.743652,4287.307617,4280.897461,4479.230957,4504.358887,4380.512695,4419.358887,2944.000000,4.000000,85.000000,,,,0.000000,4.000000,4.000000,4.000000,4.000000,4.000000,4.000000,4.000000,4.000000,4.000000,4.000000,4.000000,4.000000,4.000000,4.000000,100.000000,,,,,,,,,,,,,,,,,,,,,,,,,,,,,,,,,,,,,,,,,,,,,,,,,,,,,,,,,,,,,,,,,,,,,,,,,,,,,,,,,,,,,,
1676060295.979712,1676060295.980004,92.000000,0.000000,4300.512695,4293.333496,4306.410156,4317.307617,4308.974121,4299.102539,4296.922852,4308.846191,4291.538574,4282.436035,4473.589844,4500.256348,4372.051270,4403.077148,3149.000000,4.000000,85.000000,,,,0.000000,4.000000,4.000000,4.000000,4.000000,4.000000,4.000000,4.000000,4.000000,4.000000,4.000000,4.000000,4.000000,4.000000,4.000000,100.000000,,,,,,,,,,,,,,,,,,,,,,,,,,,,,,,,,,,,,,,,,,,,,,,,,,,,,,,,,,,,,,,,,,,,,,,,,,,,,,,,,,,,,,
1676060295.987520,1676060295.987813,93.000000,0.000000,4295.769043,4292.179688,4304.487305,4320.384766,4310.000000,4306.282227,4305.512695,4317.436035,4299.230957,4282.307617,4466.025879,4503.589844,4373.717773,4398.717773,3256.000000,4.000000,85.000000,,,,0.000000,4.000000,4.000000,4.000000,4.000000,4.000000,4.000000,4.000000,4.000000,4.000000,4.000000,4.000000,4.000000,4.000000,4.000000,100.000000,,,,,,,,,,,,,,,,,,,,,,,,,,,,,,,,,,,,,,,,,,,,,,,,,,,,,,,,,,,,,,,,,,,,,,,,,,,,,,,,,,,,,,
1676060295.995328,1676060295.995521,94.000000,0.000000,4295.256348,4295.512695,4297.563965,4316.025879,4307.051270,4303.333496,4300.256348,4317.307617,4292.692383,4278.205078,4459.743652,4500.256348,4370.000000,4398.717773,2752.000000,4.000000,85.000000,,,,0.000000,4.000000,4.000000,4.000000,4.000000,4.000000,4.000000,4.000000,4.000000,4.000000,4.000000,4.000000,4.000000,4.000000,4.000000,100.000000,,,,,,,,,,,,,,,,,4.583168,2.247779,1.322688,1.071440,1.827777,43.699142,3.002356,1.904337,1.105579,1.237375,4.497462,4.415584,2.905394,1.489980,1.608046,11.995751,2.395053,1.806684,0.965586,1.224927,0.806378,2.289383,1.658153,0.724135,0.717360,0.766930,1.096049,0.893319,0.590709,0.468468,1.115789,2.945999,1.958756,0.948201,0.841435,1.954530,1.050393,0.659652,1.356946,1.086565,1.953547,0.524820,0.674494,1.573066,1.297426,2.645557,1.340273,1.342356,1.998953,1.301806,29.265863,5.524959,2.745986,3.082397,2.411667,7.723467,2.938035,3.196538,2.152252,2.277716,52.869072,4.626062,1.634817,2.565328,2.014019,5.347217,2.371140,1.893072,2.196756,2.358152
1676060296.003137,1676060296.003330,95.000000,0.000000,4288.205078,4284.358887,4290.000000,4302.436035,4297.307617,4285.256348,4284.487305,4304.615234,4276.538574,4269.102539,4441.666504,4482.563965,4351.410156,4387.179688,2944.000000,4.000000,85.000000,,,,0.000000,4.000000,4.000000,4.000000,4.000000,4.000000,4.000000,4.000000,4.000000,4.000000,4.000000,4.000000,4.000000,4.000000,4.000000,100.000000,,,,,,,,,,,,,,,,,,,,,,,,,,,,,,,,,,,,,,,,,,,,,,,,,,,,,,,,,,,,,,,,,,,,,,,,,,,,,,,,,,,,,,
1676060296.010945,1676060296.011038,96.000000,0.000000,4303.589844,4293.333496,4310.000000,4319.102539,4310.512695,4294.230957,4300.256348,4318.205078,4289.358887,4270.769043,4451.538574,4495.641113,4361.666504,4397.820313,3149.000000,4.000000,85.000000,,,,0.000000,4.000000,4.000000,4.000000,4.000000,4.000000,4.000000,4.000000,4.000000,4.000000,4.000000,4.000000,4.000000,4.000000,4.000000,100.000000,,,,,,,,,,,,,,,,,,,,,,,,,,,,,,,,,,,,,,,,,,,,,,,,,,,,,,,,,,,,,,,,,,,,,,,,,,,,,,,,,,,,,,
1676060296.018754,1676060296.018847,97.000000,0.000000,4330.641113,4324.871582,4336.666504,4347.948730,4332.820313,4318.589844,4325.512695,4342.051270,4313.461426,4283.333496,4482.563965,4527.692383,4394.615234,4430.128418,3256.000000,4.000000,85.000000,,,,0.000000,4.000000,4.000000,4.000000,4.000000,4.000000,4.000000,4.000000,4.000000,4.000000,4.000000,4.000000,4.000000,4.000000,4.000000,100.000000,,,,,,,,,,,,,,,,,,,,,,,,,,,,,,,,,,,,,,,,,,,,,,,,,,,,,,,,,,,,,,,,,,,,,,,,,,,,,,,,,,,,,,
1676060296.026562,1676060296.026555,98.000000,0.000000,4320.000000,4322.307617,4326.025879,4339.487305,4327.307617,4313.077148,4316.794922,4333.077148,4305.512695,4285.256348,4473.589844,4518.589844,4388.205078,4427.051270,2752.000000,4.000000,85.000000,,,,0.000000,4.000000,4.000000,4.000000,4.000000,4.000000,4.000000,4.000000,4.000000,4.000000,4.000000,4.000000,4.000000,4.000000,4.000000,100.000000,,,,,,,,,,,,,,,,,,,,,,,,,,,,,,,,,,,,,,,,,,,,,,,,,,,,,,,,,,,,,,,,,,,,,,,,,,,,,,,,,,,,,,
1676060296.034370,1676060296.034364,99.000000,0.000000,4303.846191,4302.436035,4310.897461,4324.871582,4316.538574,4297.948730,4300.897461,4318.846191,4293.461426,4286.025879,4453.589844,4499.230957,4369.615234,4409.615234,2944.000000,4.000000,85.000000,,,,0.000000,4.000000,4.000000,4.000000,4.000000,4.000000,4.000000,4.000000,4.000000,4.000000,4.000000,4.000000,4.000000,4.000000,4.000000,100.000000,,,,,,,,,,,,,,,,,,,,,,,,,,,,,,,,,,,,,,,,,,,,,,,,,,,,,,,,,,,,,,,,,,,,,,,,,,,,,,,,,,,,,,
1676060296.042179,1676060296.042072,100.000000,0.000000,4308.205078,4293.974121,4310.641113,4317.948730,4312.436035,4296.153809,4296.282227,4308.589844,4286.922852,4285.128418,4450.256348,4494.358887,4368.589844,4404.230957,3149.000000,4.000000,85.000000,,,,0.000000,4.000000,4.000000,4.000000,4.000000,4.000000,4.000000,4.000000,4.000000,4.000000,4.000000,4.000000,4.000000,4.000000,4.000000,100.000000,,,,,,,,,,,,,,,,,,,,,,,,,,,,,,,,,,,,,,,,,,,,,,,,,,,,,,,,,,,,,,,,,,,,,,,,,,,,,,,,,,,,,,
1676060296.049987,1676060296.049881,101.000000,0.000000,4295.256348,4277.948730,4296.153809,4295.769043,4296.666504,4291.794922,4286.794922,4288.077148,4265.256348,4262.948730,4428.589844,4473.333496,4353.974121,4383.077148,3256.000000,4.000000,85.000000,,,,0.000000,4.000000,4.000000,4.000000,4.000000,4.000000,4.000000,4.000000,4.000000,4.000000,4.000000,4.000000,4.000000,4.000000,4.000000,100.000000,,,,,,,,,,,,,,,,,,,,,,,,,,,,,,,,,,,,,,,,,,,,,,,,,,,,,,,,,,,,,,,,,,,,,,,,,,,,,,,,,,,,,,
1676060296.057795,1676060296.057589,102.000000,0.000000,4290.897461,4286.538574,4298.974121,4301.025879,4298.717773,4299.358887,4296.922852,4300.128418,4271.410156,4265.000000,4431.794922,4479.230957,4356.794922,4390.512695,2752.000000,4.000000,85.000000,,,,0.000000,4.000000,4.000000,4.000000,4.000000,4.000000,4.000000,4.000000,4.000000,4.000000,4.000000,4.000000,4.000000,4.000000,4.000000,100.000000,,,,,,,,,,,,,,,,,,,,,,,,,,,,,,,,,,,,,,,,,,,,,,,,,,,,,,,,,,,,,,,,,,,,,,,,,,,,,,,,,,,,,,
1676060296.065604,1676060296.065398,103.000000,0.000000,4319.230957,4321.153809,4331.282227,4338.077148,4325.512695,4317.307617,4325.000000,4340.384766,4313.846191,4307.307617,4482.307617,4525.256348,4395.897461,4438.974121,2944.000000,4.000000,85.000000,,,,0.000000,4.000000,4.000000,4.000000,4.000000,4.000000,4.000000,4.000000,4.000000,4.000000,4.000000,4.000000,4.000000,4.000000,4.000000,100.000000,,,,,,,,,,,,,,,,,,,,,,,,,,,,,,,,,,,,,,,,,,,,,,,,,,,,,,,,,,,,,,,,,,,,,,,,,,,,,,,,,,,,,,
1676060296.073412,1676060296.073106,104.000000,0.000000,4313.846191,4312.692383,4324.615234,4330.769043,4318.205078,4306.282227,4316.538574,4339.743652,4316.025879,4299.615234,4482.820313,4518.333496,4396.025879,4430.769043,3149.000000,4.000000,85.000000,,,,0.000000,4.000000,4.000000,4.000000,4.000000,4.000000,4.000000,4.000000,4.000000,4.000000,4.000000,4.000000,4.000000,4.000000,4.000000,100.000000,,,,,,,,,,,,,,,,,,,,,,,,,,,,,,,,,,,,,,,,,,,,,,,,,,,,,,,,,,,,,,,,,,,,,,,,,,,,,,,,,,,,,,
1676060296.081221,1676060296.080915,105.000000,0.000000,4277.179688,4275.128418,4289.487305,4291.153809,4289.871582,4285.512695,4288.589844,4309.358887,4278.846191,4248.205078,4432.307617,4467.692383,4357.307617,4376.153809,3256.000000,4.000000,85.000000,,,,0.000000,4.000000,4.000000,4.000000,4.000000,4.000000,4.000000,4.000000,4.000000,4.000000,4.000000,4.000000,4.000000,4.000000,4.000000,100.000000,,,,,,,,,,,,,,,,,,,,,,,,,,,,,,,,,,,,,,,,,,,,,,,,,,,,,,,,,,,,,,,,,,,,,,,,,,,,,,,,,,,,,,
1676060296.089029,1676060296.088623,106.000000,0.000000,4283.333496,4275.641113,4292.436035,4290.256348,4297.948730,4292.563965,4292.307617,4308.333496,4277.820313,4256.538574,4426.666504,4465.384766,4355.000000,4377.307617,2752.000000,4.000000,85.000000,,,,0.000000,4.000000,4.000000,4.000000,4.000000,4.000000,4.000000,4.000000,4.000000,4.000000,4.000000,4.000000,4.000000,4.000000,4.000000,100.000000,,,,,,,,,,,,,,,,,,,,,,,,,,,,,,,,,,,,,,,,,,,,,,,,,,,,,,,,,,,,,,,,,,,,,,,,,,,,,,,,,,,,,,
1676060296.096837,1676060296.096532,107.000000,0.000000,4302.179688,4290.769043,4307.563965,4309.487305,4315.769043,4301.666504,4306.410156,4317.692383,4295.641113,4290.512695,4443.846191,4481.153809,4366.410156,4402.307617,2944.000000,4.000000,85.000000,,,,0.000000,4.000000,4.000000,4.000000,4.000000,4.000000,4.000000,4.000000,4.000000,4.000000,4.000000,4.000000,4.000000,4.000000,4.000000,100.000000,,,,,,,,,,,,,,,,,,,,,,,,,,,,,,,,,,,,,,,,,,,,,,,,,,,,,,,,,,,,,,,,,,,,,,,,,,,,,,,,,,,,,,
1676060296.104646,1676060296.104340,108.000000,0.000000,4287.563965,4289.230957,4302.307617,4311.538574,4310.641113,4295.384766,4302.692383,4311.922852,4286.153809,4274.487305,4435.897461,4470.128418,4358.205078,4391.538574,3149.000000,4.000000,85.000000,,,,0.000000,4.000000,4.000000,4.000000,4.000000,4.000000,4.000000,4.000000,4.000000,4.000000,4.000000,4.000000,4.000000,4.000000,4.000000,100.000000,,,,,,,,,,,,,,,,,,,,,,,,,,,,,,,,,,,,,,,,,,,,,,,,,,,,,,,,,,,,,,,,,,,,,,,,,,,,,,,,,,,,,,
1676060296.112454,1676060296.112248,109.000000,0.000000,4285.256348,4292.820313,4305.512695,4311.282227,4309.871582,4297.307617,4302.563965,4320.384766,4276.666504,4262.307617,4436.538574,4478.205078,4363.205078,4392.051270,3256.000000,4.000000,85.000000,,,,0.000000,4.000000,4.000000,4.000000,4.000000,4.000000,4.000000,4.000000,4.000000,4.000000,4.000000,4.000000,4.000000,4.000000,4.000000,100.000000,,,,,,,,,,,,,,,,,,,,,,,,,,,,,,,,,,,,,,,,,,,,,,,,,,,,,,,,,,,,,,,,,,,,,,,,,,,,,,,,,,,,,,
1676060296.120263,1676060296.120057,110.000000,0.000000,4304.743652,4296.922852,4313.077148,4312.692383,4313.589844,4300.384766,4301.410156,4334.871582,4281.794922,4274.743652,4447.948730,4492.563965,4373.461426,4407.307617,2752.000000,4.000000,85.000000,,,,0.000000,4.000000,4.000000,4.000000,4.000000,4.000000,4.000000,4.000000,4.000000,4.000000,4.000000,4.000000,4.000000,4.000000,4.000000,100.000000,,,,,,,,,,,,,,,,,4.017654,2.749218,0.998988,1.027087,1.937133,27.337383,2.802607,1.669213,0.995477,1.290785,4.264278,5.015716,2.690270,1.404376,1.635318,8.377241,2.304682,1.594938,0.891400,1.300693,0.648704,1.918302,1.345280,0.701982,0.712072,0.612306,0.997940,0.738285,0.580864,0.451482,1.107625,2.956022,1.620567,0.926454,0.841918,2.010117,1.171670,0.575874,1.204336,1.137322,1.893085,0.544359,0.583193,1.398166,1.367250,2.092567,1.411251,1.170911,1.756725,1.430953,14.250546,4.784487,2.528473,2.918548,2.445502,7.032355,3.184904,2.648602,1.991152,2.363804,26.892063,4.253952,1.560992,2.435417,2.121349,4.754729,2.468687,1.713107,2.186422,2.432134
1676060296.128071,1676060296.127965,111.000000,0.000000,4304.358887,4293.717773,4307.692383,4307.563965,4300.769043,4288.974121,4284.871582,4333.333496,4280.384766,4269.230957,4443.846191,4479.230957,4367.563965,4403.205078,2944.000000,4.000000,85.000000,,,,0.000000,4.000000,4.000000,4.000000,4.000000,4.000000,4.000000,4.000000,4.000000,4.000000,4.000000,4.000000,4.000000,4.000000,4.000000,100.000000,,,,,,,,,,,,,,,,,,,,,,,,,,,,,,,,,,,,,,,,,,,,,,,,,,,,,,,,,,,,,,,,,,,,,,,,,,,,,,,,,,,,,,
1676060296.135879,1676060296.135774,112.000000,0.000000,4292.948730,4291.410156,4307.179688,4303.461426,4291.794922,4278.717773,4278.461426,4334.358887,4276.794922,4260.128418,4439.487305,4475.897461,4366.666504,4396.794922,3149.000000,4.000000,85.000000,,,,0.000000,4.000000,4.000000,4.000000,4.000000,4.000000,4.000000,4.000000,4.000000,4.000000,4.000000,4.000000,4.000000,4.000000,4.000000,100.000000,,,,,,,,,,,,,,,,,,,,,,,,,,,,,,,,,,,,,,,,,,,,,,,,,,,,,,,,,,,,,,,,,,,,,,,,,,,,,,,,,,,,,,
1676060296.143688,1676060296.143682,113.000000,0.000000,4294.230957,4291.282227,4311.794922,4303.974121,4295.384766,4282.051270,4289.487305,4343.589844,4284.358887,4267.692383,4450.384766,4491.794922,4373.846191,4403.846191,3256.000000,4.000000,85.000000,,,,0.000000,4.000000,4.000000,4.000000,4.000000,4.000000,4.000000,4.000000,4.000000,4.000000,4.000000,4.000000,4.000000,4.000000,4.000000,100.000000,,,,,,,,,,,,,,,,,,,,,,,,,,,,,,,,,,,,,,,,,,,,,,,,,,,,,,,,,,,,,,,,,,,,,,,,,,,,,,,,,,,,,,
1676060296.151496,1676060296.151490,114.000000,0.000000,4291.410156,4280.000000,4298.077148,4291.410156,4287.436035,4281.538574,4286.538574,4334.358887,4282.051270,4265.384766,4446.666504,4481.922852,4365.000000,4398.205078,2752.000000,4.000000,85.000000,,,,0.000000,4.000000,4.000000,4.000000,4.000000,4.000000,4.000000,4.000000,4.000000,4.000000,4.000000,4.000000,4.000000,4.000000,4.000000,100.000000,,,,,,,,,,,,,,,,,,,,,,,,,,,,,,,,,,,,,,,,,,,,,,,,,,,,,,,,,,,,,,,,,,,,,,,,,,,,,,,,,,,,,,
1676060296.159305,1676060296.159399,115.000000,0.000000,4287.179688,4266.794922,4287.436035,4281.794922,4280.000000,4278.077148,4276.025879,4318.589844,4269.230957,4262.436035,4433.717773,4466.282227,4353.589844,4389.615234,2944.000000,4.000000,85.000000,,,,0.000000,4.000000,4.000000,4.000000,4.000000,4.000000,4.000000,4.000000,4.000000,4.000000,4.000000,4.000000,4.000000,4.000000,4.000000,100.000000,,,,,,,,,,,,,,,,,,,,,,,,,,,,,,,,,,,,,,,,,,,,,,,,,,,,,,,,,,,,,,,,,,,,,,,,,,,,,,,,,,,,,,
1676060296.167113,1676060296.167207,116.000000,0.000000,4311.410156,4288.717773,4318.461426,4309.871582,4303.333496,4299.743652,4301.153809,4338.461426,4284.487305,4286.666504,4458.589844,4497.051270,4378.205078,4416.666504,3149.000000,4.000000,85.000000,,,,0.000000,4.000000,4.000000,4.000000,4.000000,4.000000,4.000000,4.000000,4.000000,4.000000,4.000000,4.000000,4.000000,4.000000,4.000000,100.000000,,,,,,,,,,,,,,,,,,,,,,,,,,,,,,,,,,,,,,,,,,,,,,,,,,,,,,,,,,,,,,,,,,,,,,,,,,,,,,,,,,,,,,
1676060296.174921,1676060296.175016,117.000000,0.000000,4333.077148,4322.948730,4345.000000,4336.538574,4324.358887,4319.487305,4326.410156,4357.436035,4306.153809,4293.717773,4488.333496,4523.461426,4404.871582,4441.153809,3256.000000,4.000000,85.000000,,,,0.000000,4.000000,4.000000,4.000000,4.000000,4.000000,4.000000,4.000000,4.000000,4.000000,4.000000,4.000000,4.000000,4.000000,4.000000,100.000000,,,,,,,,,,,,,,,,,,,,,,,,,,,,,,,,,,,,,,,,,,,,,,,,,,,,,,,,,,,,,,,,,,,,,,,,,,,,,,,,,,,,,,
1676060296.182730,1676060296.182824,118.000000,0.000000,4314.102539,4313.589844,4326.794922,4320.256348,4308.846191,4303.846191,4307.307617,4332.948730,4291.153809,4267.179688,4465.000000,4497.563965,4385.512695,4422.307617,2752.000000,4.000000,85.000000,,,,0.000000,4.000000,4.000000,4.000000,4.000000,4.000000,4.000000,4.000000,4.000000,4.000000,4.000000,4.000000,4.000000,4.000000,4.000000,100.000000,,,,,,,,,,,,,,,,,,,,,,,,,,,,,,,,,,,,,,,,,,,,,,,,,,,,,,,,,,,,,,,,,,,,,,,,,,,,,,,,,,,,,,
1676060296.190538,1676060296.190533,119.000000,0.000000,4291.153809,4278.461426,4303.589844,4297.307617,4292.948730,4286.282227,4285.897461,4307.436035,4272.307617,4260.641113,4430.128418,4469.487305,4354.871582,4398.846191,2944.000000,4.000000,85.000000,,,,0.000000,4.000000,4.000000,4.000000,4.000000,4.000000,4.000000,4.000000,4.000000,4.000000,4.000000,4.000000,4.000000,4.000000,4.000000,100.000000,,,,,,,,,,,,,,,,,,,,,,,,,,,,,,,,,,,,,,,,,,,,,,,,,,,,,,,,,,,,,,,,,,,,,,,,,,,,,,,,,,,,,,
1676060296.198346,1676060296.198341,120.000000,0.000000,4295.641113,4274.230957,4302.436035,4299.871582,4299.487305,4291.922852,4293.974121,4313.205078,4276.794922,4273.205078,4433.974121,4470.128418,4357.948730,4401.538574,3149.000000,4.000000,85.000000,,,,0.000000,4.000000,4.000000,4.000000,4.000000,4.000000,4.000000,4.000000,4.000000,4.000000,4.000000,4.000000,4.000000,4.000000,4.000000,100.000000,,,,,,,,,,,,,,,,,,,,,,,,,,,,,,,,,,,,,,,,,,,,,,,,,,,,,,,,,,,,,,,,,,,,,,,,,,,,,,,,,,,,,,
1676060296.206155,1676060296.206050,121.000000,0.000000,4295.000000,4286.153809,4302.436035,4303.205078,4303.205078,4295.897461,4296.794922,4317.051270,4273.205078,4258.846191,4440.384766,4469.230957,4364.871582,4398.205078,3256.000000,4.000000,85.000000,,,,0.000000,4.000000,4.000000,4.000000,4.000000,4.000000,4.000000,4.000000,4.000000,4.000000,4.000000,4.000000,4.000000,4.000000,4.000000,100.000000,,,,,,,,,,,,,,,,,,,,,,,,,,,,,,,,,,,,,,,,,,,,,,,,,,,,,,,,,,,,,,,,,,,,,,,,,,,,,,,,,,,,,,
1676060296.213963,1676060296.213858,122.000000,0.000000,4269.871582,4267.820313,4289.230957,4282.436035,4290.384766,4286.922852,4280.512695,4303.717773,4259.102539,4237.820313,4416.538574,4450.641113,4342.051270,4371.666504,2752.000000,4.000000,85.000000,,,,0.000000,4.000000,4.000000,4.000000,4.000000,4.000000,4.000000,4.000000,4.000000,4.000000,4.000000,4.000000,4.000000,4.000000,4.000000,100.000000,,,,,,,,,,,,,,,,,,,,,,,,,,,,,,,,,,,,,,,,,,,,,,,,,,,,,,,,,,,,,,,,,,,,,,,,,,,,,,,,,,,,,,
1676060296.221772,1676060296.221567,123.000000,0.000000,4264.102539,4251.282227,4287.179688,4273.589844,4285.769043,4288.974121,4285.256348,4310.256348,4268.846191,4249.358887,4411.282227,4455.256348,4331.794922,4371.410156,2944.000000,4.000000,85.000000,,,,0.000000,4.000000,4.000000,4.000000,4.000000,4.000000,4.000000,4.000000,4.000000,4.000000,4.000000,4.000000,4.000000,4.000000,4.000000,100.000000,,,,,,,,,,,,,,,,,,,,,,,,,,,,,,,,,,,,,,,,,,,,,,,,,,,,,,,,,,,,,,,,,,,,,,,,,,,,,,,,,,,,,,
1676060296.229580,1676060296.229475,124.000000,0.000000,4291.666504,4276.922852,4307.307617,4300.512695,4302.820313,4309.871582,4311.922852,4334.230957,4292.692383,4274.487305,4446.922852,4486.153809,4361.666504,4406.538574,3149.000000,4.000000,85.000000,,,,0.000000,4.000000,4.000000,4.000000,4.000000,4.000000,4.000000,4.000000,4.000000,4.000000,4.000000,4.000000,4.000000,4.000000,4.000000,100.000000,,,,,,,,,,,,,,,,,,,,,,,,,,,,,,,,,,,,,,,,,,,,,,,,,,,,,,,,,,,,,,,,,,,,,,,,,,,,,,,,,,,,,,
1676060296.237388,1676060296.237284,125.000000,0.000000,4313.333496,4314.487305,4326.538574,4324.487305,4317.307617,4323.461426,4322.051270,4344.871582,4301.538574,4285.128418,4470.384766,4500.512695,4385.897461,4423.205078,3256.000000,4.000000,85.000000,,,,0.000000,4.000000,4.000000,4.000000,4.000000,4.000000,4.000000,4.000000,4.000000,4.000000,4.000000,4.000000,4.000000,4.000000,4.000000,100.000000,,,,,,,,,,,,,,,,,,,,,,,,,,,,,,,,,,,,,,,,,,,,,,,,,,,,,,,,,,,,,,,,,,,,,,,,,,,,,,,,,,,,,,
1676060296.245197,1676060296.245192,126.000000,0.000000,4312.948730,4332.051270,4330.512695,4325.641113,4320.512695,4320.000000,4315.769043,4342.179688,4302.820313,4278.589844,4460.512695,4495.512695,4378.589844,4413.589844,2752.000000,4.000000,85.000000,,,,0.000000,4.000000,4.000000,4.000000,4.000000,4.000000,4.000000,4.000000,4.000000,4.000000,4.000000,4.000000,4.000000,4.000000,4.000000,100.000000,,,,,,,,,,,,,,,,,3.543760,3.352596,0.836498,1.003272,2.016632,20.527393,2.754180,1.568361,0.939888,1.373251,4.005288,5.480548,2.548357,1.355987,1.641099,6.867634,2.369671,1.437115,0.865786,1.391218,0.567495,1.496575,1.050303,0.680750,0.740892,0.474448,0.885507,0.581803,0.591421,0.498205,1.034749,2.744597,1.276723,0.914457,0.878261,1.919390,1.241902,0.547492,1.082593,1.235683,1.735313,0.626489,0.510904,1.282153,1.440217,1.732942,1.464941,1.050413,1.523143,1.653565,6.901638,3.982076,2.294578,2.741580,2.452979,6.207481,3.316154,2.225596,1.871583,2.468619,14.396027,3.843209,1.565934,2.312010,2.224259,4.303455,2.535869,1.654164,2.161629,2.507099
1676060296.253005,1676060296.253000,127.000000,0.000000,4307.436035,4330.384766,4323.205078,4320.256348,4320.769043,4317.692383,4312.692383,4334.871582,4305.897461,4278.333496,4454.230957,4491.538574,4367.948730,4409.487305,85.000000,4.000000,85.000000,,,,0.000000,4.000000,4.000000,4.000000,4.000000,4.000000,4.000000,4.000000,4.000000,4.000000,4.000000,4.000000,4.000000,4.000000,4.000000,100.000000,,,,,,,,,,,,,,,,,,,,,,,,,,,,,,,,,,,,,,,,,,,,,,,,,,,,,,,,,,,,,,,,,,,,,,,,,,,,,,,,,,,,,,
1676060296.260813,1676060296.260809,0.000000,0.000000,4306.922852,4329.743652,4317.179688,4321.025879,4324.615234,4320.384766,4314.871582,4331.153809,4303.846191,4288.846191,4460.641113,4489.487305,4371.153809,4413.974121,2540.000000,4.000000,85.000000,,,,0.000000,4.000000,4.000000,4.000000,4.000000,4.000000,4.000000,4.000000,4.000000,4.000000,4.000000,4.000000,4.000000,4.000000,4.000000,100.000000,,,,,,,,,,,,,,,,,,,,,,,,,,,,,,,,,,,,,,,,,,,,,,,,,,,,,,,,,,,,,,,,,,,,,,,,,,,,,,,,,,,,,,
1676060296.268622,1676060296.268517,1.000000,0.000000,4292.436035,4328.717773,4305.897461,4314.230957,4318.974121,4308.333496,4304.230957,4320.897461,4291.666504,4277.820313,4442.692383,4472.820313,4360.769043,4399.230957,2496.000000,4.000000,85.000000,,,,0.000000,4.000000,4.000000,4.000000,4.000000,4.000000,4.000000,4.000000,4.000000,4.000000,4.000000,4.000000,4.000000,4.000000,4.000000,100.000000,,,,,,,,,,,,,,,,,,,,,,,,,,,,,,,,,,,,,,,,,,,,,,,,,,,,,,,,,,,,,,,,,,,,,,,,,,,,,,,,,,,,,,
1676060296.276430,1676060296.276326,2.000000,0.000000,4263.333496,4305.769043,4281.538574,4293.461426,4297.179688,4288.461426,4279.358887,4292.948730,4268.461426,4245.769043,4404.487305,4441.282227,4328.717773,4367.307617,2426.000000,4.000000,85.000000,,,,0.000000,4.000000,4.000000,4.000000,4.000000,4.000000,4.000000,4.000000,4.000000,4.000000,4.000000,4.000000,4.000000,4.000000,4.000000,100.000000,,,,,,,,,,,,,,,,,,,,,,,,,,,,,,,,,,,,,,,,,,,,,,,,,,,,,,,,,,,,,,,,,,,,,,,,,,,,,,,,,,,,,,
1676060296.284238,1676060296.284034,3.000000,0.000000,4263.846191,4293.077148,4277.179688,4288.974121,4293.846191,4288.461426,4274.230957,4280.384766,4256.025879,4242.820313,4402.179688,4436.922852,4323.846191,4367.692383,2476.000000,4.000000,85.000000,,,,0.000000,4.000000,4.000000,4.000000,4.000000,4.000000,4.000000,4.000000,4.000000,4.000000,4.000000,4.000000,4.000000,4.000000,4.000000,100.000000,,,,,,,,,,,,,,,,,,,,,,,,,,,,,,,,,,,,,,,,,,,,,,,,,,,,,,,,,,,,,,,,,,,,,,,,,,,,,,,,,,,,,,
1676060296.292047,1676060296.291943,4.000000,0.000000,4299.230957,4322.307617,4318.077148,4319.487305,4320.000000,4309.871582,4304.230957,4313.974121,4283.589844,4279.743652,4448.717773,4483.589844,4365.769043,4408.333496,2453.000000,4.000000,85.000000,,,,0.000000,4.000000,4.000000,4.000000,4.000000,4.000000,4.000000,4.000000,4.000000,4.000000,4.000000,4.000000,4.000000,4.000000,4.000000,100.000000,,,,,,,,,,,,,,,,,,,,,,,,,,,,,,,,,,,,,,,,,,,,,,,,,,,,,,,,,,,,,,,,,,,,,,,,,,,,,,,,,,,,,,
1676060296.299855,1676060296.299751,5.000000,0.000000,4311.538574,4337.307617,4344.487305,4330.897461,4328.077148,4316.153809,4320.128418,4343.333496,4310.256348,4293.974121,4470.641113,4513.589844,4385.256348,4420.897461,2396.000000,4.000000,85.000000,,,,0.000000,4.000000,4.000000,4.000000,4.000000,4.000000,4.000000,4.000000,4.000000,4.000000,4.000000,4.000000,4.000000,4.000000,4.000000,100.000000,,,,,,,,,,,,,,,,,,,,,,,,,,,,,,,,,,,,,,,,,,,,,,,,,,,,,,,,,,,,,,,,,,,,,,,,,,,,,,,,,,,,,,
1676060296.307664,1676060296.307659,6.000000,0.000000,4291.282227,4308.974121,4322.307617,4301.025879,4307.179688,4295.897461,4302.436035,4328.589844,4290.512695,4265.000000,4443.333496,4489.487305,4357.307617,4394.102539,2249.000000,4.000000,85.000000,,,,0.000000,4.000000,4.000000,4.000000,4.000000,4.000000,4.000000,4.000000,4.000000,4.000000,4.000000,4.000000,4.000000,4.000000,4.000000,100.000000,,,,,,,,,,,,,,,,,,,,,,,,,,,,,,,,,,,,,,,,,,,,,,,,,,,,,,,,,,,,,,,,,,,,,,,,,,,,,,,,,,,,,,
1676060296.315472,1676060296.315468,7.000000,0.000000,4288.333496,4302.179688,4313.333496,4296.794922,4305.256348,4293.333496,4299.615234,4320.128418,4278.077148,4256.025879,4435.897461,4480.769043,4351.922852,4396.282227,2237.000000,4.000000,85.000000,,,,0.000000,4.000000,4.000000,4.000000,4.000000,4.000000,4.000000,4.000000,4.000000,4.000000,4.000000,4.000000,4.000000,4.000000,4.000000,100.000000,,,,,,,,,,,,,,,,,,,,,,,,,,,,,,,,,,,,,,,,,,,,,,,,,,,,,,,,,,,,,,,,,,,,,,,,,,,,,,,,,,,,,,
1676060296.323280,1676060296.323376,8.000000,0.000000,4291.922852,4313.205078,4323.589844,4312.563965,4316.538574,4311.922852,4314.487305,4332.436035,4297.436035,4277.948730,4450.641113,4496.666504,4366.794922,4413.461426,2297.000000,4.000000,85.000000,,,,0.000000,4.000000,4.000000,4.000000,4.000000,4.000000,4.000000,4.000000,4.000000,4.000000,4.000000,4.000000,4.000000,4.000000,4.000000,100.000000,,,,,,,,,,,,,,,,,,,,,,,,,,,,,,,,,,,,,,,,,,,,,,,,,,,,,,,,,,,,,,,,,,,,,,,,,,,,,,,,,,,,,,
1676060296.331089,1676060296.331185,9.000000,0.000000,4281.666504,4300.897461,4313.589844,4301.153809,4310.641113,4309.871582,4311.666504,4333.077148,4300.000000,4286.538574,4446.282227,4493.205078,4360.769043,4400.384766,2251.000000,4.000000,85.000000,,,,0.000000,4.000000,4.000000,4.000000,4.000000,4.000000,4.000000,4.000000,4.000000,4.000000,4.000000,4.000000,4.000000,4.000000,4.000000,100.000000,,,,,,,,,,,,,,,,,,,,,,,,,,,,,,,,,,,,,,,,,,,,,,,,,,,,,,,,,,,,,,,,,,,,,,,,,,,,,,,,,,,,,,
1676060296.338897,1676060296.339093,10.000000,0.000000,4279.743652,4295.384766,4306.282227,4290.512695,4307.179688,4298.461426,4300.000000,4321.794922,4291.666504,4278.717773,4441.153809,4482.179688,4359.871582,4390.256348,2760.000000,4.000000,85.000000,,,,0.000000,4.000000,4.000000,4.000000,4.000000,4.000000,4.000000,4.000000,4.000000,4.000000,4.000000,4.000000,4.000000,4.000000,4.000000,100.000000,,,,,,,,,,,,,,,,,,,,,,,,,,,,,,,,,,,,,,,,,,,,,,,,,,,,,,,,,,,,,,,,,,,,,,,,,,,,,,,,,,,,,,
1676060296.346706,1676060296.346901,11.000000,0.000000,4280.000000,4300.641113,4310.641113,4296.282227,4310.000000,4303.205078,4299.615234,4314.743652,4292.179688,4267.820313,4441.794922,4479.871582,4364.487305,4395.897461,2927.000000,4.000000,85.000000,,,,0.000000,4.000000,4.000000,4.000000,4.000000,4.000000,4.000000,4.000000,4.000000,4.000000,4.000000,4.000000,4.000000,4.000000,4.000000,100.000000,,,,,,,,,,,,,,,,,,,,,,,,,,,,,,,,,,,,,,,,,,,,,,,,,,,,,,,,,,,,,,,,,,,,,,,,,,,,,,,,,,,,,,
1676060296.354514,1676060296.354810,12.000000,0.000000,4276.025879,4297.948730,4303.974121,4299.230957,4311.794922,4307.307617,4302.436035,4315.256348,4288.205078,4261.794922,4434.615234,4475.000000,4351.410156,4391.922852,3141.000000,4.000000,85.000000,,,,0.000000,4.000000,4.000000,4.000000,4.000000,4.000000,4.000000,4.000000,4.000000,4.000000,4.000000,4.000000,4.000000,4.000000,4.000000,100.000000,,,,,,,,,,,,,,,,,,,,,,,,,,,,,,,,,,,,,,,,,,,,,,,,,,,,,,,,,,,,,,,,,,,,,,,,,,,,,,,,,,,,,,
1676060296.362322,1676060296.362618,13.000000,0.000000,4276.666504,4295.256348,4296.025879,4296.025879,4310.000000,4299.230957,4301.282227,4314.871582,4282.179688,4267.307617,4426.538574,4466.025879,4343.333496,4380.641113,3256.000000,4.000000,85.000000,,,,0.000000,4.000000,4.000000,4.000000,4.000000,4.000000,4.000000,4.000000,4.000000,4.000000,4.000000,4.000000,4.000000,4.000000,4.000000,100.000000,,,,,,,,,,,,,,,,,,,,,,,,,,,,,,,,,,,,,,,,,,,,,,,,,,,,,,,,,,,,,,,,,,,,,,,,,,,,,,,,,,,,,,
1676060296.370131,1676060296.370327,14.000000,0.000000,4274.615234,4286.282227,4288.974121,4292.179688,4300.512695,4291.025879,4295.384766,4301.025879,4272.948730,4265.384766,4414.102539,4452.051270,4340.384766,4370.000000,2760.000000,4.000000,85.000000,,,,0.000000,4.000000,4.000000,4.000000,4.000000,4.000000,4.000000,4.000000,4.000000,4.000000,4.000000,4.000000,4.000000,4.000000,4.000000,100.000000,1.000000,25.000000,3.000000,1.000000,1.000000,4.000000,4.000000,4.000000,3.000000,3.000000,4.000000,3.000000,1.000000,1.000000,1.000000,3.000000,3.064382,3.886770,0.833556,1.008107,2.043951,17.488762,2.811050,1.586751,0.958252,1.460147,3.599356,5.592228,2.457506,1.369071,1.617945,6.349834,2.513173,1.364225,0.904162,1.475108,0.494623,1.070192,0.851814,0.675878,0.794239,0.364144,0.744891,0.481617,0.614543,0.593705,0.898036,2.322531,1.014500,0.923387,0.933160,1.689290,1.233000,0.555196,1.010225,1.350646,1.452279,0.736000,0.467606,1.232864,1.494945,1.416665,1.495087,0.994232,1.340788,1.904802,4.224473,3.325201,2.025781,2.574718,2.418239,5.316009,3.299875,1.948775,1.825129,2.550685,9.649582,3.462618,1.565671,2.194444,2.281529,3.699204,2.648912,1.670557,2.127275,2.551318
1676060296.377939,1676060296.378135,15.000000,0.000000,4272.948730,4286.153809,4289.358887,4300.897461,4301.922852,4299.615234,4293.077148,4299.102539,4271.410156,4260.000000,4418.333496,4456.794922,4343.333496,4372.820313,2927.000000,4.000000,85.000000,,,,0.000000,4.000000,4.000000,4.000000,4.000000,4.000000,4.000000,4.000000,4.000000,4.000000,4.000000,4.000000,4.000000,4.000000,4.000000,100.000000,,,,,,,,,,,,,,,,,,,,,,,,,,,,,,,,,,,,,,,,,,,,,,,,,,,,,,,,,,,,,,,,,,,,,,,,,,,,,,,,,,,,,,
1676060296.385748,1676060296.385844,16.000000,0.000000,4280.256348,4305.256348,4304.102539,4321.922852,4313.846191,4315.128418,4299.743652,4319.102539,4293.077148,4277.436035,4446.025879,4487.307617,4362.692383,4395.256348,0.000000,4.000000,85.000000,,,,0.000000,4.000000,4.000000,4.000000,4.000000,4.000000,4.000000,4.000000,4.000000,4.000000,4.000000,4.000000,4.000000,4.000000,4.000000,100.000000,,,,,,,,,,,,,,,,,,,,,,,,,,,,,,,,,,,,,,,,,,,,,,,,,,,,,,,,,,,,,,,,,,,,,,,,,,,,,,,,,,,,,,
1676060296.393556,1676060296.393652,17.000000,0.000000,4284.102539,4310.128418,4308.717773,4330.641113,4315.897461,4313.974121,4302.307617,4323.589844,4304.487305,4287.948730,4445.641113,4494.871582,4366.025879,4403.077148,0.000000,4.000000,85.000000,,,,0.000000,4.000000,4.000000,4.000000,4.000000,4.000000,4.000000,4.000000,4.000000,4.000000,4.000000,4.000000,4.000000,4.000000,4.000000,100.000000,,,,,,,,,,,,,,,,,,,,,,,,,,,,,,,,,,,,,,,,,,,,,,,,,,,,,,,,,,,,,,,,,,,,,,,,,,,,,,,,,,,,,,
1676060296.401364,1676060296.401361,18.000000,0.000000,4276.025879,4291.794922,4294.230957,4322.948730,4306.282227,4307.179688,4291.538574,4309.230957,4286.025879,4258.846191,4422.307617,4475.512695,4347.563965,4380.769043,0.000000,4.000000,85.000000,,,,0.000000,4.000000,4.000000,4.000000,4.000000,4.000000,4.000000,4.000000,4.000000,4.000000,4.000000,4.000000,4.000000,4.000000,4.000000,100.000000,,,,,,,,,,,,,,,,,,,,,,,,,,,,,,,,,,,,,,,,,,,,,,,,,,,,,,,,,,,,,,,,,,,,,,,,,,,,,,,,,,,,,,
1676060296.409173,1676060296.409169,19.000000,0.000000,4267.948730,4284.615234,4281.538574,4316.666504,4298.333496,4307.820313,4280.512695,4303.974121,4272.307617,4243.205078,4423.333496,4473.846191,4347.051270,4370.384766,0.000000,4.000000,85.000000,,,,0.000000,4.000000,4.000000,4.000000,4.000000,4.000000,4.000000,4.000000,4.000000,4.000000,4.000000,4.000000,4.000000,4.000000,4.000000,100.000000,,,,,,,,,,,,,,,,,,,,,,,,,,,,,,,,,,,,,,,,,,,,,,,,,,,,,,,,,,,,,,,,,,,,,,,,,,,,,,,,,,,,,,
1676060296.416981,1676060296.416878,20.000000,0.000000,4263.846191,4282.948730,4278.205078,4312.820313,4294.358887,4302.948730,4281.282227,4307.051270,4278.205078,4264.615234,4427.820313,4484.102539,4353.846191,4380.641113,0.000000,4.000000,85.000000,,,,0.000000,4.000000,4.000000,4.000000,4.000000,4.000000,4.000000,4.000000,4.000000,4.000000,4.000000,4.000000,4.000000,4.000000,4.000000,100.000000,,,,,,,,,,,,,,,,,,,,,,,,,,,,,,,,,,,,,,,,,,,,,,,,,,,,,,,,,,,,,,,,,,,,,,,,,,,,,,,,,,,,,,
1676060296.424790,1676060296.424786,21.000000,0.000000,4261.538574,4276.794922,4277.563965,4312.563965,4293.974121,4294.487305,4284.358887,4310.512695,4282.948730,4274.615234,4417.436035,4482.051270,4344.743652,4380.769043,0.000000,4.000000,85.000000,,,,0.000000,4.000000,4.000000,4.000000,4.000000,4.000000,4.000000,4.000000,4.000000,4.000000,4.000000,4.000000,4.000000,4.000000,4.000000,100.000000,,,,,,,,,,,,,,,,,,,,,,,,,,,,,,,,,,,,,,,,,,,,,,,,,,,,,,,,,,,,,,,,,,,,,,,,,,,,,,,,,,,,,,
1676060296.432598,1676060296.432595,22.000000,0.000000,4266.538574,4286.025879,4278.077148,4317.307617,4295.769043,4296.922852,4281.794922,4313.461426,4281.666504,4263.461426,4419.102539,4484.615234,4345.000000,4375.897461,0.000000,4.000000,85.000000,,,,0.000000,4.000000,4.000000,4.000000,4.000000,4.000000,4.000000,4.000000,4.000000,4.000000,4.000000,4.000000,4.000000,4.000000,4.000000,100.000000,,,,,,,,,,,,,,,,,,,,,,,,,,,,,,,,,,,,,,,,,,,,,,,,,,,,,,,,,,,,,,,,,,,,,,,,,,,,,,,,,,,,,,
1676060296.440406,1676060296.440403,23.000000,0.000000,4271.282227,4293.205078,4274.615234,4317.692383,4292.307617,4295.000000,4277.179688,4303.589844,4275.384766,4261.282227,4419.102539,4491.153809,4349.871582,4381.410156,0.000000,4.000000,85.000000,,,,0.000000,4.000000,4.000000,4.000000,4.000000,4.000000,4.000000,4.000000,4.000000,4.000000,4.000000,4.000000,4.000000,4.000000,4.000000,100.000000,,,,,,,,,,,,,,,,,,,,,,,,,,,,,,,,,,,,,,,,,,,,,,,,,,,,,,,,,,,,,,,,,,,,,,,,,,,,,,,,,,,,,,
1676060296.448215,1676060296.448112,24.000000,0.000000,4276.025879,4288.589844,4282.692383,4320.769043,4295.128418,4292.820313,4284.615234,4296.922852,4275.897461,4266.282227,4415.897461,4491.153809,4350.000000,4391.153809,0.000000,4.000000,85.000000,,,,0.000000,4.000000,4.000000,4.000000,4.000000,4.000000,4.000000,4.000000,4.000000,4.000000,4.000000,4.000000,4.000000,4.000000,4.000000,100.000000,,,,,,,,,,,,,,,,,,,,,,,,,,,,,,,,,,,,,,,,,,,,,,,,,,,,,,,,,,,,,,,,,,,,,,,,,,,,,,,,,,,,,,
1676060296.456023,1676060296.455920,25.000000,0.000000,4287.307617,4293.717773,4301.794922,4331.025879,4306.410156,4303.717773,4297.307617,4308.205078,4284.487305,4262.179688,4429.358887,4497.563965,4359.743652,4398.846191,0.000000,4.000000,85.000000,,,,0.000000,4.000000,4.000000,4.000000,4.000000,4.000000,4.000000,4.000000,4.000000,4.000000,4.000000,4.000000,4.000000,4.000000,4.000000,100.000000,,,,,,,,,,,,,,,,,,,,,,,,,,,,,,,,,,,,,,,,,,,,,,,,,,,,,,,,,,,,,,,,,,,,,,,,,,,,,,,,,,,,,,
1676060296.463831,1676060296.463629,26.000000,0.000000,4287.436035,4293.717773,4298.461426,4326.410156,4301.282227,4300.000000,4288.077148,4302.563965,4276.282227,4257.051270,4428.333496,4495.512695,4356.153809,4393.461426,0.000000,4.000000,85.000000,,,,0.000000,4.000000,4.000000,4.000000,4.000000,4.000000,4.000000,4.000000,4.000000,4.000000,4.000000,4.000000,4.000000,4.000000,4.000000,100.000000,,,,,,,,,,,,,,,,,,,,,,,,,,,,,,,,,,,,,,,,,,,,,,,,,,,,,,,,,,,,,,,,,,,,,,,,,,,,,,,,,,,,,,
1676060296.471640,1676060296.471537,27.000000,0.000000,4279.487305,4289.102539,4289.358887,4317.692383,4291.922852,4291.025879,4276.794922,4287.051270,4267.820313,4262.820313,4416.410156,4486.410156,4349.102539,4389.230957,0.000000,4.000000,85.000000,,,,0.000000,4.000000,4.000000,4.000000,4.000000,4.000000,4.000000,4.000000,4.000000,4.000000,4.000000,4.000000,4.000000,4.000000,4.000000,100.000000,,,,,,,,,,,,,,,,,,,,,,,,,,,,,,,,,,,,,,,,,,,,,,,,,,,,,,,,,,,,,,,,,,,,,,,,,,,,,,,,,,,,,,
1676060296.479448,1676060296.479345,28.000000,0.000000,4285.256348,4295.000000,4294.230957,4325.512695,4301.538574,4302.692383,4287.820313,4298.205078,4277.692383,4274.230957,4431.794922,4493.077148,4365.384766,4404.487305,0.000000,4.000000,85.000000,,,,0.000000,4.000000,4.000000,4.000000,4.000000,4.000000,4.000000,4.000000,4.000000,4.000000,4.000000,4.000000,4.000000,4.000000,4.000000,100.000000,,,,,,,,,,,,,,,,,,,,,,,,,,,,,,,,,,,,,,,,,,,,,,,,,,,,,,,,,,,,,,,,,,,,,,,,,,,,,,,,,,,,,,
1676060296.487257,1676060296.487254,29.000000,0.000000,4293.589844,4296.153809,4302.948730,4331.410156,4308.974121,4308.717773,4298.077148,4314.487305,4287.563965,4283.077148,4449.487305,4506.153809,4378.717773,4418.589844,0.000000,4.000000,85.000000,,,,0.000000,4.000000,4.000000,4.000000,4.000000,4.000000,4.000000,4.000000,4.000000,4.000000,4.000000,4.000000,4.000000,4.000000,4.000000,100.000000,,,,,,,,,,,,,,,,,,,,,,,,,,,,,,,,,,,,,,,,,,,,,,,,,,,,,,,,,,,,,,,,,,,,,,,,,,,,,,,,,,,,,,
1676060296.495065,1676060296.495162,30.000000,0.000000,4292.436035,4287.948730,4305.000000,4324.743652,4301.282227,4299.358887,4295.512695,4312.563965,4283.205078,4276.282227,4439.743652,4506.666504,4366.410156,4412.820313,0.000000,4.000000,85.000000,,,,0.000000,4.000000,4.000000,4.000000,4.000000,4.000000,4.000000,4.000000,4.000000,4.000000,4.000000,4.000000,4.000000,4.000000,4.000000,100.000000,,,,,,,,,,,,,,,,,2.474888,4.174289,0.974956,1.055438,2.009151,14.415069,2.802534,1.679825,1.065372,1.527867,3.023503,5.226493,2.383036,1.462101,1.570397,5.826260,2.587442,1.380003,1.016189,1.533672,0.407281,0.687700,0.793598,0.700679,0.854709,0.299908,0.580357,0.482809,0.649466,0.708221,0.734275,1.773640,0.911183,0.963284,0.990902,1.391840,1.187938,0.590734,1.020453,1.447204,1.083852,0.835404,0.476146,1.259441,1.518859,1.073363,1.507144,1.009760,1.235978,2.113004,3.085259,2.972403,1.763383,2.474311,2.346691,4.505806,3.157674,1.824504,1.885182,2.576078,7.318055,3.180938,1.521922,2.105855,2.271588,2.975648,2.847635,1.729181,2.115671,2.544658
1676060296.502873,1676060296.502971,31.000000,0.000000,4300.897461,4292.436035,4301.282227,4325.000000,4301.666504,4302.179688,4300.384766,4315.641113,4279.871582,4265.000000,4440.512695,4507.563965,4364.615234,4412.436035,0.000000,4.000000,85.000000,,,,0.000000,4.000000,4.000000,4.000000,4.000000,4.000000,4.000000,4.000000,4.000000,4.000000,4.000000,4.000000,4.000000,4.000000,4.000000,100.000000,,,,,,,,,,,,,,,,,,,,,,,,,,,,,,,,,,,,,,,,,,,,,,,,,,,,,,,,,,,,,,,,,,,,,,,,,,,,,,,,,,,,,,
1676060296.510682,1676060296.510779,32.000000,0.000000,4308.461426,4294.743652,4299.487305,4330.128418,4309.102539,4309.230957,4307.820313,4325.897461,4288.205078,4272.692383,4454.743652,4512.179688,4374.358887,4418.589844,0.000000,4.000000,85.000000,,,,0.000000,4.000000,4.000000,4.000000,4.000000,4.000000,4.000000,4.000000,4.000000,4.000000,4.000000,4.000000,4.000000,4.000000,4.000000,100.000000,,,,,,,,,,,,,,,,,,,,,,,,,,,,,,,,,,,,,,,,,,,,,,,,,,,,,,,,,,,,,,,,,,,,,,,,,,,,,,,,,,,,,,
1676060296.518490,1676060296.518687,33.000000,0.000000,4298.589844,4276.794922,4302.436035,4323.589844,4305.641113,4300.000000,4302.692383,4324.230957,4296.666504,4288.461426,4451.025879,4508.717773,4367.307617,4412.179688,0.000000,4.000000,85.000000,,,,0.000000,4.000000,4.000000,4.000000,4.000000,4.000000,4.000000,4.000000,4.000000,4.000000,4.000000,4.000000,4.000000,4.000000,4.000000,100.000000,,,,,,,,,,,,,,,,,,,,,,,,,,,,,,,,,,,,,,,,,,,,,,,,,,,,,,,,,,,,,,,,,,,,,,,,,,,,,,,,,,,,,,
1676060296.526298,1676060296.526496,34.000000,0.000000,4293.333496,4266.794922,4301.282227,4315.256348,4295.641113,4292.820313,4296.282227,4315.256348,4295.256348,4283.461426,4447.692383,4503.077148,4365.384766,4413.974121,0.000000,4.000000,85.000000,,,,0.000000,4.000000,4.000000,4.000000,4.000000,4.000000,4.000000,4.000000,4.000000,4.000000,4.000000,4.000000,4.000000,4.000000,4.000000,100.000000,,,,,,,,,,,,,,,,,,,,,,,,,,,,,,,,,,,,,,,,,,,,,,,,,,,,,,,,,,,,,,,,,,,,,,,,,,,,,,,,,,,,,,
1676060296.534107,1676060296.534404,35.000000,0.000000,4300.897461,4272.563965,4297.563965,4317.307617,4292.563965,4298.077148,4297.692383,4312.051270,4288.717773,4271.922852,4460.256348,4507.051270,4384.102539,4431.666504,0.000000,4.000000,85.000000,,,,0.000000,4.000000,4.000000,4.000000,4.000000,4.000000,4.000000,4.000000,4.000000,4.000000,4.000000,4.000000,4.000000,4.000000,4.000000,100.000000,,,,,,,,,,,,,,,,,,,,,,,,,,,,,,,,,,,,,,,,,,,,,,,,,,,,,,,,,,,,,,,,,,,,,,,,,,,,,,,,,,,,,,
1676060296.541915,1676060296.542213,36.000000,0.000000,4317.563965,4281.538574,4312.051270,4328.846191,4305.128418,4309.743652,4306.025879,4321.794922,4295.641113,4285.897461,4482.179688,4525.512695,4412.307617,4446.794922,0.000000,4.000000,85.000000,,,,0.000000,4.000000,4.000000,4.000000,4.000000,4.000000,4.000000,4.000000,4.000000,4.000000,4.000000,4.000000,4.000000,4.000000,4.000000,100.000000,,,,,,,,,,,,,,,,,,,,,,,,,,,,,,,,,,,,,,,,,,,,,,,,,,,,,,,,,,,,,,,,,,,,,,,,,,,,,,,,,,,,,,
1676060296.549724,1676060296.550121,37.000000,0.000000,4324.743652,4281.922852,4324.743652,4332.307617,4313.589844,4312.436035,4307.436035,4325.000000,4301.153809,4291.282227,4492.179688,4533.589844,4423.846191,4451.025879,0.000000,4.000000,85.000000,,,,0.000000,4.000000,4.000000,4.000000,4.000000,4.000000,4.000000,4.000000,4.000000,4.000000,4.000000,4.000000,4.000000,4.000000,4.000000,100.000000,,,,,,,,,,,,,,,,,,,,,,,,,,,,,,,,,,,,,,,,,,,,,,,,,,,,,,,,,,,,,,,,,,,,,,,,,,,,,,,,,,,,,,
1676060296.557532,1676060296.557929,38.000000,0.000000,4304.230957,4266.794922,4308.589844,4316.025879,4299.487305,4295.897461,4291.922852,4310.000000,4284.871582,4265.000000,4474.230957,4514.871582,4405.769043,4439.230957,0.000000,4.000000,85.000000,,,,0.000000,4.000000,4.000000,4.000000,4.000000,4.000000,4.000000,4.000000,4.000000,4.000000,4.000000,4.000000,4.000000,4.000000,4.000000,100.000000,,,,,,,,,,,,,,,,,,,,,,,,,,,,,,,,,,,,,,,,,,,,,,,,,,,,,,,,,,,,,,,,,,,,,,,,,,,,,,,,,,,,,,
1676060296.565340,1676060296.565638,39.000000,0.000000,4296.666504,4260.769043,4296.666504,4305.512695,4288.077148,4289.615234,4282.051270,4302.692383,4278.333496,4262.307617,4457.948730,4504.871582,4393.077148,4430.000000,0.000000,4.000000,85.000000,,,,0.000000,4.000000,4.000000,4.000000,4.000000,4.000000,4.000000,4.000000,4.000000,4.000000,4.000000,4.000000,4.000000,4.000000,4.000000,100.000000,,,,,,,,,,,,,,,,,,,,,,,,,,,,,,,,,,,,,,,,,,,,,,,,,,,,,,,,,,,,,,,,,,,,,,,,,,,,,,,,,,,,,,
1676060296.573149,1676060296.573446,40.000000,0.000000,4313.846191,4266.666504,4302.948730,4311.922852,4291.922852,4298.205078,4283.846191,4302.307617,4283.077148,4285.512695,4459.102539,4507.563965,4398.333496,4427.692383,0.000000,4.000000,85.000000,,,,0.000000,4.000000,4.000000,4.000000,4.000000,4.000000,4.000000,4.000000,4.000000,4.000000,4.000000,4.000000,4.000000,4.000000,4.000000,100.000000,,,,,,,,,,,,,,,,,,,,,,,,,,,,,,,,,,,,,,,,,,,,,,,,,,,,,,,,,,,,,,,,,,,,,,,,,,,,,,,,,,,,,,
1676060296.580957,1676060296.581155,41.000000,0.000000,4307.948730,4257.820313,4299.615234,4314.230957,4293.974121,4291.025879,4282.692383,4293.717773,4272.820313,4271.666504,4449.615234,4495.000000,4384.102539,4414.487305,0.000000,4.000000,85.000000,,,,0.000000,4.000000,4.000000,4.000000,4.000000,4.000000,4.000000,4.000000,4.000000,4.000000,4.000000,4.000000,4.000000,4.000000,4.000000,100.000000,,,,,,,,,,,,,,,,,,,,,,,,,,,,,,,,,,,,,,,,,,,,,,,,,,,,,,,,,,,,,,,,,,,,,,,,,,,,,,,,,,,,,,
1676060296.588766,1676060296.588963,42.000000,0.000000,4286.666504,4237.948730,4286.538574,4301.922852,4289.743652,4281.282227,4280.000000,4291.922852,4262.948730,4237.948730,4431.153809,4479.615234,4360.897461,4399.871582,0.000000,4.000000,85.000000,,,,0.000000,4.000000,4.000000,4.000000,4.000000,4.000000,4.000000,4.000000,4.000000,4.000000,4.000000,4.000000,4.000000,4.000000,4.000000,100.000000,,,,,,,,,,,,,,,,,,,,,,,,,,,,,,,,,,,,,,,,,,,,,,,,,,,,,,,,,,,,,,,,,,,,,,,,,,,,,,,,,,,,,,
1676060296.596574,1676060296.596672,43.000000,0.000000,4309.743652,4251.794922,4304.871582,4310.128418,4299.743652,4302.436035,4298.077148,4313.333496,4289.871582,4265.897461,4456.282227,4500.256348,4394.230957,4425.384766,0.000000,4.000000,85.000000,,,,0.000000,4.000000,4.000000,4.000000,4.000000,4.000000,4.000000,4.000000,4.000000,4.000000,4.000000,4.000000,4.000000,4.000000,4.000000,100.000000,,,,,,,,,,,,,,,,,,,,,,,,,,,,,,,,,,,,,,,,,,,,,,,,,,,,,,,,,,,,,,,,,,,,,,,,,,,,,,,,,,,,,,
1676060296.604382,1676060296.604480,44.000000,0.000000,4343.333496,4286.282227,4336.922852,4339.615234,4318.846191,4327.436035,4321.410156,4338.461426,4323.589844,4313.077148,4496.666504,4533.077148,4442.051270,4467.179688,0.000000,4.000000,85.000000,,,,0.000000,4.000000,4.000000,4.000000,4.000000,4.000000,4.000000,4.000000,4.000000,4.000000,4.000000,4.000000,4.000000,4.000000,4.000000,100.000000,,,,,,,,,,,,,,,,,,,,,,,,,,,,,,,,,,,,,,,,,,,,,,,,,,,,,,,,,,,,,,,,,,,,,,,,,,,,,,,,,,,,,,
1676060296.612191,1676060296.612189,45.000000,0.000000,4324.358887,4275.897461,4322.179688,4335.512695,4315.128418,4315.256348,4313.333496,4330.128418,4310.512695,4299.871582,4483.333496,4517.563965,4425.897461,4460.769043,0.000000,4.000000,85.000000,,,,0.000000,4.000000,4.000000,4.000000,4.000000,4.000000,4.000000,4.000000,4.000000,4.000000,4.000000,4.000000,4.000000,4.000000,4.000000,100.000000,,,,,,,,,,,,,,,,,,,,,,,,,,,,,,,,,,,,,,,,,,,,,,,,,,,,,,,,,,,,,,,,,,,,,,,,,,,,,,,,,,,,,,
1676060296.619999,1676060296.619997,46.000000,0.000000,4298.333496,4245.128418,4291.410156,4306.794922,4294.102539,4291.794922,4290.769043,4300.641113,4280.256348,4262.436035,4447.436035,4480.128418,4398.461426,4431.922852,0.000000,4.000000,85.000000,,,,0.000000,4.000000,4.000000,4.000000,4.000000,4.000000,4.000000,4.000000,4.000000,4.000000,4.000000,4.000000,4.000000,4.000000,4.000000,100.000000,,,,,,,,,,,,,,,,,1.824933,4.118991,1.252698,1.150829,1.914355,10.372703,2.582878,1.828834,1.263441,1.562557,2.365005,4.444960,2.339204,1.630726,1.508251,4.984354,2.475661,1.488159,1.192758,1.556186,0.330992,0.406957,0.878702,0.756480,0.903463,0.294347,0.423749,0.606942,0.696737,0.807881,0.591289,1.229733,1.020367,1.031088,1.041152,1.131757,1.201785,0.705342,1.132755,1.499679,0.720566,0.907619,0.591955,1.355983,1.509649,0.734492,1.504805,1.108882,1.203101,2.229985,2.103040,2.941678,1.615511,2.485687,2.257571,3.905273,2.975849,1.900968,2.058758,2.531635,5.051965,3.006989,1.483779,2.068938,2.195489,2.271986,3.095889,1.849714,2.153462,2.480865
1676060296.627808,1676060296.627706,47.000000,0.000000,4313.974121,4257.563965,4300.384766,4310.256348,4288.974121,4294.871582,4290.769043,4297.051270,4279.358887,4255.000000,4447.436035,4483.589844,4412.948730,4435.641113,0.000000,4.000000,85.000000,,,,0.000000,4.000000,4.000000,4.000000,4.000000,4.000000,4.000000,4.000000,4.000000,4.000000,4.000000,4.000000,4.000000,4.000000,4.000000,100.000000,,,,,,,,,,,,,,,,,,,,,,,,,,,,,,,,,,,,,,,,,,,,,,,,,,,,,,,,,,,,,,,,,,,,,,,,,,,,,,,,,,,,,,
1676060296.635616,1676060296.635514,48.000000,0.000000,4338.205078,4286.666504,4322.307617,4335.000000,4301.666504,4311.538574,4305.641113,4321.153809,4298.077148,4280.897461,4474.743652,4518.974121,4432.692383,4463.846191,0.000000,4.000000,85.000000,,,,0.000000,4.000000,4.000000,4.000000,4.000000,4.000000,4.000000,4.000000,4.000000,4.000000,4.000000,4.000000,4.000000,4.000000,4.000000,100.000000,,,,,,,,,,,,,,,,,,,,,,,,,,,,,,,,,,,,,,,,,,,,,,,,,,,,,,,,,,,,,,,,,,,,,,,,,,,,,,,,,,,,,,
1676060296.643424,1676060296.643223,49.000000,0.000000,4335.897461,4285.641113,4325.000000,4337.051270,4307.948730,4313.589844,4310.897461,4334.743652,4310.641113,4307.948730,4492.179688,4533.333496,4437.820313,4472.820313,0.000000,4.000000,85.000000,,,,0.000000,4.000000,4.000000,4.000000,4.000000,4.000000,4.000000,4.000000,4.000000,4.000000,4.000000,4.000000,4.000000,4.000000,4.000000,100.000000,,,,,,,,,,,,,,,,,,,,,,,,,,,,,,,,,,,,,,,,,,,,,,,,,,,,,,,,,,,,,,,,,,,,,,,,,,,,,,,,,,,,,,
1676060296.651233,1676060296.651031,50.000000,0.000000,4326.410156,4279.230957,4325.256348,4330.128418,4305.000000,4310.384766,4310.897461,4334.743652,4313.205078,4307.692383,4497.307617,4529.487305,4443.846191,4463.589844,0.000000,4.000000,85.000000,,,,0.000000,4.000000,4.000000,4.000000,4.000000,4.000000,4.000000,4.000000,4.000000,4.000000,4.000000,4.000000,4.000000,4.000000,4.000000,100.000000,,,,,,,,,,,,,,,,,,,,,,,,,,,,,,,,,,,,,,,,,,,,,,,,,,,,,,,,,,,,,,,,,,,,,,,,,,,,,,,,,,,,,,
1676060296.659041,1676060296.658740,51.000000,0.000000,4316.153809,4272.948730,4320.897461,4321.025879,4298.717773,4312.307617,4304.743652,4326.666504,4301.410156,4288.717773,4486.922852,4520.256348,4440.256348,4454.615234,0.000000,4.000000,85.000000,,,,0.000000,4.000000,4.000000,4.000000,4.000000,4.000000,4.000000,4.000000,4.000000,4.000000,4.000000,4.000000,4.000000,4.000000,4.000000,100.000000,,,,,,,,,,,,,,,,,,,,,,,,,,,,,,,,,,,,,,,,,,,,,,,,,,,,,,,,,,,,,,,,,,,,,,,,,,,,,,,,,,,,,,
1676060296.666849,1676060296.666648,52.000000,0.000000,4303.333496,4260.128418,4305.897461,4307.436035,4293.333496,4305.512695,4292.692383,4310.256348,4283.717773,4277.948730,4467.948730,4507.436035,4426.666504,4445.641113,0.000000,4.000000,85.000000,,,,0.000000,4.000000,4.000000,4.000000,4.000000,4.000000,4.000000,4.000000,4.000000,4.000000,4.000000,4.000000,4.000000,4.000000,4.000000,100.000000,,,,,,,,,,,,,,,,,,,,,,,,,,,,,,,,,,,,,,,,,,,,,,,,,,,,,,,,,,,,,,,,,,,,,,,,,,,,,,,,,,,,,,
1676060296.674658,1676060296.674457,53.000000,0.000000,4304.487305,4266.410156,4308.717773,4313.333496,4295.769043,4298.077148,4295.769043,4310.384766,4288.205078,4276.410156,4470.000000,4511.794922,4425.256348,4443.974121,0.000000,4.000000,85.000000,,,,0.000000,4.000000,4.000000,4.000000,4.000000,4.000000,4.000000,4.000000,4.000000,4.000000,4.000000,4.000000,4.000000,4.000000,4.000000,100.000000,,,,,,,,,,,,,,,,,,,,,,,,,,,,,,,,,,,,,,,,,,,,,,,,,,,,,,,,,,,,,,,,,,,,,,,,,,,,,,,,,,,,,,
1676060296.682466,1676060296.682365,54.000000,0.000000,4306.025879,4274.102539,4316.538574,4318.205078,4297.307617,4297.692383,4303.205078,4320.512695,4296.538574,4277.307617,4475.256348,4516.025879,4427.692383,4441.282227,0.000000,4.000000,85.000000,,,,0.000000,4.000000,4.000000,4.000000,4.000000,4.000000,4.000000,4.000000,4.000000,4.000000,4.000000,4.000000,4.000000,4.000000,4.000000,100.000000,,,,,,,,,,,,,,,,,,,,,,,,,,,,,,,,,,,,,,,,,,,,,,,,,,,,,,,,,,,,,,,,,,,,,,,,,,,,,,,,,,,,,,
1676060296.690275,1676060296.690173,55.000000,0.000000,4293.717773,4260.769043,4300.641113,4301.538574,4290.256348,4293.974121,4296.410156,4311.538574,4286.922852,4280.256348,4460.256348,4495.000000,4415.000000,4426.025879,0.000000,4.000000,85.000000,,,,0.000000,4.000000,4.000000,4.000000,4.000000,4.000000,4.000000,4.000000,4.000000,4.000000,4.000000,4.000000,4.000000,4.000000,4.000000,100.000000,,,,,,,,,,,,,,,,,,,,,,,,,,,,,,,,,,,,,,,,,,,,,,,,,,,,,,,,,,,,,,,,,,,,,,,,,,,,,,,,,,,,,,
1676060296.698083,1676060296.698082,56.000000,0.000000,4287.436035,4256.538574,4286.410156,4297.436035,4287.436035,4294.102539,4292.051270,4302.820313,4284.743652,4279.487305,4455.512695,4481.794922,4404.358887,4421.153809,0.000000,4.000000,85.000000,,,,0.000000,4.000000,4.000000,4.000000,4.000000,4.000000,4.000000,4.000000,4.000000,4.000000,4.000000,4.000000,4.000000,4.000000,4.000000,100.000000,,,,,,,,,,,,,,,,,,,,,,,,,,,,,,,,,,,,,,,,,,,,,,,,,,,,,,,,,,,,,,,,,,,,,,,,,,,,,,,,,,,,,,
1676060296.705891,1676060296.705890,57.000000,0.000000,4296.282227,4266.410156,4295.897461,4314.743652,4294.615234,4301.922852,4298.589844,4315.000000,4297.179688,4284.871582,4479.871582,4495.384766,4415.512695,4436.282227,0.000000,4.000000,85.000000,,,,0.000000,4.000000,4.000000,4.000000,4.000000,4.000000,4.000000,4.000000,4.000000,4.000000,4.000000,4.000000,4.000000,4.000000,4.000000,100.000000,,,,,,,,,,,,,,,,,,,,,,,,,,,,,,,,,,,,,,,,,,,,,,,,,,,,,,,,,,,,,,,,,,,,,,,,,,,,,,,,,,,,,,
1676060296.713700,1676060296.713799,58.000000,0.000000,4299.102539,4266.410156,4304.358887,4314.487305,4299.871582,4303.077148,4298.846191,4321.282227,4299.102539,4281.666504,4503.205078,4500.128418,4427.563965,4440.384766,0.000000,4.000000,85.000000,,,,0.000000,4.000000,4.000000,4.000000,4.000000,4.000000,4.000000,4.000000,4.000000,4.000000,4.000000,4.000000,4.000000,4.000000,4.000000,100.000000,,,,,,,,,,,,,,,,,,,,,,,,,,,,,,,,,,,,,,,,,,,,,,,,,,,,,,,,,,,,,,,,,,,,,,,,,,,,,,,,,,,,,,
1676060296.721508,1676060296.721607,59.000000,0.000000,4290.128418,4260.256348,4297.436035,4297.179688,4293.717773,4295.256348,4292.051270,4306.666504,4286.922852,4263.333496,4503.205078,4487.692383,4416.153809,4426.666504,0.000000,4.000000,85.000000,,,,0.000000,4.000000,4.000000,4.000000,4.000000,4.000000,4.000000,4.000000,4.000000,4.000000,4.000000,4.000000,4.000000,4.000000,4.000000,100.000000,,,,,,,,,,,,,,,,,,,,,,,,,,,,,,,,,,,,,,,,,,,,,,,,,,,,,,,,,,,,,,,,,,,,,,,,,,,,,,,,,,,,,,
1676060296.729316,1676060296.729515,60.000000,0.000000,4291.666504,4261.282227,4298.717773,4296.410156,4287.179688,4289.615234,4291.410156,4303.205078,4287.692383,4266.538574,4504.102539,4489.871582,4404.487305,4425.512695,0.000000,4.000000,85.000000,,,,0.000000,4.000000,4.000000,4.000000,4.000000,4.000000,4.000000,4.000000,4.000000,4.000000,4.000000,4.000000,4.000000,4.000000,4.000000,100.000000,,,,,,,,,,,,,,,,,,,,,,,,,,,,,,,,,,,,,,,,,,,,,,,,,,,,,,,,,,,,,,,,,,,,,,,,,,,,,,,,,,,,,,
1676060296.737125,1676060296.737324,61.000000,0.000000,4309.102539,4271.538574,4315.384766,4312.307617,4291.025879,4295.256348,4303.589844,4325.384766,4303.846191,4294.871582,4531.282227,4508.717773,4422.179688,4443.717773,0.000000,4.000000,85.000000,,,,0.000000,4.000000,4.000000,4.000000,4.000000,4.000000,4.000000,4.000000,4.000000,4.000000,4.000000,4.000000,4.000000,4.000000,4.000000,100.000000,,,,,,,,,,,,,,,,,,,,,,,,,,,,,,,,,,,,,,,,,,,,,,,,,,,,,,,,,,,,,,,,,,,,,,,,,,,,,,,,,,,,,,
1676060296.744933,1676060296.745132,62.000000,0.000000,4317.563965,4282.051270,4323.974121,4320.897461,4300.512695,4304.102539,4315.384766,4342.051270,4312.948730,4305.897461,4554.487305,4518.205078,4442.436035,4456.282227,0.000000,4.000000,85.000000,,,,0.000000,4.000000,4.000000,4.000000,4.000000,4.000000,4.000000,4.000000,4.000000,4.000000,4.000000,4.000000,4.000000,4.000000,4.000000,100.000000,,,,,,,,,,,,,,,,,1.256266,3.755466,1.658647,1.284365,1.772093,6.615520,2.291789,2.055104,1.528167,1.562419,1.775805,3.469239,2.397460,1.843882,1.439868,4.025346,2.205272,1.705517,1.401199,1.540981,0.291799,0.254940,1.078393,0.828287,0.926610,0.341649,0.310060,0.842345,0.751074,0.867843,0.524403,0.802466,1.316123,1.106709,1.077738,0.980331,1.356535,0.941312,1.323419,1.498196,0.448867,0.954118,0.852333,1.485978,1.472014,0.481670,1.473822,1.294538,1.212538,2.246059,1.453252,3.085029,1.702465,2.606500,2.171584,3.462100,2.820445,2.222429,2.312929,2.425787,3.089647,2.849396,1.541975,2.090576,2.072660,1.751724,3.271061,2.073898,2.243715,2.368706
1676060296.752742,1676060296.752941,63.000000,0.000000,4299.615234,4272.820313,4305.897461,4304.743652,4296.538574,4298.205078,4302.436035,4320.512695,4295.512695,4280.897461,4521.025879,4491.794922,4414.487305,4432.051270,0.000000,4.000000,85.000000,,,,0.000000,4.000000,4.000000,4.000000,4.000000,4.000000,4.000000,4.000000,4.000000,4.000000,4.000000,4.000000,4.000000,4.000000,4.000000,100.000000,,,,,,,,,,,,,,,,,,,,,,,,,,,,,,,,,,,,,,,,,,,,,,,,,,,,,,,,,,,,,,,,,,,,,,,,,,,,,,,,,,,,,,
1676060296.760550,1676060296.760649,64.000000,0.000000,4285.000000,4258.077148,4288.333496,4291.025879,4286.410156,4289.358887,4285.000000,4292.563965,4277.820313,4255.384766,4480.769043,4465.897461,4379.358887,4405.384766,2523.000000,4.000000,85.000000,,,,0.000000,4.000000,4.000000,4.000000,4.000000,4.000000,4.000000,4.000000,4.000000,4.000000,4.000000,4.000000,4.000000,4.000000,4.000000,100.000000,,,,,,,,,,,,,,,,,,,,,,,,,,,,,,,,,,,,,,,,,,,,,,,,,,,,,,,,,,,,,,,,,,,,,,,,,,,,,,,,,,,,,,
1676060296.768358,1676060296.768458,65.000000,0.000000,4298.461426,4266.666504,4302.436035,4305.769043,4292.948730,4298.974121,4294.487305,4301.410156,4287.692383,4265.769043,4497.948730,4483.846191,4400.897461,4425.897461,2479.000000,4.000000,85.000000,,,,0.000000,4.000000,4.000000,4.000000,4.000000,4.000000,4.000000,4.000000,4.000000,4.000000,4.000000,4.000000,4.000000,4.000000,4.000000,100.000000,,,,,,,,,,,,,,,,,,,,,,,,,,,,,,,,,,,,,,,,,,,,,,,,,,,,,,,,,,,,,,,,,,,,,,,,,,,,,,,,,,,,,,
1676060296.776167,1676060296.776166,66.000000,0.000000,4305.769043,4274.102539,4318.589844,4310.512695,4296.025879,4298.589844,4303.846191,4317.051270,4291.025879,4286.538574,4518.461426,4501.410156,4431.794922,4452.563965,2404.000000,4.000000,85.000000,,,,0.000000,4.000000,4.000000,4.000000,4.000000,4.000000,4.000000,4.000000,4.000000,4.000000,4.000000,4.000000,4.000000,4.000000,4.000000,100.000000,,,,,,,,,,,,,,,,,,,,,,,,,,,,,,,,,,,,,,,,,,,,,,,,,,,,,,,,,,,,,,,,,,,,,,,,,,,,,,,,,,,,,,
1676060296.783975,1676060296.784075,67.000000,0.000000,4295.256348,4263.333496,4312.436035,4296.666504,4285.641113,4283.974121,4293.205078,4307.179688,4279.358887,4281.922852,4505.128418,4488.077148,4423.846191,4442.948730,2489.000000,4.000000,85.000000,,,,0.000000,4.000000,4.000000,4.000000,4.000000,4.000000,4.000000,4.000000,4.000000,4.000000,4.000000,4.000000,4.000000,4.000000,4.000000,100.000000,,,,,,,,,,,,,,,,,,,,,,,,,,,,,,,,,,,,,,,,,,,,,,,,,,,,,,,,,,,,,,,,,,,,,,,,,,,,,,,,,,,,,,
1676060296.791783,1676060296.791883,68.000000,0.000000,4301.025879,4260.384766,4309.487305,4298.077148,4285.000000,4289.230957,4291.922852,4302.179688,4286.410156,4272.307617,4503.461426,4491.794922,4420.256348,4439.102539,2438.000000,4.000000,85.000000,,,,0.000000,4.000000,4.000000,4.000000,4.000000,4.000000,4.000000,4.000000,4.000000,4.000000,4.000000,4.000000,4.000000,4.000000,4.000000,100.000000,,,,,,,,,,,,,,,,,,,,,,,,,,,,,,,,,,,,,,,,,,,,,,,,,,,,,,,,,,,,,,,,,,,,,,,,,,,,,,,,,,,,,,
1676060296.799592,1676060296.799791,69.000000,0.000000,4312.051270,4258.974121,4313.461426,4303.717773,4285.512695,4291.410156,4292.692383,4309.615234,4296.153809,4280.128418,4512.051270,4506.666504,4432.820313,4447.692383,2391.000000,4.000000,85.000000,,,,0.000000,4.000000,4.000000,4.000000,4.000000,4.000000,4.000000,4.000000,4.000000,4.000000,4.000000,4.000000,4.000000,4.000000,4.000000,100.000000,,,,,,,,,,,,,,,,,,,,,,,,,,,,,,,,,,,,,,,,,,,,,,,,,,,,,,,,,,,,,,,,,,,,,,,,,,,,,,,,,,,,,,
1676060296.807400,1676060296.807600,70.000000,0.000000,4304.230957,4251.282227,4310.000000,4292.051270,4279.102539,4278.974121,4281.922852,4312.563965,4291.794922,4287.051270,4506.666504,4498.717773,4428.333496,4443.461426,2242.000000,4.000000,85.000000,,,,0.000000,4.000000,4.000000,4.000000,4.000000,4.000000,4.000000,4.000000,4.000000,4.000000,4.000000,4.000000,4.000000,4.000000,4.000000,100.000000,,,,,,,,,,,,,,,,,,,,,,,,,,,,,,,,,,,,,,,,,,,,,,,,,,,,,,,,,,,,,,,,,,,,,,,,,,,,,,,,,,,,,,
1676060296.815209,1676060296.815508,71.000000,0.000000,4306.410156,4257.436035,4317.563965,4293.077148,4286.153809,4283.333496,4287.307617,4323.717773,4301.922852,4283.974121,4511.410156,4500.897461,4427.436035,4451.153809,2226.000000,4.000000,85.000000,,,,0.000000,4.000000,4.000000,4.000000,4.000000,4.000000,4.000000,4.000000,4.000000,4.000000,4.000000,4.000000,4.000000,4.000000,4.000000,100.000000,,,,,,,,,,,,,,,,,,,,,,,,,,,,,,,,,,,,,,,,,,,,,,,,,,,,,,,,,,,,,,,,,,,,,,,,,,,,,,,,,,,,,,
1676060296.823017,1676060296.823317,72.000000,0.000000,4320.769043,4270.641113,4334.358887,4311.282227,4298.717773,4297.820313,4302.563965,4338.461426,4315.384766,4282.307617,4522.563965,4516.410156,4439.102539,4464.230957,2282.000000,4.000000,85.000000,,,,0.000000,4.000000,4.000000,4.000000,4.000000,4.000000,4.000000,4.000000,4.000000,4.000000,4.000000,4.000000,4.000000,4.000000,4.000000,100.000000,,,,,,,,,,,,,,,,,,,,,,,,,,,,,,,,,,,,,,,,,,,,,,,,,,,,,,,,,,,,,,,,,,,,,,,,,,,,,,,,,,,,,,
1676060296.830825,1676060296.831125,73.000000,0.000000,4315.897461,4268.974121,4330.769043,4311.025879,4296.025879,4298.717773,4298.461426,4329.358887,4301.922852,4286.666504,4514.743652,4506.025879,4435.384766,4450.769043,2239.000000,4.000000,85.000000,,,,0.000000,4.000000,4.000000,4.000000,4.000000,4.000000,4.000000,4.000000,4.000000,4.000000,4.000000,4.000000,4.000000,4.000000,4.000000,100.000000,,,,,,,,,,,,,,,,,,,,,,,,,,,,,,,,,,,,,,,,,,,,,,,,,,,,,,,,,,,,,,,,,,,,,,,,,,,,,,,,,,,,,,
1676060296.838634,1676060296.838834,74.000000,0.000000,4302.820313,4260.769043,4312.179688,4299.871582,4288.461426,4292.051270,4289.743652,4312.820313,4290.769043,4283.974121,4497.820313,4486.410156,4415.512695,4435.256348,2730.000000,4.000000,85.000000,,,,0.000000,4.000000,4.000000,4.000000,4.000000,4.000000,4.000000,4.000000,4.000000,4.000000,4.000000,4.000000,4.000000,4.000000,4.000000,100.000000,,,,,,,,,,,,,,,,,,,,,,,,,,,,,,,,,,,,,,,,,,,,,,,,,,,,,,,,,,,,,,,,,,,,,,,,,,,,,,,,,,,,,,
1676060296.846442,1676060296.846742,75.000000,0.000000,4303.589844,4263.205078,4309.230957,4301.025879,4289.871582,4291.153809,4293.974121,4310.128418,4293.717773,4277.948730,4492.563965,4487.563965,4412.179688,4441.666504,2907.000000,4.000000,85.000000,,,,0.000000,4.000000,4.000000,4.000000,4.000000,4.000000,4.000000,4.000000,4.000000,4.000000,4.000000,4.000000,4.000000,4.000000,4.000000,100.000000,,,,,,,,,,,,,,,,,,,,,,,,,,,,,,,,,,,,,,,,,,,,,,,,,,,,,,,,,,,,,,,,,,,,,,,,,,,,,,,,,,,,,,
1676060296.854251,1676060296.854550,76.000000,0.000000,4304.102539,4268.717773,4319.871582,4303.974121,4294.743652,4295.769043,4298.205078,4307.563965,4290.256348,4280.256348,4496.538574,4493.333496,4424.230957,4448.077148,3114.000000,4.000000,85.000000,,,,0.000000,4.000000,4.000000,4.000000,4.000000,4.000000,4.000000,4.000000,4.000000,4.000000,4.000000,4.000000,4.000000,4.000000,4.000000,100.000000,,,,,,,,,,,,,,,,,,,,,,,,,,,,,,,,,,,,,,,,,,,,,,,,,,,,,,,,,,,,,,,,,,,,,,,,,,,,,,,,,,,,,,
1676060296.862059,1676060296.862459,77.000000,0.000000,4297.563965,4257.307617,4313.205078,4293.846191,4289.615234,4297.436035,4291.922852,4296.153809,4278.974121,4273.333496,4488.205078,4481.794922,4415.000000,4436.794922,3234.000000,4.000000,85.000000,,,,0.000000,4.000000,4.000000,4.000000,4.000000,4.000000,4.000000,4.000000,4.000000,4.000000,4.000000,4.000000,4.000000,4.000000,4.000000,100.000000,,,,,,,,,,,,,,,,,,,,,,,,,,,,,,,,,,,,,,,,,,,,,,,,,,,,,,,,,,,,,,,,,,,,,,,,,,,,,,,,,,,,,,
1676060296.869867,1676060296.870267,78.000000,0.000000,4297.692383,4239.743652,4300.000000,4287.820313,4278.205078,4288.717773,4285.000000,4289.487305,4272.563965,4265.128418,4477.948730,4468.717773,4400.256348,4428.717773,2730.000000,4.000000,85.000000,,,,0.000000,4.000000,4.000000,4.000000,4.000000,4.000000,4.000000,4.000000,4.000000,4.000000,4.000000,4.000000,4.000000,4.000000,4.000000,100.000000,1.000000,41.666668,4.000000,4.000000,3.000000,4.000000,4.000000,4.000000,4.000000,4.000000,4.000000,1.000000,3.000000,1.000000,3.000000,3.000000,0.870518,3.189404,2.154464,1.434335,1.603976,4.144774,2.060010,2.364105,1.807225,1.532525,1.388582,2.521514,2.608954,2.057722,1.368128,3.057721,1.842663,2.008865,1.594977,1.492240,0.306570,0.208793,1.330758,0.895013,0.917733,0.441346,0.255942,1.138703,0.804294,0.880516,0.578904,0.538056,1.709327,1.166447,1.093493,0.968440,1.675107,1.292002,1.544454,1.446292,0.304843,0.995959,1.233953,1.610272,1.412875,0.355348,1.403220,1.538500,1.252395,2.190722,1.181938,3.174816,2.067385,2.799521,2.098305,3.078051,2.707331,2.760608,2.592307,2.276905,1.847531,2.633609,1.763245,2.170562,1.931997,1.447593,3.247531,2.423347,2.368389,2.223911
1676060296.877676,1676060296.878176,79.000000,0.000000,4318.077148,4252.563965,4317.563965,4300.256348,4283.077148,4292.051270,4293.589844,4302.563965,4282.948730,4284.102539,4492.179688,4481.794922,4419.871582,4448.461426,2907.000000,4.000000,85.000000,,,,0.000000,4.000000,4.000000,4.000000,4.000000,4.000000,4.000000,4.000000,4.000000,4.000000,4.000000,4.000000,4.000000,4.000000,4.000000,100.000000,,,,,,,,,,,,,,,,,,,,,,,,,,,,,,,,,,,,,,,,,,,,,,,,,,,,,,,,,,,,,,,,,,,,,,,,,,,,,,,,,,,,,,
1676060296.885484,1676060296.885984,80.000000,0.000000,4337.051270,4282.179688,4346.025879,4313.717773,4298.077148,4303.846191,4308.717773,4326.282227,4302.436035,4305.128418,4516.794922,4511.282227,4446.538574,4474.358887,3114.000000,4.000000,85.000000,,,,0.000000,4.000000,4.000000,4.000000,4.000000,4.000000,4.000000,4.000000,4.000000,4.000000,4.000000,4.000000,4.000000,4.000000,4.000000,100.000000,,,,,,,,,,,,,,,,,,,,,,,,,,,,,,,,,,,,,,,,,,,,,,,,,,,,,,,,,,,,,,,,,,,,,,,,,,,,,,,,,,,,,,
1676060296.893293,1676060296.893892,81.000000,0.000000,4327.563965,4279.615234,4338.333496,4310.000000,4295.512695,4296.794922,4305.769043,4327.692383,4301.025879,4295.769043,4510.512695,4511.666504,4437.820313,4465.897461,3234.000000,4.000000,85.000000,,,,0.000000,4.000000,4.000000,4.000000,4.000000,4.000000,4.000000,4.000000,4.000000,4.000000,4.000000,4.000000,4.000000,4.000000,4.000000,100.000000,,,,,,,,,,,,,,,,,,,,,,,,,,,,,,,,,,,,,,,,,,,,,,,,,,,,,,,,,,,,,,,,,,,,,,,,,,,,,,,,,,,,,,
1676060296.901101,1676060296.901701,82.000000,0.000000,4308.077148,4262.307617,4314.487305,4298.077148,4283.461426,4290.512695,4292.051270,4311.666504,4282.948730,4271.025879,4483.333496,4483.974121,4408.846191,4443.333496,2730.000000,4.000000,85.000000,,,,0.000000,4.000000,4.000000,4.000000,4.000000,4.000000,4.000000,4.000000,4.000000,4.000000,4.000000,4.000000,4.000000,4.000000,4.000000,100.000000,,,,,,,,,,,,,,,,,,,,,,,,,,,,,,,,,,,,,,,,,,,,,,,,,,,,,,,,,,,,,,,,,,,,,,,,,,,,,,,,,,,,,,
1676060296.908909,1676060296.909609,83.000000,0.000000,4301.282227,4266.666504,4309.102539,4292.692383,4280.000000,4293.974121,4286.025879,4309.230957,4278.333496,4260.641113,4468.333496,4471.538574,4391.794922,4442.307617,2907.000000,4.000000,85.000000,,,,0.000000,4.000000,4.000000,4.000000,4.000000,4.000000,4.000000,4.000000,4.000000,4.000000,4.000000,4.000000,4.000000,4.000000,4.000000,100.000000,,,,,,,,,,,,,,,,,,,,,,,,,,,,,,,,,,,,,,,,,,,,,,,,,,,,,,,,,,,,,,,,,,,,,,,,,,,,,,,,,,,,,,
1676060296.916718,1676060296.917418,84.000000,0.000000,4299.487305,4281.025879,4311.153809,4295.512695,4283.077148,4289.615234,4286.025879,4312.051270,4281.922852,4268.974121,4462.051270,4472.692383,4388.205078,4443.461426,3114.000000,4.000000,85.000000,,,,0.000000,4.000000,4.000000,4.000000,4.000000,4.000000,4.000000,4.000000,4.000000,4.000000,4.000000,4.000000,4.000000,4.000000,4.000000,100.000000,,,,,,,,,,,,,,,,,,,,,,,,,,,,,,,,,,,,,,,,,,,,,,,,,,,,,,,,,,,,,,,,,,,,,,,,,,,,,,,,,,,,,,
1676060296.924526,1676060296.925126,85.000000,0.000000,4305.769043,4297.179688,4317.436035,4307.051270,4295.000000,4296.538574,4295.641113,4309.615234,4286.538574,4284.615234,4464.487305,4473.846191,4393.333496,4442.436035,3234.000000,4.000000,85.000000,,,,0.000000,4.000000,4.000000,4.000000,4.000000,4.000000,4.000000,4.000000,4.000000,4.000000,4.000000,4.000000,4.000000,4.000000,4.000000,100.000000,,,,,,,,,,,,,,,,,,,,,,,,,,,,,,,,,,,,,,,,,,,,,,,,,,,,,,,,,,,,,,,,,,,,,,,,,,,,,,,,,,,,,,
1676060296.932334,1676060296.932935,86.000000,0.000000,4321.025879,4322.051270,4332.179688,4326.922852,4311.282227,4314.871582,4311.025879,4316.922852,4298.717773,4289.358887,4474.871582,4484.358887,4400.256348,4457.051270,2730.000000,4.000000,85.000000,,,,0.000000,4.000000,4.000000,4.000000,4.000000,4.000000,4.000000,4.000000,4.000000,4.000000,4.000000,4.000000,4.000000,4.000000,4.000000,100.000000,,,,,,,,,,,,,,,,,,,,,,,,,,,,,,,,,,,,,,,,,,,,,,,,,,,,,,,,,,,,,,,,,,,,,,,,,,,,,,,,,,,,,,
1676060296.940143,1676060296.940643,87.000000,0.000000,4328.205078,4341.538574,4336.282227,4336.410156,4312.307617,4307.563965,4309.102539,4322.179688,4300.512695,4285.128418,4472.436035,4490.000000,4392.179688,4462.692383,2907.000000,4.000000,85.000000,,,,0.000000,4.000000,4.000000,4.000000,4.000000,4.000000,4.000000,4.000000,4.000000,4.000000,4.000000,4.000000,4.000000,4.000000,4.000000,100.000000,,,,,,,,,,,,,,,,,,,,,,,,,,,,,,,,,,,,,,,,,,,,,,,,,,,,,,,,,,,,,,,,,,,,,,,,,,,,,,,,,,,,,,
1676060296.947951,1676060296.948452,88.000000,0.000000,4326.922852,4344.487305,4331.410156,4332.179688,4301.153809,4292.948730,4298.589844,4313.589844,4290.384766,4281.794922,4456.666504,4482.948730,4369.230957,4445.128418,3114.000000,4.000000,85.000000,,,,0.000000,4.000000,4.000000,4.000000,4.000000,4.000000,4.000000,4.000000,4.000000,4.000000,4.000000,4.000000,4.000000,4.000000,4.000000,100.000000,,,,,,,,,,,,,,,,,,,,,,,,,,,,,,,,,,,,,,,,,,,,,,,,,,,,,,,,,,,,,,,,,,,,,,,,,,,,,,,,,,,,,,
1676060296.955760,1676060296.956160,89.000000,0.000000,4320.256348,4343.974121,4327.436035,4329.102539,4295.512695,4295.512695,4292.307617,4297.563965,4276.794922,4267.307617,4440.000000,4472.948730,4351.538574,4430.384766,3234.000000,4.000000,85.000000,,,,0.000000,4.000000,4.000000,4.000000,4.000000,4.000000,4.000000,4.000000,4.000000,4.000000,4.000000,4.000000,4.000000,4.000000,4.000000,100.000000,,,,,,,,,,,,,,,,,,,,,,,,,,,,,,,,,,,,,,,,,,,,,,,,,,,,,,,,,,,,,,,,,,,,,,,,,,,,,,,,,,,,,,
1676060296.963568,1676060296.963969,90.000000,0.000000,4308.589844,4342.563965,4316.922852,4324.487305,4295.256348,4289.358887,4284.358887,4279.871582,4254.358887,4242.051270,4417.051270,4456.410156,4335.384766,4420.384766,2730.000000,4.000000,85.000000,,,,0.000000,4.000000,4.000000,4.000000,4.000000,4.000000,4.000000,4.000000,4.000000,4.000000,4.000000,4.000000,4.000000,4.000000,4.000000,100.000000,,,,,,,,,,,,,,,,,,,,,,,,,,,,,,,,,,,,,,,,,,,,,,,,,,,,,,,,,,,,,,,,,,,,,,,,,,,,,,,,,,,,,,
1676060296.971376,1676060296.971677,91.000000,0.000000,4315.256348,4350.128418,4320.256348,4326.922852,4302.051270,4285.897461,4290.128418,4287.307617,4251.922852,4245.512695,4409.615234,4455.641113,4328.205078,4421.282227,2907.000000,4.000000,85.000000,,,,0.000000,4.000000,4.000000,4.000000,4.000000,4.000000,4.000000,4.000000,4.000000,4.000000,4.000000,4.000000,4.000000,4.000000,4.000000,100.000000,,,,,,,,,,,,,,,,,,,,,,,,,,,,,,,,,,,,,,,,,,,,,,,,,,,,,,,,,,,,,,,,,,,,,,,,,,,,,,,,,,,,,,
1676060296.979185,1676060296.979486,92.000000,0.000000,4336.153809,4374.358887,4345.128418,4343.717773,4314.102539,4301.538574,4311.410156,4315.769043,4282.820313,4277.436035,4437.948730,4485.641113,4349.487305,4441.794922,3114.000000,4.000000,85.000000,,,,0.000000,4.000000,4.000000,4.000000,4.000000,4.000000,4.000000,4.000000,4.000000,4.000000,4.000000,4.000000,4.000000,4.000000,4.000000,100.000000,,,,,,,,,,,,,,,,,,,,,,,,,,,,,,,,,,,,,,,,,,,,,,,,,,,,,,,,,,,,,,,,,,,,,,,,,,,,,,,,,,,,,,
1676060296.986993,1676060296.987194,93.000000,0.000000,4341.922852,4384.615234,4351.410156,4350.897461,4315.128418,4305.897461,4315.769043,4324.871582,4302.051270,4291.282227,4459.358887,4502.692383,4370.512695,4455.897461,3234.000000,4.000000,85.000000,,,,0.000000,4.000000,4.000000,4.000000,4.000000,4.000000,4.000000,4.000000,4.000000,4.000000,4.000000,4.000000,4.000000,4.000000,4.000000,100.000000,,,,,,,,,,,,,,,,,,,,,,,,,,,,,,,,,,,,,,,,,,,,,,,,,,,,,,,,,,,,,,,,,,,,,,,,,,,,,,,,,,,,,,
1676060296.994801,1676060296.995003,94.000000,0.000000,4333.461426,4371.153809,4336.282227,4343.077148,4311.666504,4297.179688,4303.461426,4322.051270,4296.410156,4289.358887,4454.487305,4491.282227,4365.897461,4449.487305,2730.000000,4.000000,85.000000,,,,0.000000,4.000000,4.000000,4.000000,4.000000,4.000000,4.000000,4.000000,4.000000,4.000000,4.000000,4.000000,4.000000,4.000000,4.000000,100.000000,,,,,,,,,,,,,,,,,0.688199,2.562116,2.632659,1.567662,1.434234,3.074463,1.948010,2.695842,2.027805,1.478563,1.248186,1.751082,2.935175,2.222143,1.290890,2.270571,1.472090,2.318725,1.722753,1.417038,0.365461,0.221236,1.552731,0.938042,0.877290,0.578000,0.262064,1.420849,0.847362,0.854105,0.751826,0.429986,2.085481,1.193862,1.079718,1.047506,2.109680,1.705474,1.747001,1.358866,0.277911,1.071563,1.657763,1.703952,1.337282,0.353153,1.293556,1.772033,1.341297,2.109245,1.242918,3.133068,2.654452,3.010783,2.033428,2.680329,2.627363,3.394840,2.834186,2.104145,1.221172,2.349654,2.146941,2.299504,1.801261,1.333257,3.002311,2.842448,2.493353,2.061365
1676060297.002610,1676060297.002711,95.000000,0.000000,4321.922852,4356.538574,4321.025879,4335.384766,4308.717773,4295.641113,4295.769043,4321.025879,4290.256348,4284.615234,4443.077148,4478.205078,4352.820313,4436.410156,2907.000000,4.000000,85.000000,,,,0.000000,4.000000,4.000000,4.000000,4.000000,4.000000,4.000000,4.000000,4.000000,4.000000,4.000000,4.000000,4.000000,4.000000,4.000000,100.000000,,,,,,,,,,,,,,,,,,,,,,,,,,,,,,,,,,,,,,,,,,,,,,,,,,,,,,,,,,,,,,,,,,,,,,,,,,,,,,,,,,,,,,
1676060297.010418,1676060297.010520,96.000000,0.000000,4306.410156,4342.307617,4302.436035,4318.589844,4298.205078,4293.461426,4283.589844,4302.051270,4277.436035,4267.563965,4419.102539,4455.769043,4331.282227,4414.358887,3114.000000,4.000000,85.000000,,,,0.000000,4.000000,4.000000,4.000000,4.000000,4.000000,4.000000,4.000000,4.000000,4.000000,4.000000,4.000000,4.000000,4.000000,4.000000,100.000000,,,,,,,,,,,,,,,,,,,,,,,,,,,,,,,,,,,,,,,,,,,,,,,,,,,,,,,,,,,,,,,,,,,,,,,,,,,,,,,,,,,,,,
1676060297.018227,1676060297.018228,97.000000,0.000000,4302.307617,4330.384766,4295.897461,4304.102539,4297.051270,4294.743652,4279.615234,4289.358887,4271.666504,4258.333496,4406.794922,4438.333496,4321.666504,4405.769043,3234.000000,4.000000,85.000000,,,,0.000000,4.000000,4.000000,4.000000,4.000000,4.000000,4.000000,4.000000,4.000000,4.000000,4.000000,4.000000,4.000000,4.000000,4.000000,100.000000,,,,,,,,,,,,,,,,,,,,,,,,,,,,,,,,,,,,,,,,,,,,,,,,,,,,,,,,,,,,,,,,,,,,,,,,,,,,,,,,,,,,,,
1676060297.026035,1676060297.026037,98.000000,0.000000,4308.205078,4324.871582,4306.153809,4309.871582,4307.948730,4299.871582,4292.563965,4300.769043,4282.563965,4259.487305,4426.410156,4447.692383,4346.922852,4423.974121,2730.000000,4.000000,85.000000,,,,0.000000,4.000000,4.000000,4.000000,4.000000,4.000000,4.000000,4.000000,4.000000,4.000000,4.000000,4.000000,4.000000,4.000000,4.000000,100.000000,,,,,,,,,,,,,,,,,,,,,,,,,,,,,,,,,,,,,,,,,,,,,,,,,,,,,,,,,,,,,,,,,,,,,,,,,,,,,,,,,,,,,,
1676060297.033843,1676060297.033745,99.000000,0.000000,4292.692383,4302.436035,4291.794922,4297.436035,4295.128418,4286.025879,4281.410156,4289.102539,4269.871582,4242.436035,4420.128418,4434.487305,4345.512695,4414.743652,2907.000000,4.000000,85.000000,,,,0.000000,4.000000,4.000000,4.000000,4.000000,4.000000,4.000000,4.000000,4.000000,4.000000,4.000000,4.000000,4.000000,4.000000,4.000000,100.000000,,,,,,,,,,,,,,,,,,,,,,,,,,,,,,,,,,,,,,,,,,,,,,,,,,,,,,,,,,,,,,,,,,,,,,,,,,,,,,,,,,,,,,
1676060297.041652,1676060297.041554,100.000000,0.000000,4281.922852,4287.563965,4281.410156,4282.948730,4281.666504,4277.307617,4269.230957,4273.717773,4257.051270,4244.487305,4401.153809,4419.615234,4319.615234,4395.128418,3114.000000,4.000000,85.000000,,,,0.000000,4.000000,4.000000,4.000000,4.000000,4.000000,4.000000,4.000000,4.000000,4.000000,4.000000,4.000000,4.000000,4.000000,4.000000,100.000000,,,,,,,,,,,,,,,,,,,,,,,,,,,,,,,,,,,,,,,,,,,,,,,,,,,,,,,,,,,,,,,,,,,,,,,,,,,,,,,,,,,,,,
1676060297.049460,1676060297.049262,101.000000,0.000000,4314.743652,4319.615234,4318.974121,4313.461426,4303.974121,4298.461426,4298.974121,4302.948730,4287.692383,4288.205078,4440.897461,4464.615234,4353.333496,4433.589844,3234.000000,4.000000,85.000000,,,,0.000000,4.000000,4.000000,4.000000,4.000000,4.000000,4.000000,4.000000,4.000000,4.000000,4.000000,4.000000,4.000000,4.000000,4.000000,100.000000,,,,,,,,,,,,,,,,,,,,,,,,,,,,,,,,,,,,,,,,,,,,,,,,,,,,,,,,,,,,,,,,,,,,,,,,,,,,,,,,,,,,,,
1676060297.057269,1676060297.057170,102.000000,0.000000,4345.769043,4344.615234,4347.563965,4336.922852,4316.153809,4308.717773,4316.794922,4325.641113,4306.538574,4301.282227,4482.820313,4503.974121,4403.333496,4476.538574,2730.000000,4.000000,85.000000,,,,0.000000,4.000000,4.000000,4.000000,4.000000,4.000000,4.000000,4.000000,4.000000,4.000000,4.000000,4.000000,4.000000,4.000000,4.000000,100.000000,,,,,,,,,,,,,,,,,,,,,,,,,,,,,,,,,,,,,,,,,,,,,,,,,,,,,,,,,,,,,,,,,,,,,,,,,,,,,,,,,,,,,,
1676060297.065077,1676060297.064979,103.000000,0.000000,4332.179688,4322.051270,4331.538574,4315.512695,4296.922852,4287.436035,4291.666504,4305.384766,4282.563965,4275.128418,4466.410156,4482.948730,4386.922852,4458.846191,2907.000000,4.000000,85.000000,,,,0.000000,4.000000,4.000000,4.000000,4.000000,4.000000,4.000000,4.000000,4.000000,4.000000,4.000000,4.000000,4.000000,4.000000,4.000000,100.000000,,,,,,,,,,,,,,,,,,,,,,,,,,,,,,,,,,,,,,,,,,,,,,,,,,,,,,,,,,,,,,,,,,,,,,,,,,,,,,,,,,,,,,
1676060297.072885,1676060297.072887,104.000000,0.000000,4312.820313,4305.512695,4317.820313,4302.436035,4289.230957,4273.974121,4279.102539,4291.025879,4271.410156,4270.128418,4448.333496,4462.692383,4360.769043,4433.205078,3114.000000,4.000000,85.000000,,,,0.000000,4.000000,4.000000,4.000000,4.000000,4.000000,4.000000,4.000000,4.000000,4.000000,4.000000,4.000000,4.000000,4.000000,4.000000,100.000000,,,,,,,,,,,,,,,,,,,,,,,,,,,,,,,,,,,,,,,,,,,,,,,,,,,,,,,,,,,,,,,,,,,,,,,,,,,,,,,,,,,,,,
1676060297.080694,1676060297.080696,105.000000,0.000000,4329.102539,4322.820313,4329.487305,4318.846191,4303.333496,4287.307617,4296.794922,4310.512695,4292.563965,4285.769043,4461.025879,4482.307617,4379.743652,4448.846191,3234.000000,4.000000,85.000000,,,,0.000000,4.000000,4.000000,4.000000,4.000000,4.000000,4.000000,4.000000,4.000000,4.000000,4.000000,4.000000,4.000000,4.000000,4.000000,100.000000,,,,,,,,,,,,,,,,,,,,,,,,,,,,,,,,,,,,,,,,,,,,,,,,,,,,,,,,,,,,,,,,,,,,,,,,,,,,,,,,,,,,,,
1676060297.088502,1676060297.088604,106.000000,0.000000,4348.205078,4332.948730,4337.179688,4326.025879,4310.512695,4300.641113,4307.692383,4326.282227,4301.282227,4281.666504,4471.282227,4496.410156,4393.846191,4465.128418,2730.000000,4.000000,85.000000,,,,0.000000,4.000000,4.000000,4.000000,4.000000,4.000000,4.000000,4.000000,4.000000,4.000000,4.000000,4.000000,4.000000,4.000000,4.000000,100.000000,,,,,,,,,,,,,,,,,,,,,,,,,,,,,,,,,,,,,,,,,,,,,,,,,,,,,,,,,,,,,,,,,,,,,,,,,,,,,,,,,,,,,,
1676060297.096311,1676060297.096412,107.000000,0.000000,4316.666504,4305.641113,4313.461426,4304.102539,4300.128418,4296.538574,4290.512695,4308.205078,4282.563965,4259.102539,4454.230957,4467.948730,4367.051270,4439.743652,2907.000000,4.000000,85.000000,,,,0.000000,4.000000,4.000000,4.000000,4.000000,4.000000,4.000000,4.000000,4.000000,4.000000,4.000000,4.000000,4.000000,4.000000,4.000000,100.000000,,,,,,,,,,,,,,,,,,,,,,,,,,,,,,,,,,,,,,,,,,,,,,,,,,,,,,,,,,,,,,,,,,,,,,,,,,,,,,,,,,,,,,
1676060297.104119,1676060297.104321,108.000000,0.000000,4273.333496,4274.102539,4286.666504,4277.563965,4290.256348,4287.948730,4275.384766,4287.179688,4270.384766,4255.897461,4435.769043,4434.615234,4349.358887,4409.871582,3114.000000,4.000000,85.000000,,,,0.000000,4.000000,4.000000,4.000000,4.000000,4.000000,4.000000,4.000000,4.000000,4.000000,4.000000,4.000000,4.000000,4.000000,4.000000,100.000000,,,,,,,,,,,,,,,,,,,,,,,,,,,,,,,,,,,,,,,,,,,,,,,,,,,,,,,,,,,,,,,,,,,,,,,,,,,,,,,,,,,,,,
1676060297.111927,1676060297.112129,109.000000,0.000000,4290.769043,4283.717773,4301.282227,4288.717773,4296.922852,4293.846191,4294.102539,4305.769043,4291.153809,4278.205078,4459.358887,4457.051270,4380.641113,4430.384766,3234.000000,4.000000,85.000000,,,,0.000000,4.000000,4.000000,4.000000,4.000000,4.000000,4.000000,4.000000,4.000000,4.000000,4.000000,4.000000,4.000000,4.000000,4.000000,100.000000,,,,,,,,,,,,,,,,,,,,,,,,,,,,,,,,,,,,,,,,,,,,,,,,,,,,,,,,,,,,,,,,,,,,,,,,,,,,,,,,,,,,,,
1676060297.119736,1676060297.120038,110.000000,0.000000,4317.692383,4296.025879,4314.871582,4308.589844,4302.307617,4300.384766,4309.102539,4321.025879,4302.051270,4278.974121,4482.563965,4484.743652,4399.102539,4451.282227,2730.000000,4.000000,85.000000,,,,0.000000,4.000000,4.000000,4.000000,4.000000,4.000000,4.000000,4.000000,4.000000,4.000000,4.000000,4.000000,4.000000,4.000000,4.000000,100.000000,,,,,,,,,,,,,,,,,0.690271,2.004856,2.961980,1.649922,1.284835,3.095484,1.929592,2.927602,2.125708,1.405732,1.295338,1.217881,3.247131,2.296164,1.211046,1.792297,1.179172,2.514098,1.746495,1.324342,0.437036,0.259830,1.658094,0.946644,0.812480,0.708187,0.312038,1.602832,0.873491,0.805934,0.985125,0.439451,2.323841,1.186792,1.031510,1.173369,2.569798,2.097291,1.889990,1.257753,0.333968,1.213677,2.015635,1.755390,1.250680,0.450639,1.171125,1.924628,1.502180,2.035791,1.572660,3.111732,3.336466,3.177948,1.972305,2.275343,2.582456,3.945662,2.978126,1.928789,1.085916,2.091227,2.613799,2.443329,1.704062,1.377935,2.646640,3.210518,2.571917,1.897512
1676060297.127544,1676060297.127846,111.000000,0.000000,4295.000000,4276.538574,4293.717773,4296.922852,4292.179688,4295.256348,4293.461426,4295.769043,4277.692383,4255.641113,4458.333496,4461.794922,4371.666504,4427.948730,2907.000000,4.000000,85.000000,,,,0.000000,4.000000,4.000000,4.000000,4.000000,4.000000,4.000000,4.000000,4.000000,4.000000,4.000000,4.000000,4.000000,4.000000,4.000000,100.000000,,,,,,,,,,,,,,,,,,,,,,,,,,,,,,,,,,,,,,,,,,,,,,,,,,,,,,,,,,,,,,,,,,,,,,,,,,,,,,,,,,,,,,
1676060297.135352,1676060297.135555,112.000000,0.000000,4293.077148,4273.717773,4301.666504,4303.461426,4291.538574,4292.820313,4294.743652,4293.846191,4274.230957,4268.717773,4452.436035,4466.666504,4368.846191,4430.128418,3114.000000,4.000000,85.000000,,,,0.000000,4.000000,4.000000,4.000000,4.000000,4.000000,4.000000,4.000000,4.000000,4.000000,4.000000,4.000000,4.000000,4.000000,4.000000,100.000000,,,,,,,,,,,,,,,,,,,,,,,,,,,,,,,,,,,,,,,,,,,,,,,,,,,,,,,,,,,,,,,,,,,,,,,,,,,,,,,,,,,,,,
1676060297.143161,1676060297.143363,113.000000,0.000000,4321.794922,4291.922852,4333.077148,4332.436035,4298.205078,4293.333496,4308.717773,4319.487305,4295.512695,4290.256348,4480.000000,4510.769043,4397.307617,4457.051270,3234.000000,4.000000,85.000000,,,,0.000000,4.000000,4.000000,4.000000,4.000000,4.000000,4.000000,4.000000,4.000000,4.000000,4.000000,4.000000,4.000000,4.000000,4.000000,100.000000,,,,,,,,,,,,,,,,,,,,,,,,,,,,,,,,,,,,,,,,,,,,,,,,,,,,,,,,,,,,,,,,,,,,,,,,,,,,,,,,,,,,,,
1676060297.150969,1676060297.151072,114.000000,0.000000,4320.000000,4292.179688,4327.436035,4336.025879,4293.974121,4290.384766,4299.871582,4312.051270,4295.769043,4280.000000,4484.487305,4517.692383,4402.307617,4455.128418,2730.000000,4.000000,85.000000,,,,0.000000,4.000000,4.000000,4.000000,4.000000,4.000000,4.000000,4.000000,4.000000,4.000000,4.000000,4.000000,4.000000,4.000000,4.000000,100.000000,,,,,,,,,,,,,,,,,,,,,,,,,,,,,,,,,,,,,,,,,,,,,,,,,,,,,,,,,,,,,,,,,,,,,,,,,,,,,,,,,,,,,,
1676060297.158778,1676060297.158880,115.000000,0.000000,4308.717773,4286.538574,4313.846191,4330.128418,4291.922852,4287.820313,4289.102539,4294.743652,4285.897461,4273.205078,4480.256348,4503.205078,4393.077148,4450.641113,2907.000000,4.000000,85.000000,,,,0.000000,4.000000,4.000000,4.000000,4.000000,4.000000,4.000000,4.000000,4.000000,4.000000,4.000000,4.000000,4.000000,4.000000,4.000000,100.000000,,,,,,,,,,,,,,,,,,,,,,,,,,,,,,,,,,,,,,,,,,,,,,,,,,,,,,,,,,,,,,,,,,,,,,,,,,,,,,,,,,,,,,
1676060297.166586,1676060297.166589,116.000000,0.000000,4314.615234,4293.333496,4324.230957,4340.512695,4298.077148,4291.410156,4293.846191,4304.871582,4288.846191,4272.051270,4499.743652,4511.794922,4391.794922,4455.641113,3114.000000,4.000000,85.000000,,,,0.000000,4.000000,4.000000,4.000000,4.000000,4.000000,4.000000,4.000000,4.000000,4.000000,4.000000,4.000000,4.000000,4.000000,4.000000,100.000000,,,,,,,,,,,,,,,,,,,,,,,,,,,,,,,,,,,,,,,,,,,,,,,,,,,,,,,,,,,,,,,,,,,,,,,,,,,,,,,,,,,,,,
1676060297.174394,1676060297.174397,117.000000,0.000000,4315.641113,4294.230957,4330.641113,4345.128418,4298.717773,4292.563965,4299.358887,4313.717773,4297.436035,4267.051270,4521.153809,4524.487305,4391.153809,4445.512695,3234.000000,4.000000,85.000000,,,,0.000000,4.000000,4.000000,4.000000,4.000000,4.000000,4.000000,4.000000,4.000000,4.000000,4.000000,4.000000,4.000000,4.000000,4.000000,100.000000,,,,,,,,,,,,,,,,,,,,,,,,,,,,,,,,,,,,,,,,,,,,,,,,,,,,,,,,,,,,,,,,,,,,,,,,,,,,,,,,,,,,,,
1676060297.182203,1676060297.182106,118.000000,0.000000,4314.358887,4290.128418,4326.922852,4341.666504,4297.436035,4292.307617,4304.871582,4311.794922,4303.846191,4283.077148,4541.666504,4524.743652,4398.589844,4445.000000,2730.000000,4.000000,85.000000,,,,0.000000,4.000000,4.000000,4.000000,4.000000,4.000000,4.000000,4.000000,4.000000,4.000000,4.000000,4.000000,4.000000,4.000000,4.000000,100.000000,,,,,,,,,,,,,,,,,,,,,,,,,,,,,,,,,,,,,,,,,,,,,,,,,,,,,,,,,,,,,,,,,,,,,,,,,,,,,,,,,,,,,,
1676060297.190011,1676060297.189914,119.000000,0.000000,4307.051270,4282.948730,4316.410156,4332.948730,4297.820313,4296.282227,4302.692383,4307.692383,4296.922852,4290.512695,4554.871582,4509.743652,4394.615234,4446.666504,2907.000000,4.000000,85.000000,,,,0.000000,4.000000,4.000000,4.000000,4.000000,4.000000,4.000000,4.000000,4.000000,4.000000,4.000000,4.000000,4.000000,4.000000,4.000000,100.000000,,,,,,,,,,,,,,,,,,,,,,,,,,,,,,,,,,,,,,,,,,,,,,,,,,,,,,,,,,,,,,,,,,,,,,,,,,,,,,,,,,,,,,
1676060297.197819,1676060297.197623,120.000000,0.000000,4288.846191,4265.897461,4295.512695,4314.615234,4293.846191,4295.512695,4286.282227,4296.538574,4277.820313,4267.563965,4545.897461,4482.179688,4369.358887,4422.820313,3114.000000,4.000000,85.000000,,,,0.000000,4.000000,4.000000,4.000000,4.000000,4.000000,4.000000,4.000000,4.000000,4.000000,4.000000,4.000000,4.000000,4.000000,4.000000,100.000000,,,,,,,,,,,,,,,,,,,,,,,,,,,,,,,,,,,,,,,,,,,,,,,,,,,,,,,,,,,,,,,,,,,,,,,,,,,,,,,,,,,,,,
1676060297.205628,1676060297.205431,121.000000,0.000000,4292.179688,4261.410156,4288.333496,4311.666504,4294.743652,4293.333496,4287.563965,4296.025879,4276.794922,4266.538574,4542.051270,4478.974121,4371.282227,4416.666504,3234.000000,4.000000,85.000000,,,,0.000000,4.000000,4.000000,4.000000,4.000000,4.000000,4.000000,4.000000,4.000000,4.000000,4.000000,4.000000,4.000000,4.000000,4.000000,100.000000,,,,,,,,,,,,,,,,,,,,,,,,,,,,,,,,,,,,,,,,,,,,,,,,,,,,,,,,,,,,,,,,,,,,,,,,,,,,,,,,,,,,,,
1676060297.213436,1676060297.213140,122.000000,0.000000,4299.487305,4267.179688,4290.512695,4314.102539,4292.563965,4293.205078,4299.487305,4302.179688,4282.948730,4278.077148,4538.846191,4489.230957,4386.025879,4429.743652,2730.000000,4.000000,85.000000,,,,0.000000,4.000000,4.000000,4.000000,4.000000,4.000000,4.000000,4.000000,4.000000,4.000000,4.000000,4.000000,4.000000,4.000000,4.000000,100.000000,,,,,,,,,,,,,,,,,,,,,,,,,,,,,,,,,,,,,,,,,,,,,,,,,,,,,,,,,,,,,,,,,,,,,,,,,,,,,,,,,,,,,,
1676060297.221245,1676060297.220948,123.000000,0.000000,4289.358887,4270.384766,4289.358887,4310.512695,4284.743652,4294.871582,4298.846191,4298.717773,4278.974121,4268.589844,4530.000000,4489.230957,4382.692383,4431.538574,2907.000000,4.000000,85.000000,,,,0.000000,4.000000,4.000000,4.000000,4.000000,4.000000,4.000000,4.000000,4.000000,4.000000,4.000000,4.000000,4.000000,4.000000,4.000000,100.000000,,,,,,,,,,,,,,,,,,,,,,,,,,,,,,,,,,,,,,,,,,,,,,,,,,,,,,,,,,,,,,,,,,,,,,,,,,,,,,,,,,,,,,
1676060297.229053,1676060297.228657,124.000000,0.000000,4292.820313,4275.000000,4292.820313,4315.512695,4285.256348,4293.205078,4290.641113,4292.307617,4276.538574,4257.436035,4528.974121,4492.692383,4384.230957,4435.000000,3114.000000,4.000000,85.000000,,,,0.000000,4.000000,4.000000,4.000000,4.000000,4.000000,4.000000,4.000000,4.000000,4.000000,4.000000,4.000000,4.000000,4.000000,4.000000,100.000000,,,,,,,,,,,,,,,,,,,,,,,,,,,,,,,,,,,,,,,,,,,,,,,,,,,,,,,,,,,,,,,,,,,,,,,,,,,,,,,,,,,,,,
1676060297.236861,1676060297.236565,125.000000,0.000000,4312.692383,4280.897461,4305.512695,4323.077148,4293.717773,4291.282227,4287.051270,4290.128418,4277.179688,4261.538574,4528.974121,4505.128418,4393.205078,4444.102539,3234.000000,4.000000,85.000000,,,,0.000000,4.000000,4.000000,4.000000,4.000000,4.000000,4.000000,4.000000,4.000000,4.000000,4.000000,4.000000,4.000000,4.000000,4.000000,100.000000,,,,,,,,,,,,,,,,,,,,,,,,,,,,,,,,,,,,,,,,,,,,,,,,,,,,,,,,,,,,,,,,,,,,,,,,,,,,,,,,,,,,,,
1676060297.244670,1676060297.244373,126.000000,0.000000,4315.000000,4287.820313,4316.282227,4325.769043,4294.102539,4286.666504,4288.974121,4291.282227,4278.974121,4273.205078,4524.615234,4511.794922,4390.000000,4447.563965,2730.000000,4.000000,85.000000,,,,0.000000,4.000000,4.000000,4.000000,4.000000,4.000000,4.000000,4.000000,4.000000,4.000000,4.000000,4.000000,4.000000,4.000000,4.000000,100.000000,,,,,,,,,,,,,,,,,0.803763,1.619432,3.050584,1.668138,1.172259,3.776539,1.972368,2.942336,2.083024,1.321230,1.425115,0.938273,3.400377,2.274050,1.140383,1.623767,1.028301,2.492903,1.666306,1.224661,0.490229,0.312293,1.590765,0.925736,0.734444,0.790205,0.383652,1.619585,0.879729,0.752594,1.190451,0.519136,2.340582,1.162650,0.954042,1.251268,2.956768,2.387352,1.962757,1.165041,0.413474,1.419948,2.213716,1.776306,1.161846,0.590339,1.071586,1.965010,1.751402,1.978710,2.018446,3.279144,3.960185,3.263172,1.912570,1.940544,2.606918,4.276721,3.000114,1.774870,1.331558,1.981119,3.041079,2.567313,1.655862,1.520957,2.346914,3.407404,2.573675,1.752301
1676060297.252478,1676060297.252282,127.000000,0.000000,4305.000000,4295.256348,4321.025879,4331.666504,4293.717773,4280.641113,4289.615234,4295.256348,4288.717773,4280.769043,4526.922852,4515.128418,4388.846191,4451.025879,85.000000,4.000000,85.000000,,,,0.000000,4.000000,4.000000,4.000000,4.000000,4.000000,4.000000,4.000000,4.000000,4.000000,4.000000,4.000000,4.000000,4.000000,4.000000,100.000000,,,,,,,,,,,,,,,,,,,,,,,,,,,,,,,,,,,,,,,,,,,,,,,,,,,,,,,,,,,,,,,,,,,,,,,,,,,,,,,,,,,,,,
1676060297.260286,1676060297.260090,0.000000,0.000000,4320.641113,4315.769043,4337.179688,4348.333496,4307.563965,4291.538574,4299.230957,4314.230957,4311.153809,4297.692383,4550.897461,4538.077148,4414.230957,4470.384766,2511.000000,4.000000,85.000000,,,,0.000000,4.000000,4.000000,4.000000,4.000000,4.000000,4.000000,4.000000,4.000000,4.000000,4.000000,4.000000,4.000000,4.000000,4.000000,100.000000,,,,,,,,,,,,,,,,,,,,,,,,,,,,,,,,,,,,,,,,,,,,,,,,,,,,,,,,,,,,,,,,,,,,,,,,,,,,,,,,,,,,,,
1676060297.268095,1676060297.267999,1.000000,0.000000,4328.461426,4317.179688,4334.102539,4344.358887,4307.307617,4299.743652,4298.717773,4319.743652,4308.846191,4296.538574,4543.077148,4533.974121,4410.641113,4461.282227,2474.000000,4.000000,85.000000,,,,0.000000,4.000000,4.000000,4.000000,4.000000,4.000000,4.000000,4.000000,4.000000,4.000000,4.000000,4.000000,4.000000,4.000000,4.000000,100.000000,,,,,,,,,,,,,,,,,,,,,,,,,,,,,,,,,,,,,,,,,,,,,,,,,,,,,,,,,,,,,,,,,,,,,,,,,,,,,,,,,,,,,,
1676060297.275903,1676060297.275807,2.000000,0.000000,4299.871582,4296.025879,4299.871582,4321.282227,4289.230957,4290.256348,4283.077148,4298.077148,4279.487305,4262.179688,4489.871582,4488.333496,4364.358887,4418.205078,2398.000000,4.000000,85.000000,,,,0.000000,4.000000,4.000000,4.000000,4.000000,4.000000,4.000000,4.000000,4.000000,4.000000,4.000000,4.000000,4.000000,4.000000,4.000000,100.000000,,,,,,,,,,,,,,,,,,,,,,,,,,,,,,,,,,,,,,,,,,,,,,,,,,,,,,,,,,,,,,,,,,,,,,,,,,,,,,,,,,,,,,
1676060297.283712,1676060297.283715,3.000000,0.000000,4288.461426,4305.897461,4293.589844,4326.794922,4293.974121,4295.897461,4289.871582,4301.410156,4284.102539,4261.922852,4474.358887,4479.743652,4345.769043,4407.307617,2479.000000,4.000000,85.000000,,,,0.000000,4.000000,4.000000,4.000000,4.000000,4.000000,4.000000,4.000000,4.000000,4.000000,4.000000,4.000000,4.000000,4.000000,4.000000,100.000000,,,,,,,,,,,,,,,,,,,,,,,,,,,,,,,,,,,,,,,,,,,,,,,,,,,,,,,,,,,,,,,,,,,,,,,,,,,,,,,,,,,,,,
1676060297.291520,1676060297.291524,4.000000,0.000000,4293.461426,4322.436035,4301.282227,4336.666504,4301.410156,4304.487305,4303.974121,4321.666504,4305.512695,4289.230957,4488.333496,4490.897461,4343.717773,4413.333496,2436.000000,4.000000,85.000000,,,,0.000000,4.000000,4.000000,4.000000,4.000000,4.000000,4.000000,4.000000,4.000000,4.000000,4.000000,4.000000,4.000000,4.000000,4.000000,100.000000,,,,,,,,,,,,,,,,,,,,,,,,,,,,,,,,,,,,,,,,,,,,,,,,,,,,,,,,,,,,,,,,,,,,,,,,,,,,,,,,,,,,,,
1676060297.299328,1676060297.299432,5.000000,0.000000,4277.179688,4312.563965,4281.153809,4318.974121,4283.461426,4287.179688,4293.974121,4309.487305,4289.743652,4274.230957,4464.358887,4466.538574,4316.410156,4392.820313,2371.000000,4.000000,85.000000,,,,0.000000,4.000000,4.000000,4.000000,4.000000,4.000000,4.000000,4.000000,4.000000,4.000000,4.000000,4.000000,4.000000,4.000000,4.000000,100.000000,,,,,,,,,,,,,,,,,,,,,,,,,,,,,,,,,,,,,,,,,,,,,,,,,,,,,,,,,,,,,,,,,,,,,,,,,,,,,,,,,,,,,,
1676060297.307137,1676060297.307241,6.000000,0.000000,4275.512695,4323.333496,4281.794922,4319.358887,4282.179688,4283.461426,4292.179688,4298.717773,4278.846191,4256.025879,4445.384766,4460.769043,4307.563965,4386.410156,2224.000000,4.000000,85.000000,,,,0.000000,4.000000,4.000000,4.000000,4.000000,4.000000,4.000000,4.000000,4.000000,4.000000,4.000000,4.000000,4.000000,4.000000,4.000000,100.000000,,,,,,,,,,,,,,,,,,,,,,,,,,,,,,,,,,,,,,,,,,,,,,,,,,,,,,,,,,,,,,,,,,,,,,,,,,,,,,,,,,,,,,
1676060297.314945,1676060297.315149,7.000000,0.000000,4310.769043,4368.717773,4321.410156,4358.333496,4313.205078,4308.461426,4316.666504,4323.205078,4307.692383,4285.000000,4476.922852,4501.922852,4342.563965,4417.820313,2219.000000,4.000000,85.000000,,,,0.000000,4.000000,4.000000,4.000000,4.000000,4.000000,4.000000,4.000000,4.000000,4.000000,4.000000,4.000000,4.000000,4.000000,4.000000,100.000000,,,,,,,,,,,,,,,,,,,,,,,,,,,,,,,,,,,,,,,,,,,,,,,,,,,,,,,,,,,,,,,,,,,,,,,,,,,,,,,,,,,,,,
1676060297.322754,1676060297.322957,8.000000,0.000000,4317.563965,4379.358887,4326.282227,4370.641113,4318.461426,4307.948730,4311.153809,4325.512695,4310.000000,4286.025879,4481.282227,4504.230957,4345.256348,4424.743652,2267.000000,4.000000,85.000000,,,,0.000000,4.000000,4.000000,4.000000,4.000000,4.000000,4.000000,4.000000,4.000000,4.000000,4.000000,4.000000,4.000000,4.000000,4.000000,100.000000,,,,,,,,,,,,,,,,,,,,,,,,,,,,,,,,,,,,,,,,,,,,,,,,,,,,,,,,,,,,,,,,,,,,,,,,,,,,,,,,,,,,,,
1676060297.330562,1676060297.330666,9.000000,0.000000,4293.461426,4358.205078,4305.897461,4348.717773,4297.179688,4286.410156,4281.153809,4295.256348,4276.922852,4256.282227,4446.153809,4472.820313,4310.128418,4402.307617,2241.000000,4.000000,85.000000,,,,0.000000,4.000000,4.000000,4.000000,4.000000,4.000000,4.000000,4.000000,4.000000,4.000000,4.000000,4.000000,4.000000,4.000000,4.000000,100.000000,,,,,,,,,,,,,,,,,,,,,,,,,,,,,,,,,,,,,,,,,,,,,,,,,,,,,,,,,,,,,,,,,,,,,,,,,,,,,,,,,,,,,,
1676060297.338370,1676060297.338474,10.000000,0.000000,4291.025879,4352.820313,4308.461426,4341.922852,4294.743652,4288.077148,4278.077148,4279.358887,4269.230957,4260.128418,4440.384766,4478.333496,4308.974121,4397.051270,2722.000000,4.000000,85.000000,,,,0.000000,4.000000,4.000000,4.000000,4.000000,4.000000,4.000000,4.000000,4.000000,4.000000,4.000000,4.000000,4.000000,4.000000,4.000000,100.000000,,,,,,,,,,,,,,,,,,,,,,,,,,,,,,,,,,,,,,,,,,,,,,,,,,,,,,,,,,,,,,,,,,,,,,,,,,,,,,,,,,,,,,
1676060297.346179,1676060297.346183,11.000000,0.000000,4304.102539,4351.153809,4315.000000,4346.538574,4305.384766,4298.846191,4288.205078,4280.256348,4279.102539,4266.794922,4450.512695,4490.512695,4328.589844,4408.333496,2910.000000,4.000000,85.000000,,,,0.000000,4.000000,4.000000,4.000000,4.000000,4.000000,4.000000,4.000000,4.000000,4.000000,4.000000,4.000000,4.000000,4.000000,4.000000,100.000000,,,,,,,,,,,,,,,,,,,,,,,,,,,,,,,,,,,,,,,,,,,,,,,,,,,,,,,,,,,,,,,,,,,,,,,,,,,,,,,,,,,,,,
1676060297.353987,1676060297.353991,12.000000,0.000000,4306.538574,4349.871582,4315.769043,4347.307617,4314.358887,4300.000000,4295.000000,4291.025879,4282.307617,4262.563965,4451.794922,4486.282227,4325.256348,4419.615234,3112.000000,4.000000,85.000000,,,,0.000000,4.000000,4.000000,4.000000,4.000000,4.000000,4.000000,4.000000,4.000000,4.000000,4.000000,4.000000,4.000000,4.000000,4.000000,100.000000,,,,,,,,,,,,,,,,,,,,,,,,,,,,,,,,,,,,,,,,,,,,,,,,,,,,,,,,,,,,,,,,,,,,,,,,,,,,,,,,,,,,,,
1676060297.361796,1676060297.361700,13.000000,0.000000,4286.666504,4338.461426,4304.230957,4333.717773,4308.077148,4292.948730,4288.333496,4295.641113,4278.205078,4261.282227,4443.974121,4471.282227,4309.230957,4404.102539,3224.000000,4.000000,85.000000,,,,0.000000,4.000000,4.000000,4.000000,4.000000,4.000000,4.000000,4.000000,4.000000,4.000000,4.000000,4.000000,4.000000,4.000000,4.000000,100.000000,,,,,,,,,,,,,,,,,,,,,,,,,,,,,,,,,,,,,,,,,,,,,,,,,,,,,,,,,,,,,,,,,,,,,,,,,,,,,,,,,,,,,,
1676060297.369604,1676060297.369608,14.000000,0.000000,4274.615234,4323.077148,4287.563965,4320.256348,4295.769043,4288.974121,4281.794922,4294.487305,4278.205078,4264.230957,4437.307617,4462.051270,4314.487305,4385.897461,2722.000000,4.000000,85.000000,,,,0.000000,4.000000,4.000000,4.000000,4.000000,4.000000,4.000000,4.000000,4.000000,4.000000,4.000000,4.000000,4.000000,4.000000,4.000000,100.000000,1.000000,25.000000,3.000000,4.000000,1.000000,4.000000,4.000000,4.000000,4.000000,3.000000,4.000000,1.000000,3.000000,1.000000,3.000000,3.000000,0.964878,1.514631,2.907926,1.632009,1.109021,4.991666,2.090498,2.711659,1.934375,1.239658,1.555988,0.969425,3.327034,2.178460,1.094266,1.785696,1.072347,2.251165,1.519509,1.131637,0.515435,0.375251,1.362772,0.887789,0.655897,0.798528,0.452953,1.456067,0.864213,0.704204,1.301803,0.622801,2.130587,1.144870,0.865618,1.240969,3.205725,2.527663,1.981070,1.099302,0.479795,1.655255,2.216077,1.794699,1.084324,0.726181,1.018030,1.935535,2.077962,1.923687,2.395023,3.672576,4.402145,3.269318,1.857336,1.754058,2.837915,4.373855,2.921889,1.667568,2.047525,2.099807,3.332867,2.653593,1.662246,1.752962,2.269765,3.395840,2.500104,1.647059
1676060297.377412,1676060297.377417,15.000000,0.000000,4290.128418,4329.487305,4296.282227,4328.974121,4304.230957,4302.179688,4301.410156,4309.743652,4296.794922,4273.846191,4449.487305,4478.077148,4332.436035,4401.410156,2910.000000,4.000000,85.000000,,,,0.000000,4.000000,4.000000,4.000000,4.000000,4.000000,4.000000,4.000000,4.000000,4.000000,4.000000,4.000000,4.000000,4.000000,4.000000,100.000000,,,,,,,,,,,,,,,,,,,,,,,,,,,,,,,,,,,,,,,,,,,,,,,,,,,,,,,,,,,,,,,,,,,,,,,,,,,,,,,,,,,,,,
1676060297.385221,1676060297.385325,16.000000,0.000000,4281.410156,4318.846191,4294.871582,4323.205078,4307.179688,4300.769043,4305.769043,4314.230957,4297.692383,4265.000000,4442.563965,4471.282227,4317.179688,4397.051270,0.000000,4.000000,85.000000,,,,0.000000,4.000000,4.000000,4.000000,4.000000,4.000000,4.000000,4.000000,4.000000,4.000000,4.000000,4.000000,4.000000,4.000000,4.000000,100.000000,,,,,,,,,,,,,,,,,,,,,,,,,,,,,,,,,,,,,,,,,,,,,,,,,,,,,,,,,,,,,,,,,,,,,,,,,,,,,,,,,,,,,,
1676060297.393029,1676060297.393133,17.000000,0.000000,4243.589844,4281.794922,4263.974121,4293.205078,4289.871582,4281.794922,4280.000000,4291.538574,4268.717773,4240.000000,4406.410156,4432.948730,4283.589844,4360.512695,0.000000,4.000000,85.000000,,,,0.000000,4.000000,4.000000,4.000000,4.000000,4.000000,4.000000,4.000000,4.000000,4.000000,4.000000,4.000000,4.000000,4.000000,4.000000,100.000000,,,,,,,,,,,,,,,,,,,,,,,,,,,,,,,,,,,,,,,,,,,,,,,,,,,,,,,,,,,,,,,,,,,,,,,,,,,,,,,,,,,,,,
1676060297.400838,1676060297.400942,18.000000,0.000000,4245.384766,4278.077148,4260.256348,4288.205078,4290.769043,4283.717773,4279.230957,4289.358887,4267.051270,4247.820313,4403.589844,4433.974121,4289.102539,4359.230957,0.000000,4.000000,85.000000,,,,0.000000,4.000000,4.000000,4.000000,4.000000,4.000000,4.000000,4.000000,4.000000,4.000000,4.000000,4.000000,4.000000,4.000000,4.000000,100.000000,,,,,,,,,,,,,,,,,,,,,,,,,,,,,,,,,,,,,,,,,,,,,,,,,,,,,,,,,,,,,,,,,,,,,,,,,,,,,,,,,,,,,,
1676060297.408646,1676060297.408650,19.000000,0.000000,4277.307617,4300.128418,4286.922852,4307.948730,4313.461426,4300.641113,4301.153809,4309.743652,4290.384766,4273.589844,4438.333496,4466.410156,4321.025879,4387.051270,0.000000,4.000000,85.000000,,,,0.000000,4.000000,4.000000,4.000000,4.000000,4.000000,4.000000,4.000000,4.000000,4.000000,4.000000,4.000000,4.000000,4.000000,4.000000,100.000000,,,,,,,,,,,,,,,,,,,,,,,,,,,,,,,,,,,,,,,,,,,,,,,,,,,,,,,,,,,,,,,,,,,,,,,,,,,,,,,,,,,,,,
1676060297.416454,1676060297.416559,20.000000,0.000000,4282.820313,4300.256348,4297.563965,4316.153809,4324.358887,4298.333496,4297.820313,4306.538574,4288.205078,4271.282227,4448.974121,4466.922852,4332.692383,4397.563965,0.000000,4.000000,85.000000,,,,0.000000,4.000000,4.000000,4.000000,4.000000,4.000000,4.000000,4.000000,4.000000,4.000000,4.000000,4.000000,4.000000,4.000000,4.000000,100.000000,,,,,,,,,,,,,,,,,,,,,,,,,,,,,,,,,,,,,,,,,,,,,,,,,,,,,,,,,,,,,,,,,,,,,,,,,,,,,,,,,,,,,,
1676060297.424263,1676060297.424367,21.000000,0.000000,4279.102539,4294.358887,4298.974121,4315.512695,4329.230957,4284.230957,4287.179688,4294.230957,4274.487305,4261.410156,4437.692383,4460.769043,4332.820313,4403.461426,0.000000,4.000000,85.000000,,,,0.000000,4.000000,4.000000,4.000000,4.000000,4.000000,4.000000,4.000000,4.000000,4.000000,4.000000,4.000000,4.000000,4.000000,4.000000,100.000000,,,,,,,,,,,,,,,,,,,,,,,,,,,,,,,,,,,,,,,,,,,,,,,,,,,,,,,,,,,,,,,,,,,,,,,,,,,,,,,,,,,,,,
1676060297.432071,1676060297.432276,22.000000,0.000000,4289.230957,4295.641113,4306.153809,4316.153809,4337.692383,4281.410156,4291.666504,4299.487305,4279.102539,4261.922852,4448.205078,4476.666504,4347.563965,4411.794922,0.000000,4.000000,85.000000,,,,0.000000,4.000000,4.000000,4.000000,4.000000,4.000000,4.000000,4.000000,4.000000,4.000000,4.000000,4.000000,4.000000,4.000000,4.000000,100.000000,,,,,,,,,,,,,,,,,,,,,,,,,,,,,,,,,,,,,,,,,,,,,,,,,,,,,,,,,,,,,,,,,,,,,,,,,,,,,,,,,,,,,,
1676060297.439879,1676060297.440084,23.000000,0.000000,4298.846191,4296.922852,4311.410156,4317.948730,4342.051270,4290.769043,4296.282227,4306.153809,4291.153809,4272.948730,4473.461426,4489.487305,4369.743652,4421.922852,0.000000,4.000000,85.000000,,,,0.000000,4.000000,4.000000,4.000000,4.000000,4.000000,4.000000,4.000000,4.000000,4.000000,4.000000,4.000000,4.000000,4.000000,4.000000,100.000000,,,,,,,,,,,,,,,,,,,,,,,,,,,,,,,,,,,,,,,,,,,,,,,,,,,,,,,,,,,,,,,,,,,,,,,,,,,,,,,,,,,,,,
1676060297.447688,1676060297.447992,24.000000,0.000000,4299.487305,4298.461426,4315.384766,4322.563965,4346.666504,4296.794922,4296.794922,4305.897461,4296.538574,4295.897461,4487.692383,4498.205078,4387.692383,4441.666504,0.000000,4.000000,85.000000,,,,0.000000,4.000000,4.000000,4.000000,4.000000,4.000000,4.000000,4.000000,4.000000,4.000000,4.000000,4.000000,4.000000,4.000000,4.000000,100.000000,,,,,,,,,,,,,,,,,,,,,,,,,,,,,,,,,,,,,,,,,,,,,,,,,,,,,,,,,,,,,,,,,,,,,,,,,,,,,,,,,,,,,,
1676060297.455496,1676060297.455801,25.000000,0.000000,4286.025879,4280.000000,4305.000000,4309.871582,4341.410156,4286.410156,4287.179688,4297.820313,4284.487305,4287.563965,4475.128418,4490.769043,4384.102539,4435.256348,0.000000,4.000000,85.000000,,,,0.000000,4.000000,4.000000,4.000000,4.000000,4.000000,4.000000,4.000000,4.000000,4.000000,4.000000,4.000000,4.000000,4.000000,4.000000,100.000000,,,,,,,,,,,,,,,,,,,,,,,,,,,,,,,,,,,,,,,,,,,,,,,,,,,,,,,,,,,,,,,,,,,,,,,,,,,,,,,,,,,,,,
1676060297.463304,1676060297.463709,26.000000,0.000000,4275.256348,4263.077148,4291.794922,4292.179688,4335.384766,4282.948730,4281.922852,4291.794922,4275.256348,4266.922852,4462.179688,4473.461426,4368.717773,4408.205078,0.000000,4.000000,85.000000,,,,0.000000,4.000000,4.000000,4.000000,4.000000,4.000000,4.000000,4.000000,4.000000,4.000000,4.000000,4.000000,4.000000,4.000000,4.000000,100.000000,,,,,,,,,,,,,,,,,,,,,,,,,,,,,,,,,,,,,,,,,,,,,,,,,,,,,,,,,,,,,,,,,,,,,,,,,,,,,,,,,,,,,,
1676060297.471113,1676060297.471518,27.000000,0.000000,4276.538574,4271.282227,4293.333496,4296.410156,4338.717773,4293.717773,4289.230957,4296.153809,4282.563965,4277.051270,4468.205078,4470.512695,4366.922852,4403.974121,0.000000,4.000000,85.000000,,,,0.000000,4.000000,4.000000,4.000000,4.000000,4.000000,4.000000,4.000000,4.000000,4.000000,4.000000,4.000000,4.000000,4.000000,4.000000,100.000000,,,,,,,,,,,,,,,,,,,,,,,,,,,,,,,,,,,,,,,,,,,,,,,,,,,,,,,,,,,,,,,,,,,,,,,,,,,,,,,,,,,,,,
1676060297.478921,1676060297.479426,28.000000,0.000000,4274.358887,4272.563965,4295.769043,4303.333496,4338.589844,4299.102539,4294.102539,4307.436035,4285.384766,4279.102539,4473.589844,4475.641113,4371.666504,4416.153809,0.000000,4.000000,85.000000,,,,0.000000,4.000000,4.000000,4.000000,4.000000,4.000000,4.000000,4.000000,4.000000,4.000000,4.000000,4.000000,4.000000,4.000000,4.000000,100.000000,,,,,,,,,,,,,,,,,,,,,,,,,,,,,,,,,,,,,,,,,,,,,,,,,,,,,,,,,,,,,,,,,,,,,,,,,,,,,,,,,,,,,,
1676060297.486730,1676060297.487234,29.000000,0.000000,4274.871582,4264.871582,4295.128418,4298.974121,4332.051270,4296.153809,4295.897461,4313.077148,4283.974121,4263.717773,4471.794922,4478.717773,4372.692383,4417.820313,0.000000,4.000000,85.000000,,,,0.000000,4.000000,4.000000,4.000000,4.000000,4.000000,4.000000,4.000000,4.000000,4.000000,4.000000,4.000000,4.000000,4.000000,4.000000,100.000000,,,,,,,,,,,,,,,,,,,,,,,,,,,,,,,,,,,,,,,,,,,,,,,,,,,,,,,,,,,,,,,,,,,,,,,,,,,,,,,,,,,,,,
1676060297.494538,1676060297.495143,30.000000,0.000000,4276.794922,4265.384766,4289.102539,4291.922852,4324.102539,4285.000000,4289.871582,4303.205078,4280.512695,4266.538574,4462.692383,4469.615234,4366.410156,4403.589844,0.000000,4.000000,85.000000,,,,0.000000,4.000000,4.000000,4.000000,4.000000,4.000000,4.000000,4.000000,4.000000,4.000000,4.000000,4.000000,4.000000,4.000000,4.000000,100.000000,,,,,,,,,,,,,,,,,1.111860,1.803002,2.609962,1.566313,1.099177,6.471103,2.374631,2.328728,1.747494,1.174215,1.623155,1.451575,3.043324,2.045825,1.079933,2.158138,1.375965,1.880470,1.359841,1.055140,0.514611,0.443540,1.046900,0.842969,0.587153,0.731306,0.498746,1.156277,0.826862,0.662806,1.290844,0.709052,1.771571,1.148521,0.789946,1.152094,3.299930,2.520520,1.970175,1.068999,0.518069,1.871479,2.061957,1.832418,1.030109,0.814126,1.025187,1.932799,2.429781,1.849705,2.753946,4.237586,4.618164,3.226691,1.808601,1.703628,3.479692,4.299181,2.789596,1.621315,3.019833,2.476949,3.428342,2.696643,1.713816,2.018661,2.546698,3.199473,2.377106,1.590383
1676060297.502346,1676060297.502951,31.000000,0.000000,4274.102539,4262.051270,4283.461426,4288.974121,4319.871582,4279.871582,4281.282227,4290.641113,4272.820313,4275.641113,4453.333496,4459.102539,4358.589844,4395.128418,0.000000,4.000000,85.000000,,,,0.000000,4.000000,4.000000,4.000000,4.000000,4.000000,4.000000,4.000000,4.000000,4.000000,4.000000,4.000000,4.000000,4.000000,4.000000,100.000000,,,,,,,,,,,,,,,,,,,,,,,,,,,,,,,,,,,,,,,,,,,,,,,,,,,,,,,,,,,,,,,,,,,,,,,,,,,,,,,,,,,,,,
1676060297.510155,1676060297.510660,32.000000,0.000000,4285.641113,4271.025879,4298.846191,4301.282227,4330.512695,4293.589844,4292.436035,4301.025879,4285.000000,4281.410156,4471.153809,4482.948730,4374.230957,4421.538574,0.000000,4.000000,85.000000,,,,0.000000,4.000000,4.000000,4.000000,4.000000,4.000000,4.000000,4.000000,4.000000,4.000000,4.000000,4.000000,4.000000,4.000000,4.000000,100.000000,,,,,,,,,,,,,,,,,,,,,,,,,,,,,,,,,,,,,,,,,,,,,,,,,,,,,,,,,,,,,,,,,,,,,,,,,,,,,,,,,,,,,,
1676060297.517963,1676060297.518468,33.000000,0.000000,4300.641113,4295.769043,4325.769043,4319.615234,4343.974121,4304.358887,4310.641113,4319.102539,4301.666504,4293.333496,4498.717773,4515.384766,4397.820313,4453.589844,0.000000,4.000000,85.000000,,,,0.000000,4.000000,4.000000,4.000000,4.000000,4.000000,4.000000,4.000000,4.000000,4.000000,4.000000,4.000000,4.000000,4.000000,4.000000,100.000000,,,,,,,,,,,,,,,,,,,,,,,,,,,,,,,,,,,,,,,,,,,,,,,,,,,,,,,,,,,,,,,,,,,,,,,,,,,,,,,,,,,,,,
1676060297.525772,1676060297.526177,34.000000,0.000000,4296.410156,4294.230957,4328.205078,4316.922852,4334.230957,4290.897461,4302.436035,4315.256348,4289.487305,4289.743652,4490.897461,4504.871582,4392.179688,4441.922852,0.000000,4.000000,85.000000,,,,0.000000,4.000000,4.000000,4.000000,4.000000,4.000000,4.000000,4.000000,4.000000,4.000000,4.000000,4.000000,4.000000,4.000000,4.000000,100.000000,,,,,,,,,,,,,,,,,,,,,,,,,,,,,,,,,,,,,,,,,,,,,,,,,,,,,,,,,,,,,,,,,,,,,,,,,,,,,,,,,,,,,,
1676060297.533580,1676060297.533985,35.000000,0.000000,4300.384766,4280.256348,4321.410156,4309.102539,4322.692383,4282.948730,4292.307617,4307.820313,4278.974121,4273.717773,4479.358887,4492.307617,4385.128418,4428.974121,0.000000,4.000000,85.000000,,,,0.000000,4.000000,4.000000,4.000000,4.000000,4.000000,4.000000,4.000000,4.000000,4.000000,4.000000,4.000000,4.000000,4.000000,4.000000,100.000000,,,,,,,,,,,,,,,,,,,,,,,,,,,,,,,,,,,,,,,,,,,,,,,,,,,,,,,,,,,,,,,,,,,,,,,,,,,,,,,,,,,,,,
1676060297.541388,1676060297.541694,36.000000,0.000000,4312.436035,4288.333496,4327.307617,4317.179688,4331.282227,4293.205078,4302.179688,4310.897461,4289.102539,4274.487305,4488.974121,4506.153809,4393.974121,4445.384766,0.000000,4.000000,85.000000,,,,0.000000,4.000000,4.000000,4.000000,4.000000,4.000000,4.000000,4.000000,4.000000,4.000000,4.000000,4.000000,4.000000,4.000000,4.000000,100.000000,,,,,,,,,,,,,,,,,,,,,,,,,,,,,,,,,,,,,,,,,,,,,,,,,,,,,,,,,,,,,,,,,,,,,,,,,,,,,,,,,,,,,,
1676060297.549197,1676060297.549502,37.000000,0.000000,4303.846191,4296.282227,4327.563965,4320.641113,4339.230957,4298.974121,4306.922852,4312.563965,4292.051270,4281.538574,4485.000000,4504.487305,4388.589844,4446.025879,0.000000,4.000000,85.000000,,,,0.000000,4.000000,4.000000,4.000000,4.000000,4.000000,4.000000,4.000000,4.000000,4.000000,4.000000,4.000000,4.000000,4.000000,4.000000,100.000000,,,,,,,,,,,,,,,,,,,,,,,,,,,,,,,,,,,,,,,,,,,,,,,,,,,,,,,,,,,,,,,,,,,,,,,,,,,,,,,,,,,,,,
1676060297.557005,1676060297.557211,38.000000,0.000000,4292.563965,4289.230957,4318.077148,4312.436035,4335.384766,4296.538574,4304.102539,4312.436035,4288.077148,4283.974121,4475.641113,4488.974121,4381.025879,4428.589844,0.000000,4.000000,85.000000,,,,0.000000,4.000000,4.000000,4.000000,4.000000,4.000000,4.000000,4.000000,4.000000,4.000000,4.000000,4.000000,4.000000,4.000000,4.000000,100.000000,,,,,,,,,,,,,,,,,,,,,,,,,,,,,,,,,,,,,,,,,,,,,,,,,,,,,,,,,,,,,,,,,,,,,,,,,,,,,,,,,,,,,,
1676060297.564814,1676060297.565019,39.000000,0.000000,4286.025879,4274.871582,4303.333496,4300.512695,4326.666504,4291.794922,4293.077148,4303.461426,4286.410156,4281.922852,4472.179688,4479.487305,4378.717773,4418.589844,0.000000,4.000000,85.000000,,,,0.000000,4.000000,4.000000,4.000000,4.000000,4.000000,4.000000,4.000000,4.000000,4.000000,4.000000,4.000000,4.000000,4.000000,4.000000,100.000000,,,,,,,,,,,,,,,,,,,,,,,,,,,,,,,,,,,,,,,,,,,,,,,,,,,,,,,,,,,,,,,,,,,,,,,,,,,,,,,,,,,,,,
1676060297.572622,1676060297.572728,40.000000,0.000000,4276.025879,4267.179688,4293.974121,4292.948730,4319.743652,4291.282227,4282.307617,4292.307617,4283.589844,4275.256348,4462.051270,4470.512695,4370.641113,4414.615234,0.000000,4.000000,85.000000,,,,0.000000,4.000000,4.000000,4.000000,4.000000,4.000000,4.000000,4.000000,4.000000,4.000000,4.000000,4.000000,4.000000,4.000000,4.000000,100.000000,,,,,,,,,,,,,,,,,,,,,,,,,,,,,,,,,,,,,,,,,,,,,,,,,,,,,,,,,,,,,,,,,,,,,,,,,,,,,,,,,,,,,,
1676060297.580430,1676060297.580536,41.000000,0.000000,4276.153809,4267.436035,4292.948730,4293.589844,4318.461426,4295.384766,4286.410156,4296.410156,4280.512695,4266.282227,4454.871582,4467.948730,4366.282227,4410.256348,0.000000,4.000000,85.000000,,,,0.000000,4.000000,4.000000,4.000000,4.000000,4.000000,4.000000,4.000000,4.000000,4.000000,4.000000,4.000000,4.000000,4.000000,4.000000,100.000000,,,,,,,,,,,,,,,,,,,,,,,,,,,,,,,,,,,,,,,,,,,,,,,,,,,,,,,,,,,,,,,,,,,,,,,,,,,,,,,,,,,,,,
1676060297.588239,1676060297.588245,42.000000,0.000000,4280.769043,4265.769043,4292.948730,4294.358887,4318.077148,4292.436035,4294.102539,4300.641113,4277.051270,4256.922852,4459.102539,4471.922852,4366.922852,4410.769043,0.000000,4.000000,85.000000,,,,0.000000,4.000000,4.000000,4.000000,4.000000,4.000000,4.000000,4.000000,4.000000,4.000000,4.000000,4.000000,4.000000,4.000000,4.000000,100.000000,,,,,,,,,,,,,,,,,,,,,,,,,,,,,,,,,,,,,,,,,,,,,,,,,,,,,,,,,,,,,,,,,,,,,,,,,,,,,,,,,,,,,,
1676060297.596047,1676060297.596153,43.000000,0.000000,4278.846191,4268.461426,4298.077148,4293.846191,4313.717773,4286.922852,4294.102539,4300.000000,4282.307617,4260.512695,4462.563965,4475.000000,4366.538574,4415.769043,0.000000,4.000000,85.000000,,,,0.000000,4.000000,4.000000,4.000000,4.000000,4.000000,4.000000,4.000000,4.000000,4.000000,4.000000,4.000000,4.000000,4.000000,4.000000,100.000000,,,,,,,,,,,,,,,,,,,,,,,,,,,,,,,,,,,,,,,,,,,,,,,,,,,,,,,,,,,,,,,,,,,,,,,,,,,,,,,,,,,,,,
1676060297.603855,1676060297.603962,44.000000,0.000000,4278.846191,4275.897461,4301.666504,4294.358887,4310.384766,4288.205078,4292.692383,4306.666504,4294.230957,4275.512695,4461.410156,4476.282227,4373.205078,4420.641113,0.000000,4.000000,85.000000,,,,0.000000,4.000000,4.000000,4.000000,4.000000,4.000000,4.000000,4.000000,4.000000,4.000000,4.000000,4.000000,4.000000,4.000000,4.000000,100.000000,,,,,,,,,,,,,,,,,,,,,,,,,,,,,,,,,,,,,,,,,,,,,,,,,,,,,,,,,,,,,,,,,,,,,,,,,,,,,,,,,,,,,,
1676060297.611664,1676060297.611870,45.000000,0.000000,4279.487305,4268.717773,4294.230957,4290.512695,4308.717773,4285.000000,4289.102539,4305.641113,4288.461426,4278.461426,4456.153809,4468.461426,4373.333496,4417.820313,0.000000,4.000000,85.000000,,,,0.000000,4.000000,4.000000,4.000000,4.000000,4.000000,4.000000,4.000000,4.000000,4.000000,4.000000,4.000000,4.000000,4.000000,4.000000,100.000000,,,,,,,,,,,,,,,,,,,,,,,,,,,,,,,,,,,,,,,,,,,,,,,,,,,,,,,,,,,,,,,,,,,,,,,,,,,,,,,,,,,,,,
1676060297.619472,1676060297.619678,46.000000,0.000000,4282.179688,4265.641113,4303.205078,4292.692383,4316.410156,4286.794922,4293.717773,4306.922852,4285.769043,4280.897461,4465.512695,4473.589844,4369.102539,4421.794922,0.000000,4.000000,85.000000,,,,0.000000,4.000000,4.000000,4.000000,4.000000,4.000000,4.000000,4.000000,4.000000,4.000000,4.000000,4.000000,4.000000,4.000000,4.000000,100.000000,,,,,,,,,,,,,,,,,1.192808,2.518276,2.263056,1.499455,1.141119,7.961995,2.935072,1.956359,1.585255,1.135324,1.600536,2.481136,2.652989,1.909911,1.097267,2.638298,1.982603,1.523415,1.232362,1.003859,0.496004,0.517438,0.741576,0.797729,0.538670,0.612974,0.510350,0.805915,0.769369,0.628761,1.165795,0.745309,1.382663,1.167276,0.748864,1.031318,3.253362,2.410719,1.942660,1.074476,0.542138,2.020639,1.843592,1.883379,1.011503,0.833649,1.083149,2.033732,2.719002,1.753424,3.188495,4.797401,4.638083,3.163008,1.773576,1.673572,4.646145,4.131886,2.643986,1.642368,3.944166,3.070301,3.324842,2.699602,1.795940,2.192434,3.223720,2.891865,2.238181,1.582170
1676060297.627281,1676060297.627587,47.000000,0.000000,4300.897461,4288.077148,4336.666504,4310.384766,4331.922852,4303.589844,4314.487305,4328.077148,4307.436035,4295.769043,4498.846191,4505.897461,4389.871582,4448.461426,0.000000,4.000000,85.000000,,,,0.000000,4.000000,4.000000,4.000000,4.000000,4.000000,4.000000,4.000000,4.000000,4.000000,4.000000,4.000000,4.000000,4.000000,4.000000,100.000000,,,,,,,,,,,,,,,,,,,,,,,,,,,,,,,,,,,,,,,,,,,,,,,,,,,,,,,,,,,,,,,,,,,,,,,,,,,,,,,,,,,,,,
1676060297.635089,1676060297.635395,48.000000,0.000000,4315.641113,4301.282227,4345.000000,4318.461426,4332.948730,4306.666504,4322.051270,4331.666504,4313.077148,4295.128418,4508.974121,4516.794922,4409.743652,4460.000000,0.000000,4.000000,85.000000,,,,0.000000,4.000000,4.000000,4.000000,4.000000,4.000000,4.000000,4.000000,4.000000,4.000000,4.000000,4.000000,4.000000,4.000000,4.000000,100.000000,,,,,,,,,,,,,,,,,,,,,,,,,,,,,,,,,,,,,,,,,,,,,,,,,,,,,,,,,,,,,,,,,,,,,,,,,,,,,,,,,,,,,,
1676060297.642897,1676060297.643303,49.000000,0.000000,4309.743652,4296.153809,4329.871582,4314.871582,4325.000000,4295.897461,4310.000000,4309.487305,4292.307617,4282.948730,4487.307617,4497.692383,4395.128418,4447.179688,0.000000,4.000000,85.000000,,,,0.000000,4.000000,4.000000,4.000000,4.000000,4.000000,4.000000,4.000000,4.000000,4.000000,4.000000,4.000000,4.000000,4.000000,4.000000,100.000000,,,,,,,,,,,,,,,,,,,,,,,,,,,,,,,,,,,,,,,,,,,,,,,,,,,,,,,,,,,,,,,,,,,,,,,,,,,,,,,,,,,,,,
1676060297.650706,1676060297.651112,50.000000,0.000000,4300.897461,4305.000000,4326.666504,4317.948730,4326.538574,4295.384766,4299.487305,4297.820313,4279.230957,4287.307617,4474.871582,4484.358887,4374.487305,4437.436035,0.000000,4.000000,85.000000,,,,0.000000,4.000000,4.000000,4.000000,4.000000,4.000000,4.000000,4.000000,4.000000,4.000000,4.000000,4.000000,4.000000,4.000000,4.000000,100.000000,,,,,,,,,,,,,,,,,,,,,,,,,,,,,,,,,,,,,,,,,,,,,,,,,,,,,,,,,,,,,,,,,,,,,,,,,,,,,,,,,,,,,,
1676060297.658514,1676060297.659020,51.000000,0.000000,4302.692383,4318.846191,4324.358887,4321.282227,4331.538574,4298.846191,4297.820313,4297.820313,4284.487305,4295.256348,4471.410156,4479.615234,4371.538574,4432.179688,0.000000,4.000000,85.000000,,,,0.000000,4.000000,4.000000,4.000000,4.000000,4.000000,4.000000,4.000000,4.000000,4.000000,4.000000,4.000000,4.000000,4.000000,4.000000,100.000000,,,,,,,,,,,,,,,,,,,,,,,,,,,,,,,,,,,,,,,,,,,,,,,,,,,,,,,,,,,,,,,,,,,,,,,,,,,,,,,,,,,,,,
1676060297.666322,1676060297.666829,52.000000,0.000000,4304.743652,4324.615234,4320.256348,4319.615234,4330.897461,4298.846191,4302.436035,4300.769043,4295.512695,4295.641113,4466.922852,4478.717773,4375.769043,4429.743652,0.000000,4.000000,85.000000,,,,0.000000,4.000000,4.000000,4.000000,4.000000,4.000000,4.000000,4.000000,4.000000,4.000000,4.000000,4.000000,4.000000,4.000000,4.000000,100.000000,,,,,,,,,,,,,,,,,,,,,,,,,,,,,,,,,,,,,,,,,,,,,,,,,,,,,,,,,,,,,,,,,,,,,,,,,,,,,,,,,,,,,,
1676060297.674131,1676060297.674737,53.000000,0.000000,4286.153809,4311.538574,4306.538574,4304.230957,4320.897461,4291.153809,4292.436035,4298.461426,4291.538574,4279.871582,4452.307617,4465.769043,4357.307617,4416.410156,0.000000,4.000000,85.000000,,,,0.000000,4.000000,4.000000,4.000000,4.000000,4.000000,4.000000,4.000000,4.000000,4.000000,4.000000,4.000000,4.000000,4.000000,4.000000,100.000000,,,,,,,,,,,,,,,,,,,,,,,,,,,,,,,,,,,,,,,,,,,,,,,,,,,,,,,,,,,,,,,,,,,,,,,,,,,,,,,,,,,,,,
1676060297.681939,1676060297.682545,54.000000,0.000000,4259.743652,4284.230957,4282.563965,4281.410156,4307.820313,4277.820313,4271.922852,4283.717773,4273.333496,4255.512695,4425.000000,4435.384766,4325.897461,4389.615234,0.000000,4.000000,85.000000,,,,0.000000,4.000000,4.000000,4.000000,4.000000,4.000000,4.000000,4.000000,4.000000,4.000000,4.000000,4.000000,4.000000,4.000000,4.000000,100.000000,,,,,,,,,,,,,,,,,,,,,,,,,,,,,,,,,,,,,,,,,,,,,,,,,,,,,,,,,,,,,,,,,,,,,,,,,,,,,,,,,,,,,,
1676060297.689748,1676060297.690254,55.000000,0.000000,4258.846191,4284.358887,4283.205078,4286.282227,4311.538574,4281.794922,4278.333496,4285.256348,4275.256348,4257.307617,4420.384766,4436.538574,4329.358887,4384.102539,0.000000,4.000000,85.000000,,,,0.000000,4.000000,4.000000,4.000000,4.000000,4.000000,4.000000,4.000000,4.000000,4.000000,4.000000,4.000000,4.000000,4.000000,4.000000,100.000000,,,,,,,,,,,,,,,,,,,,,,,,,,,,,,,,,,,,,,,,,,,,,,,,,,,,,,,,,,,,,,,,,,,,,,,,,,,,,,,,,,,,,,
1676060297.697556,1676060297.698062,56.000000,0.000000,4265.384766,4295.256348,4297.948730,4298.333496,4312.948730,4288.589844,4290.128418,4297.692383,4284.615234,4256.794922,4432.051270,4455.897461,4344.615234,4397.179688,0.000000,4.000000,85.000000,,,,0.000000,4.000000,4.000000,4.000000,4.000000,4.000000,4.000000,4.000000,4.000000,4.000000,4.000000,4.000000,4.000000,4.000000,4.000000,100.000000,,,,,,,,,,,,,,,,,,,,,,,,,,,,,,,,,,,,,,,,,,,,,,,,,,,,,,,,,,,,,,,,,,,,,,,,,,,,,,,,,,,,,,
1676060297.705364,1676060297.705771,57.000000,0.000000,4263.333496,4285.256348,4295.000000,4287.820313,4299.102539,4280.897461,4280.641113,4292.563965,4275.769043,4245.641113,4428.333496,4451.538574,4335.384766,4396.538574,0.000000,4.000000,85.000000,,,,0.000000,4.000000,4.000000,4.000000,4.000000,4.000000,4.000000,4.000000,4.000000,4.000000,4.000000,4.000000,4.000000,4.000000,4.000000,100.000000,,,,,,,,,,,,,,,,,,,,,,,,,,,,,,,,,,,,,,,,,,,,,,,,,,,,,,,,,,,,,,,,,,,,,,,,,,,,,,,,,,,,,,
1676060297.713173,1676060297.713579,58.000000,0.000000,4270.641113,4282.436035,4292.051270,4284.358887,4298.589844,4280.128418,4278.974121,4291.794922,4276.922852,4266.410156,4427.692383,4450.384766,4333.077148,4394.358887,0.000000,4.000000,85.000000,,,,0.000000,4.000000,4.000000,4.000000,4.000000,4.000000,4.000000,4.000000,4.000000,4.000000,4.000000,4.000000,4.000000,4.000000,4.000000,100.000000,,,,,,,,,,,,,,,,,,,,,,,,,,,,,,,,,,,,,,,,,,,,,,,,,,,,,,,,,,,,,,,,,,,,,,,,,,,,,,,,,,,,,,
1676060297.720981,1676060297.721288,59.000000,0.000000,4276.538574,4287.436035,4295.769043,4290.641113,4303.205078,4282.436035,4283.846191,4296.922852,4282.179688,4282.051270,4431.922852,4457.692383,4338.589844,4395.256348,0.000000,4.000000,85.000000,,,,0.000000,4.000000,4.000000,4.000000,4.000000,4.000000,4.000000,4.000000,4.000000,4.000000,4.000000,4.000000,4.000000,4.000000,4.000000,100.000000,,,,,,,,,,,,,,,,,,,,,,,,,,,,,,,,,,,,,,,,,,,,,,,,,,,,,,,,,,,,,,,,,,,,,,,,,,,,,,,,,,,,,,
1676060297.728789,1676060297.729196,60.000000,0.000000,4269.871582,4275.769043,4294.743652,4284.487305,4295.000000,4276.794922,4283.205078,4291.922852,4276.666504,4266.410156,4428.461426,4454.871582,4333.205078,4395.384766,0.000000,4.000000,85.000000,,,,0.000000,4.000000,4.000000,4.000000,4.000000,4.000000,4.000000,4.000000,4.000000,4.000000,4.000000,4.000000,4.000000,4.000000,4.000000,100.000000,,,,,,,,,,,,,,,,,,,,,,,,,,,,,,,,,,,,,,,,,,,,,,,,,,,,,,,,,,,,,,,,,,,,,,,,,,,,,,,,,,,,,,
1676060297.736598,1676060297.737005,61.000000,0.000000,4280.128418,4281.922852,4306.153809,4291.025879,4298.205078,4280.897461,4290.641113,4297.436035,4284.230957,4272.692383,4442.692383,4466.153809,4344.358887,4415.000000,0.000000,4.000000,85.000000,,,,0.000000,4.000000,4.000000,4.000000,4.000000,4.000000,4.000000,4.000000,4.000000,4.000000,4.000000,4.000000,4.000000,4.000000,4.000000,100.000000,,,,,,,,,,,,,,,,,,,,,,,,,,,,,,,,,,,,,,,,,,,,,,,,,,,,,,,,,,,,,,,,,,,,,,,,,,,,,,,,,,,,,,
1676060297.744406,1676060297.744813,62.000000,0.000000,4305.897461,4315.769043,4330.128418,4317.179688,4318.974121,4295.641113,4301.153809,4317.436035,4302.179688,4299.487305,4471.922852,4495.000000,4379.358887,4439.743652,0.000000,4.000000,85.000000,,,,0.000000,4.000000,4.000000,4.000000,4.000000,4.000000,4.000000,4.000000,4.000000,4.000000,4.000000,4.000000,4.000000,4.000000,4.000000,100.000000,,,,,,,,,,,,,,,,,1.183359,3.603720,1.952982,1.439785,1.227911,9.214198,3.808753,1.721841,1.473675,1.130040,1.507289,4.037778,2.274784,1.782573,1.139983,3.174696,2.890075,1.284716,1.151334,0.986074,0.496791,0.621501,0.519825,0.750808,0.520302,0.482906,0.486266,0.493721,0.693698,0.606599,0.970999,0.725724,1.073945,1.176127,0.754743,0.931368,3.093779,2.241614,1.889338,1.110660,0.568803,2.071725,1.647372,1.908551,1.038530,0.803190,1.177123,2.244875,2.852198,1.653443,3.891489,5.213070,4.528297,3.069349,1.766358,1.578361,6.294218,3.911270,2.489959,1.729874,4.636809,3.856165,3.074869,2.655075,1.894833,2.222629,4.305717,2.558875,2.093280,1.620495
1676060297.752215,1676060297.752522,63.000000,0.000000,4301.794922,4314.487305,4328.205078,4312.820313,4320.641113,4297.948730,4298.461426,4307.436035,4292.436035,4284.743652,4468.846191,4491.025879,4381.538574,4430.897461,0.000000,4.000000,85.000000,,,,0.000000,4.000000,4.000000,4.000000,4.000000,4.000000,4.000000,4.000000,4.000000,4.000000,4.000000,4.000000,4.000000,4.000000,4.000000,100.000000,,,,,,,,,,,,,,,,,,,,,,,,,,,,,,,,,,,,,,,,,,,,,,,,,,,,,,,,,,,,,,,,,,,,,,,,,,,,,,,,,,,,,,
1676060297.760023,1676060297.760330,64.000000,0.000000,4279.102539,4289.230957,4308.333496,4290.512695,4308.974121,4293.333496,4290.512695,4278.077148,4264.230957,4247.692383,4442.179688,4460.256348,4350.128418,4410.256348,2515.000000,4.000000,85.000000,,,,0.000000,4.000000,4.000000,4.000000,4.000000,4.000000,4.000000,4.000000,4.000000,4.000000,4.000000,4.000000,4.000000,4.000000,4.000000,100.000000,,,,,,,,,,,,,,,,,,,,,,,,,,,,,,,,,,,,,,,,,,,,,,,,,,,,,,,,,,,,,,,,,,,,,,,,,,,,,,,,,,,,,,
1676060297.767831,1676060297.768039,65.000000,0.000000,4285.897461,4293.589844,4311.794922,4298.589844,4318.589844,4304.102539,4296.538574,4282.051270,4264.230957,4253.589844,4437.436035,4458.846191,4343.846191,4416.922852,2478.000000,4.000000,85.000000,,,,0.000000,4.000000,4.000000,4.000000,4.000000,4.000000,4.000000,4.000000,4.000000,4.000000,4.000000,4.000000,4.000000,4.000000,4.000000,100.000000,,,,,,,,,,,,,,,,,,,,,,,,,,,,,,,,,,,,,,,,,,,,,,,,,,,,,,,,,,,,,,,,,,,,,,,,,,,,,,,,,,,,,,
1676060297.775640,1676060297.775947,66.000000,0.000000,4304.358887,4310.256348,4330.128418,4316.025879,4332.307617,4318.333496,4312.436035,4304.102539,4282.179688,4289.615234,4452.948730,4483.846191,4363.717773,4428.717773,2408.000000,4.000000,85.000000,,,,0.000000,4.000000,4.000000,4.000000,4.000000,4.000000,4.000000,4.000000,4.000000,4.000000,4.000000,4.000000,4.000000,4.000000,4.000000,100.000000,,,,,,,,,,,,,,,,,,,,,,,,,,,,,,,,,,,,,,,,,,,,,,,,,,,,,,,,,,,,,,,,,,,,,,,,,,,,,,,,,,,,,,
1676060297.783448,1676060297.783756,67.000000,0.000000,4290.769043,4296.025879,4321.538574,4302.307617,4320.769043,4306.794922,4309.871582,4299.743652,4277.948730,4285.128418,4448.333496,4478.205078,4356.538574,4413.077148,2476.000000,4.000000,85.000000,,,,0.000000,4.000000,4.000000,4.000000,4.000000,4.000000,4.000000,4.000000,4.000000,4.000000,4.000000,4.000000,4.000000,4.000000,4.000000,100.000000,,,,,,,,,,,,,,,,,,,,,,,,,,,,,,,,,,,,,,,,,,,,,,,,,,,,,,,,,,,,,,,,,,,,,,,,,,,,,,,,,,,,,,
1676060297.791257,1676060297.791564,68.000000,0.000000,4270.000000,4276.282227,4297.692383,4279.615234,4304.615234,4293.717773,4294.743652,4287.436035,4264.871582,4253.717773,4427.948730,4449.230957,4331.538574,4396.282227,2433.000000,4.000000,85.000000,,,,0.000000,4.000000,4.000000,4.000000,4.000000,4.000000,4.000000,4.000000,4.000000,4.000000,4.000000,4.000000,4.000000,4.000000,4.000000,100.000000,,,,,,,,,,,,,,,,,,,,,,,,,,,,,,,,,,,,,,,,,,,,,,,,,,,,,,,,,,,,,,,,,,,,,,,,,,,,,,,,,,,,,,
1676060297.799065,1676060297.799273,69.000000,0.000000,4283.333496,4295.000000,4301.025879,4291.282227,4314.358887,4306.410156,4304.358887,4306.794922,4285.128418,4275.000000,4448.589844,4468.333496,4352.307617,4418.461426,2376.000000,4.000000,85.000000,,,,0.000000,4.000000,4.000000,4.000000,4.000000,4.000000,4.000000,4.000000,4.000000,4.000000,4.000000,4.000000,4.000000,4.000000,4.000000,100.000000,,,,,,,,,,,,,,,,,,,,,,,,,,,,,,,,,,,,,,,,,,,,,,,,,,,,,,,,,,,,,,,,,,,,,,,,,,,,,,,,,,,,,,
1676060297.806873,1676060297.807181,70.000000,0.000000,4297.179688,4309.615234,4317.051270,4306.666504,4323.205078,4313.974121,4315.256348,4329.358887,4313.461426,4303.461426,4481.538574,4500.769043,4382.051270,4438.333496,2229.000000,4.000000,85.000000,,,,0.000000,4.000000,4.000000,4.000000,4.000000,4.000000,4.000000,4.000000,4.000000,4.000000,4.000000,4.000000,4.000000,4.000000,4.000000,100.000000,,,,,,,,,,,,,,,,,,,,,,,,,,,,,,,,,,,,,,,,,,,,,,,,,,,,,,,,,,,,,,,,,,,,,,,,,,,,,,,,,,,,,,
1676060297.814682,1676060297.814989,71.000000,0.000000,4279.230957,4290.000000,4307.179688,4292.307617,4307.692383,4295.769043,4291.666504,4314.230957,4302.948730,4276.666504,4463.461426,4473.974121,4359.743652,4412.179688,2217.000000,4.000000,85.000000,,,,0.000000,4.000000,4.000000,4.000000,4.000000,4.000000,4.000000,4.000000,4.000000,4.000000,4.000000,4.000000,4.000000,4.000000,4.000000,100.000000,,,,,,,,,,,,,,,,,,,,,,,,,,,,,,,,,,,,,,,,,,,,,,,,,,,,,,,,,,,,,,,,,,,,,,,,,,,,,,,,,,,,,,
1676060297.822490,1676060297.822898,72.000000,0.000000,4259.230957,4272.563965,4278.974121,4271.025879,4289.871582,4278.205078,4264.358887,4283.333496,4276.410156,4254.615234,4434.230957,4426.922852,4327.692383,4382.051270,2272.000000,4.000000,85.000000,,,,0.000000,4.000000,4.000000,4.000000,4.000000,4.000000,4.000000,4.000000,4.000000,4.000000,4.000000,4.000000,4.000000,4.000000,4.000000,100.000000,,,,,,,,,,,,,,,,,,,,,,,,,,,,,,,,,,,,,,,,,,,,,,,,,,,,,,,,,,,,,,,,,,,,,,,,,,,,,,,,,,,,,,
1676060297.830299,1676060297.830706,73.000000,0.000000,4267.563965,4277.436035,4275.384766,4276.666504,4291.666504,4278.717773,4273.077148,4282.820313,4277.051270,4274.871582,4453.205078,4433.333496,4343.589844,4395.256348,2249.000000,4.000000,85.000000,,,,0.000000,4.000000,4.000000,4.000000,4.000000,4.000000,4.000000,4.000000,4.000000,4.000000,4.000000,4.000000,4.000000,4.000000,4.000000,100.000000,,,,,,,,,,,,,,,,,,,,,,,,,,,,,,,,,,,,,,,,,,,,,,,,,,,,,,,,,,,,,,,,,,,,,,,,,,,,,,,,,,,,,,
1676060297.838107,1676060297.838615,74.000000,0.000000,4286.153809,4285.256348,4298.205078,4290.769043,4300.256348,4285.897461,4293.461426,4301.282227,4294.230957,4290.384766,4490.641113,4467.307617,4378.333496,4425.256348,2737.000000,4.000000,85.000000,,,,0.000000,4.000000,4.000000,4.000000,4.000000,4.000000,4.000000,4.000000,4.000000,4.000000,4.000000,4.000000,4.000000,4.000000,4.000000,100.000000,,,,,,,,,,,,,,,,,,,,,,,,,,,,,,,,,,,,,,,,,,,,,,,,,,,,,,,,,,,,,,,,,,,,,,,,,,,,,,,,,,,,,,
1676060297.845915,1676060297.846423,75.000000,0.000000,4290.769043,4279.230957,4308.589844,4284.871582,4300.384766,4287.051270,4295.128418,4297.436035,4294.102539,4279.102539,4506.666504,4468.717773,4381.794922,4425.512695,2912.000000,4.000000,85.000000,,,,0.000000,4.000000,4.000000,4.000000,4.000000,4.000000,4.000000,4.000000,4.000000,4.000000,4.000000,4.000000,4.000000,4.000000,4.000000,100.000000,,,,,,,,,,,,,,,,,,,,,,,,,,,,,,,,,,,,,,,,,,,,,,,,,,,,,,,,,,,,,,,,,,,,,,,,,,,,,,,,,,,,,,
1676060297.853724,1676060297.854331,76.000000,0.000000,4295.512695,4270.256348,4311.282227,4285.128418,4308.205078,4295.384766,4301.794922,4298.333496,4296.794922,4277.563965,4536.794922,4474.102539,4391.282227,4431.666504,3121.000000,4.000000,85.000000,,,,0.000000,4.000000,4.000000,4.000000,4.000000,4.000000,4.000000,4.000000,4.000000,4.000000,4.000000,4.000000,4.000000,4.000000,4.000000,100.000000,,,,,,,,,,,,,,,,,,,,,,,,,,,,,,,,,,,,,,,,,,,,,,,,,,,,,,,,,,,,,,,,,,,,,,,,,,,,,,,,,,,,,,
1676060297.861532,1676060297.862140,77.000000,0.000000,4305.000000,4266.794922,4325.384766,4299.615234,4322.051270,4314.102539,4322.563965,4322.179688,4314.102539,4296.794922,4588.846191,4505.384766,4429.230957,4462.179688,3234.000000,4.000000,85.000000,,,,0.000000,4.000000,4.000000,4.000000,4.000000,4.000000,4.000000,4.000000,4.000000,4.000000,4.000000,4.000000,4.000000,4.000000,4.000000,100.000000,,,,,,,,,,,,,,,,,,,,,,,,,,,,,,,,,,,,,,,,,,,,,,,,,,,,,,,,,,,,,,,,,,,,,,,,,,,,,,,,,,,,,,
1676060297.869341,1676060297.870048,78.000000,0.000000,4292.692383,4256.025879,4323.846191,4291.666504,4318.717773,4310.769043,4317.948730,4324.102539,4310.256348,4303.974121,4604.615234,4508.589844,4434.615234,4459.102539,2737.000000,4.000000,85.000000,,,,0.000000,4.000000,4.000000,4.000000,4.000000,4.000000,4.000000,4.000000,4.000000,4.000000,4.000000,4.000000,4.000000,4.000000,4.000000,100.000000,1.000000,75.000000,4.000000,4.000000,3.000000,4.000000,4.000000,4.000000,4.000000,4.000000,4.000000,3.000000,3.000000,3.000000,3.000000,3.000000,1.105339,4.936972,1.707559,1.372193,1.336032,10.072504,4.918629,1.658530,1.398819,1.151414,1.386177,5.993361,1.975441,1.653384,1.192046,3.673466,4.022463,1.190241,1.097651,0.997407,0.563485,0.808280,0.402357,0.695415,0.532949,0.375007,0.439907,0.277359,0.602208,0.600806,0.771685,0.691292,0.896650,1.147020,0.802012,0.875963,2.874503,2.053419,1.790134,1.160703,0.607920,2.024664,1.513744,1.860243,1.104479,0.766818,1.313712,2.476629,2.774620,1.568557,4.928358,5.478480,4.352418,2.910233,1.789471,1.402841,8.246351,3.656042,2.303569,1.858999,5.084948,4.835191,2.754459,2.542054,1.987123,2.144822,5.772937,2.256662,1.926162,1.689034
1676060297.877149,1676060297.877857,79.000000,0.000000,4264.871582,4227.307617,4292.563965,4263.717773,4297.563965,4284.615234,4285.769043,4296.922852,4283.077148,4286.025879,4575.769043,4470.256348,4395.897461,4416.666504,2912.000000,4.000000,85.000000,,,,0.000000,4.000000,4.000000,4.000000,4.000000,4.000000,4.000000,4.000000,4.000000,4.000000,4.000000,4.000000,4.000000,4.000000,4.000000,100.000000,,,,,,,,,,,,,,,,,,,,,,,,,,,,,,,,,,,,,,,,,,,,,,,,,,,,,,,,,,,,,,,,,,,,,,,,,,,,,,,,,,,,,,
1676060297.884957,1676060297.885565,80.000000,0.000000,4257.051270,4210.256348,4271.025879,4255.000000,4281.410156,4275.384766,4272.692383,4284.871582,4272.820313,4271.282227,4562.820313,4447.692383,4375.897461,4395.256348,3121.000000,4.000000,85.000000,,,,0.000000,4.000000,4.000000,4.000000,4.000000,4.000000,4.000000,4.000000,4.000000,4.000000,4.000000,4.000000,4.000000,4.000000,4.000000,100.000000,,,,,,,,,,,,,,,,,,,,,,,,,,,,,,,,,,,,,,,,,,,,,,,,,,,,,,,,,,,,,,,,,,,,,,,,,,,,,,,,,,,,,,
1676060297.892766,1676060297.893374,81.000000,0.000000,4263.205078,4218.717773,4275.897461,4265.256348,4280.000000,4281.922852,4282.179688,4295.256348,4288.846191,4278.717773,4589.102539,4460.384766,4393.974121,4409.871582,3234.000000,4.000000,85.000000,,,,0.000000,4.000000,4.000000,4.000000,4.000000,4.000000,4.000000,4.000000,4.000000,4.000000,4.000000,4.000000,4.000000,4.000000,4.000000,100.000000,,,,,,,,,,,,,,,,,,,,,,,,,,,,,,,,,,,,,,,,,,,,,,,,,,,,,,,,,,,,,,,,,,,,,,,,,,,,,,,,,,,,,,
1676060297.900574,1676060297.901082,82.000000,0.000000,4261.794922,4220.641113,4279.615234,4271.410156,4279.358887,4278.717773,4282.948730,4304.487305,4297.692383,4282.820313,4615.000000,4476.153809,4408.974121,4422.307617,2737.000000,4.000000,85.000000,,,,0.000000,4.000000,4.000000,4.000000,4.000000,4.000000,4.000000,4.000000,4.000000,4.000000,4.000000,4.000000,4.000000,4.000000,4.000000,100.000000,,,,,,,,,,,,,,,,,,,,,,,,,,,,,,,,,,,,,,,,,,,,,,,,,,,,,,,,,,,,,,,,,,,,,,,,,,,,,,,,,,,,,,
1676060297.908382,1676060297.908891,83.000000,0.000000,4265.641113,4214.487305,4277.307617,4277.051270,4275.128418,4269.487305,4279.102539,4308.589844,4292.436035,4278.077148,4628.974121,4485.128418,4410.641113,4425.512695,2912.000000,4.000000,85.000000,,,,0.000000,4.000000,4.000000,4.000000,4.000000,4.000000,4.000000,4.000000,4.000000,4.000000,4.000000,4.000000,4.000000,4.000000,4.000000,100.000000,,,,,,,,,,,,,,,,,,,,,,,,,,,,,,,,,,,,,,,,,,,,,,,,,,,,,,,,,,,,,,,,,,,,,,,,,,,,,,,,,,,,,,
1676060297.916191,1676060297.916599,84.000000,0.000000,4288.333496,4223.333496,4291.282227,4292.307617,4281.410156,4276.794922,4290.769043,4316.794922,4302.307617,4285.384766,4653.589844,4503.077148,4419.743652,4440.641113,3121.000000,4.000000,85.000000,,,,0.000000,4.000000,4.000000,4.000000,4.000000,4.000000,4.000000,4.000000,4.000000,4.000000,4.000000,4.000000,4.000000,4.000000,4.000000,100.000000,,,,,,,,,,,,,,,,,,,,,,,,,,,,,,,,,,,,,,,,,,,,,,,,,,,,,,,,,,,,,,,,,,,,,,,,,,,,,,,,,,,,,,
1676060297.923999,1676060297.924408,85.000000,0.000000,4304.615234,4240.512695,4311.410156,4308.974121,4295.769043,4295.000000,4305.897461,4322.948730,4319.615234,4291.153809,4676.410156,4526.025879,4437.179688,4462.563965,3234.000000,4.000000,85.000000,,,,0.000000,4.000000,4.000000,4.000000,4.000000,4.000000,4.000000,4.000000,4.000000,4.000000,4.000000,4.000000,4.000000,4.000000,4.000000,100.000000,,,,,,,,,,,,,,,,,,,,,,,,,,,,,,,,,,,,,,,,,,,,,,,,,,,,,,,,,,,,,,,,,,,,,,,,,,,,,,,,,,,,,,
1676060297.931807,1676060297.932116,86.000000,0.000000,4290.256348,4234.358887,4311.153809,4306.538574,4298.077148,4295.641113,4298.974121,4311.922852,4306.538574,4280.769043,4667.051270,4527.820313,4430.769043,4459.487305,2737.000000,4.000000,85.000000,,,,0.000000,4.000000,4.000000,4.000000,4.000000,4.000000,4.000000,4.000000,4.000000,4.000000,4.000000,4.000000,4.000000,4.000000,4.000000,100.000000,,,,,,,,,,,,,,,,,,,,,,,,,,,,,,,,,,,,,,,,,,,,,,,,,,,,,,,,,,,,,,,,,,,,,,,,,,,,,,,,,,,,,,
1676060297.939616,1676060297.940024,87.000000,0.000000,4276.410156,4217.179688,4299.358887,4292.563965,4292.436035,4281.794922,4282.692383,4291.794922,4278.846191,4275.641113,4642.179688,4507.436035,4409.615234,4439.871582,2912.000000,4.000000,85.000000,,,,0.000000,4.000000,4.000000,4.000000,4.000000,4.000000,4.000000,4.000000,4.000000,4.000000,4.000000,4.000000,4.000000,4.000000,4.000000,100.000000,,,,,,,,,,,,,,,,,,,,,,,,,,,,,,,,,,,,,,,,,,,,,,,,,,,,,,,,,,,,,,,,,,,,,,,,,,,,,,,,,,,,,,
1676060297.947424,1676060297.947833,88.000000,0.000000,4288.846191,4224.743652,4295.000000,4294.230957,4292.051270,4279.358887,4277.692383,4279.615234,4275.769043,4282.820313,4636.410156,4495.000000,4413.077148,4441.025879,3121.000000,4.000000,85.000000,,,,0.000000,4.000000,4.000000,4.000000,4.000000,4.000000,4.000000,4.000000,4.000000,4.000000,4.000000,4.000000,4.000000,4.000000,4.000000,100.000000,,,,,,,,,,,,,,,,,,,,,,,,,,,,,,,,,,,,,,,,,,,,,,,,,,,,,,,,,,,,,,,,,,,,,,,,,,,,,,,,,,,,,,
1676060297.955233,1676060297.955741,89.000000,0.000000,4294.871582,4238.974121,4294.743652,4301.922852,4292.051270,4284.615234,4279.487305,4278.461426,4282.436035,4281.794922,4633.333496,4494.358887,4412.692383,4442.307617,3234.000000,4.000000,85.000000,,,,0.000000,4.000000,4.000000,4.000000,4.000000,4.000000,4.000000,4.000000,4.000000,4.000000,4.000000,4.000000,4.000000,4.000000,4.000000,100.000000,,,,,,,,,,,,,,,,,,,,,,,,,,,,,,,,,,,,,,,,,,,,,,,,,,,,,,,,,,,,,,,,,,,,,,,,,,,,,,,,,,,,,,
1676060297.963041,1676060297.963550,90.000000,0.000000,4279.615234,4235.897461,4292.179688,4297.948730,4289.487305,4283.974121,4280.256348,4286.538574,4281.410156,4278.077148,4614.615234,4491.282227,4391.153809,4427.051270,2737.000000,4.000000,85.000000,,,,0.000000,4.000000,4.000000,4.000000,4.000000,4.000000,4.000000,4.000000,4.000000,4.000000,4.000000,4.000000,4.000000,4.000000,4.000000,100.000000,,,,,,,,,,,,,,,,,,,,,,,,,,,,,,,,,,,,,,,,,,,,,,,,,,,,,,,,,,,,,,,,,,,,,,,,,,,,,,,,,,,,,,
1676060297.970849,1676060297.971358,91.000000,0.000000,4276.153809,4232.179688,4293.717773,4295.769043,4287.563965,4279.743652,4281.153809,4295.000000,4285.641113,4280.384766,4602.692383,4493.589844,4388.077148,4426.794922,2912.000000,4.000000,85.000000,,,,0.000000,4.000000,4.000000,4.000000,4.000000,4.000000,4.000000,4.000000,4.000000,4.000000,4.000000,4.000000,4.000000,4.000000,4.000000,100.000000,,,,,,,,,,,,,,,,,,,,,,,,,,,,,,,,,,,,,,,,,,,,,,,,,,,,,,,,,,,,,,,,,,,,,,,,,,,,,,,,,,,,,,
1676060297.978658,1676060297.979067,92.000000,0.000000,4284.102539,4235.256348,4297.436035,4299.102539,4277.820313,4278.461426,4281.282227,4298.717773,4292.820313,4275.512695,4603.333496,4504.102539,4402.820313,4435.128418,3121.000000,4.000000,85.000000,,,,0.000000,4.000000,4.000000,4.000000,4.000000,4.000000,4.000000,4.000000,4.000000,4.000000,4.000000,4.000000,4.000000,4.000000,4.000000,100.000000,,,,,,,,,,,,,,,,,,,,,,,,,,,,,,,,,,,,,,,,,,,,,,,,,,,,,,,,,,,,,,,,,,,,,,,,,,,,,,,,,,,,,,
1676060297.986466,1676060297.986975,93.000000,0.000000,4281.538574,4234.871582,4296.794922,4297.436035,4267.948730,4278.333496,4283.589844,4303.974121,4298.461426,4278.461426,4598.461426,4506.153809,4405.128418,4432.307617,3234.000000,4.000000,85.000000,,,,0.000000,4.000000,4.000000,4.000000,4.000000,4.000000,4.000000,4.000000,4.000000,4.000000,4.000000,4.000000,4.000000,4.000000,4.000000,100.000000,,,,,,,,,,,,,,,,,,,,,,,,,,,,,,,,,,,,,,,,,,,,,,,,,,,,,,,,,,,,,,,,,,,,,,,,,,,,,,,,,,,,,,
1676060297.994275,1676060297.994783,94.000000,0.000000,4279.102539,4228.846191,4293.846191,4293.333496,4261.794922,4269.230957,4283.077148,4302.307617,4296.922852,4282.051270,4585.384766,4496.538574,4394.743652,4432.820313,2737.000000,4.000000,85.000000,,,,0.000000,4.000000,4.000000,4.000000,4.000000,4.000000,4.000000,4.000000,4.000000,4.000000,4.000000,4.000000,4.000000,4.000000,4.000000,100.000000,,,,,,,,,,,,,,,,,0.999138,6.350194,1.497755,1.273458,1.426947,10.488011,6.073081,1.697202,1.322354,1.179986,1.290597,8.108753,1.740889,1.501722,1.231804,4.021076,5.209145,1.180115,1.034700,1.019707,0.725213,1.129816,0.364915,0.625040,0.565754,0.318680,0.396691,0.169036,0.501313,0.609993,0.635264,0.703295,0.832079,1.062551,0.868067,0.867459,2.651684,1.858013,1.630824,1.200599,0.658778,1.900840,1.431932,1.715684,1.186110,0.773748,1.517154,2.594525,2.500340,1.506976,6.187329,5.725780,4.101963,2.664221,1.826382,1.227591,10.210847,3.341029,2.063841,1.986618,5.381799,5.988506,2.414410,2.349203,2.042447,2.035949,7.537944,1.989003,1.717818,1.756387
1676060298.002083,1676060298.002692,95.000000,0.000000,4279.230957,4219.102539,4291.794922,4286.922852,4254.102539,4258.333496,4278.333496,4296.666504,4287.436035,4267.692383,4580.000000,4494.230957,4391.922852,4438.974121,2912.000000,4.000000,85.000000,,,,0.000000,4.000000,4.000000,4.000000,4.000000,4.000000,4.000000,4.000000,4.000000,4.000000,4.000000,4.000000,4.000000,4.000000,4.000000,100.000000,,,,,,,,,,,,,,,,,,,,,,,,,,,,,,,,,,,,,,,,,,,,,,,,,,,,,,,,,,,,,,,,,,,,,,,,,,,,,,,,,,,,,,
1676060298.009891,1676060298.010500,96.000000,0.000000,4281.538574,4216.666504,4296.025879,4280.256348,4253.589844,4262.051270,4288.205078,4305.897461,4290.897461,4266.410156,4591.025879,4508.461426,4408.205078,4446.282227,3121.000000,4.000000,85.000000,,,,0.000000,4.000000,4.000000,4.000000,4.000000,4.000000,4.000000,4.000000,4.000000,4.000000,4.000000,4.000000,4.000000,4.000000,4.000000,100.000000,,,,,,,,,,,,,,,,,,,,,,,,,,,,,,,,,,,,,,,,,,,,,,,,,,,,,,,,,,,,,,,,,,,,,,,,,,,,,,,,,,,,,,
1676060298.017700,1676060298.018409,97.000000,0.000000,4288.846191,4223.846191,4302.179688,4282.436035,4263.333496,4268.077148,4299.358887,4311.922852,4299.102539,4284.743652,4592.563965,4511.922852,4417.307617,4448.205078,3234.000000,4.000000,85.000000,,,,0.000000,4.000000,4.000000,4.000000,4.000000,4.000000,4.000000,4.000000,4.000000,4.000000,4.000000,4.000000,4.000000,4.000000,4.000000,100.000000,,,,,,,,,,,,,,,,,,,,,,,,,,,,,,,,,,,,,,,,,,,,,,,,,,,,,,,,,,,,,,,,,,,,,,,,,,,,,,,,,,,,,,
1676060298.025508,1676060298.026217,98.000000,0.000000,4287.051270,4221.922852,4295.641113,4288.077148,4271.410156,4265.897461,4287.051270,4296.025879,4286.538574,4286.794922,4572.948730,4492.436035,4398.205078,4438.077148,2737.000000,4.000000,85.000000,,,,0.000000,4.000000,4.000000,4.000000,4.000000,4.000000,4.000000,4.000000,4.000000,4.000000,4.000000,4.000000,4.000000,4.000000,4.000000,100.000000,,,,,,,,,,,,,,,,,,,,,,,,,,,,,,,,,,,,,,,,,,,,,,,,,,,,,,,,,,,,,,,,,,,,,,,,,,,,,,,,,,,,,,
1676060298.033316,1676060298.034125,99.000000,0.000000,4281.025879,4217.692383,4288.846191,4294.102539,4281.538574,4272.436035,4281.025879,4289.230957,4275.769043,4273.717773,4567.179688,4489.102539,4395.000000,4434.230957,2912.000000,4.000000,85.000000,,,,0.000000,4.000000,4.000000,4.000000,4.000000,4.000000,4.000000,4.000000,4.000000,4.000000,4.000000,4.000000,4.000000,4.000000,4.000000,100.000000,,,,,,,,,,,,,,,,,,,,,,,,,,,,,,,,,,,,,,,,,,,,,,,,,,,,,,,,,,,,,,,,,,,,,,,,,,,,,,,,,,,,,,
1676060298.041125,1676060298.041934,100.000000,0.000000,4282.948730,4220.384766,4296.794922,4296.153809,4293.717773,4285.769043,4297.820313,4297.179688,4281.794922,4267.563965,4576.282227,4505.512695,4415.000000,4443.846191,3121.000000,4.000000,85.000000,,,,0.000000,4.000000,4.000000,4.000000,4.000000,4.000000,4.000000,4.000000,4.000000,4.000000,4.000000,4.000000,4.000000,4.000000,4.000000,100.000000,,,,,,,,,,,,,,,,,,,,,,,,,,,,,,,,,,,,,,,,,,,,,,,,,,,,,,,,,,,,,,,,,,,,,,,,,,,,,,,,,,,,,,
1676060298.048933,1676060298.049842,101.000000,0.000000,4280.641113,4215.769043,4296.922852,4286.153809,4287.307617,4283.333496,4299.871582,4287.820313,4273.205078,4262.051270,4563.205078,4498.077148,4405.512695,4435.512695,3234.000000,4.000000,85.000000,,,,0.000000,4.000000,4.000000,4.000000,4.000000,4.000000,4.000000,4.000000,4.000000,4.000000,4.000000,4.000000,4.000000,4.000000,4.000000,100.000000,,,,,,,,,,,,,,,,,,,,,,,,,,,,,,,,,,,,,,,,,,,,,,,,,,,,,,,,,,,,,,,,,,,,,,,,,,,,,,,,,,,,,,
1676060298.056742,1676060298.057651,102.000000,0.000000,4280.128418,4210.641113,4291.666504,4285.256348,4280.384766,4278.205078,4288.333496,4279.615234,4262.820313,4266.153809,4545.897461,4486.410156,4385.128418,4422.179688,2737.000000,4.000000,85.000000,,,,0.000000,4.000000,4.000000,4.000000,4.000000,4.000000,4.000000,4.000000,4.000000,4.000000,4.000000,4.000000,4.000000,4.000000,4.000000,100.000000,,,,,,,,,,,,,,,,,,,,,,,,,,,,,,,,,,,,,,,,,,,,,,,,,,,,,,,,,,,,,,,,,,,,,,,,,,,,,,,,,,,,,,
1676060298.064550,1676060298.065359,103.000000,0.000000,4295.897461,4225.384766,4307.051270,4302.820313,4296.282227,4290.384766,4302.307617,4300.897461,4285.769043,4290.641113,4563.717773,4510.384766,4404.615234,4444.615234,2912.000000,4.000000,85.000000,,,,0.000000,4.000000,4.000000,4.000000,4.000000,4.000000,4.000000,4.000000,4.000000,4.000000,4.000000,4.000000,4.000000,4.000000,4.000000,100.000000,,,,,,,,,,,,,,,,,,,,,,,,,,,,,,,,,,,,,,,,,,,,,,,,,,,,,,,,,,,,,,,,,,,,,,,,,,,,,,,,,,,,,,
1676060298.072358,1676060298.073268,104.000000,0.000000,4299.102539,4246.025879,4313.333496,4307.948730,4298.589844,4296.282227,4314.871582,4319.487305,4305.512695,4299.871582,4576.666504,4524.358887,4424.102539,4460.256348,3121.000000,4.000000,85.000000,,,,0.000000,4.000000,4.000000,4.000000,4.000000,4.000000,4.000000,4.000000,4.000000,4.000000,4.000000,4.000000,4.000000,4.000000,4.000000,100.000000,,,,,,,,,,,,,,,,,,,,,,,,,,,,,,,,,,,,,,,,,,,,,,,,,,,,,,,,,,,,,,,,,,,,,,,,,,,,,,,,,,,,,,
1676060298.080167,1676060298.081076,105.000000,0.000000,4282.436035,4246.666504,4292.948730,4297.948730,4282.563965,4285.897461,4303.333496,4312.179688,4300.897461,4286.794922,4556.025879,4501.282227,4406.666504,4439.230957,3234.000000,4.000000,85.000000,,,,0.000000,4.000000,4.000000,4.000000,4.000000,4.000000,4.000000,4.000000,4.000000,4.000000,4.000000,4.000000,4.000000,4.000000,4.000000,100.000000,,,,,,,,,,,,,,,,,,,,,,,,,,,,,,,,,,,,,,,,,,,,,,,,,,,,,,,,,,,,,,,,,,,,,,,,,,,,,,,,,,,,,,
1676060298.087975,1676060298.088884,106.000000,0.000000,4278.077148,4237.179688,4278.974121,4294.743652,4277.948730,4278.717773,4293.717773,4304.230957,4297.948730,4279.230957,4539.871582,4487.563965,4389.102539,4427.179688,2737.000000,4.000000,85.000000,,,,0.000000,4.000000,4.000000,4.000000,4.000000,4.000000,4.000000,4.000000,4.000000,4.000000,4.000000,4.000000,4.000000,4.000000,4.000000,100.000000,,,,,,,,,,,,,,,,,,,,,,,,,,,,,,,,,,,,,,,,,,,,,,,,,,,,,,,,,,,,,,,,,,,,,,,,,,,,,,,,,,,,,,
1676060298.095784,1676060298.096593,107.000000,0.000000,4272.179688,4229.487305,4271.025879,4280.769043,4270.769043,4266.025879,4284.487305,4299.615234,4288.333496,4270.384766,4526.025879,4481.025879,4381.282227,4423.077148,2912.000000,4.000000,85.000000,,,,0.000000,4.000000,4.000000,4.000000,4.000000,4.000000,4.000000,4.000000,4.000000,4.000000,4.000000,4.000000,4.000000,4.000000,4.000000,100.000000,,,,,,,,,,,,,,,,,,,,,,,,,,,,,,,,,,,,,,,,,,,,,,,,,,,,,,,,,,,,,,,,,,,,,,,,,,,,,,,,,,,,,,
1676060298.103592,1676060298.104401,108.000000,0.000000,4257.692383,4226.025879,4264.871582,4263.974121,4256.794922,4253.077148,4276.794922,4292.820313,4275.384766,4255.897461,4509.871582,4468.205078,4372.051270,4411.153809,3121.000000,4.000000,85.000000,,,,0.000000,4.000000,4.000000,4.000000,4.000000,4.000000,4.000000,4.000000,4.000000,4.000000,4.000000,4.000000,4.000000,4.000000,4.000000,100.000000,,,,,,,,,,,,,,,,,,,,,,,,,,,,,,,,,,,,,,,,,,,,,,,,,,,,,,,,,,,,,,,,,,,,,,,,,,,,,,,,,,,,,,
1676060298.111400,1676060298.112110,109.000000,0.000000,4269.102539,4238.589844,4281.153809,4278.333496,4262.820313,4263.461426,4289.615234,4301.282227,4288.846191,4266.666504,4519.230957,4480.641113,4377.563965,4420.128418,3234.000000,4.000000,85.000000,,,,0.000000,4.000000,4.000000,4.000000,4.000000,4.000000,4.000000,4.000000,4.000000,4.000000,4.000000,4.000000,4.000000,4.000000,4.000000,100.000000,,,,,,,,,,,,,,,,,,,,,,,,,,,,,,,,,,,,,,,,,,,,,,,,,,,,,,,,,,,,,,,,,,,,,,,,,,,,,,,,,,,,,,
1676060298.119209,1676060298.119918,110.000000,0.000000,4296.282227,4266.666504,4304.871582,4301.538574,4279.358887,4280.769043,4311.153809,4317.820313,4309.487305,4295.000000,4537.692383,4507.436035,4394.230957,4445.256348,2737.000000,4.000000,85.000000,,,,0.000000,4.000000,4.000000,4.000000,4.000000,4.000000,4.000000,4.000000,4.000000,4.000000,4.000000,4.000000,4.000000,4.000000,4.000000,100.000000,,,,,,,,,,,,,,,,,0.956636,7.657918,1.299295,1.133341,1.464225,10.636233,7.034275,1.718235,1.214807,1.195882,1.291439,10.066969,1.550251,1.323387,1.242930,4.168284,6.223446,1.167097,0.940900,1.033427,0.969619,1.604830,0.367224,0.545390,0.601585,0.345743,0.393379,0.150844,0.405608,0.627110,0.613111,0.815787,0.841230,0.937008,0.924705,0.890903,2.474175,1.650814,1.433976,1.211676,0.709823,1.742613,1.351668,1.503468,1.255023,0.854490,1.803249,2.503376,2.102151,1.469502,7.720343,6.128160,3.760290,2.372578,1.853017,1.190645,11.805179,2.972681,1.795587,2.075645,5.649173,7.225868,2.091452,2.105641,2.043288,2.006040,9.389732,1.765963,1.487786,1.792770
1676060298.127017,1676060298.127627,111.000000,0.000000,4302.563965,4291.025879,4313.077148,4313.333496,4288.589844,4288.333496,4314.871582,4319.615234,4306.153809,4298.846191,4531.538574,4509.230957,4390.897461,4446.153809,2912.000000,4.000000,85.000000,,,,0.000000,4.000000,4.000000,4.000000,4.000000,4.000000,4.000000,4.000000,4.000000,4.000000,4.000000,4.000000,4.000000,4.000000,4.000000,100.000000,,,,,,,,,,,,,,,,,,,,,,,,,,,,,,,,,,,,,,,,,,,,,,,,,,,,,,,,,,,,,,,,,,,,,,,,,,,,,,,,,,,,,,
1676060298.134826,1676060298.135535,112.000000,0.000000,4295.256348,4297.051270,4312.307617,4321.153809,4295.000000,4293.205078,4305.000000,4304.102539,4289.743652,4279.230957,4509.871582,4491.025879,4370.384766,4429.230957,3121.000000,4.000000,85.000000,,,,0.000000,4.000000,4.000000,4.000000,4.000000,4.000000,4.000000,4.000000,4.000000,4.000000,4.000000,4.000000,4.000000,4.000000,4.000000,100.000000,,,,,,,,,,,,,,,,,,,,,,,,,,,,,,,,,,,,,,,,,,,,,,,,,,,,,,,,,,,,,,,,,,,,,,,,,,,,,,,,,,,,,,
1676060298.142634,1676060298.143344,113.000000,0.000000,4291.153809,4296.666504,4303.974121,4321.410156,4298.077148,4291.410156,4295.256348,4282.820313,4278.461426,4264.102539,4491.538574,4476.794922,4353.589844,4417.436035,3234.000000,4.000000,85.000000,,,,0.000000,4.000000,4.000000,4.000000,4.000000,4.000000,4.000000,4.000000,4.000000,4.000000,4.000000,4.000000,4.000000,4.000000,4.000000,100.000000,,,,,,,,,,,,,,,,,,,,,,,,,,,,,,,,,,,,,,,,,,,,,,,,,,,,,,,,,,,,,,,,,,,,,,,,,,,,,,,,,,,,,,
1676060298.150442,1676060298.151152,114.000000,0.000000,4296.794922,4313.077148,4303.077148,4322.307617,4302.692383,4290.641113,4296.922852,4276.410156,4282.692383,4271.410156,4492.563965,4479.615234,4354.615234,4421.153809,2737.000000,4.000000,85.000000,,,,0.000000,4.000000,4.000000,4.000000,4.000000,4.000000,4.000000,4.000000,4.000000,4.000000,4.000000,4.000000,4.000000,4.000000,4.000000,100.000000,,,,,,,,,,,,,,,,,,,,,,,,,,,,,,,,,,,,,,,,,,,,,,,,,,,,,,,,,,,,,,,,,,,,,,,,,,,,,,,,,,,,,,
1676060298.158251,1676060298.158861,115.000000,0.000000,4310.769043,4338.461426,4318.205078,4340.384766,4310.384766,4296.538574,4308.333496,4292.692383,4296.922852,4287.051270,4506.666504,4495.384766,4366.922852,4436.282227,2912.000000,4.000000,85.000000,,,,0.000000,4.000000,4.000000,4.000000,4.000000,4.000000,4.000000,4.000000,4.000000,4.000000,4.000000,4.000000,4.000000,4.000000,4.000000,100.000000,,,,,,,,,,,,,,,,,,,,,,,,,,,,,,,,,,,,,,,,,,,,,,,,,,,,,,,,,,,,,,,,,,,,,,,,,,,,,,,,,,,,,,
1676060298.166059,1676060298.166769,116.000000,0.000000,4308.077148,4342.563965,4324.871582,4348.974121,4303.461426,4291.538574,4308.589844,4305.897461,4297.820313,4281.922852,4499.871582,4497.051270,4358.846191,4433.205078,3121.000000,4.000000,85.000000,,,,0.000000,4.000000,4.000000,4.000000,4.000000,4.000000,4.000000,4.000000,4.000000,4.000000,4.000000,4.000000,4.000000,4.000000,4.000000,100.000000,,,,,,,,,,,,,,,,,,,,,,,,,,,,,,,,,,,,,,,,,,,,,,,,,,,,,,,,,,,,,,,,,,,,,,,,,,,,,,,,,,,,,,
1676060298.173867,1676060298.174578,117.000000,0.000000,4295.512695,4332.307617,4324.102539,4336.410156,4295.128418,4289.487305,4310.897461,4312.051270,4297.820313,4277.179688,4485.897461,4490.384766,4341.153809,4423.974121,3234.000000,4.000000,85.000000,,,,0.000000,4.000000,4.000000,4.000000,4.000000,4.000000,4.000000,4.000000,4.000000,4.000000,4.000000,4.000000,4.000000,4.000000,4.000000,100.000000,,,,,,,,,,,,,,,,,,,,,,,,,,,,,,,,,,,,,,,,,,,,,,,,,,,,,,,,,,,,,,,,,,,,,,,,,,,,,,,,,,,,,,
1676060298.181676,1676060298.182486,118.000000,0.000000,4299.871582,4331.282227,4323.589844,4329.871582,4297.563965,4294.358887,4321.794922,4325.512695,4309.487305,4290.641113,4486.922852,4494.230957,4339.230957,4428.974121,2737.000000,4.000000,85.000000,,,,0.000000,4.000000,4.000000,4.000000,4.000000,4.000000,4.000000,4.000000,4.000000,4.000000,4.000000,4.000000,4.000000,4.000000,4.000000,100.000000,,,,,,,,,,,,,,,,,,,,,,,,,,,,,,,,,,,,,,,,,,,,,,,,,,,,,,,,,,,,,,,,,,,,,,,,,,,,,,,,,,,,,,
1676060298.189484,1676060298.190294,119.000000,0.000000,4292.948730,4311.410156,4304.871582,4317.307617,4287.051270,4282.179688,4312.307617,4323.974121,4302.948730,4279.871582,4470.897461,4483.846191,4331.153809,4414.358887,2912.000000,4.000000,85.000000,,,,0.000000,4.000000,4.000000,4.000000,4.000000,4.000000,4.000000,4.000000,4.000000,4.000000,4.000000,4.000000,4.000000,4.000000,4.000000,100.000000,,,,,,,,,,,,,,,,,,,,,,,,,,,,,,,,,,,,,,,,,,,,,,,,,,,,,,,,,,,,,,,,,,,,,,,,,,,,,,,,,,,,,,
1676060298.197292,1676060298.198203,120.000000,0.000000,4273.846191,4289.871582,4289.871582,4304.102539,4278.589844,4277.307617,4302.179688,4315.512695,4291.025879,4257.563965,4453.333496,4468.333496,4320.512695,4392.820313,3121.000000,4.000000,85.000000,,,,0.000000,4.000000,4.000000,4.000000,4.000000,4.000000,4.000000,4.000000,4.000000,4.000000,4.000000,4.000000,4.000000,4.000000,4.000000,100.000000,,,,,,,,,,,,,,,,,,,,,,,,,,,,,,,,,,,,,,,,,,,,,,,,,,,,,,,,,,,,,,,,,,,,,,,,,,,,,,,,,,,,,,
1676060298.205101,1676060298.206011,121.000000,0.000000,4279.743652,4305.897461,4302.820313,4312.563965,4291.538574,4293.205078,4317.948730,4326.922852,4303.717773,4275.897461,4470.641113,4482.179688,4336.153809,4406.666504,3234.000000,4.000000,85.000000,,,,0.000000,4.000000,4.000000,4.000000,4.000000,4.000000,4.000000,4.000000,4.000000,4.000000,4.000000,4.000000,4.000000,4.000000,4.000000,100.000000,,,,,,,,,,,,,,,,,,,,,,,,,,,,,,,,,,,,,,,,,,,,,,,,,,,,,,,,,,,,,,,,,,,,,,,,,,,,,,,,,,,,,,
1676060298.212909,1676060298.213919,122.000000,0.000000,4295.512695,4318.333496,4315.769043,4324.743652,4305.000000,4298.846191,4327.179688,4336.666504,4317.307617,4303.589844,4499.743652,4506.410156,4366.922852,4434.102539,2737.000000,4.000000,85.000000,,,,0.000000,4.000000,4.000000,4.000000,4.000000,4.000000,4.000000,4.000000,4.000000,4.000000,4.000000,4.000000,4.000000,4.000000,4.000000,100.000000,,,,,,,,,,,,,,,,,,,,,,,,,,,,,,,,,,,,,,,,,,,,,,,,,,,,,,,,,,,,,,,,,,,,,,,,,,,,,,,,,,,,,,
1676060298.220718,1676060298.221728,123.000000,0.000000,4295.897461,4302.692383,4315.000000,4325.128418,4307.179688,4294.743652,4316.025879,4323.461426,4313.461426,4304.743652,4512.436035,4510.769043,4389.743652,4447.051270,2912.000000,4.000000,85.000000,,,,0.000000,4.000000,4.000000,4.000000,4.000000,4.000000,4.000000,4.000000,4.000000,4.000000,4.000000,4.000000,4.000000,4.000000,4.000000,100.000000,,,,,,,,,,,,,,,,,,,,,,,,,,,,,,,,,,,,,,,,,,,,,,,,,,,,,,,,,,,,,,,,,,,,,,,,,,,,,,,,,,,,,,
1676060298.228526,1676060298.229436,124.000000,0.000000,4294.102539,4291.922852,4306.025879,4318.205078,4302.436035,4297.051270,4307.051270,4302.436035,4298.717773,4288.205078,4497.692383,4491.538574,4382.820313,4439.615234,3121.000000,4.000000,85.000000,,,,0.000000,4.000000,4.000000,4.000000,4.000000,4.000000,4.000000,4.000000,4.000000,4.000000,4.000000,4.000000,4.000000,4.000000,4.000000,100.000000,,,,,,,,,,,,,,,,,,,,,,,,,,,,,,,,,,,,,,,,,,,,,,,,,,,,,,,,,,,,,,,,,,,,,,,,,,,,,,,,,,,,,,
1676060298.236334,1676060298.237245,125.000000,0.000000,4295.256348,4294.230957,4297.179688,4314.230957,4298.846191,4296.666504,4308.205078,4289.487305,4284.743652,4266.538574,4471.410156,4473.077148,4356.025879,4422.563965,3234.000000,4.000000,85.000000,,,,0.000000,4.000000,4.000000,4.000000,4.000000,4.000000,4.000000,4.000000,4.000000,4.000000,4.000000,4.000000,4.000000,4.000000,4.000000,100.000000,,,,,,,,,,,,,,,,,,,,,,,,,,,,,,,,,,,,,,,,,,,,,,,,,,,,,,,,,,,,,,,,,,,,,,,,,,,,,,,,,,,,,,
1676060298.244143,1676060298.244953,126.000000,0.000000,4294.743652,4297.051270,4305.512695,4319.615234,4305.256348,4293.333496,4313.846191,4288.589844,4284.871582,4264.358887,4476.410156,4479.102539,4356.666504,4420.384766,2737.000000,4.000000,85.000000,,,,0.000000,4.000000,4.000000,4.000000,4.000000,4.000000,4.000000,4.000000,4.000000,4.000000,4.000000,4.000000,4.000000,4.000000,4.000000,100.000000,,,,,,,,,,,,,,,,,1.040625,8.665653,1.146818,0.972668,1.431365,10.407314,7.590859,1.651445,1.083219,1.189124,1.424420,11.525023,1.431056,1.141474,1.220491,4.082171,6.853488,1.114406,0.830076,1.028061,1.250370,2.213229,0.381151,0.474895,0.625083,0.482517,0.473533,0.202002,0.335455,0.642713,0.724765,1.043058,0.927675,0.809837,0.952003,0.914159,2.357339,1.446927,1.261633,1.189460,0.742102,1.593238,1.244621,1.294228,1.290520,0.994027,2.147104,2.212551,1.687597,1.454643,9.773379,6.731637,3.388883,2.125950,1.852488,1.394724,12.655940,2.654682,1.571620,2.110670,5.887643,8.335012,1.838703,1.871498,1.995316,2.104224,10.988816,1.653730,1.291647,1.785156
1676060298.251951,1676060298.252862,127.000000,0.000000,4299.743652,4298.461426,4320.769043,4331.538574,4309.358887,4297.563965,4317.179688,4293.717773,4292.692383,4283.589844,4507.051270,4494.615234,4385.641113,4435.256348,85.000000,4.000000,85.000000,,,,0.000000,4.000000,4.000000,4.000000,4.000000,4.000000,4.000000,4.000000,4.000000,4.000000,4.000000,4.000000,4.000000,4.000000,4.000000,100.000000,,,,,,,,,,,,,,,,,,,,,,,,,,,,,,,,,,,,,,,,,,,,,,,,,,,,,,,,,,,,,,,,,,,,,,,,,,,,,,,,,,,,,,
1676060298.259760,1676060298.260670,0.000000,0.000000,4306.410156,4291.666504,4318.333496,4328.077148,4298.846191,4293.461426,4311.282227,4295.769043,4293.589844,4290.128418,4524.230957,4495.128418,4398.974121,4442.051270,2498.000000,4.000000,85.000000,,,,0.000000,4.000000,4.000000,4.000000,4.000000,4.000000,4.000000,4.000000,4.000000,4.000000,4.000000,4.000000,4.000000,4.000000,4.000000,100.000000,,,,,,,,,,,,,,,,,,,,,,,,,,,,,,,,,,,,,,,,,,,,,,,,,,,,,,,,,,,,,,,,,,,,,,,,,,,,,,,,,,,,,,
1676060298.267568,1676060298.268479,1.000000,0.000000,4302.051270,4280.512695,4308.333496,4314.102539,4291.410156,4279.487305,4305.769043,4300.897461,4290.512695,4275.769043,4530.128418,4489.102539,4392.436035,4440.512695,2456.000000,4.000000,85.000000,,,,0.000000,4.000000,4.000000,4.000000,4.000000,4.000000,4.000000,4.000000,4.000000,4.000000,4.000000,4.000000,4.000000,4.000000,4.000000,100.000000,,,,,,,,,,,,,,,,,,,,,,,,,,,,,,,,,,,,,,,,,,,,,,,,,,,,,,,,,,,,,,,,,,,,,,,,,,,,,,,,,,,,,,
1676060298.275376,1676060298.276187,2.000000,0.000000,4297.436035,4275.897461,4310.641113,4310.512695,4296.666504,4280.769043,4312.563965,4313.974121,4295.384766,4277.563965,4547.179688,4490.641113,4394.743652,4442.820313,2386.000000,4.000000,85.000000,,,,0.000000,4.000000,4.000000,4.000000,4.000000,4.000000,4.000000,4.000000,4.000000,4.000000,4.000000,4.000000,4.000000,4.000000,4.000000,100.000000,,,,,,,,,,,,,,,,,,,,,,,,,,,,,,,,,,,,,,,,,,,,,,,,,,,,,,,,,,,,,,,,,,,,,,,,,,,,,,,,,,,,,,
1676060298.283185,1676060298.283996,3.000000,0.000000,4299.358887,4268.333496,4315.512695,4307.820313,4297.820313,4290.384766,4316.922852,4325.256348,4304.358887,4292.051270,4566.794922,4496.794922,4410.000000,4442.820313,2443.000000,4.000000,85.000000,,,,0.000000,4.000000,4.000000,4.000000,4.000000,4.000000,4.000000,4.000000,4.000000,4.000000,4.000000,4.000000,4.000000,4.000000,4.000000,100.000000,,,,,,,,,,,,,,,,,,,,,,,,,,,,,,,,,,,,,,,,,,,,,,,,,,,,,,,,,,,,,,,,,,,,,,,,,,,,,,,,,,,,,,
1676060298.290993,1676060298.291704,4.000000,0.000000,4284.487305,4251.282227,4301.282227,4291.153809,4286.410156,4282.563965,4307.563965,4321.153809,4301.410156,4286.922852,4563.333496,4488.717773,4406.025879,4429.871582,2421.000000,4.000000,85.000000,,,,0.000000,4.000000,4.000000,4.000000,4.000000,4.000000,4.000000,4.000000,4.000000,4.000000,4.000000,4.000000,4.000000,4.000000,4.000000,100.000000,,,,,,,,,,,,,,,,,,,,,,,,,,,,,,,,,,,,,,,,,,,,,,,,,,,,,,,,,,,,,,,,,,,,,,,,,,,,,,,,,,,,,,
1676060298.298802,1676060298.299513,5.000000,0.000000,4262.179688,4239.871582,4283.205078,4272.948730,4276.922852,4273.589844,4301.153809,4310.384766,4292.051270,4275.128418,4550.256348,4471.410156,4385.000000,4411.922852,2368.000000,4.000000,85.000000,,,,0.000000,4.000000,4.000000,4.000000,4.000000,4.000000,4.000000,4.000000,4.000000,4.000000,4.000000,4.000000,4.000000,4.000000,4.000000,100.000000,,,,,,,,,,,,,,,,,,,,,,,,,,,,,,,,,,,,,,,,,,,,,,,,,,,,,,,,,,,,,,,,,,,,,,,,,,,,,,,,,,,,,,
1676060298.306610,1676060298.307221,6.000000,0.000000,4269.871582,4246.922852,4288.974121,4278.717773,4284.230957,4288.846191,4309.358887,4315.769043,4300.256348,4277.948730,4563.846191,4477.051270,4390.384766,4414.871582,2207.000000,4.000000,85.000000,,,,0.000000,4.000000,4.000000,4.000000,4.000000,4.000000,4.000000,4.000000,4.000000,4.000000,4.000000,4.000000,4.000000,4.000000,4.000000,100.000000,,,,,,,,,,,,,,,,,,,,,,,,,,,,,,,,,,,,,,,,,,,,,,,,,,,,,,,,,,,,,,,,,,,,,,,,,,,,,,,,,,,,,,
1676060298.314418,1676060298.315030,7.000000,0.000000,4274.743652,4250.000000,4288.205078,4280.000000,4287.307617,4297.179688,4304.743652,4310.641113,4300.897461,4275.256348,4563.333496,4476.153809,4393.589844,4414.230957,2202.000000,4.000000,85.000000,,,,0.000000,4.000000,4.000000,4.000000,4.000000,4.000000,4.000000,4.000000,4.000000,4.000000,4.000000,4.000000,4.000000,4.000000,4.000000,100.000000,,,,,,,,,,,,,,,,,,,,,,,,,,,,,,,,,,,,,,,,,,,,,,,,,,,,,,,,,,,,,,,,,,,,,,,,,,,,,,,,,,,,,,
1676060298.322227,1676060298.322738,8.000000,0.000000,4257.436035,4240.256348,4273.205078,4269.102539,4284.743652,4291.666504,4292.436035,4290.256348,4281.410156,4265.256348,4536.538574,4455.000000,4371.794922,4397.051270,2262.000000,4.000000,85.000000,,,,0.000000,4.000000,4.000000,4.000000,4.000000,4.000000,4.000000,4.000000,4.000000,4.000000,4.000000,4.000000,4.000000,4.000000,4.000000,100.000000,,,,,,,,,,,,,,,,,,,,,,,,,,,,,,,,,,,,,,,,,,,,,,,,,,,,,,,,,,,,,,,,,,,,,,,,,,,,,,,,,,,,,,
1676060298.330035,1676060298.330547,9.000000,0.000000,4267.692383,4253.205078,4289.102539,4289.230957,4302.307617,4300.384766,4308.846191,4296.666504,4288.333496,4280.641113,4556.666504,4468.205078,4381.282227,4409.102539,2226.000000,4.000000,85.000000,,,,0.000000,4.000000,4.000000,4.000000,4.000000,4.000000,4.000000,4.000000,4.000000,4.000000,4.000000,4.000000,4.000000,4.000000,4.000000,100.000000,,,,,,,,,,,,,,,,,,,,,,,,,,,,,,,,,,,,,,,,,,,,,,,,,,,,,,,,,,,,,,,,,,,,,,,,,,,,,,,,,,,,,,
1676060298.337844,1676060298.338255,10.000000,0.000000,4298.846191,4282.179688,4315.512695,4312.436035,4313.846191,4305.897461,4325.897461,4311.666504,4309.743652,4301.922852,4598.333496,4494.871582,4406.794922,4436.666504,2717.000000,4.000000,85.000000,,,,0.000000,4.000000,4.000000,4.000000,4.000000,4.000000,4.000000,4.000000,4.000000,4.000000,4.000000,4.000000,4.000000,4.000000,4.000000,100.000000,,,,,,,,,,,,,,,,,,,,,,,,,,,,,,,,,,,,,,,,,,,,,,,,,,,,,,,,,,,,,,,,,,,,,,,,,,,,,,,,,,,,,,
1676060298.345652,1676060298.346164,11.000000,0.000000,4302.307617,4283.717773,4307.307617,4303.846191,4302.948730,4297.563965,4313.974121,4294.743652,4297.307617,4288.846191,4588.589844,4485.128418,4396.794922,4432.948730,2912.000000,4.000000,85.000000,,,,0.000000,4.000000,4.000000,4.000000,4.000000,4.000000,4.000000,4.000000,4.000000,4.000000,4.000000,4.000000,4.000000,4.000000,4.000000,100.000000,,,,,,,,,,,,,,,,,,,,,,,,,,,,,,,,,,,,,,,,,,,,,,,,,,,,,,,,,,,,,,,,,,,,,,,,,,,,,,,,,,,,,,
1676060298.353460,1676060298.353972,12.000000,0.000000,4285.000000,4266.666504,4295.769043,4292.820313,4295.128418,4292.820313,4298.974121,4276.794922,4275.897461,4267.948730,4559.487305,4466.282227,4378.333496,4412.820313,3097.000000,4.000000,85.000000,,,,0.000000,4.000000,4.000000,4.000000,4.000000,4.000000,4.000000,4.000000,4.000000,4.000000,4.000000,4.000000,4.000000,4.000000,4.000000,100.000000,,,,,,,,,,,,,,,,,,,,,,,,,,,,,,,,,,,,,,,,,,,,,,,,,,,,,,,,,,,,,,,,,,,,,,,,,,,,,,,,,,,,,,
1676060298.361269,1676060298.361880,13.000000,0.000000,4271.922852,4255.000000,4297.948730,4288.974121,4290.128418,4287.307617,4294.487305,4283.974121,4278.974121,4262.948730,4547.692383,4461.282227,4374.743652,4405.897461,3226.000000,4.000000,85.000000,,,,0.000000,4.000000,4.000000,4.000000,4.000000,4.000000,4.000000,4.000000,4.000000,4.000000,4.000000,4.000000,4.000000,4.000000,4.000000,100.000000,,,,,,,,,,,,,,,,,,,,,,,,,,,,,,,,,,,,,,,,,,,,,,,,,,,,,,,,,,,,,,,,,,,,,,,,,,,,,,,,,,,,,,
1676060298.369077,1676060298.369689,14.000000,0.000000,4262.692383,4247.692383,4287.820313,4278.077148,4283.461426,4281.666504,4294.358887,4298.333496,4292.692383,4262.051270,4539.743652,4462.820313,4373.974121,4407.820313,2717.000000,4.000000,85.000000,,,,0.000000,4.000000,4.000000,4.000000,4.000000,4.000000,4.000000,4.000000,4.000000,4.000000,4.000000,4.000000,4.000000,4.000000,4.000000,100.000000,1.000000,75.000000,4.000000,4.000000,3.000000,4.000000,4.000000,4.000000,4.000000,4.000000,4.000000,3.000000,3.000000,3.000000,3.000000,3.000000,1.254388,9.193396,1.090337,0.831427,1.335887,9.948448,7.645907,1.498328,0.961562,1.158877,1.685225,12.188861,1.431375,0.996687,1.168969,3.862965,6.995723,1.040877,0.737515,1.001193,1.524274,2.934841,0.394204,0.430549,0.627046,0.720731,0.686002,0.314817,0.307730,0.647887,0.946844,1.337834,1.126707,0.721359,0.945589,0.903371,2.286167,1.295317,1.175476,1.141592,0.735661,1.490821,1.122820,1.158268,1.284037,1.133843,2.472529,1.813912,1.353703,1.454799,12.443338,7.405536,3.090322,2.009277,1.819848,1.840642,12.516321,2.533004,1.469670,2.095239,6.076812,9.047191,1.694364,1.708044,1.922647,2.306845,11.946610,1.718321,1.185983,1.737461
1676060298.376885,1676060298.377597,15.000000,0.000000,4261.922852,4247.820313,4276.794922,4274.102539,4285.512695,4287.692383,4304.230957,4309.487305,4300.641113,4269.487305,4536.922852,4471.153809,4378.846191,4407.820313,2912.000000,4.000000,85.000000,,,,0.000000,4.000000,4.000000,4.000000,4.000000,4.000000,4.000000,4.000000,4.000000,4.000000,4.000000,4.000000,4.000000,4.000000,4.000000,100.000000,,,,,,,,,,,,,,,,,,,,,,,,,,,,,,,,,,,,,,,,,,,,,,,,,,,,,,,,,,,,,,,,,,,,,,,,,,,,,,,,,,,,,,
1676060298.384694,1676060298.385406,16.000000,0.000000,4271.922852,4257.692383,4285.256348,4280.000000,4291.922852,4292.692383,4315.641113,4320.512695,4304.487305,4283.846191,4538.717773,4477.563965,4386.153809,4411.538574,0.000000,4.000000,85.000000,,,,0.000000,4.000000,4.000000,4.000000,4.000000,4.000000,4.000000,4.000000,4.000000,4.000000,4.000000,4.000000,4.000000,4.000000,4.000000,100.000000,,,,,,,,,,,,,,,,,,,,,,,,,,,,,,,,,,,,,,,,,,,,,,,,,,,,,,,,,,,,,,,,,,,,,,,,,,,,,,,,,,,,,,
1676060298.392502,1676060298.393314,17.000000,0.000000,4278.589844,4267.179688,4299.487305,4283.205078,4294.615234,4294.230957,4322.563965,4334.102539,4313.461426,4293.589844,4541.794922,4482.051270,4391.282227,4424.743652,0.000000,4.000000,85.000000,,,,0.000000,4.000000,4.000000,4.000000,4.000000,4.000000,4.000000,4.000000,4.000000,4.000000,4.000000,4.000000,4.000000,4.000000,4.000000,100.000000,,,,,,,,,,,,,,,,,,,,,,,,,,,,,,,,,,,,,,,,,,,,,,,,,,,,,,,,,,,,,,,,,,,,,,,,,,,,,,,,,,,,,,
1676060298.400311,1676060298.401122,18.000000,0.000000,4267.307617,4258.333496,4290.897461,4279.615234,4286.410156,4291.794922,4316.666504,4324.871582,4306.922852,4284.743652,4530.769043,4475.897461,4386.538574,4418.717773,0.000000,4.000000,85.000000,,,,0.000000,4.000000,4.000000,4.000000,4.000000,4.000000,4.000000,4.000000,4.000000,4.000000,4.000000,4.000000,4.000000,4.000000,4.000000,100.000000,,,,,,,,,,,,,,,,,,,,,,,,,,,,,,,,,,,,,,,,,,,,,,,,,,,,,,,,,,,,,,,,,,,,,,,,,,,,,,,,,,,,,,
1676060298.408119,1676060298.409031,19.000000,0.000000,4253.846191,4245.641113,4270.897461,4270.384766,4275.384766,4283.461426,4298.589844,4293.974121,4278.974121,4266.922852,4502.179688,4454.743652,4372.563965,4399.230957,0.000000,4.000000,85.000000,,,,0.000000,4.000000,4.000000,4.000000,4.000000,4.000000,4.000000,4.000000,4.000000,4.000000,4.000000,4.000000,4.000000,4.000000,4.000000,100.000000,,,,,,,,,,,,,,,,,,,,,,,,,,,,,,,,,,,,,,,,,,,,,,,,,,,,,,,,,,,,,,,,,,,,,,,,,,,,,,,,,,,,,,
1676060298.415927,1676060298.416839,20.000000,0.000000,4267.692383,4260.897461,4279.487305,4277.948730,4284.358887,4289.743652,4300.128418,4297.179688,4279.102539,4277.051270,4505.128418,4463.333496,4379.871582,4414.615234,0.000000,4.000000,85.000000,,,,0.000000,4.000000,4.000000,4.000000,4.000000,4.000000,4.000000,4.000000,4.000000,4.000000,4.000000,4.000000,4.000000,4.000000,4.000000,100.000000,,,,,,,,,,,,,,,,,,,,,,,,,,,,,,,,,,,,,,,,,,,,,,,,,,,,,,,,,,,,,,,,,,,,,,,,,,,,,,,,,,,,,,
1676060298.423736,1676060298.424648,21.000000,0.000000,4288.205078,4281.666504,4295.641113,4292.563965,4289.871582,4291.538574,4307.307617,4309.230957,4296.153809,4286.794922,4524.487305,4478.589844,4392.436035,4434.230957,0.000000,4.000000,85.000000,,,,0.000000,4.000000,4.000000,4.000000,4.000000,4.000000,4.000000,4.000000,4.000000,4.000000,4.000000,4.000000,4.000000,4.000000,4.000000,100.000000,,,,,,,,,,,,,,,,,,,,,,,,,,,,,,,,,,,,,,,,,,,,,,,,,,,,,,,,,,,,,,,,,,,,,,,,,,,,,,,,,,,,,,
1676060298.431544,1676060298.432456,22.000000,0.000000,4293.717773,4286.025879,4293.077148,4293.717773,4278.974121,4279.230957,4296.538574,4286.538574,4284.615234,4268.205078,4511.153809,4462.692383,4381.538574,4422.307617,0.000000,4.000000,85.000000,,,,0.000000,4.000000,4.000000,4.000000,4.000000,4.000000,4.000000,4.000000,4.000000,4.000000,4.000000,4.000000,4.000000,4.000000,4.000000,100.000000,,,,,,,,,,,,,,,,,,,,,,,,,,,,,,,,,,,,,,,,,,,,,,,,,,,,,,,,,,,,,,,,,,,,,,,,,,,,,,,,,,,,,,
1676060298.439352,1676060298.440165,23.000000,0.000000,4295.769043,4299.871582,4296.410156,4299.743652,4285.256348,4282.692383,4292.820313,4277.179688,4272.307617,4262.436035,4496.025879,4460.000000,4376.794922,4418.717773,0.000000,4.000000,85.000000,,,,0.000000,4.000000,4.000000,4.000000,4.000000,4.000000,4.000000,4.000000,4.000000,4.000000,4.000000,4.000000,4.000000,4.000000,4.000000,100.000000,,,,,,,,,,,,,,,,,,,,,,,,,,,,,,,,,,,,,,,,,,,,,,,,,,,,,,,,,,,,,,,,,,,,,,,,,,,,,,,,,,,,,,
1676060298.447161,1676060298.447973,24.000000,0.000000,4301.153809,4322.820313,4312.051270,4314.230957,4297.307617,4289.615234,4306.922852,4305.256348,4287.692383,4283.974121,4507.307617,4482.307617,4389.487305,4436.538574,0.000000,4.000000,85.000000,,,,0.000000,4.000000,4.000000,4.000000,4.000000,4.000000,4.000000,4.000000,4.000000,4.000000,4.000000,4.000000,4.000000,4.000000,4.000000,100.000000,,,,,,,,,,,,,,,,,,,,,,,,,,,,,,,,,,,,,,,,,,,,,,,,,,,,,,,,,,,,,,,,,,,,,,,,,,,,,,,,,,,,,,
1676060298.454969,1676060298.455682,25.000000,0.000000,4303.077148,4325.512695,4317.179688,4316.922852,4294.871582,4283.077148,4313.461426,4320.769043,4304.230957,4292.692383,4511.153809,4487.820313,4390.256348,4442.179688,0.000000,4.000000,85.000000,,,,0.000000,4.000000,4.000000,4.000000,4.000000,4.000000,4.000000,4.000000,4.000000,4.000000,4.000000,4.000000,4.000000,4.000000,4.000000,100.000000,,,,,,,,,,,,,,,,,,,,,,,,,,,,,,,,,,,,,,,,,,,,,,,,,,,,,,,,,,,,,,,,,,,,,,,,,,,,,,,,,,,,,,
1676060298.462778,1676060298.463490,26.000000,0.000000,4289.102539,4308.717773,4301.153809,4303.717773,4295.897461,4279.358887,4307.179688,4306.410156,4298.077148,4276.922852,4482.563965,4467.051270,4363.077148,4420.897461,0.000000,4.000000,85.000000,,,,0.000000,4.000000,4.000000,4.000000,4.000000,4.000000,4.000000,4.000000,4.000000,4.000000,4.000000,4.000000,4.000000,4.000000,4.000000,100.000000,,,,,,,,,,,,,,,,,,,,,,,,,,,,,,,,,,,,,,,,,,,,,,,,,,,,,,,,,,,,,,,,,,,,,,,,,,,,,,,,,,,,,,
1676060298.470586,1676060298.471199,27.000000,0.000000,4273.205078,4293.717773,4282.307617,4290.256348,4311.922852,4285.384766,4305.128418,4296.410156,4282.179688,4262.307617,4453.589844,4451.025879,4338.205078,4396.794922,0.000000,4.000000,85.000000,,,,0.000000,4.000000,4.000000,4.000000,4.000000,4.000000,4.000000,4.000000,4.000000,4.000000,4.000000,4.000000,4.000000,4.000000,4.000000,100.000000,,,,,,,,,,,,,,,,,,,,,,,,,,,,,,,,,,,,,,,,,,,,,,,,,,,,,,,,,,,,,,,,,,,,,,,,,,,,,,,,,,,,,,
1676060298.478394,1676060298.479007,28.000000,0.000000,4276.666504,4294.615234,4285.384766,4292.563965,4340.512695,4292.051270,4312.179688,4306.153809,4282.563965,4264.615234,4457.820313,4457.436035,4347.051270,4401.794922,0.000000,4.000000,85.000000,,,,0.000000,4.000000,4.000000,4.000000,4.000000,4.000000,4.000000,4.000000,4.000000,4.000000,4.000000,4.000000,4.000000,4.000000,4.000000,100.000000,,,,,,,,,,,,,,,,,,,,,,,,,,,,,,,,,,,,,,,,,,,,,,,,,,,,,,,,,,,,,,,,,,,,,,,,,,,,,,,,,,,,,,
1676060298.486203,1676060298.486716,29.000000,0.000000,4280.256348,4298.717773,4294.871582,4298.589844,4370.641113,4291.538574,4312.179688,4313.205078,4288.717773,4271.153809,4463.974121,4460.769043,4358.461426,4413.077148,0.000000,4.000000,85.000000,,,,0.000000,4.000000,4.000000,4.000000,4.000000,4.000000,4.000000,4.000000,4.000000,4.000000,4.000000,4.000000,4.000000,4.000000,4.000000,100.000000,,,,,,,,,,,,,,,,,,,,,,,,,,,,,,,,,,,,,,,,,,,,,,,,,,,,,,,,,,,,,,,,,,,,,,,,,,,,,,,,,,,,,,
1676060298.494011,1676060298.494624,30.000000,0.000000,4261.153809,4280.641113,4277.820313,4280.512695,4385.769043,4279.743652,4292.948730,4294.230957,4268.846191,4248.205078,4436.025879,4434.358887,4332.436035,4388.974121,0.000000,4.000000,85.000000,,,,0.000000,4.000000,4.000000,4.000000,4.000000,4.000000,4.000000,4.000000,4.000000,4.000000,4.000000,4.000000,4.000000,4.000000,4.000000,100.000000,,,,,,,,,,,,,,,,,1.526245,9.152662,1.169601,0.749817,1.201002,9.472376,7.264188,1.324715,0.896713,1.106243,2.020321,11.945374,1.597094,0.932574,1.093830,3.657429,6.718933,1.001521,0.702782,0.952200,1.728740,3.741642,0.411698,0.422585,0.604556,0.998034,1.052069,0.478541,0.327231,0.635821,1.217432,1.606426,1.439585,0.697622,0.911377,0.866729,2.315696,1.250289,1.205586,1.077403,0.689416,1.460337,1.024859,1.139978,1.236934,1.208893,2.669941,1.437464,1.170470,1.453339,15.362872,7.849579,2.974591,2.082736,1.754594,2.426563,11.392551,2.719471,1.540290,2.036229,6.272236,9.129311,1.688878,1.671625,1.846417,2.533941,11.983367,1.990887,1.215480,1.657921
1676060298.501819,1676060298.502432,31.000000,0.000000,4260.641113,4276.025879,4273.461426,4272.307617,4413.077148,4283.846191,4291.666504,4284.487305,4258.589844,4236.153809,4427.179688,4430.128418,4326.025879,4379.743652,0.000000,4.000000,85.000000,,,,0.000000,4.000000,4.000000,4.000000,4.000000,4.000000,4.000000,4.000000,4.000000,4.000000,4.000000,4.000000,4.000000,4.000000,4.000000,100.000000,,,,,,,,,,,,,,,,,,,,,,,,,,,,,,,,,,,,,,,,,,,,,,,,,,,,,,,,,,,,,,,,,,,,,,,,,,,,,,,,,,,,,,
1676060298.509628,1676060298.510341,32.000000,0.000000,4289.615234,4297.820313,4303.077148,4296.666504,4468.077148,4296.794922,4312.692383,4303.333496,4283.205078,4268.077148,4458.205078,4466.153809,4366.410156,4415.384766,0.000000,4.000000,85.000000,,,,0.000000,4.000000,4.000000,4.000000,4.000000,4.000000,4.000000,4.000000,4.000000,4.000000,4.000000,4.000000,4.000000,4.000000,4.000000,100.000000,,,,,,,,,,,,,,,,,,,,,,,,,,,,,,,,,,,,,,,,,,,,,,,,,,,,,,,,,,,,,,,,,,,,,,,,,,,,,,,,,,,,,,
1676060298.517436,1676060298.518149,33.000000,0.000000,4295.384766,4304.743652,4313.974121,4307.692383,4510.512695,4287.051270,4310.512695,4304.871582,4288.717773,4279.615234,4464.871582,4476.153809,4375.128418,4430.641113,0.000000,4.000000,85.000000,,,,0.000000,4.000000,4.000000,4.000000,4.000000,4.000000,4.000000,4.000000,4.000000,4.000000,4.000000,4.000000,4.000000,4.000000,4.000000,100.000000,,,,,,,,,,,,,,,,,,,,,,,,,,,,,,,,,,,,,,,,,,,,,,,,,,,,,,,,,,,,,,,,,,,,,,,,,,,,,,,,,,,,,,
1676060298.525245,1676060298.526058,34.000000,0.000000,4296.282227,4310.897461,4318.077148,4311.025879,4545.512695,4285.512695,4302.948730,4294.487305,4280.128418,4269.102539,4462.692383,4475.641113,4364.743652,4428.205078,0.000000,4.000000,85.000000,,,,0.000000,4.000000,4.000000,4.000000,4.000000,4.000000,4.000000,4.000000,4.000000,4.000000,4.000000,4.000000,4.000000,4.000000,4.000000,100.000000,,,,,,,,,,,,,,,,,,,,,,,,,,,,,,,,,,,,,,,,,,,,,,,,,,,,,,,,,,,,,,,,,,,,,,,,,,,,,,,,,,,,,,
1676060298.533053,1676060298.533866,35.000000,0.000000,4317.436035,4330.000000,4339.102539,4326.922852,4588.974121,4293.333496,4311.922852,4300.384766,4291.282227,4278.974121,4479.230957,4495.128418,4384.871582,4442.820313,0.000000,4.000000,85.000000,,,,0.000000,4.000000,4.000000,4.000000,4.000000,4.000000,4.000000,4.000000,4.000000,4.000000,4.000000,4.000000,4.000000,4.000000,4.000000,100.000000,,,,,,,,,,,,,,,,,,,,,,,,,,,,,,,,,,,,,,,,,,,,,,,,,,,,,,,,,,,,,,,,,,,,,,,,,,,,,,,,,,,,,,
1676060298.540861,1676060298.541774,36.000000,0.000000,4316.282227,4323.461426,4334.615234,4324.871582,4616.538574,4285.641113,4309.743652,4302.692383,4292.563965,4285.512695,4471.538574,4494.230957,4388.717773,4443.205078,0.000000,4.000000,85.000000,,,,0.000000,4.000000,4.000000,4.000000,4.000000,4.000000,4.000000,4.000000,4.000000,4.000000,4.000000,4.000000,4.000000,4.000000,4.000000,100.000000,,,,,,,,,,,,,,,,,,,,,,,,,,,,,,,,,,,,,,,,,,,,,,,,,,,,,,,,,,,,,,,,,,,,,,,,,,,,,,,,,,,,,,
1676060298.548670,1676060298.549583,37.000000,0.000000,4285.512695,4295.128418,4303.077148,4299.615234,4630.641113,4284.230957,4298.077148,4292.436035,4275.256348,4271.153809,4443.717773,4467.307617,4359.230957,4415.256348,0.000000,4.000000,85.000000,,,,0.000000,4.000000,4.000000,4.000000,4.000000,4.000000,4.000000,4.000000,4.000000,4.000000,4.000000,4.000000,4.000000,4.000000,4.000000,100.000000,,,,,,,,,,,,,,,,,,,,,,,,,,,,,,,,,,,,,,,,,,,,,,,,,,,,,,,,,,,,,,,,,,,,,,,,,,,,,,,,,,,,,,
1676060298.556478,1676060298.557491,38.000000,0.000000,4275.512695,4289.871582,4291.538574,4290.897461,4656.153809,4298.846191,4304.743652,4297.692383,4277.563965,4262.820313,4438.205078,4459.743652,4350.512695,4401.153809,0.000000,4.000000,85.000000,,,,0.000000,4.000000,4.000000,4.000000,4.000000,4.000000,4.000000,4.000000,4.000000,4.000000,4.000000,4.000000,4.000000,4.000000,4.000000,100.000000,,,,,,,,,,,,,,,,,,,,,,,,,,,,,,,,,,,,,,,,,,,,,,,,,,,,,,,,,,,,,,,,,,,,,,,,,,,,,,,,,,,,,,
1676060298.564287,1676060298.565300,39.000000,0.000000,4281.794922,4298.717773,4296.410156,4296.025879,4687.820313,4301.025879,4313.717773,4316.282227,4293.333496,4263.846191,4445.384766,4467.051270,4361.666504,4409.871582,0.000000,4.000000,85.000000,,,,0.000000,4.000000,4.000000,4.000000,4.000000,4.000000,4.000000,4.000000,4.000000,4.000000,4.000000,4.000000,4.000000,4.000000,4.000000,100.000000,,,,,,,,,,,,,,,,,,,,,,,,,,,,,,,,,,,,,,,,,,,,,,,,,,,,,,,,,,,,,,,,,,,,,,,,,,,,,,,,,,,,,,
1676060298.572095,1676060298.573208,40.000000,0.000000,4275.769043,4293.846191,4293.846191,4293.333496,4715.384766,4292.563965,4310.641113,4319.871582,4289.102539,4264.487305,4447.179688,4461.922852,4357.948730,4409.871582,0.000000,4.000000,85.000000,,,,0.000000,4.000000,4.000000,4.000000,4.000000,4.000000,4.000000,4.000000,4.000000,4.000000,4.000000,4.000000,4.000000,4.000000,4.000000,100.000000,,,,,,,,,,,,,,,,,,,,,,,,,,,,,,,,,,,,,,,,,,,,,,,,,,,,,,,,,,,,,,,,,,,,,,,,,,,,,,,,,,,,,,
1676060298.579903,1676060298.581016,41.000000,0.000000,4276.666504,4290.769043,4294.230957,4293.589844,4750.641113,4298.717773,4308.333496,4312.179688,4277.692383,4266.794922,4454.871582,4457.179688,4356.025879,4406.538574,0.000000,4.000000,85.000000,,,,0.000000,4.000000,4.000000,4.000000,4.000000,4.000000,4.000000,4.000000,4.000000,4.000000,4.000000,4.000000,4.000000,4.000000,4.000000,100.000000,,,,,,,,,,,,,,,,,,,,,,,,,,,,,,,,,,,,,,,,,,,,,,,,,,,,,,,,,,,,,,,,,,,,,,,,,,,,,,,,,,,,,,
1676060298.587712,1676060298.588925,42.000000,0.000000,4280.128418,4295.512695,4293.077148,4293.846191,4787.436035,4303.461426,4304.230957,4304.102539,4278.589844,4265.897461,4460.641113,4454.102539,4354.230957,4403.205078,0.000000,4.000000,85.000000,,,,0.000000,4.000000,4.000000,4.000000,4.000000,4.000000,4.000000,4.000000,4.000000,4.000000,4.000000,4.000000,4.000000,4.000000,4.000000,100.000000,,,,,,,,,,,,,,,,,,,,,,,,,,,,,,,,,,,,,,,,,,,,,,,,,,,,,,,,,,,,,,,,,,,,,,,,,,,,,,,,,,,,,,
1676060298.595520,1676060298.596733,43.000000,0.000000,4268.717773,4288.717773,4280.641113,4283.589844,4809.358887,4296.666504,4297.307617,4300.384766,4283.461426,4264.743652,4456.922852,4444.743652,4343.717773,4391.794922,0.000000,4.000000,85.000000,,,,0.000000,4.000000,4.000000,4.000000,4.000000,4.000000,4.000000,4.000000,4.000000,4.000000,4.000000,4.000000,4.000000,4.000000,4.000000,100.000000,,,,,,,,,,,,,,,,,,,,,,,,,,,,,,,,,,,,,,,,,,,,,,,,,,,,,,,,,,,,,,,,,,,,,,,,,,,,,,,,,,,,,,
1676060298.603329,1676060298.604641,44.000000,0.000000,4261.794922,4276.410156,4271.794922,4274.487305,4825.512695,4294.743652,4297.563965,4299.615234,4279.871582,4258.974121,4457.051270,4438.846191,4343.205078,4386.922852,0.000000,4.000000,85.000000,,,,0.000000,4.000000,4.000000,4.000000,4.000000,4.000000,4.000000,4.000000,4.000000,4.000000,4.000000,4.000000,4.000000,4.000000,4.000000,100.000000,,,,,,,,,,,,,,,,,,,,,,,,,,,,,,,,,,,,,,,,,,,,,,,,,,,,,,,,,,,,,,,,,,,,,,,,,,,,,,,,,,,,,,
1676060298.611137,1676060298.612450,45.000000,0.000000,4274.230957,4289.102539,4282.179688,4287.436035,4846.666504,4306.282227,4308.205078,4306.282227,4283.461426,4256.794922,4470.384766,4450.256348,4354.871582,4402.820313,0.000000,4.000000,85.000000,,,,0.000000,4.000000,4.000000,4.000000,4.000000,4.000000,4.000000,4.000000,4.000000,4.000000,4.000000,4.000000,4.000000,4.000000,4.000000,100.000000,,,,,,,,,,,,,,,,,,,,,,,,,,,,,,,,,,,,,,,,,,,,,,,,,,,,,,,,,,,,,,,,,,,,,,,,,,,,,,,,,,,,,,
1676060298.618945,1676060298.620158,46.000000,0.000000,4284.615234,4307.563965,4295.256348,4303.846191,4848.717773,4315.512695,4319.615234,4313.846191,4294.358887,4269.743652,4488.461426,4465.128418,4364.230957,4419.230957,0.000000,4.000000,85.000000,,,,0.000000,4.000000,4.000000,4.000000,4.000000,4.000000,4.000000,4.000000,4.000000,4.000000,4.000000,4.000000,4.000000,4.000000,4.000000,100.000000,,,,,,,,,,,,,,,,,1.751707,8.602994,1.373405,0.749275,1.055905,9.369555,6.655195,1.182655,0.923665,1.032121,2.344863,10.911328,1.913850,0.971394,1.000801,3.585627,6.253237,1.026747,0.747657,0.881110,1.875453,4.574170,0.441594,0.450348,0.560833,1.233782,1.540579,0.664712,0.381988,0.603897,1.448008,1.747822,1.806054,0.743231,0.858209,0.806363,2.544175,1.328196,1.338297,1.003068,0.622775,1.497510,0.984026,1.237275,1.158281,1.176012,2.642990,1.186393,1.170041,1.432861,18.242691,7.770491,3.094761,2.360711,1.660318,2.931542,9.542597,3.175863,1.776150,1.935819,6.596493,8.478886,1.833925,1.783586,1.772765,2.686875,11.050020,2.424463,1.391613,1.552198
1676060298.626754,1676060298.627967,47.000000,0.000000,4282.051270,4299.743652,4297.820313,4300.128418,4813.589844,4311.666504,4312.051270,4306.153809,4289.358887,4278.333496,4493.461426,4464.230957,4365.128418,4414.358887,0.000000,4.000000,85.000000,,,,0.000000,4.000000,4.000000,4.000000,4.000000,4.000000,4.000000,4.000000,4.000000,4.000000,4.000000,4.000000,4.000000,4.000000,4.000000,100.000000,,,,,,,,,,,,,,,,,,,,,,,,,,,,,,,,,,,,,,,,,,,,,,,,,,,,,,,,,,,,,,,,,,,,,,,,,,,,,,,,,,,,,,
1676060298.634562,1676060298.635675,48.000000,0.000000,4281.410156,4291.153809,4298.461426,4292.563965,4772.436035,4303.333496,4295.641113,4290.000000,4276.410156,4270.000000,4486.025879,4457.307617,4362.051270,4408.461426,0.000000,4.000000,85.000000,,,,0.000000,4.000000,4.000000,4.000000,4.000000,4.000000,4.000000,4.000000,4.000000,4.000000,4.000000,4.000000,4.000000,4.000000,4.000000,100.000000,,,,,,,,,,,,,,,,,,,,,,,,,,,,,,,,,,,,,,,,,,,,,,,,,,,,,,,,,,,,,,,,,,,,,,,,,,,,,,,,,,,,,,
1676060298.642370,1676060298.643584,49.000000,0.000000,4291.282227,4308.589844,4312.692383,4304.615234,4750.897461,4302.820313,4300.512695,4292.820313,4278.077148,4270.641113,4489.615234,4471.922852,4369.487305,4424.358887,0.000000,4.000000,85.000000,,,,0.000000,4.000000,4.000000,4.000000,4.000000,4.000000,4.000000,4.000000,4.000000,4.000000,4.000000,4.000000,4.000000,4.000000,4.000000,100.000000,,,,,,,,,,,,,,,,,,,,,,,,,,,,,,,,,,,,,,,,,,,,,,,,,,,,,,,,,,,,,,,,,,,,,,,,,,,,,,,,,,,,,,
1676060298.650179,1676060298.651392,50.000000,0.000000,4301.794922,4315.897461,4329.615234,4319.358887,4728.333496,4307.820313,4315.512695,4311.666504,4287.692383,4280.384766,4500.769043,4495.000000,4380.128418,4437.948730,0.000000,4.000000,85.000000,,,,0.000000,4.000000,4.000000,4.000000,4.000000,4.000000,4.000000,4.000000,4.000000,4.000000,4.000000,4.000000,4.000000,4.000000,4.000000,100.000000,,,,,,,,,,,,,,,,,,,,,,,,,,,,,,,,,,,,,,,,,,,,,,,,,,,,,,,,,,,,,,,,,,,,,,,,,,,,,,,,,,,,,,
1676060298.657987,1676060298.659201,51.000000,0.000000,4292.307617,4292.948730,4318.589844,4307.051270,4690.256348,4301.794922,4312.563965,4311.025879,4283.333496,4270.512695,4485.641113,4482.820313,4362.436035,4415.000000,0.000000,4.000000,85.000000,,,,0.000000,4.000000,4.000000,4.000000,4.000000,4.000000,4.000000,4.000000,4.000000,4.000000,4.000000,4.000000,4.000000,4.000000,4.000000,100.000000,,,,,,,,,,,,,,,,,,,,,,,,,,,,,,,,,,,,,,,,,,,,,,,,,,,,,,,,,,,,,,,,,,,,,,,,,,,,,,,,,,,,,,
1676060298.665795,1676060298.666909,52.000000,0.000000,4273.717773,4282.307617,4295.897461,4291.666504,4658.077148,4300.897461,4308.717773,4305.000000,4279.871582,4256.922852,4456.410156,4459.487305,4342.563965,4390.128418,0.000000,4.000000,85.000000,,,,0.000000,4.000000,4.000000,4.000000,4.000000,4.000000,4.000000,4.000000,4.000000,4.000000,4.000000,4.000000,4.000000,4.000000,4.000000,100.000000,,,,,,,,,,,,,,,,,,,,,,,,,,,,,,,,,,,,,,,,,,,,,,,,,,,,,,,,,,,,,,,,,,,,,,,,,,,,,,,,,,,,,,
1676060298.673604,1676060298.674718,53.000000,0.000000,4263.461426,4286.025879,4286.410156,4297.307617,4638.717773,4311.794922,4311.794922,4312.179688,4288.589844,4258.846191,4442.692383,4457.948730,4346.025879,4394.358887,0.000000,4.000000,85.000000,,,,0.000000,4.000000,4.000000,4.000000,4.000000,4.000000,4.000000,4.000000,4.000000,4.000000,4.000000,4.000000,4.000000,4.000000,4.000000,100.000000,,,,,,,,,,,,,,,,,,,,,,,,,,,,,,,,,,,,,,,,,,,,,,,,,,,,,,,,,,,,,,,,,,,,,,,,,,,,,,,,,,,,,,
1676060298.681412,1676060298.682426,54.000000,0.000000,4262.179688,4279.871582,4282.051270,4305.641113,4617.948730,4310.512695,4310.641113,4317.307617,4294.871582,4263.077148,4441.922852,4466.282227,4348.077148,4399.615234,0.000000,4.000000,85.000000,,,,0.000000,4.000000,4.000000,4.000000,4.000000,4.000000,4.000000,4.000000,4.000000,4.000000,4.000000,4.000000,4.000000,4.000000,4.000000,100.000000,,,,,,,,,,,,,,,,,,,,,,,,,,,,,,,,,,,,,,,,,,,,,,,,,,,,,,,,,,,,,,,,,,,,,,,,,,,,,,,,,,,,,,
1676060298.689221,1676060298.690235,55.000000,0.000000,4270.384766,4283.974121,4282.051270,4310.128418,4593.333496,4304.871582,4309.102539,4314.102539,4296.282227,4261.153809,4443.333496,4474.102539,4348.333496,4395.384766,0.000000,4.000000,85.000000,,,,0.000000,4.000000,4.000000,4.000000,4.000000,4.000000,4.000000,4.000000,4.000000,4.000000,4.000000,4.000000,4.000000,4.000000,4.000000,100.000000,,,,,,,,,,,,,,,,,,,,,,,,,,,,,,,,,,,,,,,,,,,,,,,,,,,,,,,,,,,,,,,,,,,,,,,,,,,,,,,,,,,,,,
1676060298.697029,1676060298.697943,56.000000,0.000000,4272.051270,4292.307617,4282.948730,4316.794922,4575.897461,4308.717773,4303.846191,4308.589844,4294.743652,4261.153809,4443.205078,4476.666504,4349.871582,4390.897461,0.000000,4.000000,85.000000,,,,0.000000,4.000000,4.000000,4.000000,4.000000,4.000000,4.000000,4.000000,4.000000,4.000000,4.000000,4.000000,4.000000,4.000000,4.000000,100.000000,,,,,,,,,,,,,,,,,,,,,,,,,,,,,,,,,,,,,,,,,,,,,,,,,,,,,,,,,,,,,,,,,,,,,,,,,,,,,,,,,,,,,,
1676060298.704837,1676060298.705852,57.000000,0.000000,4264.871582,4282.820313,4280.769043,4320.641113,4565.000000,4310.641113,4299.358887,4306.794922,4287.179688,4268.077148,4443.589844,4475.897461,4345.769043,4389.871582,0.000000,4.000000,85.000000,,,,0.000000,4.000000,4.000000,4.000000,4.000000,4.000000,4.000000,4.000000,4.000000,4.000000,4.000000,4.000000,4.000000,4.000000,4.000000,100.000000,,,,,,,,,,,,,,,,,,,,,,,,,,,,,,,,,,,,,,,,,,,,,,,,,,,,,,,,,,,,,,,,,,,,,,,,,,,,,,,,,,,,,,
1676060298.712646,1676060298.713660,58.000000,0.000000,4271.282227,4280.897461,4285.512695,4322.563965,4553.333496,4307.307617,4306.153809,4308.846191,4279.230957,4267.179688,4453.717773,4485.000000,4348.333496,4401.153809,0.000000,4.000000,85.000000,,,,0.000000,4.000000,4.000000,4.000000,4.000000,4.000000,4.000000,4.000000,4.000000,4.000000,4.000000,4.000000,4.000000,4.000000,4.000000,100.000000,,,,,,,,,,,,,,,,,,,,,,,,,,,,,,,,,,,,,,,,,,,,,,,,,,,,,,,,,,,,,,,,,,,,,,,,,,,,,,,,,,,,,,
1676060298.720454,1676060298.721568,59.000000,0.000000,4283.717773,4298.589844,4299.615234,4330.769043,4542.436035,4311.538574,4314.102539,4312.820313,4280.769043,4262.692383,4472.563965,4502.820313,4358.077148,4413.589844,0.000000,4.000000,85.000000,,,,0.000000,4.000000,4.000000,4.000000,4.000000,4.000000,4.000000,4.000000,4.000000,4.000000,4.000000,4.000000,4.000000,4.000000,4.000000,100.000000,,,,,,,,,,,,,,,,,,,,,,,,,,,,,,,,,,,,,,,,,,,,,,,,,,,,,,,,,,,,,,,,,,,,,,,,,,,,,,,,,,,,,,
1676060298.728263,1676060298.729377,60.000000,0.000000,4283.974121,4302.948730,4304.871582,4335.897461,4529.615234,4313.333496,4312.948730,4311.922852,4282.307617,4270.384766,4477.436035,4508.589844,4359.743652,4412.179688,0.000000,4.000000,85.000000,,,,0.000000,4.000000,4.000000,4.000000,4.000000,4.000000,4.000000,4.000000,4.000000,4.000000,4.000000,4.000000,4.000000,4.000000,4.000000,100.000000,,,,,,,,,,,,,,,,,,,,,,,,,,,,,,,,,,,,,,,,,,,,,,,,,,,,,,,,,,,,,,,,,,,,,,,,,,,,,,,,,,,,,,
1676060298.736071,1676060298.737285,61.000000,0.000000,4282.051270,4293.333496,4299.487305,4333.205078,4512.692383,4304.102539,4306.282227,4308.846191,4280.769043,4278.077148,4466.922852,4505.897461,4362.692383,4411.153809,0.000000,4.000000,85.000000,,,,0.000000,4.000000,4.000000,4.000000,4.000000,4.000000,4.000000,4.000000,4.000000,4.000000,4.000000,4.000000,4.000000,4.000000,4.000000,100.000000,,,,,,,,,,,,,,,,,,,,,,,,,,,,,,,,,,,,,,,,,,,,,,,,,,,,,,,,,,,,,,,,,,,,,,,,,,,,,,,,,,,,,,
1676060298.743879,1676060298.745094,62.000000,0.000000,4276.153809,4284.615234,4289.102539,4322.436035,4489.871582,4294.871582,4297.563965,4302.563965,4279.615234,4267.692383,4445.641113,4493.974121,4356.410156,4403.077148,0.000000,4.000000,85.000000,,,,0.000000,4.000000,4.000000,4.000000,4.000000,4.000000,4.000000,4.000000,4.000000,4.000000,4.000000,4.000000,4.000000,4.000000,4.000000,100.000000,,,,,,,,,,,,,,,,,1.852002,7.773211,1.607481,0.823725,0.927650,9.793081,6.129586,1.087198,1.044300,0.941473,2.572959,9.418508,2.264546,1.097795,0.900525,3.669847,5.898263,1.094795,0.862970,0.792998,2.599617,5.326447,0.492425,0.501360,0.504830,1.361870,2.056347,0.828701,0.447719,0.555390,1.553165,1.694655,2.120399,0.840500,0.794319,0.731852,3.023115,1.489122,1.522900,0.925956,0.553191,1.573607,1.016126,1.401307,1.064039,1.034011,2.366113,1.104581,1.335238,1.386664,20.621078,7.089954,3.363365,2.778764,1.551830,3.161189,7.380060,3.699980,2.100127,1.798043,7.084661,7.237600,2.060698,2.004057,1.698856,2.715671,9.408894,2.858575,1.670406,1.429713
1676060298.751688,1676060298.753002,63.000000,0.000000,4260.128418,4276.538574,4274.230957,4307.692383,4467.179688,4288.333496,4287.436035,4290.897461,4274.743652,4255.769043,4419.487305,4474.615234,4335.384766,4379.487305,0.000000,4.000000,85.000000,,,,0.000000,4.000000,4.000000,4.000000,4.000000,4.000000,4.000000,4.000000,4.000000,4.000000,4.000000,4.000000,4.000000,4.000000,4.000000,100.000000,,,,,,,,,,,,,,,,,,,,,,,,,,,,,,,,,,,,,,,,,,,,,,,,,,,,,,,,,,,,,,,,,,,,,,,,,,,,,,,,,,,,,,
1676060298.759496,1676060298.760810,64.000000,0.000000,4259.615234,4278.589844,4275.384766,4309.358887,4456.282227,4291.410156,4291.153809,4291.410156,4273.846191,4258.846191,4413.589844,4476.922852,4337.948730,4378.205078,2523.000000,4.000000,85.000000,,,,0.000000,4.000000,4.000000,4.000000,4.000000,4.000000,4.000000,4.000000,4.000000,4.000000,4.000000,4.000000,4.000000,4.000000,4.000000,100.000000,,,,,,,,,,,,,,,,,,,,,,,,,,,,,,,,,,,,,,,,,,,,,,,,,,,,,,,,,,,,,,,,,,,,,,,,,,,,,,,,,,,,,,
1676060298.767305,1676060298.768719,65.000000,0.000000,4275.000000,4286.538574,4291.922852,4323.205078,4454.102539,4306.025879,4304.871582,4307.948730,4286.153809,4270.256348,4423.717773,4495.384766,4358.846191,4398.717773,2466.000000,4.000000,85.000000,,,,0.000000,4.000000,4.000000,4.000000,4.000000,4.000000,4.000000,4.000000,4.000000,4.000000,4.000000,4.000000,4.000000,4.000000,4.000000,100.000000,,,,,,,,,,,,,,,,,,,,,,,,,,,,,,,,,,,,,,,,,,,,,,,,,,,,,,,,,,,,,,,,,,,,,,,,,,,,,,,,,,,,,,
1676060298.775113,1676060298.776527,66.000000,0.000000,4273.205078,4282.563965,4290.384766,4321.538574,4443.333496,4308.589844,4307.179688,4316.666504,4288.846191,4267.563965,4415.000000,4492.051270,4353.461426,4395.000000,2404.000000,4.000000,85.000000,,,,0.000000,4.000000,4.000000,4.000000,4.000000,4.000000,4.000000,4.000000,4.000000,4.000000,4.000000,4.000000,4.000000,4.000000,4.000000,100.000000,,,,,,,,,,,,,,,,,,,,,,,,,,,,,,,,,,,,,,,,,,,,,,,,,,,,,,,,,,,,,,,,,,,,,,,,,,,,,,,,,,,,,,
1676060298.782921,1676060298.784436,67.000000,0.000000,4255.641113,4273.205078,4275.128418,4310.256348,4426.410156,4297.307617,4300.512695,4305.641113,4274.743652,4248.333496,4390.512695,4474.102539,4334.743652,4373.205078,2464.000000,4.000000,85.000000,,,,0.000000,4.000000,4.000000,4.000000,4.000000,4.000000,4.000000,4.000000,4.000000,4.000000,4.000000,4.000000,4.000000,4.000000,4.000000,100.000000,,,,,,,,,,,,,,,,,,,,,,,,,,,,,,,,,,,,,,,,,,,,,,,,,,,,,,,,,,,,,,,,,,,,,,,,,,,,,,,,,,,,,,
1676060298.790730,1676060298.792244,68.000000,0.000000,4261.922852,4284.743652,4284.615234,4318.077148,4423.461426,4302.820313,4307.563965,4308.589844,4282.563965,4258.589844,4395.641113,4486.410156,4346.025879,4381.794922,2419.000000,4.000000,85.000000,,,,0.000000,4.000000,4.000000,4.000000,4.000000,4.000000,4.000000,4.000000,4.000000,4.000000,4.000000,4.000000,4.000000,4.000000,4.000000,100.000000,,,,,,,,,,,,,,,,,,,,,,,,,,,,,,,,,,,,,,,,,,,,,,,,,,,,,,,,,,,,,,,,,,,,,,,,,,,,,,,,,,,,,,
1676060298.798538,1676060298.799953,69.000000,0.000000,4285.897461,4301.538574,4305.897461,4334.871582,4422.948730,4321.153809,4321.025879,4328.077148,4307.948730,4293.717773,4416.282227,4514.743652,4367.307617,4407.692383,2369.000000,4.000000,85.000000,,,,0.000000,4.000000,4.000000,4.000000,4.000000,4.000000,4.000000,4.000000,4.000000,4.000000,4.000000,4.000000,4.000000,4.000000,4.000000,100.000000,,,,,,,,,,,,,,,,,,,,,,,,,,,,,,,,,,,,,,,,,,,,,,,,,,,,,,,,,,,,,,,,,,,,,,,,,,,,,,,,,,,,,,
1676060298.806347,1676060298.807761,70.000000,0.000000,4274.102539,4283.974121,4288.333496,4323.717773,4404.615234,4313.717773,4307.563965,4314.743652,4294.871582,4281.666504,4396.025879,4496.538574,4350.256348,4390.897461,2226.000000,4.000000,85.000000,,,,0.000000,4.000000,4.000000,4.000000,4.000000,4.000000,4.000000,4.000000,4.000000,4.000000,4.000000,4.000000,4.000000,4.000000,4.000000,100.000000,,,,,,,,,,,,,,,,,,,,,,,,,,,,,,,,,,,,,,,,,,,,,,,,,,,,,,,,,,,,,,,,,,,,,,,,,,,,,,,,,,,,,,
1676060298.814155,1676060298.815470,71.000000,0.000000,4255.128418,4274.871582,4273.717773,4314.615234,4390.897461,4304.102539,4297.563965,4296.538574,4270.256348,4255.256348,4374.358887,4473.589844,4335.897461,4372.051270,2222.000000,4.000000,85.000000,,,,0.000000,4.000000,4.000000,4.000000,4.000000,4.000000,4.000000,4.000000,4.000000,4.000000,4.000000,4.000000,4.000000,4.000000,4.000000,100.000000,,,,,,,,,,,,,,,,,,,,,,,,,,,,,,,,,,,,,,,,,,,,,,,,,,,,,,,,,,,,,,,,,,,,,,,,,,,,,,,,,,,,,,
1676060298.821963,1676060298.823278,72.000000,0.000000,4286.538574,4305.897461,4308.333496,4340.897461,4398.846191,4321.794922,4321.282227,4322.179688,4290.000000,4282.692383,4403.589844,4508.717773,4367.436035,4409.615234,2282.000000,4.000000,85.000000,,,,0.000000,4.000000,4.000000,4.000000,4.000000,4.000000,4.000000,4.000000,4.000000,4.000000,4.000000,4.000000,4.000000,4.000000,4.000000,100.000000,,,,,,,,,,,,,,,,,,,,,,,,,,,,,,,,,,,,,,,,,,,,,,,,,,,,,,,,,,,,,,,,,,,,,,,,,,,,,,,,,,,,,,
1676060298.829772,1676060298.830987,73.000000,0.000000,4311.538574,4318.333496,4329.358887,4359.230957,4400.512695,4330.128418,4333.846191,4343.333496,4312.051270,4308.205078,4426.410156,4537.820313,4393.974121,4437.179688,2244.000000,4.000000,85.000000,,,,0.000000,4.000000,4.000000,4.000000,4.000000,4.000000,4.000000,4.000000,4.000000,4.000000,4.000000,4.000000,4.000000,4.000000,4.000000,100.000000,,,,,,,,,,,,,,,,,,,,,,,,,,,,,,,,,,,,,,,,,,,,,,,,,,,,,,,,,,,,,,,,,,,,,,,,,,,,,,,,,,,,,,
1676060298.837580,1676060298.838795,74.000000,0.000000,4288.717773,4293.461426,4310.769043,4344.615234,4380.128418,4313.333496,4313.717773,4324.358887,4295.512695,4284.102539,4400.000000,4515.000000,4379.102539,4412.307617,2733.000000,4.000000,85.000000,,,,0.000000,4.000000,4.000000,4.000000,4.000000,4.000000,4.000000,4.000000,4.000000,4.000000,4.000000,4.000000,4.000000,4.000000,4.000000,100.000000,,,,,,,,,,,,,,,,,,,,,,,,,,,,,,,,,,,,,,,,,,,,,,,,,,,,,,,,,,,,,,,,,,,,,,,,,,,,,,,,,,,,,,
1676060298.845388,1676060298.846504,75.000000,0.000000,4277.692383,4286.410156,4305.769043,4334.358887,4363.461426,4305.128418,4303.846191,4313.205078,4281.282227,4271.538574,4382.563965,4500.000000,4360.897461,4398.333496,2922.000000,4.000000,85.000000,,,,0.000000,4.000000,4.000000,4.000000,4.000000,4.000000,4.000000,4.000000,4.000000,4.000000,4.000000,4.000000,4.000000,4.000000,4.000000,100.000000,,,,,,,,,,,,,,,,,,,,,,,,,,,,,,,,,,,,,,,,,,,,,,,,,,,,,,,,,,,,,,,,,,,,,,,,,,,,,,,,,,,,,,
1676060298.853197,1676060298.854312,76.000000,0.000000,4297.820313,4306.794922,4321.922852,4345.256348,4365.384766,4313.077148,4317.563965,4329.230957,4297.563965,4291.025879,4397.051270,4514.871582,4372.051270,4416.410156,3127.000000,4.000000,85.000000,,,,0.000000,4.000000,4.000000,4.000000,4.000000,4.000000,4.000000,4.000000,4.000000,4.000000,4.000000,4.000000,4.000000,4.000000,4.000000,100.000000,,,,,,,,,,,,,,,,,,,,,,,,,,,,,,,,,,,,,,,,,,,,,,,,,,,,,,,,,,,,,,,,,,,,,,,,,,,,,,,,,,,,,,
1676060298.861005,1676060298.862021,77.000000,0.000000,4303.461426,4308.461426,4318.333496,4347.051270,4362.179688,4314.871582,4318.333496,4329.615234,4309.230957,4293.333496,4395.641113,4516.410156,4384.102539,4420.128418,3238.000000,4.000000,85.000000,,,,0.000000,4.000000,4.000000,4.000000,4.000000,4.000000,4.000000,4.000000,4.000000,4.000000,4.000000,4.000000,4.000000,4.000000,4.000000,100.000000,,,,,,,,,,,,,,,,,,,,,,,,,,,,,,,,,,,,,,,,,,,,,,,,,,,,,,,,,,,,,,,,,,,,,,,,,,,,,,,,,,,,,,
1676060298.868814,1676060298.869829,78.000000,0.000000,4290.000000,4295.897461,4304.871582,4339.871582,4348.846191,4315.769043,4309.230957,4315.256348,4300.128418,4279.743652,4377.179688,4501.282227,4375.512695,4407.179688,2733.000000,4.000000,85.000000,,,,0.000000,4.000000,4.000000,4.000000,4.000000,4.000000,4.000000,4.000000,4.000000,4.000000,4.000000,4.000000,4.000000,4.000000,4.000000,100.000000,1.000000,50.000000,4.000000,4.000000,3.000000,4.000000,0.000000,4.000000,4.000000,4.000000,4.000000,3.000000,3.000000,3.000000,4.000000,3.000000,1.810168,6.969024,1.762291,0.941803,0.830274,10.544646,5.950415,1.038303,1.225382,0.843932,2.635928,7.896632,2.505490,1.267131,0.806395,3.813161,5.848248,1.159627,1.013279,0.698560,5.723426,5.954903,0.573642,0.558012,0.448214,1.350271,2.466276,0.930028,0.497189,0.497457,1.485450,1.452974,2.275553,0.954081,0.725705,0.660809,3.712727,1.646217,1.690963,0.855375,0.495990,1.641398,1.105109,1.555508,0.970512,0.827061,1.917419,1.160656,1.599115,1.314843,21.907574,6.034337,3.608628,3.203561,1.449334,3.078096,5.353179,4.037291,2.392500,1.633008,7.716668,5.765042,2.249244,2.239258,1.617837,2.639982,7.547740,3.100784,1.964249,1.305738
1676060298.876622,1676060298.877538,79.000000,0.000000,4280.897461,4297.307617,4304.743652,4337.692383,4343.205078,4319.871582,4308.717773,4314.102539,4293.461426,4277.051270,4368.846191,4493.077148,4363.717773,4404.743652,2922.000000,4.000000,85.000000,,,,0.000000,4.000000,4.000000,4.000000,4.000000,4.000000,4.000000,4.000000,4.000000,4.000000,4.000000,4.000000,4.000000,4.000000,4.000000,100.000000,,,,,,,,,,,,,,,,,,,,,,,,,,,,,,,,,,,,,,,,,,,,,,,,,,,,,,,,,,,,,,,,,,,,,,,,,,,,,,,,,,,,,,
1676060298.884430,1676060298.885346,80.000000,0.000000,4280.000000,4303.461426,4303.205078,4333.461426,4338.077148,4316.794922,4312.179688,4319.230957,4294.487305,4281.794922,4364.230957,4493.205078,4361.025879,4406.794922,3127.000000,4.000000,85.000000,,,,0.000000,4.000000,4.000000,4.000000,4.000000,4.000000,4.000000,4.000000,4.000000,4.000000,4.000000,4.000000,4.000000,4.000000,4.000000,100.000000,,,,,,,,,,,,,,,,,,,,,,,,,,,,,,,,,,,,,,,,,,,,,,,,,,,,,,,,,,,,,,,,,,,,,,,,,,,,,,,,,,,,,,
1676060298.892239,1676060298.893055,81.000000,0.000000,4284.743652,4298.974121,4299.230957,4328.589844,4325.384766,4313.461426,4313.333496,4318.205078,4291.410156,4281.153809,4356.666504,4496.153809,4365.897461,4403.205078,3238.000000,4.000000,85.000000,,,,0.000000,4.000000,4.000000,4.000000,4.000000,4.000000,4.000000,4.000000,4.000000,4.000000,4.000000,4.000000,4.000000,4.000000,4.000000,100.000000,,,,,,,,,,,,,,,,,,,,,,,,,,,,,,,,,,,,,,,,,,,,,,,,,,,,,,,,,,,,,,,,,,,,,,,,,,,,,,,,,,,,,,
1676060298.900047,1676060298.900863,82.000000,0.000000,4275.641113,4281.666504,4287.948730,4313.974121,4307.179688,4304.487305,4300.000000,4305.641113,4275.769043,4265.256348,4341.410156,4480.641113,4352.307617,4388.077148,2733.000000,4.000000,85.000000,,,,0.000000,4.000000,4.000000,4.000000,4.000000,4.000000,4.000000,4.000000,4.000000,4.000000,4.000000,4.000000,4.000000,4.000000,4.000000,100.000000,,,,,,,,,,,,,,,,,,,,,,,,,,,,,,,,,,,,,,,,,,,,,,,,,,,,,,,,,,,,,,,,,,,,,,,,,,,,,,,,,,,,,,
1676060298.907855,1676060298.908572,83.000000,0.000000,4267.820313,4278.077148,4281.794922,4307.563965,4300.384766,4297.051270,4290.256348,4298.333496,4272.051270,4261.025879,4334.230957,4469.102539,4339.743652,4383.205078,2922.000000,4.000000,85.000000,,,,0.000000,4.000000,4.000000,4.000000,4.000000,4.000000,4.000000,4.000000,4.000000,4.000000,4.000000,4.000000,4.000000,4.000000,4.000000,100.000000,,,,,,,,,,,,,,,,,,,,,,,,,,,,,,,,,,,,,,,,,,,,,,,,,,,,,,,,,,,,,,,,,,,,,,,,,,,,,,,,,,,,,,
1676060298.915664,1676060298.916380,84.000000,0.000000,4293.077148,4304.615234,4303.589844,4332.307617,4312.692383,4309.487305,4306.666504,4312.820313,4293.846191,4286.025879,4355.128418,4492.307617,4365.512695,4407.179688,3127.000000,4.000000,85.000000,,,,0.000000,4.000000,4.000000,4.000000,4.000000,4.000000,4.000000,4.000000,4.000000,4.000000,4.000000,4.000000,4.000000,4.000000,4.000000,100.000000,,,,,,,,,,,,,,,,,,,,,,,,,,,,,,,,,,,,,,,,,,,,,,,,,,,,,,,,,,,,,,,,,,,,,,,,,,,,,,,,,,,,,,
1676060298.923472,1676060298.924089,85.000000,0.000000,4301.922852,4315.128418,4316.922852,4343.333496,4313.974121,4315.897461,4312.563965,4318.846191,4298.717773,4292.179688,4359.871582,4498.461426,4380.512695,4412.563965,3238.000000,4.000000,85.000000,,,,0.000000,4.000000,4.000000,4.000000,4.000000,4.000000,4.000000,4.000000,4.000000,4.000000,4.000000,4.000000,4.000000,4.000000,4.000000,100.000000,,,,,,,,,,,,,,,,,,,,,,,,,,,,,,,,,,,,,,,,,,,,,,,,,,,,,,,,,,,,,,,,,,,,,,,,,,,,,,,,,,,,,,
1676060298.931280,1676060298.931897,86.000000,0.000000,4284.102539,4298.589844,4308.589844,4330.256348,4301.410156,4307.307617,4300.384766,4307.051270,4286.025879,4273.333496,4339.102539,4481.538574,4361.794922,4397.179688,2733.000000,4.000000,85.000000,,,,0.000000,4.000000,4.000000,4.000000,4.000000,4.000000,4.000000,4.000000,4.000000,4.000000,4.000000,4.000000,4.000000,4.000000,4.000000,100.000000,,,,,,,,,,,,,,,,,,,,,,,,,,,,,,,,,,,,,,,,,,,,,,,,,,,,,,,,,,,,,,,,,,,,,,,,,,,,,,,,,,,,,,
1676060298.939089,1676060298.939606,87.000000,0.000000,4291.538574,4302.820313,4314.743652,4335.384766,4297.692383,4308.846191,4305.641113,4312.307617,4294.230957,4280.512695,4344.358887,4490.128418,4366.794922,4407.948730,2922.000000,4.000000,85.000000,,,,0.000000,4.000000,4.000000,4.000000,4.000000,4.000000,4.000000,4.000000,4.000000,4.000000,4.000000,4.000000,4.000000,4.000000,4.000000,100.000000,,,,,,,,,,,,,,,,,,,,,,,,,,,,,,,,,,,,,,,,,,,,,,,,,,,,,,,,,,,,,,,,,,,,,,,,,,,,,,,,,,,,,,
1676060298.946897,1676060298.947514,88.000000,0.000000,4290.512695,4306.282227,4312.692383,4331.153809,4287.948730,4303.846191,4304.487305,4317.436035,4292.820313,4282.179688,4345.256348,4489.230957,4369.871582,4408.717773,3127.000000,4.000000,85.000000,,,,0.000000,4.000000,4.000000,4.000000,4.000000,4.000000,4.000000,4.000000,4.000000,4.000000,4.000000,4.000000,4.000000,4.000000,4.000000,100.000000,,,,,,,,,,,,,,,,,,,,,,,,,,,,,,,,,,,,,,,,,,,,,,,,,,,,,,,,,,,,,,,,,,,,,,,,,,,,,,,,,,,,,,
1676060298.954706,1676060298.955322,89.000000,0.000000,4265.000000,4283.846191,4288.974121,4304.871582,4271.794922,4289.487305,4291.025879,4305.128418,4272.820313,4256.922852,4318.077148,4466.153809,4343.333496,4380.000000,3238.000000,4.000000,85.000000,,,,0.000000,4.000000,4.000000,4.000000,4.000000,4.000000,4.000000,4.000000,4.000000,4.000000,4.000000,4.000000,4.000000,4.000000,4.000000,100.000000,,,,,,,,,,,,,,,,,,,,,,,,,,,,,,,,,,,,,,,,,,,,,,,,,,,,,,,,,,,,,,,,,,,,,,,,,,,,,,,,,,,,,,
1676060298.962514,1676060298.963231,90.000000,0.000000,4272.179688,4281.922852,4296.538574,4315.641113,4278.974121,4305.384766,4306.538574,4316.410156,4282.307617,4267.307617,4326.410156,4480.384766,4350.769043,4383.846191,2733.000000,4.000000,85.000000,,,,0.000000,4.000000,4.000000,4.000000,4.000000,4.000000,4.000000,4.000000,4.000000,4.000000,4.000000,4.000000,4.000000,4.000000,4.000000,100.000000,,,,,,,,,,,,,,,,,,,,,,,,,,,,,,,,,,,,,,,,,,,,,,,,,,,,,,,,,,,,,,,,,,,,,,,,,,,,,,,,,,,,,,
1676060298.970322,1676060298.971039,91.000000,0.000000,4290.897461,4301.025879,4316.538574,4338.205078,4288.846191,4324.102539,4321.410156,4334.102539,4294.871582,4291.025879,4355.000000,4502.179688,4370.384766,4404.487305,2922.000000,4.000000,85.000000,,,,0.000000,4.000000,4.000000,4.000000,4.000000,4.000000,4.000000,4.000000,4.000000,4.000000,4.000000,4.000000,4.000000,4.000000,4.000000,100.000000,,,,,,,,,,,,,,,,,,,,,,,,,,,,,,,,,,,,,,,,,,,,,,,,,,,,,,,,,,,,,,,,,,,,,,,,,,,,,,,,,,,,,,
1676060298.978131,1676060298.978947,92.000000,0.000000,4285.641113,4303.846191,4311.410156,4326.666504,4275.256348,4310.641113,4308.461426,4323.077148,4282.692383,4273.077148,4357.820313,4491.666504,4358.205078,4399.615234,3127.000000,4.000000,85.000000,,,,0.000000,4.000000,4.000000,4.000000,4.000000,4.000000,4.000000,4.000000,4.000000,4.000000,4.000000,4.000000,4.000000,4.000000,4.000000,100.000000,,,,,,,,,,,,,,,,,,,,,,,,,,,,,,,,,,,,,,,,,,,,,,,,,,,,,,,,,,,,,,,,,,,,,,,,,,,,,,,,,,,,,,
1676060298.985939,1676060298.986756,93.000000,0.000000,4295.897461,4302.051270,4318.077148,4323.333496,4267.948730,4305.256348,4314.487305,4326.153809,4297.436035,4270.384766,4374.871582,4503.333496,4366.922852,4408.461426,3238.000000,4.000000,85.000000,,,,0.000000,4.000000,4.000000,4.000000,4.000000,4.000000,4.000000,4.000000,4.000000,4.000000,4.000000,4.000000,4.000000,4.000000,4.000000,100.000000,,,,,,,,,,,,,,,,,,,,,,,,,,,,,,,,,,,,,,,,,,,,,,,,,,,,,,,,,,,,,,,,,,,,,,,,,,,,,,,,,,,,,,
1676060298.993748,1676060298.994664,94.000000,0.000000,4302.179688,4301.153809,4326.025879,4330.128418,4268.589844,4317.820313,4325.769043,4342.179688,4319.102539,4301.410156,4392.563965,4516.282227,4382.051270,4421.410156,2733.000000,4.000000,85.000000,,,,0.000000,4.000000,4.000000,4.000000,4.000000,4.000000,4.000000,4.000000,4.000000,4.000000,4.000000,4.000000,4.000000,4.000000,4.000000,100.000000,,,,,,,,,,,,,,,,,1.637304,6.437541,1.779408,1.063500,0.763939,11.181824,6.188387,1.020828,1.409552,0.754475,2.510923,6.717942,2.563792,1.423349,0.732562,3.869589,6.092591,1.179168,1.151094,0.611812,14.642880,6.572006,0.696147,0.603082,0.402026,1.228867,2.654273,0.946988,0.510737,0.439308,1.267166,1.092678,2.211672,1.045987,0.657513,0.625364,4.462225,1.717792,1.779533,0.800082,0.479161,1.650254,1.207778,1.625480,0.888996,0.626840,1.445191,1.265832,1.855579,1.223609,21.643229,5.047102,3.678392,3.484522,1.367835,2.727170,3.827955,4.016137,2.541481,1.459925,8.218627,4.484848,2.289535,2.384718,1.524563,2.475744,5.989479,3.035624,2.178098,1.199908
1676060299.001556,1676060299.002473,95.000000,0.000000,4271.153809,4284.102539,4299.871582,4315.128418,4255.384766,4307.436035,4301.666504,4321.538574,4293.717773,4292.307617,4358.846191,4480.000000,4353.333496,4394.358887,2922.000000,4.000000,85.000000,,,,0.000000,4.000000,4.000000,4.000000,4.000000,4.000000,4.000000,4.000000,4.000000,4.000000,4.000000,4.000000,4.000000,4.000000,4.000000,100.000000,,,,,,,,,,,,,,,,,,,,,,,,,,,,,,,,,,,,,,,,,,,,,,,,,,,,,,,,,,,,,,,,,,,,,,,,,,,,,,,,,,,,,,
1676060299.009364,1676060299.010181,96.000000,0.000000,4252.820313,4268.717773,4275.000000,4297.307617,4242.307617,4288.461426,4281.410156,4291.153809,4266.410156,4254.358887,4320.897461,4449.102539,4330.000000,4366.282227,3127.000000,4.000000,85.000000,,,,0.000000,4.000000,4.000000,4.000000,4.000000,4.000000,4.000000,4.000000,4.000000,4.000000,4.000000,4.000000,4.000000,4.000000,4.000000,100.000000,,,,,,,,,,,,,,,,,,,,,,,,,,,,,,,,,,,,,,,,,,,,,,,,,,,,,,,,,,,,,,,,,,,,,,,,,,,,,,,,,,,,,,
1676060299.017173,1676060299.017990,97.000000,0.000000,4278.589844,4278.717773,4290.512695,4306.666504,4252.051270,4299.615234,4298.077148,4302.563965,4283.077148,4264.230957,4332.948730,4469.487305,4346.410156,4380.384766,3238.000000,4.000000,85.000000,,,,0.000000,4.000000,4.000000,4.000000,4.000000,4.000000,4.000000,4.000000,4.000000,4.000000,4.000000,4.000000,4.000000,4.000000,4.000000,100.000000,,,,,,,,,,,,,,,,,,,,,,,,,,,,,,,,,,,,,,,,,,,,,,,,,,,,,,,,,,,,,,,,,,,,,,,,,,,,,,,,,,,,,,
1676060299.024981,1676060299.025698,98.000000,0.000000,4307.820313,4303.205078,4319.230957,4329.743652,4267.307617,4316.794922,4319.230957,4331.025879,4307.436035,4300.512695,4362.948730,4501.282227,4370.897461,4413.974121,2733.000000,4.000000,85.000000,,,,0.000000,4.000000,4.000000,4.000000,4.000000,4.000000,4.000000,4.000000,4.000000,4.000000,4.000000,4.000000,4.000000,4.000000,4.000000,100.000000,,,,,,,,,,,,,,,,,,,,,,,,,,,,,,,,,,,,,,,,,,,,,,,,,,,,,,,,,,,,,,,,,,,,,,,,,,,,,,,,,,,,,,
1676060299.032790,1676060299.033507,99.000000,0.000000,4297.692383,4300.641113,4312.948730,4328.205078,4259.615234,4306.922852,4309.743652,4323.589844,4295.641113,4289.487305,4354.487305,4494.871582,4371.153809,4413.846191,2922.000000,4.000000,85.000000,,,,0.000000,4.000000,4.000000,4.000000,4.000000,4.000000,4.000000,4.000000,4.000000,4.000000,4.000000,4.000000,4.000000,4.000000,4.000000,100.000000,,,,,,,,,,,,,,,,,,,,,,,,,,,,,,,,,,,,,,,,,,,,,,,,,,,,,,,,,,,,,,,,,,,,,,,,,,,,,,,,,,,,,,
1676060299.040598,1676060299.041215,100.000000,0.000000,4271.538574,4278.333496,4288.333496,4304.102539,4240.000000,4292.563965,4293.205078,4303.717773,4272.307617,4254.102539,4318.077148,4467.820313,4346.025879,4385.769043,3127.000000,4.000000,85.000000,,,,0.000000,4.000000,4.000000,4.000000,4.000000,4.000000,4.000000,4.000000,4.000000,4.000000,4.000000,4.000000,4.000000,4.000000,4.000000,100.000000,,,,,,,,,,,,,,,,,,,,,,,,,,,,,,,,,,,,,,,,,,,,,,,,,,,,,,,,,,,,,,,,,,,,,,,,,,,,,,,,,,,,,,
1676060299.048406,1676060299.049024,101.000000,0.000000,4273.717773,4281.153809,4291.282227,4298.333496,4235.000000,4295.641113,4301.153809,4313.205078,4281.922852,4261.794922,4313.205078,4471.794922,4338.205078,4384.743652,3238.000000,4.000000,85.000000,,,,0.000000,4.000000,4.000000,4.000000,4.000000,4.000000,4.000000,4.000000,4.000000,4.000000,4.000000,4.000000,4.000000,4.000000,4.000000,100.000000,,,,,,,,,,,,,,,,,,,,,,,,,,,,,,,,,,,,,,,,,,,,,,,,,,,,,,,,,,,,,,,,,,,,,,,,,,,,,,,,,,,,,,
1676060299.056215,1676060299.056732,102.000000,0.000000,4290.384766,4293.589844,4306.538574,4310.256348,4235.897461,4300.897461,4311.922852,4327.563965,4302.436035,4284.615234,4333.717773,4493.077148,4358.589844,4402.051270,2733.000000,4.000000,85.000000,,,,0.000000,4.000000,4.000000,4.000000,4.000000,4.000000,4.000000,4.000000,4.000000,4.000000,4.000000,4.000000,4.000000,4.000000,4.000000,100.000000,,,,,,,,,,,,,,,,,,,,,,,,,,,,,,,,,,,,,,,,,,,,,,,,,,,,,,,,,,,,,,,,,,,,,,,,,,,,,,,,,,,,,,
1676060299.064023,1676060299.064641,103.000000,0.000000,4286.025879,4283.846191,4299.358887,4303.717773,4224.358887,4294.358887,4300.128418,4317.820313,4291.410156,4266.025879,4332.307617,4485.512695,4361.538574,4396.922852,2922.000000,4.000000,85.000000,,,,0.000000,4.000000,4.000000,4.000000,4.000000,4.000000,4.000000,4.000000,4.000000,4.000000,4.000000,4.000000,4.000000,4.000000,4.000000,100.000000,,,,,,,,,,,,,,,,,,,,,,,,,,,,,,,,,,,,,,,,,,,,,,,,,,,,,,,,,,,,,,,,,,,,,,,,,,,,,,,,,,,,,,
1676060299.071832,1676060299.072449,104.000000,0.000000,4270.641113,4270.384766,4289.743652,4289.743652,4212.307617,4287.563965,4287.563965,4303.974121,4269.487305,4242.692383,4319.358887,4463.717773,4337.051270,4382.948730,3127.000000,4.000000,85.000000,,,,0.000000,4.000000,4.000000,4.000000,4.000000,4.000000,4.000000,4.000000,4.000000,4.000000,4.000000,4.000000,4.000000,4.000000,4.000000,100.000000,,,,,,,,,,,,,,,,,,,,,,,,,,,,,,,,,,,,,,,,,,,,,,,,,,,,,,,,,,,,,,,,,,,,,,,,,,,,,,,,,,,,,,
1676060299.079640,1676060299.080357,105.000000,0.000000,4280.000000,4285.256348,4305.512695,4302.820313,4223.205078,4297.179688,4304.615234,4316.282227,4284.871582,4266.666504,4337.051270,4477.948730,4337.948730,4393.077148,3238.000000,4.000000,85.000000,,,,0.000000,4.000000,4.000000,4.000000,4.000000,4.000000,4.000000,4.000000,4.000000,4.000000,4.000000,4.000000,4.000000,4.000000,4.000000,100.000000,,,,,,,,,,,,,,,,,,,,,,,,,,,,,,,,,,,,,,,,,,,,,,,,,,,,,,,,,,,,,,,,,,,,,,,,,,,,,,,,,,,,,,
1676060299.087448,1676060299.088166,106.000000,0.000000,4302.436035,4301.410156,4321.538574,4319.615234,4237.436035,4309.871582,4317.948730,4333.077148,4305.256348,4289.743652,4359.358887,4496.794922,4366.538574,4406.410156,2733.000000,4.000000,85.000000,,,,0.000000,4.000000,4.000000,4.000000,4.000000,4.000000,4.000000,4.000000,4.000000,4.000000,4.000000,4.000000,4.000000,4.000000,4.000000,100.000000,,,,,,,,,,,,,,,,,,,,,,,,,,,,,,,,,,,,,,,,,,,,,,,,,,,,,,,,,,,,,,,,,,,,,,,,,,,,,,,,,,,,,,
1676060299.095257,1676060299.096074,107.000000,0.000000,4302.820313,4288.205078,4312.436035,4312.307617,4229.615234,4305.000000,4301.025879,4323.461426,4289.230957,4273.589844,4347.436035,4481.666504,4367.563965,4399.230957,2922.000000,4.000000,85.000000,,,,0.000000,4.000000,4.000000,4.000000,4.000000,4.000000,4.000000,4.000000,4.000000,4.000000,4.000000,4.000000,4.000000,4.000000,4.000000,100.000000,,,,,,,,,,,,,,,,,,,,,,,,,,,,,,,,,,,,,,,,,,,,,,,,,,,,,,,,,,,,,,,,,,,,,,,,,,,,,,,,,,,,,,
1676060299.103065,1676060299.103883,108.000000,0.000000,4289.871582,4283.205078,4305.512695,4308.717773,4226.282227,4296.282227,4292.307617,4308.077148,4276.153809,4268.717773,4334.487305,4476.410156,4354.487305,4400.897461,3127.000000,4.000000,85.000000,,,,0.000000,4.000000,4.000000,4.000000,4.000000,4.000000,4.000000,4.000000,4.000000,4.000000,4.000000,4.000000,4.000000,4.000000,4.000000,100.000000,,,,,,,,,,,,,,,,,,,,,,,,,,,,,,,,,,,,,,,,,,,,,,,,,,,,,,,,,,,,,,,,,,,,,,,,,,,,,,,,,,,,,,
1676060299.110873,1676060299.111691,109.000000,0.000000,4293.205078,4303.077148,4314.102539,4322.820313,4235.641113,4297.563965,4302.436035,4313.077148,4286.922852,4283.846191,4343.589844,4492.436035,4363.461426,4418.205078,3238.000000,4.000000,85.000000,,,,0.000000,4.000000,4.000000,4.000000,4.000000,4.000000,4.000000,4.000000,4.000000,4.000000,4.000000,4.000000,4.000000,4.000000,4.000000,100.000000,,,,,,,,,,,,,,,,,,,,,,,,,,,,,,,,,,,,,,,,,,,,,,,,,,,,,,,,,,,,,,,,,,,,,,,,,,,,,,,,,,,,,,
1676060299.118682,1676060299.119400,110.000000,0.000000,4296.282227,4303.461426,4308.717773,4317.692383,4227.692383,4298.717773,4297.820313,4313.077148,4281.538574,4277.307617,4338.717773,4485.512695,4368.333496,4407.179688,2733.000000,4.000000,85.000000,,,,0.000000,4.000000,4.000000,4.000000,4.000000,4.000000,4.000000,4.000000,4.000000,4.000000,4.000000,4.000000,4.000000,4.000000,4.000000,100.000000,,,,,,,,,,,,,,,,,1.406382,6.277069,1.676051,1.152086,0.728406,11.232613,6.698549,1.020792,1.535812,0.693649,2.272917,6.094365,2.455506,1.519698,0.692949,3.761250,6.456738,1.141149,1.235894,0.548737,30.513971,7.313501,0.863792,0.627220,0.373587,1.071797,2.565911,0.882886,0.486762,0.390932,0.991813,0.719471,1.948492,1.090072,0.597180,0.650031,5.031252,1.668994,1.756598,0.767959,0.512813,1.565817,1.284048,1.576213,0.828708,0.498415,1.105346,1.340998,2.002000,1.131932,19.562029,4.586438,3.520970,3.521266,1.314648,2.283626,3.010552,3.628059,2.494137,1.310211,8.330460,3.672207,2.144552,2.376097,1.424740,2.301226,5.084679,2.683188,2.248359,1.134348
1676060299.126490,1676060299.127308,111.000000,0.000000,4283.205078,4280.641113,4289.102539,4297.179688,4212.051270,4293.974121,4293.333496,4295.897461,4262.051270,4256.025879,4311.025879,4461.282227,4347.563965,4380.256348,2922.000000,4.000000,85.000000,,,,0.000000,4.000000,4.000000,4.000000,4.000000,4.000000,4.000000,4.000000,4.000000,4.000000,4.000000,4.000000,4.000000,4.000000,4.000000,100.000000,,,,,,,,,,,,,,,,,,,,,,,,,,,,,,,,,,,,,,,,,,,,,,,,,,,,,,,,,,,,,,,,,,,,,,,,,,,,,,,,,,,,,,
1676060299.134299,1676060299.135116,112.000000,0.000000,4281.025879,4277.307617,4291.794922,4295.256348,4209.615234,4287.307617,4327.307617,4300.897461,4270.128418,4256.922852,4306.410156,4461.666504,4338.974121,4391.538574,3127.000000,4.000000,85.000000,,,,0.000000,4.000000,4.000000,4.000000,4.000000,4.000000,4.000000,4.000000,4.000000,4.000000,4.000000,4.000000,4.000000,4.000000,4.000000,100.000000,,,,,,,,,,,,,,,,,,,,,,,,,,,,,,,,,,,,,,,,,,,,,,,,,,,,,,,,,,,,,,,,,,,,,,,,,,,,,,,,,,,,,,
1676060299.142107,1676060299.143025,113.000000,0.000000,4276.410156,4276.282227,4296.538574,4290.000000,4204.358887,4281.282227,4353.333496,4313.205078,4281.282227,4263.461426,4312.692383,4465.128418,4345.769043,4396.410156,3238.000000,4.000000,85.000000,,,,0.000000,4.000000,4.000000,4.000000,4.000000,4.000000,4.000000,4.000000,4.000000,4.000000,4.000000,4.000000,4.000000,4.000000,4.000000,100.000000,,,,,,,,,,,,,,,,,,,,,,,,,,,,,,,,,,,,,,,,,,,,,,,,,,,,,,,,,,,,,,,,,,,,,,,,,,,,,,,,,,,,,,
1676060299.149915,1676060299.150833,114.000000,0.000000,4257.179688,4259.102539,4280.769043,4271.538574,4192.436035,4285.769043,4341.153809,4299.487305,4268.846191,4258.461426,4297.563965,4450.384766,4335.769043,4368.589844,2733.000000,4.000000,85.000000,,,,0.000000,4.000000,4.000000,4.000000,4.000000,4.000000,4.000000,4.000000,4.000000,4.000000,4.000000,4.000000,4.000000,4.000000,4.000000,100.000000,,,,,,,,,,,,,,,,,,,,,,,,,,,,,,,,,,,,,,,,,,,,,,,,,,,,,,,,,,,,,,,,,,,,,,,,,,,,,,,,,,,,,,
1676060299.157724,1676060299.158742,115.000000,0.000000,4273.205078,4274.230957,4291.538574,4287.436035,4202.692383,4305.000000,4344.615234,4305.256348,4275.641113,4268.846191,4309.615234,4463.461426,4343.717773,4382.179688,2922.000000,4.000000,85.000000,,,,0.000000,4.000000,4.000000,4.000000,4.000000,4.000000,4.000000,4.000000,4.000000,4.000000,4.000000,4.000000,4.000000,4.000000,4.000000,100.000000,,,,,,,,,,,,,,,,,,,,,,,,,,,,,,,,,,,,,,,,,,,,,,,,,,,,,,,,,,,,,,,,,,,,,,,,,,,,,,,,,,,,,,
1676060299.165532,1676060299.166550,116.000000,0.000000,4312.051270,4308.205078,4323.846191,4320.897461,4220.897461,4314.102539,4364.230957,4335.384766,4299.102539,4283.974121,4346.794922,4497.563965,4375.384766,4423.333496,3127.000000,4.000000,85.000000,,,,0.000000,4.000000,4.000000,4.000000,4.000000,4.000000,4.000000,4.000000,4.000000,4.000000,4.000000,4.000000,4.000000,4.000000,4.000000,100.000000,,,,,,,,,,,,,,,,,,,,,,,,,,,,,,,,,,,,,,,,,,,,,,,,,,,,,,,,,,,,,,,,,,,,,,,,,,,,,,,,,,,,,,
1676060299.173340,1676060299.174458,117.000000,0.000000,4309.487305,4306.666504,4323.589844,4317.179688,4212.307617,4300.897461,4353.589844,4332.692383,4294.615234,4279.487305,4343.461426,4497.179688,4378.205078,4421.153809,3238.000000,4.000000,85.000000,,,,0.000000,4.000000,4.000000,4.000000,4.000000,4.000000,4.000000,4.000000,4.000000,4.000000,4.000000,4.000000,4.000000,4.000000,4.000000,100.000000,,,,,,,,,,,,,,,,,,,,,,,,,,,,,,,,,,,,,,,,,,,,,,,,,,,,,,,,,,,,,,,,,,,,,,,,,,,,,,,,,,,,,,
1676060299.181149,1676060299.182267,118.000000,0.000000,4288.333496,4290.512695,4306.153809,4300.769043,4196.282227,4290.384766,4327.563965,4307.692383,4275.384766,4273.589844,4319.743652,4473.333496,4357.051270,4398.717773,2733.000000,4.000000,85.000000,,,,0.000000,4.000000,4.000000,4.000000,4.000000,4.000000,4.000000,4.000000,4.000000,4.000000,4.000000,4.000000,4.000000,4.000000,4.000000,100.000000,,,,,,,,,,,,,,,,,,,,,,,,,,,,,,,,,,,,,,,,,,,,,,,,,,,,,,,,,,,,,,,,,,,,,,,,,,,,,,,,,,,,,,
1676060299.188957,1676060299.189975,119.000000,0.000000,4294.871582,4294.615234,4310.000000,4309.615234,4201.282227,4298.461426,4324.487305,4310.000000,4278.717773,4280.000000,4324.230957,4475.897461,4353.974121,4400.641113,2922.000000,4.000000,85.000000,,,,0.000000,4.000000,4.000000,4.000000,4.000000,4.000000,4.000000,4.000000,4.000000,4.000000,4.000000,4.000000,4.000000,4.000000,4.000000,100.000000,,,,,,,,,,,,,,,,,,,,,,,,,,,,,,,,,,,,,,,,,,,,,,,,,,,,,,,,,,,,,,,,,,,,,,,,,,,,,,,,,,,,,,
1676060299.196766,1676060299.197884,120.000000,0.000000,4302.436035,4298.077148,4317.563965,4314.615234,4209.102539,4300.128418,4322.436035,4315.512695,4283.974121,4276.025879,4325.384766,4483.589844,4359.487305,4402.820313,3127.000000,4.000000,85.000000,,,,0.000000,4.000000,4.000000,4.000000,4.000000,4.000000,4.000000,4.000000,4.000000,4.000000,4.000000,4.000000,4.000000,4.000000,4.000000,100.000000,,,,,,,,,,,,,,,,,,,,,,,,,,,,,,,,,,,,,,,,,,,,,,,,,,,,,,,,,,,,,,,,,,,,,,,,,,,,,,,,,,,,,,
1676060299.204574,1676060299.205692,121.000000,0.000000,4302.692383,4299.615234,4316.922852,4311.794922,4204.871582,4287.948730,4310.384766,4301.666504,4272.820313,4263.589844,4315.384766,4474.615234,4360.512695,4402.436035,3238.000000,4.000000,85.000000,,,,0.000000,4.000000,4.000000,4.000000,4.000000,4.000000,4.000000,4.000000,4.000000,4.000000,4.000000,4.000000,4.000000,4.000000,4.000000,100.000000,,,,,,,,,,,,,,,,,,,,,,,,,,,,,,,,,,,,,,,,,,,,,,,,,,,,,,,,,,,,,,,,,,,,,,,,,,,,,,,,,,,,,,
1676060299.212382,1676060299.213501,122.000000,0.000000,4313.461426,4314.487305,4326.922852,4324.230957,4211.410156,4298.846191,4321.922852,4307.179688,4275.641113,4263.974121,4327.436035,4487.820313,4367.820313,4421.153809,2733.000000,4.000000,85.000000,,,,0.000000,4.000000,4.000000,4.000000,4.000000,4.000000,4.000000,4.000000,4.000000,4.000000,4.000000,4.000000,4.000000,4.000000,4.000000,100.000000,,,,,,,,,,,,,,,,,,,,,,,,,,,,,,,,,,,,,,,,,,,,,,,,,,,,,,,,,,,,,,,,,,,,,,,,,,,,,,,,,,,,,,
1676060299.220191,1676060299.221209,123.000000,0.000000,4316.153809,4318.717773,4332.436035,4329.230957,4223.077148,4321.025879,4344.230957,4330.000000,4294.102539,4273.333496,4341.794922,4511.025879,4374.230957,4431.538574,2922.000000,4.000000,85.000000,,,,0.000000,4.000000,4.000000,4.000000,4.000000,4.000000,4.000000,4.000000,4.000000,4.000000,4.000000,4.000000,4.000000,4.000000,4.000000,100.000000,,,,,,,,,,,,,,,,,,,,,,,,,,,,,,,,,,,,,,,,,,,,,,,,,,,,,,,,,,,,,,,,,,,,,,,,,,,,,,,,,,,,,,
1676060299.227999,1676060299.229018,124.000000,0.000000,4300.384766,4300.641113,4314.230957,4311.666504,4211.538574,4307.179688,4334.743652,4324.615234,4289.487305,4278.461426,4328.333496,4492.948730,4365.000000,4408.461426,3127.000000,4.000000,85.000000,,,,0.000000,4.000000,4.000000,4.000000,4.000000,4.000000,4.000000,4.000000,4.000000,4.000000,4.000000,4.000000,4.000000,4.000000,4.000000,100.000000,,,,,,,,,,,,,,,,,,,,,,,,,,,,,,,,,,,,,,,,,,,,,,,,,,,,,,,,,,,,,,,,,,,,,,,,,,,,,,,,,,,,,,
1676060299.235808,1676060299.236726,125.000000,0.000000,4291.794922,4290.512695,4299.358887,4300.512695,4194.358887,4286.538574,4314.871582,4306.410156,4272.307617,4275.512695,4317.692383,4462.563965,4349.871582,4390.256348,3238.000000,4.000000,85.000000,,,,0.000000,4.000000,4.000000,4.000000,4.000000,4.000000,4.000000,4.000000,4.000000,4.000000,4.000000,4.000000,4.000000,4.000000,4.000000,100.000000,,,,,,,,,,,,,,,,,,,,,,,,,,,,,,,,,,,,,,,,,,,,,,,,,,,,,,,,,,,,,,,,,,,,,,,,,,,,,,,,,,,,,,
1676060299.243616,1676060299.244535,126.000000,0.000000,4305.128418,4307.307617,4314.230957,4313.205078,4200.897461,4302.563965,4325.128418,4321.153809,4287.051270,4281.025879,4346.666504,4473.974121,4355.769043,4409.743652,2733.000000,4.000000,85.000000,,,,0.000000,4.000000,4.000000,4.000000,4.000000,4.000000,4.000000,4.000000,4.000000,4.000000,4.000000,4.000000,4.000000,4.000000,4.000000,100.000000,,,,,,,,,,,,,,,,,1.185723,6.386274,1.534999,1.184572,0.733826,10.299667,7.171056,1.031497,1.561252,0.681591,2.026630,6.005409,2.280309,1.530129,0.699007,3.475838,6.681399,1.078028,1.249276,0.525298,51.639992,8.183258,1.066678,0.632963,0.365394,0.948444,2.234871,0.757984,0.442550,0.362060,0.769755,0.435388,1.573168,1.077293,0.557651,0.753532,5.194530,1.514419,1.623108,0.767905,0.586680,1.381793,1.313706,1.415802,0.803080,0.473647,0.978779,1.352844,1.970944,1.074851,15.999025,4.926480,3.220202,3.296838,1.296558,1.960733,2.901378,3.044223,2.264818,1.224348,7.792983,3.404202,1.876085,2.204110,1.341775,2.146133,4.889752,2.200074,2.160344,1.130143
1676060299.251424,1676060299.252243,127.000000,0.000000,4310.128418,4315.000000,4323.846191,4314.871582,4205.769043,4309.358887,4330.128418,4332.563965,4301.410156,4283.589844,4364.743652,4487.436035,4366.410156,4413.974121,85.000000,4.000000,85.000000,,,,0.000000,4.000000,4.000000,4.000000,4.000000,4.000000,4.000000,4.000000,4.000000,4.000000,4.000000,4.000000,4.000000,4.000000,4.000000,100.000000,,,,,,,,,,,,,,,,,,,,,,,,,,,,,,,,,,,,,,,,,,,,,,,,,,,,,,,,,,,,,,,,,,,,,,,,,,,,,,,,,,,,,,
1676060299.259233,1676060299.260151,0.000000,0.000000,4294.615234,4298.589844,4307.692383,4298.589844,4193.205078,4292.179688,4312.051270,4313.205078,4283.589844,4270.256348,4342.179688,4474.358887,4359.230957,4392.948730,2515.000000,4.000000,85.000000,,,,0.000000,4.000000,4.000000,4.000000,4.000000,4.000000,4.000000,4.000000,4.000000,4.000000,4.000000,4.000000,4.000000,4.000000,4.000000,100.000000,,,,,,,,,,,,,,,,,,,,,,,,,,,,,,,,,,,,,,,,,,,,,,,,,,,,,,,,,,,,,,,,,,,,,,,,,,,,,,,,,,,,,,
1676060299.267041,1676060299.267960,1.000000,0.000000,4289.230957,4293.846191,4307.051270,4301.538574,4195.000000,4295.256348,4308.974121,4315.128418,4278.846191,4272.692383,4338.205078,4477.820313,4357.820313,4401.538574,2469.000000,4.000000,85.000000,,,,0.000000,4.000000,4.000000,4.000000,4.000000,4.000000,4.000000,4.000000,4.000000,4.000000,4.000000,4.000000,4.000000,4.000000,4.000000,100.000000,,,,,,,,,,,,,,,,,,,,,,,,,,,,,,,,,,,,,,,,,,,,,,,,,,,,,,,,,,,,,,,,,,,,,,,,,,,,,,,,,,,,,,
1676060299.274850,1676060299.275868,2.000000,0.000000,4300.128418,4302.948730,4319.743652,4310.000000,4202.563965,4304.615234,4316.410156,4329.102539,4288.589844,4282.563965,4348.974121,4488.846191,4364.358887,4415.384766,2399.000000,4.000000,85.000000,,,,0.000000,4.000000,4.000000,4.000000,4.000000,4.000000,4.000000,4.000000,4.000000,4.000000,4.000000,4.000000,4.000000,4.000000,4.000000,100.000000,,,,,,,,,,,,,,,,,,,,,,,,,,,,,,,,,,,,,,,,,,,,,,,,,,,,,,,,,,,,,,,,,,,,,,,,,,,,,,,,,,,,,,
1676060299.282658,1676060299.283677,3.000000,0.000000,4298.717773,4300.769043,4310.256348,4301.153809,4191.410156,4296.282227,4311.538574,4317.948730,4282.051270,4265.769043,4336.794922,4478.333496,4357.948730,4398.077148,2456.000000,4.000000,85.000000,,,,0.000000,4.000000,4.000000,4.000000,4.000000,4.000000,4.000000,4.000000,4.000000,4.000000,4.000000,4.000000,4.000000,4.000000,4.000000,100.000000,,,,,,,,,,,,,,,,,,,,,,,,,,,,,,,,,,,,,,,,,,,,,,,,,,,,,,,,,,,,,,,,,,,,,,,,,,,,,,,,,,,,,,
1676060299.290466,1676060299.291485,4.000000,0.000000,4281.922852,4283.717773,4294.615234,4288.846191,4179.871582,4285.384766,4299.358887,4305.512695,4270.000000,4251.410156,4326.025879,4463.461426,4342.307617,4379.102539,2441.000000,4.000000,85.000000,,,,0.000000,4.000000,4.000000,4.000000,4.000000,4.000000,4.000000,4.000000,4.000000,4.000000,4.000000,4.000000,4.000000,4.000000,4.000000,100.000000,,,,,,,,,,,,,,,,,,,,,,,,,,,,,,,,,,,,,,,,,,,,,,,,,,,,,,,,,,,,,,,,,,,,,,,,,,,,,,,,,,,,,,
1676060299.298275,1676060299.299194,5.000000,0.000000,4280.384766,4275.000000,4300.256348,4288.333496,4181.922852,4280.128418,4293.461426,4308.717773,4262.051270,4260.256348,4340.128418,4463.077148,4333.077148,4382.436035,2371.000000,4.000000,85.000000,,,,0.000000,4.000000,4.000000,4.000000,4.000000,4.000000,4.000000,4.000000,4.000000,4.000000,4.000000,4.000000,4.000000,4.000000,4.000000,100.000000,,,,,,,,,,,,,,,,,,,,,,,,,,,,,,,,,,,,,,,,,,,,,,,,,,,,,,,,,,,,,,,,,,,,,,,,,,,,,,,,,,,,,,
1676060299.306083,1676060299.307102,6.000000,0.000000,4303.717773,4292.948730,4324.615234,4302.436035,4190.512695,4284.743652,4306.794922,4322.179688,4267.692383,4266.025879,4383.589844,4484.615234,4345.256348,4401.153809,2226.000000,4.000000,85.000000,,,,0.000000,4.000000,4.000000,4.000000,4.000000,4.000000,4.000000,4.000000,4.000000,4.000000,4.000000,4.000000,4.000000,4.000000,4.000000,100.000000,,,,,,,,,,,,,,,,,,,,,,,,,,,,,,,,,,,,,,,,,,,,,,,,,,,,,,,,,,,,,,,,,,,,,,,,,,,,,,,,,,,,,,
1676060299.313891,1676060299.314910,7.000000,0.000000,4327.436035,4321.153809,4348.333496,4323.333496,4202.692383,4304.102539,4334.230957,4348.846191,4294.487305,4274.743652,4441.794922,4520.769043,4381.153809,4430.512695,2219.000000,4.000000,85.000000,,,,0.000000,4.000000,4.000000,4.000000,4.000000,4.000000,4.000000,4.000000,4.000000,4.000000,4.000000,4.000000,4.000000,4.000000,4.000000,100.000000,,,,,,,,,,,,,,,,,,,,,,,,,,,,,,,,,,,,,,,,,,,,,,,,,,,,,,,,,,,,,,,,,,,,,,,,,,,,,,,,,,,,,,
1676060299.321700,1676060299.322819,8.000000,0.000000,4324.358887,4321.538574,4348.461426,4328.974121,4207.948730,4314.871582,4339.871582,4366.153809,4307.307617,4291.794922,4449.871582,4530.256348,4392.436035,4437.820313,2276.000000,4.000000,85.000000,,,,0.000000,4.000000,4.000000,4.000000,4.000000,4.000000,4.000000,4.000000,4.000000,4.000000,4.000000,4.000000,4.000000,4.000000,4.000000,100.000000,,,,,,,,,,,,,,,,,,,,,,,,,,,,,,,,,,,,,,,,,,,,,,,,,,,,,,,,,,,,,,,,,,,,,,,,,,,,,,,,,,,,,,
1676060299.329508,1676060299.330627,9.000000,0.000000,4298.461426,4298.205078,4324.358887,4309.487305,4196.666504,4304.615234,4320.512695,4353.717773,4289.615234,4290.384766,4403.589844,4496.410156,4361.410156,4407.051270,2246.000000,4.000000,85.000000,,,,0.000000,4.000000,4.000000,4.000000,4.000000,4.000000,4.000000,4.000000,4.000000,4.000000,4.000000,4.000000,4.000000,4.000000,4.000000,100.000000,,,,,,,,,,,,,,,,,,,,,,,,,,,,,,,,,,,,,,,,,,,,,,,,,,,,,,,,,,,,,,,,,,,,,,,,,,,,,,,,,,,,,,
1676060299.337317,1676060299.338536,10.000000,0.000000,4274.871582,4284.871582,4299.743652,4288.974121,4185.256348,4292.563965,4308.333496,4341.153809,4277.948730,4267.436035,4373.974121,4467.948730,4341.282227,4381.666504,2730.000000,4.000000,85.000000,,,,0.000000,4.000000,4.000000,4.000000,4.000000,4.000000,4.000000,4.000000,4.000000,4.000000,4.000000,4.000000,4.000000,4.000000,4.000000,100.000000,,,,,,,,,,,,,,,,,,,,,,,,,,,,,,,,,,,,,,,,,,,,,,,,,,,,,,,,,,,,,,,,,,,,,,,,,,,,,,,,,,,,,,
1676060299.345125,1676060299.346344,11.000000,0.000000,4272.307617,4279.230957,4294.230957,4278.205078,4184.743652,4292.820313,4307.051270,4342.948730,4282.179688,4256.922852,4367.563965,4469.487305,4341.666504,4379.871582,2915.000000,4.000000,85.000000,,,,0.000000,4.000000,4.000000,4.000000,4.000000,4.000000,4.000000,4.000000,4.000000,4.000000,4.000000,4.000000,4.000000,4.000000,4.000000,100.000000,,,,,,,,,,,,,,,,,,,,,,,,,,,,,,,,,,,,,,,,,,,,,,,,,,,,,,,,,,,,,,,,,,,,,,,,,,,,,,,,,,,,,,
1676060299.352933,1676060299.354252,12.000000,0.000000,4278.846191,4275.256348,4301.538574,4276.282227,4183.461426,4298.205078,4304.102539,4340.897461,4286.538574,4269.487305,4356.025879,4475.384766,4341.922852,4380.641113,3144.000000,4.000000,85.000000,,,,0.000000,4.000000,4.000000,4.000000,4.000000,4.000000,4.000000,4.000000,4.000000,4.000000,4.000000,4.000000,4.000000,4.000000,4.000000,100.000000,,,,,,,,,,,,,,,,,,,,,,,,,,,,,,,,,,,,,,,,,,,,,,,,,,,,,,,,,,,,,,,,,,,,,,,,,,,,,,,,,,,,,,
1676060299.360742,1676060299.362061,13.000000,0.000000,4277.563965,4281.666504,4310.256348,4284.358887,4183.333496,4298.205078,4302.307617,4337.820313,4287.436035,4274.615234,4354.871582,4473.461426,4347.179688,4384.358887,3241.000000,4.000000,85.000000,,,,0.000000,4.000000,4.000000,4.000000,4.000000,4.000000,4.000000,4.000000,4.000000,4.000000,4.000000,4.000000,4.000000,4.000000,4.000000,100.000000,,,,,,,,,,,,,,,,,,,,,,,,,,,,,,,,,,,,,,,,,,,,,,,,,,,,,,,,,,,,,,,,,,,,,,,,,,,,,,,,,,,,,,
1676060299.368550,1676060299.369769,14.000000,0.000000,4290.641113,4302.051270,4325.128418,4304.743652,4193.333496,4300.256348,4313.333496,4348.974121,4296.282227,4274.487305,4376.282227,4488.077148,4365.897461,4408.333496,2730.000000,4.000000,85.000000,,,,0.000000,4.000000,4.000000,4.000000,4.000000,4.000000,4.000000,4.000000,4.000000,4.000000,4.000000,4.000000,4.000000,4.000000,4.000000,100.000000,1.000000,33.333332,4.000000,4.000000,3.000000,4.000000,0.000000,4.000000,4.000000,4.000000,4.000000,3.000000,1.000000,3.000000,4.000000,3.000000,1.026743,6.489515,1.427817,1.162520,0.793141,8.395650,7.259222,1.043069,1.486068,0.725991,1.846863,6.170555,2.141396,1.466817,0.753818,3.077940,6.545461,1.030339,1.204243,0.550502,72.782509,8.996841,1.277284,0.634205,0.375450,0.899336,1.768870,0.608131,0.406886,0.359469,0.698009,0.304375,1.198393,1.021946,0.553989,0.942802,4.842675,1.294752,1.413981,0.805406,0.695699,1.126220,1.292510,1.189286,0.827359,0.541795,1.036486,1.289882,1.752030,1.091214,11.705369,5.977947,2.902636,2.883165,1.320081,1.859770,3.257564,2.484616,1.932459,1.232697,6.562811,3.495370,1.582963,1.918045,1.302919,2.002317,5.123543,1.758243,1.957276,1.195084
1676060299.376358,1676060299.377578,15.000000,0.000000,4310.512695,4313.461426,4335.512695,4318.333496,4200.512695,4303.461426,4320.128418,4351.538574,4302.820313,4283.717773,4379.743652,4502.051270,4373.589844,4420.128418,2915.000000,4.000000,85.000000,,,,0.000000,4.000000,4.000000,4.000000,4.000000,4.000000,4.000000,4.000000,4.000000,4.000000,4.000000,4.000000,4.000000,4.000000,4.000000,100.000000,,,,,,,,,,,,,,,,,,,,,,,,,,,,,,,,,,,,,,,,,,,,,,,,,,,,,,,,,,,,,,,,,,,,,,,,,,,,,,,,,,,,,,
1676060299.384167,1676060299.385286,16.000000,0.000000,4296.666504,4290.512695,4317.436035,4297.948730,4186.538574,4293.205078,4300.512695,4320.256348,4279.871582,4275.128418,4339.487305,4472.436035,4346.025879,4386.538574,0.000000,4.000000,85.000000,,,,0.000000,4.000000,4.000000,4.000000,4.000000,4.000000,4.000000,4.000000,4.000000,4.000000,4.000000,4.000000,4.000000,4.000000,4.000000,100.000000,,,,,,,,,,,,,,,,,,,,,,,,,,,,,,,,,,,,,,,,,,,,,,,,,,,,,,,,,,,,,,,,,,,,,,,,,,,,,,,,,,,,,,
1676060299.391975,1676060299.393095,17.000000,0.000000,4276.153809,4268.461426,4297.948730,4280.128418,4176.025879,4288.333496,4286.794922,4302.051270,4260.641113,4261.025879,4320.769043,4451.025879,4327.948730,4369.743652,0.000000,4.000000,85.000000,,,,0.000000,4.000000,4.000000,4.000000,4.000000,4.000000,4.000000,4.000000,4.000000,4.000000,4.000000,4.000000,4.000000,4.000000,4.000000,100.000000,,,,,,,,,,,,,,,,,,,,,,,,,,,,,,,,,,,,,,,,,,,,,,,,,,,,,,,,,,,,,,,,,,,,,,,,,,,,,,,,,,,,,,
1676060299.399784,1676060299.400803,18.000000,0.000000,4292.179688,4291.666504,4319.358887,4302.692383,4192.051270,4299.487305,4306.282227,4328.205078,4282.692383,4274.487305,4357.307617,4482.307617,4358.717773,4404.743652,0.000000,4.000000,85.000000,,,,0.000000,4.000000,4.000000,4.000000,4.000000,4.000000,4.000000,4.000000,4.000000,4.000000,4.000000,4.000000,4.000000,4.000000,4.000000,100.000000,,,,,,,,,,,,,,,,,,,,,,,,,,,,,,,,,,,,,,,,,,,,,,,,,,,,,,,,,,,,,,,,,,,,,,,,,,,,,,,,,,,,,,
1676060299.407592,1676060299.408612,19.000000,0.000000,4311.538574,4319.743652,4341.153809,4319.743652,4204.615234,4304.743652,4320.769043,4350.897461,4307.051270,4292.563965,4379.743652,4508.461426,4387.179688,4426.025879,0.000000,4.000000,85.000000,,,,0.000000,4.000000,4.000000,4.000000,4.000000,4.000000,4.000000,4.000000,4.000000,4.000000,4.000000,4.000000,4.000000,4.000000,4.000000,100.000000,,,,,,,,,,,,,,,,,,,,,,,,,,,,,,,,,,,,,,,,,,,,,,,,,,,,,,,,,,,,,,,,,,,,,,,,,,,,,,,,,,,,,,
1676060299.415400,1676060299.416320,20.000000,0.000000,4295.256348,4298.205078,4319.230957,4298.333496,4191.410156,4297.179688,4302.051270,4338.077148,4295.897461,4284.358887,4351.922852,4486.794922,4365.769043,4400.897461,0.000000,4.000000,85.000000,,,,0.000000,4.000000,4.000000,4.000000,4.000000,4.000000,4.000000,4.000000,4.000000,4.000000,4.000000,4.000000,4.000000,4.000000,4.000000,100.000000,,,,,,,,,,,,,,,,,,,,,,,,,,,,,,,,,,,,,,,,,,,,,,,,,,,,,,,,,,,,,,,,,,,,,,,,,,,,,,,,,,,,,,
1676060299.423209,1676060299.424129,21.000000,0.000000,4275.512695,4272.948730,4300.384766,4286.922852,4181.794922,4294.743652,4289.743652,4333.333496,4290.000000,4273.333496,4335.384766,4468.846191,4347.692383,4388.461426,0.000000,4.000000,85.000000,,,,0.000000,4.000000,4.000000,4.000000,4.000000,4.000000,4.000000,4.000000,4.000000,4.000000,4.000000,4.000000,4.000000,4.000000,4.000000,100.000000,,,,,,,,,,,,,,,,,,,,,,,,,,,,,,,,,,,,,,,,,,,,,,,,,,,,,,,,,,,,,,,,,,,,,,,,,,,,,,,,,,,,,,
1676060299.431017,1676060299.431837,22.000000,0.000000,4288.205078,4293.589844,4319.230957,4310.384766,4197.948730,4303.717773,4308.461426,4357.051270,4312.436035,4287.051270,4359.743652,4490.641113,4372.563965,4410.256348,0.000000,4.000000,85.000000,,,,0.000000,4.000000,4.000000,4.000000,4.000000,4.000000,4.000000,4.000000,4.000000,4.000000,4.000000,4.000000,4.000000,4.000000,4.000000,100.000000,,,,,,,,,,,,,,,,,,,,,,,,,,,,,,,,,,,,,,,,,,,,,,,,,,,,,,,,,,,,,,,,,,,,,,,,,,,,,,,,,,,,,,
1676060299.438825,1676060299.439646,23.000000,0.000000,4300.256348,4308.717773,4326.410156,4316.153809,4205.384766,4305.384766,4315.128418,4359.615234,4318.974121,4300.641113,4367.436035,4498.205078,4380.384766,4411.153809,0.000000,4.000000,85.000000,,,,0.000000,4.000000,4.000000,4.000000,4.000000,4.000000,4.000000,4.000000,4.000000,4.000000,4.000000,4.000000,4.000000,4.000000,4.000000,100.000000,,,,,,,,,,,,,,,,,,,,,,,,,,,,,,,,,,,,,,,,,,,,,,,,,,,,,,,,,,,,,,,,,,,,,,,,,,,,,,,,,,,,,,
1676060299.446634,1676060299.447354,24.000000,0.000000,4286.922852,4297.179688,4308.333496,4297.436035,4188.461426,4299.743652,4302.692383,4341.538574,4306.282227,4292.563965,4345.128418,4477.307617,4360.256348,4390.769043,0.000000,4.000000,85.000000,,,,0.000000,4.000000,4.000000,4.000000,4.000000,4.000000,4.000000,4.000000,4.000000,4.000000,4.000000,4.000000,4.000000,4.000000,4.000000,100.000000,,,,,,,,,,,,,,,,,,,,,,,,,,,,,,,,,,,,,,,,,,,,,,,,,,,,,,,,,,,,,,,,,,,,,,,,,,,,,,,,,,,,,,
1676060299.454442,1676060299.455163,25.000000,0.000000,4276.410156,4289.230957,4299.871582,4294.615234,4180.769043,4299.743652,4301.282227,4336.538574,4298.205078,4276.922852,4327.948730,4466.666504,4351.025879,4381.794922,0.000000,4.000000,85.000000,,,,0.000000,4.000000,4.000000,4.000000,4.000000,4.000000,4.000000,4.000000,4.000000,4.000000,4.000000,4.000000,4.000000,4.000000,4.000000,100.000000,,,,,,,,,,,,,,,,,,,,,,,,,,,,,,,,,,,,,,,,,,,,,,,,,,,,,,,,,,,,,,,,,,,,,,,,,,,,,,,,,,,,,,
1676060299.462251,1676060299.462871,26.000000,0.000000,4279.871582,4284.358887,4302.051270,4306.922852,4187.692383,4303.077148,4306.666504,4335.512695,4293.461426,4274.615234,4326.282227,4474.358887,4351.922852,4386.153809,0.000000,4.000000,85.000000,,,,0.000000,4.000000,4.000000,4.000000,4.000000,4.000000,4.000000,4.000000,4.000000,4.000000,4.000000,4.000000,4.000000,4.000000,4.000000,100.000000,,,,,,,,,,,,,,,,,,,,,,,,,,,,,,,,,,,,,,,,,,,,,,,,,,,,,,,,,,,,,,,,,,,,,,,,,,,,,,,,,,,,,,
1676060299.470059,1676060299.470680,27.000000,0.000000,4280.512695,4280.641113,4304.230957,4309.871582,4188.589844,4306.282227,4306.410156,4328.717773,4290.000000,4274.358887,4326.410156,4480.384766,4350.769043,4392.179688,0.000000,4.000000,85.000000,,,,0.000000,4.000000,4.000000,4.000000,4.000000,4.000000,4.000000,4.000000,4.000000,4.000000,4.000000,4.000000,4.000000,4.000000,4.000000,100.000000,,,,,,,,,,,,,,,,,,,,,,,,,,,,,,,,,,,,,,,,,,,,,,,,,,,,,,,,,,,,,,,,,,,,,,,,,,,,,,,,,,,,,,
1676060299.477867,1676060299.478388,28.000000,0.000000,4282.051270,4288.717773,4310.512695,4312.307617,4185.128418,4310.512695,4308.717773,4331.794922,4292.948730,4265.256348,4327.563965,4488.974121,4353.974121,4394.871582,0.000000,4.000000,85.000000,,,,0.000000,4.000000,4.000000,4.000000,4.000000,4.000000,4.000000,4.000000,4.000000,4.000000,4.000000,4.000000,4.000000,4.000000,4.000000,100.000000,,,,,,,,,,,,,,,,,,,,,,,,,,,,,,,,,,,,,,,,,,,,,,,,,,,,,,,,,,,,,,,,,,,,,,,,,,,,,,,,,,,,,,
1676060299.485676,1676060299.486297,29.000000,0.000000,4293.077148,4296.410156,4320.641113,4328.589844,4192.692383,4314.102539,4314.230957,4340.769043,4293.846191,4268.205078,4332.948730,4506.025879,4360.000000,4398.333496,0.000000,4.000000,85.000000,,,,0.000000,4.000000,4.000000,4.000000,4.000000,4.000000,4.000000,4.000000,4.000000,4.000000,4.000000,4.000000,4.000000,4.000000,4.000000,100.000000,,,,,,,,,,,,,,,,,,,,,,,,,,,,,,,,,,,,,,,,,,,,,,,,,,,,,,,,,,,,,,,,,,,,,,,,,,,,,,,,,,,,,,
1676060299.493484,1676060299.494105,30.000000,0.000000,4295.000000,4292.307617,4318.717773,4334.871582,4195.512695,4306.153809,4309.871582,4331.282227,4282.436035,4277.179688,4328.333496,4510.000000,4355.641113,4398.589844,0.000000,4.000000,85.000000,,,,0.000000,4.000000,4.000000,4.000000,4.000000,4.000000,4.000000,4.000000,4.000000,4.000000,4.000000,4.000000,4.000000,4.000000,4.000000,100.000000,,,,,,,,,,,,,,,,,0.949747,6.318647,1.375020,1.112990,0.909318,6.091533,6.754201,1.053311,1.358595,0.816944,1.767129,6.256411,2.069294,1.372716,0.846864,2.713019,5.996054,1.026150,1.140425,0.620533,86.967682,9.441554,1.445693,0.648947,0.399384,0.912367,1.298792,0.471824,0.407737,0.386681,0.844165,0.359748,0.927723,0.955331,0.596764,1.192332,4.059702,1.060039,1.184647,0.877093,0.832885,0.847890,1.228949,0.959373,0.907813,0.663604,1.172883,1.177087,1.405107,1.195584,8.051987,7.352141,2.686233,2.410915,1.385568,1.949782,3.749253,2.089692,1.614270,1.334034,4.952265,3.663691,1.342722,1.610195,1.319110,1.844790,5.384338,1.450976,1.726741,1.317156
1676060299.501293,1676060299.502013,31.000000,0.000000,4294.358887,4294.230957,4315.897461,4330.384766,4193.461426,4305.128418,4309.487305,4326.794922,4288.589844,4285.897461,4329.102539,4508.717773,4353.974121,4401.410156,0.000000,4.000000,85.000000,,,,0.000000,4.000000,4.000000,4.000000,4.000000,4.000000,4.000000,4.000000,4.000000,4.000000,4.000000,4.000000,4.000000,4.000000,4.000000,100.000000,,,,,,,,,,,,,,,,,,,,,,,,,,,,,,,,,,,,,,,,,,,,,,,,,,,,,,,,,,,,,,,,,,,,,,,,,,,,,,,,,,,,,,
1676060299.509101,1676060299.509822,32.000000,0.000000,4297.179688,4295.384766,4316.025879,4331.538574,4195.128418,4310.512695,4312.179688,4335.769043,4303.077148,4286.922852,4331.538574,4510.641113,4356.153809,4399.358887,0.000000,4.000000,85.000000,,,,0.000000,4.000000,4.000000,4.000000,4.000000,4.000000,4.000000,4.000000,4.000000,4.000000,4.000000,4.000000,4.000000,4.000000,4.000000,100.000000,,,,,,,,,,,,,,,,,,,,,,,,,,,,,,,,,,,,,,,,,,,,,,,,,,,,,,,,,,,,,,,,,,,,,,,,,,,,,,,,,,,,,,
1676060299.516909,1676060299.517730,33.000000,0.000000,4295.128418,4287.179688,4308.077148,4333.974121,4189.487305,4300.897461,4301.538574,4333.333496,4292.179688,4276.410156,4322.692383,4507.051270,4355.256348,4392.692383,0.000000,4.000000,85.000000,,,,0.000000,4.000000,4.000000,4.000000,4.000000,4.000000,4.000000,4.000000,4.000000,4.000000,4.000000,4.000000,4.000000,4.000000,4.000000,100.000000,,,,,,,,,,,,,,,,,,,,,,,,,,,,,,,,,,,,,,,,,,,,,,,,,,,,,,,,,,,,,,,,,,,,,,,,,,,,,,,,,,,,,,
1676060299.524718,1676060299.525539,34.000000,0.000000,4288.461426,4281.153809,4297.563965,4326.410156,4180.769043,4288.461426,4289.743652,4323.077148,4279.230957,4272.307617,4313.846191,4501.282227,4350.897461,4392.307617,0.000000,4.000000,85.000000,,,,0.000000,4.000000,4.000000,4.000000,4.000000,4.000000,4.000000,4.000000,4.000000,4.000000,4.000000,4.000000,4.000000,4.000000,4.000000,100.000000,,,,,,,,,,,,,,,,,,,,,,,,,,,,,,,,,,,,,,,,,,,,,,,,,,,,,,,,,,,,,,,,,,,,,,,,,,,,,,,,,,,,,,
1676060299.532526,1676060299.533447,35.000000,0.000000,4281.025879,4279.102539,4296.538574,4317.051270,4180.641113,4291.922852,4290.897461,4324.487305,4288.717773,4271.282227,4316.922852,4502.179688,4344.102539,4391.410156,0.000000,4.000000,85.000000,,,,0.000000,4.000000,4.000000,4.000000,4.000000,4.000000,4.000000,4.000000,4.000000,4.000000,4.000000,4.000000,4.000000,4.000000,4.000000,100.000000,,,,,,,,,,,,,,,,,,,,,,,,,,,,,,,,,,,,,,,,,,,,,,,,,,,,,,,,,,,,,,,,,,,,,,,,,,,,,,,,,,,,,,
1676060299.540335,1676060299.541256,36.000000,0.000000,4286.794922,4283.846191,4310.769043,4322.051270,4182.692383,4300.641113,4298.333496,4337.563965,4301.282227,4271.410156,4326.410156,4509.487305,4350.256348,4393.077148,0.000000,4.000000,85.000000,,,,0.000000,4.000000,4.000000,4.000000,4.000000,4.000000,4.000000,4.000000,4.000000,4.000000,4.000000,4.000000,4.000000,4.000000,4.000000,100.000000,,,,,,,,,,,,,,,,,,,,,,,,,,,,,,,,,,,,,,,,,,,,,,,,,,,,,,,,,,,,,,,,,,,,,,,,,,,,,,,,,,,,,,
1676060299.548143,1676060299.549164,37.000000,0.000000,4293.461426,4289.230957,4318.333496,4328.077148,4179.358887,4294.871582,4297.307617,4337.051270,4295.128418,4277.563965,4322.820313,4509.615234,4356.282227,4393.974121,0.000000,4.000000,85.000000,,,,0.000000,4.000000,4.000000,4.000000,4.000000,4.000000,4.000000,4.000000,4.000000,4.000000,4.000000,4.000000,4.000000,4.000000,4.000000,100.000000,,,,,,,,,,,,,,,,,,,,,,,,,,,,,,,,,,,,,,,,,,,,,,,,,,,,,,,,,,,,,,,,,,,,,,,,,,,,,,,,,,,,,,
1676060299.555951,1676060299.556972,38.000000,0.000000,4284.230957,4286.666504,4313.717773,4325.641113,4178.589844,4288.333496,4293.846191,4329.230957,4284.102539,4281.922852,4313.717773,4505.256348,4348.205078,4388.077148,0.000000,4.000000,85.000000,,,,0.000000,4.000000,4.000000,4.000000,4.000000,4.000000,4.000000,4.000000,4.000000,4.000000,4.000000,4.000000,4.000000,4.000000,4.000000,100.000000,,,,,,,,,,,,,,,,,,,,,,,,,,,,,,,,,,,,,,,,,,,,,,,,,,,,,,,,,,,,,,,,,,,,,,,,,,,,,,,,,,,,,,
1676060299.563760,1676060299.564681,39.000000,0.000000,4277.051270,4280.256348,4309.230957,4324.743652,4185.000000,4296.282227,4298.205078,4331.153809,4279.871582,4269.487305,4311.025879,4502.948730,4342.820313,4383.846191,0.000000,4.000000,85.000000,,,,0.000000,4.000000,4.000000,4.000000,4.000000,4.000000,4.000000,4.000000,4.000000,4.000000,4.000000,4.000000,4.000000,4.000000,4.000000,100.000000,,,,,,,,,,,,,,,,,,,,,,,,,,,,,,,,,,,,,,,,,,,,,,,,,,,,,,,,,,,,,,,,,,,,,,,,,,,,,,,,,,,,,,
1676060299.571568,1676060299.572489,40.000000,0.000000,4284.230957,4281.025879,4310.641113,4326.666504,4193.846191,4302.563965,4303.077148,4332.179688,4284.358887,4266.153809,4314.871582,4505.128418,4348.589844,4384.743652,0.000000,4.000000,85.000000,,,,0.000000,4.000000,4.000000,4.000000,4.000000,4.000000,4.000000,4.000000,4.000000,4.000000,4.000000,4.000000,4.000000,4.000000,4.000000,100.000000,,,,,,,,,,,,,,,,,,,,,,,,,,,,,,,,,,,,,,,,,,,,,,,,,,,,,,,,,,,,,,,,,,,,,,,,,,,,,,,,,,,,,,
1676060299.579376,1676060299.580198,41.000000,0.000000,4290.384766,4283.717773,4312.820313,4325.384766,4194.358887,4300.897461,4304.230957,4329.871582,4294.487305,4279.358887,4319.487305,4509.102539,4352.692383,4387.436035,0.000000,4.000000,85.000000,,,,0.000000,4.000000,4.000000,4.000000,4.000000,4.000000,4.000000,4.000000,4.000000,4.000000,4.000000,4.000000,4.000000,4.000000,4.000000,100.000000,,,,,,,,,,,,,,,,,,,,,,,,,,,,,,,,,,,,,,,,,,,,,,,,,,,,,,,,,,,,,,,,,,,,,,,,,,,,,,,,,,,,,,
1676060299.587185,1676060299.588006,42.000000,0.000000,4290.641113,4280.512695,4310.512695,4323.974121,4186.282227,4295.000000,4296.025879,4330.897461,4295.256348,4270.512695,4322.307617,4509.102539,4353.846191,4391.922852,0.000000,4.000000,85.000000,,,,0.000000,4.000000,4.000000,4.000000,4.000000,4.000000,4.000000,4.000000,4.000000,4.000000,4.000000,4.000000,4.000000,4.000000,4.000000,100.000000,,,,,,,,,,,,,,,,,,,,,,,,,,,,,,,,,,,,,,,,,,,,,,,,,,,,,,,,,,,,,,,,,,,,,,,,,,,,,,,,,,,,,,
1676060299.594993,1676060299.595715,43.000000,0.000000,4290.897461,4279.487305,4312.051270,4321.922852,4184.102539,4286.410156,4285.256348,4331.666504,4293.589844,4257.563965,4321.025879,4508.205078,4352.563965,4393.846191,0.000000,4.000000,85.000000,,,,0.000000,4.000000,4.000000,4.000000,4.000000,4.000000,4.000000,4.000000,4.000000,4.000000,4.000000,4.000000,4.000000,4.000000,4.000000,100.000000,,,,,,,,,,,,,,,,,,,,,,,,,,,,,,,,,,,,,,,,,,,,,,,,,,,,,,,,,,,,,,,,,,,,,,,,,,,,,,,,,,,,,,
1676060299.602802,1676060299.603523,44.000000,0.000000,4279.102539,4279.230957,4307.179688,4312.307617,4182.436035,4283.205078,4282.307617,4321.922852,4291.666504,4268.077148,4306.282227,4499.102539,4339.871582,4381.922852,0.000000,4.000000,85.000000,,,,0.000000,4.000000,4.000000,4.000000,4.000000,4.000000,4.000000,4.000000,4.000000,4.000000,4.000000,4.000000,4.000000,4.000000,4.000000,100.000000,,,,,,,,,,,,,,,,,,,,,,,,,,,,,,,,,,,,,,,,,,,,,,,,,,,,,,,,,,,,,,,,,,,,,,,,,,,,,,,,,,,,,,
1676060299.610610,1676060299.611232,45.000000,0.000000,4281.666504,4283.974121,4305.128418,4317.436035,4186.153809,4293.589844,4288.974121,4325.897461,4296.922852,4281.538574,4311.410156,4500.000000,4345.769043,4387.692383,0.000000,4.000000,85.000000,,,,0.000000,4.000000,4.000000,4.000000,4.000000,4.000000,4.000000,4.000000,4.000000,4.000000,4.000000,4.000000,4.000000,4.000000,4.000000,100.000000,,,,,,,,,,,,,,,,,,,,,,,,,,,,,,,,,,,,,,,,,,,,,,,,,,,,,,,,,,,,,,,,,,,,,,,,,,,,,,,,,,,,,,
1676060299.618418,1676060299.619040,46.000000,0.000000,4289.871582,4280.897461,4303.333496,4324.358887,4188.846191,4291.025879,4286.025879,4337.820313,4302.563965,4272.179688,4324.102539,4505.000000,4358.589844,4401.410156,0.000000,4.000000,85.000000,,,,0.000000,4.000000,4.000000,4.000000,4.000000,4.000000,4.000000,4.000000,4.000000,4.000000,4.000000,4.000000,4.000000,4.000000,4.000000,100.000000,,,,,,,,,,,,,,,,,0.934124,5.745111,1.377776,1.081480,1.065975,4.008739,5.703592,1.068576,1.255820,0.932596,1.747566,6.017669,2.028005,1.310437,0.957098,2.476262,5.138520,1.075637,1.110018,0.718618,89.511444,9.215894,1.517945,0.688887,0.431293,0.943624,0.926604,0.377783,0.457290,0.441013,1.230762,0.609483,0.827362,0.910955,0.684733,1.451361,3.123820,0.866783,0.993110,0.970776,0.963947,0.617624,1.140299,0.784280,1.032967,0.785167,1.271150,1.070147,1.036720,1.360316,5.735146,8.589106,2.740847,2.051936,1.487468,2.118415,4.064385,1.878085,1.431899,1.494480,3.414536,3.658791,1.195608,1.387217,1.376941,1.670504,5.335886,1.295550,1.577020,1.469211
1676060299.626227,1676060299.626749,47.000000,0.000000,4269.615234,4264.230957,4287.307617,4305.128418,4174.871582,4270.512695,4273.333496,4328.205078,4295.769043,4256.922852,4302.307617,4486.922852,4337.307617,4378.974121,0.000000,4.000000,85.000000,,,,0.000000,4.000000,4.000000,4.000000,4.000000,4.000000,4.000000,4.000000,4.000000,4.000000,4.000000,4.000000,4.000000,4.000000,4.000000,100.000000,,,,,,,,,,,,,,,,,,,,,,,,,,,,,,,,,,,,,,,,,,,,,,,,,,,,,,,,,,,,,,,,,,,,,,,,,,,,,,,,,,,,,,
1676060299.634035,1676060299.634657,48.000000,0.000000,4268.974121,4267.436035,4284.743652,4298.846191,4171.025879,4273.077148,4280.769043,4327.179688,4303.974121,4270.769043,4299.230957,4484.615234,4333.974121,4370.000000,0.000000,4.000000,85.000000,,,,0.000000,4.000000,4.000000,4.000000,4.000000,4.000000,4.000000,4.000000,4.000000,4.000000,4.000000,4.000000,4.000000,4.000000,4.000000,100.000000,,,,,,,,,,,,,,,,,,,,,,,,,,,,,,,,,,,,,,,,,,,,,,,,,,,,,,,,,,,,,,,,,,,,,,,,,,,,,,,,,,,,,,
1676060299.641843,1676060299.642466,49.000000,0.000000,4299.102539,4286.538574,4299.871582,4319.487305,4187.563965,4289.615234,4292.948730,4343.077148,4325.641113,4294.102539,4335.512695,4508.974121,4368.717773,4397.692383,0.000000,4.000000,85.000000,,,,0.000000,4.000000,4.000000,4.000000,4.000000,4.000000,4.000000,4.000000,4.000000,4.000000,4.000000,4.000000,4.000000,4.000000,4.000000,100.000000,,,,,,,,,,,,,,,,,,,,,,,,,,,,,,,,,,,,,,,,,,,,,,,,,,,,,,,,,,,,,,,,,,,,,,,,,,,,,,,,,,,,,,
1676060299.649652,1676060299.650374,50.000000,0.000000,4294.487305,4284.358887,4296.282227,4318.589844,4186.794922,4281.666504,4282.692383,4335.512695,4315.000000,4276.282227,4330.384766,4501.282227,4365.384766,4399.871582,0.000000,4.000000,85.000000,,,,0.000000,4.000000,4.000000,4.000000,4.000000,4.000000,4.000000,4.000000,4.000000,4.000000,4.000000,4.000000,4.000000,4.000000,4.000000,100.000000,,,,,,,,,,,,,,,,,,,,,,,,,,,,,,,,,,,,,,,,,,,,,,,,,,,,,,,,,,,,,,,,,,,,,,,,,,,,,,,,,,,,,,
1676060299.657460,1676060299.658182,51.000000,0.000000,4273.333496,4274.615234,4287.307617,4303.846191,4178.461426,4272.307617,4277.692383,4320.256348,4291.025879,4247.948730,4301.153809,4480.512695,4337.563965,4384.230957,0.000000,4.000000,85.000000,,,,0.000000,4.000000,4.000000,4.000000,4.000000,4.000000,4.000000,4.000000,4.000000,4.000000,4.000000,4.000000,4.000000,4.000000,4.000000,100.000000,,,,,,,,,,,,,,,,,,,,,,,,,,,,,,,,,,,,,,,,,,,,,,,,,,,,,,,,,,,,,,,,,,,,,,,,,,,,,,,,,,,,,,
1676060299.665269,1676060299.666091,52.000000,0.000000,4287.563965,4280.256348,4302.692383,4311.153809,4190.128418,4289.230957,4292.948730,4330.641113,4295.769043,4257.051270,4315.128418,4497.948730,4350.256348,4392.820313,0.000000,4.000000,85.000000,,,,0.000000,4.000000,4.000000,4.000000,4.000000,4.000000,4.000000,4.000000,4.000000,4.000000,4.000000,4.000000,4.000000,4.000000,4.000000,100.000000,,,,,,,,,,,,,,,,,,,,,,,,,,,,,,,,,,,,,,,,,,,,,,,,,,,,,,,,,,,,,,,,,,,,,,,,,,,,,,,,,,,,,,
1676060299.673077,1676060299.673899,53.000000,0.000000,4302.692383,4286.922852,4310.512695,4320.641113,4198.589844,4305.384766,4300.256348,4337.948730,4304.615234,4276.538574,4328.589844,4508.974121,4365.384766,4400.769043,0.000000,4.000000,85.000000,,,,0.000000,4.000000,4.000000,4.000000,4.000000,4.000000,4.000000,4.000000,4.000000,4.000000,4.000000,4.000000,4.000000,4.000000,4.000000,100.000000,,,,,,,,,,,,,,,,,,,,,,,,,,,,,,,,,,,,,,,,,,,,,,,,,,,,,,,,,,,,,,,,,,,,,,,,,,,,,,,,,,,,,,
1676060299.680885,1676060299.681808,54.000000,0.000000,4291.794922,4283.077148,4293.589844,4314.487305,4190.512695,4294.230957,4287.948730,4326.922852,4296.666504,4276.666504,4311.922852,4492.051270,4350.769043,4389.743652,0.000000,4.000000,85.000000,,,,0.000000,4.000000,4.000000,4.000000,4.000000,4.000000,4.000000,4.000000,4.000000,4.000000,4.000000,4.000000,4.000000,4.000000,4.000000,100.000000,,,,,,,,,,,,,,,,,,,,,,,,,,,,,,,,,,,,,,,,,,,,,,,,,,,,,,,,,,,,,,,,,,,,,,,,,,,,,,,,,,,,,,
1676060299.688694,1676060299.689616,55.000000,0.000000,4278.974121,4268.974121,4281.025879,4303.974121,4184.230957,4278.846191,4277.692383,4321.282227,4289.230957,4266.025879,4303.589844,4479.871582,4343.717773,4383.077148,0.000000,4.000000,85.000000,,,,0.000000,4.000000,4.000000,4.000000,4.000000,4.000000,4.000000,4.000000,4.000000,4.000000,4.000000,4.000000,4.000000,4.000000,4.000000,100.000000,,,,,,,,,,,,,,,,,,,,,,,,,,,,,,,,,,,,,,,,,,,,,,,,,,,,,,,,,,,,,,,,,,,,,,,,,,,,,,,,,,,,,,
1676060299.696502,1676060299.697524,56.000000,0.000000,4277.948730,4265.512695,4287.820313,4303.717773,4185.897461,4280.256348,4279.487305,4326.282227,4291.025879,4264.615234,4313.974121,4483.717773,4354.102539,4388.717773,0.000000,4.000000,85.000000,,,,0.000000,4.000000,4.000000,4.000000,4.000000,4.000000,4.000000,4.000000,4.000000,4.000000,4.000000,4.000000,4.000000,4.000000,4.000000,100.000000,,,,,,,,,,,,,,,,,,,,,,,,,,,,,,,,,,,,,,,,,,,,,,,,,,,,,,,,,,,,,,,,,,,,,,,,,,,,,,,,,,,,,,
1676060299.704311,1676060299.705333,57.000000,0.000000,4299.487305,4293.333496,4308.974121,4322.563965,4199.743652,4293.333496,4294.230957,4340.000000,4304.487305,4285.897461,4336.025879,4507.948730,4369.487305,4405.256348,0.000000,4.000000,85.000000,,,,0.000000,4.000000,4.000000,4.000000,4.000000,4.000000,4.000000,4.000000,4.000000,4.000000,4.000000,4.000000,4.000000,4.000000,4.000000,100.000000,,,,,,,,,,,,,,,,,,,,,,,,,,,,,,,,,,,,,,,,,,,,,,,,,,,,,,,,,,,,,,,,,,,,,,,,,,,,,,,,,,,,,,
1676060299.712119,1676060299.713241,58.000000,0.000000,4324.743652,4313.461426,4322.307617,4339.102539,4217.820313,4307.179688,4309.487305,4352.563965,4318.846191,4303.333496,4355.769043,4529.102539,4385.512695,4423.077148,0.000000,4.000000,85.000000,,,,0.000000,4.000000,4.000000,4.000000,4.000000,4.000000,4.000000,4.000000,4.000000,4.000000,4.000000,4.000000,4.000000,4.000000,4.000000,100.000000,,,,,,,,,,,,,,,,,,,,,,,,,,,,,,,,,,,,,,,,,,,,,,,,,,,,,,,,,,,,,,,,,,,,,,,,,,,,,,,,,,,,,,
1676060299.719927,1676060299.721050,59.000000,0.000000,4317.563965,4299.743652,4314.487305,4333.717773,4215.256348,4307.307617,4300.256348,4343.333496,4309.358887,4286.282227,4345.769043,4513.717773,4383.205078,4420.256348,0.000000,4.000000,85.000000,,,,0.000000,4.000000,4.000000,4.000000,4.000000,4.000000,4.000000,4.000000,4.000000,4.000000,4.000000,4.000000,4.000000,4.000000,4.000000,100.000000,,,,,,,,,,,,,,,,,,,,,,,,,,,,,,,,,,,,,,,,,,,,,,,,,,,,,,,,,,,,,,,,,,,,,,,,,,,,,,,,,,,,,,
1676060299.727736,1676060299.728958,60.000000,0.000000,4301.538574,4293.205078,4303.205078,4323.333496,4202.051270,4297.436035,4284.230957,4328.846191,4295.256348,4275.641113,4329.102539,4493.205078,4368.461426,4406.538574,0.000000,4.000000,85.000000,,,,0.000000,4.000000,4.000000,4.000000,4.000000,4.000000,4.000000,4.000000,4.000000,4.000000,4.000000,4.000000,4.000000,4.000000,4.000000,100.000000,,,,,,,,,,,,,,,,,,,,,,,,,,,,,,,,,,,,,,,,,,,,,,,,,,,,,,,,,,,,,,,,,,,,,,,,,,,,,,,,,,,,,,
1676060299.735544,1676060299.736766,61.000000,0.000000,4304.230957,4300.384766,4299.743652,4317.436035,4201.538574,4295.512695,4284.487305,4330.256348,4298.461426,4284.102539,4330.000000,4497.307617,4363.846191,4400.897461,0.000000,4.000000,85.000000,,,,0.000000,4.000000,4.000000,4.000000,4.000000,4.000000,4.000000,4.000000,4.000000,4.000000,4.000000,4.000000,4.000000,4.000000,4.000000,100.000000,,,,,,,,,,,,,,,,,,,,,,,,,,,,,,,,,,,,,,,,,,,,,,,,,,,,,,,,,,,,,,,,,,,,,,,,,,,,,,,,,,,,,,
1676060299.743353,1676060299.744575,62.000000,0.000000,4302.948730,4289.102539,4292.307617,4308.589844,4199.871582,4293.205078,4283.974121,4318.077148,4287.179688,4259.615234,4317.820313,4487.820313,4356.282227,4393.717773,0.000000,4.000000,85.000000,,,,0.000000,4.000000,4.000000,4.000000,4.000000,4.000000,4.000000,4.000000,4.000000,4.000000,4.000000,4.000000,4.000000,4.000000,4.000000,100.000000,,,,,,,,,,,,,,,,,0.932641,4.854945,1.430043,1.105893,1.228105,2.495505,4.362544,1.100816,1.243577,1.048970,1.707411,5.410873,1.966553,1.334717,1.060409,2.316798,4.190010,1.171797,1.150214,0.822046,79.631645,8.205700,1.472648,0.751759,0.465296,0.940262,0.691348,0.336501,0.545582,0.510011,1.778583,1.024193,0.896933,0.908518,0.801401,1.651904,2.370754,0.758417,0.880881,1.068890,1.048404,0.508205,1.044711,0.698642,1.174095,0.857372,1.276454,1.035965,0.755378,1.522682,4.851357,9.385201,3.189399,1.956197,1.614134,2.237212,4.064811,1.781085,1.465536,1.661841,2.221818,3.344986,1.144925,1.327028,1.447306,1.465212,4.849933,1.253556,1.590569,1.616860
1676060299.751161,1676060299.752383,63.000000,0.000000,4302.948730,4289.615234,4298.333496,4317.948730,4202.948730,4290.512695,4283.717773,4305.769043,4272.948730,4243.589844,4311.538574,4481.282227,4352.563965,4397.436035,0.000000,4.000000,85.000000,,,,0.000000,4.000000,4.000000,4.000000,4.000000,4.000000,4.000000,4.000000,4.000000,4.000000,4.000000,4.000000,4.000000,4.000000,4.000000,100.000000,,,,,,,,,,,,,,,,,,,,,,,,,,,,,,,,,,,,,,,,,,,,,,,,,,,,,,,,,,,,,,,,,,,,,,,,,,,,,,,,,,,,,,
1676060299.758969,1676060299.760092,64.000000,0.000000,4318.205078,4310.128418,4319.358887,4338.717773,4218.717773,4298.333496,4298.077148,4320.641113,4288.205078,4271.153809,4332.051270,4503.717773,4367.948730,4415.897461,2523.000000,4.000000,85.000000,,,,0.000000,4.000000,4.000000,4.000000,4.000000,4.000000,4.000000,4.000000,4.000000,4.000000,4.000000,4.000000,4.000000,4.000000,4.000000,100.000000,,,,,,,,,,,,,,,,,,,,,,,,,,,,,,,,,,,,,,,,,,,,,,,,,,,,,,,,,,,,,,,,,,,,,,,,,,,,,,,,,,,,,,
1676060299.766778,1676060299.768000,65.000000,0.000000,4321.410156,4308.461426,4320.512695,4334.358887,4216.282227,4302.307617,4300.000000,4326.282227,4301.538574,4278.974121,4338.589844,4509.871582,4373.333496,4412.692383,2469.000000,4.000000,85.000000,,,,0.000000,4.000000,4.000000,4.000000,4.000000,4.000000,4.000000,4.000000,4.000000,4.000000,4.000000,4.000000,4.000000,4.000000,4.000000,100.000000,,,,,,,,,,,,,,,,,,,,,,,,,,,,,,,,,,,,,,,,,,,,,,,,,,,,,,,,,,,,,,,,,,,,,,,,,,,,,,,,,,,,,,
1676060299.774586,1676060299.775809,66.000000,0.000000,4302.692383,4290.897461,4300.769043,4317.692383,4200.128418,4293.974121,4282.051270,4309.230957,4292.307617,4259.487305,4321.153809,4486.922852,4354.358887,4389.230957,2408.000000,4.000000,85.000000,,,,0.000000,4.000000,4.000000,4.000000,4.000000,4.000000,4.000000,4.000000,4.000000,4.000000,4.000000,4.000000,4.000000,4.000000,4.000000,100.000000,,,,,,,,,,,,,,,,,,,,,,,,,,,,,,,,,,,,,,,,,,,,,,,,,,,,,,,,,,,,,,,,,,,,,,,,,,,,,,,,,,,,,,
1676060299.782395,1676060299.783617,67.000000,0.000000,4292.692383,4291.025879,4292.820313,4316.922852,4209.230957,4293.846191,4284.487305,4310.128418,4297.436035,4270.512695,4319.230957,4483.974121,4351.153809,4388.333496,2458.000000,4.000000,85.000000,,,,0.000000,4.000000,4.000000,4.000000,4.000000,4.000000,4.000000,4.000000,4.000000,4.000000,4.000000,4.000000,4.000000,4.000000,4.000000,100.000000,,,,,,,,,,,,,,,,,,,,,,,,,,,,,,,,,,,,,,,,,,,,,,,,,,,,,,,,,,,,,,,,,,,,,,,,,,,,,,,,,,,,,,
1676060299.790203,1676060299.791326,68.000000,0.000000,4298.717773,4298.589844,4300.897461,4322.436035,4223.333496,4302.563965,4299.487305,4329.743652,4319.358887,4289.487305,4334.871582,4497.563965,4368.717773,4405.256348,2444.000000,4.000000,85.000000,,,,0.000000,4.000000,4.000000,4.000000,4.000000,4.000000,4.000000,4.000000,4.000000,4.000000,4.000000,4.000000,4.000000,4.000000,4.000000,100.000000,,,,,,,,,,,,,,,,,,,,,,,,,,,,,,,,,,,,,,,,,,,,,,,,,,,,,,,,,,,,,,,,,,,,,,,,,,,,,,,,,,,,,,
1676060299.798011,1676060299.799234,69.000000,0.000000,4293.974121,4288.717773,4295.256348,4310.641113,4206.025879,4293.974121,4285.128418,4322.563965,4311.922852,4269.487305,4326.282227,4483.077148,4360.512695,4392.948730,2376.000000,4.000000,85.000000,,,,0.000000,4.000000,4.000000,4.000000,4.000000,4.000000,4.000000,4.000000,4.000000,4.000000,4.000000,4.000000,4.000000,4.000000,4.000000,100.000000,,,,,,,,,,,,,,,,,,,,,,,,,,,,,,,,,,,,,,,,,,,,,,,,,,,,,,,,,,,,,,,,,,,,,,,,,,,,,,,,,,,,,,
1676060299.805820,1676060299.807042,70.000000,0.000000,4291.666504,4284.743652,4285.897461,4302.307617,4194.102539,4282.948730,4272.179688,4308.333496,4297.179688,4257.307617,4311.538574,4471.666504,4345.000000,4375.769043,2224.000000,4.000000,85.000000,,,,0.000000,4.000000,4.000000,4.000000,4.000000,4.000000,4.000000,4.000000,4.000000,4.000000,4.000000,4.000000,4.000000,4.000000,4.000000,100.000000,,,,,,,,,,,,,,,,,,,,,,,,,,,,,,,,,,,,,,,,,,,,,,,,,,,,,,,,,,,,,,,,,,,,,,,,,,,,,,,,,,,,,,
1676060299.813628,1676060299.814851,71.000000,0.000000,4307.563965,4304.102539,4299.871582,4320.128418,4211.153809,4291.666504,4288.589844,4317.820313,4307.436035,4272.948730,4326.282227,4493.846191,4360.256348,4399.358887,2217.000000,4.000000,85.000000,,,,0.000000,4.000000,4.000000,4.000000,4.000000,4.000000,4.000000,4.000000,4.000000,4.000000,4.000000,4.000000,4.000000,4.000000,4.000000,100.000000,,,,,,,,,,,,,,,,,,,,,,,,,,,,,,,,,,,,,,,,,,,,,,,,,,,,,,,,,,,,,,,,,,,,,,,,,,,,,,,,,,,,,,
1676060299.821436,1676060299.822559,72.000000,0.000000,4309.615234,4308.077148,4308.333496,4325.512695,4214.615234,4291.410156,4291.666504,4318.717773,4305.897461,4267.948730,4338.846191,4497.179688,4371.153809,4414.102539,2272.000000,4.000000,85.000000,,,,0.000000,4.000000,4.000000,4.000000,4.000000,4.000000,4.000000,4.000000,4.000000,4.000000,4.000000,4.000000,4.000000,4.000000,4.000000,100.000000,,,,,,,,,,,,,,,,,,,,,,,,,,,,,,,,,,,,,,,,,,,,,,,,,,,,,,,,,,,,,,,,,,,,,,,,,,,,,,,,,,,,,,
1676060299.829245,1676060299.830368,73.000000,0.000000,4297.563965,4288.461426,4298.333496,4310.512695,4202.179688,4281.538574,4277.948730,4303.974121,4287.563965,4256.153809,4325.384766,4474.615234,4359.871582,4392.179688,2251.000000,4.000000,85.000000,,,,0.000000,4.000000,4.000000,4.000000,4.000000,4.000000,4.000000,4.000000,4.000000,4.000000,4.000000,4.000000,4.000000,4.000000,4.000000,100.000000,,,,,,,,,,,,,,,,,,,,,,,,,,,,,,,,,,,,,,,,,,,,,,,,,,,,,,,,,,,,,,,,,,,,,,,,,,,,,,,,,,,,,,
1676060299.837053,1676060299.838076,74.000000,0.000000,4311.922852,4295.384766,4309.743652,4319.487305,4215.384766,4300.512695,4295.000000,4312.820313,4297.820313,4277.563965,4331.025879,4485.256348,4365.512695,4398.717773,2740.000000,4.000000,85.000000,,,,0.000000,4.000000,4.000000,4.000000,4.000000,4.000000,4.000000,4.000000,4.000000,4.000000,4.000000,4.000000,4.000000,4.000000,4.000000,100.000000,,,,,,,,,,,,,,,,,,,,,,,,,,,,,,,,,,,,,,,,,,,,,,,,,,,,,,,,,,,,,,,,,,,,,,,,,,,,,,,,,,,,,,
1676060299.844861,1676060299.845985,75.000000,0.000000,4337.820313,4327.436035,4338.205078,4345.512695,4240.897461,4326.794922,4320.641113,4334.487305,4320.000000,4300.384766,4365.384766,4517.563965,4391.282227,4437.692383,2917.000000,4.000000,85.000000,,,,0.000000,4.000000,4.000000,4.000000,4.000000,4.000000,4.000000,4.000000,4.000000,4.000000,4.000000,4.000000,4.000000,4.000000,4.000000,100.000000,,,,,,,,,,,,,,,,,,,,,,,,,,,,,,,,,,,,,,,,,,,,,,,,,,,,,,,,,,,,,,,,,,,,,,,,,,,,,,,,,,,,,,
1676060299.852670,1676060299.853793,76.000000,0.000000,4326.538574,4320.897461,4326.538574,4337.307617,4231.282227,4313.589844,4304.230957,4320.000000,4303.205078,4284.487305,4359.358887,4498.717773,4387.436035,4428.077148,3139.000000,4.000000,85.000000,,,,0.000000,4.000000,4.000000,4.000000,4.000000,4.000000,4.000000,4.000000,4.000000,4.000000,4.000000,4.000000,4.000000,4.000000,4.000000,100.000000,,,,,,,,,,,,,,,,,,,,,,,,,,,,,,,,,,,,,,,,,,,,,,,,,,,,,,,,,,,,,,,,,,,,,,,,,,,,,,,,,,,,,,
1676060299.860478,1676060299.861602,77.000000,0.000000,4310.897461,4296.666504,4304.487305,4318.717773,4218.589844,4299.230957,4286.538574,4302.307617,4286.794922,4270.384766,4330.641113,4470.128418,4362.692383,4398.974121,3248.000000,4.000000,85.000000,,,,0.000000,4.000000,4.000000,4.000000,4.000000,4.000000,4.000000,4.000000,4.000000,4.000000,4.000000,4.000000,4.000000,4.000000,4.000000,100.000000,,,,,,,,,,,,,,,,,,,,,,,,,,,,,,,,,,,,,,,,,,,,,,,,,,,,,,,,,,,,,,,,,,,,,,,,,,,,,,,,,,,,,,
1676060299.868287,1676060299.869310,78.000000,0.000000,4330.256348,4309.615234,4323.205078,4330.641113,4233.077148,4312.179688,4303.077148,4319.102539,4309.743652,4289.230957,4349.871582,4496.025879,4372.563965,4423.974121,2740.000000,4.000000,85.000000,,,,0.000000,4.000000,4.000000,4.000000,4.000000,4.000000,4.000000,4.000000,4.000000,4.000000,4.000000,4.000000,4.000000,4.000000,4.000000,100.000000,1.000000,33.333332,4.000000,4.000000,3.000000,4.000000,0.000000,4.000000,4.000000,4.000000,4.000000,3.000000,1.000000,3.000000,4.000000,3.000000,0.920727,3.892494,1.514607,1.191310,1.355783,1.615994,3.067537,1.153326,1.341751,1.146713,1.598935,4.595233,1.858971,1.467616,1.135392,2.172311,3.380582,1.290331,1.261352,0.910375,60.240608,6.568633,1.335179,0.821158,0.496109,0.891508,0.586037,0.339322,0.645887,0.576243,2.351006,1.516555,1.078479,0.944006,0.916909,1.743842,2.026953,0.747524,0.861314,1.151733,1.082476,0.563172,0.956244,0.703693,1.294246,0.860506,1.218879,1.109737,0.619798,1.618341,4.641542,9.663967,3.988220,2.175580,1.744917,2.227285,3.817921,1.717477,1.718286,1.784689,1.438653,2.797070,1.165145,1.443638,1.501307,1.241816,4.057655,1.263576,1.781129,1.725544
1676060299.876095,1676060299.877219,79.000000,0.000000,4334.230957,4315.641113,4330.256348,4331.922852,4231.538574,4309.487305,4301.410156,4323.717773,4316.794922,4297.179688,4369.230957,4509.743652,4390.000000,4439.358887,2917.000000,4.000000,85.000000,,,,0.000000,4.000000,4.000000,4.000000,4.000000,4.000000,4.000000,4.000000,4.000000,4.000000,4.000000,4.000000,4.000000,4.000000,4.000000,100.000000,,,,,,,,,,,,,,,,,,,,,,,,,,,,,,,,,,,,,,,,,,,,,,,,,,,,,,,,,,,,,,,,,,,,,,,,,,,,,,,,,,,,,,
1676060299.883903,1676060299.885027,80.000000,0.000000,4309.230957,4292.307617,4306.794922,4311.282227,4210.897461,4289.743652,4280.384766,4305.000000,4295.641113,4273.077148,4339.230957,4476.666504,4362.820313,4401.794922,3139.000000,4.000000,85.000000,,,,0.000000,4.000000,4.000000,4.000000,4.000000,4.000000,4.000000,4.000000,4.000000,4.000000,4.000000,4.000000,4.000000,4.000000,4.000000,100.000000,,,,,,,,,,,,,,,,,,,,,,,,,,,,,,,,,,,,,,,,,,,,,,,,,,,,,,,,,,,,,,,,,,,,,,,,,,,,,,,,,,,,,,
1676060299.891712,1676060299.892935,81.000000,0.000000,4310.128418,4291.794922,4312.820313,4316.410156,4215.769043,4288.846191,4287.179688,4308.717773,4295.897461,4265.000000,4330.769043,4478.461426,4350.000000,4397.692383,3248.000000,4.000000,85.000000,,,,0.000000,4.000000,4.000000,4.000000,4.000000,4.000000,4.000000,4.000000,4.000000,4.000000,4.000000,4.000000,4.000000,4.000000,4.000000,100.000000,,,,,,,,,,,,,,,,,,,,,,,,,,,,,,,,,,,,,,,,,,,,,,,,,,,,,,,,,,,,,,,,,,,,,,,,,,,,,,,,,,,,,,
1676060299.899520,1676060299.900744,82.000000,0.000000,4338.974121,4308.974121,4343.846191,4337.307617,4236.538574,4307.051270,4307.307617,4326.794922,4313.205078,4291.922852,4372.051270,4517.051270,4391.410156,4442.307617,2740.000000,4.000000,85.000000,,,,0.000000,4.000000,4.000000,4.000000,4.000000,4.000000,4.000000,4.000000,4.000000,4.000000,4.000000,4.000000,4.000000,4.000000,4.000000,100.000000,,,,,,,,,,,,,,,,,,,,,,,,,,,,,,,,,,,,,,,,,,,,,,,,,,,,,,,,,,,,,,,,,,,,,,,,,,,,,,,,,,,,,,
1676060299.907328,1676060299.908652,83.000000,0.000000,4348.589844,4295.641113,4343.333496,4330.128418,4232.820313,4311.410156,4303.205078,4321.922852,4307.948730,4299.615234,4391.794922,4516.538574,4420.512695,4455.512695,2917.000000,4.000000,85.000000,,,,0.000000,4.000000,4.000000,4.000000,4.000000,4.000000,4.000000,4.000000,4.000000,4.000000,4.000000,4.000000,4.000000,4.000000,4.000000,100.000000,,,,,,,,,,,,,,,,,,,,,,,,,,,,,,,,,,,,,,,,,,,,,,,,,,,,,,,,,,,,,,,,,,,,,,,,,,,,,,,,,,,,,,
1676060299.915137,1676060299.916461,84.000000,0.000000,4331.153809,4257.563965,4316.153809,4301.666504,4210.000000,4288.077148,4283.205078,4303.717773,4286.282227,4273.846191,4376.410156,4487.307617,4413.974121,4436.538574,3139.000000,4.000000,85.000000,,,,0.000000,4.000000,4.000000,4.000000,4.000000,4.000000,4.000000,4.000000,4.000000,4.000000,4.000000,4.000000,4.000000,4.000000,4.000000,100.000000,,,,,,,,,,,,,,,,,,,,,,,,,,,,,,,,,,,,,,,,,,,,,,,,,,,,,,,,,,,,,,,,,,,,,,,,,,,,,,,,,,,,,,
1676060299.922945,1676060299.924369,85.000000,0.000000,4317.307617,4232.051270,4302.179688,4283.589844,4203.461426,4275.000000,4275.384766,4299.743652,4284.871582,4268.974121,4381.282227,4487.563965,4428.333496,4437.436035,3248.000000,4.000000,85.000000,,,,0.000000,4.000000,4.000000,4.000000,4.000000,4.000000,4.000000,4.000000,4.000000,4.000000,4.000000,4.000000,4.000000,4.000000,4.000000,100.000000,,,,,,,,,,,,,,,,,,,,,,,,,,,,,,,,,,,,,,,,,,,,,,,,,,,,,,,,,,,,,,,,,,,,,,,,,,,,,,,,,,,,,,
1676060299.930754,1676060299.932177,86.000000,0.000000,4322.051270,4219.487305,4307.563965,4281.025879,4216.794922,4289.743652,4281.666504,4310.769043,4304.743652,4297.307617,4414.615234,4505.128418,4464.487305,4452.051270,2740.000000,4.000000,85.000000,,,,0.000000,4.000000,4.000000,4.000000,4.000000,4.000000,4.000000,4.000000,4.000000,4.000000,4.000000,4.000000,4.000000,4.000000,4.000000,100.000000,,,,,,,,,,,,,,,,,,,,,,,,,,,,,,,,,,,,,,,,,,,,,,,,,,,,,,,,,,,,,,,,,,,,,,,,,,,,,,,,,,,,,,
1676060299.938562,1676060299.939886,87.000000,0.000000,4326.666504,4202.307617,4308.846191,4278.846191,4228.205078,4293.589844,4285.128418,4316.794922,4312.051270,4305.000000,4431.666504,4509.102539,4480.641113,4453.333496,2917.000000,4.000000,85.000000,,,,0.000000,4.000000,4.000000,4.000000,4.000000,4.000000,4.000000,4.000000,4.000000,4.000000,4.000000,4.000000,4.000000,4.000000,4.000000,100.000000,,,,,,,,,,,,,,,,,,,,,,,,,,,,,,,,,,,,,,,,,,,,,,,,,,,,,,,,,,,,,,,,,,,,,,,,,,,,,,,,,,,,,,
1676060299.946370,1676060299.947694,88.000000,0.000000,4316.153809,4182.692383,4297.820313,4265.641113,4241.282227,4277.820313,4277.436035,4310.384766,4302.820313,4284.230957,4425.897461,4502.179688,4482.820313,4450.769043,3139.000000,4.000000,85.000000,,,,0.000000,4.000000,4.000000,4.000000,4.000000,4.000000,4.000000,4.000000,4.000000,4.000000,4.000000,4.000000,4.000000,4.000000,4.000000,100.000000,,,,,,,,,,,,,,,,,,,,,,,,,,,,,,,,,,,,,,,,,,,,,,,,,,,,,,,,,,,,,,,,,,,,,,,,,,,,,,,,,,,,,,
1676060299.954179,1676060299.955403,89.000000,0.000000,4310.384766,4172.948730,4296.282227,4255.769043,4271.410156,4279.743652,4277.692383,4312.692383,4307.692383,4288.461426,4437.436035,4506.794922,4495.641113,4458.589844,3248.000000,4.000000,85.000000,,,,0.000000,4.000000,4.000000,4.000000,4.000000,4.000000,4.000000,4.000000,4.000000,4.000000,4.000000,4.000000,4.000000,4.000000,4.000000,100.000000,,,,,,,,,,,,,,,,,,,,,,,,,,,,,,,,,,,,,,,,,,,,,,,,,,,,,,,,,,,,,,,,,,,,,,,,,,,,,,,,,,,,,,
1676060299.961987,1676060299.963211,90.000000,0.000000,4316.922852,4174.743652,4302.307617,4260.000000,4305.384766,4295.128418,4284.871582,4317.820313,4317.948730,4308.461426,4450.512695,4515.897461,4500.384766,4466.282227,2740.000000,4.000000,85.000000,,,,0.000000,4.000000,4.000000,4.000000,4.000000,4.000000,4.000000,4.000000,4.000000,4.000000,4.000000,4.000000,4.000000,4.000000,4.000000,100.000000,,,,,,,,,,,,,,,,,,,,,,,,,,,,,,,,,,,,,,,,,,,,,,,,,,,,,,,,,,,,,,,,,,,,,,,,,,,,,,,,,,,,,,
1676060299.969796,1676060299.970920,91.000000,0.000000,4311.153809,4177.563965,4295.384766,4258.717773,4324.358887,4291.282227,4278.846191,4301.538574,4302.307617,4297.436035,4424.102539,4500.384766,4479.487305,4450.897461,2917.000000,4.000000,85.000000,,,,0.000000,4.000000,4.000000,4.000000,4.000000,4.000000,4.000000,4.000000,4.000000,4.000000,4.000000,4.000000,4.000000,4.000000,4.000000,100.000000,,,,,,,,,,,,,,,,,,,,,,,,,,,,,,,,,,,,,,,,,,,,,,,,,,,,,,,,,,,,,,,,,,,,,,,,,,,,,,,,,,,,,,
1676060299.977604,1676060299.978728,92.000000,0.000000,4316.153809,4201.025879,4301.025879,4266.794922,4344.487305,4287.179688,4282.692383,4296.666504,4289.615234,4287.948730,4409.102539,4492.051270,4468.717773,4443.974121,3139.000000,4.000000,85.000000,,,,0.000000,4.000000,4.000000,4.000000,4.000000,4.000000,4.000000,4.000000,4.000000,4.000000,4.000000,4.000000,4.000000,4.000000,4.000000,100.000000,,,,,,,,,,,,,,,,,,,,,,,,,,,,,,,,,,,,,,,,,,,,,,,,,,,,,,,,,,,,,,,,,,,,,,,,,,,,,,,,,,,,,,
1676060299.985412,1676060299.986437,93.000000,0.000000,4345.128418,4245.641113,4323.717773,4297.179688,4370.128418,4301.025879,4301.922852,4318.333496,4301.410156,4306.282227,4432.820313,4513.205078,4475.512695,4465.897461,3248.000000,4.000000,85.000000,,,,0.000000,4.000000,4.000000,4.000000,4.000000,4.000000,4.000000,4.000000,4.000000,4.000000,4.000000,4.000000,4.000000,4.000000,4.000000,100.000000,,,,,,,,,,,,,,,,,,,,,,,,,,,,,,,,,,,,,,,,,,,,,,,,,,,,,,,,,,,,,,,,,,,,,,,,,,,,,,,,,,,,,,
1676060299.993221,1676060299.994245,94.000000,0.000000,4335.384766,4252.948730,4315.000000,4294.487305,4361.410156,4297.692383,4298.077148,4313.333496,4294.615234,4293.717773,4412.179688,4501.538574,4444.743652,4451.282227,2740.000000,4.000000,85.000000,,,,0.000000,4.000000,4.000000,4.000000,4.000000,4.000000,4.000000,4.000000,4.000000,4.000000,4.000000,4.000000,4.000000,4.000000,4.000000,100.000000,,,,,,,,,,,,,,,,,0.897834,3.081355,1.598584,1.306964,1.421095,1.172773,2.053748,1.208421,1.508590,1.213943,1.434348,3.769132,1.712600,1.679017,1.168690,2.007132,2.808450,1.391925,1.402293,0.971349,38.287624,4.673854,1.149460,0.871228,0.520925,0.829828,0.569247,0.371902,0.729322,0.625430,2.784820,1.960376,1.299081,0.994578,1.000625,1.706675,2.081102,0.813455,0.912148,1.202056,1.084796,0.766495,0.888841,0.767498,1.362255,0.814969,1.144327,1.274471,0.616340,1.616883,4.552184,9.443196,4.933431,2.615444,1.856786,2.136433,3.451854,1.650091,2.102021,1.834237,1.048984,2.190790,1.217579,1.671121,1.524165,1.053905,3.200614,1.273579,2.075893,1.773517
1676060300.001029,1676060300.001954,95.000000,0.000000,4295.897461,4230.897461,4286.794922,4263.333496,4332.436035,4275.769043,4276.025879,4288.333496,4272.692383,4256.794922,4356.410156,4462.051270,4393.717773,4408.589844,2917.000000,4.000000,85.000000,,,,0.000000,4.000000,4.000000,4.000000,4.000000,4.000000,4.000000,4.000000,4.000000,4.000000,4.000000,4.000000,4.000000,4.000000,4.000000,100.000000,,,,,,,,,,,,,,,,,,,,,,,,,,,,,,,,,,,,,,,,,,,,,,,,,,,,,,,,,,,,,,,,,,,,,,,,,,,,,,,,,,,,,,
1676060300.008838,1676060300.009762,96.000000,0.000000,4296.538574,4241.538574,4287.563965,4267.948730,4329.615234,4277.179688,4272.692383,4291.410156,4280.641113,4257.563965,4354.743652,4461.794922,4385.256348,4408.846191,3139.000000,4.000000,85.000000,,,,0.000000,4.000000,4.000000,4.000000,4.000000,4.000000,4.000000,4.000000,4.000000,4.000000,4.000000,4.000000,4.000000,4.000000,4.000000,100.000000,,,,,,,,,,,,,,,,,,,,,,,,,,,,,,,,,,,,,,,,,,,,,,,,,,,,,,,,,,,,,,,,,,,,,,,,,,,,,,,,,,,,,,
1676060300.016646,1676060300.017471,97.000000,0.000000,4319.487305,4275.897461,4306.922852,4296.922852,4341.922852,4296.794922,4286.025879,4312.436035,4306.410156,4284.358887,4385.641113,4484.615234,4402.563965,4435.000000,3248.000000,4.000000,85.000000,,,,0.000000,4.000000,4.000000,4.000000,4.000000,4.000000,4.000000,4.000000,4.000000,4.000000,4.000000,4.000000,4.000000,4.000000,4.000000,100.000000,,,,,,,,,,,,,,,,,,,,,,,,,,,,,,,,,,,,,,,,,,,,,,,,,,,,,,,,,,,,,,,,,,,,,,,,,,,,,,,,,,,,,,
1676060300.024454,1676060300.025279,98.000000,0.000000,4320.256348,4285.512695,4314.230957,4300.128418,4338.589844,4299.358887,4292.179688,4315.897461,4308.077148,4295.384766,4385.256348,4483.461426,4400.897461,4431.794922,2740.000000,4.000000,85.000000,,,,0.000000,4.000000,4.000000,4.000000,4.000000,4.000000,4.000000,4.000000,4.000000,4.000000,4.000000,4.000000,4.000000,4.000000,4.000000,100.000000,,,,,,,,,,,,,,,,,,,,,,,,,,,,,,,,,,,,,,,,,,,,,,,,,,,,,,,,,,,,,,,,,,,,,,,,,,,,,,,,,,,,,,
1676060300.032263,1676060300.032988,99.000000,0.000000,4312.948730,4276.794922,4308.077148,4292.948730,4328.717773,4292.948730,4287.436035,4300.897461,4295.512695,4284.743652,4363.461426,4475.897461,4387.307617,4413.717773,2917.000000,4.000000,85.000000,,,,0.000000,4.000000,4.000000,4.000000,4.000000,4.000000,4.000000,4.000000,4.000000,4.000000,4.000000,4.000000,4.000000,4.000000,4.000000,100.000000,,,,,,,,,,,,,,,,,,,,,,,,,,,,,,,,,,,,,,,,,,,,,,,,,,,,,,,,,,,,,,,,,,,,,,,,,,,,,,,,,,,,,,
1676060300.040071,1676060300.040796,100.000000,0.000000,4319.743652,4283.461426,4312.436035,4305.128418,4329.487305,4295.512695,4284.615234,4294.102539,4296.666504,4278.333496,4365.000000,4486.410156,4391.282227,4421.153809,3139.000000,4.000000,85.000000,,,,0.000000,4.000000,4.000000,4.000000,4.000000,4.000000,4.000000,4.000000,4.000000,4.000000,4.000000,4.000000,4.000000,4.000000,4.000000,100.000000,,,,,,,,,,,,,,,,,,,,,,,,,,,,,,,,,,,,,,,,,,,,,,,,,,,,,,,,,,,,,,,,,,,,,,,,,,,,,,,,,,,,,,
1676060300.047879,1676060300.048505,101.000000,0.000000,4325.256348,4287.948730,4320.256348,4309.615234,4327.948730,4294.743652,4283.589844,4295.384766,4296.538574,4278.974121,4378.717773,4492.307617,4402.563965,4438.077148,3248.000000,4.000000,85.000000,,,,0.000000,4.000000,4.000000,4.000000,4.000000,4.000000,4.000000,4.000000,4.000000,4.000000,4.000000,4.000000,4.000000,4.000000,4.000000,100.000000,,,,,,,,,,,,,,,,,,,,,,,,,,,,,,,,,,,,,,,,,,,,,,,,,,,,,,,,,,,,,,,,,,,,,,,,,,,,,,,,,,,,,,
1676060300.055688,1676060300.056313,102.000000,0.000000,4315.256348,4265.512695,4307.307617,4292.692383,4319.102539,4286.922852,4275.128418,4283.205078,4282.820313,4269.615234,4372.692383,4480.769043,4398.333496,4427.820313,2740.000000,4.000000,85.000000,,,,0.000000,4.000000,4.000000,4.000000,4.000000,4.000000,4.000000,4.000000,4.000000,4.000000,4.000000,4.000000,4.000000,4.000000,4.000000,100.000000,,,,,,,,,,,,,,,,,,,,,,,,,,,,,,,,,,,,,,,,,,,,,,,,,,,,,,,,,,,,,,,,,,,,,,,,,,,,,,,,,,,,,,
1676060300.063496,1676060300.064022,103.000000,0.000000,4297.436035,4232.436035,4291.153809,4275.769043,4307.179688,4280.512695,4271.282227,4270.897461,4274.487305,4258.589844,4361.666504,4468.974121,4395.384766,4406.666504,2917.000000,4.000000,85.000000,,,,0.000000,4.000000,4.000000,4.000000,4.000000,4.000000,4.000000,4.000000,4.000000,4.000000,4.000000,4.000000,4.000000,4.000000,4.000000,100.000000,,,,,,,,,,,,,,,,,,,,,,,,,,,,,,,,,,,,,,,,,,,,,,,,,,,,,,,,,,,,,,,,,,,,,,,,,,,,,,,,,,,,,,
1676060300.071305,1676060300.071930,104.000000,0.000000,4298.077148,4219.230957,4294.487305,4270.384766,4298.846191,4279.871582,4276.410156,4277.948730,4279.230957,4262.692383,4376.922852,4471.410156,4417.692383,4419.230957,3139.000000,4.000000,85.000000,,,,0.000000,4.000000,4.000000,4.000000,4.000000,4.000000,4.000000,4.000000,4.000000,4.000000,4.000000,4.000000,4.000000,4.000000,4.000000,100.000000,,,,,,,,,,,,,,,,,,,,,,,,,,,,,,,,,,,,,,,,,,,,,,,,,,,,,,,,,,,,,,,,,,,,,,,,,,,,,,,,,,,,,,
1676060300.079113,1676060300.079739,105.000000,0.000000,4308.846191,4213.589844,4298.077148,4266.666504,4296.666504,4284.102539,4277.692383,4289.743652,4286.922852,4276.666504,4405.512695,4484.102539,4448.333496,4442.692383,3248.000000,4.000000,85.000000,,,,0.000000,4.000000,4.000000,4.000000,4.000000,4.000000,4.000000,4.000000,4.000000,4.000000,4.000000,4.000000,4.000000,4.000000,4.000000,100.000000,,,,,,,,,,,,,,,,,,,,,,,,,,,,,,,,,,,,,,,,,,,,,,,,,,,,,,,,,,,,,,,,,,,,,,,,,,,,,,,,,,,,,,
1676060300.086921,1676060300.087647,106.000000,0.000000,4303.846191,4199.358887,4295.769043,4262.563965,4294.358887,4292.563965,4285.000000,4305.000000,4301.538574,4293.333496,4428.077148,4499.615234,4473.717773,4445.641113,2740.000000,4.000000,85.000000,,,,0.000000,4.000000,4.000000,4.000000,4.000000,4.000000,4.000000,4.000000,4.000000,4.000000,4.000000,4.000000,4.000000,4.000000,4.000000,100.000000,,,,,,,,,,,,,,,,,,,,,,,,,,,,,,,,,,,,,,,,,,,,,,,,,,,,,,,,,,,,,,,,,,,,,,,,,,,,,,,,,,,,,,
1676060300.094730,1676060300.095455,107.000000,0.000000,4306.282227,4194.743652,4306.922852,4265.256348,4292.051270,4297.436035,4300.128418,4327.307617,4322.307617,4311.666504,4451.794922,4515.384766,4500.897461,4454.487305,2917.000000,4.000000,85.000000,,,,0.000000,4.000000,4.000000,4.000000,4.000000,4.000000,4.000000,4.000000,4.000000,4.000000,4.000000,4.000000,4.000000,4.000000,4.000000,100.000000,,,,,,,,,,,,,,,,,,,,,,,,,,,,,,,,,,,,,,,,,,,,,,,,,,,,,,,,,,,,,,,,,,,,,,,,,,,,,,,,,,,,,,
1676060300.102538,1676060300.103364,108.000000,0.000000,4317.948730,4187.051270,4310.128418,4259.871582,4283.846191,4288.846191,4294.102539,4329.871582,4326.410156,4313.846191,4463.205078,4517.692383,4513.974121,4467.179688,3139.000000,4.000000,85.000000,,,,0.000000,4.000000,4.000000,4.000000,4.000000,4.000000,4.000000,4.000000,4.000000,4.000000,4.000000,4.000000,4.000000,4.000000,4.000000,100.000000,,,,,,,,,,,,,,,,,,,,,,,,,,,,,,,,,,,,,,,,,,,,,,,,,,,,,,,,,,,,,,,,,,,,,,,,,,,,,,,,,,,,,,
1676060300.110346,1676060300.111172,109.000000,0.000000,4298.974121,4157.307617,4286.666504,4237.436035,4266.282227,4277.820313,4273.589844,4307.179688,4305.384766,4293.077148,4444.102539,4496.025879,4498.974121,4447.820313,3248.000000,4.000000,85.000000,,,,0.000000,4.000000,4.000000,4.000000,4.000000,4.000000,4.000000,4.000000,4.000000,4.000000,4.000000,4.000000,4.000000,4.000000,4.000000,100.000000,,,,,,,,,,,,,,,,,,,,,,,,,,,,,,,,,,,,,,,,,,,,,,,,,,,,,,,,,,,,,,,,,,,,,,,,,,,,,,,,,,,,,,
1676060300.118155,1676060300.119081,110.000000,0.000000,4268.333496,4137.948730,4273.333496,4221.666504,4259.102539,4278.205078,4275.769043,4293.974121,4291.794922,4276.282227,4423.717773,4475.384766,4480.512695,4421.410156,2740.000000,4.000000,85.000000,,,,0.000000,4.000000,4.000000,4.000000,4.000000,4.000000,4.000000,4.000000,4.000000,4.000000,4.000000,4.000000,4.000000,4.000000,4.000000,100.000000,,,,,,,,,,,,,,,,,0.892475,2.514251,1.655201,1.404105,1.417389,1.025051,1.368005,1.241570,1.663328,1.245205,1.267480,3.053475,1.565928,1.897154,1.157982,1.786409,2.405665,1.448490,1.511190,1.000161,19.229967,3.000138,0.965647,0.882345,0.541251,0.794176,0.589915,0.419251,0.775791,0.652001,2.949033,2.229213,1.493600,1.028663,1.034338,1.572595,2.328632,0.905832,0.980148,1.208391,1.098085,1.045647,0.856954,0.837620,1.364187,0.767736,1.087535,1.471837,0.677798,1.531993,4.431728,8.830997,5.702479,3.063737,1.930259,2.016721,3.069933,1.585677,2.464272,1.811979,1.070525,1.736394,1.269504,1.885373,1.516489,0.965233,2.491621,1.263390,2.343528,1.761175
1676060300.125963,1676060300.126889,111.000000,0.000000,4282.179688,4160.769043,4292.307617,4237.820313,4271.153809,4282.051270,4290.769043,4303.077148,4302.948730,4286.153809,4435.512695,4487.436035,4485.512695,4432.692383,2917.000000,4.000000,85.000000,,,,0.000000,4.000000,4.000000,4.000000,4.000000,4.000000,4.000000,4.000000,4.000000,4.000000,4.000000,4.000000,4.000000,4.000000,4.000000,100.000000,,,,,,,,,,,,,,,,,,,,,,,,,,,,,,,,,,,,,,,,,,,,,,,,,,,,,,,,,,,,,,,,,,,,,,,,,,,,,,,,,,,,,,
1676060300.133772,1676060300.134598,112.000000,0.000000,4314.615234,4194.743652,4311.794922,4264.743652,4282.948730,4281.666504,4290.769043,4306.282227,4310.384766,4301.794922,4448.333496,4506.410156,4491.794922,4454.102539,3139.000000,4.000000,85.000000,,,,0.000000,4.000000,4.000000,4.000000,4.000000,4.000000,4.000000,4.000000,4.000000,4.000000,4.000000,4.000000,4.000000,4.000000,4.000000,100.000000,,,,,,,,,,,,,,,,,,,,,,,,,,,,,,,,,,,,,,,,,,,,,,,,,,,,,,,,,,,,,,,,,,,,,,,,,,,,,,,,,,,,,,
1676060300.141580,1676060300.142406,113.000000,0.000000,4307.948730,4204.230957,4305.128418,4268.333496,4277.820313,4281.153809,4276.666504,4294.102539,4295.256348,4290.128418,4429.487305,4494.615234,4472.051270,4443.846191,3248.000000,4.000000,85.000000,,,,0.000000,4.000000,4.000000,4.000000,4.000000,4.000000,4.000000,4.000000,4.000000,4.000000,4.000000,4.000000,4.000000,4.000000,4.000000,100.000000,,,,,,,,,,,,,,,,,,,,,,,,,,,,,,,,,,,,,,,,,,,,,,,,,,,,,,,,,,,,,,,,,,,,,,,,,,,,,,,,,,,,,,
1676060300.149388,1676060300.150115,114.000000,0.000000,4296.666504,4218.461426,4301.538574,4269.487305,4273.974121,4285.256348,4272.563965,4288.205078,4281.666504,4270.384766,4413.974121,4482.563965,4451.025879,4431.538574,2740.000000,4.000000,85.000000,,,,0.000000,4.000000,4.000000,4.000000,4.000000,4.000000,4.000000,4.000000,4.000000,4.000000,4.000000,4.000000,4.000000,4.000000,4.000000,100.000000,,,,,,,,,,,,,,,,,,,,,,,,,,,,,,,,,,,,,,,,,,,,,,,,,,,,,,,,,,,,,,,,,,,,,,,,,,,,,,,,,,,,,,
1676060300.157197,1676060300.157923,115.000000,0.000000,4326.922852,4258.333496,4324.743652,4294.743652,4288.077148,4298.077148,4297.692383,4306.794922,4297.179688,4289.487305,4433.461426,4505.384766,4460.128418,4454.487305,2917.000000,4.000000,85.000000,,,,0.000000,4.000000,4.000000,4.000000,4.000000,4.000000,4.000000,4.000000,4.000000,4.000000,4.000000,4.000000,4.000000,4.000000,4.000000,100.000000,,,,,,,,,,,,,,,,,,,,,,,,,,,,,,,,,,,,,,,,,,,,,,,,,,,,,,,,,,,,,,,,,,,,,,,,,,,,,,,,,,,,,,
1676060300.165005,1676060300.165632,116.000000,0.000000,4343.589844,4278.205078,4336.794922,4309.871582,4290.897461,4305.256348,4318.077148,4323.461426,4315.256348,4319.230957,4445.769043,4522.179688,4467.692383,4470.000000,3139.000000,4.000000,85.000000,,,,0.000000,4.000000,4.000000,4.000000,4.000000,4.000000,4.000000,4.000000,4.000000,4.000000,4.000000,4.000000,4.000000,4.000000,4.000000,100.000000,,,,,,,,,,,,,,,,,,,,,,,,,,,,,,,,,,,,,,,,,,,,,,,,,,,,,,,,,,,,,,,,,,,,,,,,,,,,,,,,,,,,,,
1676060300.172814,1676060300.173440,117.000000,0.000000,4302.436035,4248.589844,4303.461426,4278.717773,4265.384766,4292.692383,4295.641113,4303.717773,4292.307617,4295.128418,4402.563965,4482.948730,4424.230957,4429.871582,3248.000000,4.000000,85.000000,,,,0.000000,4.000000,4.000000,4.000000,4.000000,4.000000,4.000000,4.000000,4.000000,4.000000,4.000000,4.000000,4.000000,4.000000,4.000000,100.000000,,,,,,,,,,,,,,,,,,,,,,,,,,,,,,,,,,,,,,,,,,,,,,,,,,,,,,,,,,,,,,,,,,,,,,,,,,,,,,,,,,,,,,
1676060300.180622,1676060300.181149,118.000000,0.000000,4277.563965,4231.282227,4279.615234,4255.769043,4250.512695,4284.230957,4277.307617,4289.358887,4271.666504,4263.333496,4371.025879,4448.589844,4388.846191,4396.922852,2740.000000,4.000000,85.000000,,,,0.000000,4.000000,4.000000,4.000000,4.000000,4.000000,4.000000,4.000000,4.000000,4.000000,4.000000,4.000000,4.000000,4.000000,4.000000,100.000000,,,,,,,,,,,,,,,,,,,,,,,,,,,,,,,,,,,,,,,,,,,,,,,,,,,,,,,,,,,,,,,,,,,,,,,,,,,,,,,,,,,,,,
1676060300.188430,1676060300.189057,119.000000,0.000000,4301.666504,4255.641113,4303.461426,4274.615234,4264.230957,4295.384766,4297.051270,4313.077148,4295.256348,4285.897461,4396.794922,4473.974121,4407.948730,4419.358887,2917.000000,4.000000,85.000000,,,,0.000000,4.000000,4.000000,4.000000,4.000000,4.000000,4.000000,4.000000,4.000000,4.000000,4.000000,4.000000,4.000000,4.000000,4.000000,100.000000,,,,,,,,,,,,,,,,,,,,,,,,,,,,,,,,,,,,,,,,,,,,,,,,,,,,,,,,,,,,,,,,,,,,,,,,,,,,,,,,,,,,,,
1676060300.196239,1676060300.196865,120.000000,0.000000,4309.487305,4269.871582,4313.333496,4286.025879,4266.410156,4301.666504,4302.307617,4321.410156,4310.641113,4301.153809,4403.974121,4489.358887,4415.897461,4432.179688,3139.000000,4.000000,85.000000,,,,0.000000,4.000000,4.000000,4.000000,4.000000,4.000000,4.000000,4.000000,4.000000,4.000000,4.000000,4.000000,4.000000,4.000000,4.000000,100.000000,,,,,,,,,,,,,,,,,,,,,,,,,,,,,,,,,,,,,,,,,,,,,,,,,,,,,,,,,,,,,,,,,,,,,,,,,,,,,,,,,,,,,,
1676060300.204047,1676060300.204774,121.000000,0.000000,4293.589844,4261.410156,4294.743652,4276.410156,4251.153809,4294.743652,4280.897461,4298.589844,4296.025879,4273.205078,4371.922852,4462.563965,4386.025879,4411.794922,3248.000000,4.000000,85.000000,,,,0.000000,4.000000,4.000000,4.000000,4.000000,4.000000,4.000000,4.000000,4.000000,4.000000,4.000000,4.000000,4.000000,4.000000,4.000000,100.000000,,,,,,,,,,,,,,,,,,,,,,,,,,,,,,,,,,,,,,,,,,,,,,,,,,,,,,,,,,,,,,,,,,,,,,,,,,,,,,,,,,,,,,
1676060300.211856,1676060300.212582,122.000000,0.000000,4286.282227,4254.487305,4288.205078,4271.410156,4243.589844,4289.743652,4272.307617,4286.538574,4287.051270,4255.256348,4355.512695,4447.948730,4359.230957,4395.897461,2740.000000,4.000000,85.000000,,,,0.000000,4.000000,4.000000,4.000000,4.000000,4.000000,4.000000,4.000000,4.000000,4.000000,4.000000,4.000000,4.000000,4.000000,4.000000,100.000000,,,,,,,,,,,,,,,,,,,,,,,,,,,,,,,,,,,,,,,,,,,,,,,,,,,,,,,,,,,,,,,,,,,,,,,,,,,,,,,,,,,,,,
1676060300.219664,1676060300.220491,123.000000,0.000000,4290.769043,4261.025879,4301.410156,4278.846191,4247.948730,4293.846191,4279.871582,4287.948730,4287.948730,4265.769043,4358.461426,4456.410156,4355.769043,4390.256348,2917.000000,4.000000,85.000000,,,,0.000000,4.000000,4.000000,4.000000,4.000000,4.000000,4.000000,4.000000,4.000000,4.000000,4.000000,4.000000,4.000000,4.000000,4.000000,100.000000,,,,,,,,,,,,,,,,,,,,,,,,,,,,,,,,,,,,,,,,,,,,,,,,,,,,,,,,,,,,,,,,,,,,,,,,,,,,,,,,,,,,,,
1676060300.227472,1676060300.228299,124.000000,0.000000,4298.717773,4272.051270,4310.128418,4290.512695,4256.538574,4302.051270,4286.153809,4287.692383,4286.794922,4277.948730,4363.205078,4463.974121,4367.051270,4395.769043,3139.000000,4.000000,85.000000,,,,0.000000,4.000000,4.000000,4.000000,4.000000,4.000000,4.000000,4.000000,4.000000,4.000000,4.000000,4.000000,4.000000,4.000000,4.000000,100.000000,,,,,,,,,,,,,,,,,,,,,,,,,,,,,,,,,,,,,,,,,,,,,,,,,,,,,,,,,,,,,,,,,,,,,,,,,,,,,,,,,,,,,,
1676060300.235281,1676060300.236107,125.000000,0.000000,4296.025879,4269.487305,4302.820313,4294.743652,4254.487305,4300.384766,4283.846191,4286.794922,4282.179688,4274.487305,4372.820313,4468.717773,4381.410156,4408.846191,3248.000000,4.000000,85.000000,,,,0.000000,4.000000,4.000000,4.000000,4.000000,4.000000,4.000000,4.000000,4.000000,4.000000,4.000000,4.000000,4.000000,4.000000,4.000000,100.000000,,,,,,,,,,,,,,,,,,,,,,,,,,,,,,,,,,,,,,,,,,,,,,,,,,,,,,,,,,,,,,,,,,,,,,,,,,,,,,,,,,,,,,
1676060300.243089,1676060300.243816,126.000000,0.000000,4292.692383,4266.025879,4298.589844,4300.769043,4249.230957,4290.128418,4281.666504,4292.692383,4280.000000,4262.179688,4385.128418,4478.974121,4390.256348,4417.948730,2740.000000,4.000000,85.000000,,,,0.000000,4.000000,4.000000,4.000000,4.000000,4.000000,4.000000,4.000000,4.000000,4.000000,4.000000,4.000000,4.000000,4.000000,4.000000,100.000000,,,,,,,,,,,,,,,,,0.960079,2.156244,1.668525,1.441087,1.362765,1.823230,0.996745,1.255121,1.738808,1.244572,1.189650,2.476942,1.445987,2.045272,1.114882,1.746284,2.066438,1.460416,1.543293,1.001244,7.354250,1.953334,0.861743,0.850999,0.563526,0.819641,0.619175,0.469989,0.784303,0.661923,2.818636,2.236888,1.591740,1.024340,1.019393,1.392280,2.495118,0.976062,1.016475,1.170921,1.144937,1.298955,0.890970,0.869849,1.309031,0.780806,1.064296,1.645903,0.734566,1.416796,4.661881,7.964077,5.972764,3.295950,1.961919,1.927235,2.712524,1.512982,2.662973,1.748351,2.150146,1.633727,1.302235,1.971179,1.492560,1.095865,2.036888,1.217808,2.460712,1.714281
1676060300.250898,1676060300.251724,127.000000,0.000000,4310.769043,4281.922852,4313.461426,4323.974121,4260.256348,4291.666504,4291.794922,4310.384766,4290.512695,4268.974121,4403.846191,4501.153809,4400.256348,4425.897461,85.000000,4.000000,85.000000,,,,0.000000,4.000000,4.000000,4.000000,4.000000,4.000000,4.000000,4.000000,4.000000,4.000000,4.000000,4.000000,4.000000,4.000000,4.000000,100.000000,,,,,,,,,,,,,,,,,,,,,,,,,,,,,,,,,,,,,,,,,,,,,,,,,,,,,,,,,,,,,,,,,,,,,,,,,,,,,,,,,,,,,,
1676060300.258706,1676060300.259533,0.000000,0.000000,4322.692383,4290.512695,4321.538574,4340.512695,4265.384766,4298.974121,4300.128418,4321.025879,4298.974121,4288.333496,4411.025879,4515.641113,4401.666504,4429.230957,2505.000000,4.000000,85.000000,,,,0.000000,4.000000,4.000000,4.000000,4.000000,4.000000,4.000000,4.000000,4.000000,4.000000,4.000000,4.000000,4.000000,4.000000,4.000000,100.000000,,,,,,,,,,,,,,,,,,,,,,,,,,,,,,,,,,,,,,,,,,,,,,,,,,,,,,,,,,,,,,,,,,,,,,,,,,,,,,,,,,,,,,
1676060300.266514,1676060300.267441,1.000000,0.000000,4310.769043,4279.102539,4308.717773,4332.436035,4251.538574,4297.051270,4294.230957,4314.743652,4290.256348,4286.410156,4393.846191,4508.974121,4389.358887,4422.692383,2464.000000,4.000000,85.000000,,,,0.000000,4.000000,4.000000,4.000000,4.000000,4.000000,4.000000,4.000000,4.000000,4.000000,4.000000,4.000000,4.000000,4.000000,4.000000,100.000000,,,,,,,,,,,,,,,,,,,,,,,,,,,,,,,,,,,,,,,,,,,,,,,,,,,,,,,,,,,,,,,,,,,,,,,,,,,,,,,,,,,,,,
1676060300.274323,1676060300.275250,2.000000,0.000000,4307.820313,4272.307617,4306.538574,4326.025879,4247.692383,4293.717773,4287.179688,4313.461426,4283.846191,4277.436035,4394.230957,4508.333496,4391.025879,4422.307617,2391.000000,4.000000,85.000000,,,,0.000000,4.000000,4.000000,4.000000,4.000000,4.000000,4.000000,4.000000,4.000000,4.000000,4.000000,4.000000,4.000000,4.000000,4.000000,100.000000,,,,,,,,,,,,,,,,,,,,,,,,,,,,,,,,,,,,,,,,,,,,,,,,,,,,,,,,,,,,,,,,,,,,,,,,,,,,,,,,,,,,,,
1676060300.282131,1676060300.283158,3.000000,0.000000,4303.974121,4268.717773,4305.897461,4323.333496,4250.769043,4293.589844,4282.692383,4315.512695,4281.410156,4279.230957,4409.102539,4512.179688,4396.410156,4419.743652,2456.000000,4.000000,85.000000,,,,0.000000,4.000000,4.000000,4.000000,4.000000,4.000000,4.000000,4.000000,4.000000,4.000000,4.000000,4.000000,4.000000,4.000000,4.000000,100.000000,,,,,,,,,,,,,,,,,,,,,,,,,,,,,,,,,,,,,,,,,,,,,,,,,,,,,,,,,,,,,,,,,,,,,,,,,,,,,,,,,,,,,,
1676060300.289939,1676060300.290966,4.000000,0.000000,4289.871582,4266.282227,4291.410156,4317.692383,4243.461426,4293.077148,4279.487305,4311.153809,4280.512695,4280.000000,4411.410156,4508.974121,4385.256348,4408.846191,2424.000000,4.000000,85.000000,,,,0.000000,4.000000,4.000000,4.000000,4.000000,4.000000,4.000000,4.000000,4.000000,4.000000,4.000000,4.000000,4.000000,4.000000,4.000000,100.000000,,,,,,,,,,,,,,,,,,,,,,,,,,,,,,,,,,,,,,,,,,,,,,,,,,,,,,,,,,,,,,,,,,,,,,,,,,,,,,,,,,,,,,
1676060300.297748,1676060300.298875,5.000000,0.000000,4297.692383,4280.512695,4294.743652,4326.922852,4244.487305,4296.282227,4283.461426,4315.769043,4293.205078,4288.205078,4428.205078,4518.974121,4387.436035,4419.358887,2351.000000,4.000000,85.000000,,,,0.000000,4.000000,4.000000,4.000000,4.000000,4.000000,4.000000,4.000000,4.000000,4.000000,4.000000,4.000000,4.000000,4.000000,4.000000,100.000000,,,,,,,,,,,,,,,,,,,,,,,,,,,,,,,,,,,,,,,,,,,,,,,,,,,,,,,,,,,,,,,,,,,,,,,,,,,,,,,,,,,,,,
1676060300.305556,1676060300.306683,6.000000,0.000000,4314.743652,4294.230957,4310.128418,4338.589844,4247.307617,4294.487305,4283.461426,4325.512695,4305.512695,4295.000000,4453.077148,4533.077148,4402.563965,4437.820313,2219.000000,4.000000,85.000000,,,,0.000000,4.000000,4.000000,4.000000,4.000000,4.000000,4.000000,4.000000,4.000000,4.000000,4.000000,4.000000,4.000000,4.000000,4.000000,100.000000,,,,,,,,,,,,,,,,,,,,,,,,,,,,,,,,,,,,,,,,,,,,,,,,,,,,,,,,,,,,,,,,,,,,,,,,,,,,,,,,,,,,,,
1676060300.313364,1676060300.314591,7.000000,0.000000,4310.256348,4292.307617,4310.897461,4331.538574,4235.384766,4280.384766,4277.563965,4326.922852,4304.615234,4286.666504,4452.307617,4521.922852,4394.487305,4427.051270,2212.000000,4.000000,85.000000,,,,0.000000,4.000000,4.000000,4.000000,4.000000,4.000000,4.000000,4.000000,4.000000,4.000000,4.000000,4.000000,4.000000,4.000000,4.000000,100.000000,,,,,,,,,,,,,,,,,,,,,,,,,,,,,,,,,,,,,,,,,,,,,,,,,,,,,,,,,,,,,,,,,,,,,,,,,,,,,,,,,,,,,,
1676060300.321173,1676060300.322400,8.000000,0.000000,4304.230957,4293.974121,4306.666504,4323.717773,4227.563965,4275.897461,4276.538574,4326.410156,4300.000000,4281.922852,4443.205078,4510.769043,4372.820313,4412.051270,2277.000000,4.000000,85.000000,,,,0.000000,4.000000,4.000000,4.000000,4.000000,4.000000,4.000000,4.000000,4.000000,4.000000,4.000000,4.000000,4.000000,4.000000,4.000000,100.000000,,,,,,,,,,,,,,,,,,,,,,,,,,,,,,,,,,,,,,,,,,,,,,,,,,,,,,,,,,,,,,,,,,,,,,,,,,,,,,,,,,,,,,
1676060300.328981,1676060300.330108,9.000000,0.000000,4309.102539,4307.820313,4312.307617,4332.563965,4231.410156,4285.000000,4281.153809,4325.897461,4298.205078,4276.282227,4447.820313,4519.487305,4368.461426,4422.307617,2246.000000,4.000000,85.000000,,,,0.000000,4.000000,4.000000,4.000000,4.000000,4.000000,4.000000,4.000000,4.000000,4.000000,4.000000,4.000000,4.000000,4.000000,4.000000,100.000000,,,,,,,,,,,,,,,,,,,,,,,,,,,,,,,,,,,,,,,,,,,,,,,,,,,,,,,,,,,,,,,,,,,,,,,,,,,,,,,,,,,,,,
1676060300.336790,1676060300.338017,10.000000,0.000000,4303.205078,4312.051270,4311.410156,4336.153809,4232.563965,4284.871582,4279.230957,4320.641113,4295.000000,4262.436035,4448.846191,4514.358887,4361.410156,4422.436035,2715.000000,4.000000,85.000000,,,,0.000000,4.000000,4.000000,4.000000,4.000000,4.000000,4.000000,4.000000,4.000000,4.000000,4.000000,4.000000,4.000000,4.000000,4.000000,100.000000,,,,,,,,,,,,,,,,,,,,,,,,,,,,,,,,,,,,,,,,,,,,,,,,,,,,,,,,,,,,,,,,,,,,,,,,,,,,,,,,,,,,,,
1676060300.344598,1676060300.345825,11.000000,0.000000,4295.641113,4307.436035,4309.743652,4329.871582,4238.461426,4285.897461,4281.794922,4322.051270,4297.179688,4271.153809,4443.461426,4500.641113,4348.205078,4404.230957,2914.000000,4.000000,85.000000,,,,0.000000,4.000000,4.000000,4.000000,4.000000,4.000000,4.000000,4.000000,4.000000,4.000000,4.000000,4.000000,4.000000,4.000000,4.000000,100.000000,,,,,,,,,,,,,,,,,,,,,,,,,,,,,,,,,,,,,,,,,,,,,,,,,,,,,,,,,,,,,,,,,,,,,,,,,,,,,,,,,,,,,,
1676060300.352406,1676060300.353634,12.000000,0.000000,4298.333496,4309.615234,4309.615234,4331.153809,4245.384766,4296.666504,4290.256348,4322.948730,4297.563965,4286.153809,4432.436035,4500.512695,4341.153809,4396.410156,3124.000000,4.000000,85.000000,,,,0.000000,4.000000,4.000000,4.000000,4.000000,4.000000,4.000000,4.000000,4.000000,4.000000,4.000000,4.000000,4.000000,4.000000,4.000000,100.000000,,,,,,,,,,,,,,,,,,,,,,,,,,,,,,,,,,,,,,,,,,,,,,,,,,,,,,,,,,,,,,,,,,,,,,,,,,,,,,,,,,,,,,
1676060300.360215,1676060300.361342,13.000000,0.000000,4297.051270,4313.589844,4300.000000,4335.000000,4242.692383,4298.461426,4288.077148,4310.384766,4288.974121,4274.358887,4415.384766,4498.717773,4333.846191,4394.487305,3224.000000,4.000000,85.000000,,,,0.000000,4.000000,4.000000,4.000000,4.000000,4.000000,4.000000,4.000000,4.000000,4.000000,4.000000,4.000000,4.000000,4.000000,4.000000,100.000000,,,,,,,,,,,,,,,,,,,,,,,,,,,,,,,,,,,,,,,,,,,,,,,,,,,,,,,,,,,,,,,,,,,,,,,,,,,,,,,,,,,,,,
1676060300.368023,1676060300.369151,14.000000,0.000000,4293.205078,4319.615234,4302.692383,4340.641113,4245.128418,4292.307617,4283.461426,4301.410156,4281.410156,4263.205078,4409.230957,4488.205078,4326.153809,4389.487305,2715.000000,4.000000,85.000000,,,,0.000000,4.000000,4.000000,4.000000,4.000000,4.000000,4.000000,4.000000,4.000000,4.000000,4.000000,4.000000,4.000000,4.000000,4.000000,100.000000,1.000000,50.000000,4.000000,4.000000,3.000000,4.000000,0.000000,4.000000,4.000000,4.000000,4.000000,3.000000,3.000000,3.000000,4.000000,3.000000,1.126385,1.900994,1.633585,1.407624,1.296160,5.165432,0.979171,1.269873,1.716727,1.227410,1.273577,1.998422,1.367598,2.071964,1.063962,2.296194,1.759464,1.446628,1.492411,0.989085,3.695853,1.700119,0.895361,0.793445,0.595208,0.926357,0.647110,0.524052,0.768979,0.667769,2.447902,1.993932,1.569796,0.975914,0.975458,1.223494,2.413973,1.037421,0.992869,1.105307,1.232775,1.441546,1.043136,0.847061,1.226646,0.911933,1.057808,1.805397,0.755060,1.342041,5.783615,6.932369,5.660414,3.195233,1.973755,1.939121,2.337864,1.440613,2.625820,1.689031,5.834745,1.953607,1.350012,1.885704,1.475374,1.585151,1.796723,1.147128,2.373575,1.676281
1676060300.375831,1676060300.376859,15.000000,0.000000,4298.846191,4335.256348,4319.743652,4351.282227,4253.205078,4291.922852,4290.897461,4308.846191,4283.077148,4262.051270,4412.307617,4490.256348,4328.461426,4393.974121,2914.000000,4.000000,85.000000,,,,0.000000,4.000000,4.000000,4.000000,4.000000,4.000000,4.000000,4.000000,4.000000,4.000000,4.000000,4.000000,4.000000,4.000000,4.000000,100.000000,,,,,,,,,,,,,,,,,,,,,,,,,,,,,,,,,,,,,,,,,,,,,,,,,,,,,,,,,,,,,,,,,,,,,,,,,,,,,,,,,,,,,,
1676060300.383640,1676060300.384668,16.000000,0.000000,4308.846191,4345.512695,4321.410156,4354.487305,4252.051270,4292.948730,4298.333496,4315.128418,4293.461426,4261.410156,4415.128418,4501.410156,4333.974121,4401.153809,0.000000,4.000000,85.000000,,,,0.000000,4.000000,4.000000,4.000000,4.000000,4.000000,4.000000,4.000000,4.000000,4.000000,4.000000,4.000000,4.000000,4.000000,4.000000,100.000000,,,,,,,,,,,,,,,,,,,,,,,,,,,,,,,,,,,,,,,,,,,,,,,,,,,,,,,,,,,,,,,,,,,,,,,,,,,,,,,,,,,,,,
1676060300.391448,1676060300.392376,17.000000,0.000000,4308.461426,4341.666504,4310.897461,4347.692383,4244.871582,4290.256348,4290.897461,4306.282227,4294.102539,4268.205078,4413.077148,4497.563965,4330.641113,4397.436035,0.000000,4.000000,85.000000,,,,0.000000,4.000000,4.000000,4.000000,4.000000,4.000000,4.000000,4.000000,4.000000,4.000000,4.000000,4.000000,4.000000,4.000000,4.000000,100.000000,,,,,,,,,,,,,,,,,,,,,,,,,,,,,,,,,,,,,,,,,,,,,,,,,,,,,,,,,,,,,,,,,,,,,,,,,,,,,,,,,,,,,,
1676060300.399257,1676060300.400185,18.000000,0.000000,4290.000000,4327.307617,4298.077148,4333.205078,4232.820313,4276.282227,4265.000000,4285.769043,4270.512695,4260.128418,4390.384766,4474.487305,4311.666504,4384.487305,0.000000,4.000000,85.000000,,,,0.000000,4.000000,4.000000,4.000000,4.000000,4.000000,4.000000,4.000000,4.000000,4.000000,4.000000,4.000000,4.000000,4.000000,4.000000,100.000000,,,,,,,,,,,,,,,,,,,,,,,,,,,,,,,,,,,,,,,,,,,,,,,,,,,,,,,,,,,,,,,,,,,,,,,,,,,,,,,,,,,,,,
1676060300.407065,1676060300.407893,19.000000,0.000000,4277.820313,4319.358887,4294.230957,4325.512695,4223.205078,4263.846191,4252.692383,4276.153809,4257.820313,4246.922852,4371.282227,4461.666504,4297.051270,4374.487305,0.000000,4.000000,85.000000,,,,0.000000,4.000000,4.000000,4.000000,4.000000,4.000000,4.000000,4.000000,4.000000,4.000000,4.000000,4.000000,4.000000,4.000000,4.000000,100.000000,,,,,,,,,,,,,,,,,,,,,,,,,,,,,,,,,,,,,,,,,,,,,,,,,,,,,,,,,,,,,,,,,,,,,,,,,,,,,,,,,,,,,,
1676060300.414873,1676060300.415702,20.000000,0.000000,4304.871582,4341.538574,4321.666504,4351.538574,4240.512695,4283.333496,4281.153809,4303.205078,4287.179688,4269.487305,4403.717773,4496.153809,4326.410156,4399.615234,0.000000,4.000000,85.000000,,,,0.000000,4.000000,4.000000,4.000000,4.000000,4.000000,4.000000,4.000000,4.000000,4.000000,4.000000,4.000000,4.000000,4.000000,4.000000,100.000000,,,,,,,,,,,,,,,,,,,,,,,,,,,,,,,,,,,,,,,,,,,,,,,,,,,,,,,,,,,,,,,,,,,,,,,,,,,,,,,,,,,,,,
1676060300.422682,1676060300.423410,21.000000,0.000000,4322.563965,4352.692383,4339.230957,4365.769043,4255.384766,4300.897461,4295.000000,4316.538574,4302.820313,4288.333496,4428.205078,4516.025879,4347.436035,4418.461426,0.000000,4.000000,85.000000,,,,0.000000,4.000000,4.000000,4.000000,4.000000,4.000000,4.000000,4.000000,4.000000,4.000000,4.000000,4.000000,4.000000,4.000000,4.000000,100.000000,,,,,,,,,,,,,,,,,,,,,,,,,,,,,,,,,,,,,,,,,,,,,,,,,,,,,,,,,,,,,,,,,,,,,,,,,,,,,,,,,,,,,,
1676060300.430490,1676060300.431219,22.000000,0.000000,4309.358887,4335.641113,4318.846191,4345.000000,4246.282227,4292.179688,4281.922852,4302.307617,4289.615234,4276.538574,4414.230957,4499.102539,4336.025879,4403.717773,0.000000,4.000000,85.000000,,,,0.000000,4.000000,4.000000,4.000000,4.000000,4.000000,4.000000,4.000000,4.000000,4.000000,4.000000,4.000000,4.000000,4.000000,4.000000,100.000000,,,,,,,,,,,,,,,,,,,,,,,,,,,,,,,,,,,,,,,,,,,,,,,,,,,,,,,,,,,,,,,,,,,,,,,,,,,,,,,,,,,,,,
1676060300.438299,1676060300.438927,23.000000,0.000000,4319.358887,4342.563965,4320.769043,4348.333496,4249.358887,4295.512695,4295.384766,4319.615234,4303.461426,4280.384766,4431.666504,4512.436035,4356.025879,4417.820313,0.000000,4.000000,85.000000,,,,0.000000,4.000000,4.000000,4.000000,4.000000,4.000000,4.000000,4.000000,4.000000,4.000000,4.000000,4.000000,4.000000,4.000000,4.000000,100.000000,,,,,,,,,,,,,,,,,,,,,,,,,,,,,,,,,,,,,,,,,,,,,,,,,,,,,,,,,,,,,,,,,,,,,,,,,,,,,,,,,,,,,,
1676060300.446107,1676060300.446836,24.000000,0.000000,4326.666504,4348.974121,4335.384766,4358.846191,4258.205078,4307.051270,4310.256348,4336.538574,4315.128418,4287.307617,4444.743652,4525.256348,4366.666504,4432.436035,0.000000,4.000000,85.000000,,,,0.000000,4.000000,4.000000,4.000000,4.000000,4.000000,4.000000,4.000000,4.000000,4.000000,4.000000,4.000000,4.000000,4.000000,4.000000,100.000000,,,,,,,,,,,,,,,,,,,,,,,,,,,,,,,,,,,,,,,,,,,,,,,,,,,,,,,,,,,,,,,,,,,,,,,,,,,,,,,,,,,,,,
1676060300.453915,1676060300.454644,25.000000,0.000000,4301.922852,4320.512695,4316.794922,4335.256348,4244.230957,4297.307617,4296.538574,4315.000000,4296.794922,4271.538574,4410.897461,4496.794922,4329.358887,4400.512695,0.000000,4.000000,85.000000,,,,0.000000,4.000000,4.000000,4.000000,4.000000,4.000000,4.000000,4.000000,4.000000,4.000000,4.000000,4.000000,4.000000,4.000000,4.000000,100.000000,,,,,,,,,,,,,,,,,,,,,,,,,,,,,,,,,,,,,,,,,,,,,,,,,,,,,,,,,,,,,,,,,,,,,,,,,,,,,,,,,,,,,,
1676060300.461724,1676060300.462552,26.000000,0.000000,4292.692383,4305.000000,4303.205078,4324.102539,4230.897461,4284.358887,4287.948730,4302.307617,4284.102539,4261.922852,4393.846191,4481.282227,4315.384766,4379.615234,0.000000,4.000000,85.000000,,,,0.000000,4.000000,4.000000,4.000000,4.000000,4.000000,4.000000,4.000000,4.000000,4.000000,4.000000,4.000000,4.000000,4.000000,4.000000,100.000000,,,,,,,,,,,,,,,,,,,,,,,,,,,,,,,,,,,,,,,,,,,,,,,,,,,,,,,,,,,,,,,,,,,,,,,,,,,,,,,,,,,,,,
1676060300.469532,1676060300.470361,27.000000,0.000000,4314.487305,4325.000000,4318.974121,4345.128418,4242.307617,4292.820313,4300.384766,4322.179688,4293.333496,4273.717773,4421.153809,4502.820313,4348.717773,4405.897461,0.000000,4.000000,85.000000,,,,0.000000,4.000000,4.000000,4.000000,4.000000,4.000000,4.000000,4.000000,4.000000,4.000000,4.000000,4.000000,4.000000,4.000000,4.000000,100.000000,,,,,,,,,,,,,,,,,,,,,,,,,,,,,,,,,,,,,,,,,,,,,,,,,,,,,,,,,,,,,,,,,,,,,,,,,,,,,,,,,,,,,,
1676060300.477341,1676060300.478269,28.000000,0.000000,4327.436035,4341.538574,4332.307617,4354.871582,4255.000000,4305.512695,4309.102539,4333.717773,4302.820313,4284.230957,4443.205078,4515.769043,4366.794922,4429.615234,0.000000,4.000000,85.000000,,,,0.000000,4.000000,4.000000,4.000000,4.000000,4.000000,4.000000,4.000000,4.000000,4.000000,4.000000,4.000000,4.000000,4.000000,4.000000,100.000000,,,,,,,,,,,,,,,,,,,,,,,,,,,,,,,,,,,,,,,,,,,,,,,,,,,,,,,,,,,,,,,,,,,,,,,,,,,,,,,,,,,,,,
1676060300.485149,1676060300.486078,29.000000,0.000000,4321.794922,4328.846191,4329.871582,4345.256348,4251.153809,4302.436035,4300.897461,4316.922852,4301.153809,4279.615234,4438.846191,4508.974121,4364.487305,4426.025879,0.000000,4.000000,85.000000,,,,0.000000,4.000000,4.000000,4.000000,4.000000,4.000000,4.000000,4.000000,4.000000,4.000000,4.000000,4.000000,4.000000,4.000000,4.000000,100.000000,,,,,,,,,,,,,,,,,,,,,,,,,,,,,,,,,,,,,,,,,,,,,,,,,,,,,,,,,,,,,,,,,,,,,,,,,,,,,,,,,,,,,,
1676060300.492957,1676060300.493986,30.000000,0.000000,4307.820313,4300.897461,4318.589844,4330.641113,4243.333496,4291.666504,4281.538574,4298.205078,4293.846191,4278.589844,4427.436035,4497.307617,4366.794922,4414.230957,0.000000,4.000000,85.000000,,,,0.000000,4.000000,4.000000,4.000000,4.000000,4.000000,4.000000,4.000000,4.000000,4.000000,4.000000,4.000000,4.000000,4.000000,4.000000,100.000000,,,,,,,,,,,,,,,,,1.367529,1.662036,1.558373,1.341164,1.262443,12.494670,1.352415,1.322526,1.643486,1.215814,1.523569,1.575929,1.328778,1.979162,1.035653,3.691209,1.548853,1.430722,1.399849,0.983216,6.104020,2.114319,1.066887,0.735330,0.639855,1.093327,0.653765,0.585026,0.745135,0.679197,1.982039,1.594588,1.444706,0.894900,0.932414,1.144926,2.119143,1.140624,0.916998,1.039235,1.352130,1.451927,1.340939,0.785635,1.155008,1.189462,1.040016,1.989534,0.752912,1.360785,8.885246,5.847597,4.939914,2.808018,2.000562,2.218766,1.924484,1.386332,2.387956,1.675566,13.605114,2.619647,1.468819,1.673728,1.486611,2.532617,1.669787,1.085052,2.124430,1.688349
1676060300.500766,1676060300.501794,31.000000,0.000000,4298.717773,4290.512695,4309.743652,4322.307617,4243.846191,4291.153809,4275.512695,4298.974121,4288.077148,4283.461426,4431.282227,4487.563965,4366.666504,4409.743652,0.000000,4.000000,85.000000,,,,0.000000,4.000000,4.000000,4.000000,4.000000,4.000000,4.000000,4.000000,4.000000,4.000000,4.000000,4.000000,4.000000,4.000000,4.000000,100.000000,,,,,,,,,,,,,,,,,,,,,,,,,,,,,,,,,,,,,,,,,,,,,,,,,,,,,,,,,,,,,,,,,,,,,,,,,,,,,,,,,,,,,,
1676060300.508574,1676060300.509703,32.000000,0.000000,4307.948730,4301.282227,4315.256348,4328.589844,4250.897461,4299.615234,4287.948730,4311.666504,4291.666504,4284.487305,4445.769043,4495.256348,4369.871582,4418.461426,0.000000,4.000000,85.000000,,,,0.000000,4.000000,4.000000,4.000000,4.000000,4.000000,4.000000,4.000000,4.000000,4.000000,4.000000,4.000000,4.000000,4.000000,4.000000,100.000000,,,,,,,,,,,,,,,,,,,,,,,,,,,,,,,,,,,,,,,,,,,,,,,,,,,,,,,,,,,,,,,,,,,,,,,,,,,,,,,,,,,,,,
1676060300.516383,1676060300.517511,33.000000,0.000000,4309.230957,4300.769043,4318.589844,4326.410156,4247.948730,4297.307617,4288.077148,4305.512695,4290.769043,4282.692383,4434.871582,4496.922852,4367.820313,4412.948730,0.000000,4.000000,85.000000,,,,0.000000,4.000000,4.000000,4.000000,4.000000,4.000000,4.000000,4.000000,4.000000,4.000000,4.000000,4.000000,4.000000,4.000000,4.000000,100.000000,,,,,,,,,,,,,,,,,,,,,,,,,,,,,,,,,,,,,,,,,,,,,,,,,,,,,,,,,,,,,,,,,,,,,,,,,,,,,,,,,,,,,,
1676060300.524191,1676060300.525220,34.000000,0.000000,4285.641113,4284.615234,4295.512695,4308.333496,4231.410156,4279.615234,4268.077148,4280.256348,4277.436035,4270.256348,4401.666504,4465.769043,4348.846191,4384.358887,0.000000,4.000000,85.000000,,,,0.000000,4.000000,4.000000,4.000000,4.000000,4.000000,4.000000,4.000000,4.000000,4.000000,4.000000,4.000000,4.000000,4.000000,4.000000,100.000000,,,,,,,,,,,,,,,,,,,,,,,,,,,,,,,,,,,,,,,,,,,,,,,,,,,,,,,,,,,,,,,,,,,,,,,,,,,,,,,,,,,,,,
1676060300.531999,1676060300.533028,35.000000,0.000000,4276.666504,4286.025879,4279.358887,4308.846191,4231.025879,4274.102539,4262.051270,4273.717773,4271.538574,4258.077148,4393.974121,4447.051270,4335.512695,4378.205078,0.000000,4.000000,85.000000,,,,0.000000,4.000000,4.000000,4.000000,4.000000,4.000000,4.000000,4.000000,4.000000,4.000000,4.000000,4.000000,4.000000,4.000000,4.000000,100.000000,,,,,,,,,,,,,,,,,,,,,,,,,,,,,,,,,,,,,,,,,,,,,,,,,,,,,,,,,,,,,,,,,,,,,,,,,,,,,,,,,,,,,,
1676060300.539808,1676060300.540737,36.000000,0.000000,4301.794922,4314.615234,4304.230957,4338.461426,4255.000000,4296.922852,4286.282227,4298.077148,4289.615234,4269.358887,4426.538574,4478.974121,4356.538574,4405.384766,0.000000,4.000000,85.000000,,,,0.000000,4.000000,4.000000,4.000000,4.000000,4.000000,4.000000,4.000000,4.000000,4.000000,4.000000,4.000000,4.000000,4.000000,4.000000,100.000000,,,,,,,,,,,,,,,,,,,,,,,,,,,,,,,,,,,,,,,,,,,,,,,,,,,,,,,,,,,,,,,,,,,,,,,,,,,,,,,,,,,,,,
1676060300.547616,1676060300.548545,37.000000,0.000000,4316.922852,4330.256348,4326.666504,4352.948730,4265.128418,4312.051270,4303.974121,4318.333496,4304.102539,4284.230957,4448.846191,4506.282227,4383.589844,4422.692383,0.000000,4.000000,85.000000,,,,0.000000,4.000000,4.000000,4.000000,4.000000,4.000000,4.000000,4.000000,4.000000,4.000000,4.000000,4.000000,4.000000,4.000000,4.000000,100.000000,,,,,,,,,,,,,,,,,,,,,,,,,,,,,,,,,,,,,,,,,,,,,,,,,,,,,,,,,,,,,,,,,,,,,,,,,,,,,,,,,,,,,,
1676060300.555424,1676060300.556254,38.000000,0.000000,4299.487305,4307.436035,4303.974121,4332.051270,4242.820313,4294.230957,4287.051270,4307.179688,4286.153809,4272.948730,4429.871582,4486.410156,4371.794922,4407.820313,0.000000,4.000000,85.000000,,,,0.000000,4.000000,4.000000,4.000000,4.000000,4.000000,4.000000,4.000000,4.000000,4.000000,4.000000,4.000000,4.000000,4.000000,4.000000,100.000000,,,,,,,,,,,,,,,,,,,,,,,,,,,,,,,,,,,,,,,,,,,,,,,,,,,,,,,,,,,,,,,,,,,,,,,,,,,,,,,,,,,,,,
1676060300.563233,1676060300.564062,39.000000,0.000000,4288.077148,4294.230957,4286.666504,4319.102539,4233.077148,4286.922852,4277.820313,4301.666504,4275.641113,4268.846191,4421.025879,4475.384766,4356.410156,4399.230957,0.000000,4.000000,85.000000,,,,0.000000,4.000000,4.000000,4.000000,4.000000,4.000000,4.000000,4.000000,4.000000,4.000000,4.000000,4.000000,4.000000,4.000000,4.000000,100.000000,,,,,,,,,,,,,,,,,,,,,,,,,,,,,,,,,,,,,,,,,,,,,,,,,,,,,,,,,,,,,,,,,,,,,,,,,,,,,,,,,,,,,,
1676060300.571041,1676060300.571771,40.000000,0.000000,4297.563965,4313.717773,4309.487305,4330.641113,4245.512695,4297.692383,4292.692383,4316.538574,4289.230957,4281.666504,4440.000000,4495.512695,4368.461426,4413.205078,0.000000,4.000000,85.000000,,,,0.000000,4.000000,4.000000,4.000000,4.000000,4.000000,4.000000,4.000000,4.000000,4.000000,4.000000,4.000000,4.000000,4.000000,4.000000,100.000000,,,,,,,,,,,,,,,,,,,,,,,,,,,,,,,,,,,,,,,,,,,,,,,,,,,,,,,,,,,,,,,,,,,,,,,,,,,,,,,,,,,,,,
1676060300.578849,1676060300.579579,41.000000,0.000000,4300.769043,4315.384766,4314.358887,4325.641113,4238.333496,4286.410156,4286.282227,4303.589844,4282.563965,4267.307617,4428.974121,4490.897461,4365.384766,4410.384766,0.000000,4.000000,85.000000,,,,0.000000,4.000000,4.000000,4.000000,4.000000,4.000000,4.000000,4.000000,4.000000,4.000000,4.000000,4.000000,4.000000,4.000000,4.000000,100.000000,,,,,,,,,,,,,,,,,,,,,,,,,,,,,,,,,,,,,,,,,,,,,,,,,,,,,,,,,,,,,,,,,,,,,,,,,,,,,,,,,,,,,,
1676060300.586658,1676060300.587288,42.000000,0.000000,4307.179688,4307.179688,4304.615234,4320.256348,4233.589844,4281.153809,4279.615234,4287.692383,4276.025879,4262.051270,4417.692383,4482.051270,4357.820313,4405.256348,0.000000,4.000000,85.000000,,,,0.000000,4.000000,4.000000,4.000000,4.000000,4.000000,4.000000,4.000000,4.000000,4.000000,4.000000,4.000000,4.000000,4.000000,4.000000,100.000000,,,,,,,,,,,,,,,,,,,,,,,,,,,,,,,,,,,,,,,,,,,,,,,,,,,,,,,,,,,,,,,,,,,,,,,,,,,,,,,,,,,,,,
1676060300.594466,1676060300.595096,43.000000,0.000000,4331.410156,4328.333496,4332.692383,4350.000000,4259.487305,4307.179688,4307.563965,4316.410156,4307.563965,4299.102539,4460.512695,4517.692383,4389.615234,4437.563965,0.000000,4.000000,85.000000,,,,0.000000,4.000000,4.000000,4.000000,4.000000,4.000000,4.000000,4.000000,4.000000,4.000000,4.000000,4.000000,4.000000,4.000000,4.000000,100.000000,,,,,,,,,,,,,,,,,,,,,,,,,,,,,,,,,,,,,,,,,,,,,,,,,,,,,,,,,,,,,,,,,,,,,,,,,,,,,,,,,,,,,,
1676060300.602275,1676060300.602805,44.000000,0.000000,4336.410156,4341.922852,4349.743652,4362.307617,4270.128418,4312.436035,4319.615234,4335.769043,4320.641113,4301.025879,4482.307617,4535.384766,4404.871582,4453.717773,0.000000,4.000000,85.000000,,,,0.000000,4.000000,4.000000,4.000000,4.000000,4.000000,4.000000,4.000000,4.000000,4.000000,4.000000,4.000000,4.000000,4.000000,4.000000,100.000000,,,,,,,,,,,,,,,,,,,,,,,,,,,,,,,,,,,,,,,,,,,,,,,,,,,,,,,,,,,,,,,,,,,,,,,,,,,,,,,,,,,,,,
1676060300.610083,1676060300.610613,45.000000,0.000000,4323.974121,4332.563965,4329.230957,4345.128418,4257.820313,4295.000000,4304.102539,4320.769043,4302.436035,4271.794922,4455.256348,4511.410156,4379.871582,4431.282227,0.000000,4.000000,85.000000,,,,0.000000,4.000000,4.000000,4.000000,4.000000,4.000000,4.000000,4.000000,4.000000,4.000000,4.000000,4.000000,4.000000,4.000000,4.000000,100.000000,,,,,,,,,,,,,,,,,,,,,,,,,,,,,,,,,,,,,,,,,,,,,,,,,,,,,,,,,,,,,,,,,,,,,,,,,,,,,,,,,,,,,,
1676060300.617891,1676060300.618322,46.000000,0.000000,4326.153809,4333.205078,4325.641113,4346.538574,4260.128418,4300.256348,4307.563965,4320.256348,4306.153809,4289.230957,4455.128418,4512.179688,4384.871582,4433.846191,0.000000,4.000000,85.000000,,,,0.000000,4.000000,4.000000,4.000000,4.000000,4.000000,4.000000,4.000000,4.000000,4.000000,4.000000,4.000000,4.000000,4.000000,4.000000,100.000000,,,,,,,,,,,,,,,,,1.627184,1.443568,1.474906,1.295757,1.286836,23.723341,2.148516,1.461403,1.588638,1.224245,1.858589,1.231058,1.330786,1.810280,1.049438,5.813465,1.588227,1.433721,1.323448,0.996253,10.962359,2.926040,1.319404,0.693722,0.692393,1.270378,0.637579,0.660476,0.716674,0.695993,1.550205,1.195153,1.269689,0.800255,0.913793,1.224285,1.755744,1.338220,0.822730,0.997717,1.478641,1.360495,1.757389,0.718284,1.119407,1.612411,1.000772,2.233173,0.752124,1.475894,14.435031,4.851211,4.129035,2.289037,2.061312,2.958940,1.524691,1.378052,2.056909,1.721496,25.655025,3.440431,1.700496,1.428619,1.531325,3.921897,1.586651,1.079427,1.815675,1.763516
1676060300.625700,1676060300.626130,47.000000,0.000000,4323.077148,4330.897461,4331.153809,4347.436035,4261.025879,4307.307617,4308.461426,4323.589844,4309.871582,4307.051270,4467.436035,4516.922852,4397.051270,4446.538574,0.000000,4.000000,85.000000,,,,0.000000,4.000000,4.000000,4.000000,4.000000,4.000000,4.000000,4.000000,4.000000,4.000000,4.000000,4.000000,4.000000,4.000000,4.000000,100.000000,,,,,,,,,,,,,,,,,,,,,,,,,,,,,,,,,,,,,,,,,,,,,,,,,,,,,,,,,,,,,,,,,,,,,,,,,,,,,,,,,,,,,,
1676060300.633508,1676060300.633839,48.000000,0.000000,4310.641113,4313.717773,4316.794922,4328.846191,4247.820313,4293.333496,4289.358887,4312.051270,4295.641113,4284.102539,4449.615234,4494.487305,4376.025879,4425.897461,0.000000,4.000000,85.000000,,,,0.000000,4.000000,4.000000,4.000000,4.000000,4.000000,4.000000,4.000000,4.000000,4.000000,4.000000,4.000000,4.000000,4.000000,4.000000,100.000000,,,,,,,,,,,,,,,,,,,,,,,,,,,,,,,,,,,,,,,,,,,,,,,,,,,,,,,,,,,,,,,,,,,,,,,,,,,,,,,,,,,,,,
1676060300.641317,1676060300.641747,49.000000,0.000000,4304.102539,4306.922852,4306.666504,4319.615234,4243.717773,4282.436035,4283.974121,4308.333496,4291.282227,4271.153809,4436.538574,4480.641113,4358.717773,4402.436035,0.000000,4.000000,85.000000,,,,0.000000,4.000000,4.000000,4.000000,4.000000,4.000000,4.000000,4.000000,4.000000,4.000000,4.000000,4.000000,4.000000,4.000000,4.000000,100.000000,,,,,,,,,,,,,,,,,,,,,,,,,,,,,,,,,,,,,,,,,,,,,,,,,,,,,,,,,,,,,,,,,,,,,,,,,,,,,,,,,,,,,,
1676060300.649125,1676060300.649555,50.000000,0.000000,4298.077148,4309.230957,4308.717773,4323.589844,4248.974121,4290.128418,4291.922852,4310.512695,4292.051270,4277.436035,4443.077148,4483.077148,4360.256348,4403.974121,0.000000,4.000000,85.000000,,,,0.000000,4.000000,4.000000,4.000000,4.000000,4.000000,4.000000,4.000000,4.000000,4.000000,4.000000,4.000000,4.000000,4.000000,4.000000,100.000000,,,,,,,,,,,,,,,,,,,,,,,,,,,,,,,,,,,,,,,,,,,,,,,,,,,,,,,,,,,,,,,,,,,,,,,,,,,,,,,,,,,,,,
1676060300.656933,1676060300.657464,51.000000,0.000000,4301.538574,4315.512695,4316.794922,4329.487305,4258.717773,4306.794922,4300.384766,4315.897461,4293.205078,4286.666504,4453.974121,4488.461426,4371.922852,4419.871582,0.000000,4.000000,85.000000,,,,0.000000,4.000000,4.000000,4.000000,4.000000,4.000000,4.000000,4.000000,4.000000,4.000000,4.000000,4.000000,4.000000,4.000000,4.000000,100.000000,,,,,,,,,,,,,,,,,,,,,,,,,,,,,,,,,,,,,,,,,,,,,,,,,,,,,,,,,,,,,,,,,,,,,,,,,,,,,,,,,,,,,,
1676060300.664742,1676060300.665272,52.000000,0.000000,4308.717773,4318.846191,4321.666504,4328.333496,4262.051270,4306.410156,4299.230957,4321.410156,4296.666504,4294.615234,4460.769043,4490.128418,4381.153809,4420.641113,0.000000,4.000000,85.000000,,,,0.000000,4.000000,4.000000,4.000000,4.000000,4.000000,4.000000,4.000000,4.000000,4.000000,4.000000,4.000000,4.000000,4.000000,4.000000,100.000000,,,,,,,,,,,,,,,,,,,,,,,,,,,,,,,,,,,,,,,,,,,,,,,,,,,,,,,,,,,,,,,,,,,,,,,,,,,,,,,,,,,,,,
1676060300.672550,1676060300.673181,53.000000,0.000000,4296.922852,4304.230957,4303.333496,4310.384766,4250.128418,4290.769043,4284.615234,4310.512695,4285.384766,4279.358887,4445.897461,4476.153809,4367.051270,4399.487305,0.000000,4.000000,85.000000,,,,0.000000,4.000000,4.000000,4.000000,4.000000,4.000000,4.000000,4.000000,4.000000,4.000000,4.000000,4.000000,4.000000,4.000000,4.000000,100.000000,,,,,,,,,,,,,,,,,,,,,,,,,,,,,,,,,,,,,,,,,,,,,,,,,,,,,,,,,,,,,,,,,,,,,,,,,,,,,,,,,,,,,,
1676060300.680359,1676060300.680989,54.000000,0.000000,4290.000000,4291.922852,4291.153809,4301.538574,4243.846191,4292.051270,4284.230957,4305.000000,4280.897461,4259.743652,4428.205078,4467.692383,4348.205078,4392.307617,0.000000,4.000000,85.000000,,,,0.000000,4.000000,4.000000,4.000000,4.000000,4.000000,4.000000,4.000000,4.000000,4.000000,4.000000,4.000000,4.000000,4.000000,4.000000,100.000000,,,,,,,,,,,,,,,,,,,,,,,,,,,,,,,,,,,,,,,,,,,,,,,,,,,,,,,,,,,,,,,,,,,,,,,,,,,,,,,,,,,,,,
1676060300.688167,1676060300.688897,55.000000,0.000000,4298.589844,4302.692383,4305.128418,4311.410156,4251.922852,4302.820313,4298.589844,4313.205078,4293.589844,4263.077148,4433.974121,4477.563965,4350.000000,4407.563965,0.000000,4.000000,85.000000,,,,0.000000,4.000000,4.000000,4.000000,4.000000,4.000000,4.000000,4.000000,4.000000,4.000000,4.000000,4.000000,4.000000,4.000000,4.000000,100.000000,,,,,,,,,,,,,,,,,,,,,,,,,,,,,,,,,,,,,,,,,,,,,,,,,,,,,,,,,,,,,,,,,,,,,,,,,,,,,,,,,,,,,,
1676060300.695975,1676060300.696706,56.000000,0.000000,4296.282227,4318.846191,4310.512695,4314.102539,4258.205078,4293.846191,4295.769043,4311.025879,4289.358887,4266.153809,4439.230957,4476.666504,4353.205078,4428.717773,0.000000,4.000000,85.000000,,,,0.000000,4.000000,4.000000,4.000000,4.000000,4.000000,4.000000,4.000000,4.000000,4.000000,4.000000,4.000000,4.000000,4.000000,4.000000,100.000000,,,,,,,,,,,,,,,,,,,,,,,,,,,,,,,,,,,,,,,,,,,,,,,,,,,,,,,,,,,,,,,,,,,,,,,,,,,,,,,,,,,,,,
1676060300.703784,1676060300.704614,57.000000,0.000000,4305.256348,4330.128418,4314.358887,4320.897461,4268.077148,4291.538574,4291.794922,4314.615234,4289.102539,4279.743652,4446.153809,4482.179688,4362.436035,4491.410156,0.000000,4.000000,85.000000,,,,0.000000,4.000000,4.000000,4.000000,4.000000,4.000000,4.000000,4.000000,4.000000,4.000000,4.000000,4.000000,4.000000,4.000000,4.000000,100.000000,,,,,,,,,,,,,,,,,,,,,,,,,,,,,,,,,,,,,,,,,,,,,,,,,,,,,,,,,,,,,,,,,,,,,,,,,,,,,,,,,,,,,,
1676060300.711592,1676060300.712523,58.000000,0.000000,4329.743652,4343.461426,4335.897461,4339.743652,4283.589844,4307.948730,4303.333496,4327.820313,4308.846191,4300.769043,4461.410156,4503.205078,4378.333496,4588.461426,0.000000,4.000000,85.000000,,,,0.000000,4.000000,4.000000,4.000000,4.000000,4.000000,4.000000,4.000000,4.000000,4.000000,4.000000,4.000000,4.000000,4.000000,4.000000,100.000000,,,,,,,,,,,,,,,,,,,,,,,,,,,,,,,,,,,,,,,,,,,,,,,,,,,,,,,,,,,,,,,,,,,,,,,,,,,,,,,,,,,,,,
1676060300.719401,1676060300.720331,59.000000,0.000000,4323.846191,4345.128418,4334.230957,4338.333496,4282.563965,4299.743652,4292.820313,4312.820313,4299.102539,4283.717773,4446.410156,4491.153809,4360.256348,4667.692383,0.000000,4.000000,85.000000,,,,0.000000,4.000000,4.000000,4.000000,4.000000,4.000000,4.000000,4.000000,4.000000,4.000000,4.000000,4.000000,4.000000,4.000000,4.000000,100.000000,,,,,,,,,,,,,,,,,,,,,,,,,,,,,,,,,,,,,,,,,,,,,,,,,,,,,,,,,,,,,,,,,,,,,,,,,,,,,,,,,,,,,,
1676060300.727209,1676060300.728139,60.000000,0.000000,4305.897461,4338.077148,4313.077148,4325.384766,4277.820313,4280.512695,4272.563965,4291.153809,4269.102539,4255.769043,4416.794922,4467.820313,4331.794922,4737.820313,0.000000,4.000000,85.000000,,,,0.000000,4.000000,4.000000,4.000000,4.000000,4.000000,4.000000,4.000000,4.000000,4.000000,4.000000,4.000000,4.000000,4.000000,4.000000,100.000000,,,,,,,,,,,,,,,,,,,,,,,,,,,,,,,,,,,,,,,,,,,,,,,,,,,,,,,,,,,,,,,,,,,,,,,,,,,,,,,,,,,,,,
1676060300.735017,1676060300.735848,61.000000,0.000000,4312.179688,4346.922852,4317.051270,4332.563965,4292.563965,4289.102539,4283.589844,4301.922852,4271.666504,4260.897461,4418.717773,4476.153809,4333.974121,4769.615234,0.000000,4.000000,85.000000,,,,0.000000,4.000000,4.000000,4.000000,4.000000,4.000000,4.000000,4.000000,4.000000,4.000000,4.000000,4.000000,4.000000,4.000000,4.000000,100.000000,,,,,,,,,,,,,,,,,,,,,,,,,,,,,,,,,,,,,,,,,,,,,,,,,,,,,,,,,,,,,,,,,,,,,,,,,,,,,,,,,,,,,,
1676060300.742826,1676060300.743656,62.000000,0.000000,4318.974121,4360.384766,4324.230957,4340.512695,4306.282227,4299.102539,4297.692383,4314.615234,4286.282227,4266.922852,4428.589844,4481.538574,4340.384766,4722.307617,0.000000,4.000000,85.000000,,,,0.000000,4.000000,4.000000,4.000000,4.000000,4.000000,4.000000,4.000000,4.000000,4.000000,4.000000,4.000000,4.000000,4.000000,4.000000,100.000000,,,,,,,,,,,,,,,,,1.833054,1.301079,1.413341,1.310153,1.361272,36.662613,3.221273,1.696542,1.600778,1.252823,2.152608,1.038696,1.366041,1.624220,1.104623,8.183132,1.955444,1.456752,1.307339,1.028016,15.560042,3.844345,1.579190,0.673828,0.740360,1.390538,0.612150,0.762160,0.681782,0.709589,1.235686,0.956613,1.111733,0.715281,0.926846,1.494496,1.474552,1.618898,0.751849,0.990977,1.594733,1.227644,2.181330,0.678828,1.119185,2.128062,0.937287,2.512095,0.765908,1.634526,22.049995,4.048657,3.524980,1.828747,2.144329,4.304221,1.222846,1.427207,1.755962,1.806078,40.111221,4.152120,2.044590,1.253561,1.594156,5.579627,1.531540,1.162774,1.559081,1.877162
1676060300.750634,1676060300.751365,63.000000,0.000000,4322.692383,4374.102539,4325.384766,4344.871582,4317.563965,4297.563965,4297.692383,4315.512695,4291.153809,4263.205078,4430.897461,4481.282227,4342.692383,4674.615234,0.000000,4.000000,85.000000,,,,0.000000,4.000000,4.000000,4.000000,4.000000,4.000000,4.000000,4.000000,4.000000,4.000000,4.000000,4.000000,4.000000,4.000000,4.000000,100.000000,,,,,,,,,,,,,,,,,,,,,,,,,,,,,,,,,,,,,,,,,,,,,,,,,,,,,,,,,,,,,,,,,,,,,,,,,,,,,,,,,,,,,,
1676060300.758442,1676060300.759173,64.000000,0.000000,4327.948730,4380.000000,4326.666504,4350.897461,4331.794922,4304.615234,4299.743652,4319.230957,4292.692383,4277.051270,4432.820313,4488.846191,4344.615234,4660.384766,2523.000000,4.000000,85.000000,,,,0.000000,4.000000,4.000000,4.000000,4.000000,4.000000,4.000000,4.000000,4.000000,4.000000,4.000000,4.000000,4.000000,4.000000,4.000000,100.000000,,,,,,,,,,,,,,,,,,,,,,,,,,,,,,,,,,,,,,,,,,,,,,,,,,,,,,,,,,,,,,,,,,,,,,,,,,,,,,,,,,,,,,
1676060300.766251,1676060300.766882,65.000000,0.000000,4308.333496,4354.358887,4307.563965,4330.769043,4326.025879,4301.922852,4291.282227,4305.000000,4276.410156,4276.025879,4407.051270,4462.820313,4319.743652,4608.333496,2469.000000,4.000000,85.000000,,,,0.000000,4.000000,4.000000,4.000000,4.000000,4.000000,4.000000,4.000000,4.000000,4.000000,4.000000,4.000000,4.000000,4.000000,4.000000,100.000000,,,,,,,,,,,,,,,,,,,,,,,,,,,,,,,,,,,,,,,,,,,,,,,,,,,,,,,,,,,,,,,,,,,,,,,,,,,,,,,,,,,,,,
1676060300.774059,1676060300.774790,66.000000,0.000000,4291.922852,4334.615234,4295.128418,4312.051270,4319.358887,4291.153809,4275.512695,4293.333496,4264.487305,4254.358887,4387.820313,4439.358887,4304.743652,4562.820313,2408.000000,4.000000,85.000000,,,,0.000000,4.000000,4.000000,4.000000,4.000000,4.000000,4.000000,4.000000,4.000000,4.000000,4.000000,4.000000,4.000000,4.000000,4.000000,100.000000,,,,,,,,,,,,,,,,,,,,,,,,,,,,,,,,,,,,,,,,,,,,,,,,,,,,,,,,,,,,,,,,,,,,,,,,,,,,,,,,,,,,,,
1676060300.781868,1676060300.782599,67.000000,0.000000,4307.563965,4354.743652,4309.230957,4327.948730,4337.436035,4294.615234,4278.205078,4311.410156,4279.743652,4262.692383,4411.410156,4465.641113,4329.102539,4575.897461,2458.000000,4.000000,85.000000,,,,0.000000,4.000000,4.000000,4.000000,4.000000,4.000000,4.000000,4.000000,4.000000,4.000000,4.000000,4.000000,4.000000,4.000000,4.000000,100.000000,,,,,,,,,,,,,,,,,,,,,,,,,,,,,,,,,,,,,,,,,,,,,,,,,,,,,,,,,,,,,,,,,,,,,,,,,,,,,,,,,,,,,,
1676060300.789676,1676060300.790507,68.000000,0.000000,4304.487305,4348.974121,4302.948730,4327.948730,4346.794922,4289.615234,4280.128418,4317.820313,4285.769043,4273.717773,4416.538574,4474.487305,4330.000000,4564.358887,2426.000000,4.000000,85.000000,,,,0.000000,4.000000,4.000000,4.000000,4.000000,4.000000,4.000000,4.000000,4.000000,4.000000,4.000000,4.000000,4.000000,4.000000,4.000000,100.000000,,,,,,,,,,,,,,,,,,,,,,,,,,,,,,,,,,,,,,,,,,,,,,,,,,,,,,,,,,,,,,,,,,,,,,,,,,,,,,,,,,,,,,
1676060300.797484,1676060300.798316,69.000000,0.000000,4284.102539,4308.974121,4284.230957,4302.051270,4341.538574,4280.128418,4272.692383,4305.256348,4274.871582,4252.563965,4398.333496,4454.230957,4308.974121,4526.538574,2369.000000,4.000000,85.000000,,,,0.000000,4.000000,4.000000,4.000000,4.000000,4.000000,4.000000,4.000000,4.000000,4.000000,4.000000,4.000000,4.000000,4.000000,4.000000,100.000000,,,,,,,,,,,,,,,,,,,,,,,,,,,,,,,,,,,,,,,,,,,,,,,,,,,,,,,,,,,,,,,,,,,,,,,,,,,,,,,,,,,,,,
1676060300.805293,1676060300.806124,70.000000,0.000000,4299.871582,4312.948730,4301.922852,4306.025879,4355.000000,4288.333496,4277.563965,4317.948730,4279.615234,4247.051270,4415.384766,4473.333496,4329.102539,4535.128418,2229.000000,4.000000,85.000000,,,,0.000000,4.000000,4.000000,4.000000,4.000000,4.000000,4.000000,4.000000,4.000000,4.000000,4.000000,4.000000,4.000000,4.000000,4.000000,100.000000,,,,,,,,,,,,,,,,,,,,,,,,,,,,,,,,,,,,,,,,,,,,,,,,,,,,,,,,,,,,,,,,,,,,,,,,,,,,,,,,,,,,,,
1676060300.813101,1676060300.813833,71.000000,0.000000,4311.666504,4330.897461,4314.358887,4318.589844,4370.512695,4287.436035,4280.897461,4329.230957,4281.922852,4263.717773,4429.487305,4492.436035,4345.000000,4546.538574,2217.000000,4.000000,85.000000,,,,0.000000,4.000000,4.000000,4.000000,4.000000,4.000000,4.000000,4.000000,4.000000,4.000000,4.000000,4.000000,4.000000,4.000000,4.000000,100.000000,,,,,,,,,,,,,,,,,,,,,,,,,,,,,,,,,,,,,,,,,,,,,,,,,,,,,,,,,,,,,,,,,,,,,,,,,,,,,,,,,,,,,,
1676060300.820909,1676060300.821641,72.000000,0.000000,4306.922852,4329.230957,4315.897461,4321.922852,4384.358887,4286.153809,4288.205078,4329.102539,4284.358887,4277.948730,4428.974121,4494.358887,4341.025879,4538.717773,2282.000000,4.000000,85.000000,,,,0.000000,4.000000,4.000000,4.000000,4.000000,4.000000,4.000000,4.000000,4.000000,4.000000,4.000000,4.000000,4.000000,4.000000,4.000000,100.000000,,,,,,,,,,,,,,,,,,,,,,,,,,,,,,,,,,,,,,,,,,,,,,,,,,,,,,,,,,,,,,,,,,,,,,,,,,,,,,,,,,,,,,
1676060300.828718,1676060300.829350,73.000000,0.000000,4320.512695,4337.051270,4331.282227,4331.025879,4402.179688,4291.538574,4296.922852,4341.025879,4297.948730,4284.102539,4446.794922,4505.897461,4353.974121,4539.743652,2257.000000,4.000000,85.000000,,,,0.000000,4.000000,4.000000,4.000000,4.000000,4.000000,4.000000,4.000000,4.000000,4.000000,4.000000,4.000000,4.000000,4.000000,4.000000,100.000000,,,,,,,,,,,,,,,,,,,,,,,,,,,,,,,,,,,,,,,,,,,,,,,,,,,,,,,,,,,,,,,,,,,,,,,,,,,,,,,,,,,,,,
1676060300.836526,1676060300.837258,74.000000,0.000000,4323.461426,4336.538574,4325.384766,4323.846191,4402.948730,4283.333496,4286.538574,4339.102539,4291.666504,4275.897461,4446.025879,4501.794922,4356.025879,4527.563965,2722.000000,4.000000,85.000000,,,,0.000000,4.000000,4.000000,4.000000,4.000000,4.000000,4.000000,4.000000,4.000000,4.000000,4.000000,4.000000,4.000000,4.000000,4.000000,100.000000,,,,,,,,,,,,,,,,,,,,,,,,,,,,,,,,,,,,,,,,,,,,,,,,,,,,,,,,,,,,,,,,,,,,,,,,,,,,,,,,,,,,,,
1676060300.844334,1676060300.845066,75.000000,0.000000,4305.897461,4323.205078,4309.102539,4309.102539,4405.512695,4283.717773,4285.641113,4328.461426,4281.538574,4267.436035,4427.820313,4487.563965,4341.666504,4509.615234,2909.000000,4.000000,85.000000,,,,0.000000,4.000000,4.000000,4.000000,4.000000,4.000000,4.000000,4.000000,4.000000,4.000000,4.000000,4.000000,4.000000,4.000000,4.000000,100.000000,,,,,,,,,,,,,,,,,,,,,,,,,,,,,,,,,,,,,,,,,,,,,,,,,,,,,,,,,,,,,,,,,,,,,,,,,,,,,,,,,,,,,,
1676060300.852143,1676060300.852975,76.000000,0.000000,4297.692383,4318.974121,4307.179688,4310.641113,4421.538574,4301.153809,4294.487305,4331.025879,4282.563965,4259.871582,4420.128418,4477.692383,4331.794922,4497.948730,3134.000000,4.000000,85.000000,,,,0.000000,4.000000,4.000000,4.000000,4.000000,4.000000,4.000000,4.000000,4.000000,4.000000,4.000000,4.000000,4.000000,4.000000,4.000000,100.000000,,,,,,,,,,,,,,,,,,,,,,,,,,,,,,,,,,,,,,,,,,,,,,,,,,,,,,,,,,,,,,,,,,,,,,,,,,,,,,,,,,,,,,
1676060300.859951,1676060300.860783,77.000000,0.000000,4295.769043,4320.897461,4305.000000,4313.589844,4429.102539,4306.153809,4287.051270,4330.769043,4273.846191,4247.307617,4409.230957,4462.307617,4318.717773,4472.692383,3241.000000,4.000000,85.000000,,,,0.000000,4.000000,4.000000,4.000000,4.000000,4.000000,4.000000,4.000000,4.000000,4.000000,4.000000,4.000000,4.000000,4.000000,4.000000,100.000000,,,,,,,,,,,,,,,,,,,,,,,,,,,,,,,,,,,,,,,,,,,,,,,,,,,,,,,,,,,,,,,,,,,,,,,,,,,,,,,,,,,,,,
1676060300.867760,1676060300.868691,78.000000,0.000000,4280.897461,4316.538574,4290.512695,4301.282227,4432.563965,4305.641113,4279.358887,4321.922852,4258.333496,4239.230957,4394.487305,4451.410156,4306.025879,4449.487305,2722.000000,4.000000,85.000000,,,,0.000000,4.000000,4.000000,4.000000,4.000000,4.000000,4.000000,4.000000,4.000000,4.000000,4.000000,4.000000,4.000000,4.000000,4.000000,100.000000,1.000000,41.666668,4.000000,4.000000,3.000000,4.000000,1.000000,4.000000,4.000000,4.000000,4.000000,3.000000,3.000000,3.000000,3.000000,1.000000,1.970192,1.254767,1.355340,1.393982,1.450404,47.727383,4.243002,1.955169,1.687950,1.290552,2.331972,1.014470,1.380930,1.473425,1.184318,10.054000,2.561785,1.466421,1.368908,1.067569,19.408743,4.559019,1.753344,0.679751,0.770862,1.406903,0.600390,0.885957,0.640498,0.711987,1.078609,0.964615,1.007085,0.661415,0.962930,1.966991,1.366663,1.898188,0.739865,1.014272,1.727569,1.120032,2.462596,0.694630,1.132826,2.652512,0.857375,2.742176,0.799637,1.760718,30.074230,3.495871,3.240750,1.586492,2.217949,6.190357,1.051483,1.492675,1.578119,1.890273,53.410290,4.526180,2.425632,1.226308,1.650221,7.551018,1.650689,1.363842,1.451191,1.981721
1676060300.875568,1676060300.876500,79.000000,0.000000,4273.846191,4316.025879,4281.794922,4295.128418,4441.282227,4317.948730,4284.743652,4325.384766,4259.615234,4245.769043,4390.641113,4456.666504,4306.794922,4453.333496,2909.000000,4.000000,85.000000,,,,0.000000,4.000000,4.000000,4.000000,4.000000,4.000000,4.000000,4.000000,4.000000,4.000000,4.000000,4.000000,4.000000,4.000000,4.000000,100.000000,,,,,,,,,,,,,,,,,,,,,,,,,,,,,,,,,,,,,,,,,,,,,,,,,,,,,,,,,,,,,,,,,,,,,,,,,,,,,,,,,,,,,,
1676060300.883376,1676060300.884408,80.000000,0.000000,4283.589844,4324.358887,4285.000000,4304.230957,4445.769043,4320.512695,4282.692383,4338.333496,4272.820313,4254.615234,4397.563965,4461.410156,4311.794922,4457.307617,3134.000000,4.000000,85.000000,,,,0.000000,4.000000,4.000000,4.000000,4.000000,4.000000,4.000000,4.000000,4.000000,4.000000,4.000000,4.000000,4.000000,4.000000,4.000000,100.000000,,,,,,,,,,,,,,,,,,,,,,,,,,,,,,,,,,,,,,,,,,,,,,,,,,,,,,,,,,,,,,,,,,,,,,,,,,,,,,,,,,,,,,
1676060300.891185,1676060300.892217,81.000000,0.000000,4289.487305,4322.948730,4291.538574,4306.538574,4447.948730,4313.461426,4276.922852,4343.077148,4279.871582,4256.282227,4406.538574,4461.410156,4316.025879,4445.384766,3241.000000,4.000000,85.000000,,,,0.000000,4.000000,4.000000,4.000000,4.000000,4.000000,4.000000,4.000000,4.000000,4.000000,4.000000,4.000000,4.000000,4.000000,4.000000,100.000000,,,,,,,,,,,,,,,,,,,,,,,,,,,,,,,,,,,,,,,,,,,,,,,,,,,,,,,,,,,,,,,,,,,,,,,,,,,,,,,,,,,,,,
1676060300.898993,1676060300.900025,82.000000,0.000000,4287.820313,4313.974121,4294.487305,4301.153809,4458.205078,4319.230957,4279.871582,4345.769043,4279.102539,4254.615234,4412.692383,4466.666504,4324.358887,4444.358887,2722.000000,4.000000,85.000000,,,,0.000000,4.000000,4.000000,4.000000,4.000000,4.000000,4.000000,4.000000,4.000000,4.000000,4.000000,4.000000,4.000000,4.000000,4.000000,100.000000,,,,,,,,,,,,,,,,,,,,,,,,,,,,,,,,,,,,,,,,,,,,,,,,,,,,,,,,,,,,,,,,,,,,,,,,,,,,,,,,,,,,,,
1676060300.906802,1676060300.907934,83.000000,0.000000,4291.153809,4318.077148,4293.205078,4305.128418,4468.589844,4333.846191,4281.538574,4349.487305,4277.179688,4257.820313,4416.538574,4475.384766,4330.641113,4454.230957,2909.000000,4.000000,85.000000,,,,0.000000,4.000000,4.000000,4.000000,4.000000,4.000000,4.000000,4.000000,4.000000,4.000000,4.000000,4.000000,4.000000,4.000000,4.000000,100.000000,,,,,,,,,,,,,,,,,,,,,,,,,,,,,,,,,,,,,,,,,,,,,,,,,,,,,,,,,,,,,,,,,,,,,,,,,,,,,,,,,,,,,,
1676060300.914610,1676060300.915742,84.000000,0.000000,4305.769043,4331.025879,4303.974121,4318.846191,4474.871582,4336.282227,4282.436035,4352.948730,4284.230957,4274.743652,4429.871582,4488.717773,4343.589844,4463.589844,3134.000000,4.000000,85.000000,,,,0.000000,4.000000,4.000000,4.000000,4.000000,4.000000,4.000000,4.000000,4.000000,4.000000,4.000000,4.000000,4.000000,4.000000,4.000000,100.000000,,,,,,,,,,,,,,,,,,,,,,,,,,,,,,,,,,,,,,,,,,,,,,,,,,,,,,,,,,,,,,,,,,,,,,,,,,,,,,,,,,,,,,
1676060300.922418,1676060300.923550,85.000000,0.000000,4311.922852,4326.666504,4311.922852,4318.461426,4481.794922,4323.846191,4273.205078,4349.358887,4281.538574,4269.743652,4436.538574,4492.948730,4350.256348,4463.717773,3241.000000,4.000000,85.000000,,,,0.000000,4.000000,4.000000,4.000000,4.000000,4.000000,4.000000,4.000000,4.000000,4.000000,4.000000,4.000000,4.000000,4.000000,4.000000,100.000000,,,,,,,,,,,,,,,,,,,,,,,,,,,,,,,,,,,,,,,,,,,,,,,,,,,,,,,,,,,,,,,,,,,,,,,,,,,,,,,,,,,,,,
1676060300.930227,1676060300.931259,86.000000,0.000000,4311.666504,4323.589844,4308.589844,4315.000000,4490.256348,4326.538574,4265.769043,4346.025879,4269.102539,4250.128418,4431.025879,4491.666504,4342.563965,4457.179688,2722.000000,4.000000,85.000000,,,,0.000000,4.000000,4.000000,4.000000,4.000000,4.000000,4.000000,4.000000,4.000000,4.000000,4.000000,4.000000,4.000000,4.000000,4.000000,100.000000,,,,,,,,,,,,,,,,,,,,,,,,,,,,,,,,,,,,,,,,,,,,,,,,,,,,,,,,,,,,,,,,,,,,,,,,,,,,,,,,,,,,,,
1676060300.938035,1676060300.939067,87.000000,0.000000,4310.512695,4327.820313,4306.538574,4316.538574,4493.333496,4336.282227,4271.666504,4347.179688,4273.205078,4255.128418,4430.897461,4495.000000,4341.794922,4450.769043,2909.000000,4.000000,85.000000,,,,0.000000,4.000000,4.000000,4.000000,4.000000,4.000000,4.000000,4.000000,4.000000,4.000000,4.000000,4.000000,4.000000,4.000000,4.000000,100.000000,,,,,,,,,,,,,,,,,,,,,,,,,,,,,,,,,,,,,,,,,,,,,,,,,,,,,,,,,,,,,,,,,,,,,,,,,,,,,,,,,,,,,,
1676060300.945844,1676060300.946776,88.000000,0.000000,4301.153809,4318.589844,4301.794922,4311.794922,4489.487305,4333.461426,4277.436035,4346.410156,4277.692383,4263.974121,4428.589844,4491.282227,4340.641113,4442.692383,3134.000000,4.000000,85.000000,,,,0.000000,4.000000,4.000000,4.000000,4.000000,4.000000,4.000000,4.000000,4.000000,4.000000,4.000000,4.000000,4.000000,4.000000,4.000000,100.000000,,,,,,,,,,,,,,,,,,,,,,,,,,,,,,,,,,,,,,,,,,,,,,,,,,,,,,,,,,,,,,,,,,,,,,,,,,,,,,,,,,,,,,
1676060300.953652,1676060300.954584,89.000000,0.000000,4301.538574,4320.897461,4308.205078,4314.615234,4502.436035,4339.615234,4288.846191,4361.794922,4281.153809,4270.512695,4429.871582,4494.102539,4338.205078,4443.461426,3241.000000,4.000000,85.000000,,,,0.000000,4.000000,4.000000,4.000000,4.000000,4.000000,4.000000,4.000000,4.000000,4.000000,4.000000,4.000000,4.000000,4.000000,4.000000,100.000000,,,,,,,,,,,,,,,,,,,,,,,,,,,,,,,,,,,,,,,,,,,,,,,,,,,,,,,,,,,,,,,,,,,,,,,,,,,,,,,,,,,,,,
1676060300.961460,1676060300.962293,90.000000,0.000000,4313.717773,4328.461426,4321.666504,4320.512695,4523.846191,4352.563965,4304.358887,4380.641113,4293.974121,4279.487305,4446.794922,4508.846191,4350.128418,4451.538574,2722.000000,4.000000,85.000000,,,,0.000000,4.000000,4.000000,4.000000,4.000000,4.000000,4.000000,4.000000,4.000000,4.000000,4.000000,4.000000,4.000000,4.000000,4.000000,100.000000,,,,,,,,,,,,,,,,,,,,,,,,,,,,,,,,,,,,,,,,,,,,,,,,,,,,,,,,,,,,,,,,,,,,,,,,,,,,,,,,,,,,,,
1676060300.969269,1676060300.970101,91.000000,0.000000,4309.871582,4312.179688,4312.179688,4307.948730,4519.615234,4348.333496,4300.000000,4376.025879,4295.256348,4272.179688,4448.974121,4505.128418,4358.077148,4442.179688,2909.000000,4.000000,85.000000,,,,0.000000,4.000000,4.000000,4.000000,4.000000,4.000000,4.000000,4.000000,4.000000,4.000000,4.000000,4.000000,4.000000,4.000000,4.000000,100.000000,,,,,,,,,,,,,,,,,,,,,,,,,,,,,,,,,,,,,,,,,,,,,,,,,,,,,,,,,,,,,,,,,,,,,,,,,,,,,,,,,,,,,,
1676060300.977077,1676060300.977810,92.000000,0.000000,4290.769043,4292.051270,4292.692383,4292.436035,4511.410156,4338.974121,4281.794922,4363.974121,4281.666504,4259.743652,4429.358887,4486.410156,4346.922852,4421.410156,3134.000000,4.000000,85.000000,,,,0.000000,4.000000,4.000000,4.000000,4.000000,4.000000,4.000000,4.000000,4.000000,4.000000,4.000000,4.000000,4.000000,4.000000,4.000000,100.000000,,,,,,,,,,,,,,,,,,,,,,,,,,,,,,,,,,,,,,,,,,,,,,,,,,,,,,,,,,,,,,,,,,,,,,,,,,,,,,,,,,,,,,
1676060300.984886,1676060300.985618,93.000000,0.000000,4284.358887,4283.461426,4295.128418,4291.025879,4520.128418,4341.282227,4279.230957,4361.025879,4274.615234,4261.922852,4424.230957,4482.436035,4344.358887,4417.563965,3241.000000,4.000000,85.000000,,,,0.000000,4.000000,4.000000,4.000000,4.000000,4.000000,4.000000,4.000000,4.000000,4.000000,4.000000,4.000000,4.000000,4.000000,4.000000,100.000000,,,,,,,,,,,,,,,,,,,,,,,,,,,,,,,,,,,,,,,,,,,,,,,,,,,,,,,,,,,,,,,,,,,,,,,,,,,,,,,,,,,,,,
1676060300.992694,1676060300.993327,94.000000,0.000000,4295.384766,4281.922852,4306.282227,4294.871582,4527.563965,4343.846191,4288.333496,4361.666504,4280.512695,4262.692383,4442.820313,4491.922852,4363.205078,4432.307617,2722.000000,4.000000,85.000000,,,,0.000000,4.000000,4.000000,4.000000,4.000000,4.000000,4.000000,4.000000,4.000000,4.000000,4.000000,4.000000,4.000000,4.000000,4.000000,100.000000,,,,,,,,,,,,,,,,,2.103394,1.313679,1.273710,1.522419,1.510778,53.563972,4.892904,2.128681,1.820506,1.321525,2.389930,1.150861,1.328160,1.387213,1.264491,10.857560,3.201206,1.424112,1.493946,1.099544,20.592739,4.836460,1.770939,0.712870,0.775970,1.313831,0.612574,1.006410,0.599367,0.702823,1.088235,1.191347,0.958636,0.651355,1.003838,2.605774,1.419161,2.063103,0.798488,1.053572,1.903202,1.071649,2.484044,0.773501,1.135529,3.080210,0.774648,2.811220,0.858882,1.800679,36.236717,3.180858,3.172533,1.626794,2.250482,8.298217,1.043731,1.524567,1.551480,1.938923,61.594009,4.454931,2.716118,1.367736,1.681014,11.827822,2.989812,1.879340,1.566024,2.033400
1676060301.000502,1676060301.001135,95.000000,0.000000,4310.641113,4289.358887,4310.641113,4304.871582,4524.358887,4340.512695,4292.051270,4368.461426,4287.692383,4270.256348,4462.436035,4505.769043,4383.205078,4448.589844,2909.000000,4.000000,85.000000,,,,0.000000,4.000000,4.000000,4.000000,4.000000,4.000000,4.000000,4.000000,4.000000,4.000000,4.000000,4.000000,4.000000,4.000000,4.000000,100.000000,,,,,,,,,,,,,,,,,,,,,,,,,,,,,,,,,,,,,,,,,,,,,,,,,,,,,,,,,,,,,,,,,,,,,,,,,,,,,,,,,,,,,,
1676060301.008311,1676060301.008844,96.000000,0.000000,4321.666504,4298.589844,4320.512695,4320.512695,4524.487305,4337.051270,4294.743652,4381.538574,4297.820313,4295.384766,4484.871582,4526.794922,4407.179688,4464.230957,3134.000000,4.000000,85.000000,,,,0.000000,4.000000,4.000000,4.000000,4.000000,4.000000,4.000000,4.000000,4.000000,4.000000,4.000000,4.000000,4.000000,4.000000,4.000000,100.000000,,,,,,,,,,,,,,,,,,,,,,,,,,,,,,,,,,,,,,,,,,,,,,,,,,,,,,,,,,,,,,,,,,,,,,,,,,,,,,,,,,,,,,
1676060301.016119,1676060301.016652,97.000000,0.000000,4325.641113,4293.974121,4328.974121,4325.641113,4527.820313,4335.128418,4298.333496,4386.025879,4306.153809,4302.307617,4509.102539,4543.974121,4427.692383,4474.615234,3241.000000,4.000000,85.000000,,,,0.000000,4.000000,4.000000,4.000000,4.000000,4.000000,4.000000,4.000000,4.000000,4.000000,4.000000,4.000000,4.000000,4.000000,4.000000,100.000000,,,,,,,,,,,,,,,,,,,,,,,,,,,,,,,,,,,,,,,,,,,,,,,,,,,,,,,,,,,,,,,,,,,,,,,,,,,,,,,,,,,,,,
1676060301.023927,1676060301.024361,98.000000,0.000000,4328.205078,4297.563965,4329.230957,4327.820313,4523.333496,4332.307617,4296.794922,4384.230957,4307.051270,4295.897461,4514.487305,4546.666504,4426.538574,4476.666504,2722.000000,4.000000,85.000000,,,,0.000000,4.000000,4.000000,4.000000,4.000000,4.000000,4.000000,4.000000,4.000000,4.000000,4.000000,4.000000,4.000000,4.000000,4.000000,100.000000,,,,,,,,,,,,,,,,,,,,,,,,,,,,,,,,,,,,,,,,,,,,,,,,,,,,,,,,,,,,,,,,,,,,,,,,,,,,,,,,,,,,,,
1676060301.031736,1676060301.032269,99.000000,0.000000,4321.666504,4301.666504,4316.666504,4329.102539,4505.256348,4318.974121,4282.948730,4375.897461,4293.974121,4291.153809,4492.307617,4529.358887,4408.717773,4460.641113,2909.000000,4.000000,85.000000,,,,0.000000,4.000000,4.000000,4.000000,4.000000,4.000000,4.000000,4.000000,4.000000,4.000000,4.000000,4.000000,4.000000,4.000000,4.000000,100.000000,,,,,,,,,,,,,,,,,,,,,,,,,,,,,,,,,,,,,,,,,,,,,,,,,,,,,,,,,,,,,,,,,,,,,,,,,,,,,,,,,,,,,,
1676060301.039544,1676060301.040078,100.000000,0.000000,4302.436035,4286.794922,4299.871582,4326.922852,4489.358887,4310.769043,4275.128418,4364.615234,4279.102539,4280.512695,4463.846191,4509.871582,4388.077148,4429.487305,3134.000000,4.000000,85.000000,,,,0.000000,4.000000,4.000000,4.000000,4.000000,4.000000,4.000000,4.000000,4.000000,4.000000,4.000000,4.000000,4.000000,4.000000,4.000000,100.000000,,,,,,,,,,,,,,,,,,,,,,,,,,,,,,,,,,,,,,,,,,,,,,,,,,,,,,,,,,,,,,,,,,,,,,,,,,,,,,,,,,,,,,
1676060301.047352,1676060301.047986,101.000000,0.000000,4290.512695,4280.641113,4296.666504,4333.077148,4491.538574,4322.692383,4284.358887,4371.025879,4285.000000,4269.358887,4454.743652,4512.563965,4374.743652,4417.692383,3241.000000,4.000000,85.000000,,,,0.000000,4.000000,4.000000,4.000000,4.000000,4.000000,4.000000,4.000000,4.000000,4.000000,4.000000,4.000000,4.000000,4.000000,4.000000,100.000000,,,,,,,,,,,,,,,,,,,,,,,,,,,,,,,,,,,,,,,,,,,,,,,,,,,,,,,,,,,,,,,,,,,,,,,,,,,,,,,,,,,,,,
1676060301.055161,1676060301.055795,102.000000,0.000000,4272.179688,4273.717773,4275.897461,4318.717773,4480.128418,4321.538574,4277.179688,4361.666504,4274.615234,4243.974121,4426.538574,4491.794922,4339.487305,4392.692383,2722.000000,4.000000,85.000000,,,,0.000000,4.000000,4.000000,4.000000,4.000000,4.000000,4.000000,4.000000,4.000000,4.000000,4.000000,4.000000,4.000000,4.000000,4.000000,100.000000,,,,,,,,,,,,,,,,,,,,,,,,,,,,,,,,,,,,,,,,,,,,,,,,,,,,,,,,,,,,,,,,,,,,,,,,,,,,,,,,,,,,,,
1676060301.062969,1676060301.063703,103.000000,0.000000,4247.948730,4255.000000,4241.922852,4290.641113,4455.128418,4306.282227,4258.589844,4335.512695,4247.179688,4222.948730,4381.153809,4452.051270,4301.153809,4348.333496,2909.000000,4.000000,85.000000,,,,0.000000,4.000000,4.000000,4.000000,4.000000,4.000000,4.000000,4.000000,4.000000,4.000000,4.000000,4.000000,4.000000,4.000000,4.000000,100.000000,,,,,,,,,,,,,,,,,,,,,,,,,,,,,,,,,,,,,,,,,,,,,,,,,,,,,,,,,,,,,,,,,,,,,,,,,,,,,,,,,,,,,,
1676060301.070778,1676060301.071511,104.000000,0.000000,4266.666504,4265.256348,4260.512695,4308.846191,4461.153809,4311.794922,4272.563965,4353.589844,4266.538574,4254.358887,4407.051270,4478.333496,4328.333496,4368.461426,3134.000000,4.000000,85.000000,,,,0.000000,4.000000,4.000000,4.000000,4.000000,4.000000,4.000000,4.000000,4.000000,4.000000,4.000000,4.000000,4.000000,4.000000,4.000000,100.000000,,,,,,,,,,,,,,,,,,,,,,,,,,,,,,,,,,,,,,,,,,,,,,,,,,,,,,,,,,,,,,,,,,,,,,,,,,,,,,,,,,,,,,
1676060301.078586,1676060301.079420,105.000000,0.000000,4301.666504,4292.948730,4300.000000,4343.974121,4481.922852,4330.128418,4299.230957,4391.666504,4304.615234,4292.051270,4465.512695,4534.358887,4377.436035,4417.948730,3241.000000,4.000000,85.000000,,,,0.000000,4.000000,4.000000,4.000000,4.000000,4.000000,4.000000,4.000000,4.000000,4.000000,4.000000,4.000000,4.000000,4.000000,4.000000,100.000000,,,,,,,,,,,,,,,,,,,,,,,,,,,,,,,,,,,,,,,,,,,,,,,,,,,,,,,,,,,,,,,,,,,,,,,,,,,,,,,,,,,,,,
1676060301.086394,1676060301.087228,106.000000,0.000000,4289.230957,4288.717773,4289.871582,4337.307617,4472.820313,4331.922852,4299.871582,4382.436035,4294.358887,4274.487305,4455.000000,4522.307617,4366.282227,4404.871582,2722.000000,4.000000,85.000000,,,,0.000000,4.000000,4.000000,4.000000,4.000000,4.000000,4.000000,4.000000,4.000000,4.000000,4.000000,4.000000,4.000000,4.000000,4.000000,100.000000,,,,,,,,,,,,,,,,,,,,,,,,,,,,,,,,,,,,,,,,,,,,,,,,,,,,,,,,,,,,,,,,,,,,,,,,,,,,,,,,,,,,,,
1676060301.094203,1676060301.094937,107.000000,0.000000,4265.000000,4272.692383,4269.871582,4317.692383,4448.077148,4320.128418,4289.230957,4356.922852,4269.743652,4250.256348,4427.307617,4491.282227,4340.128418,4377.692383,2909.000000,4.000000,85.000000,,,,0.000000,4.000000,4.000000,4.000000,4.000000,4.000000,4.000000,4.000000,4.000000,4.000000,4.000000,4.000000,4.000000,4.000000,4.000000,100.000000,,,,,,,,,,,,,,,,,,,,,,,,,,,,,,,,,,,,,,,,,,,,,,,,,,,,,,,,,,,,,,,,,,,,,,,,,,,,,,,,,,,,,,
1676060301.102011,1676060301.102745,108.000000,0.000000,4287.307617,4283.717773,4287.948730,4328.846191,4443.717773,4316.025879,4290.000000,4366.666504,4282.948730,4268.461426,4463.077148,4517.820313,4363.461426,4401.153809,3134.000000,4.000000,85.000000,,,,0.000000,4.000000,4.000000,4.000000,4.000000,4.000000,4.000000,4.000000,4.000000,4.000000,4.000000,4.000000,4.000000,4.000000,4.000000,100.000000,,,,,,,,,,,,,,,,,,,,,,,,,,,,,,,,,,,,,,,,,,,,,,,,,,,,,,,,,,,,,,,,,,,,,,,,,,,,,,,,,,,,,,
1676060301.109820,1676060301.110454,109.000000,0.000000,4300.897461,4286.794922,4292.436035,4334.102539,4440.000000,4310.897461,4280.769043,4365.641113,4285.512695,4278.461426,4485.000000,4528.846191,4371.025879,4408.846191,3241.000000,4.000000,85.000000,,,,0.000000,4.000000,4.000000,4.000000,4.000000,4.000000,4.000000,4.000000,4.000000,4.000000,4.000000,4.000000,4.000000,4.000000,4.000000,100.000000,,,,,,,,,,,,,,,,,,,,,,,,,,,,,,,,,,,,,,,,,,,,,,,,,,,,,,,,,,,,,,,,,,,,,,,,,,,,,,,,,,,,,,
1676060301.117628,1676060301.118262,110.000000,0.000000,4273.077148,4267.820313,4270.000000,4312.692383,4417.179688,4297.307617,4258.589844,4335.897461,4256.410156,4247.820313,4452.436035,4491.538574,4339.102539,4378.717773,2722.000000,4.000000,85.000000,,,,0.000000,4.000000,4.000000,4.000000,4.000000,4.000000,4.000000,4.000000,4.000000,4.000000,4.000000,4.000000,4.000000,4.000000,4.000000,100.000000,,,,,,,,,,,,,,,,,2.286496,1.493220,1.148826,1.646001,1.507881,52.424648,4.955575,2.127695,1.946264,1.329271,2.378726,1.446612,1.189405,1.364502,1.319947,10.410987,3.640235,1.305119,1.639757,1.109784,18.713196,4.594027,1.620909,0.770983,0.754970,1.183785,0.639927,1.084131,0.571020,0.688463,1.224727,1.509246,0.939523,0.683947,1.028953,3.280570,1.543356,2.043930,0.908137,1.089583,2.095894,1.087241,2.240603,0.898752,1.111784,3.291332,0.716089,2.665859,0.950252,1.743136,38.548004,3.057209,3.123298,1.893489,2.219431,10.108768,1.275251,1.498991,1.636194,1.931150,61.941605,4.026117,2.821451,1.629500,1.675887,22.133192,7.476729,2.977330,1.933220,2.010545
1676060301.125436,1676060301.125971,111.000000,0.000000,4288.461426,4280.256348,4290.384766,4321.538574,4416.025879,4298.461426,4265.769043,4347.436035,4266.410156,4245.128418,4473.846191,4509.102539,4361.922852,4397.563965,2909.000000,4.000000,85.000000,,,,0.000000,4.000000,4.000000,4.000000,4.000000,4.000000,4.000000,4.000000,4.000000,4.000000,4.000000,4.000000,4.000000,4.000000,4.000000,100.000000,,,,,,,,,,,,,,,,,,,,,,,,,,,,,,,,,,,,,,,,,,,,,,,,,,,,,,,,,,,,,,,,,,,,,,,,,,,,,,,,,,,,,,
1676060301.133245,1676060301.133779,112.000000,0.000000,4351.794922,4327.692383,4345.128418,4371.538574,4444.871582,4317.307617,4299.615234,4396.922852,4317.820313,4301.410156,4554.615234,4585.000000,4435.384766,4465.128418,3134.000000,4.000000,85.000000,,,,0.000000,4.000000,4.000000,4.000000,4.000000,4.000000,4.000000,4.000000,4.000000,4.000000,4.000000,4.000000,4.000000,4.000000,4.000000,100.000000,,,,,,,,,,,,,,,,,,,,,,,,,,,,,,,,,,,,,,,,,,,,,,,,,,,,,,,,,,,,,,,,,,,,,,,,,,,,,,,,,,,,,,
1676060301.141053,1676060301.141488,113.000000,0.000000,4357.436035,4333.589844,4351.025879,4384.230957,4444.871582,4318.205078,4305.384766,4405.128418,4326.538574,4330.897461,4569.102539,4596.794922,4448.461426,4482.307617,3241.000000,4.000000,85.000000,,,,0.000000,4.000000,4.000000,4.000000,4.000000,4.000000,4.000000,4.000000,4.000000,4.000000,4.000000,4.000000,4.000000,4.000000,4.000000,100.000000,,,,,,,,,,,,,,,,,,,,,,,,,,,,,,,,,,,,,,,,,,,,,,,,,,,,,,,,,,,,,,,,,,,,,,,,,,,,,,,,,,,,,,
1676060301.148862,1676060301.149296,114.000000,0.000000,4301.794922,4287.436035,4303.461426,4339.102539,4407.179688,4298.846191,4276.538574,4370.256348,4283.333496,4292.820313,4503.589844,4534.615234,4390.512695,4425.000000,2722.000000,4.000000,85.000000,,,,0.000000,4.000000,4.000000,4.000000,4.000000,4.000000,4.000000,4.000000,4.000000,4.000000,4.000000,4.000000,4.000000,4.000000,4.000000,100.000000,,,,,,,,,,,,,,,,,,,,,,,,,,,,,,,,,,,,,,,,,,,,,,,,,,,,,,,,,,,,,,,,,,,,,,,,,,,,,,,,,,,,,,
1676060301.156670,1676060301.157005,115.000000,0.000000,4281.794922,4270.384766,4280.256348,4317.051270,4394.102539,4304.871582,4275.384766,4367.179688,4275.512695,4273.205078,4479.871582,4511.666504,4370.256348,4392.820313,2909.000000,4.000000,85.000000,,,,0.000000,4.000000,4.000000,4.000000,4.000000,4.000000,4.000000,4.000000,4.000000,4.000000,4.000000,4.000000,4.000000,4.000000,4.000000,100.000000,,,,,,,,,,,,,,,,,,,,,,,,,,,,,,,,,,,,,,,,,,,,,,,,,,,,,,,,,,,,,,,,,,,,,,,,,,,,,,,,,,,,,,
1676060301.164478,1676060301.164813,116.000000,0.000000,4288.461426,4282.563965,4288.589844,4326.666504,4402.051270,4322.179688,4298.205078,4385.897461,4299.102539,4290.384766,4503.717773,4529.743652,4396.153809,4409.871582,3134.000000,4.000000,85.000000,,,,0.000000,4.000000,4.000000,4.000000,4.000000,4.000000,4.000000,4.000000,4.000000,4.000000,4.000000,4.000000,4.000000,4.000000,4.000000,100.000000,,,,,,,,,,,,,,,,,,,,,,,,,,,,,,,,,,,,,,,,,,,,,,,,,,,,,,,,,,,,,,,,,,,,,,,,,,,,,,,,,,,,,,
1676060301.172287,1676060301.172522,117.000000,0.000000,4268.589844,4265.641113,4275.256348,4312.179688,4388.974121,4318.589844,4290.641113,4370.128418,4279.743652,4267.307617,4482.051270,4511.922852,4381.153809,4395.000000,3241.000000,4.000000,85.000000,,,,0.000000,4.000000,4.000000,4.000000,4.000000,4.000000,4.000000,4.000000,4.000000,4.000000,4.000000,4.000000,4.000000,4.000000,4.000000,100.000000,,,,,,,,,,,,,,,,,,,,,,,,,,,,,,,,,,,,,,,,,,,,,,,,,,,,,,,,,,,,,,,,,,,,,,,,,,,,,,,,,,,,,,
1676060301.180095,1676060301.180330,118.000000,0.000000,4262.307617,4252.436035,4261.025879,4300.897461,4378.717773,4316.153809,4282.563965,4353.846191,4260.641113,4241.922852,4452.563965,4487.692383,4347.820313,4367.948730,2722.000000,4.000000,85.000000,,,,0.000000,4.000000,4.000000,4.000000,4.000000,4.000000,4.000000,4.000000,4.000000,4.000000,4.000000,4.000000,4.000000,4.000000,4.000000,100.000000,,,,,,,,,,,,,,,,,,,,,,,,,,,,,,,,,,,,,,,,,,,,,,,,,,,,,,,,,,,,,,,,,,,,,,,,,,,,,,,,,,,,,,
1676060301.187904,1676060301.188039,119.000000,0.000000,4282.436035,4270.512695,4272.307617,4315.897461,4380.512695,4318.077148,4296.922852,4363.717773,4283.461426,4270.256348,4471.025879,4500.384766,4361.282227,4378.333496,2909.000000,4.000000,85.000000,,,,0.000000,4.000000,4.000000,4.000000,4.000000,4.000000,4.000000,4.000000,4.000000,4.000000,4.000000,4.000000,4.000000,4.000000,4.000000,100.000000,,,,,,,,,,,,,,,,,,,,,,,,,,,,,,,,,,,,,,,,,,,,,,,,,,,,,,,,,,,,,,,,,,,,,,,,,,,,,,,,,,,,,,
1676060301.195712,1676060301.195847,120.000000,0.000000,4291.794922,4281.666504,4285.769043,4327.307617,4374.871582,4312.692383,4300.769043,4363.974121,4294.102539,4296.666504,4491.922852,4516.666504,4391.410156,4397.051270,3134.000000,4.000000,85.000000,,,,0.000000,4.000000,4.000000,4.000000,4.000000,4.000000,4.000000,4.000000,4.000000,4.000000,4.000000,4.000000,4.000000,4.000000,4.000000,100.000000,,,,,,,,,,,,,,,,,,,,,,,,,,,,,,,,,,,,,,,,,,,,,,,,,,,,,,,,,,,,,,,,,,,,,,,,,,,,,,,,,,,,,,
1676060301.203520,1676060301.203556,121.000000,0.000000,4305.769043,4291.922852,4301.025879,4339.487305,4377.563965,4316.153809,4300.384766,4356.922852,4288.077148,4293.974121,4500.000000,4527.948730,4407.179688,4414.871582,3241.000000,4.000000,85.000000,,,,0.000000,4.000000,4.000000,4.000000,4.000000,4.000000,4.000000,4.000000,4.000000,4.000000,4.000000,4.000000,4.000000,4.000000,4.000000,100.000000,,,,,,,,,,,,,,,,,,,,,,,,,,,,,,,,,,,,,,,,,,,,,,,,,,,,,,,,,,,,,,,,,,,,,,,,,,,,,,,,,,,,,,
1676060301.211329,1676060301.211464,122.000000,0.000000,4320.769043,4306.282227,4315.512695,4350.000000,4383.974121,4316.410156,4301.922852,4349.743652,4291.410156,4290.000000,4508.077148,4532.563965,4411.025879,4427.563965,2722.000000,4.000000,85.000000,,,,0.000000,4.000000,4.000000,4.000000,4.000000,4.000000,4.000000,4.000000,4.000000,4.000000,4.000000,4.000000,4.000000,4.000000,4.000000,100.000000,,,,,,,,,,,,,,,,,,,,,,,,,,,,,,,,,,,,,,,,,,,,,,,,,,,,,,,,,,,,,,,,,,,,,,,,,,,,,,,,,,,,,,
1676060301.219137,1676060301.219272,123.000000,0.000000,4300.384766,4288.205078,4301.410156,4328.333496,4362.051270,4295.512695,4275.256348,4324.102539,4277.692383,4278.589844,4489.743652,4507.820313,4391.538574,4402.692383,2909.000000,4.000000,85.000000,,,,0.000000,4.000000,4.000000,4.000000,4.000000,4.000000,4.000000,4.000000,4.000000,4.000000,4.000000,4.000000,4.000000,4.000000,4.000000,100.000000,,,,,,,,,,,,,,,,,,,,,,,,,,,,,,,,,,,,,,,,,,,,,,,,,,,,,,,,,,,,,,,,,,,,,,,,,,,,,,,,,,,,,,
1676060301.226945,1676060301.227181,124.000000,0.000000,4289.487305,4276.922852,4294.743652,4317.179688,4350.256348,4300.384766,4265.897461,4321.282227,4275.897461,4272.563965,4481.282227,4505.000000,4390.000000,4392.820313,3134.000000,4.000000,85.000000,,,,0.000000,4.000000,4.000000,4.000000,4.000000,4.000000,4.000000,4.000000,4.000000,4.000000,4.000000,4.000000,4.000000,4.000000,4.000000,100.000000,,,,,,,,,,,,,,,,,,,,,,,,,,,,,,,,,,,,,,,,,,,,,,,,,,,,,,,,,,,,,,,,,,,,,,,,,,,,,,,,,,,,,,
1676060301.234754,1676060301.234989,125.000000,0.000000,4314.743652,4301.282227,4318.205078,4342.820313,4368.333496,4320.769043,4296.025879,4355.769043,4305.384766,4293.077148,4514.358887,4538.717773,4423.717773,4427.820313,3241.000000,4.000000,85.000000,,,,0.000000,4.000000,4.000000,4.000000,4.000000,4.000000,4.000000,4.000000,4.000000,4.000000,4.000000,4.000000,4.000000,4.000000,4.000000,100.000000,,,,,,,,,,,,,,,,,,,,,,,,,,,,,,,,,,,,,,,,,,,,,,,,,,,,,,,,,,,,,,,,,,,,,,,,,,,,,,,,,,,,,,
1676060301.242562,1676060301.242898,126.000000,0.000000,4304.871582,4296.922852,4304.358887,4338.205078,4359.230957,4303.205078,4291.538574,4351.282227,4296.282227,4290.769043,4501.538574,4519.358887,4405.000000,4413.461426,2722.000000,4.000000,85.000000,,,,0.000000,4.000000,4.000000,4.000000,4.000000,4.000000,4.000000,4.000000,4.000000,4.000000,4.000000,4.000000,4.000000,4.000000,4.000000,100.000000,,,,,,,,,,,,,,,,,2.573531,1.838566,0.986270,1.711734,1.429303,45.109028,4.475862,1.940730,2.007731,1.300883,2.407064,1.913736,0.983352,1.372825,1.331033,8.990082,3.767167,1.120721,1.744105,1.089105,15.000538,3.931467,1.355062,0.836613,0.713497,1.113679,0.668179,1.085522,0.560261,0.675581,1.455149,1.769943,0.942424,0.743022,1.021490,3.783291,1.631680,1.860246,1.027633,1.102604,2.253745,1.143279,1.842595,1.033295,1.058677,3.228938,0.724220,2.359716,1.076289,1.612555,36.089622,3.161614,2.943886,2.240152,2.117082,11.121017,1.851409,1.433991,1.750276,1.862212,54.393372,3.551060,2.718778,1.910811,1.628936,41.301907,16.363661,4.715466,2.504143,1.918834
1676060301.250371,1676060301.250706,127.000000,0.000000,4276.922852,4274.871582,4276.922852,4313.333496,4340.128418,4292.307617,4276.025879,4327.179688,4274.615234,4272.307617,4460.512695,4480.000000,4361.666504,4367.948730,85.000000,4.000000,85.000000,,,,0.000000,4.000000,4.000000,4.000000,4.000000,4.000000,4.000000,4.000000,4.000000,4.000000,4.000000,4.000000,4.000000,4.000000,4.000000,100.000000,,,,,,,,,,,,,,,,,,,,,,,,,,,,,,,,,,,,,,,,,,,,,,,,,,,,,,,,,,,,,,,,,,,,,,,,,,,,,,,,,,,,,,
1676060301.258179,1676060301.258614,0.000000,0.000000,4295.512695,4287.563965,4296.794922,4326.153809,4353.717773,4315.769043,4299.615234,4347.563965,4296.538574,4285.000000,4480.128418,4501.538574,4384.102539,4384.487305,2496.000000,4.000000,85.000000,,,,0.000000,4.000000,4.000000,4.000000,4.000000,4.000000,4.000000,4.000000,4.000000,4.000000,4.000000,4.000000,4.000000,4.000000,4.000000,100.000000,,,,,,,,,,,,,,,,,,,,,,,,,,,,,,,,,,,,,,,,,,,,,,,,,,,,,,,,,,,,,,,,,,,,,,,,,,,,,,,,,,,,,,
1676060301.265987,1676060301.266523,1.000000,0.000000,4311.666504,4293.077148,4313.077148,4338.974121,4357.692383,4322.179688,4307.563965,4366.794922,4305.000000,4293.589844,4499.487305,4523.205078,4405.512695,4409.615234,2456.000000,4.000000,85.000000,,,,0.000000,4.000000,4.000000,4.000000,4.000000,4.000000,4.000000,4.000000,4.000000,4.000000,4.000000,4.000000,4.000000,4.000000,4.000000,100.000000,,,,,,,,,,,,,,,,,,,,,,,,,,,,,,,,,,,,,,,,,,,,,,,,,,,,,,,,,,,,,,,,,,,,,,,,,,,,,,,,,,,,,,
1676060301.273796,1676060301.274331,2.000000,0.000000,4286.153809,4271.922852,4293.205078,4318.589844,4333.205078,4301.153809,4283.717773,4351.538574,4281.794922,4271.538574,4474.871582,4499.871582,4375.256348,4389.358887,2379.000000,4.000000,85.000000,,,,0.000000,4.000000,4.000000,4.000000,4.000000,4.000000,4.000000,4.000000,4.000000,4.000000,4.000000,4.000000,4.000000,4.000000,4.000000,100.000000,,,,,,,,,,,,,,,,,,,,,,,,,,,,,,,,,,,,,,,,,,,,,,,,,,,,,,,,,,,,,,,,,,,,,,,,,,,,,,,,,,,,,,
1676060301.281604,1676060301.282239,3.000000,0.000000,4272.179688,4271.025879,4289.230957,4308.077148,4321.410156,4293.589844,4275.897461,4338.717773,4273.205078,4253.717773,4463.846191,4487.692383,4362.436035,4373.333496,2451.000000,4.000000,85.000000,,,,0.000000,4.000000,4.000000,4.000000,4.000000,4.000000,4.000000,4.000000,4.000000,4.000000,4.000000,4.000000,4.000000,4.000000,4.000000,100.000000,,,,,,,,,,,,,,,,,,,,,,,,,,,,,,,,,,,,,,,,,,,,,,,,,,,,,,,,,,,,,,,,,,,,,,,,,,,,,,,,,,,,,,
1676060301.289412,1676060301.290048,4.000000,0.000000,4288.589844,4280.384766,4304.102539,4318.974121,4325.384766,4302.820313,4283.461426,4339.743652,4281.410156,4264.487305,4474.871582,4502.563965,4382.692383,4384.871582,2408.000000,4.000000,85.000000,,,,0.000000,4.000000,4.000000,4.000000,4.000000,4.000000,4.000000,4.000000,4.000000,4.000000,4.000000,4.000000,4.000000,4.000000,4.000000,100.000000,,,,,,,,,,,,,,,,,,,,,,,,,,,,,,,,,,,,,,,,,,,,,,,,,,,,,,,,,,,,,,,,,,,,,,,,,,,,,,,,,,,,,,
1676060301.297221,1676060301.297856,5.000000,0.000000,4311.666504,4282.307617,4313.205078,4327.948730,4326.922852,4313.846191,4291.153809,4343.205078,4289.615234,4288.589844,4485.000000,4521.153809,4397.948730,4403.846191,2361.000000,4.000000,85.000000,,,,0.000000,4.000000,4.000000,4.000000,4.000000,4.000000,4.000000,4.000000,4.000000,4.000000,4.000000,4.000000,4.000000,4.000000,4.000000,100.000000,,,,,,,,,,,,,,,,,,,,,,,,,,,,,,,,,,,,,,,,,,,,,,,,,,,,,,,,,,,,,,,,,,,,,,,,,,,,,,,,,,,,,,
1676060301.305029,1676060301.305565,6.000000,0.000000,4323.846191,4289.871582,4321.410156,4335.000000,4326.410156,4313.461426,4296.922852,4345.769043,4295.000000,4300.512695,4495.384766,4529.358887,4401.282227,4415.641113,2206.000000,4.000000,85.000000,,,,0.000000,4.000000,4.000000,4.000000,4.000000,4.000000,4.000000,4.000000,4.000000,4.000000,4.000000,4.000000,4.000000,4.000000,4.000000,100.000000,,,,,,,,,,,,,,,,,,,,,,,,,,,,,,,,,,,,,,,,,,,,,,,,,,,,,,,,,,,,,,,,,,,,,,,,,,,,,,,,,,,,,,
1676060301.312837,1676060301.313373,7.000000,0.000000,4315.769043,4294.487305,4324.487305,4336.666504,4320.256348,4296.922852,4292.436035,4339.487305,4290.000000,4293.333496,4494.871582,4521.025879,4397.179688,4409.743652,2201.000000,4.000000,85.000000,,,,0.000000,4.000000,4.000000,4.000000,4.000000,4.000000,4.000000,4.000000,4.000000,4.000000,4.000000,4.000000,4.000000,4.000000,4.000000,100.000000,,,,,,,,,,,,,,,,,,,,,,,,,,,,,,,,,,,,,,,,,,,,,,,,,,,,,,,,,,,,,,,,,,,,,,,,,,,,,,,,,,,,,,
1676060301.320646,1676060301.321082,8.000000,0.000000,4319.871582,4301.538574,4336.282227,4342.563965,4321.410156,4296.538574,4300.769043,4343.717773,4294.102539,4295.769043,4497.820313,4532.948730,4407.307617,4415.128418,2262.000000,4.000000,85.000000,,,,0.000000,4.000000,4.000000,4.000000,4.000000,4.000000,4.000000,4.000000,4.000000,4.000000,4.000000,4.000000,4.000000,4.000000,4.000000,100.000000,,,,,,,,,,,,,,,,,,,,,,,,,,,,,,,,,,,,,,,,,,,,,,,,,,,,,,,,,,,,,,,,,,,,,,,,,,,,,,,,,,,,,,
1676060301.328454,1676060301.328990,9.000000,0.000000,4336.538574,4310.256348,4349.487305,4350.256348,4326.666504,4312.692383,4318.589844,4357.563965,4304.615234,4305.769043,4513.333496,4555.769043,4418.205078,4431.666504,2242.000000,4.000000,85.000000,,,,0.000000,4.000000,4.000000,4.000000,4.000000,4.000000,4.000000,4.000000,4.000000,4.000000,4.000000,4.000000,4.000000,4.000000,4.000000,100.000000,,,,,,,,,,,,,,,,,,,,,,,,,,,,,,,,,,,,,,,,,,,,,,,,,,,,,,,,,,,,,,,,,,,,,,,,,,,,,,,,,,,,,,
1676060301.336263,1676060301.336799,10.000000,0.000000,4333.461426,4302.820313,4340.000000,4345.897461,4318.974121,4314.487305,4315.128418,4352.948730,4298.974121,4300.000000,4510.256348,4542.179688,4403.717773,4421.794922,2713.000000,4.000000,85.000000,,,,0.000000,4.000000,4.000000,4.000000,4.000000,4.000000,4.000000,4.000000,4.000000,4.000000,4.000000,4.000000,4.000000,4.000000,4.000000,100.000000,,,,,,,,,,,,,,,,,,,,,,,,,,,,,,,,,,,,,,,,,,,,,,,,,,,,,,,,,,,,,,,,,,,,,,,,,,,,,,,,,,,,,,
1676060301.344071,1676060301.344707,11.000000,0.000000,4324.615234,4296.922852,4332.563965,4343.077148,4316.538574,4310.897461,4308.205078,4344.615234,4296.282227,4297.307617,4498.589844,4523.077148,4397.948730,4405.641113,2902.000000,4.000000,85.000000,,,,0.000000,4.000000,4.000000,4.000000,4.000000,4.000000,4.000000,4.000000,4.000000,4.000000,4.000000,4.000000,4.000000,4.000000,4.000000,100.000000,,,,,,,,,,,,,,,,,,,,,,,,,,,,,,,,,,,,,,,,,,,,,,,,,,,,,,,,,,,,,,,,,,,,,,,,,,,,,,,,,,,,,,
1676060301.351879,1676060301.352516,12.000000,0.000000,4319.230957,4297.436035,4326.153809,4337.436035,4316.666504,4313.846191,4301.794922,4337.692383,4298.589844,4292.436035,4489.102539,4517.307617,4401.922852,4397.820313,3106.000000,4.000000,85.000000,,,,0.000000,4.000000,4.000000,4.000000,4.000000,4.000000,4.000000,4.000000,4.000000,4.000000,4.000000,4.000000,4.000000,4.000000,4.000000,100.000000,,,,,,,,,,,,,,,,,,,,,,,,,,,,,,,,,,,,,,,,,,,,,,,,,,,,,,,,,,,,,,,,,,,,,,,,,,,,,,,,,,,,,,
1676060301.359688,1676060301.360424,13.000000,0.000000,4303.461426,4290.128418,4307.948730,4324.871582,4302.051270,4310.128418,4284.615234,4322.051270,4288.077148,4271.794922,4473.461426,4499.615234,4387.051270,4386.666504,3213.000000,4.000000,85.000000,,,,0.000000,4.000000,4.000000,4.000000,4.000000,4.000000,4.000000,4.000000,4.000000,4.000000,4.000000,4.000000,4.000000,4.000000,4.000000,100.000000,,,,,,,,,,,,,,,,,,,,,,,,,,,,,,,,,,,,,,,,,,,,,,,,,,,,,,,,,,,,,,,,,,,,,,,,,,,,,,,,,,,,,,
1676060301.367496,1676060301.368232,14.000000,0.000000,4306.282227,4301.282227,4315.512695,4334.615234,4301.025879,4306.282227,4289.358887,4328.974121,4297.307617,4281.922852,4482.307617,4505.384766,4392.179688,4400.384766,2713.000000,4.000000,85.000000,,,,0.000000,4.000000,4.000000,4.000000,4.000000,4.000000,4.000000,4.000000,4.000000,4.000000,4.000000,4.000000,4.000000,4.000000,4.000000,100.000000,1.000000,25.000000,4.000000,4.000000,1.000000,4.000000,1.000000,4.000000,4.000000,4.000000,4.000000,3.000000,1.000000,1.000000,3.000000,1.000000,2.979678,2.418880,0.836129,1.712984,1.300836,34.454720,3.719991,1.648306,1.987384,1.238138,2.602830,2.564860,0.787347,1.397028,1.299272,7.136144,3.635727,0.923680,1.775327,1.044100,10.209841,3.077988,1.061743,0.893425,0.664609,1.179013,0.688879,1.004318,0.565840,0.667000,1.719150,1.886106,0.983486,0.817719,0.976585,3.981679,1.605969,1.610161,1.132714,1.086864,2.325658,1.203588,1.453620,1.154431,0.992224,2.956492,0.838225,2.040606,1.255844,1.457948,30.029942,3.741116,2.650651,2.551836,1.976801,11.097095,2.834571,1.402985,1.852111,1.760891,41.767277,3.554642,2.485226,2.149521,1.557079,68.269592,29.051573,6.899642,3.184264,1.799025
1676060301.375305,1676060301.376141,15.000000,0.000000,4325.256348,4316.282227,4332.820313,4349.871582,4310.000000,4306.794922,4307.307617,4350.769043,4320.897461,4315.512695,4505.256348,4529.615234,4415.256348,4419.230957,2902.000000,4.000000,85.000000,,,,0.000000,4.000000,4.000000,4.000000,4.000000,4.000000,4.000000,4.000000,4.000000,4.000000,4.000000,4.000000,4.000000,4.000000,4.000000,100.000000,,,,,,,,,,,,,,,,,,,,,,,,,,,,,,,,,,,,,,,,,,,,,,,,,,,,,,,,,,,,,,,,,,,,,,,,,,,,,,,,,,,,,,
1676060301.383113,1676060301.383949,16.000000,0.000000,4304.487305,4287.179688,4300.512695,4319.743652,4286.538574,4292.051270,4284.230957,4326.410156,4300.000000,4294.871582,4480.256348,4498.589844,4389.358887,4379.615234,0.000000,4.000000,85.000000,,,,0.000000,4.000000,4.000000,4.000000,4.000000,4.000000,4.000000,4.000000,4.000000,4.000000,4.000000,4.000000,4.000000,4.000000,4.000000,100.000000,,,,,,,,,,,,,,,,,,,,,,,,,,,,,,,,,,,,,,,,,,,,,,,,,,,,,,,,,,,,,,,,,,,,,,,,,,,,,,,,,,,,,,
1676060301.390921,1676060301.391857,17.000000,0.000000,4287.692383,4269.871582,4281.666504,4300.897461,4269.230957,4287.436035,4270.769043,4298.717773,4277.948730,4263.333496,4452.948730,4468.846191,4362.948730,4352.563965,0.000000,4.000000,85.000000,,,,0.000000,4.000000,4.000000,4.000000,4.000000,4.000000,4.000000,4.000000,4.000000,4.000000,4.000000,4.000000,4.000000,4.000000,4.000000,100.000000,,,,,,,,,,,,,,,,,,,,,,,,,,,,,,,,,,,,,,,,,,,,,,,,,,,,,,,,,,,,,,,,,,,,,,,,,,,,,,,,,,,,,,
1676060301.398730,1676060301.399666,18.000000,0.000000,4311.538574,4298.717773,4319.358887,4332.692383,4290.256348,4308.461426,4305.128418,4322.307617,4300.641113,4292.436035,4483.077148,4502.692383,4393.974121,4395.641113,0.000000,4.000000,85.000000,,,,0.000000,4.000000,4.000000,4.000000,4.000000,4.000000,4.000000,4.000000,4.000000,4.000000,4.000000,4.000000,4.000000,4.000000,4.000000,100.000000,,,,,,,,,,,,,,,,,,,,,,,,,,,,,,,,,,,,,,,,,,,,,,,,,,,,,,,,,,,,,,,,,,,,,,,,,,,,,,,,,,,,,,
1676060301.406538,1676060301.407574,19.000000,0.000000,4309.230957,4302.563965,4324.871582,4334.102539,4292.820313,4314.871582,4312.051270,4327.051270,4298.077148,4297.179688,4490.769043,4510.256348,4401.410156,4399.615234,0.000000,4.000000,85.000000,,,,0.000000,4.000000,4.000000,4.000000,4.000000,4.000000,4.000000,4.000000,4.000000,4.000000,4.000000,4.000000,4.000000,4.000000,4.000000,100.000000,,,,,,,,,,,,,,,,,,,,,,,,,,,,,,,,,,,,,,,,,,,,,,,,,,,,,,,,,,,,,,,,,,,,,,,,,,,,,,,,,,,,,,
1676060301.414347,1676060301.415383,20.000000,0.000000,4286.794922,4284.102539,4300.512695,4305.769043,4274.743652,4306.153809,4290.512695,4300.128418,4269.358887,4260.384766,4456.153809,4477.692383,4368.974121,4357.820313,0.000000,4.000000,85.000000,,,,0.000000,4.000000,4.000000,4.000000,4.000000,4.000000,4.000000,4.000000,4.000000,4.000000,4.000000,4.000000,4.000000,4.000000,4.000000,100.000000,,,,,,,,,,,,,,,,,,,,,,,,,,,,,,,,,,,,,,,,,,,,,,,,,,,,,,,,,,,,,,,,,,,,,,,,,,,,,,,,,,,,,,
1676060301.422155,1676060301.423291,21.000000,0.000000,4307.179688,4293.589844,4317.948730,4319.230957,4276.922852,4314.102539,4306.538574,4311.922852,4285.256348,4272.179688,4468.717773,4492.820313,4380.512695,4378.077148,0.000000,4.000000,85.000000,,,,0.000000,4.000000,4.000000,4.000000,4.000000,4.000000,4.000000,4.000000,4.000000,4.000000,4.000000,4.000000,4.000000,4.000000,4.000000,100.000000,,,,,,,,,,,,,,,,,,,,,,,,,,,,,,,,,,,,,,,,,,,,,,,,,,,,,,,,,,,,,,,,,,,,,,,,,,,,,,,,,,,,,,
1676060301.429963,1676060301.431099,22.000000,0.000000,4325.769043,4299.487305,4335.000000,4334.871582,4286.666504,4315.897461,4318.461426,4335.000000,4305.512695,4302.436035,4500.641113,4519.102539,4405.641113,4407.307617,0.000000,4.000000,85.000000,,,,0.000000,4.000000,4.000000,4.000000,4.000000,4.000000,4.000000,4.000000,4.000000,4.000000,4.000000,4.000000,4.000000,4.000000,4.000000,100.000000,,,,,,,,,,,,,,,,,,,,,,,,,,,,,,,,,,,,,,,,,,,,,,,,,,,,,,,,,,,,,,,,,,,,,,,,,,,,,,,,,,,,,,
1676060301.437772,1676060301.439008,23.000000,0.000000,4297.436035,4278.077148,4306.282227,4304.743652,4302.307617,4296.794922,4288.589844,4314.743652,4284.871582,4283.717773,4474.871582,4488.846191,4378.846191,4370.128418,0.000000,4.000000,85.000000,,,,0.000000,4.000000,4.000000,4.000000,4.000000,4.000000,4.000000,4.000000,4.000000,4.000000,4.000000,4.000000,4.000000,4.000000,4.000000,100.000000,,,,,,,,,,,,,,,,,,,,,,,,,,,,,,,,,,,,,,,,,,,,,,,,,,,,,,,,,,,,,,,,,,,,,,,,,,,,,,,,,,,,,,
1676060301.445580,1676060301.446816,24.000000,0.000000,4281.666504,4270.897461,4283.846191,4285.769043,4348.077148,4292.563965,4275.256348,4296.538574,4277.307617,4265.641113,4446.922852,4462.307617,4359.487305,4347.948730,0.000000,4.000000,85.000000,,,,0.000000,4.000000,4.000000,4.000000,4.000000,4.000000,4.000000,4.000000,4.000000,4.000000,4.000000,4.000000,4.000000,4.000000,4.000000,100.000000,,,,,,,,,,,,,,,,,,,,,,,,,,,,,,,,,,,,,,,,,,,,,,,,,,,,,,,,,,,,,,,,,,,,,,,,,,,,,,,,,,,,,,
1676060301.453389,1676060301.454725,25.000000,0.000000,4301.410156,4291.538574,4298.077148,4311.922852,4407.436035,4310.897461,4296.794922,4315.128418,4299.615234,4287.051270,4468.974121,4481.025879,4385.897461,4378.717773,0.000000,4.000000,85.000000,,,,0.000000,4.000000,4.000000,4.000000,4.000000,4.000000,4.000000,4.000000,4.000000,4.000000,4.000000,4.000000,4.000000,4.000000,4.000000,100.000000,,,,,,,,,,,,,,,,,,,,,,,,,,,,,,,,,,,,,,,,,,,,,,,,,,,,,,,,,,,,,,,,,,,,,,,,,,,,,,,,,,,,,,
1676060301.461197,1676060301.462533,26.000000,0.000000,4308.846191,4301.282227,4310.384766,4328.461426,4434.102539,4320.769043,4305.641113,4327.563965,4305.384766,4291.282227,4482.307617,4491.153809,4395.897461,4387.948730,0.000000,4.000000,85.000000,,,,0.000000,4.000000,4.000000,4.000000,4.000000,4.000000,4.000000,4.000000,4.000000,4.000000,4.000000,4.000000,4.000000,4.000000,4.000000,100.000000,,,,,,,,,,,,,,,,,,,,,,,,,,,,,,,,,,,,,,,,,,,,,,,,,,,,,,,,,,,,,,,,,,,,,,,,,,,,,,,,,,,,,,
1676060301.469005,1676060301.470242,27.000000,0.000000,4292.436035,4282.436035,4296.538574,4308.333496,4432.692383,4310.641113,4288.333496,4307.436035,4285.641113,4262.051270,4456.153809,4469.871582,4366.794922,4359.230957,0.000000,4.000000,85.000000,,,,0.000000,4.000000,4.000000,4.000000,4.000000,4.000000,4.000000,4.000000,4.000000,4.000000,4.000000,4.000000,4.000000,4.000000,4.000000,100.000000,,,,,,,,,,,,,,,,,,,,,,,,,,,,,,,,,,,,,,,,,,,,,,,,,,,,,,,,,,,,,,,,,,,,,,,,,,,,,,,,,,,,,,
1676060301.476814,1676060301.478050,28.000000,0.000000,4290.384766,4273.333496,4290.769043,4295.512695,4467.692383,4304.230957,4282.692383,4295.128418,4279.743652,4255.256348,4446.153809,4465.512695,4357.179688,4349.743652,0.000000,4.000000,85.000000,,,,0.000000,4.000000,4.000000,4.000000,4.000000,4.000000,4.000000,4.000000,4.000000,4.000000,4.000000,4.000000,4.000000,4.000000,4.000000,100.000000,,,,,,,,,,,,,,,,,,,,,,,,,,,,,,,,,,,,,,,,,,,,,,,,,,,,,,,,,,,,,,,,,,,,,,,,,,,,,,,,,,,,,,
1676060301.484622,1676060301.485759,29.000000,0.000000,4311.922852,4294.102539,4317.436035,4316.538574,4544.743652,4317.436035,4303.589844,4317.179688,4303.333496,4289.743652,4475.512695,4494.871582,4386.410156,4377.692383,0.000000,4.000000,85.000000,,,,0.000000,4.000000,4.000000,4.000000,4.000000,4.000000,4.000000,4.000000,4.000000,4.000000,4.000000,4.000000,4.000000,4.000000,4.000000,100.000000,,,,,,,,,,,,,,,,,,,,,,,,,,,,,,,,,,,,,,,,,,,,,,,,,,,,,,,,,,,,,,,,,,,,,,,,,,,,,,,,,,,,,,
1676060301.492430,1676060301.493567,30.000000,0.000000,4333.205078,4309.615234,4342.692383,4336.794922,4583.333496,4327.820313,4318.717773,4336.538574,4322.948730,4319.102539,4501.666504,4519.743652,4407.820313,4406.282227,0.000000,4.000000,85.000000,,,,0.000000,4.000000,4.000000,4.000000,4.000000,4.000000,4.000000,4.000000,4.000000,4.000000,4.000000,4.000000,4.000000,4.000000,4.000000,100.000000,,,,,,,,,,,,,,,,,3.441086,3.351455,0.798161,1.707978,1.181180,23.861553,3.047602,1.380239,1.925678,1.162452,3.003156,3.454451,0.720569,1.461230,1.252017,5.402138,3.419941,0.790641,1.764219,1.000521,6.275426,2.270109,0.825165,0.938446,0.626118,1.388296,0.712836,0.867856,0.583575,0.661735,1.941987,1.834530,1.075747,0.914847,0.907684,3.840882,1.473817,1.412952,1.234246,1.059761,2.281976,1.253473,1.206772,1.273411,0.948324,2.619029,1.104576,1.870439,1.533724,1.340710,22.556725,5.210371,2.406695,2.817658,1.876954,10.181568,4.250706,1.512229,1.976291,1.692958,28.338108,4.523754,2.299938,2.364041,1.514486,97.168755,42.961685,9.072252,3.873744,1.719785
1676060301.500239,1676060301.501276,31.000000,0.000000,4333.717773,4302.436035,4338.077148,4330.128418,4554.102539,4318.077148,4310.384766,4324.615234,4315.128418,4309.487305,4500.256348,4514.871582,4402.307617,4402.179688,0.000000,4.000000,85.000000,,,,0.000000,4.000000,4.000000,4.000000,4.000000,4.000000,4.000000,4.000000,4.000000,4.000000,4.000000,4.000000,4.000000,4.000000,4.000000,100.000000,,,,,,,,,,,,,,,,,,,,,,,,,,,,,,,,,,,,,,,,,,,,,,,,,,,,,,,,,,,,,,,,,,,,,,,,,,,,,,,,,,,,,,
1676060301.508047,1676060301.509084,32.000000,0.000000,4316.666504,4291.282227,4323.205078,4314.871582,4508.846191,4304.102539,4292.051270,4298.333496,4288.077148,4285.000000,4478.077148,4491.666504,4384.358887,4375.000000,0.000000,4.000000,85.000000,,,,0.000000,4.000000,4.000000,4.000000,4.000000,4.000000,4.000000,4.000000,4.000000,4.000000,4.000000,4.000000,4.000000,4.000000,4.000000,100.000000,,,,,,,,,,,,,,,,,,,,,,,,,,,,,,,,,,,,,,,,,,,,,,,,,,,,,,,,,,,,,,,,,,,,,,,,,,,,,,,,,,,,,,
1676060301.515856,1676060301.516793,33.000000,0.000000,4315.769043,4293.846191,4328.077148,4316.153809,4486.153809,4315.641113,4290.512695,4291.282227,4275.256348,4276.153809,4468.461426,4491.410156,4377.307617,4374.230957,0.000000,4.000000,85.000000,,,,0.000000,4.000000,4.000000,4.000000,4.000000,4.000000,4.000000,4.000000,4.000000,4.000000,4.000000,4.000000,4.000000,4.000000,4.000000,100.000000,,,,,,,,,,,,,,,,,,,,,,,,,,,,,,,,,,,,,,,,,,,,,,,,,,,,,,,,,,,,,,,,,,,,,,,,,,,,,,,,,,,,,,
1676060301.523664,1676060301.524601,34.000000,0.000000,4337.948730,4309.358887,4348.974121,4333.077148,4481.282227,4339.487305,4311.666504,4311.666504,4293.589844,4285.128418,4496.153809,4519.743652,4395.384766,4405.512695,0.000000,4.000000,85.000000,,,,0.000000,4.000000,4.000000,4.000000,4.000000,4.000000,4.000000,4.000000,4.000000,4.000000,4.000000,4.000000,4.000000,4.000000,4.000000,100.000000,,,,,,,,,,,,,,,,,,,,,,,,,,,,,,,,,,,,,,,,,,,,,,,,,,,,,,,,,,,,,,,,,,,,,,,,,,,,,,,,,,,,,,
1676060301.531472,1676060301.532310,35.000000,0.000000,4335.000000,4310.000000,4348.205078,4333.205078,4462.563965,4340.512695,4321.282227,4321.922852,4305.512695,4288.077148,4509.615234,4518.717773,4403.717773,4405.769043,0.000000,4.000000,85.000000,,,,0.000000,4.000000,4.000000,4.000000,4.000000,4.000000,4.000000,4.000000,4.000000,4.000000,4.000000,4.000000,4.000000,4.000000,4.000000,100.000000,,,,,,,,,,,,,,,,,,,,,,,,,,,,,,,,,,,,,,,,,,,,,,,,,,,,,,,,,,,,,,,,,,,,,,,,,,,,,,,,,,,,,,
1676060301.539281,1676060301.540118,36.000000,0.000000,4300.512695,4287.051270,4314.871582,4302.948730,4419.615234,4325.512695,4299.871582,4300.128418,4284.871582,4276.153809,4472.820313,4474.102539,4374.615234,4362.692383,0.000000,4.000000,85.000000,,,,0.000000,4.000000,4.000000,4.000000,4.000000,4.000000,4.000000,4.000000,4.000000,4.000000,4.000000,4.000000,4.000000,4.000000,4.000000,100.000000,,,,,,,,,,,,,,,,,,,,,,,,,,,,,,,,,,,,,,,,,,,,,,,,,,,,,,,,,,,,,,,,,,,,,,,,,,,,,,,,,,,,,,
1676060301.547089,1676060301.547827,37.000000,0.000000,4284.487305,4268.589844,4294.615234,4282.436035,4389.871582,4320.128418,4284.615234,4284.871582,4272.820313,4273.846191,4445.512695,4449.743652,4350.897461,4342.563965,0.000000,4.000000,85.000000,,,,0.000000,4.000000,4.000000,4.000000,4.000000,4.000000,4.000000,4.000000,4.000000,4.000000,4.000000,4.000000,4.000000,4.000000,4.000000,100.000000,,,,,,,,,,,,,,,,,,,,,,,,,,,,,,,,,,,,,,,,,,,,,,,,,,,,,,,,,,,,,,,,,,,,,,,,,,,,,,,,,,,,,,
1676060301.554897,1676060301.555635,38.000000,0.000000,4295.000000,4276.153809,4311.282227,4296.794922,4386.794922,4323.461426,4298.461426,4303.461426,4293.717773,4287.692383,4466.666504,4475.384766,4367.563965,4363.077148,0.000000,4.000000,85.000000,,,,0.000000,4.000000,4.000000,4.000000,4.000000,4.000000,4.000000,4.000000,4.000000,4.000000,4.000000,4.000000,4.000000,4.000000,4.000000,100.000000,,,,,,,,,,,,,,,,,,,,,,,,,,,,,,,,,,,,,,,,,,,,,,,,,,,,,,,,,,,,,,,,,,,,,,,,,,,,,,,,,,,,,,
1676060301.562706,1676060301.563344,39.000000,0.000000,4304.871582,4294.102539,4323.461426,4314.487305,4382.436035,4323.077148,4310.256348,4320.897461,4313.333496,4298.589844,4486.538574,4496.025879,4385.641113,4374.871582,0.000000,4.000000,85.000000,,,,0.000000,4.000000,4.000000,4.000000,4.000000,4.000000,4.000000,4.000000,4.000000,4.000000,4.000000,4.000000,4.000000,4.000000,4.000000,100.000000,,,,,,,,,,,,,,,,,,,,,,,,,,,,,,,,,,,,,,,,,,,,,,,,,,,,,,,,,,,,,,,,,,,,,,,,,,,,,,,,,,,,,,
1676060301.570514,1676060301.571252,40.000000,0.000000,4302.563965,4290.641113,4305.000000,4304.487305,4363.974121,4320.897461,4301.410156,4310.128418,4306.282227,4290.512695,4473.589844,4478.974121,4372.948730,4357.179688,0.000000,4.000000,85.000000,,,,0.000000,4.000000,4.000000,4.000000,4.000000,4.000000,4.000000,4.000000,4.000000,4.000000,4.000000,4.000000,4.000000,4.000000,4.000000,100.000000,,,,,,,,,,,,,,,,,,,,,,,,,,,,,,,,,,,,,,,,,,,,,,,,,,,,,,,,,,,,,,,,,,,,,,,,,,,,,,,,,,,,,,
1676060301.578323,1676060301.579060,41.000000,0.000000,4292.563965,4270.769043,4286.922852,4289.615234,4345.128418,4321.025879,4295.384766,4294.615234,4293.077148,4265.769043,4453.205078,4460.512695,4353.974121,4341.410156,0.000000,4.000000,85.000000,,,,0.000000,4.000000,4.000000,4.000000,4.000000,4.000000,4.000000,4.000000,4.000000,4.000000,4.000000,4.000000,4.000000,4.000000,4.000000,100.000000,,,,,,,,,,,,,,,,,,,,,,,,,,,,,,,,,,,,,,,,,,,,,,,,,,,,,,,,,,,,,,,,,,,,,,,,,,,,,,,,,,,,,,
1676060301.586131,1676060301.586869,42.000000,0.000000,4297.307617,4274.358887,4299.743652,4300.897461,4342.307617,4326.153809,4303.333496,4297.563965,4296.538574,4260.641113,4456.282227,4471.025879,4358.461426,4355.769043,0.000000,4.000000,85.000000,,,,0.000000,4.000000,4.000000,4.000000,4.000000,4.000000,4.000000,4.000000,4.000000,4.000000,4.000000,4.000000,4.000000,4.000000,4.000000,100.000000,,,,,,,,,,,,,,,,,,,,,,,,,,,,,,,,,,,,,,,,,,,,,,,,,,,,,,,,,,,,,,,,,,,,,,,,,,,,,,,,,,,,,,
1676060301.593939,1676060301.594577,43.000000,0.000000,4307.820313,4293.205078,4314.871582,4314.358887,4341.410156,4326.922852,4302.948730,4294.871582,4292.948730,4275.384766,4471.153809,4480.384766,4370.512695,4370.384766,0.000000,4.000000,85.000000,,,,0.000000,4.000000,4.000000,4.000000,4.000000,4.000000,4.000000,4.000000,4.000000,4.000000,4.000000,4.000000,4.000000,4.000000,4.000000,100.000000,,,,,,,,,,,,,,,,,,,,,,,,,,,,,,,,,,,,,,,,,,,,,,,,,,,,,,,,,,,,,,,,,,,,,,,,,,,,,,,,,,,,,,
1676060301.601748,1676060301.602486,44.000000,0.000000,4306.282227,4293.717773,4310.384766,4307.692383,4329.358887,4320.512695,4293.846191,4276.666504,4275.512695,4275.512695,4470.000000,4473.205078,4369.487305,4363.717773,0.000000,4.000000,85.000000,,,,0.000000,4.000000,4.000000,4.000000,4.000000,4.000000,4.000000,4.000000,4.000000,4.000000,4.000000,4.000000,4.000000,4.000000,4.000000,100.000000,,,,,,,,,,,,,,,,,,,,,,,,,,,,,,,,,,,,,,,,,,,,,,,,,,,,,,,,,,,,,,,,,,,,,,,,,,,,,,,,,,,,,,
1676060301.609556,1676060301.610294,45.000000,0.000000,4318.846191,4301.282227,4325.641113,4315.000000,4326.666504,4325.384766,4305.641113,4287.563965,4289.871582,4284.871582,4479.615234,4487.051270,4383.717773,4381.025879,0.000000,4.000000,85.000000,,,,0.000000,4.000000,4.000000,4.000000,4.000000,4.000000,4.000000,4.000000,4.000000,4.000000,4.000000,4.000000,4.000000,4.000000,4.000000,100.000000,,,,,,,,,,,,,,,,,,,,,,,,,,,,,,,,,,,,,,,,,,,,,,,,,,,,,,,,,,,,,,,,,,,,,,,,,,,,,,,,,,,,,,
1676060301.617365,1676060301.618202,46.000000,0.000000,4337.692383,4311.922852,4344.871582,4331.794922,4325.128418,4326.794922,4312.948730,4304.615234,4315.641113,4306.538574,4498.333496,4501.282227,4400.897461,4405.769043,0.000000,4.000000,85.000000,,,,0.000000,4.000000,4.000000,4.000000,4.000000,4.000000,4.000000,4.000000,4.000000,4.000000,4.000000,4.000000,4.000000,4.000000,4.000000,100.000000,,,,,,,,,,,,,,,,,3.863991,4.695928,0.930982,1.762452,1.134579,15.771708,2.776591,1.235751,1.873839,1.103244,3.530732,4.623759,0.854423,1.582603,1.229403,4.118200,3.347178,0.772399,1.759107,0.991671,4.036173,1.788666,0.696275,0.971950,0.614247,1.671607,0.755294,0.718041,0.596890,0.657710,2.037517,1.655531,1.222306,1.035798,0.843496,3.488270,1.291337,1.336035,1.352068,1.053731,2.127900,1.289399,1.143978,1.410120,0.964311,2.359844,1.534031,1.923822,1.930771,1.311755,16.271490,7.706667,2.351845,3.063364,1.898423,8.850330,5.985782,1.814021,2.169503,1.730601,17.807844,6.541945,2.319903,2.591175,1.568469,119.233673,54.289566,10.629656,4.447573,1.748420
1676060301.625173,1676060301.626011,47.000000,0.000000,4325.769043,4291.025879,4329.871582,4313.205078,4301.282227,4310.384766,4294.743652,4288.077148,4303.589844,4295.897461,4488.846191,4484.487305,4384.615234,4389.743652,0.000000,4.000000,85.000000,,,,0.000000,4.000000,4.000000,4.000000,4.000000,4.000000,4.000000,4.000000,4.000000,4.000000,4.000000,4.000000,4.000000,4.000000,4.000000,100.000000,,,,,,,,,,,,,,,,,,,,,,,,,,,,,,,,,,,,,,,,,,,,,,,,,,,,,,,,,,,,,,,,,,,,,,,,,,,,,,,,,,,,,,
1676060301.632981,1676060301.633919,48.000000,0.000000,4316.666504,4280.000000,4318.589844,4295.256348,4280.769043,4305.128418,4290.641113,4282.563965,4293.077148,4274.230957,4483.589844,4481.410156,4379.871582,4383.589844,0.000000,4.000000,85.000000,,,,0.000000,4.000000,4.000000,4.000000,4.000000,4.000000,4.000000,4.000000,4.000000,4.000000,4.000000,4.000000,4.000000,4.000000,4.000000,100.000000,,,,,,,,,,,,,,,,,,,,,,,,,,,,,,,,,,,,,,,,,,,,,,,,,,,,,,,,,,,,,,,,,,,,,,,,,,,,,,,,,,,,,,
1676060301.640790,1676060301.641728,49.000000,0.000000,4326.153809,4291.666504,4321.922852,4305.256348,4277.692383,4310.128418,4296.538574,4289.871582,4296.153809,4275.256348,4483.589844,4485.897461,4384.871582,4392.051270,0.000000,4.000000,85.000000,,,,0.000000,4.000000,4.000000,4.000000,4.000000,4.000000,4.000000,4.000000,4.000000,4.000000,4.000000,4.000000,4.000000,4.000000,4.000000,100.000000,,,,,,,,,,,,,,,,,,,,,,,,,,,,,,,,,,,,,,,,,,,,,,,,,,,,,,,,,,,,,,,,,,,,,,,,,,,,,,,,,,,,,,
1676060301.648598,1676060301.649636,50.000000,0.000000,4326.538574,4291.025879,4321.666504,4312.051270,4276.025879,4310.769043,4297.051270,4288.461426,4292.307617,4281.153809,4463.077148,4473.461426,4362.692383,4377.436035,0.000000,4.000000,85.000000,,,,0.000000,4.000000,4.000000,4.000000,4.000000,4.000000,4.000000,4.000000,4.000000,4.000000,4.000000,4.000000,4.000000,4.000000,4.000000,100.000000,,,,,,,,,,,,,,,,,,,,,,,,,,,,,,,,,,,,,,,,,,,,,,,,,,,,,,,,,,,,,,,,,,,,,,,,,,,,,,,,,,,,,,
1676060301.656407,1676060301.657445,51.000000,0.000000,4325.769043,4291.153809,4332.948730,4317.307617,4280.641113,4322.051270,4307.820313,4298.974121,4300.641113,4281.794922,4461.794922,4477.948730,4357.692383,4377.820313,0.000000,4.000000,85.000000,,,,0.000000,4.000000,4.000000,4.000000,4.000000,4.000000,4.000000,4.000000,4.000000,4.000000,4.000000,4.000000,4.000000,4.000000,4.000000,100.000000,,,,,,,,,,,,,,,,,,,,,,,,,,,,,,,,,,,,,,,,,,,,,,,,,,,,,,,,,,,,,,,,,,,,,,,,,,,,,,,,,,,,,,
1676060301.664215,1676060301.665253,52.000000,0.000000,4335.384766,4307.051270,4345.384766,4325.256348,4283.077148,4329.871582,4318.077148,4310.384766,4315.512695,4288.205078,4491.794922,4496.666504,4381.025879,4399.743652,0.000000,4.000000,85.000000,,,,0.000000,4.000000,4.000000,4.000000,4.000000,4.000000,4.000000,4.000000,4.000000,4.000000,4.000000,4.000000,4.000000,4.000000,4.000000,100.000000,,,,,,,,,,,,,,,,,,,,,,,,,,,,,,,,,,,,,,,,,,,,,,,,,,,,,,,,,,,,,,,,,,,,,,,,,,,,,,,,,,,,,,
1676060301.672023,1676060301.673061,53.000000,0.000000,4334.871582,4305.384766,4330.512695,4317.051270,4270.641113,4318.717773,4310.641113,4298.333496,4313.461426,4288.846191,4493.846191,4491.794922,4381.410156,4398.461426,0.000000,4.000000,85.000000,,,,0.000000,4.000000,4.000000,4.000000,4.000000,4.000000,4.000000,4.000000,4.000000,4.000000,4.000000,4.000000,4.000000,4.000000,4.000000,100.000000,,,,,,,,,,,,,,,,,,,,,,,,,,,,,,,,,,,,,,,,,,,,,,,,,,,,,,,,,,,,,,,,,,,,,,,,,,,,,,,,,,,,,,
1676060301.679832,1676060301.680770,54.000000,0.000000,4328.461426,4301.666504,4322.179688,4314.615234,4263.333496,4315.769043,4304.871582,4292.436035,4308.974121,4284.358887,4478.077148,4486.794922,4371.410156,4390.512695,0.000000,4.000000,85.000000,,,,0.000000,4.000000,4.000000,4.000000,4.000000,4.000000,4.000000,4.000000,4.000000,4.000000,4.000000,4.000000,4.000000,4.000000,4.000000,100.000000,,,,,,,,,,,,,,,,,,,,,,,,,,,,,,,,,,,,,,,,,,,,,,,,,,,,,,,,,,,,,,,,,,,,,,,,,,,,,,,,,,,,,,
1676060301.687640,1676060301.688578,55.000000,0.000000,4327.179688,4317.692383,4330.384766,4327.948730,4266.922852,4320.641113,4303.077148,4296.922852,4304.615234,4282.692383,4481.153809,4490.512695,4371.922852,4393.589844,0.000000,4.000000,85.000000,,,,0.000000,4.000000,4.000000,4.000000,4.000000,4.000000,4.000000,4.000000,4.000000,4.000000,4.000000,4.000000,4.000000,4.000000,4.000000,100.000000,,,,,,,,,,,,,,,,,,,,,,,,,,,,,,,,,,,,,,,,,,,,,,,,,,,,,,,,,,,,,,,,,,,,,,,,,,,,,,,,,,,,,,
1676060301.695448,1676060301.696287,56.000000,0.000000,4327.179688,4326.794922,4326.153809,4327.692383,4263.717773,4312.563965,4296.153809,4282.820313,4290.769043,4274.743652,4471.410156,4475.128418,4357.820313,4382.692383,0.000000,4.000000,85.000000,,,,0.000000,4.000000,4.000000,4.000000,4.000000,4.000000,4.000000,4.000000,4.000000,4.000000,4.000000,4.000000,4.000000,4.000000,4.000000,100.000000,,,,,,,,,,,,,,,,,,,,,,,,,,,,,,,,,,,,,,,,,,,,,,,,,,,,,,,,,,,,,,,,,,,,,,,,,,,,,,,,,,,,,,
1676060301.703257,1676060301.704095,57.000000,0.000000,4339.615234,4347.692383,4329.871582,4332.692383,4260.769043,4310.128418,4300.769043,4274.358887,4289.615234,4277.948730,4460.128418,4472.179688,4350.000000,4381.666504,0.000000,4.000000,85.000000,,,,0.000000,4.000000,4.000000,4.000000,4.000000,4.000000,4.000000,4.000000,4.000000,4.000000,4.000000,4.000000,4.000000,4.000000,4.000000,100.000000,,,,,,,,,,,,,,,,,,,,,,,,,,,,,,,,,,,,,,,,,,,,,,,,,,,,,,,,,,,,,,,,,,,,,,,,,,,,,,,,,,,,,,
1676060301.711065,1676060301.711804,58.000000,0.000000,4362.051270,4394.102539,4352.051270,4363.461426,4265.641113,4320.256348,4313.461426,4283.461426,4303.077148,4294.871582,4474.615234,4495.000000,4361.666504,4404.871582,0.000000,4.000000,85.000000,,,,0.000000,4.000000,4.000000,4.000000,4.000000,4.000000,4.000000,4.000000,4.000000,4.000000,4.000000,4.000000,4.000000,4.000000,4.000000,100.000000,,,,,,,,,,,,,,,,,,,,,,,,,,,,,,,,,,,,,,,,,,,,,,,,,,,,,,,,,,,,,,,,,,,,,,,,,,,,,,,,,,,,,,
1676060301.718874,1676060301.719612,59.000000,0.000000,4359.102539,4408.333496,4356.025879,4373.333496,4261.410156,4319.358887,4312.051270,4288.077148,4307.820313,4294.102539,4473.846191,4495.512695,4346.410156,4403.205078,0.000000,4.000000,85.000000,,,,0.000000,4.000000,4.000000,4.000000,4.000000,4.000000,4.000000,4.000000,4.000000,4.000000,4.000000,4.000000,4.000000,4.000000,4.000000,100.000000,,,,,,,,,,,,,,,,,,,,,,,,,,,,,,,,,,,,,,,,,,,,,,,,,,,,,,,,,,,,,,,,,,,,,,,,,,,,,,,,,,,,,,
1676060301.726682,1676060301.727321,60.000000,0.000000,4329.358887,4379.743652,4326.922852,4343.846191,4242.948730,4305.128418,4295.384766,4276.666504,4297.692383,4269.230957,4435.256348,4463.333496,4303.333496,4366.794922,0.000000,4.000000,85.000000,,,,0.000000,4.000000,4.000000,4.000000,4.000000,4.000000,4.000000,4.000000,4.000000,4.000000,4.000000,4.000000,4.000000,4.000000,4.000000,100.000000,,,,,,,,,,,,,,,,,,,,,,,,,,,,,,,,,,,,,,,,,,,,,,,,,,,,,,,,,,,,,,,,,,,,,,,,,,,,,,,,,,,,,,
1676060301.734490,1676060301.735229,61.000000,0.000000,4315.128418,4372.563965,4309.102539,4323.846191,4230.512695,4301.153809,4291.025879,4269.487305,4288.461426,4259.102539,4411.922852,4446.410156,4285.256348,4346.025879,0.000000,4.000000,85.000000,,,,0.000000,4.000000,4.000000,4.000000,4.000000,4.000000,4.000000,4.000000,4.000000,4.000000,4.000000,4.000000,4.000000,4.000000,4.000000,100.000000,,,,,,,,,,,,,,,,,,,,,,,,,,,,,,,,,,,,,,,,,,,,,,,,,,,,,,,,,,,,,,,,,,,,,,,,,,,,,,,,,,,,,,
1676060301.742299,1676060301.743038,62.000000,0.000000,4330.512695,4387.948730,4325.769043,4336.410156,4235.641113,4314.871582,4309.743652,4285.256348,4300.769043,4281.922852,4434.102539,4465.512695,4303.077148,4363.205078,0.000000,4.000000,85.000000,,,,0.000000,4.000000,4.000000,4.000000,4.000000,4.000000,4.000000,4.000000,4.000000,4.000000,4.000000,4.000000,4.000000,4.000000,4.000000,100.000000,,,,,,,,,,,,,,,,,4.198404,6.320606,1.205992,1.897275,1.199485,10.833059,2.997492,1.230850,1.853704,1.082448,4.104384,5.993028,1.158967,1.744752,1.266233,3.323124,3.534463,0.868168,1.784670,1.045050,5.787309,1.940168,0.678689,1.014589,0.648170,1.881388,0.824670,0.597174,0.590487,0.657374,1.968500,1.441250,1.414495,1.162581,0.819504,3.116620,1.124020,1.371893,1.488839,1.101771,1.908387,1.320320,1.205694,1.567716,1.061470,2.262536,2.065796,2.142536,2.405742,1.396977,12.377655,10.846748,2.511740,3.293823,2.081737,7.635213,7.750253,2.254475,2.437483,1.916756,11.770426,9.148978,2.574269,2.834953,1.762167,126.847633,59.540333,11.070132,4.782306,1.926898
1676060301.750107,1676060301.750846,63.000000,0.000000,4324.871582,4372.692383,4324.358887,4337.948730,4237.563965,4314.487305,4309.230957,4287.563965,4306.538574,4276.538574,4430.000000,4462.820313,4294.102539,4356.025879,0.000000,4.000000,85.000000,,,,0.000000,4.000000,4.000000,4.000000,4.000000,4.000000,4.000000,4.000000,4.000000,4.000000,4.000000,4.000000,4.000000,4.000000,4.000000,100.000000,,,,,,,,,,,,,,,,,,,,,,,,,,,,,,,,,,,,,,,,,,,,,,,,,,,,,,,,,,,,,,,,,,,,,,,,,,,,,,,,,,,,,,
1676060301.757915,1676060301.758555,64.000000,0.000000,4291.410156,4348.717773,4294.230957,4315.641113,4226.666504,4299.102539,4289.102539,4266.153809,4289.615234,4239.358887,4390.769043,4427.563965,4258.077148,4315.128418,2503.000000,4.000000,85.000000,,,,0.000000,4.000000,4.000000,4.000000,4.000000,4.000000,4.000000,4.000000,4.000000,4.000000,4.000000,4.000000,4.000000,4.000000,4.000000,100.000000,,,,,,,,,,,,,,,,,,,,,,,,,,,,,,,,,,,,,,,,,,,,,,,,,,,,,,,,,,,,,,,,,,,,,,,,,,,,,,,,,,,,,,
1676060301.765724,1676060301.766363,65.000000,0.000000,4301.153809,4362.307617,4300.000000,4321.538574,4229.487305,4312.307617,4299.102539,4269.487305,4296.794922,4251.666504,4407.051270,4437.820313,4285.128418,4325.256348,2466.000000,4.000000,85.000000,,,,0.000000,4.000000,4.000000,4.000000,4.000000,4.000000,4.000000,4.000000,4.000000,4.000000,4.000000,4.000000,4.000000,4.000000,4.000000,100.000000,,,,,,,,,,,,,,,,,,,,,,,,,,,,,,,,,,,,,,,,,,,,,,,,,,,,,,,,,,,,,,,,,,,,,,,,,,,,,,,,,,,,,,
1676060301.773532,1676060301.774072,66.000000,0.000000,4335.128418,4366.153809,4328.717773,4342.820313,4239.743652,4332.307617,4321.410156,4291.794922,4322.563965,4296.153809,4458.974121,4479.871582,4346.538574,4371.922852,2381.000000,4.000000,85.000000,,,,0.000000,4.000000,4.000000,4.000000,4.000000,4.000000,4.000000,4.000000,4.000000,4.000000,4.000000,4.000000,4.000000,4.000000,4.000000,100.000000,,,,,,,,,,,,,,,,,,,,,,,,,,,,,,,,,,,,,,,,,,,,,,,,,,,,,,,,,,,,,,,,,,,,,,,,,,,,,,,,,,,,,,
1676060301.781341,1676060301.781980,67.000000,0.000000,4314.102539,4316.922852,4312.051270,4316.922852,4222.563965,4313.077148,4303.589844,4277.179688,4304.487305,4281.153809,4451.410156,4464.487305,4339.871582,4366.922852,2463.000000,4.000000,85.000000,,,,0.000000,4.000000,4.000000,4.000000,4.000000,4.000000,4.000000,4.000000,4.000000,4.000000,4.000000,4.000000,4.000000,4.000000,4.000000,100.000000,,,,,,,,,,,,,,,,,,,,,,,,,,,,,,,,,,,,,,,,,,,,,,,,,,,,,,,,,,,,,,,,,,,,,,,,,,,,,,,,,,,,,,
1676060301.789149,1676060301.789789,68.000000,0.000000,4291.282227,4283.717773,4297.051270,4286.153809,4204.871582,4296.794922,4287.948730,4254.871582,4278.461426,4250.256348,4434.615234,4439.102539,4330.000000,4353.846191,2436.000000,4.000000,85.000000,,,,0.000000,4.000000,4.000000,4.000000,4.000000,4.000000,4.000000,4.000000,4.000000,4.000000,4.000000,4.000000,4.000000,4.000000,4.000000,100.000000,,,,,,,,,,,,,,,,,,,,,,,,,,,,,,,,,,,,,,,,,,,,,,,,,,,,,,,,,,,,,,,,,,,,,,,,,,,,,,,,,,,,,,
1676060301.796957,1676060301.797697,69.000000,0.000000,4319.102539,4290.128418,4316.282227,4301.025879,4213.846191,4309.871582,4306.538574,4272.692383,4294.358887,4274.102539,4470.641113,4465.641113,4378.717773,4378.077148,2363.000000,4.000000,85.000000,,,,0.000000,4.000000,4.000000,4.000000,4.000000,4.000000,4.000000,4.000000,4.000000,4.000000,4.000000,4.000000,4.000000,4.000000,4.000000,100.000000,,,,,,,,,,,,,,,,,,,,,,,,,,,,,,,,,,,,,,,,,,,,,,,,,,,,,,,,,,,,,,,,,,,,,,,,,,,,,,,,,,,,,,
1676060301.804766,1676060301.805505,70.000000,0.000000,4329.615234,4284.871582,4319.230957,4316.153809,4221.410156,4315.384766,4314.102539,4290.897461,4306.538574,4292.051270,4497.820313,4487.436035,4406.922852,4391.153809,2214.000000,4.000000,85.000000,,,,0.000000,4.000000,4.000000,4.000000,4.000000,4.000000,4.000000,4.000000,4.000000,4.000000,4.000000,4.000000,4.000000,4.000000,4.000000,100.000000,,,,,,,,,,,,,,,,,,,,,,,,,,,,,,,,,,,,,,,,,,,,,,,,,,,,,,,,,,,,,,,,,,,,,,,,,,,,,,,,,,,,,,
1676060301.812574,1676060301.813414,71.000000,0.000000,4315.000000,4275.128418,4315.384766,4314.230957,4218.205078,4310.897461,4310.897461,4290.897461,4302.948730,4281.794922,4503.846191,4491.794922,4407.820313,4395.000000,2204.000000,4.000000,85.000000,,,,0.000000,4.000000,4.000000,4.000000,4.000000,4.000000,4.000000,4.000000,4.000000,4.000000,4.000000,4.000000,4.000000,4.000000,4.000000,100.000000,,,,,,,,,,,,,,,,,,,,,,,,,,,,,,,,,,,,,,,,,,,,,,,,,,,,,,,,,,,,,,,,,,,,,,,,,,,,,,,,,,,,,,
1676060301.820382,1676060301.821222,72.000000,0.000000,4309.871582,4261.025879,4315.128418,4306.025879,4203.717773,4304.230957,4304.487305,4282.563965,4297.436035,4278.077148,4505.384766,4490.384766,4412.307617,4395.769043,2264.000000,4.000000,85.000000,,,,0.000000,4.000000,4.000000,4.000000,4.000000,4.000000,4.000000,4.000000,4.000000,4.000000,4.000000,4.000000,4.000000,4.000000,4.000000,100.000000,,,,,,,,,,,,,,,,,,,,,,,,,,,,,,,,,,,,,,,,,,,,,,,,,,,,,,,,,,,,,,,,,,,,,,,,,,,,,,,,,,,,,,
1676060301.828191,1676060301.829130,73.000000,0.000000,4296.538574,4226.025879,4293.333496,4288.333496,4181.025879,4290.512695,4284.230957,4263.205078,4282.307617,4276.025879,4486.794922,4473.077148,4399.743652,4369.615234,2237.000000,4.000000,85.000000,,,,0.000000,4.000000,4.000000,4.000000,4.000000,4.000000,4.000000,4.000000,4.000000,4.000000,4.000000,4.000000,4.000000,4.000000,4.000000,100.000000,,,,,,,,,,,,,,,,,,,,,,,,,,,,,,,,,,,,,,,,,,,,,,,,,,,,,,,,,,,,,,,,,,,,,,,,,,,,,,,,,,,,,,
1676060301.835999,1676060301.836939,74.000000,0.000000,4298.205078,4225.384766,4291.922852,4296.282227,4184.743652,4292.820313,4285.641113,4264.230957,4290.128418,4287.563965,4493.205078,4488.333496,4405.512695,4374.102539,2720.000000,4.000000,85.000000,,,,0.000000,4.000000,4.000000,4.000000,4.000000,4.000000,4.000000,4.000000,4.000000,4.000000,4.000000,4.000000,4.000000,4.000000,4.000000,100.000000,,,,,,,,,,,,,,,,,,,,,,,,,,,,,,,,,,,,,,,,,,,,,,,,,,,,,,,,,,,,,,,,,,,,,,,,,,,,,,,,,,,,,,
1676060301.843808,1676060301.844647,75.000000,0.000000,4316.410156,4255.641113,4318.205078,4323.077148,4202.179688,4303.717773,4310.384766,4291.282227,4320.000000,4310.128418,4528.461426,4532.436035,4434.230957,4410.384766,2900.000000,4.000000,85.000000,,,,0.000000,4.000000,4.000000,4.000000,4.000000,4.000000,4.000000,4.000000,4.000000,4.000000,4.000000,4.000000,4.000000,4.000000,4.000000,100.000000,,,,,,,,,,,,,,,,,,,,,,,,,,,,,,,,,,,,,,,,,,,,,,,,,,,,,,,,,,,,,,,,,,,,,,,,,,,,,,,,,,,,,,
1676060301.851616,1676060301.852456,76.000000,0.000000,4295.769043,4241.538574,4304.358887,4309.871582,4187.948730,4296.282227,4306.282227,4290.128418,4315.000000,4299.871582,4519.871582,4523.461426,4418.333496,4394.358887,3106.000000,4.000000,85.000000,,,,0.000000,4.000000,4.000000,4.000000,4.000000,4.000000,4.000000,4.000000,4.000000,4.000000,4.000000,4.000000,4.000000,4.000000,4.000000,100.000000,,,,,,,,,,,,,,,,,,,,,,,,,,,,,,,,,,,,,,,,,,,,,,,,,,,,,,,,,,,,,,,,,,,,,,,,,,,,,,,,,,,,,,
1676060301.859424,1676060301.860164,77.000000,0.000000,4267.820313,4213.717773,4269.743652,4286.538574,4170.128418,4287.692383,4285.897461,4263.974121,4288.205078,4270.384766,4477.179688,4485.384766,4379.487305,4353.717773,3218.000000,4.000000,85.000000,,,,0.000000,4.000000,4.000000,4.000000,4.000000,4.000000,4.000000,4.000000,4.000000,4.000000,4.000000,4.000000,4.000000,4.000000,4.000000,100.000000,,,,,,,,,,,,,,,,,,,,,,,,,,,,,,,,,,,,,,,,,,,,,,,,,,,,,,,,,,,,,,,,,,,,,,,,,,,,,,,,,,,,,,
1676060301.867233,1676060301.867973,78.000000,0.000000,4288.205078,4235.512695,4280.256348,4304.615234,4180.897461,4295.128418,4293.974121,4268.717773,4293.461426,4273.077148,4473.205078,4492.051270,4377.307617,4360.128418,2720.000000,4.000000,85.000000,,,,0.000000,4.000000,4.000000,4.000000,4.000000,4.000000,4.000000,4.000000,4.000000,4.000000,4.000000,4.000000,4.000000,4.000000,4.000000,100.000000,1.000000,25.000000,3.000000,3.000000,1.000000,4.000000,1.000000,4.000000,3.000000,3.000000,4.000000,3.000000,1.000000,1.000000,1.000000,1.000000,4.433488,7.904674,1.517410,2.075938,1.370308,8.199389,3.593822,1.303254,1.855345,1.110564,4.641344,7.363043,1.518959,1.905862,1.378150,2.850512,3.932030,1.025584,1.833142,1.172213,13.836516,3.070915,0.735903,1.109200,0.745496,1.916367,0.907492,0.532482,0.567035,0.667103,1.760238,1.280702,1.616233,1.267560,0.862796,2.871682,1.013715,1.449448,1.621958,1.222005,1.670321,1.353449,1.284343,1.725349,1.234461,2.311427,2.575571,2.374492,2.864861,1.586926,11.115716,13.776555,2.756555,3.473518,2.408117,6.898515,9.163334,2.675429,2.726265,2.243952,9.511149,11.490810,2.928390,3.048267,2.086632,116.998116,57.080185,10.238464,4.797582,2.251651
1676060301.875041,1676060301.875681,79.000000,0.000000,4310.384766,4276.025879,4306.153809,4331.410156,4188.846191,4304.230957,4312.307617,4291.025879,4312.563965,4292.820313,4494.358887,4516.794922,4387.692383,4381.922852,2900.000000,4.000000,85.000000,,,,0.000000,4.000000,4.000000,4.000000,4.000000,4.000000,4.000000,4.000000,4.000000,4.000000,4.000000,4.000000,4.000000,4.000000,4.000000,100.000000,,,,,,,,,,,,,,,,,,,,,,,,,,,,,,,,,,,,,,,,,,,,,,,,,,,,,,,,,,,,,,,,,,,,,,,,,,,,,,,,,,,,,,
1676060301.882850,1676060301.883490,80.000000,0.000000,4296.282227,4285.897461,4302.051270,4329.230957,4182.948730,4303.974121,4317.307617,4290.128418,4310.512695,4286.282227,4488.333496,4511.282227,4377.948730,4375.897461,3106.000000,4.000000,85.000000,,,,0.000000,4.000000,4.000000,4.000000,4.000000,4.000000,4.000000,4.000000,4.000000,4.000000,4.000000,4.000000,4.000000,4.000000,4.000000,100.000000,,,,,,,,,,,,,,,,,,,,,,,,,,,,,,,,,,,,,,,,,,,,,,,,,,,,,,,,,,,,,,,,,,,,,,,,,,,,,,,,,,,,,,
1676060301.890658,1676060301.891198,81.000000,0.000000,4292.307617,4286.025879,4296.282227,4323.333496,4186.794922,4308.589844,4321.666504,4285.897461,4304.230957,4272.179688,4471.282227,4499.743652,4363.077148,4368.846191,3218.000000,4.000000,85.000000,,,,0.000000,4.000000,4.000000,4.000000,4.000000,4.000000,4.000000,4.000000,4.000000,4.000000,4.000000,4.000000,4.000000,4.000000,4.000000,100.000000,,,,,,,,,,,,,,,,,,,,,,,,,,,,,,,,,,,,,,,,,,,,,,,,,,,,,,,,,,,,,,,,,,,,,,,,,,,,,,,,,,,,,,
1676060301.898466,1676060301.899007,82.000000,0.000000,4317.179688,4309.358887,4314.743652,4341.410156,4202.820313,4324.615234,4331.153809,4296.538574,4313.077148,4283.974121,4480.128418,4514.230957,4365.256348,4381.538574,2720.000000,4.000000,85.000000,,,,0.000000,4.000000,4.000000,4.000000,4.000000,4.000000,4.000000,4.000000,4.000000,4.000000,4.000000,4.000000,4.000000,4.000000,4.000000,100.000000,,,,,,,,,,,,,,,,,,,,,,,,,,,,,,,,,,,,,,,,,,,,,,,,,,,,,,,,,,,,,,,,,,,,,,,,,,,,,,,,,,,,,,
1676060301.906275,1676060301.906715,83.000000,0.000000,4323.974121,4326.538574,4323.974121,4358.205078,4207.179688,4324.102539,4326.794922,4295.256348,4313.589844,4296.410156,4485.384766,4520.641113,4366.666504,4382.563965,2900.000000,4.000000,85.000000,,,,0.000000,4.000000,4.000000,4.000000,4.000000,4.000000,4.000000,4.000000,4.000000,4.000000,4.000000,4.000000,4.000000,4.000000,4.000000,100.000000,,,,,,,,,,,,,,,,,,,,,,,,,,,,,,,,,,,,,,,,,,,,,,,,,,,,,,,,,,,,,,,,,,,,,,,,,,,,,,,,,,,,,,
1676060301.914083,1676060301.914624,84.000000,0.000000,4295.641113,4313.717773,4302.051270,4344.102539,4193.333496,4299.102539,4300.000000,4267.307617,4287.692383,4279.487305,4453.205078,4488.974121,4338.717773,4356.922852,3106.000000,4.000000,85.000000,,,,0.000000,4.000000,4.000000,4.000000,4.000000,4.000000,4.000000,4.000000,4.000000,4.000000,4.000000,4.000000,4.000000,4.000000,4.000000,100.000000,,,,,,,,,,,,,,,,,,,,,,,,,,,,,,,,,,,,,,,,,,,,,,,,,,,,,,,,,,,,,,,,,,,,,,,,,,,,,,,,,,,,,,
1676060301.921892,1676060301.922432,85.000000,0.000000,4289.615234,4312.179688,4288.589844,4334.102539,4187.692383,4292.179688,4285.384766,4250.769043,4277.307617,4267.436035,4437.563965,4472.051270,4326.538574,4347.820313,3218.000000,4.000000,85.000000,,,,0.000000,4.000000,4.000000,4.000000,4.000000,4.000000,4.000000,4.000000,4.000000,4.000000,4.000000,4.000000,4.000000,4.000000,4.000000,100.000000,,,,,,,,,,,,,,,,,,,,,,,,,,,,,,,,,,,,,,,,,,,,,,,,,,,,,,,,,,,,,,,,,,,,,,,,,,,,,,,,,,,,,,
1676060301.929700,1676060301.930341,86.000000,0.000000,4323.974121,4338.589844,4310.384766,4363.974121,4203.589844,4314.487305,4302.179688,4269.358887,4301.025879,4281.153809,4468.717773,4500.769043,4359.102539,4376.794922,2720.000000,4.000000,85.000000,,,,0.000000,4.000000,4.000000,4.000000,4.000000,4.000000,4.000000,4.000000,4.000000,4.000000,4.000000,4.000000,4.000000,4.000000,4.000000,100.000000,,,,,,,,,,,,,,,,,,,,,,,,,,,,,,,,,,,,,,,,,,,,,,,,,,,,,,,,,,,,,,,,,,,,,,,,,,,,,,,,,,,,,,
1676060301.937508,1676060301.938149,87.000000,0.000000,4337.436035,4347.692383,4329.487305,4385.641113,4212.692383,4322.179688,4314.615234,4288.205078,4318.589844,4295.641113,4487.436035,4521.282227,4372.179688,4390.769043,2900.000000,4.000000,85.000000,,,,0.000000,4.000000,4.000000,4.000000,4.000000,4.000000,4.000000,4.000000,4.000000,4.000000,4.000000,4.000000,4.000000,4.000000,4.000000,100.000000,,,,,,,,,,,,,,,,,,,,,,,,,,,,,,,,,,,,,,,,,,,,,,,,,,,,,,,,,,,,,,,,,,,,,,,,,,,,,,,,,,,,,,
1676060301.945317,1676060301.946057,88.000000,0.000000,4301.410156,4320.000000,4306.410156,4360.256348,4190.897461,4298.461426,4298.717773,4275.000000,4301.153809,4279.743652,4457.948730,4487.820313,4336.410156,4352.179688,3106.000000,4.000000,85.000000,,,,0.000000,4.000000,4.000000,4.000000,4.000000,4.000000,4.000000,4.000000,4.000000,4.000000,4.000000,4.000000,4.000000,4.000000,4.000000,100.000000,,,,,,,,,,,,,,,,,,,,,,,,,,,,,,,,,,,,,,,,,,,,,,,,,,,,,,,,,,,,,,,,,,,,,,,,,,,,,,,,,,,,,,
1676060301.953125,1676060301.953866,89.000000,0.000000,4269.487305,4293.333496,4268.077148,4332.051270,4165.897461,4281.794922,4282.692383,4254.230957,4274.615234,4244.615234,4429.487305,4449.230957,4320.641113,4322.692383,3218.000000,4.000000,85.000000,,,,0.000000,4.000000,4.000000,4.000000,4.000000,4.000000,4.000000,4.000000,4.000000,4.000000,4.000000,4.000000,4.000000,4.000000,4.000000,100.000000,,,,,,,,,,,,,,,,,,,,,,,,,,,,,,,,,,,,,,,,,,,,,,,,,,,,,,,,,,,,,,,,,,,,,,,,,,,,,,,,,,,,,,
1676060301.960933,1676060301.961674,90.000000,0.000000,4289.230957,4296.922852,4276.666504,4346.666504,4176.666504,4301.666504,4303.974121,4269.743652,4289.871582,4258.461426,4457.436035,4470.512695,4359.102539,4358.461426,2720.000000,4.000000,85.000000,,,,0.000000,4.000000,4.000000,4.000000,4.000000,4.000000,4.000000,4.000000,4.000000,4.000000,4.000000,4.000000,4.000000,4.000000,4.000000,100.000000,,,,,,,,,,,,,,,,,,,,,,,,,,,,,,,,,,,,,,,,,,,,,,,,,,,,,,,,,,,,,,,,,,,,,,,,,,,,,,,,,,,,,,
1676060301.968742,1676060301.969383,91.000000,0.000000,4307.307617,4302.563965,4298.717773,4365.512695,4191.410156,4316.922852,4323.589844,4294.615234,4318.974121,4302.820313,4488.077148,4501.794922,4381.538574,4385.384766,2900.000000,4.000000,85.000000,,,,0.000000,4.000000,4.000000,4.000000,4.000000,4.000000,4.000000,4.000000,4.000000,4.000000,4.000000,4.000000,4.000000,4.000000,4.000000,100.000000,,,,,,,,,,,,,,,,,,,,,,,,,,,,,,,,,,,,,,,,,,,,,,,,,,,,,,,,,,,,,,,,,,,,,,,,,,,,,,,,,,,,,,
1676060301.976550,1676060301.977291,92.000000,0.000000,4282.692383,4284.871582,4278.589844,4348.461426,4173.589844,4298.077148,4304.102539,4284.743652,4304.358887,4290.512695,4468.077148,4477.563965,4356.922852,4356.153809,3106.000000,4.000000,85.000000,,,,0.000000,4.000000,4.000000,4.000000,4.000000,4.000000,4.000000,4.000000,4.000000,4.000000,4.000000,4.000000,4.000000,4.000000,4.000000,100.000000,,,,,,,,,,,,,,,,,,,,,,,,,,,,,,,,,,,,,,,,,,,,,,,,,,,,,,,,,,,,,,,,,,,,,,,,,,,,,,,,,,,,,,
1676060301.984359,1676060301.985100,93.000000,0.000000,4266.538574,4268.974121,4257.948730,4335.769043,4161.538574,4288.717773,4290.512695,4270.641113,4282.436035,4256.538574,4451.794922,4454.230957,4343.333496,4335.769043,3218.000000,4.000000,85.000000,,,,0.000000,4.000000,4.000000,4.000000,4.000000,4.000000,4.000000,4.000000,4.000000,4.000000,4.000000,4.000000,4.000000,4.000000,4.000000,100.000000,,,,,,,,,,,,,,,,,,,,,,,,,,,,,,,,,,,,,,,,,,,,,,,,,,,,,,,,,,,,,,,,,,,,,,,,,,,,,,,,,,,,,,
1676060301.992167,1676060301.993008,94.000000,0.000000,4287.820313,4277.436035,4273.717773,4353.974121,4178.461426,4303.461426,4304.615234,4280.512695,4296.025879,4273.974121,4471.153809,4478.589844,4360.641113,4353.974121,2720.000000,4.000000,85.000000,,,,0.000000,4.000000,4.000000,4.000000,4.000000,4.000000,4.000000,4.000000,4.000000,4.000000,4.000000,4.000000,4.000000,4.000000,4.000000,100.000000,,,,,,,,,,,,,,,,,4.618535,9.030895,1.738104,2.215095,1.597329,6.980791,4.282654,1.360359,1.855697,1.184512,5.088568,8.437047,1.792825,2.011048,1.550687,2.567413,4.344203,1.166859,1.873485,1.359578,30.070152,5.357380,0.823622,1.290306,0.906475,1.759083,0.968189,0.529224,0.544320,0.692183,1.467309,1.198031,1.773260,1.324190,0.975884,2.801707,0.959215,1.478878,1.713448,1.402662,1.449619,1.379925,1.287365,1.848956,1.447450,2.403665,2.914177,2.454150,3.199793,1.834490,11.200778,15.566339,2.878197,3.531524,2.801497,6.714957,9.897582,2.891471,2.934397,2.648619,9.228551,12.792390,3.156781,3.143374,2.476367,92.881096,47.968071,8.420415,4.484716,2.668282
1676060301.999975,1676060302.000816,95.000000,0.000000,4310.512695,4289.743652,4293.974121,4375.897461,4191.666504,4310.769043,4312.307617,4286.282227,4309.102539,4294.743652,4492.436035,4502.948730,4380.897461,4378.717773,2900.000000,4.000000,85.000000,,,,0.000000,4.000000,4.000000,4.000000,4.000000,4.000000,4.000000,4.000000,4.000000,4.000000,4.000000,4.000000,4.000000,4.000000,4.000000,100.000000,,,,,,,,,,,,,,,,,,,,,,,,,,,,,,,,,,,,,,,,,,,,,,,,,,,,,,,,,,,,,,,,,,,,,,,,,,,,,,,,,,,,,,
1676060302.007784,1676060302.008725,96.000000,0.000000,4297.692383,4270.256348,4283.589844,4368.589844,4184.871582,4299.871582,4293.589844,4263.333496,4286.666504,4267.948730,4488.333496,4485.769043,4370.769043,4373.589844,3106.000000,4.000000,85.000000,,,,0.000000,4.000000,4.000000,4.000000,4.000000,4.000000,4.000000,4.000000,4.000000,4.000000,4.000000,4.000000,4.000000,4.000000,4.000000,100.000000,,,,,,,,,,,,,,,,,,,,,,,,,,,,,,,,,,,,,,,,,,,,,,,,,,,,,,,,,,,,,,,,,,,,,,,,,,,,,,,,,,,,,,
1676060302.015592,1676060302.016533,97.000000,0.000000,4283.846191,4255.384766,4272.051270,4357.436035,4177.563965,4291.410156,4278.846191,4245.641113,4268.717773,4253.077148,4486.153809,4468.077148,4353.589844,4358.077148,3218.000000,4.000000,85.000000,,,,0.000000,4.000000,4.000000,4.000000,4.000000,4.000000,4.000000,4.000000,4.000000,4.000000,4.000000,4.000000,4.000000,4.000000,4.000000,100.000000,,,,,,,,,,,,,,,,,,,,,,,,,,,,,,,,,,,,,,,,,,,,,,,,,,,,,,,,,,,,,,,,,,,,,,,,,,,,,,,,,,,,,,
1676060302.023400,1676060302.024442,98.000000,0.000000,4315.769043,4290.128418,4299.615234,4387.563965,4192.436035,4302.436035,4298.205078,4264.871582,4290.641113,4288.461426,4521.922852,4496.410156,4381.025879,4386.153809,2720.000000,4.000000,85.000000,,,,0.000000,4.000000,4.000000,4.000000,4.000000,4.000000,4.000000,4.000000,4.000000,4.000000,4.000000,4.000000,4.000000,4.000000,4.000000,100.000000,,,,,,,,,,,,,,,,,,,,,,,,,,,,,,,,,,,,,,,,,,,,,,,,,,,,,,,,,,,,,,,,,,,,,,,,,,,,,,,,,,,,,,
1676060302.031209,1676060302.032250,99.000000,0.000000,4345.128418,4316.538574,4326.025879,4416.153809,4208.589844,4312.820313,4315.897461,4284.615234,4310.512695,4314.871582,4556.538574,4526.153809,4408.846191,4419.615234,2900.000000,4.000000,85.000000,,,,0.000000,4.000000,4.000000,4.000000,4.000000,4.000000,4.000000,4.000000,4.000000,4.000000,4.000000,4.000000,4.000000,4.000000,4.000000,100.000000,,,,,,,,,,,,,,,,,,,,,,,,,,,,,,,,,,,,,,,,,,,,,,,,,,,,,,,,,,,,,,,,,,,,,,,,,,,,,,,,,,,,,,
1676060302.039017,1676060302.040158,100.000000,0.000000,4322.307617,4292.436035,4306.922852,4397.307617,4193.461426,4299.358887,4302.051270,4276.282227,4295.897461,4288.974121,4543.077148,4503.717773,4377.563965,4395.256348,3106.000000,4.000000,85.000000,,,,0.000000,4.000000,4.000000,4.000000,4.000000,4.000000,4.000000,4.000000,4.000000,4.000000,4.000000,4.000000,4.000000,4.000000,4.000000,100.000000,,,,,,,,,,,,,,,,,,,,,,,,,,,,,,,,,,,,,,,,,,,,,,,,,,,,,,,,,,,,,,,,,,,,,,,,,,,,,,,,,,,,,,
1676060302.046826,1676060302.048067,101.000000,0.000000,4307.307617,4289.230957,4293.846191,4384.871582,4181.282227,4289.743652,4297.948730,4280.256348,4296.538574,4281.025879,4539.102539,4485.128418,4359.871582,4378.974121,3218.000000,4.000000,85.000000,,,,0.000000,4.000000,4.000000,4.000000,4.000000,4.000000,4.000000,4.000000,4.000000,4.000000,4.000000,4.000000,4.000000,4.000000,4.000000,100.000000,,,,,,,,,,,,,,,,,,,,,,,,,,,,,,,,,,,,,,,,,,,,,,,,,,,,,,,,,,,,,,,,,,,,,,,,,,,,,,,,,,,,,,
1676060302.054634,1676060302.055875,102.000000,0.000000,4318.717773,4307.436035,4305.000000,4395.000000,4189.487305,4300.000000,4313.333496,4299.358887,4320.256348,4300.641113,4559.487305,4497.307617,4379.358887,4393.717773,2720.000000,4.000000,85.000000,,,,0.000000,4.000000,4.000000,4.000000,4.000000,4.000000,4.000000,4.000000,4.000000,4.000000,4.000000,4.000000,4.000000,4.000000,4.000000,100.000000,,,,,,,,,,,,,,,,,,,,,,,,,,,,,,,,,,,,,,,,,,,,,,,,,,,,,,,,,,,,,,,,,,,,,,,,,,,,,,,,,,,,,,
1676060302.062442,1676060302.063684,103.000000,0.000000,4298.589844,4284.358887,4285.384766,4379.615234,4177.179688,4292.307617,4298.717773,4282.692383,4306.025879,4275.128418,4533.333496,4472.948730,4354.743652,4370.897461,2900.000000,4.000000,85.000000,,,,0.000000,4.000000,4.000000,4.000000,4.000000,4.000000,4.000000,4.000000,4.000000,4.000000,4.000000,4.000000,4.000000,4.000000,4.000000,100.000000,,,,,,,,,,,,,,,,,,,,,,,,,,,,,,,,,,,,,,,,,,,,,,,,,,,,,,,,,,,,,,,,,,,,,,,,,,,,,,,,,,,,,,
1676060302.070251,1676060302.071392,104.000000,0.000000,4285.000000,4274.615234,4271.666504,4373.077148,4164.487305,4283.077148,4285.384766,4263.589844,4285.641113,4256.666504,4510.384766,4449.358887,4330.384766,4356.922852,3106.000000,4.000000,85.000000,,,,0.000000,4.000000,4.000000,4.000000,4.000000,4.000000,4.000000,4.000000,4.000000,4.000000,4.000000,4.000000,4.000000,4.000000,4.000000,100.000000,,,,,,,,,,,,,,,,,,,,,,,,,,,,,,,,,,,,,,,,,,,,,,,,,,,,,,,,,,,,,,,,,,,,,,,,,,,,,,,,,,,,,,
1676060302.078059,1676060302.079201,105.000000,0.000000,4313.205078,4309.230957,4302.436035,4401.410156,4183.333496,4302.692383,4310.256348,4286.410156,4308.974121,4293.846191,4538.846191,4483.205078,4359.615234,4388.717773,3218.000000,4.000000,85.000000,,,,0.000000,4.000000,4.000000,4.000000,4.000000,4.000000,4.000000,4.000000,4.000000,4.000000,4.000000,4.000000,4.000000,4.000000,4.000000,100.000000,,,,,,,,,,,,,,,,,,,,,,,,,,,,,,,,,,,,,,,,,,,,,,,,,,,,,,,,,,,,,,,,,,,,,,,,,,,,,,,,,,,,,,
1676060302.085868,1676060302.086909,106.000000,0.000000,4320.641113,4313.846191,4318.077148,4408.589844,4193.461426,4309.615234,4314.743652,4294.743652,4320.641113,4307.948730,4542.307617,4500.641113,4366.666504,4391.666504,2720.000000,4.000000,85.000000,,,,0.000000,4.000000,4.000000,4.000000,4.000000,4.000000,4.000000,4.000000,4.000000,4.000000,4.000000,4.000000,4.000000,4.000000,4.000000,100.000000,,,,,,,,,,,,,,,,,,,,,,,,,,,,,,,,,,,,,,,,,,,,,,,,,,,,,,,,,,,,,,,,,,,,,,,,,,,,,,,,,,,,,,
1676060302.093676,1676060302.094718,107.000000,0.000000,4304.743652,4289.230957,4302.948730,4392.820313,4180.256348,4296.410156,4293.333496,4267.051270,4294.871582,4276.666504,4513.974121,4474.743652,4343.974121,4368.846191,2900.000000,4.000000,85.000000,,,,0.000000,4.000000,4.000000,4.000000,4.000000,4.000000,4.000000,4.000000,4.000000,4.000000,4.000000,4.000000,4.000000,4.000000,4.000000,100.000000,,,,,,,,,,,,,,,,,,,,,,,,,,,,,,,,,,,,,,,,,,,,,,,,,,,,,,,,,,,,,,,,,,,,,,,,,,,,,,,,,,,,,,
1676060302.101484,1676060302.102426,108.000000,0.000000,4316.282227,4299.743652,4307.820313,4394.102539,4182.820313,4300.769043,4296.666504,4260.641113,4284.487305,4269.230957,4520.769043,4477.948730,4353.846191,4383.846191,3106.000000,4.000000,85.000000,,,,0.000000,4.000000,4.000000,4.000000,4.000000,4.000000,4.000000,4.000000,4.000000,4.000000,4.000000,4.000000,4.000000,4.000000,4.000000,100.000000,,,,,,,,,,,,,,,,,,,,,,,,,,,,,,,,,,,,,,,,,,,,,,,,,,,,,,,,,,,,,,,,,,,,,,,,,,,,,,,,,,,,,,
1676060302.109293,1676060302.110235,109.000000,0.000000,4341.410156,4326.153809,4336.410156,4409.487305,4198.846191,4312.051270,4316.666504,4282.692383,4304.358887,4293.717773,4544.230957,4512.307617,4377.307617,4412.692383,3218.000000,4.000000,85.000000,,,,0.000000,4.000000,4.000000,4.000000,4.000000,4.000000,4.000000,4.000000,4.000000,4.000000,4.000000,4.000000,4.000000,4.000000,4.000000,100.000000,,,,,,,,,,,,,,,,,,,,,,,,,,,,,,,,,,,,,,,,,,,,,,,,,,,,,,,,,,,,,,,,,,,,,,,,,,,,,,,,,,,,,,
1676060302.117101,1676060302.117943,110.000000,0.000000,4336.282227,4317.692383,4335.512695,4406.025879,4196.153809,4303.846191,4313.333496,4284.102539,4307.179688,4295.512695,4530.128418,4507.051270,4368.846191,4404.102539,2720.000000,4.000000,85.000000,,,,0.000000,4.000000,4.000000,4.000000,4.000000,4.000000,4.000000,4.000000,4.000000,4.000000,4.000000,4.000000,4.000000,4.000000,4.000000,100.000000,,,,,,,,,,,,,,,,,4.773082,9.380454,1.789606,2.234474,1.818078,7.708324,4.697797,1.332853,1.846084,1.296158,5.402000,8.938958,1.877926,2.020857,1.747157,2.531907,4.526674,1.223881,1.875356,1.575849,52.945835,8.426604,0.901084,1.551977,1.106290,1.479465,0.986103,0.571280,0.541312,0.733489,1.166810,1.174909,1.841202,1.318996,1.133744,2.800502,0.933994,1.409859,1.725946,1.605042,1.259169,1.375130,1.172292,1.903521,1.649366,2.441796,2.973158,2.283644,3.326943,2.079937,11.801457,15.679316,2.723724,3.407713,3.167860,6.938855,9.779108,2.786777,2.971535,3.038718,10.191473,12.791343,3.094840,3.048924,2.842702,63.105427,35.488365,6.162801,3.918386,3.091261
1676060302.124910,1676060302.125851,111.000000,0.000000,4314.487305,4295.512695,4305.256348,4382.307617,4182.692383,4292.948730,4295.128418,4262.820313,4284.743652,4269.102539,4502.179688,4474.871582,4353.205078,4384.102539,2900.000000,4.000000,85.000000,,,,0.000000,4.000000,4.000000,4.000000,4.000000,4.000000,4.000000,4.000000,4.000000,4.000000,4.000000,4.000000,4.000000,4.000000,4.000000,100.000000,,,,,,,,,,,,,,,,,,,,,,,,,,,,,,,,,,,,,,,,,,,,,,,,,,,,,,,,,,,,,,,,,,,,,,,,,,,,,,,,,,,,,,
1676060302.132718,1676060302.133660,112.000000,0.000000,4312.179688,4289.487305,4296.666504,4368.974121,4181.666504,4293.974121,4291.538574,4256.282227,4272.948730,4259.358887,4503.974121,4472.051270,4359.871582,4387.051270,3106.000000,4.000000,85.000000,,,,0.000000,4.000000,4.000000,4.000000,4.000000,4.000000,4.000000,4.000000,4.000000,4.000000,4.000000,4.000000,4.000000,4.000000,4.000000,100.000000,,,,,,,,,,,,,,,,,,,,,,,,,,,,,,,,,,,,,,,,,,,,,,,,,,,,,,,,,,,,,,,,,,,,,,,,,,,,,,,,,,,,,,
1676060302.140526,1676060302.141468,113.000000,0.000000,4325.769043,4299.871582,4313.461426,4374.358887,4189.358887,4296.410156,4299.615234,4270.769043,4291.025879,4288.461426,4525.769043,4493.589844,4381.282227,4404.358887,3218.000000,4.000000,85.000000,,,,0.000000,4.000000,4.000000,4.000000,4.000000,4.000000,4.000000,4.000000,4.000000,4.000000,4.000000,4.000000,4.000000,4.000000,4.000000,100.000000,,,,,,,,,,,,,,,,,,,,,,,,,,,,,,,,,,,,,,,,,,,,,,,,,,,,,,,,,,,,,,,,,,,,,,,,,,,,,,,,,,,,,,
1676060302.148335,1676060302.149177,114.000000,0.000000,4325.384766,4301.153809,4312.307617,4371.538574,4186.282227,4295.769043,4304.102539,4282.179688,4312.051270,4304.230957,4526.666504,4496.922852,4383.846191,4402.563965,2720.000000,4.000000,85.000000,,,,0.000000,4.000000,4.000000,4.000000,4.000000,4.000000,4.000000,4.000000,4.000000,4.000000,4.000000,4.000000,4.000000,4.000000,4.000000,100.000000,,,,,,,,,,,,,,,,,,,,,,,,,,,,,,,,,,,,,,,,,,,,,,,,,,,,,,,,,,,,,,,,,,,,,,,,,,,,,,,,,,,,,,
1676060302.156143,1676060302.157085,115.000000,0.000000,4303.717773,4282.307617,4292.051270,4351.025879,4181.794922,4294.615234,4298.717773,4276.794922,4304.871582,4281.153809,4503.717773,4475.256348,4359.102539,4376.922852,2900.000000,4.000000,85.000000,,,,0.000000,4.000000,4.000000,4.000000,4.000000,4.000000,4.000000,4.000000,4.000000,4.000000,4.000000,4.000000,4.000000,4.000000,4.000000,100.000000,,,,,,,,,,,,,,,,,,,,,,,,,,,,,,,,,,,,,,,,,,,,,,,,,,,,,,,,,,,,,,,,,,,,,,,,,,,,,,,,,,,,,,
1676060302.163952,1676060302.164894,116.000000,0.000000,4294.358887,4271.410156,4286.410156,4339.743652,4181.153809,4291.153809,4292.563965,4273.589844,4295.897461,4274.615234,4500.641113,4470.769043,4353.589844,4373.461426,3106.000000,4.000000,85.000000,,,,0.000000,4.000000,4.000000,4.000000,4.000000,4.000000,4.000000,4.000000,4.000000,4.000000,4.000000,4.000000,4.000000,4.000000,4.000000,100.000000,,,,,,,,,,,,,,,,,,,,,,,,,,,,,,,,,,,,,,,,,,,,,,,,,,,,,,,,,,,,,,,,,,,,,,,,,,,,,,,,,,,,,,
1676060302.171760,1676060302.172802,117.000000,0.000000,4307.436035,4271.794922,4292.820313,4341.538574,4173.205078,4283.717773,4291.025879,4280.128418,4302.179688,4288.077148,4521.922852,4489.871582,4373.846191,4395.897461,3218.000000,4.000000,85.000000,,,,0.000000,4.000000,4.000000,4.000000,4.000000,4.000000,4.000000,4.000000,4.000000,4.000000,4.000000,4.000000,4.000000,4.000000,4.000000,100.000000,,,,,,,,,,,,,,,,,,,,,,,,,,,,,,,,,,,,,,,,,,,,,,,,,,,,,,,,,,,,,,,,,,,,,,,,,,,,,,,,,,,,,,
1676060302.179568,1676060302.180610,118.000000,0.000000,4312.692383,4262.051270,4293.077148,4337.179688,4171.410156,4284.358887,4290.769043,4278.974121,4301.025879,4286.282227,4533.717773,4492.436035,4377.563965,4399.102539,2720.000000,4.000000,85.000000,,,,0.000000,4.000000,4.000000,4.000000,4.000000,4.000000,4.000000,4.000000,4.000000,4.000000,4.000000,4.000000,4.000000,4.000000,4.000000,100.000000,,,,,,,,,,,,,,,,,,,,,,,,,,,,,,,,,,,,,,,,,,,,,,,,,,,,,,,,,,,,,,,,,,,,,,,,,,,,,,,,,,,,,,
1676060302.187377,1676060302.188519,119.000000,0.000000,4312.307617,4261.666504,4297.051270,4338.846191,4188.717773,4301.794922,4300.897461,4281.410156,4301.538574,4284.358887,4545.641113,4486.153809,4374.871582,4394.743652,2900.000000,4.000000,85.000000,,,,0.000000,4.000000,4.000000,4.000000,4.000000,4.000000,4.000000,4.000000,4.000000,4.000000,4.000000,4.000000,4.000000,4.000000,4.000000,100.000000,,,,,,,,,,,,,,,,,,,,,,,,,,,,,,,,,,,,,,,,,,,,,,,,,,,,,,,,,,,,,,,,,,,,,,,,,,,,,,,,,,,,,,
1676060302.195185,1676060302.196327,120.000000,0.000000,4331.025879,4287.692383,4317.179688,4360.769043,4213.333496,4315.384766,4318.589844,4303.589844,4324.615234,4298.717773,4584.743652,4510.769043,4401.282227,4419.487305,3106.000000,4.000000,85.000000,,,,0.000000,4.000000,4.000000,4.000000,4.000000,4.000000,4.000000,4.000000,4.000000,4.000000,4.000000,4.000000,4.000000,4.000000,4.000000,100.000000,,,,,,,,,,,,,,,,,,,,,,,,,,,,,,,,,,,,,,,,,,,,,,,,,,,,,,,,,,,,,,,,,,,,,,,,,,,,,,,,,,,,,,
1676060302.202993,1676060302.204236,121.000000,0.000000,4343.974121,4296.922852,4329.358887,4368.461426,4214.871582,4308.589844,4316.153809,4303.974121,4324.615234,4298.461426,4610.512695,4526.538574,4419.102539,4436.025879,3218.000000,4.000000,85.000000,,,,0.000000,4.000000,4.000000,4.000000,4.000000,4.000000,4.000000,4.000000,4.000000,4.000000,4.000000,4.000000,4.000000,4.000000,4.000000,100.000000,,,,,,,,,,,,,,,,,,,,,,,,,,,,,,,,,,,,,,,,,,,,,,,,,,,,,,,,,,,,,,,,,,,,,,,,,,,,,,,,,,,,,,
1676060302.210802,1676060302.212044,122.000000,0.000000,4334.358887,4284.615234,4328.205078,4351.538574,4208.077148,4303.205078,4305.128418,4280.897461,4299.358887,4287.179688,4604.871582,4509.743652,4407.820313,4428.974121,2720.000000,4.000000,85.000000,,,,0.000000,4.000000,4.000000,4.000000,4.000000,4.000000,4.000000,4.000000,4.000000,4.000000,4.000000,4.000000,4.000000,4.000000,4.000000,100.000000,,,,,,,,,,,,,,,,,,,,,,,,,,,,,,,,,,,,,,,,,,,,,,,,,,,,,,,,,,,,,,,,,,,,,,,,,,,,,,,,,,,,,,
1676060302.218610,1676060302.219952,123.000000,0.000000,4329.871582,4277.436035,4333.077148,4344.871582,4210.000000,4303.589844,4307.820313,4279.230957,4300.000000,4294.615234,4603.077148,4507.051270,4403.589844,4429.615234,2900.000000,4.000000,85.000000,,,,0.000000,4.000000,4.000000,4.000000,4.000000,4.000000,4.000000,4.000000,4.000000,4.000000,4.000000,4.000000,4.000000,4.000000,4.000000,100.000000,,,,,,,,,,,,,,,,,,,,,,,,,,,,,,,,,,,,,,,,,,,,,,,,,,,,,,,,,,,,,,,,,,,,,,,,,,,,,,,,,,,,,,
1676060302.226418,1676060302.227761,124.000000,0.000000,4328.589844,4267.692383,4328.974121,4341.794922,4206.538574,4298.333496,4308.846191,4284.743652,4308.205078,4302.436035,4595.384766,4510.769043,4403.717773,4424.871582,3106.000000,4.000000,85.000000,,,,0.000000,4.000000,4.000000,4.000000,4.000000,4.000000,4.000000,4.000000,4.000000,4.000000,4.000000,4.000000,4.000000,4.000000,4.000000,100.000000,,,,,,,,,,,,,,,,,,,,,,,,,,,,,,,,,,,,,,,,,,,,,,,,,,,,,,,,,,,,,,,,,,,,,,,,,,,,,,,,,,,,,,
1676060302.234227,1676060302.235469,125.000000,0.000000,4322.436035,4266.666504,4324.487305,4334.102539,4207.692383,4300.256348,4310.000000,4285.128418,4308.461426,4297.948730,4578.333496,4500.897461,4400.384766,4414.487305,3218.000000,4.000000,85.000000,,,,0.000000,4.000000,4.000000,4.000000,4.000000,4.000000,4.000000,4.000000,4.000000,4.000000,4.000000,4.000000,4.000000,4.000000,4.000000,100.000000,,,,,,,,,,,,,,,,,,,,,,,,,,,,,,,,,,,,,,,,,,,,,,,,,,,,,,,,,,,,,,,,,,,,,,,,,,,,,,,,,,,,,,
1676060302.242035,1676060302.243278,126.000000,0.000000,4315.641113,4277.948730,4325.769043,4330.641113,4211.282227,4302.948730,4311.794922,4291.538574,4312.820313,4283.717773,4567.820313,4492.051270,4392.692383,4408.974121,2720.000000,4.000000,85.000000,,,,0.000000,4.000000,4.000000,4.000000,4.000000,4.000000,4.000000,4.000000,4.000000,4.000000,4.000000,4.000000,4.000000,4.000000,4.000000,100.000000,,,,,,,,,,,,,,,,,4.870759,8.923246,1.654818,2.095329,1.993205,11.841812,4.750697,1.195933,1.826951,1.436661,5.552993,8.785828,1.738336,1.924473,1.927470,2.906527,4.394011,1.163440,1.820071,1.785707,76.885193,11.498786,0.921828,1.827639,1.300085,1.181990,0.967338,0.626655,0.562216,0.786062,0.921341,1.180735,1.798378,1.250594,1.295043,2.737499,0.910829,1.265322,1.642810,1.779800,1.093759,1.315696,0.967738,1.872797,1.797906,2.390707,2.723732,1.890700,3.221568,2.280568,12.803442,14.123390,2.276712,3.089469,3.431648,7.412488,8.863223,2.363955,2.802841,3.336159,12.871263,11.664278,2.713632,2.747822,3.111855,36.474983,23.434017,4.023580,3.225248,3.434405
1676060302.249844,1676060302.250986,127.000000,0.000000,4308.333496,4278.846191,4309.615234,4326.922852,4201.538574,4294.487305,4301.666504,4291.922852,4312.051270,4276.025879,4552.563965,4482.307617,4376.025879,4398.333496,85.000000,4.000000,85.000000,,,,0.000000,4.000000,4.000000,4.000000,4.000000,4.000000,4.000000,4.000000,4.000000,4.000000,4.000000,4.000000,4.000000,4.000000,4.000000,100.000000,,,,,,,,,,,,,,,,,,,,,,,,,,,,,,,,,,,,,,,,,,,,,,,,,,,,,,,,,,,,,,,,,,,,,,,,,,,,,,,,,,,,,,
1676060302.257652,1676060302.258795,0.000000,0.000000,4310.384766,4279.871582,4296.538574,4328.205078,4201.410156,4298.205078,4297.051270,4291.282227,4310.641113,4288.717773,4539.102539,4474.230957,4368.461426,4395.000000,2523.000000,4.000000,85.000000,,,,0.000000,4.000000,4.000000,4.000000,4.000000,4.000000,4.000000,4.000000,4.000000,4.000000,4.000000,4.000000,4.000000,4.000000,4.000000,100.000000,,,,,,,,,,,,,,,,,,,,,,,,,,,,,,,,,,,,,,,,,,,,,,,,,,,,,,,,,,,,,,,,,,,,,,,,,,,,,,,,,,,,,,
1676060302.265460,1676060302.266503,1.000000,0.000000,4316.922852,4292.307617,4302.692383,4333.461426,4213.717773,4312.436035,4305.000000,4298.205078,4313.461426,4293.589844,4537.436035,4479.487305,4370.897461,4399.743652,2483.000000,4.000000,85.000000,,,,0.000000,4.000000,4.000000,4.000000,4.000000,4.000000,4.000000,4.000000,4.000000,4.000000,4.000000,4.000000,4.000000,4.000000,4.000000,100.000000,,,,,,,,,,,,,,,,,,,,,,,,,,,,,,,,,,,,,,,,,,,,,,,,,,,,,,,,,,,,,,,,,,,,,,,,,,,,,,,,,,,,,,
1676060302.273269,1676060302.274312,2.000000,0.000000,4310.641113,4292.436035,4299.230957,4325.128418,4207.692383,4303.717773,4298.717773,4289.230957,4304.358887,4276.794922,4524.230957,4475.000000,4358.846191,4386.666504,2413.000000,4.000000,85.000000,,,,0.000000,4.000000,4.000000,4.000000,4.000000,4.000000,4.000000,4.000000,4.000000,4.000000,4.000000,4.000000,4.000000,4.000000,4.000000,100.000000,,,,,,,,,,,,,,,,,,,,,,,,,,,,,,,,,,,,,,,,,,,,,,,,,,,,,,,,,,,,,,,,,,,,,,,,,,,,,,,,,,,,,,
1676060302.281077,1676060302.282020,3.000000,0.000000,4308.461426,4289.358887,4295.128418,4320.641113,4202.692383,4294.230957,4289.615234,4278.205078,4298.589844,4278.205078,4515.128418,4468.077148,4353.717773,4380.512695,2474.000000,4.000000,85.000000,,,,0.000000,4.000000,4.000000,4.000000,4.000000,4.000000,4.000000,4.000000,4.000000,4.000000,4.000000,4.000000,4.000000,4.000000,4.000000,100.000000,,,,,,,,,,,,,,,,,,,,,,,,,,,,,,,,,,,,,,,,,,,,,,,,,,,,,,,,,,,,,,,,,,,,,,,,,,,,,,,,,,,,,,
1676060302.288885,1676060302.289829,4.000000,0.000000,4321.922852,4300.256348,4312.436035,4335.641113,4219.230957,4309.230957,4299.102539,4294.230957,4313.205078,4295.256348,4535.897461,4483.974121,4374.871582,4404.358887,2454.000000,4.000000,85.000000,,,,0.000000,4.000000,4.000000,4.000000,4.000000,4.000000,4.000000,4.000000,4.000000,4.000000,4.000000,4.000000,4.000000,4.000000,4.000000,100.000000,,,,,,,,,,,,,,,,,,,,,,,,,,,,,,,,,,,,,,,,,,,,,,,,,,,,,,,,,,,,,,,,,,,,,,,,,,,,,,,,,,,,,,
1676060302.296694,1676060302.297537,5.000000,0.000000,4323.461426,4299.615234,4318.589844,4337.563965,4221.794922,4312.307617,4300.641113,4300.000000,4311.025879,4286.153809,4546.153809,4495.000000,4385.128418,4415.384766,2378.000000,4.000000,85.000000,,,,0.000000,4.000000,4.000000,4.000000,4.000000,4.000000,4.000000,4.000000,4.000000,4.000000,4.000000,4.000000,4.000000,4.000000,4.000000,100.000000,,,,,,,,,,,,,,,,,,,,,,,,,,,,,,,,,,,,,,,,,,,,,,,,,,,,,,,,,,,,,,,,,,,,,,,,,,,,,,,,,,,,,,
1676060302.304502,1676060302.305346,6.000000,0.000000,4315.897461,4294.743652,4308.846191,4324.871582,4211.538574,4295.256348,4291.025879,4282.692383,4292.948730,4275.128418,4534.102539,4487.692383,4378.461426,4406.794922,2236.000000,4.000000,85.000000,,,,0.000000,4.000000,4.000000,4.000000,4.000000,4.000000,4.000000,4.000000,4.000000,4.000000,4.000000,4.000000,4.000000,4.000000,4.000000,100.000000,,,,,,,,,,,,,,,,,,,,,,,,,,,,,,,,,,,,,,,,,,,,,,,,,,,,,,,,,,,,,,,,,,,,,,,,,,,,,,,,,,,,,,
1676060302.312311,1676060302.313054,7.000000,0.000000,4329.358887,4305.641113,4318.974121,4329.743652,4214.358887,4293.717773,4293.461426,4278.077148,4293.974121,4293.205078,4536.922852,4490.512695,4383.333496,4410.897461,2227.000000,4.000000,85.000000,,,,0.000000,4.000000,4.000000,4.000000,4.000000,4.000000,4.000000,4.000000,4.000000,4.000000,4.000000,4.000000,4.000000,4.000000,4.000000,100.000000,,,,,,,,,,,,,,,,,,,,,,,,,,,,,,,,,,,,,,,,,,,,,,,,,,,,,,,,,,,,,,,,,,,,,,,,,,,,,,,,,,,,,,
1676060302.320119,1676060302.320863,8.000000,0.000000,4338.589844,4309.102539,4330.897461,4339.743652,4218.589844,4303.461426,4298.717773,4282.307617,4298.589844,4298.974121,4538.461426,4498.205078,4386.666504,4418.974121,2287.000000,4.000000,85.000000,,,,0.000000,4.000000,4.000000,4.000000,4.000000,4.000000,4.000000,4.000000,4.000000,4.000000,4.000000,4.000000,4.000000,4.000000,4.000000,100.000000,,,,,,,,,,,,,,,,,,,,,,,,,,,,,,,,,,,,,,,,,,,,,,,,,,,,,,,,,,,,,,,,,,,,,,,,,,,,,,,,,,,,,,
1676060302.327927,1676060302.328571,9.000000,0.000000,4321.538574,4296.282227,4320.128418,4329.487305,4214.230957,4301.410156,4294.230957,4278.589844,4286.153809,4277.307617,4522.563965,4488.846191,4377.563965,4412.051270,2249.000000,4.000000,85.000000,,,,0.000000,4.000000,4.000000,4.000000,4.000000,4.000000,4.000000,4.000000,4.000000,4.000000,4.000000,4.000000,4.000000,4.000000,4.000000,100.000000,,,,,,,,,,,,,,,,,,,,,,,,,,,,,,,,,,,,,,,,,,,,,,,,,,,,,,,,,,,,,,,,,,,,,,,,,,,,,,,,,,,,,,
1676060302.335736,1676060302.336380,10.000000,0.000000,4315.000000,4295.256348,4312.948730,4315.128418,4214.102539,4295.897461,4292.820313,4285.512695,4290.641113,4281.025879,4526.025879,4485.641113,4385.000000,4410.897461,2730.000000,4.000000,85.000000,,,,0.000000,4.000000,4.000000,4.000000,4.000000,4.000000,4.000000,4.000000,4.000000,4.000000,4.000000,4.000000,4.000000,4.000000,4.000000,100.000000,,,,,,,,,,,,,,,,,,,,,,,,,,,,,,,,,,,,,,,,,,,,,,,,,,,,,,,,,,,,,,,,,,,,,,,,,,,,,,,,,,,,,,
1676060302.343544,1676060302.344088,11.000000,0.000000,4323.077148,4297.051270,4317.563965,4313.077148,4213.717773,4296.794922,4300.000000,4301.794922,4316.794922,4307.948730,4541.282227,4496.025879,4401.282227,4418.846191,2937.000000,4.000000,85.000000,,,,0.000000,4.000000,4.000000,4.000000,4.000000,4.000000,4.000000,4.000000,4.000000,4.000000,4.000000,4.000000,4.000000,4.000000,4.000000,100.000000,,,,,,,,,,,,,,,,,,,,,,,,,,,,,,,,,,,,,,,,,,,,,,,,,,,,,,,,,,,,,,,,,,,,,,,,,,,,,,,,,,,,,,
1676060302.351353,1676060302.351997,12.000000,0.000000,4314.487305,4283.589844,4311.922852,4307.179688,4203.717773,4295.897461,4293.461426,4299.358887,4315.000000,4300.256348,4527.179688,4487.179688,4386.153809,4409.871582,3119.000000,4.000000,85.000000,,,,0.000000,4.000000,4.000000,4.000000,4.000000,4.000000,4.000000,4.000000,4.000000,4.000000,4.000000,4.000000,4.000000,4.000000,4.000000,100.000000,,,,,,,,,,,,,,,,,,,,,,,,,,,,,,,,,,,,,,,,,,,,,,,,,,,,,,,,,,,,,,,,,,,,,,,,,,,,,,,,,,,,,,
1676060302.359161,1676060302.359805,13.000000,0.000000,4306.410156,4277.948730,4306.666504,4297.948730,4199.358887,4294.487305,4282.436035,4287.179688,4296.538574,4276.666504,4510.256348,4474.230957,4367.563965,4399.615234,3249.000000,4.000000,85.000000,,,,0.000000,4.000000,4.000000,4.000000,4.000000,4.000000,4.000000,4.000000,4.000000,4.000000,4.000000,4.000000,4.000000,4.000000,4.000000,100.000000,,,,,,,,,,,,,,,,,,,,,,,,,,,,,,,,,,,,,,,,,,,,,,,,,,,,,,,,,,,,,,,,,,,,,,,,,,,,,,,,,,,,,,
1676060302.366969,1676060302.367714,14.000000,0.000000,4305.000000,4277.692383,4302.948730,4291.794922,4201.025879,4293.846191,4280.128418,4280.897461,4293.589844,4271.282227,4507.563965,4468.333496,4364.358887,4396.153809,2730.000000,4.000000,85.000000,,,,0.000000,4.000000,4.000000,4.000000,4.000000,4.000000,4.000000,4.000000,4.000000,4.000000,4.000000,4.000000,4.000000,4.000000,4.000000,100.000000,1.000000,25.000000,3.000000,4.000000,1.000000,4.000000,1.000000,4.000000,3.000000,3.000000,4.000000,3.000000,1.000000,1.000000,1.000000,1.000000,4.865590,7.916815,1.392824,1.821628,2.118715,20.042734,4.540205,0.991618,1.804690,1.595670,5.537475,8.094506,1.426815,1.745336,2.064726,3.740267,4.042068,1.003087,1.710143,1.958400,95.081154,13.688745,0.850154,2.016748,1.439340,0.944064,0.934196,0.652620,0.592866,0.840877,0.756105,1.179324,1.656536,1.134507,1.420617,2.505646,0.888238,1.119741,1.481437,1.887321,0.944072,1.208461,0.738675,1.765537,1.877471,2.278033,2.241256,1.406876,2.923471,2.427409,14.802876,11.481445,1.692521,2.638262,3.556731,7.994148,7.433375,1.747487,2.468679,3.507707,17.774536,9.925163,2.137667,2.295982,3.252323,19.084856,14.490002,2.409913,2.537253,3.642059
1676060302.374778,1676060302.375522,15.000000,0.000000,4293.461426,4275.384766,4287.307617,4289.743652,4197.820313,4290.000000,4278.589844,4275.897461,4292.948730,4272.307617,4491.538574,4453.974121,4352.179688,4380.897461,2937.000000,4.000000,85.000000,,,,0.000000,4.000000,4.000000,4.000000,4.000000,4.000000,4.000000,4.000000,4.000000,4.000000,4.000000,4.000000,4.000000,4.000000,4.000000,100.000000,,,,,,,,,,,,,,,,,,,,,,,,,,,,,,,,,,,,,,,,,,,,,,,,,,,,,,,,,,,,,,,,,,,,,,,,,,,,,,,,,,,,,,
1676060302.382586,1676060302.383430,16.000000,0.000000,4300.384766,4301.538574,4295.897461,4308.846191,4212.051270,4300.897461,4285.641113,4284.230957,4296.922852,4283.333496,4487.948730,4456.410156,4350.384766,4383.461426,0.000000,4.000000,85.000000,,,,0.000000,4.000000,4.000000,4.000000,4.000000,4.000000,4.000000,4.000000,4.000000,4.000000,4.000000,4.000000,4.000000,4.000000,4.000000,100.000000,,,,,,,,,,,,,,,,,,,,,,,,,,,,,,,,,,,,,,,,,,,,,,,,,,,,,,,,,,,,,,,,,,,,,,,,,,,,,,,,,,,,,,
1676060302.390395,1676060302.391239,17.000000,0.000000,4329.615234,4342.051270,4332.563965,4338.717773,4237.563965,4317.692383,4301.794922,4295.128418,4306.410156,4297.692383,4505.641113,4480.512695,4366.794922,4412.436035,0.000000,4.000000,85.000000,,,,0.000000,4.000000,4.000000,4.000000,4.000000,4.000000,4.000000,4.000000,4.000000,4.000000,4.000000,4.000000,4.000000,4.000000,4.000000,100.000000,,,,,,,,,,,,,,,,,,,,,,,,,,,,,,,,,,,,,,,,,,,,,,,,,,,,,,,,,,,,,,,,,,,,,,,,,,,,,,,,,,,,,,
1676060302.398203,1676060302.399147,18.000000,0.000000,4335.769043,4355.000000,4339.230957,4343.974121,4235.256348,4306.538574,4296.538574,4285.000000,4298.846191,4285.641113,4501.410156,4482.692383,4361.794922,4416.538574,0.000000,4.000000,85.000000,,,,0.000000,4.000000,4.000000,4.000000,4.000000,4.000000,4.000000,4.000000,4.000000,4.000000,4.000000,4.000000,4.000000,4.000000,4.000000,100.000000,,,,,,,,,,,,,,,,,,,,,,,,,,,,,,,,,,,,,,,,,,,,,,,,,,,,,,,,,,,,,,,,,,,,,,,,,,,,,,,,,,,,,,
1676060302.406011,1676060302.406956,19.000000,0.000000,4333.589844,4357.179688,4324.487305,4336.922852,4224.358887,4288.717773,4280.384766,4275.512695,4289.102539,4273.589844,4483.461426,4472.820313,4342.307617,4398.077148,0.000000,4.000000,85.000000,,,,0.000000,4.000000,4.000000,4.000000,4.000000,4.000000,4.000000,4.000000,4.000000,4.000000,4.000000,4.000000,4.000000,4.000000,4.000000,100.000000,,,,,,,,,,,,,,,,,,,,,,,,,,,,,,,,,,,,,,,,,,,,,,,,,,,,,,,,,,,,,,,,,,,,,,,,,,,,,,,,,,,,,,
1676060302.413820,1676060302.414864,20.000000,0.000000,4342.436035,4368.974121,4329.743652,4345.512695,4228.205078,4296.666504,4283.589844,4280.769043,4298.077148,4286.538574,4481.282227,4479.615234,4336.410156,4400.128418,0.000000,4.000000,85.000000,,,,0.000000,4.000000,4.000000,4.000000,4.000000,4.000000,4.000000,4.000000,4.000000,4.000000,4.000000,4.000000,4.000000,4.000000,4.000000,100.000000,,,,,,,,,,,,,,,,,,,,,,,,,,,,,,,,,,,,,,,,,,,,,,,,,,,,,,,,,,,,,,,,,,,,,,,,,,,,,,,,,,,,,,
1676060302.421628,1676060302.422672,21.000000,0.000000,4333.333496,4367.820313,4330.641113,4343.077148,4225.256348,4300.897461,4287.436035,4282.563965,4297.436035,4287.948730,4471.410156,4473.205078,4324.230957,4401.666504,0.000000,4.000000,85.000000,,,,0.000000,4.000000,4.000000,4.000000,4.000000,4.000000,4.000000,4.000000,4.000000,4.000000,4.000000,4.000000,4.000000,4.000000,4.000000,100.000000,,,,,,,,,,,,,,,,,,,,,,,,,,,,,,,,,,,,,,,,,,,,,,,,,,,,,,,,,,,,,,,,,,,,,,,,,,,,,,,,,,,,,,
1676060302.429436,1676060302.430381,22.000000,0.000000,4309.743652,4360.256348,4310.769043,4322.436035,4210.512695,4285.256348,4280.000000,4279.615234,4284.871582,4265.512695,4449.487305,4454.358887,4303.205078,4380.128418,0.000000,4.000000,85.000000,,,,0.000000,4.000000,4.000000,4.000000,4.000000,4.000000,4.000000,4.000000,4.000000,4.000000,4.000000,4.000000,4.000000,4.000000,4.000000,100.000000,,,,,,,,,,,,,,,,,,,,,,,,,,,,,,,,,,,,,,,,,,,,,,,,,,,,,,,,,,,,,,,,,,,,,,,,,,,,,,,,,,,,,,
1676060302.437245,1676060302.438189,23.000000,0.000000,4292.563965,4354.230957,4289.487305,4306.410156,4198.077148,4275.897461,4268.846191,4268.717773,4274.487305,4243.717773,4428.333496,4440.512695,4281.538574,4355.128418,0.000000,4.000000,85.000000,,,,0.000000,4.000000,4.000000,4.000000,4.000000,4.000000,4.000000,4.000000,4.000000,4.000000,4.000000,4.000000,4.000000,4.000000,4.000000,100.000000,,,,,,,,,,,,,,,,,,,,,,,,,,,,,,,,,,,,,,,,,,,,,,,,,,,,,,,,,,,,,,,,,,,,,,,,,,,,,,,,,,,,,,
1676060302.445053,1676060302.445898,24.000000,0.000000,4291.794922,4353.077148,4286.410156,4305.512695,4201.153809,4279.358887,4263.077148,4260.256348,4270.769043,4247.692383,4419.487305,4434.230957,4268.717773,4352.051270,0.000000,4.000000,85.000000,,,,0.000000,4.000000,4.000000,4.000000,4.000000,4.000000,4.000000,4.000000,4.000000,4.000000,4.000000,4.000000,4.000000,4.000000,4.000000,100.000000,,,,,,,,,,,,,,,,,,,,,,,,,,,,,,,,,,,,,,,,,,,,,,,,,,,,,,,,,,,,,,,,,,,,,,,,,,,,,,,,,,,,,,
1676060302.452862,1676060302.453706,25.000000,0.000000,4315.000000,4380.256348,4312.948730,4326.666504,4223.077148,4293.333496,4282.820313,4283.846191,4290.256348,4276.922852,4446.794922,4457.563965,4290.384766,4379.871582,0.000000,4.000000,85.000000,,,,0.000000,4.000000,4.000000,4.000000,4.000000,4.000000,4.000000,4.000000,4.000000,4.000000,4.000000,4.000000,4.000000,4.000000,4.000000,100.000000,,,,,,,,,,,,,,,,,,,,,,,,,,,,,,,,,,,,,,,,,,,,,,,,,,,,,,,,,,,,,,,,,,,,,,,,,,,,,,,,,,,,,,
1676060302.460670,1676060302.461415,26.000000,0.000000,4334.358887,4414.871582,4338.461426,4350.384766,4237.563965,4304.871582,4302.563965,4303.974121,4308.974121,4283.077148,4468.077148,4480.256348,4309.358887,4399.102539,0.000000,4.000000,85.000000,,,,0.000000,4.000000,4.000000,4.000000,4.000000,4.000000,4.000000,4.000000,4.000000,4.000000,4.000000,4.000000,4.000000,4.000000,4.000000,100.000000,,,,,,,,,,,,,,,,,,,,,,,,,,,,,,,,,,,,,,,,,,,,,,,,,,,,,,,,,,,,,,,,,,,,,,,,,,,,,,,,,,,,,,
1676060302.468478,1676060302.469323,27.000000,0.000000,4331.922852,4421.794922,4335.000000,4354.871582,4232.563965,4302.051270,4292.051270,4288.077148,4298.461426,4264.615234,4443.717773,4465.000000,4289.102539,4385.641113,0.000000,4.000000,85.000000,,,,0.000000,4.000000,4.000000,4.000000,4.000000,4.000000,4.000000,4.000000,4.000000,4.000000,4.000000,4.000000,4.000000,4.000000,4.000000,100.000000,,,,,,,,,,,,,,,,,,,,,,,,,,,,,,,,,,,,,,,,,,,,,,,,,,,,,,,,,,,,,,,,,,,,,,,,,,,,,,,,,,,,,,
1676060302.476287,1676060302.477132,28.000000,0.000000,4325.128418,4415.641113,4322.692383,4347.307617,4228.846191,4293.589844,4275.384766,4271.794922,4281.153809,4260.384766,4421.538574,4443.461426,4265.128418,4369.102539,0.000000,4.000000,85.000000,,,,0.000000,4.000000,4.000000,4.000000,4.000000,4.000000,4.000000,4.000000,4.000000,4.000000,4.000000,4.000000,4.000000,4.000000,4.000000,100.000000,,,,,,,,,,,,,,,,,,,,,,,,,,,,,,,,,,,,,,,,,,,,,,,,,,,,,,,,,,,,,,,,,,,,,,,,,,,,,,,,,,,,,,
1676060302.484095,1676060302.485040,29.000000,0.000000,4325.256348,4413.717773,4322.948730,4347.307617,4236.282227,4294.615234,4276.410156,4271.410156,4277.307617,4266.538574,4424.487305,4446.153809,4260.641113,4366.794922,0.000000,4.000000,85.000000,,,,0.000000,4.000000,4.000000,4.000000,4.000000,4.000000,4.000000,4.000000,4.000000,4.000000,4.000000,4.000000,4.000000,4.000000,4.000000,100.000000,,,,,,,,,,,,,,,,,,,,,,,,,,,,,,,,,,,,,,,,,,,,,,,,,,,,,,,,,,,,,,,,,,,,,,,,,,,,,,,,,,,,,,
1676060302.491903,1676060302.492848,30.000000,0.000000,4334.615234,4417.563965,4334.358887,4359.102539,4247.051270,4305.512695,4284.230957,4271.410156,4277.948730,4261.794922,4428.205078,4456.410156,4266.153809,4374.615234,0.000000,4.000000,85.000000,,,,0.000000,4.000000,4.000000,4.000000,4.000000,4.000000,4.000000,4.000000,4.000000,4.000000,4.000000,4.000000,4.000000,4.000000,4.000000,100.000000,,,,,,,,,,,,,,,,,4.683044,6.772804,1.098820,1.485329,2.209079,31.106565,4.155459,0.784267,1.783959,1.755170,5.343387,7.148984,1.062366,1.530302,2.147050,4.811447,3.639999,0.800145,1.567854,2.070704,101.050568,14.296250,0.698195,2.036388,1.490599,0.807888,0.922263,0.625451,0.611732,0.888099,0.655249,1.160364,1.459698,0.997526,1.486489,2.117538,0.874108,1.030327,1.284868,1.912534,0.822480,1.081708,0.532880,1.610530,1.899758,2.158985,1.670947,0.977219,2.511662,2.535529,18.401789,8.748692,1.181039,2.157802,3.547669,8.501416,5.907094,1.129463,2.062029,3.563623,24.429808,8.212400,1.550243,1.799754,3.273834,11.293087,9.393672,1.454601,1.950551,3.697801
1676060302.499712,1676060302.500757,31.000000,0.000000,4348.077148,4426.538574,4351.025879,4370.256348,4255.769043,4311.410156,4295.256348,4277.179688,4280.384766,4260.384766,4438.077148,4465.128418,4280.769043,4390.256348,0.000000,4.000000,85.000000,,,,0.000000,4.000000,4.000000,4.000000,4.000000,4.000000,4.000000,4.000000,4.000000,4.000000,4.000000,4.000000,4.000000,4.000000,4.000000,100.000000,,,,,,,,,,,,,,,,,,,,,,,,,,,,,,,,,,,,,,,,,,,,,,,,,,,,,,,,,,,,,,,,,,,,,,,,,,,,,,,,,,,,,,
1676060302.507520,1676060302.508565,32.000000,0.000000,4337.436035,4414.743652,4345.128418,4359.358887,4244.487305,4299.487305,4287.820313,4271.922852,4274.743652,4261.666504,4437.692383,4455.000000,4282.051270,4386.794922,0.000000,4.000000,85.000000,,,,0.000000,4.000000,4.000000,4.000000,4.000000,4.000000,4.000000,4.000000,4.000000,4.000000,4.000000,4.000000,4.000000,4.000000,4.000000,100.000000,,,,,,,,,,,,,,,,,,,,,,,,,,,,,,,,,,,,,,,,,,,,,,,,,,,,,,,,,,,,,,,,,,,,,,,,,,,,,,,,,,,,,,
1676060302.515329,1676060302.516374,33.000000,0.000000,4323.589844,4392.692383,4325.128418,4342.179688,4229.358887,4289.230957,4272.820313,4255.897461,4267.307617,4254.743652,4423.846191,4437.436035,4269.871582,4370.384766,0.000000,4.000000,85.000000,,,,0.000000,4.000000,4.000000,4.000000,4.000000,4.000000,4.000000,4.000000,4.000000,4.000000,4.000000,4.000000,4.000000,4.000000,4.000000,100.000000,,,,,,,,,,,,,,,,,,,,,,,,,,,,,,,,,,,,,,,,,,,,,,,,,,,,,,,,,,,,,,,,,,,,,,,,,,,,,,,,,,,,,,
1676060302.523137,1676060302.524082,34.000000,0.000000,4342.692383,4397.307617,4335.512695,4351.025879,4240.641113,4302.692383,4288.205078,4272.820313,4285.897461,4264.230957,4436.410156,4458.589844,4280.769043,4383.077148,0.000000,4.000000,85.000000,,,,0.000000,4.000000,4.000000,4.000000,4.000000,4.000000,4.000000,4.000000,4.000000,4.000000,4.000000,4.000000,4.000000,4.000000,4.000000,100.000000,,,,,,,,,,,,,,,,,,,,,,,,,,,,,,,,,,,,,,,,,,,,,,,,,,,,,,,,,,,,,,,,,,,,,,,,,,,,,,,,,,,,,,
1676060302.530945,1676060302.531991,35.000000,0.000000,4333.077148,4383.846191,4329.615234,4340.128418,4240.384766,4305.128418,4295.769043,4286.538574,4295.641113,4271.282227,4436.282227,4462.051270,4280.384766,4381.922852,0.000000,4.000000,85.000000,,,,0.000000,4.000000,4.000000,4.000000,4.000000,4.000000,4.000000,4.000000,4.000000,4.000000,4.000000,4.000000,4.000000,4.000000,4.000000,100.000000,,,,,,,,,,,,,,,,,,,,,,,,,,,,,,,,,,,,,,,,,,,,,,,,,,,,,,,,,,,,,,,,,,,,,,,,,,,,,,,,,,,,,,
1676060302.538754,1676060302.539799,36.000000,0.000000,4289.487305,4340.128418,4288.077148,4297.179688,4212.563965,4287.436035,4272.051270,4266.538574,4272.948730,4250.641113,4406.410156,4423.077148,4256.538574,4348.717773,0.000000,4.000000,85.000000,,,,0.000000,4.000000,4.000000,4.000000,4.000000,4.000000,4.000000,4.000000,4.000000,4.000000,4.000000,4.000000,4.000000,4.000000,4.000000,100.000000,,,,,,,,,,,,,,,,,,,,,,,,,,,,,,,,,,,,,,,,,,,,,,,,,,,,,,,,,,,,,,,,,,,,,,,,,,,,,,,,,,,,,,
1676060302.546562,1676060302.547707,37.000000,0.000000,4302.179688,4341.538574,4294.230957,4296.666504,4215.384766,4289.358887,4274.358887,4273.974121,4276.538574,4252.692383,4427.563965,4437.051270,4276.666504,4364.487305,0.000000,4.000000,85.000000,,,,0.000000,4.000000,4.000000,4.000000,4.000000,4.000000,4.000000,4.000000,4.000000,4.000000,4.000000,4.000000,4.000000,4.000000,4.000000,100.000000,,,,,,,,,,,,,,,,,,,,,,,,,,,,,,,,,,,,,,,,,,,,,,,,,,,,,,,,,,,,,,,,,,,,,,,,,,,,,,,,,,,,,,
1676060302.554371,1676060302.555516,38.000000,0.000000,4342.307617,4370.641113,4333.717773,4328.205078,4241.922852,4303.717773,4297.563965,4303.589844,4304.487305,4286.153809,4473.846191,4483.333496,4319.487305,4409.102539,0.000000,4.000000,85.000000,,,,0.000000,4.000000,4.000000,4.000000,4.000000,4.000000,4.000000,4.000000,4.000000,4.000000,4.000000,4.000000,4.000000,4.000000,4.000000,100.000000,,,,,,,,,,,,,,,,,,,,,,,,,,,,,,,,,,,,,,,,,,,,,,,,,,,,,,,,,,,,,,,,,,,,,,,,,,,,,,,,,,,,,,
1676060302.562179,1676060302.563424,39.000000,0.000000,4332.307617,4360.384766,4325.897461,4320.512695,4231.666504,4295.769043,4289.102539,4291.282227,4294.615234,4281.153809,4458.846191,4469.230957,4308.205078,4396.666504,0.000000,4.000000,85.000000,,,,0.000000,4.000000,4.000000,4.000000,4.000000,4.000000,4.000000,4.000000,4.000000,4.000000,4.000000,4.000000,4.000000,4.000000,4.000000,100.000000,,,,,,,,,,,,,,,,,,,,,,,,,,,,,,,,,,,,,,,,,,,,,,,,,,,,,,,,,,,,,,,,,,,,,,,,,,,,,,,,,,,,,,
1676060302.569987,1676060302.571233,40.000000,0.000000,4316.922852,4348.333496,4310.256348,4308.333496,4218.205078,4286.282227,4277.563965,4273.205078,4277.563965,4251.410156,4435.128418,4452.051270,4283.717773,4373.077148,0.000000,4.000000,85.000000,,,,0.000000,4.000000,4.000000,4.000000,4.000000,4.000000,4.000000,4.000000,4.000000,4.000000,4.000000,4.000000,4.000000,4.000000,4.000000,100.000000,,,,,,,,,,,,,,,,,,,,,,,,,,,,,,,,,,,,,,,,,,,,,,,,,,,,,,,,,,,,,,,,,,,,,,,,,,,,,,,,,,,,,,
1676060302.577796,1676060302.579141,41.000000,0.000000,4335.769043,4366.153809,4337.948730,4333.974121,4240.641113,4302.692383,4293.205078,4290.256348,4293.846191,4268.717773,4454.743652,4483.589844,4297.179688,4394.487305,0.000000,4.000000,85.000000,,,,0.000000,4.000000,4.000000,4.000000,4.000000,4.000000,4.000000,4.000000,4.000000,4.000000,4.000000,4.000000,4.000000,4.000000,4.000000,100.000000,,,,,,,,,,,,,,,,,,,,,,,,,,,,,,,,,,,,,,,,,,,,,,,,,,,,,,,,,,,,,,,,,,,,,,,,,,,,,,,,,,,,,,
1676060302.585604,1676060302.586949,42.000000,0.000000,4351.538574,4382.820313,4365.769043,4353.846191,4258.717773,4316.025879,4304.871582,4306.025879,4313.461426,4303.205078,4480.256348,4505.897461,4320.000000,4418.461426,0.000000,4.000000,85.000000,,,,0.000000,4.000000,4.000000,4.000000,4.000000,4.000000,4.000000,4.000000,4.000000,4.000000,4.000000,4.000000,4.000000,4.000000,4.000000,100.000000,,,,,,,,,,,,,,,,,,,,,,,,,,,,,,,,,,,,,,,,,,,,,,,,,,,,,,,,,,,,,,,,,,,,,,,,,,,,,,,,,,,,,,
1676060302.593413,1676060302.594658,43.000000,0.000000,4339.487305,4369.615234,4350.769043,4338.205078,4243.974121,4302.051270,4289.102539,4292.179688,4301.282227,4290.128418,4472.436035,4488.205078,4318.333496,4403.589844,0.000000,4.000000,85.000000,,,,0.000000,4.000000,4.000000,4.000000,4.000000,4.000000,4.000000,4.000000,4.000000,4.000000,4.000000,4.000000,4.000000,4.000000,4.000000,100.000000,,,,,,,,,,,,,,,,,,,,,,,,,,,,,,,,,,,,,,,,,,,,,,,,,,,,,,,,,,,,,,,,,,,,,,,,,,,,,,,,,,,,,,
1676060302.601221,1676060302.602466,44.000000,0.000000,4321.666504,4347.948730,4320.897461,4322.948730,4224.615234,4283.974121,4268.846191,4268.205078,4276.025879,4260.769043,4448.974121,4462.820313,4306.538574,4382.307617,0.000000,4.000000,85.000000,,,,0.000000,4.000000,4.000000,4.000000,4.000000,4.000000,4.000000,4.000000,4.000000,4.000000,4.000000,4.000000,4.000000,4.000000,4.000000,100.000000,,,,,,,,,,,,,,,,,,,,,,,,,,,,,,,,,,,,,,,,,,,,,,,,,,,,,,,,,,,,,,,,,,,,,,,,,,,,,,,,,,,,,,
1676060302.609029,1676060302.610175,45.000000,0.000000,4307.563965,4337.563965,4303.333496,4322.179688,4217.179688,4282.692383,4260.000000,4256.538574,4266.410156,4257.563965,4429.487305,4447.692383,4291.025879,4366.282227,0.000000,4.000000,85.000000,,,,0.000000,4.000000,4.000000,4.000000,4.000000,4.000000,4.000000,4.000000,4.000000,4.000000,4.000000,4.000000,4.000000,4.000000,4.000000,100.000000,,,,,,,,,,,,,,,,,,,,,,,,,,,,,,,,,,,,,,,,,,,,,,,,,,,,,,,,,,,,,,,,,,,,,,,,,,,,,,,,,,,,,,
1676060302.616838,1676060302.617983,46.000000,0.000000,4300.384766,4332.307617,4296.153809,4324.230957,4217.820313,4287.436035,4261.153809,4266.538574,4274.102539,4264.871582,4424.358887,4450.256348,4279.871582,4351.282227,0.000000,4.000000,85.000000,,,,0.000000,4.000000,4.000000,4.000000,4.000000,4.000000,4.000000,4.000000,4.000000,4.000000,4.000000,4.000000,4.000000,4.000000,4.000000,100.000000,,,,,,,,,,,,,,,,,4.288019,5.895959,0.870991,1.180093,2.273590,42.241158,3.761410,0.654571,1.761710,1.886518,5.000595,6.328309,0.773393,1.332876,2.172832,5.814645,3.388037,0.638426,1.424316,2.107680,92.895218,13.212111,0.520558,1.866262,1.447808,0.747469,0.956887,0.551897,0.606997,0.920758,0.600477,1.142894,1.265178,0.870200,1.489083,1.676399,0.888319,1.016728,1.107513,1.866089,0.758363,0.965905,0.379522,1.445437,1.888196,2.075986,1.157232,0.690199,2.078280,2.622434,23.509504,6.850262,0.903870,1.764055,3.433197,8.779898,4.671536,0.681083,1.694249,3.532090,31.270447,6.992767,1.108464,1.381008,3.204603,9.511204,7.191180,1.003205,1.514942,3.615515
1676060302.624646,1676060302.625692,47.000000,0.000000,4313.846191,4336.666504,4302.820313,4337.948730,4229.743652,4298.077148,4281.153809,4291.410156,4291.025879,4266.025879,4454.615234,4480.000000,4309.487305,4369.358887,0.000000,4.000000,85.000000,,,,0.000000,4.000000,4.000000,4.000000,4.000000,4.000000,4.000000,4.000000,4.000000,4.000000,4.000000,4.000000,4.000000,4.000000,4.000000,100.000000,,,,,,,,,,,,,,,,,,,,,,,,,,,,,,,,,,,,,,,,,,,,,,,,,,,,,,,,,,,,,,,,,,,,,,,,,,,,,,,,,,,,,,
1676060302.632455,1676060302.633500,48.000000,0.000000,4318.846191,4329.615234,4304.615234,4339.358887,4229.743652,4301.410156,4288.077148,4291.153809,4289.615234,4263.974121,4474.102539,4492.820313,4336.794922,4392.692383,0.000000,4.000000,85.000000,,,,0.000000,4.000000,4.000000,4.000000,4.000000,4.000000,4.000000,4.000000,4.000000,4.000000,4.000000,4.000000,4.000000,4.000000,4.000000,100.000000,,,,,,,,,,,,,,,,,,,,,,,,,,,,,,,,,,,,,,,,,,,,,,,,,,,,,,,,,,,,,,,,,,,,,,,,,,,,,,,,,,,,,,
1676060302.640263,1676060302.641209,49.000000,0.000000,4298.717773,4301.025879,4291.410156,4317.692383,4215.512695,4287.692383,4266.025879,4271.282227,4275.512695,4263.333496,4455.000000,4475.512695,4323.333496,4378.333496,0.000000,4.000000,85.000000,,,,0.000000,4.000000,4.000000,4.000000,4.000000,4.000000,4.000000,4.000000,4.000000,4.000000,4.000000,4.000000,4.000000,4.000000,4.000000,100.000000,,,,,,,,,,,,,,,,,,,,,,,,,,,,,,,,,,,,,,,,,,,,,,,,,,,,,,,,,,,,,,,,,,,,,,,,,,,,,,,,,,,,,,
1676060302.648071,1676060302.649017,50.000000,0.000000,4298.333496,4295.512695,4293.333496,4317.051270,4219.230957,4285.128418,4264.615234,4277.307617,4278.589844,4273.077148,4463.333496,4486.794922,4335.384766,4378.077148,0.000000,4.000000,85.000000,,,,0.000000,4.000000,4.000000,4.000000,4.000000,4.000000,4.000000,4.000000,4.000000,4.000000,4.000000,4.000000,4.000000,4.000000,4.000000,100.000000,,,,,,,,,,,,,,,,,,,,,,,,,,,,,,,,,,,,,,,,,,,,,,,,,,,,,,,,,,,,,,,,,,,,,,,,,,,,,,,,,,,,,,
1676060302.655880,1676060302.656726,51.000000,0.000000,4322.051270,4320.128418,4313.333496,4339.358887,4238.077148,4299.230957,4286.153809,4296.282227,4291.025879,4285.128418,4500.641113,4520.769043,4374.487305,4411.794922,0.000000,4.000000,85.000000,,,,0.000000,4.000000,4.000000,4.000000,4.000000,4.000000,4.000000,4.000000,4.000000,4.000000,4.000000,4.000000,4.000000,4.000000,4.000000,100.000000,,,,,,,,,,,,,,,,,,,,,,,,,,,,,,,,,,,,,,,,,,,,,,,,,,,,,,,,,,,,,,,,,,,,,,,,,,,,,,,,,,,,,,
1676060302.663688,1676060302.664534,52.000000,0.000000,4324.615234,4317.692383,4316.666504,4340.384766,4238.077148,4299.871582,4280.000000,4287.948730,4287.307617,4277.948730,4492.820313,4519.615234,4362.436035,4411.922852,0.000000,4.000000,85.000000,,,,0.000000,4.000000,4.000000,4.000000,4.000000,4.000000,4.000000,4.000000,4.000000,4.000000,4.000000,4.000000,4.000000,4.000000,4.000000,100.000000,,,,,,,,,,,,,,,,,,,,,,,,,,,,,,,,,,,,,,,,,,,,,,,,,,,,,,,,,,,,,,,,,,,,,,,,,,,,,,,,,,,,,,
1676060302.671496,1676060302.672243,53.000000,0.000000,4307.563965,4291.922852,4304.743652,4323.333496,4218.589844,4280.897461,4255.897461,4265.000000,4272.436035,4261.538574,4462.563965,4494.871582,4329.615234,4387.051270,0.000000,4.000000,85.000000,,,,0.000000,4.000000,4.000000,4.000000,4.000000,4.000000,4.000000,4.000000,4.000000,4.000000,4.000000,4.000000,4.000000,4.000000,4.000000,100.000000,,,,,,,,,,,,,,,,,,,,,,,,,,,,,,,,,,,,,,,,,,,,,,,,,,,,,,,,,,,,,,,,,,,,,,,,,,,,,,,,,,,,,,
1676060302.679305,1676060302.680051,54.000000,0.000000,4308.589844,4295.641113,4305.384766,4323.717773,4215.641113,4275.897461,4258.461426,4269.615234,4276.282227,4262.436035,4478.077148,4501.282227,4348.974121,4394.102539,0.000000,4.000000,85.000000,,,,0.000000,4.000000,4.000000,4.000000,4.000000,4.000000,4.000000,4.000000,4.000000,4.000000,4.000000,4.000000,4.000000,4.000000,4.000000,100.000000,,,,,,,,,,,,,,,,,,,,,,,,,,,,,,,,,,,,,,,,,,,,,,,,,,,,,,,,,,,,,,,,,,,,,,,,,,,,,,,,,,,,,,
1676060302.687113,1676060302.687760,55.000000,0.000000,4322.179688,4315.128418,4314.487305,4333.974121,4229.871582,4289.615234,4272.820313,4288.461426,4294.230957,4276.666504,4500.769043,4518.846191,4372.563965,4408.846191,0.000000,4.000000,85.000000,,,,0.000000,4.000000,4.000000,4.000000,4.000000,4.000000,4.000000,4.000000,4.000000,4.000000,4.000000,4.000000,4.000000,4.000000,4.000000,100.000000,,,,,,,,,,,,,,,,,,,,,,,,,,,,,,,,,,,,,,,,,,,,,,,,,,,,,,,,,,,,,,,,,,,,,,,,,,,,,,,,,,,,,,
1676060302.694921,1676060302.695568,56.000000,0.000000,4320.384766,4310.641113,4308.461426,4331.666504,4227.692383,4289.102539,4267.436035,4286.153809,4296.282227,4278.974121,4484.230957,4511.794922,4353.333496,4398.589844,0.000000,4.000000,85.000000,,,,0.000000,4.000000,4.000000,4.000000,4.000000,4.000000,4.000000,4.000000,4.000000,4.000000,4.000000,4.000000,4.000000,4.000000,4.000000,100.000000,,,,,,,,,,,,,,,,,,,,,,,,,,,,,,,,,,,,,,,,,,,,,,,,,,,,,,,,,,,,,,,,,,,,,,,,,,,,,,,,,,,,,,
1676060302.702730,1676060302.703277,57.000000,0.000000,4309.743652,4296.282227,4298.717773,4322.307617,4218.846191,4278.205078,4261.153809,4275.897461,4285.256348,4273.461426,4470.128418,4500.641113,4337.820313,4385.641113,0.000000,4.000000,85.000000,,,,0.000000,4.000000,4.000000,4.000000,4.000000,4.000000,4.000000,4.000000,4.000000,4.000000,4.000000,4.000000,4.000000,4.000000,4.000000,100.000000,,,,,,,,,,,,,,,,,,,,,,,,,,,,,,,,,,,,,,,,,,,,,,,,,,,,,,,,,,,,,,,,,,,,,,,,,,,,,,,,,,,,,,
1676060302.710538,1676060302.711085,58.000000,0.000000,4313.974121,4303.846191,4310.769043,4325.256348,4230.384766,4284.743652,4275.769043,4286.153809,4292.820313,4281.794922,4491.282227,4514.230957,4359.102539,4396.794922,0.000000,4.000000,85.000000,,,,0.000000,4.000000,4.000000,4.000000,4.000000,4.000000,4.000000,4.000000,4.000000,4.000000,4.000000,4.000000,4.000000,4.000000,4.000000,100.000000,,,,,,,,,,,,,,,,,,,,,,,,,,,,,,,,,,,,,,,,,,,,,,,,,,,,,,,,,,,,,,,,,,,,,,,,,,,,,,,,,,,,,,
1676060302.718347,1676060302.718794,59.000000,0.000000,4300.384766,4300.000000,4300.897461,4316.538574,4228.846191,4284.743652,4270.512695,4281.538574,4290.641113,4276.410156,4481.794922,4506.282227,4353.974121,4388.461426,0.000000,4.000000,85.000000,,,,0.000000,4.000000,4.000000,4.000000,4.000000,4.000000,4.000000,4.000000,4.000000,4.000000,4.000000,4.000000,4.000000,4.000000,4.000000,100.000000,,,,,,,,,,,,,,,,,,,,,,,,,,,,,,,,,,,,,,,,,,,,,,,,,,,,,,,,,,,,,,,,,,,,,,,,,,,,,,,,,,,,,,
1676060302.726155,1676060302.726702,60.000000,0.000000,4282.051270,4281.410156,4280.000000,4300.128418,4218.205078,4277.948730,4257.051270,4262.563965,4273.461426,4253.077148,4453.589844,4482.948730,4325.384766,4365.897461,0.000000,4.000000,85.000000,,,,0.000000,4.000000,4.000000,4.000000,4.000000,4.000000,4.000000,4.000000,4.000000,4.000000,4.000000,4.000000,4.000000,4.000000,4.000000,100.000000,,,,,,,,,,,,,,,,,,,,,,,,,,,,,,,,,,,,,,,,,,,,,,,,,,,,,,,,,,,,,,,,,,,,,,,,,,,,,,,,,,,,,,
1676060302.733963,1676060302.734511,61.000000,0.000000,4316.794922,4302.436035,4314.102539,4325.000000,4247.820313,4300.512695,4285.897461,4290.128418,4296.153809,4269.230957,4494.487305,4519.871582,4354.615234,4395.897461,0.000000,4.000000,85.000000,,,,0.000000,4.000000,4.000000,4.000000,4.000000,4.000000,4.000000,4.000000,4.000000,4.000000,4.000000,4.000000,4.000000,4.000000,4.000000,100.000000,,,,,,,,,,,,,,,,,,,,,,,,,,,,,,,,,,,,,,,,,,,,,,,,,,,,,,,,,,,,,,,,,,,,,,,,,,,,,,,,,,,,,,
1676060302.741772,1676060302.742419,62.000000,0.000000,4339.743652,4325.384766,4341.410156,4347.692383,4270.512695,4313.589844,4302.692383,4314.743652,4313.974121,4293.717773,4528.589844,4549.615234,4385.256348,4425.641113,0.000000,4.000000,85.000000,,,,0.000000,4.000000,4.000000,4.000000,4.000000,4.000000,4.000000,4.000000,4.000000,4.000000,4.000000,4.000000,4.000000,4.000000,4.000000,100.000000,,,,,,,,,,,,,,,,,3.697405,5.496087,0.780211,0.974552,2.301432,50.091888,3.548187,0.688142,1.726789,1.956857,4.545333,5.922565,0.631552,1.190584,2.146884,6.498050,3.456546,0.605582,1.302317,2.064407,73.347763,10.913630,0.387242,1.556493,1.332529,0.720354,1.038563,0.461653,0.576416,0.935798,0.585490,1.136318,1.113011,0.768820,1.440896,1.306628,0.945799,1.054743,0.985072,1.772141,0.760816,0.880398,0.291582,1.297955,1.858757,2.025076,0.786972,0.560715,1.695152,2.690481,28.997532,6.216922,0.885928,1.527312,3.242235,8.711711,3.951632,0.474548,1.436895,3.431897,36.090923,6.368763,0.865343,1.123043,3.066264,9.313881,6.372323,0.818097,1.243671,3.423627
1676060302.749580,1676060302.750228,63.000000,0.000000,4311.025879,4308.333496,4311.666504,4329.102539,4249.871582,4293.846191,4274.871582,4290.000000,4287.563965,4276.025879,4492.692383,4515.256348,4357.692383,4400.128418,0.000000,4.000000,85.000000,,,,0.000000,4.000000,4.000000,4.000000,4.000000,4.000000,4.000000,4.000000,4.000000,4.000000,4.000000,4.000000,4.000000,4.000000,4.000000,100.000000,,,,,,,,,,,,,,,,,,,,,,,,,,,,,,,,,,,,,,,,,,,,,,,,,,,,,,,,,,,,,,,,,,,,,,,,,,,,,,,,,,,,,,
1676060302.757388,1676060302.758136,64.000000,0.000000,4303.589844,4296.666504,4301.794922,4316.794922,4245.641113,4293.589844,4273.077148,4287.820313,4292.820313,4278.846191,4487.692383,4510.000000,4350.512695,4389.871582,2533.000000,4.000000,85.000000,,,,0.000000,4.000000,4.000000,4.000000,4.000000,4.000000,4.000000,4.000000,4.000000,4.000000,4.000000,4.000000,4.000000,4.000000,4.000000,100.000000,,,,,,,,,,,,,,,,,,,,,,,,,,,,,,,,,,,,,,,,,,,,,,,,,,,,,,,,,,,,,,,,,,,,,,,,,,,,,,,,,,,,,,
1676060302.765197,1676060302.765944,65.000000,0.000000,4311.282227,4297.948730,4318.974121,4318.717773,4256.538574,4298.589844,4284.358887,4307.563965,4319.358887,4306.538574,4512.563965,4532.820313,4369.871582,4402.179688,2499.000000,4.000000,85.000000,,,,0.000000,4.000000,4.000000,4.000000,4.000000,4.000000,4.000000,4.000000,4.000000,4.000000,4.000000,4.000000,4.000000,4.000000,4.000000,100.000000,,,,,,,,,,,,,,,,,,,,,,,,,,,,,,,,,,,,,,,,,,,,,,,,,,,,,,,,,,,,,,,,,,,,,,,,,,,,,,,,,,,,,,
1676060302.773005,1676060302.773853,66.000000,0.000000,4300.897461,4297.179688,4307.563965,4316.538574,4247.051270,4276.794922,4261.922852,4285.512695,4298.461426,4290.256348,4490.384766,4512.307617,4355.256348,4388.846191,2419.000000,4.000000,85.000000,,,,0.000000,4.000000,4.000000,4.000000,4.000000,4.000000,4.000000,4.000000,4.000000,4.000000,4.000000,4.000000,4.000000,4.000000,4.000000,100.000000,,,,,,,,,,,,,,,,,,,,,,,,,,,,,,,,,,,,,,,,,,,,,,,,,,,,,,,,,,,,,,,,,,,,,,,,,,,,,,,,,,,,,,
1676060302.780814,1676060302.781661,67.000000,0.000000,4311.153809,4325.256348,4303.205078,4332.436035,4248.974121,4278.846191,4258.333496,4266.794922,4280.641113,4261.794922,4470.769043,4494.230957,4339.487305,4387.692383,2486.000000,4.000000,85.000000,,,,0.000000,4.000000,4.000000,4.000000,4.000000,4.000000,4.000000,4.000000,4.000000,4.000000,4.000000,4.000000,4.000000,4.000000,4.000000,100.000000,,,,,,,,,,,,,,,,,,,,,,,,,,,,,,,,,,,,,,,,,,,,,,,,,,,,,,,,,,,,,,,,,,,,,,,,,,,,,,,,,,,,,,
1676060302.788622,1676060302.789370,68.000000,0.000000,4332.948730,4363.589844,4321.794922,4355.641113,4268.717773,4309.615234,4285.641113,4290.256348,4304.230957,4275.384766,4488.589844,4515.897461,4351.282227,4408.974121,2461.000000,4.000000,85.000000,,,,0.000000,4.000000,4.000000,4.000000,4.000000,4.000000,4.000000,4.000000,4.000000,4.000000,4.000000,4.000000,4.000000,4.000000,4.000000,100.000000,,,,,,,,,,,,,,,,,,,,,,,,,,,,,,,,,,,,,,,,,,,,,,,,,,,,,,,,,,,,,,,,,,,,,,,,,,,,,,,,,,,,,,
1676060302.796430,1676060302.797178,69.000000,0.000000,4320.000000,4361.666504,4316.538574,4350.256348,4267.179688,4308.333496,4284.358887,4291.794922,4305.384766,4285.384766,4478.846191,4510.384766,4336.794922,4392.051270,2394.000000,4.000000,85.000000,,,,0.000000,4.000000,4.000000,4.000000,4.000000,4.000000,4.000000,4.000000,4.000000,4.000000,4.000000,4.000000,4.000000,4.000000,4.000000,100.000000,,,,,,,,,,,,,,,,,,,,,,,,,,,,,,,,,,,,,,,,,,,,,,,,,,,,,,,,,,,,,,,,,,,,,,,,,,,,,,,,,,,,,,
1676060302.804239,1676060302.804887,70.000000,0.000000,4306.153809,4347.692383,4304.871582,4338.461426,4256.922852,4289.871582,4271.025879,4277.820313,4288.333496,4275.897461,4452.563965,4487.692383,4312.820313,4368.077148,2241.000000,4.000000,85.000000,,,,0.000000,4.000000,4.000000,4.000000,4.000000,4.000000,4.000000,4.000000,4.000000,4.000000,4.000000,4.000000,4.000000,4.000000,4.000000,100.000000,,,,,,,,,,,,,,,,,,,,,,,,,,,,,,,,,,,,,,,,,,,,,,,,,,,,,,,,,,,,,,,,,,,,,,,,,,,,,,,,,,,,,,
1676060302.812047,1676060302.812695,71.000000,0.000000,4316.666504,4356.410156,4318.205078,4343.333496,4267.307617,4302.307617,4287.692383,4302.563965,4306.025879,4285.512695,4466.794922,4503.205078,4328.717773,4388.974121,2236.000000,4.000000,85.000000,,,,0.000000,4.000000,4.000000,4.000000,4.000000,4.000000,4.000000,4.000000,4.000000,4.000000,4.000000,4.000000,4.000000,4.000000,4.000000,100.000000,,,,,,,,,,,,,,,,,,,,,,,,,,,,,,,,,,,,,,,,,,,,,,,,,,,,,,,,,,,,,,,,,,,,,,,,,,,,,,,,,,,,,,
1676060302.819856,1676060302.820404,72.000000,0.000000,4316.153809,4356.153809,4319.871582,4341.666504,4271.282227,4311.794922,4295.000000,4318.205078,4321.153809,4296.025879,4483.974121,4518.717773,4340.384766,4401.025879,2292.000000,4.000000,85.000000,,,,0.000000,4.000000,4.000000,4.000000,4.000000,4.000000,4.000000,4.000000,4.000000,4.000000,4.000000,4.000000,4.000000,4.000000,4.000000,100.000000,,,,,,,,,,,,,,,,,,,,,,,,,,,,,,,,,,,,,,,,,,,,,,,,,,,,,,,,,,,,,,,,,,,,,,,,,,,,,,,,,,,,,,
1676060302.827664,1676060302.828212,73.000000,0.000000,4294.487305,4327.820313,4293.717773,4318.461426,4250.384766,4285.897461,4266.794922,4287.692383,4295.256348,4279.358887,4456.794922,4489.743652,4313.974121,4368.589844,2259.000000,4.000000,85.000000,,,,0.000000,4.000000,4.000000,4.000000,4.000000,4.000000,4.000000,4.000000,4.000000,4.000000,4.000000,4.000000,4.000000,4.000000,4.000000,100.000000,,,,,,,,,,,,,,,,,,,,,,,,,,,,,,,,,,,,,,,,,,,,,,,,,,,,,,,,,,,,,,,,,,,,,,,,,,,,,,,,,,,,,,
1676060302.835472,1676060302.835921,74.000000,0.000000,4281.922852,4309.743652,4282.436035,4300.897461,4237.436035,4272.436035,4250.512695,4272.948730,4274.487305,4252.692383,4432.051270,4463.717773,4295.384766,4348.205078,2747.000000,4.000000,85.000000,,,,0.000000,4.000000,4.000000,4.000000,4.000000,4.000000,4.000000,4.000000,4.000000,4.000000,4.000000,4.000000,4.000000,4.000000,4.000000,100.000000,,,,,,,,,,,,,,,,,,,,,,,,,,,,,,,,,,,,,,,,,,,,,,,,,,,,,,,,,,,,,,,,,,,,,,,,,,,,,,,,,,,,,,
1676060302.843281,1676060302.843729,75.000000,0.000000,4292.820313,4323.333496,4297.563965,4315.128418,4253.717773,4296.922852,4267.051270,4294.743652,4292.307617,4256.153809,4454.358887,4484.871582,4316.025879,4374.102539,2940.000000,4.000000,85.000000,,,,0.000000,4.000000,4.000000,4.000000,4.000000,4.000000,4.000000,4.000000,4.000000,4.000000,4.000000,4.000000,4.000000,4.000000,4.000000,100.000000,,,,,,,,,,,,,,,,,,,,,,,,,,,,,,,,,,,,,,,,,,,,,,,,,,,,,,,,,,,,,,,,,,,,,,,,,,,,,,,,,,,,,,
1676060302.851089,1676060302.851438,76.000000,0.000000,4295.897461,4331.538574,4301.153809,4323.589844,4262.820313,4301.666504,4270.512695,4293.589844,4300.641113,4275.512695,4467.692383,4498.077148,4328.333496,4388.077148,3144.000000,4.000000,85.000000,,,,0.000000,4.000000,4.000000,4.000000,4.000000,4.000000,4.000000,4.000000,4.000000,4.000000,4.000000,4.000000,4.000000,4.000000,4.000000,100.000000,,,,,,,,,,,,,,,,,,,,,,,,,,,,,,,,,,,,,,,,,,,,,,,,,,,,,,,,,,,,,,,,,,,,,,,,,,,,,,,,,,,,,,
1676060302.858898,1676060302.859246,77.000000,0.000000,4288.846191,4320.256348,4291.282227,4311.153809,4249.487305,4277.820313,4249.487305,4266.794922,4281.794922,4272.563965,4444.487305,4473.461426,4312.179688,4366.666504,3269.000000,4.000000,85.000000,,,,0.000000,4.000000,4.000000,4.000000,4.000000,4.000000,4.000000,4.000000,4.000000,4.000000,4.000000,4.000000,4.000000,4.000000,4.000000,100.000000,,,,,,,,,,,,,,,,,,,,,,,,,,,,,,,,,,,,,,,,,,,,,,,,,,,,,,,,,,,,,,,,,,,,,,,,,,,,,,,,,,,,,,
1676060302.866706,1676060302.866955,78.000000,0.000000,4304.102539,4326.538574,4302.692383,4322.051270,4255.128418,4285.384766,4253.589844,4270.256348,4288.205078,4277.051270,4450.128418,4477.179688,4322.436035,4372.179688,2747.000000,4.000000,85.000000,,,,0.000000,4.000000,4.000000,4.000000,4.000000,4.000000,4.000000,4.000000,4.000000,4.000000,4.000000,4.000000,4.000000,4.000000,4.000000,100.000000,1.000000,25.000000,1.000000,3.000000,1.000000,3.000000,1.000000,4.000000,3.000000,3.000000,3.000000,1.000000,1.000000,1.000000,1.000000,1.000000,2.981367,5.566276,0.821090,0.887329,2.270011,52.016407,3.671601,0.909217,1.667817,1.943482,3.997242,6.083176,0.632648,1.119384,2.078017,6.731435,3.933698,0.719064,1.206214,1.949116,49.078327,8.241478,0.341252,1.204520,1.185606,0.678848,1.142261,0.381115,0.529763,0.932276,0.591170,1.139325,1.006336,0.697413,1.362181,1.064995,1.042537,1.084830,0.926022,1.657365,0.814158,0.839847,0.252936,1.185766,1.812942,1.955286,0.584989,0.542571,1.406508,2.720356,33.011620,6.654586,0.998066,1.461000,2.997781,8.111282,3.783902,0.463327,1.305003,3.267611,36.971848,6.110234,0.753283,1.057464,2.869190,8.633214,6.170470,0.772551,1.123881,3.155499
1676060302.874514,1676060302.874763,79.000000,0.000000,4321.666504,4344.871582,4321.025879,4342.692383,4267.948730,4301.794922,4275.769043,4290.256348,4303.461426,4292.051270,4478.717773,4503.974121,4348.333496,4401.410156,2940.000000,4.000000,85.000000,,,,0.000000,4.000000,4.000000,4.000000,4.000000,4.000000,4.000000,4.000000,4.000000,4.000000,4.000000,4.000000,4.000000,4.000000,4.000000,100.000000,,,,,,,,,,,,,,,,,,,,,,,,,,,,,,,,,,,,,,,,,,,,,,,,,,,,,,,,,,,,,,,,,,,,,,,,,,,,,,,,,,,,,,
1676060302.882323,1676060302.882472,80.000000,0.000000,4316.025879,4343.589844,4316.410156,4335.512695,4255.769043,4288.077148,4274.487305,4284.102539,4291.666504,4279.743652,4472.436035,4498.077148,4342.563965,4398.717773,3144.000000,4.000000,85.000000,,,,0.000000,4.000000,4.000000,4.000000,4.000000,4.000000,4.000000,4.000000,4.000000,4.000000,4.000000,4.000000,4.000000,4.000000,4.000000,100.000000,,,,,,,,,,,,,,,,,,,,,,,,,,,,,,,,,,,,,,,,,,,,,,,,,,,,,,,,,,,,,,,,,,,,,,,,,,,,,,,,,,,,,,
1676060302.890131,1676060302.890280,81.000000,0.000000,4309.743652,4331.410156,4304.230957,4323.077148,4245.256348,4281.666504,4261.538574,4273.974121,4283.589844,4261.666504,4456.153809,4483.205078,4327.692383,4381.538574,3269.000000,4.000000,85.000000,,,,0.000000,4.000000,4.000000,4.000000,4.000000,4.000000,4.000000,4.000000,4.000000,4.000000,4.000000,4.000000,4.000000,4.000000,4.000000,100.000000,,,,,,,,,,,,,,,,,,,,,,,,,,,,,,,,,,,,,,,,,,,,,,,,,,,,,,,,,,,,,,,,,,,,,,,,,,,,,,,,,,,,,,
1676060302.897940,1676060302.897989,82.000000,0.000000,4305.256348,4324.102539,4301.794922,4321.282227,4253.077148,4295.641113,4263.333496,4279.487305,4290.256348,4269.743652,4461.538574,4487.820313,4335.128418,4381.666504,2747.000000,4.000000,85.000000,,,,0.000000,4.000000,4.000000,4.000000,4.000000,4.000000,4.000000,4.000000,4.000000,4.000000,4.000000,4.000000,4.000000,4.000000,4.000000,100.000000,,,,,,,,,,,,,,,,,,,,,,,,,,,,,,,,,,,,,,,,,,,,,,,,,,,,,,,,,,,,,,,,,,,,,,,,,,,,,,,,,,,,,,
1676060302.905748,1676060302.905897,83.000000,0.000000,4289.615234,4314.615234,4296.538574,4313.077148,4252.820313,4295.512695,4264.743652,4282.307617,4282.563965,4273.077148,4456.666504,4480.384766,4334.230957,4376.410156,2940.000000,4.000000,85.000000,,,,0.000000,4.000000,4.000000,4.000000,4.000000,4.000000,4.000000,4.000000,4.000000,4.000000,4.000000,4.000000,4.000000,4.000000,4.000000,100.000000,,,,,,,,,,,,,,,,,,,,,,,,,,,,,,,,,,,,,,,,,,,,,,,,,,,,,,,,,,,,,,,,,,,,,,,,,,,,,,,,,,,,,,
1676060302.913556,1676060302.913705,84.000000,0.000000,4282.436035,4308.333496,4291.666504,4306.666504,4246.025879,4287.820313,4260.384766,4284.615234,4278.205078,4261.794922,4447.436035,4469.615234,4318.846191,4367.307617,3144.000000,4.000000,85.000000,,,,0.000000,4.000000,4.000000,4.000000,4.000000,4.000000,4.000000,4.000000,4.000000,4.000000,4.000000,4.000000,4.000000,4.000000,4.000000,100.000000,,,,,,,,,,,,,,,,,,,,,,,,,,,,,,,,,,,,,,,,,,,,,,,,,,,,,,,,,,,,,,,,,,,,,,,,,,,,,,,,,,,,,,
1676060302.921365,1676060302.921614,85.000000,0.000000,4285.000000,4307.563965,4293.205078,4305.128418,4248.077148,4291.538574,4261.794922,4287.948730,4291.410156,4261.794922,4450.769043,4475.512695,4315.512695,4371.153809,3269.000000,4.000000,85.000000,,,,0.000000,4.000000,4.000000,4.000000,4.000000,4.000000,4.000000,4.000000,4.000000,4.000000,4.000000,4.000000,4.000000,4.000000,4.000000,100.000000,,,,,,,,,,,,,,,,,,,,,,,,,,,,,,,,,,,,,,,,,,,,,,,,,,,,,,,,,,,,,,,,,,,,,,,,,,,,,,,,,,,,,,
1676060302.929173,1676060302.929422,86.000000,0.000000,4291.025879,4312.179688,4294.615234,4305.769043,4254.615234,4295.641113,4265.384766,4288.589844,4295.000000,4273.205078,4457.436035,4482.692383,4325.769043,4379.487305,2747.000000,4.000000,85.000000,,,,0.000000,4.000000,4.000000,4.000000,4.000000,4.000000,4.000000,4.000000,4.000000,4.000000,4.000000,4.000000,4.000000,4.000000,4.000000,100.000000,,,,,,,,,,,,,,,,,,,,,,,,,,,,,,,,,,,,,,,,,,,,,,,,,,,,,,,,,,,,,,,,,,,,,,,,,,,,,,,,,,,,,,
1676060302.936981,1676060302.937331,87.000000,0.000000,4304.615234,4320.641113,4301.410156,4316.666504,4263.461426,4295.128418,4267.436035,4294.358887,4292.307617,4276.538574,4461.282227,4487.051270,4332.563965,4381.025879,2940.000000,4.000000,85.000000,,,,0.000000,4.000000,4.000000,4.000000,4.000000,4.000000,4.000000,4.000000,4.000000,4.000000,4.000000,4.000000,4.000000,4.000000,4.000000,100.000000,,,,,,,,,,,,,,,,,,,,,,,,,,,,,,,,,,,,,,,,,,,,,,,,,,,,,,,,,,,,,,,,,,,,,,,,,,,,,,,,,,,,,,
1676060302.944790,1676060302.945139,88.000000,0.000000,4311.538574,4322.436035,4309.358887,4321.538574,4266.025879,4292.179688,4268.205078,4299.358887,4295.897461,4269.487305,4466.025879,4493.077148,4335.769043,4381.666504,3144.000000,4.000000,85.000000,,,,0.000000,4.000000,4.000000,4.000000,4.000000,4.000000,4.000000,4.000000,4.000000,4.000000,4.000000,4.000000,4.000000,4.000000,4.000000,100.000000,,,,,,,,,,,,,,,,,,,,,,,,,,,,,,,,,,,,,,,,,,,,,,,,,,,,,,,,,,,,,,,,,,,,,,,,,,,,,,,,,,,,,,
1676060302.952598,1676060302.953047,89.000000,0.000000,4315.000000,4317.563965,4314.743652,4319.743652,4265.512695,4295.641113,4272.563965,4297.436035,4300.641113,4277.948730,4486.025879,4505.000000,4360.512695,4402.692383,3269.000000,4.000000,85.000000,,,,0.000000,4.000000,4.000000,4.000000,4.000000,4.000000,4.000000,4.000000,4.000000,4.000000,4.000000,4.000000,4.000000,4.000000,4.000000,100.000000,,,,,,,,,,,,,,,,,,,,,,,,,,,,,,,,,,,,,,,,,,,,,,,,,,,,,,,,,,,,,,,,,,,,,,,,,,,,,,,,,,,,,,
1676060302.960406,1676060302.960856,90.000000,0.000000,4317.179688,4307.179688,4309.102539,4313.846191,4265.128418,4295.384766,4270.384766,4288.205078,4297.948730,4289.871582,4495.897461,4506.410156,4381.410156,4420.897461,2747.000000,4.000000,85.000000,,,,0.000000,4.000000,4.000000,4.000000,4.000000,4.000000,4.000000,4.000000,4.000000,4.000000,4.000000,4.000000,4.000000,4.000000,4.000000,100.000000,,,,,,,,,,,,,,,,,,,,,,,,,,,,,,,,,,,,,,,,,,,,,,,,,,,,,,,,,,,,,,,,,,,,,,,,,,,,,,,,,,,,,,
1676060302.968215,1676060302.968764,91.000000,0.000000,4311.538574,4296.666504,4299.358887,4304.230957,4261.282227,4283.205078,4261.282227,4278.333496,4292.179688,4284.871582,4489.358887,4492.179688,4378.461426,4413.333496,2940.000000,4.000000,85.000000,,,,0.000000,4.000000,4.000000,4.000000,4.000000,4.000000,4.000000,4.000000,4.000000,4.000000,4.000000,4.000000,4.000000,4.000000,4.000000,100.000000,,,,,,,,,,,,,,,,,,,,,,,,,,,,,,,,,,,,,,,,,,,,,,,,,,,,,,,,,,,,,,,,,,,,,,,,,,,,,,,,,,,,,,
1676060302.976023,1676060302.976573,92.000000,0.000000,4312.179688,4298.333496,4302.692383,4301.282227,4261.282227,4281.538574,4262.563965,4278.589844,4297.307617,4286.410156,4496.153809,4493.461426,4383.205078,4412.051270,3144.000000,4.000000,85.000000,,,,0.000000,4.000000,4.000000,4.000000,4.000000,4.000000,4.000000,4.000000,4.000000,4.000000,4.000000,4.000000,4.000000,4.000000,4.000000,100.000000,,,,,,,,,,,,,,,,,,,,,,,,,,,,,,,,,,,,,,,,,,,,,,,,,,,,,,,,,,,,,,,,,,,,,,,,,,,,,,,,,,,,,,
1676060302.983832,1676060302.984481,93.000000,0.000000,4314.487305,4298.717773,4305.128418,4299.743652,4260.769043,4287.563965,4263.333496,4279.743652,4299.358887,4292.307617,4497.051270,4498.589844,4381.410156,4416.282227,3269.000000,4.000000,85.000000,,,,0.000000,4.000000,4.000000,4.000000,4.000000,4.000000,4.000000,4.000000,4.000000,4.000000,4.000000,4.000000,4.000000,4.000000,4.000000,100.000000,,,,,,,,,,,,,,,,,,,,,,,,,,,,,,,,,,,,,,,,,,,,,,,,,,,,,,,,,,,,,,,,,,,,,,,,,,,,,,,,,,,,,,
1676060302.991640,1676060302.992289,94.000000,0.000000,4306.794922,4292.307617,4304.871582,4298.205078,4261.410156,4291.794922,4260.641113,4281.794922,4294.230957,4281.666504,4482.179688,4490.384766,4366.282227,4408.205078,2747.000000,4.000000,85.000000,,,,0.000000,4.000000,4.000000,4.000000,4.000000,4.000000,4.000000,4.000000,4.000000,4.000000,4.000000,4.000000,4.000000,4.000000,4.000000,100.000000,,,,,,,,,,,,,,,,,2.250789,5.919257,0.954215,0.893999,2.164880,47.444565,4.204619,1.299622,1.582376,1.848822,3.398451,6.729561,0.752260,1.113236,1.979576,6.518581,4.754833,0.944538,1.133700,1.784545,26.804167,6.009927,0.393301,0.908760,1.052216,0.612256,1.231626,0.333928,0.484735,0.912790,0.608114,1.137715,0.941022,0.654379,1.276510,0.940999,1.158489,1.054166,0.917041,1.547184,0.890410,0.839755,0.239807,1.112486,1.743934,1.816552,0.525773,0.570426,1.220783,2.680853,33.877193,7.500634,1.108645,1.525483,2.729147,6.922924,4.029869,0.563184,1.271069,3.045789,33.355160,5.873512,0.704917,1.154606,2.625832,7.428643,6.280343,0.812684,1.131710,2.848007
1676060302.999448,1676060302.999998,95.000000,0.000000,4313.461426,4296.282227,4312.563965,4303.974121,4265.769043,4297.563965,4270.128418,4295.128418,4292.563965,4269.102539,4485.128418,4492.692383,4376.538574,4408.974121,2940.000000,4.000000,85.000000,,,,0.000000,4.000000,4.000000,4.000000,4.000000,4.000000,4.000000,4.000000,4.000000,4.000000,4.000000,4.000000,4.000000,4.000000,4.000000,100.000000,,,,,,,,,,,,,,,,,,,,,,,,,,,,,,,,,,,,,,,,,,,,,,,,,,,,,,,,,,,,,,,,,,,,,,,,,,,,,,,,,,,,,,
1676060303.007257,1676060303.007806,96.000000,0.000000,4309.487305,4287.820313,4304.102539,4290.897461,4253.846191,4290.384766,4266.538574,4289.743652,4283.077148,4263.846191,4482.948730,4486.794922,4375.641113,4403.461426,3144.000000,4.000000,85.000000,,,,0.000000,4.000000,4.000000,4.000000,4.000000,4.000000,4.000000,4.000000,4.000000,4.000000,4.000000,4.000000,4.000000,4.000000,4.000000,100.000000,,,,,,,,,,,,,,,,,,,,,,,,,,,,,,,,,,,,,,,,,,,,,,,,,,,,,,,,,,,,,,,,,,,,,,,,,,,,,,,,,,,,,,
1676060303.015065,1676060303.015515,97.000000,0.000000,4291.538574,4273.077148,4288.589844,4272.051270,4245.384766,4281.794922,4254.487305,4279.871582,4281.025879,4269.230957,4468.461426,4472.436035,4353.333496,4392.051270,3269.000000,4.000000,85.000000,,,,0.000000,4.000000,4.000000,4.000000,4.000000,4.000000,4.000000,4.000000,4.000000,4.000000,4.000000,4.000000,4.000000,4.000000,4.000000,100.000000,,,,,,,,,,,,,,,,,,,,,,,,,,,,,,,,,,,,,,,,,,,,,,,,,,,,,,,,,,,,,,,,,,,,,,,,,,,,,,,,,,,,,,
1676060303.022874,1676060303.023323,98.000000,0.000000,4305.000000,4289.487305,4302.307617,4290.000000,4265.384766,4299.871582,4272.692383,4299.102539,4299.871582,4291.410156,4485.256348,4487.563965,4370.769043,4410.769043,2747.000000,4.000000,85.000000,,,,0.000000,4.000000,4.000000,4.000000,4.000000,4.000000,4.000000,4.000000,4.000000,4.000000,4.000000,4.000000,4.000000,4.000000,4.000000,100.000000,,,,,,,,,,,,,,,,,,,,,,,,,,,,,,,,,,,,,,,,,,,,,,,,,,,,,,,,,,,,,,,,,,,,,,,,,,,,,,,,,,,,,,
1676060303.030682,1676060303.031032,99.000000,0.000000,4318.205078,4297.820313,4312.436035,4302.307617,4273.589844,4309.487305,4281.025879,4306.025879,4302.179688,4296.666504,4496.922852,4497.820313,4387.307617,4418.077148,2940.000000,4.000000,85.000000,,,,0.000000,4.000000,4.000000,4.000000,4.000000,4.000000,4.000000,4.000000,4.000000,4.000000,4.000000,4.000000,4.000000,4.000000,4.000000,100.000000,,,,,,,,,,,,,,,,,,,,,,,,,,,,,,,,,,,,,,,,,,,,,,,,,,,,,,,,,,,,,,,,,,,,,,,,,,,,,,,,,,,,,,
1676060303.038490,1676060303.038840,100.000000,0.000000,4313.461426,4288.846191,4307.179688,4291.410156,4261.153809,4295.384766,4266.410156,4296.666504,4297.948730,4290.641113,4488.077148,4490.897461,4373.333496,4404.358887,3144.000000,4.000000,85.000000,,,,0.000000,4.000000,4.000000,4.000000,4.000000,4.000000,4.000000,4.000000,4.000000,4.000000,4.000000,4.000000,4.000000,4.000000,4.000000,100.000000,,,,,,,,,,,,,,,,,,,,,,,,,,,,,,,,,,,,,,,,,,,,,,,,,,,,,,,,,,,,,,,,,,,,,,,,,,,,,,,,,,,,,,
1676060303.046299,1676060303.046549,101.000000,0.000000,4319.743652,4298.333496,4313.717773,4296.410156,4265.769043,4292.692383,4265.897461,4302.692383,4307.692383,4295.384766,4495.000000,4500.384766,4375.256348,4415.769043,3269.000000,4.000000,85.000000,,,,0.000000,4.000000,4.000000,4.000000,4.000000,4.000000,4.000000,4.000000,4.000000,4.000000,4.000000,4.000000,4.000000,4.000000,4.000000,100.000000,,,,,,,,,,,,,,,,,,,,,,,,,,,,,,,,,,,,,,,,,,,,,,,,,,,,,,,,,,,,,,,,,,,,,,,,,,,,,,,,,,,,,,
1676060303.054107,1676060303.054457,102.000000,0.000000,4310.256348,4290.256348,4300.256348,4289.230957,4262.179688,4283.589844,4254.102539,4288.717773,4292.051270,4273.461426,4481.282227,4488.077148,4368.205078,4412.820313,2747.000000,4.000000,85.000000,,,,0.000000,4.000000,4.000000,4.000000,4.000000,4.000000,4.000000,4.000000,4.000000,4.000000,4.000000,4.000000,4.000000,4.000000,4.000000,100.000000,,,,,,,,,,,,,,,,,,,,,,,,,,,,,,,,,,,,,,,,,,,,,,,,,,,,,,,,,,,,,,,,,,,,,,,,,,,,,,,,,,,,,,
1676060303.061916,1676060303.062266,103.000000,0.000000,4290.000000,4267.692383,4285.897461,4270.641113,4248.974121,4270.641113,4241.794922,4268.461426,4276.025879,4255.512695,4462.948730,4465.000000,4355.128418,4395.384766,2940.000000,4.000000,85.000000,,,,0.000000,4.000000,4.000000,4.000000,4.000000,4.000000,4.000000,4.000000,4.000000,4.000000,4.000000,4.000000,4.000000,4.000000,4.000000,100.000000,,,,,,,,,,,,,,,,,,,,,,,,,,,,,,,,,,,,,,,,,,,,,,,,,,,,,,,,,,,,,,,,,,,,,,,,,,,,,,,,,,,,,,
1676060303.069724,1676060303.070074,104.000000,0.000000,4308.589844,4291.922852,4320.000000,4292.948730,4268.461426,4290.128418,4273.077148,4293.077148,4304.743652,4290.000000,4493.717773,4493.846191,4381.538574,4419.871582,3144.000000,4.000000,85.000000,,,,0.000000,4.000000,4.000000,4.000000,4.000000,4.000000,4.000000,4.000000,4.000000,4.000000,4.000000,4.000000,4.000000,4.000000,4.000000,100.000000,,,,,,,,,,,,,,,,,,,,,,,,,,,,,,,,,,,,,,,,,,,,,,,,,,,,,,,,,,,,,,,,,,,,,,,,,,,,,,,,,,,,,,
1676060303.077532,1676060303.077783,105.000000,0.000000,4329.358887,4318.333496,4342.692383,4315.897461,4284.615234,4308.077148,4298.461426,4311.538574,4320.769043,4309.743652,4511.153809,4517.820313,4397.563965,4437.692383,3269.000000,4.000000,85.000000,,,,0.000000,4.000000,4.000000,4.000000,4.000000,4.000000,4.000000,4.000000,4.000000,4.000000,4.000000,4.000000,4.000000,4.000000,4.000000,100.000000,,,,,,,,,,,,,,,,,,,,,,,,,,,,,,,,,,,,,,,,,,,,,,,,,,,,,,,,,,,,,,,,,,,,,,,,,,,,,,,,,,,,,,
1676060303.085341,1676060303.085591,106.000000,0.000000,4305.384766,4288.589844,4312.179688,4288.589844,4264.743652,4296.410156,4279.230957,4288.974121,4293.333496,4277.051270,4474.102539,4483.461426,4367.051270,4406.025879,2747.000000,4.000000,85.000000,,,,0.000000,4.000000,4.000000,4.000000,4.000000,4.000000,4.000000,4.000000,4.000000,4.000000,4.000000,4.000000,4.000000,4.000000,4.000000,100.000000,,,,,,,,,,,,,,,,,,,,,,,,,,,,,,,,,,,,,,,,,,,,,,,,,,,,,,,,,,,,,,,,,,,,,,,,,,,,,,,,,,,,,,
1676060303.093149,1676060303.093300,107.000000,0.000000,4293.846191,4273.205078,4302.307617,4274.102539,4260.769043,4295.384766,4277.948730,4298.974121,4295.512695,4278.974121,4471.538574,4474.615234,4364.358887,4400.641113,2940.000000,4.000000,85.000000,,,,0.000000,4.000000,4.000000,4.000000,4.000000,4.000000,4.000000,4.000000,4.000000,4.000000,4.000000,4.000000,4.000000,4.000000,4.000000,100.000000,,,,,,,,,,,,,,,,,,,,,,,,,,,,,,,,,,,,,,,,,,,,,,,,,,,,,,,,,,,,,,,,,,,,,,,,,,,,,,,,,,,,,,
1676060303.100958,1676060303.101108,108.000000,0.000000,4297.051270,4285.512695,4311.025879,4286.025879,4268.846191,4301.666504,4287.179688,4325.641113,4320.128418,4301.922852,4497.051270,4495.128418,4377.820313,4414.102539,3144.000000,4.000000,85.000000,,,,0.000000,4.000000,4.000000,4.000000,4.000000,4.000000,4.000000,4.000000,4.000000,4.000000,4.000000,4.000000,4.000000,4.000000,4.000000,100.000000,,,,,,,,,,,,,,,,,,,,,,,,,,,,,,,,,,,,,,,,,,,,,,,,,,,,,,,,,,,,,,,,,,,,,,,,,,,,,,,,,,,,,,
1676060303.108766,1676060303.108817,109.000000,0.000000,4279.230957,4268.589844,4286.666504,4273.589844,4249.358887,4287.948730,4265.512695,4305.128418,4305.384766,4272.563965,4470.897461,4471.538574,4351.666504,4386.538574,3269.000000,4.000000,85.000000,,,,0.000000,4.000000,4.000000,4.000000,4.000000,4.000000,4.000000,4.000000,4.000000,4.000000,4.000000,4.000000,4.000000,4.000000,4.000000,100.000000,,,,,,,,,,,,,,,,,,,,,,,,,,,,,,,,,,,,,,,,,,,,,,,,,,,,,,,,,,,,,,,,,,,,,,,,,,,,,,,,,,,,,,
1676060303.116574,1676060303.116625,110.000000,0.000000,4285.641113,4266.282227,4285.256348,4275.256348,4250.641113,4294.102539,4267.307617,4303.077148,4301.153809,4265.256348,4462.948730,4464.487305,4352.563965,4383.461426,2747.000000,4.000000,85.000000,,,,0.000000,4.000000,4.000000,4.000000,4.000000,4.000000,4.000000,4.000000,4.000000,4.000000,4.000000,4.000000,4.000000,4.000000,4.000000,100.000000,,,,,,,,,,,,,,,,,1.620098,6.247902,1.145955,0.958652,1.995825,38.162060,5.073210,1.812033,1.488108,1.700616,2.825582,7.527629,0.968613,1.153137,1.869158,5.972637,5.684965,1.240353,1.090958,1.602106,12.120870,4.620758,0.535580,0.725676,0.964336,0.554310,1.274760,0.336310,0.458844,0.887337,0.645382,1.112010,0.915968,0.638131,1.206683,0.892509,1.271521,0.948660,0.934843,1.464405,0.977329,0.855366,0.238804,1.069614,1.651255,1.616266,0.557596,0.606390,1.128090,2.552560,31.070971,8.111935,1.173318,1.655145,2.481919,5.363979,4.420427,0.719901,1.292117,2.792313,26.384766,5.519888,0.720516,1.349333,2.366026,5.824451,6.383608,0.915224,1.221334,2.543076
1676060303.124383,1676060303.124334,111.000000,0.000000,4317.563965,4298.846191,4318.205078,4307.692383,4282.436035,4317.179688,4298.589844,4342.436035,4332.692383,4308.205078,4507.820313,4505.769043,4392.563965,4423.846191,2940.000000,4.000000,85.000000,,,,0.000000,4.000000,4.000000,4.000000,4.000000,4.000000,4.000000,4.000000,4.000000,4.000000,4.000000,4.000000,4.000000,4.000000,4.000000,100.000000,,,,,,,,,,,,,,,,,,,,,,,,,,,,,,,,,,,,,,,,,,,,,,,,,,,,,,,,,,,,,,,,,,,,,,,,,,,,,,,,,,,,,,
1676060303.132191,1676060303.132242,112.000000,0.000000,4308.717773,4292.692383,4311.153809,4299.615234,4277.948730,4306.153809,4290.256348,4333.205078,4327.948730,4305.256348,4502.563965,4500.769043,4386.538574,4420.000000,3144.000000,4.000000,85.000000,,,,0.000000,4.000000,4.000000,4.000000,4.000000,4.000000,4.000000,4.000000,4.000000,4.000000,4.000000,4.000000,4.000000,4.000000,4.000000,100.000000,,,,,,,,,,,,,,,,,,,,,,,,,,,,,,,,,,,,,,,,,,,,,,,,,,,,,,,,,,,,,,,,,,,,,,,,,,,,,,,,,,,,,,
1676060303.139999,1676060303.140050,113.000000,0.000000,4282.436035,4265.897461,4292.307617,4270.641113,4260.384766,4285.769043,4265.512695,4296.153809,4300.256348,4273.974121,4466.282227,4468.717773,4358.333496,4392.179688,3269.000000,4.000000,85.000000,,,,0.000000,4.000000,4.000000,4.000000,4.000000,4.000000,4.000000,4.000000,4.000000,4.000000,4.000000,4.000000,4.000000,4.000000,4.000000,100.000000,,,,,,,,,,,,,,,,,,,,,,,,,,,,,,,,,,,,,,,,,,,,,,,,,,,,,,,,,,,,,,,,,,,,,,,,,,,,,,,,,,,,,,
1676060303.147808,1676060303.147959,114.000000,0.000000,4298.846191,4286.922852,4318.205078,4289.102539,4279.102539,4298.077148,4281.153809,4309.230957,4310.256348,4292.051270,4487.563965,4492.179688,4378.589844,4417.820313,2747.000000,4.000000,85.000000,,,,0.000000,4.000000,4.000000,4.000000,4.000000,4.000000,4.000000,4.000000,4.000000,4.000000,4.000000,4.000000,4.000000,4.000000,4.000000,100.000000,,,,,,,,,,,,,,,,,,,,,,,,,,,,,,,,,,,,,,,,,,,,,,,,,,,,,,,,,,,,,,,,,,,,,,,,,,,,,,,,,,,,,,
1676060303.155616,1676060303.155767,115.000000,0.000000,4312.820313,4302.948730,4328.461426,4304.358887,4292.948730,4305.897461,4292.948730,4318.974121,4316.666504,4306.922852,4506.538574,4507.692383,4394.230957,4435.128418,2940.000000,4.000000,85.000000,,,,0.000000,4.000000,4.000000,4.000000,4.000000,4.000000,4.000000,4.000000,4.000000,4.000000,4.000000,4.000000,4.000000,4.000000,4.000000,100.000000,,,,,,,,,,,,,,,,,,,,,,,,,,,,,,,,,,,,,,,,,,,,,,,,,,,,,,,,,,,,,,,,,,,,,,,,,,,,,,,,,,,,,,
1676060303.163425,1676060303.163676,116.000000,0.000000,4285.897461,4267.948730,4287.307617,4269.487305,4274.358887,4279.358887,4263.589844,4282.179688,4287.692383,4268.077148,4469.871582,4462.820313,4362.563965,4389.358887,3144.000000,4.000000,85.000000,,,,0.000000,4.000000,4.000000,4.000000,4.000000,4.000000,4.000000,4.000000,4.000000,4.000000,4.000000,4.000000,4.000000,4.000000,4.000000,100.000000,,,,,,,,,,,,,,,,,,,,,,,,,,,,,,,,,,,,,,,,,,,,,,,,,,,,,,,,,,,,,,,,,,,,,,,,,,,,,,,,,,,,,,
1676060303.171233,1676060303.171484,117.000000,0.000000,4279.743652,4260.384766,4276.282227,4258.077148,4274.871582,4273.333496,4253.846191,4275.000000,4288.717773,4255.897461,4460.641113,4450.769043,4356.025879,4378.717773,3269.000000,4.000000,85.000000,,,,0.000000,4.000000,4.000000,4.000000,4.000000,4.000000,4.000000,4.000000,4.000000,4.000000,4.000000,4.000000,4.000000,4.000000,4.000000,100.000000,,,,,,,,,,,,,,,,,,,,,,,,,,,,,,,,,,,,,,,,,,,,,,,,,,,,,,,,,,,,,,,,,,,,,,,,,,,,,,,,,,,,,,
1676060303.179041,1676060303.179392,118.000000,0.000000,4307.948730,4290.384766,4307.436035,4290.384766,4301.794922,4296.922852,4275.641113,4302.820313,4320.384766,4294.615234,4491.538574,4489.358887,4387.436035,4423.333496,2747.000000,4.000000,85.000000,,,,0.000000,4.000000,4.000000,4.000000,4.000000,4.000000,4.000000,4.000000,4.000000,4.000000,4.000000,4.000000,4.000000,4.000000,4.000000,100.000000,,,,,,,,,,,,,,,,,,,,,,,,,,,,,,,,,,,,,,,,,,,,,,,,,,,,,,,,,,,,,,,,,,,,,,,,,,,,,,,,,,,,,,
1676060303.186850,1676060303.187201,119.000000,0.000000,4320.000000,4293.461426,4320.000000,4302.307617,4315.769043,4303.846191,4284.230957,4307.563965,4316.410156,4310.128418,4498.589844,4500.641113,4390.256348,4430.384766,2940.000000,4.000000,85.000000,,,,0.000000,4.000000,4.000000,4.000000,4.000000,4.000000,4.000000,4.000000,4.000000,4.000000,4.000000,4.000000,4.000000,4.000000,4.000000,100.000000,,,,,,,,,,,,,,,,,,,,,,,,,,,,,,,,,,,,,,,,,,,,,,,,,,,,,,,,,,,,,,,,,,,,,,,,,,,,,,,,,,,,,,
1676060303.194658,1676060303.195109,120.000000,0.000000,4310.000000,4282.436035,4314.102539,4290.000000,4320.000000,4300.384766,4284.102539,4301.794922,4295.512695,4287.563965,4484.487305,4486.282227,4370.897461,4408.589844,3144.000000,4.000000,85.000000,,,,0.000000,4.000000,4.000000,4.000000,4.000000,4.000000,4.000000,4.000000,4.000000,4.000000,4.000000,4.000000,4.000000,4.000000,4.000000,100.000000,,,,,,,,,,,,,,,,,,,,,,,,,,,,,,,,,,,,,,,,,,,,,,,,,,,,,,,,,,,,,,,,,,,,,,,,,,,,,,,,,,,,,,
1676060303.202466,1676060303.202918,121.000000,0.000000,4305.256348,4289.102539,4315.128418,4289.615234,4332.692383,4311.794922,4295.256348,4313.974121,4305.512695,4283.461426,4481.282227,4491.410156,4372.820313,4413.077148,3269.000000,4.000000,85.000000,,,,0.000000,4.000000,4.000000,4.000000,4.000000,4.000000,4.000000,4.000000,4.000000,4.000000,4.000000,4.000000,4.000000,4.000000,4.000000,100.000000,,,,,,,,,,,,,,,,,,,,,,,,,,,,,,,,,,,,,,,,,,,,,,,,,,,,,,,,,,,,,,,,,,,,,,,,,,,,,,,,,,,,,,
1676060303.210275,1676060303.210626,122.000000,0.000000,4291.794922,4276.025879,4305.128418,4280.384766,4337.307617,4314.102539,4300.384766,4317.692383,4309.487305,4281.025879,4477.307617,4491.794922,4367.820313,4408.846191,2747.000000,4.000000,85.000000,,,,0.000000,4.000000,4.000000,4.000000,4.000000,4.000000,4.000000,4.000000,4.000000,4.000000,4.000000,4.000000,4.000000,4.000000,4.000000,100.000000,,,,,,,,,,,,,,,,,,,,,,,,,,,,,,,,,,,,,,,,,,,,,,,,,,,,,,,,,,,,,,,,,,,,,,,,,,,,,,,,,,,,,,
1676060303.218083,1676060303.218435,123.000000,0.000000,4276.922852,4254.487305,4291.025879,4264.102539,4333.205078,4302.051270,4293.205078,4313.461426,4295.384766,4265.897461,4470.384766,4477.179688,4356.410156,4396.922852,2940.000000,4.000000,85.000000,,,,0.000000,4.000000,4.000000,4.000000,4.000000,4.000000,4.000000,4.000000,4.000000,4.000000,4.000000,4.000000,4.000000,4.000000,4.000000,100.000000,,,,,,,,,,,,,,,,,,,,,,,,,,,,,,,,,,,,,,,,,,,,,,,,,,,,,,,,,,,,,,,,,,,,,,,,,,,,,,,,,,,,,,
1676060303.225891,1676060303.226143,124.000000,0.000000,4289.230957,4272.051270,4297.820313,4271.282227,4340.897461,4296.025879,4288.717773,4324.230957,4304.615234,4277.692383,4479.615234,4478.461426,4369.487305,4411.282227,3144.000000,4.000000,85.000000,,,,0.000000,4.000000,4.000000,4.000000,4.000000,4.000000,4.000000,4.000000,4.000000,4.000000,4.000000,4.000000,4.000000,4.000000,4.000000,100.000000,,,,,,,,,,,,,,,,,,,,,,,,,,,,,,,,,,,,,,,,,,,,,,,,,,,,,,,,,,,,,,,,,,,,,,,,,,,,,,,,,,,,,,
1676060303.233700,1676060303.233952,125.000000,0.000000,4295.256348,4282.948730,4293.589844,4271.538574,4347.436035,4287.948730,4280.384766,4315.512695,4309.615234,4291.538574,4479.743652,4473.077148,4370.512695,4410.128418,3269.000000,4.000000,85.000000,,,,0.000000,4.000000,4.000000,4.000000,4.000000,4.000000,4.000000,4.000000,4.000000,4.000000,4.000000,4.000000,4.000000,4.000000,4.000000,100.000000,,,,,,,,,,,,,,,,,,,,,,,,,,,,,,,,,,,,,,,,,,,,,,,,,,,,,,,,,,,,,,,,,,,,,,,,,,,,,,,,,,,,,,
1676060303.241508,1676060303.241660,126.000000,0.000000,4289.358887,4267.948730,4282.692383,4260.512695,4349.743652,4284.743652,4273.717773,4289.230957,4288.717773,4277.307617,4466.410156,4460.000000,4356.282227,4391.666504,2747.000000,4.000000,85.000000,,,,0.000000,4.000000,4.000000,4.000000,4.000000,4.000000,4.000000,4.000000,4.000000,4.000000,4.000000,4.000000,4.000000,4.000000,4.000000,100.000000,,,,,,,,,,,,,,,,,1.171094,6.322654,1.392572,1.050671,1.797894,27.292625,6.045142,2.388737,1.414757,1.541089,2.327332,8.095002,1.282989,1.219531,1.764685,5.265153,6.408648,1.575132,1.091271,1.433703,4.442515,3.955367,0.745471,0.656757,0.930241,0.514425,1.252112,0.386568,0.463557,0.869538,0.703035,1.050950,0.941278,0.650475,1.168004,0.863496,1.377720,0.799361,0.963363,1.425980,1.064382,0.860658,0.249504,1.047824,1.549728,1.403916,0.640255,0.654598,1.119925,2.345779,25.449003,8.224657,1.222826,1.786080,2.311529,3.784378,4.696433,0.941883,1.337517,2.556287,18.406116,5.176586,0.840248,1.565787,2.140523,4.246881,6.332740,1.104082,1.342130,2.285990
1676060303.249317,1676060303.249469,127.000000,0.000000,4308.717773,4282.436035,4307.948730,4283.717773,4371.794922,4300.641113,4283.589844,4297.692383,4293.589844,4275.256348,4482.179688,4479.358887,4375.512695,4412.179688,85.000000,4.000000,85.000000,,,,0.000000,4.000000,4.000000,4.000000,4.000000,4.000000,4.000000,4.000000,4.000000,4.000000,4.000000,4.000000,4.000000,4.000000,4.000000,100.000000,,,,,,,,,,,,,,,,,,,,,,,,,,,,,,,,,,,,,,,,,,,,,,,,,,,,,,,,,,,,,,,,,,,,,,,,,,,,,,,,,,,,,,
1676060303.257125,1676060303.257177,0.000000,0.000000,4326.538574,4311.153809,4335.897461,4313.077148,4397.436035,4311.410156,4287.948730,4317.307617,4308.589844,4289.230957,4508.333496,4505.512695,4404.358887,4445.384766,2523.000000,4.000000,85.000000,,,,0.000000,4.000000,4.000000,4.000000,4.000000,4.000000,4.000000,4.000000,4.000000,4.000000,4.000000,4.000000,4.000000,4.000000,4.000000,100.000000,,,,,,,,,,,,,,,,,,,,,,,,,,,,,,,,,,,,,,,,,,,,,,,,,,,,,,,,,,,,,,,,,,,,,,,,,,,,,,,,,,,,,,
1676060303.264933,1676060303.265086,1.000000,0.000000,4310.641113,4294.743652,4319.358887,4293.205078,4395.641113,4297.820313,4273.333496,4302.051270,4288.589844,4273.846191,4493.077148,4488.205078,4386.922852,4430.512695,2479.000000,4.000000,85.000000,,,,0.000000,4.000000,4.000000,4.000000,4.000000,4.000000,4.000000,4.000000,4.000000,4.000000,4.000000,4.000000,4.000000,4.000000,4.000000,100.000000,,,,,,,,,,,,,,,,,,,,,,,,,,,,,,,,,,,,,,,,,,,,,,,,,,,,,,,,,,,,,,,,,,,,,,,,,,,,,,,,,,,,,,
1676060303.272742,1676060303.272894,2.000000,0.000000,4298.461426,4268.077148,4300.641113,4269.871582,4393.333496,4287.307617,4269.102539,4285.256348,4279.743652,4257.051270,4472.051270,4469.743652,4366.025879,4408.589844,2404.000000,4.000000,85.000000,,,,0.000000,4.000000,4.000000,4.000000,4.000000,4.000000,4.000000,4.000000,4.000000,4.000000,4.000000,4.000000,4.000000,4.000000,4.000000,100.000000,,,,,,,,,,,,,,,,,,,,,,,,,,,,,,,,,,,,,,,,,,,,,,,,,,,,,,,,,,,,,,,,,,,,,,,,,,,,,,,,,,,,,,
1676060303.280550,1676060303.280702,3.000000,0.000000,4317.692383,4289.871582,4325.256348,4292.820313,4419.358887,4302.563965,4287.692383,4302.307617,4307.820313,4285.000000,4497.307617,4496.025879,4394.487305,4438.205078,2463.000000,4.000000,85.000000,,,,0.000000,4.000000,4.000000,4.000000,4.000000,4.000000,4.000000,4.000000,4.000000,4.000000,4.000000,4.000000,4.000000,4.000000,4.000000,100.000000,,,,,,,,,,,,,,,,,,,,,,,,,,,,,,,,,,,,,,,,,,,,,,,,,,,,,,,,,,,,,,,,,,,,,,,,,,,,,,,,,,,,,,
1676060303.288359,1676060303.288411,4.000000,0.000000,4316.153809,4301.025879,4329.358887,4295.897461,4433.717773,4304.230957,4285.384766,4304.871582,4307.307617,4295.128418,4502.692383,4494.358887,4404.743652,4446.666504,2424.000000,4.000000,85.000000,,,,0.000000,4.000000,4.000000,4.000000,4.000000,4.000000,4.000000,4.000000,4.000000,4.000000,4.000000,4.000000,4.000000,4.000000,4.000000,100.000000,,,,,,,,,,,,,,,,,,,,,,,,,,,,,,,,,,,,,,,,,,,,,,,,,,,,,,,,,,,,,,,,,,,,,,,,,,,,,,,,,,,,,,
1676060303.296167,1676060303.296219,5.000000,0.000000,4287.051270,4268.461426,4294.102539,4263.974121,4428.974121,4289.487305,4269.230957,4285.000000,4279.871582,4266.025879,4466.922852,4453.974121,4366.794922,4404.743652,2383.000000,4.000000,85.000000,,,,0.000000,4.000000,4.000000,4.000000,4.000000,4.000000,4.000000,4.000000,4.000000,4.000000,4.000000,4.000000,4.000000,4.000000,4.000000,100.000000,,,,,,,,,,,,,,,,,,,,,,,,,,,,,,,,,,,,,,,,,,,,,,,,,,,,,,,,,,,,,,,,,,,,,,,,,,,,,,,,,,,,,,
1676060303.303975,1676060303.303928,6.000000,0.000000,4300.641113,4272.436035,4300.000000,4274.230957,4451.410156,4305.641113,4286.538574,4300.512695,4295.128418,4269.230957,4478.461426,4466.410156,4369.743652,4410.897461,2234.000000,4.000000,85.000000,,,,0.000000,4.000000,4.000000,4.000000,4.000000,4.000000,4.000000,4.000000,4.000000,4.000000,4.000000,4.000000,4.000000,4.000000,4.000000,100.000000,,,,,,,,,,,,,,,,,,,,,,,,,,,,,,,,,,,,,,,,,,,,,,,,,,,,,,,,,,,,,,,,,,,,,,,,,,,,,,,,,,,,,,
1676060303.311784,1676060303.311836,7.000000,0.000000,4329.487305,4305.641113,4327.179688,4306.282227,4481.282227,4325.897461,4300.384766,4323.846191,4315.000000,4293.717773,4511.282227,4500.897461,4405.641113,4447.948730,2229.000000,4.000000,85.000000,,,,0.000000,4.000000,4.000000,4.000000,4.000000,4.000000,4.000000,4.000000,4.000000,4.000000,4.000000,4.000000,4.000000,4.000000,4.000000,100.000000,,,,,,,,,,,,,,,,,,,,,,,,,,,,,,,,,,,,,,,,,,,,,,,,,,,,,,,,,,,,,,,,,,,,,,,,,,,,,,,,,,,,,,
1676060303.319592,1676060303.319645,8.000000,0.000000,4310.000000,4291.922852,4308.461426,4288.333496,4473.846191,4303.589844,4276.538574,4304.230957,4288.717773,4272.179688,4488.333496,4479.358887,4388.205078,4432.692383,2291.000000,4.000000,85.000000,,,,0.000000,4.000000,4.000000,4.000000,4.000000,4.000000,4.000000,4.000000,4.000000,4.000000,4.000000,4.000000,4.000000,4.000000,4.000000,100.000000,,,,,,,,,,,,,,,,,,,,,,,,,,,,,,,,,,,,,,,,,,,,,,,,,,,,,,,,,,,,,,,,,,,,,,,,,,,,,,,,,,,,,,
1676060303.327401,1676060303.327553,9.000000,0.000000,4289.871582,4270.769043,4289.102539,4264.743652,4467.820313,4288.717773,4263.333496,4285.641113,4274.743652,4246.666504,4462.051270,4457.436035,4360.256348,4410.769043,2254.000000,4.000000,85.000000,,,,0.000000,4.000000,4.000000,4.000000,4.000000,4.000000,4.000000,4.000000,4.000000,4.000000,4.000000,4.000000,4.000000,4.000000,4.000000,100.000000,,,,,,,,,,,,,,,,,,,,,,,,,,,,,,,,,,,,,,,,,,,,,,,,,,,,,,,,,,,,,,,,,,,,,,,,,,,,,,,,,,,,,,
1676060303.335209,1676060303.335362,10.000000,0.000000,4313.205078,4292.051270,4310.256348,4287.948730,4490.897461,4309.102539,4279.102539,4298.461426,4298.205078,4271.153809,4483.846191,4478.461426,4383.717773,4429.487305,2742.000000,4.000000,85.000000,,,,0.000000,4.000000,4.000000,4.000000,4.000000,4.000000,4.000000,4.000000,4.000000,4.000000,4.000000,4.000000,4.000000,4.000000,4.000000,100.000000,,,,,,,,,,,,,,,,,,,,,,,,,,,,,,,,,,,,,,,,,,,,,,,,,,,,,,,,,,,,,,,,,,,,,,,,,,,,,,,,,,,,,,
1676060303.343017,1676060303.343270,11.000000,0.000000,4326.666504,4303.717773,4320.000000,4301.025879,4499.615234,4316.282227,4283.461426,4303.717773,4305.256348,4296.025879,4500.769043,4482.820313,4402.307617,4443.974121,2927.000000,4.000000,85.000000,,,,0.000000,4.000000,4.000000,4.000000,4.000000,4.000000,4.000000,4.000000,4.000000,4.000000,4.000000,4.000000,4.000000,4.000000,4.000000,100.000000,,,,,,,,,,,,,,,,,,,,,,,,,,,,,,,,,,,,,,,,,,,,,,,,,,,,,,,,,,,,,,,,,,,,,,,,,,,,,,,,,,,,,,
1676060303.350826,1676060303.351078,12.000000,0.000000,4313.589844,4289.358887,4306.410156,4283.717773,4494.358887,4305.512695,4275.256348,4297.692383,4290.000000,4283.589844,4487.692383,4470.256348,4387.692383,4433.461426,3136.000000,4.000000,85.000000,,,,0.000000,4.000000,4.000000,4.000000,4.000000,4.000000,4.000000,4.000000,4.000000,4.000000,4.000000,4.000000,4.000000,4.000000,4.000000,100.000000,,,,,,,,,,,,,,,,,,,,,,,,,,,,,,,,,,,,,,,,,,,,,,,,,,,,,,,,,,,,,,,,,,,,,,,,,,,,,,,,,,,,,,
1676060303.358634,1676060303.358987,13.000000,0.000000,4318.589844,4293.846191,4310.256348,4285.384766,4504.871582,4309.615234,4280.897461,4307.820313,4297.051270,4276.666504,4487.179688,4481.538574,4385.384766,4433.333496,3259.000000,4.000000,85.000000,,,,0.000000,4.000000,4.000000,4.000000,4.000000,4.000000,4.000000,4.000000,4.000000,4.000000,4.000000,4.000000,4.000000,4.000000,4.000000,100.000000,,,,,,,,,,,,,,,,,,,,,,,,,,,,,,,,,,,,,,,,,,,,,,,,,,,,,,,,,,,,,,,,,,,,,,,,,,,,,,,,,,,,,,
1676060303.366443,1676060303.366795,14.000000,0.000000,4328.077148,4299.615234,4318.205078,4297.948730,4508.205078,4312.436035,4286.922852,4312.179688,4313.974121,4292.563965,4500.512695,4494.871582,4396.922852,4442.948730,2742.000000,4.000000,85.000000,,,,0.000000,4.000000,4.000000,4.000000,4.000000,4.000000,4.000000,4.000000,4.000000,4.000000,4.000000,4.000000,4.000000,4.000000,4.000000,100.000000,1.000000,25.000000,3.000000,3.000000,1.000000,3.000000,1.000000,3.000000,3.000000,3.000000,3.000000,1.000000,1.000000,1.000000,1.000000,1.000000,0.921132,6.068030,1.668611,1.148958,1.615060,17.751938,6.819387,2.933434,1.381932,1.411827,1.915223,8.141261,1.660544,1.290810,1.680270,4.538892,6.654412,1.909632,1.140563,1.304708,2.118174,3.599070,0.975169,0.661028,0.936820,0.509073,1.166330,0.469745,0.502327,0.871485,0.787920,0.959444,1.038096,0.692178,1.166178,0.849821,1.495448,0.662420,0.988993,1.439244,1.132728,0.833921,0.267197,1.034538,1.464529,1.219430,0.741521,0.699938,1.190199,2.103434,18.676935,7.784976,1.264905,1.861361,2.254338,2.452659,4.697291,1.221907,1.383621,2.388813,11.538537,4.967942,1.035257,1.729192,1.998821,2.986988,6.099231,1.350016,1.443487,2.114585
1676060303.374251,1676060303.374504,15.000000,0.000000,4323.717773,4289.102539,4315.897461,4299.615234,4495.256348,4300.769043,4279.230957,4302.051270,4306.794922,4293.333496,4502.563965,4493.846191,4400.000000,4444.487305,2927.000000,4.000000,85.000000,,,,0.000000,4.000000,4.000000,4.000000,4.000000,4.000000,4.000000,4.000000,4.000000,4.000000,4.000000,4.000000,4.000000,4.000000,4.000000,100.000000,,,,,,,,,,,,,,,,,,,,,,,,,,,,,,,,,,,,,,,,,,,,,,,,,,,,,,,,,,,,,,,,,,,,,,,,,,,,,,,,,,,,,,
1676060303.382059,1676060303.382312,16.000000,0.000000,4320.256348,4288.333496,4312.948730,4303.846191,4491.666504,4295.128418,4267.307617,4291.666504,4284.487305,4269.615234,4493.846191,4490.769043,4396.025879,4440.000000,0.000000,4.000000,85.000000,,,,0.000000,4.000000,4.000000,4.000000,4.000000,4.000000,4.000000,4.000000,4.000000,4.000000,4.000000,4.000000,4.000000,4.000000,4.000000,100.000000,,,,,,,,,,,,,,,,,,,,,,,,,,,,,,,,,,,,,,,,,,,,,,,,,,,,,,,,,,,,,,,,,,,,,,,,,,,,,,,,,,,,,,
1676060303.389868,1676060303.390021,17.000000,0.000000,4315.128418,4285.897461,4306.922852,4308.077148,4493.333496,4295.384766,4261.922852,4282.692383,4275.641113,4252.692383,4487.563965,4488.333496,4391.922852,4438.717773,0.000000,4.000000,85.000000,,,,0.000000,4.000000,4.000000,4.000000,4.000000,4.000000,4.000000,4.000000,4.000000,4.000000,4.000000,4.000000,4.000000,4.000000,4.000000,100.000000,,,,,,,,,,,,,,,,,,,,,,,,,,,,,,,,,,,,,,,,,,,,,,,,,,,,,,,,,,,,,,,,,,,,,,,,,,,,,,,,,,,,,,
1676060303.397676,1676060303.397829,18.000000,0.000000,4313.333496,4273.846191,4308.205078,4310.000000,4490.512695,4296.025879,4272.051270,4289.230957,4287.563965,4264.230957,4500.769043,4498.461426,4406.794922,4446.410156,0.000000,4.000000,85.000000,,,,0.000000,4.000000,4.000000,4.000000,4.000000,4.000000,4.000000,4.000000,4.000000,4.000000,4.000000,4.000000,4.000000,4.000000,4.000000,100.000000,,,,,,,,,,,,,,,,,,,,,,,,,,,,,,,,,,,,,,,,,,,,,,,,,,,,,,,,,,,,,,,,,,,,,,,,,,,,,,,,,,,,,,
1676060303.405484,1676060303.405538,19.000000,0.000000,4315.641113,4262.563965,4311.025879,4310.256348,4491.666504,4302.307617,4282.563965,4304.102539,4298.974121,4286.794922,4517.436035,4518.589844,4428.461426,4451.282227,0.000000,4.000000,85.000000,,,,0.000000,4.000000,4.000000,4.000000,4.000000,4.000000,4.000000,4.000000,4.000000,4.000000,4.000000,4.000000,4.000000,4.000000,4.000000,100.000000,,,,,,,,,,,,,,,,,,,,,,,,,,,,,,,,,,,,,,,,,,,,,,,,,,,,,,,,,,,,,,,,,,,,,,,,,,,,,,,,,,,,,,
1676060303.413293,1676060303.413446,20.000000,0.000000,4315.000000,4253.846191,4307.051270,4304.358887,4493.461426,4311.538574,4285.384766,4311.153809,4306.794922,4297.307617,4521.410156,4526.025879,4432.179688,4452.051270,0.000000,4.000000,85.000000,,,,0.000000,4.000000,4.000000,4.000000,4.000000,4.000000,4.000000,4.000000,4.000000,4.000000,4.000000,4.000000,4.000000,4.000000,4.000000,100.000000,,,,,,,,,,,,,,,,,,,,,,,,,,,,,,,,,,,,,,,,,,,,,,,,,,,,,,,,,,,,,,,,,,,,,,,,,,,,,,,,,,,,,,
1676060303.421101,1676060303.421254,21.000000,0.000000,4307.436035,4247.948730,4306.538574,4302.179688,4490.769043,4309.102539,4290.897461,4313.717773,4312.948730,4296.025879,4522.051270,4523.717773,4428.589844,4446.666504,0.000000,4.000000,85.000000,,,,0.000000,4.000000,4.000000,4.000000,4.000000,4.000000,4.000000,4.000000,4.000000,4.000000,4.000000,4.000000,4.000000,4.000000,4.000000,100.000000,,,,,,,,,,,,,,,,,,,,,,,,,,,,,,,,,,,,,,,,,,,,,,,,,,,,,,,,,,,,,,,,,,,,,,,,,,,,,,,,,,,,,,
1676060303.428909,1676060303.429063,22.000000,0.000000,4304.358887,4251.794922,4308.589844,4308.461426,4491.794922,4301.282227,4291.922852,4314.871582,4311.922852,4287.563965,4518.077148,4523.461426,4426.922852,4438.077148,0.000000,4.000000,85.000000,,,,0.000000,4.000000,4.000000,4.000000,4.000000,4.000000,4.000000,4.000000,4.000000,4.000000,4.000000,4.000000,4.000000,4.000000,4.000000,100.000000,,,,,,,,,,,,,,,,,,,,,,,,,,,,,,,,,,,,,,,,,,,,,,,,,,,,,,,,,,,,,,,,,,,,,,,,,,,,,,,,,,,,,,
1676060303.436718,1676060303.436771,23.000000,0.000000,4305.128418,4254.102539,4295.769043,4304.487305,4493.589844,4299.743652,4274.358887,4303.077148,4298.461426,4269.871582,4499.871582,4511.922852,4411.922852,4431.538574,0.000000,4.000000,85.000000,,,,0.000000,4.000000,4.000000,4.000000,4.000000,4.000000,4.000000,4.000000,4.000000,4.000000,4.000000,4.000000,4.000000,4.000000,4.000000,100.000000,,,,,,,,,,,,,,,,,,,,,,,,,,,,,,,,,,,,,,,,,,,,,,,,,,,,,,,,,,,,,,,,,,,,,,,,,,,,,,,,,,,,,,
1676060303.444526,1676060303.444680,24.000000,0.000000,4298.717773,4242.051270,4279.743652,4294.358887,4485.641113,4293.205078,4253.974121,4282.051270,4279.230957,4253.717773,4481.794922,4497.051270,4396.794922,4421.282227,0.000000,4.000000,85.000000,,,,0.000000,4.000000,4.000000,4.000000,4.000000,4.000000,4.000000,4.000000,4.000000,4.000000,4.000000,4.000000,4.000000,4.000000,4.000000,100.000000,,,,,,,,,,,,,,,,,,,,,,,,,,,,,,,,,,,,,,,,,,,,,,,,,,,,,,,,,,,,,,,,,,,,,,,,,,,,,,,,,,,,,,
1676060303.452335,1676060303.452488,25.000000,0.000000,4305.000000,4251.538574,4293.589844,4304.487305,4489.743652,4293.205078,4264.358887,4281.153809,4279.871582,4269.615234,4493.846191,4510.384766,4408.333496,4427.051270,0.000000,4.000000,85.000000,,,,0.000000,4.000000,4.000000,4.000000,4.000000,4.000000,4.000000,4.000000,4.000000,4.000000,4.000000,4.000000,4.000000,4.000000,4.000000,100.000000,,,,,,,,,,,,,,,,,,,,,,,,,,,,,,,,,,,,,,,,,,,,,,,,,,,,,,,,,,,,,,,,,,,,,,,,,,,,,,,,,,,,,,
1676060303.460143,1676060303.460297,26.000000,0.000000,4315.641113,4272.948730,4315.769043,4317.179688,4504.743652,4309.871582,4281.794922,4293.205078,4293.717773,4291.794922,4514.487305,4530.384766,4418.205078,4444.487305,0.000000,4.000000,85.000000,,,,0.000000,4.000000,4.000000,4.000000,4.000000,4.000000,4.000000,4.000000,4.000000,4.000000,4.000000,4.000000,4.000000,4.000000,4.000000,100.000000,,,,,,,,,,,,,,,,,,,,,,,,,,,,,,,,,,,,,,,,,,,,,,,,,,,,,,,,,,,,,,,,,,,,,,,,,,,,,,,,,,,,,,
1676060303.467951,1676060303.468005,27.000000,0.000000,4307.179688,4261.666504,4307.051270,4308.333496,4495.641113,4313.717773,4273.333496,4292.948730,4289.102539,4275.897461,4507.820313,4522.051270,4408.205078,4439.102539,0.000000,4.000000,85.000000,,,,0.000000,4.000000,4.000000,4.000000,4.000000,4.000000,4.000000,4.000000,4.000000,4.000000,4.000000,4.000000,4.000000,4.000000,4.000000,100.000000,,,,,,,,,,,,,,,,,,,,,,,,,,,,,,,,,,,,,,,,,,,,,,,,,,,,,,,,,,,,,,,,,,,,,,,,,,,,,,,,,,,,,,
1676060303.475760,1676060303.475914,28.000000,0.000000,4286.666504,4236.410156,4282.563965,4290.128418,4470.897461,4299.487305,4260.641113,4284.102539,4272.563965,4255.897461,4488.333496,4501.025879,4398.205078,4411.153809,0.000000,4.000000,85.000000,,,,0.000000,4.000000,4.000000,4.000000,4.000000,4.000000,4.000000,4.000000,4.000000,4.000000,4.000000,4.000000,4.000000,4.000000,4.000000,100.000000,,,,,,,,,,,,,,,,,,,,,,,,,,,,,,,,,,,,,,,,,,,,,,,,,,,,,,,,,,,,,,,,,,,,,,,,,,,,,,,,,,,,,,
1676060303.483568,1676060303.483722,29.000000,0.000000,4280.641113,4241.025879,4285.000000,4288.461426,4472.436035,4302.051270,4273.846191,4298.461426,4287.948730,4276.025879,4495.256348,4502.307617,4403.461426,4408.333496,0.000000,4.000000,85.000000,,,,0.000000,4.000000,4.000000,4.000000,4.000000,4.000000,4.000000,4.000000,4.000000,4.000000,4.000000,4.000000,4.000000,4.000000,4.000000,100.000000,,,,,,,,,,,,,,,,,,,,,,,,,,,,,,,,,,,,,,,,,,,,,,,,,,,,,,,,,,,,,,,,,,,,,,,,,,,,,,,,,,,,,,
1676060303.491377,1676060303.491630,30.000000,0.000000,4285.000000,4257.563965,4302.179688,4298.717773,4480.384766,4315.512695,4289.358887,4321.538574,4318.077148,4302.051270,4516.666504,4513.461426,4415.000000,4428.205078,0.000000,4.000000,85.000000,,,,0.000000,4.000000,4.000000,4.000000,4.000000,4.000000,4.000000,4.000000,4.000000,4.000000,4.000000,4.000000,4.000000,4.000000,4.000000,100.000000,,,,,,,,,,,,,,,,,0.831293,5.485790,1.943831,1.234700,1.478553,11.128987,7.084761,3.349512,1.385362,1.340903,1.588861,7.518638,2.031760,1.344555,1.624990,3.820862,6.280040,2.213680,1.222645,1.232056,1.917896,3.158549,1.167605,0.686831,0.960544,0.519461,1.043666,0.562193,0.569210,0.896295,0.881783,0.861312,1.201960,0.751642,1.194610,0.850583,1.661411,0.585582,0.994065,1.497331,1.169696,0.768266,0.289221,1.010349,1.416932,1.065937,0.820973,0.734742,1.323449,1.886500,12.373900,6.847888,1.317143,1.834753,2.302081,1.594125,4.343614,1.523080,1.404618,2.314585,6.942619,4.885523,1.260176,1.779662,1.957983,2.137834,5.664805,1.605459,1.479949,2.047734
1676060303.499185,1676060303.499439,31.000000,0.000000,4269.230957,4240.384766,4284.358887,4281.282227,4456.410156,4300.897461,4269.230957,4303.077148,4301.410156,4278.461426,4496.922852,4490.384766,4400.769043,4411.922852,0.000000,4.000000,85.000000,,,,0.000000,4.000000,4.000000,4.000000,4.000000,4.000000,4.000000,4.000000,4.000000,4.000000,4.000000,4.000000,4.000000,4.000000,4.000000,100.000000,,,,,,,,,,,,,,,,,,,,,,,,,,,,,,,,,,,,,,,,,,,,,,,,,,,,,,,,,,,,,,,,,,,,,,,,,,,,,,,,,,,,,,
1676060303.506993,1676060303.507347,32.000000,0.000000,4255.641113,4221.538574,4263.333496,4259.871582,4436.794922,4285.000000,4251.538574,4277.692383,4270.000000,4247.179688,4467.179688,4463.461426,4377.948730,4383.846191,0.000000,4.000000,85.000000,,,,0.000000,4.000000,4.000000,4.000000,4.000000,4.000000,4.000000,4.000000,4.000000,4.000000,4.000000,4.000000,4.000000,4.000000,4.000000,100.000000,,,,,,,,,,,,,,,,,,,,,,,,,,,,,,,,,,,,,,,,,,,,,,,,,,,,,,,,,,,,,,,,,,,,,,,,,,,,,,,,,,,,,,
1676060303.514802,1676060303.515156,33.000000,0.000000,4274.743652,4235.769043,4280.769043,4274.871582,4448.461426,4295.769043,4266.922852,4290.256348,4282.820313,4262.820313,4483.077148,4479.615234,4387.307617,4398.077148,0.000000,4.000000,85.000000,,,,0.000000,4.000000,4.000000,4.000000,4.000000,4.000000,4.000000,4.000000,4.000000,4.000000,4.000000,4.000000,4.000000,4.000000,4.000000,100.000000,,,,,,,,,,,,,,,,,,,,,,,,,,,,,,,,,,,,,,,,,,,,,,,,,,,,,,,,,,,,,,,,,,,,,,,,,,,,,,,,,,,,,,
1676060303.522610,1676060303.523064,34.000000,0.000000,4299.230957,4260.256348,4305.769043,4300.384766,4461.410156,4312.051270,4286.153809,4312.563965,4308.974121,4291.410156,4518.589844,4509.358887,4412.307617,4427.436035,0.000000,4.000000,85.000000,,,,0.000000,4.000000,4.000000,4.000000,4.000000,4.000000,4.000000,4.000000,4.000000,4.000000,4.000000,4.000000,4.000000,4.000000,4.000000,100.000000,,,,,,,,,,,,,,,,,,,,,,,,,,,,,,,,,,,,,,,,,,,,,,,,,,,,,,,,,,,,,,,,,,,,,,,,,,,,,,,,,,,,,,
1676060303.530419,1676060303.530872,35.000000,0.000000,4299.615234,4267.307617,4311.025879,4307.179688,4460.641113,4319.743652,4288.461426,4311.538574,4305.641113,4290.897461,4523.846191,4514.102539,4418.205078,4434.743652,0.000000,4.000000,85.000000,,,,0.000000,4.000000,4.000000,4.000000,4.000000,4.000000,4.000000,4.000000,4.000000,4.000000,4.000000,4.000000,4.000000,4.000000,4.000000,100.000000,,,,,,,,,,,,,,,,,,,,,,,,,,,,,,,,,,,,,,,,,,,,,,,,,,,,,,,,,,,,,,,,,,,,,,,,,,,,,,,,,,,,,,
1676060303.538227,1676060303.538781,36.000000,0.000000,4294.358887,4266.025879,4309.743652,4302.563965,4456.410156,4319.615234,4287.563965,4302.179688,4293.589844,4281.666504,4509.871582,4505.769043,4409.871582,4429.615234,0.000000,4.000000,85.000000,,,,0.000000,4.000000,4.000000,4.000000,4.000000,4.000000,4.000000,4.000000,4.000000,4.000000,4.000000,4.000000,4.000000,4.000000,4.000000,100.000000,,,,,,,,,,,,,,,,,,,,,,,,,,,,,,,,,,,,,,,,,,,,,,,,,,,,,,,,,,,,,,,,,,,,,,,,,,,,,,,,,,,,,,
1676060303.546035,1676060303.546589,37.000000,0.000000,4291.410156,4264.230957,4308.717773,4298.717773,4448.461426,4314.871582,4289.358887,4303.461426,4291.922852,4280.897461,4507.563965,4503.077148,4396.282227,4420.641113,0.000000,4.000000,85.000000,,,,0.000000,4.000000,4.000000,4.000000,4.000000,4.000000,4.000000,4.000000,4.000000,4.000000,4.000000,4.000000,4.000000,4.000000,4.000000,100.000000,,,,,,,,,,,,,,,,,,,,,,,,,,,,,,,,,,,,,,,,,,,,,,,,,,,,,,,,,,,,,,,,,,,,,,,,,,,,,,,,,,,,,,
1676060303.553844,1676060303.554298,38.000000,0.000000,4288.077148,4257.948730,4309.871582,4299.358887,4437.307617,4314.102539,4288.974121,4314.230957,4300.512695,4280.769043,4526.410156,4511.025879,4396.410156,4418.974121,0.000000,4.000000,85.000000,,,,0.000000,4.000000,4.000000,4.000000,4.000000,4.000000,4.000000,4.000000,4.000000,4.000000,4.000000,4.000000,4.000000,4.000000,4.000000,100.000000,,,,,,,,,,,,,,,,,,,,,,,,,,,,,,,,,,,,,,,,,,,,,,,,,,,,,,,,,,,,,,,,,,,,,,,,,,,,,,,,,,,,,,
1676060303.561652,1676060303.562106,39.000000,0.000000,4284.743652,4251.410156,4303.461426,4294.358887,4423.717773,4305.897461,4279.358887,4315.769043,4305.256348,4282.051270,4536.025879,4508.846191,4406.410156,4420.384766,0.000000,4.000000,85.000000,,,,0.000000,4.000000,4.000000,4.000000,4.000000,4.000000,4.000000,4.000000,4.000000,4.000000,4.000000,4.000000,4.000000,4.000000,4.000000,100.000000,,,,,,,,,,,,,,,,,,,,,,,,,,,,,,,,,,,,,,,,,,,,,,,,,,,,,,,,,,,,,,,,,,,,,,,,,,,,,,,,,,,,,,
1676060303.569461,1676060303.569815,40.000000,0.000000,4275.512695,4243.461426,4284.487305,4278.077148,4410.128418,4292.948730,4267.051270,4307.307617,4295.128418,4283.461426,4522.563965,4489.615234,4394.102539,4410.128418,0.000000,4.000000,85.000000,,,,0.000000,4.000000,4.000000,4.000000,4.000000,4.000000,4.000000,4.000000,4.000000,4.000000,4.000000,4.000000,4.000000,4.000000,4.000000,100.000000,,,,,,,,,,,,,,,,,,,,,,,,,,,,,,,,,,,,,,,,,,,,,,,,,,,,,,,,,,,,,,,,,,,,,,,,,,,,,,,,,,,,,,
1676060303.577269,1676060303.577623,41.000000,0.000000,4276.922852,4246.794922,4284.230957,4275.641113,4410.769043,4302.051270,4275.128418,4318.589844,4302.692383,4286.538574,4524.871582,4493.589844,4386.153809,4411.794922,0.000000,4.000000,85.000000,,,,0.000000,4.000000,4.000000,4.000000,4.000000,4.000000,4.000000,4.000000,4.000000,4.000000,4.000000,4.000000,4.000000,4.000000,4.000000,100.000000,,,,,,,,,,,,,,,,,,,,,,,,,,,,,,,,,,,,,,,,,,,,,,,,,,,,,,,,,,,,,,,,,,,,,,,,,,,,,,,,,,,,,,
1676060303.585077,1676060303.585332,42.000000,0.000000,4285.128418,4257.820313,4296.282227,4285.000000,4413.974121,4314.358887,4287.820313,4328.077148,4321.538574,4289.230957,4535.384766,4507.179688,4399.615234,4425.256348,0.000000,4.000000,85.000000,,,,0.000000,4.000000,4.000000,4.000000,4.000000,4.000000,4.000000,4.000000,4.000000,4.000000,4.000000,4.000000,4.000000,4.000000,4.000000,100.000000,,,,,,,,,,,,,,,,,,,,,,,,,,,,,,,,,,,,,,,,,,,,,,,,,,,,,,,,,,,,,,,,,,,,,,,,,,,,,,,,,,,,,,
1676060303.592886,1676060303.593240,43.000000,0.000000,4284.102539,4254.230957,4291.410156,4280.512695,4400.128418,4308.333496,4281.666504,4312.948730,4310.641113,4280.000000,4524.871582,4490.512695,4398.077148,4420.512695,0.000000,4.000000,85.000000,,,,0.000000,4.000000,4.000000,4.000000,4.000000,4.000000,4.000000,4.000000,4.000000,4.000000,4.000000,4.000000,4.000000,4.000000,4.000000,100.000000,,,,,,,,,,,,,,,,,,,,,,,,,,,,,,,,,,,,,,,,,,,,,,,,,,,,,,,,,,,,,,,,,,,,,,,,,,,,,,,,,,,,,,
1676060303.600694,1676060303.601049,44.000000,0.000000,4283.205078,4245.000000,4283.461426,4273.077148,4386.538574,4302.692383,4273.589844,4300.769043,4292.820313,4267.051270,4513.205078,4473.717773,4386.025879,4406.666504,0.000000,4.000000,85.000000,,,,0.000000,4.000000,4.000000,4.000000,4.000000,4.000000,4.000000,4.000000,4.000000,4.000000,4.000000,4.000000,4.000000,4.000000,4.000000,100.000000,,,,,,,,,,,,,,,,,,,,,,,,,,,,,,,,,,,,,,,,,,,,,,,,,,,,,,,,,,,,,,,,,,,,,,,,,,,,,,,,,,,,,,
1676060303.608502,1676060303.608957,45.000000,0.000000,4293.333496,4253.974121,4291.282227,4279.871582,4384.615234,4303.974121,4280.641113,4304.102539,4301.282227,4273.974121,4518.717773,4486.153809,4394.230957,4414.743652,0.000000,4.000000,85.000000,,,,0.000000,4.000000,4.000000,4.000000,4.000000,4.000000,4.000000,4.000000,4.000000,4.000000,4.000000,4.000000,4.000000,4.000000,4.000000,100.000000,,,,,,,,,,,,,,,,,,,,,,,,,,,,,,,,,,,,,,,,,,,,,,,,,,,,,,,,,,,,,,,,,,,,,,,,,,,,,,,,,,,,,,
1676060303.616311,1676060303.616765,46.000000,0.000000,4296.922852,4266.153809,4303.461426,4292.051270,4385.641113,4307.948730,4293.717773,4308.077148,4312.051270,4293.461426,4528.846191,4499.487305,4405.384766,4426.666504,0.000000,4.000000,85.000000,,,,0.000000,4.000000,4.000000,4.000000,4.000000,4.000000,4.000000,4.000000,4.000000,4.000000,4.000000,4.000000,4.000000,4.000000,4.000000,100.000000,,,,,,,,,,,,,,,,,0.811442,4.674583,2.186103,1.289475,1.397322,7.302112,6.685147,3.564606,1.396890,1.338418,1.321463,6.320620,2.325826,1.365900,1.604338,3.129104,5.346603,2.461925,1.300706,1.225015,2.067551,2.531464,1.267165,0.710764,0.982664,0.527482,0.920781,0.644133,0.652808,0.935595,0.959211,0.786585,1.391330,0.811545,1.236429,0.865363,1.896931,0.576419,0.967460,1.580119,1.161579,0.668845,0.317305,0.963612,1.417178,0.929830,0.846308,0.765638,1.494481,1.751762,7.587679,5.619481,1.383908,1.692234,2.409496,1.244691,3.693993,1.802667,1.382185,2.323080,4.521332,4.823167,1.457257,1.693003,1.998687,1.636247,5.060388,1.819826,1.426347,2.080598
1676060303.624119,1676060303.624674,47.000000,0.000000,4295.641113,4265.128418,4312.307617,4297.692383,4387.948730,4315.512695,4301.538574,4310.641113,4312.563965,4298.846191,4539.102539,4507.820313,4408.717773,4431.794922,0.000000,4.000000,85.000000,,,,0.000000,4.000000,4.000000,4.000000,4.000000,4.000000,4.000000,4.000000,4.000000,4.000000,4.000000,4.000000,4.000000,4.000000,4.000000,100.000000,,,,,,,,,,,,,,,,,,,,,,,,,,,,,,,,,,,,,,,,,,,,,,,,,,,,,,,,,,,,,,,,,,,,,,,,,,,,,,,,,,,,,,
1676060303.631928,1676060303.632482,48.000000,0.000000,4299.487305,4260.000000,4313.205078,4293.205078,4382.948730,4314.102539,4299.615234,4305.512695,4304.871582,4290.641113,4536.666504,4510.000000,4408.974121,4435.000000,0.000000,4.000000,85.000000,,,,0.000000,4.000000,4.000000,4.000000,4.000000,4.000000,4.000000,4.000000,4.000000,4.000000,4.000000,4.000000,4.000000,4.000000,4.000000,100.000000,,,,,,,,,,,,,,,,,,,,,,,,,,,,,,,,,,,,,,,,,,,,,,,,,,,,,,,,,,,,,,,,,,,,,,,,,,,,,,,,,,,,,,
1676060303.639736,1676060303.640390,49.000000,0.000000,4306.538574,4266.025879,4310.641113,4294.743652,4374.230957,4306.410156,4292.692383,4296.666504,4295.128418,4287.563965,4523.333496,4500.641113,4403.205078,4435.384766,0.000000,4.000000,85.000000,,,,0.000000,4.000000,4.000000,4.000000,4.000000,4.000000,4.000000,4.000000,4.000000,4.000000,4.000000,4.000000,4.000000,4.000000,4.000000,100.000000,,,,,,,,,,,,,,,,,,,,,,,,,,,,,,,,,,,,,,,,,,,,,,,,,,,,,,,,,,,,,,,,,,,,,,,,,,,,,,,,,,,,,,
1676060303.647544,1676060303.648199,50.000000,0.000000,4308.461426,4277.563965,4314.871582,4299.358887,4372.948730,4309.230957,4296.153809,4305.000000,4305.000000,4293.717773,4528.333496,4499.743652,4405.769043,4437.692383,0.000000,4.000000,85.000000,,,,0.000000,4.000000,4.000000,4.000000,4.000000,4.000000,4.000000,4.000000,4.000000,4.000000,4.000000,4.000000,4.000000,4.000000,4.000000,100.000000,,,,,,,,,,,,,,,,,,,,,,,,,,,,,,,,,,,,,,,,,,,,,,,,,,,,,,,,,,,,,,,,,,,,,,,,,,,,,,,,,,,,,,
1676060303.655353,1676060303.656107,51.000000,0.000000,4285.641113,4260.512695,4303.205078,4281.153809,4363.974121,4310.769043,4297.179688,4308.846191,4309.230957,4283.333496,4525.256348,4494.487305,4400.128418,4423.461426,0.000000,4.000000,85.000000,,,,0.000000,4.000000,4.000000,4.000000,4.000000,4.000000,4.000000,4.000000,4.000000,4.000000,4.000000,4.000000,4.000000,4.000000,4.000000,100.000000,,,,,,,,,,,,,,,,,,,,,,,,,,,,,,,,,,,,,,,,,,,,,,,,,,,,,,,,,,,,,,,,,,,,,,,,,,,,,,,,,,,,,,
1676060303.663161,1676060303.663916,52.000000,0.000000,4281.666504,4255.256348,4294.102539,4279.487305,4357.692383,4311.410156,4296.410156,4303.974121,4294.358887,4272.563965,4522.436035,4489.102539,4390.256348,4419.871582,0.000000,4.000000,85.000000,,,,0.000000,4.000000,4.000000,4.000000,4.000000,4.000000,4.000000,4.000000,4.000000,4.000000,4.000000,4.000000,4.000000,4.000000,4.000000,100.000000,,,,,,,,,,,,,,,,,,,,,,,,,,,,,,,,,,,,,,,,,,,,,,,,,,,,,,,,,,,,,,,,,,,,,,,,,,,,,,,,,,,,,,
1676060303.670969,1676060303.671824,53.000000,0.000000,4305.512695,4293.846191,4305.897461,4304.487305,4363.077148,4313.589844,4295.128418,4305.897461,4292.436035,4279.102539,4545.512695,4491.794922,4388.717773,4433.461426,0.000000,4.000000,85.000000,,,,0.000000,4.000000,4.000000,4.000000,4.000000,4.000000,4.000000,4.000000,4.000000,4.000000,4.000000,4.000000,4.000000,4.000000,4.000000,100.000000,,,,,,,,,,,,,,,,,,,,,,,,,,,,,,,,,,,,,,,,,,,,,,,,,,,,,,,,,,,,,,,,,,,,,,,,,,,,,,,,,,,,,,
1676060303.678778,1676060303.679632,54.000000,0.000000,4291.025879,4309.230957,4293.333496,4298.205078,4350.769043,4300.641113,4278.846191,4292.692383,4298.846191,4271.410156,4560.897461,4470.128418,4365.000000,4409.743652,0.000000,4.000000,85.000000,,,,0.000000,4.000000,4.000000,4.000000,4.000000,4.000000,4.000000,4.000000,4.000000,4.000000,4.000000,4.000000,4.000000,4.000000,4.000000,100.000000,,,,,,,,,,,,,,,,,,,,,,,,,,,,,,,,,,,,,,,,,,,,,,,,,,,,,,,,,,,,,,,,,,,,,,,,,,,,,,,,,,,,,,
1676060303.686586,1676060303.687541,55.000000,0.000000,4265.769043,4299.871582,4274.230957,4285.769043,4335.256348,4292.692383,4270.256348,4279.743652,4291.410156,4261.410156,4578.846191,4449.230957,4337.820313,4380.000000,0.000000,4.000000,85.000000,,,,0.000000,4.000000,4.000000,4.000000,4.000000,4.000000,4.000000,4.000000,4.000000,4.000000,4.000000,4.000000,4.000000,4.000000,4.000000,100.000000,,,,,,,,,,,,,,,,,,,,,,,,,,,,,,,,,,,,,,,,,,,,,,,,,,,,,,,,,,,,,,,,,,,,,,,,,,,,,,,,,,,,,,
1676060303.694394,1676060303.695349,56.000000,0.000000,4283.846191,4316.153809,4291.153809,4305.512695,4344.358887,4302.820313,4287.051270,4294.102539,4286.538574,4266.410156,4617.179688,4468.205078,4344.871582,4400.512695,0.000000,4.000000,85.000000,,,,0.000000,4.000000,4.000000,4.000000,4.000000,4.000000,4.000000,4.000000,4.000000,4.000000,4.000000,4.000000,4.000000,4.000000,4.000000,100.000000,,,,,,,,,,,,,,,,,,,,,,,,,,,,,,,,,,,,,,,,,,,,,,,,,,,,,,,,,,,,,,,,,,,,,,,,,,,,,,,,,,,,,,
1676060303.702203,1676060303.703258,57.000000,0.000000,4277.436035,4307.051270,4286.282227,4292.820313,4335.641113,4297.179688,4284.102539,4286.922852,4277.307617,4245.512695,4604.102539,4457.179688,4334.358887,4395.128418,0.000000,4.000000,85.000000,,,,0.000000,4.000000,4.000000,4.000000,4.000000,4.000000,4.000000,4.000000,4.000000,4.000000,4.000000,4.000000,4.000000,4.000000,4.000000,100.000000,,,,,,,,,,,,,,,,,,,,,,,,,,,,,,,,,,,,,,,,,,,,,,,,,,,,,,,,,,,,,,,,,,,,,,,,,,,,,,,,,,,,,,
1676060303.710011,1676060303.711066,58.000000,0.000000,4242.307617,4274.871582,4258.717773,4259.615234,4313.846191,4288.589844,4269.230957,4261.538574,4267.436035,4227.179688,4565.769043,4419.487305,4306.922852,4354.743652,0.000000,4.000000,85.000000,,,,0.000000,4.000000,4.000000,4.000000,4.000000,4.000000,4.000000,4.000000,4.000000,4.000000,4.000000,4.000000,4.000000,4.000000,4.000000,100.000000,,,,,,,,,,,,,,,,,,,,,,,,,,,,,,,,,,,,,,,,,,,,,,,,,,,,,,,,,,,,,,,,,,,,,,,,,,,,,,,,,,,,,,
1676060303.717820,1676060303.718974,59.000000,0.000000,4266.922852,4294.487305,4281.922852,4287.692383,4330.384766,4310.641113,4294.358887,4287.692383,4291.153809,4264.615234,4602.563965,4451.153809,4336.153809,4384.358887,0.000000,4.000000,85.000000,,,,0.000000,4.000000,4.000000,4.000000,4.000000,4.000000,4.000000,4.000000,4.000000,4.000000,4.000000,4.000000,4.000000,4.000000,4.000000,100.000000,,,,,,,,,,,,,,,,,,,,,,,,,,,,,,,,,,,,,,,,,,,,,,,,,,,,,,,,,,,,,,,,,,,,,,,,,,,,,,,,,,,,,,
1676060303.725628,1676060303.726783,60.000000,0.000000,4302.307617,4320.256348,4308.205078,4317.820313,4344.487305,4323.846191,4316.410156,4317.436035,4312.948730,4288.846191,4635.897461,4489.358887,4366.538574,4427.307617,0.000000,4.000000,85.000000,,,,0.000000,4.000000,4.000000,4.000000,4.000000,4.000000,4.000000,4.000000,4.000000,4.000000,4.000000,4.000000,4.000000,4.000000,4.000000,100.000000,,,,,,,,,,,,,,,,,,,,,,,,,,,,,,,,,,,,,,,,,,,,,,,,,,,,,,,,,,,,,,,,,,,,,,,,,,,,,,,,,,,,,,
1676060303.733436,1676060303.734491,61.000000,0.000000,4283.205078,4298.974121,4286.410156,4290.512695,4319.871582,4302.051270,4289.230957,4294.487305,4291.666504,4263.205078,4597.051270,4457.436035,4342.563965,4401.922852,0.000000,4.000000,85.000000,,,,0.000000,4.000000,4.000000,4.000000,4.000000,4.000000,4.000000,4.000000,4.000000,4.000000,4.000000,4.000000,4.000000,4.000000,4.000000,100.000000,,,,,,,,,,,,,,,,,,,,,,,,,,,,,,,,,,,,,,,,,,,,,,,,,,,,,,,,,,,,,,,,,,,,,,,,,,,,,,,,,,,,,,
1676060303.741245,1676060303.742300,62.000000,0.000000,4257.563965,4275.512695,4268.333496,4263.974121,4299.615234,4284.743652,4259.871582,4267.436035,4261.922852,4241.025879,4563.461426,4419.871582,4321.153809,4370.000000,0.000000,4.000000,85.000000,,,,0.000000,4.000000,4.000000,4.000000,4.000000,4.000000,4.000000,4.000000,4.000000,4.000000,4.000000,4.000000,4.000000,4.000000,4.000000,100.000000,,,,,,,,,,,,,,,,,0.779139,3.807053,2.348414,1.298609,1.356255,5.117686,5.741673,3.545466,1.377103,1.393114,1.074015,4.845504,2.478389,1.348671,1.614695,2.453094,4.118714,2.629177,1.332532,1.277228,2.331074,1.854174,1.259531,0.728108,0.990981,0.505426,0.831685,0.705799,0.740146,0.971745,0.963103,0.760063,1.549453,0.862386,1.268559,0.892956,2.188672,0.622326,0.918725,1.656391,1.110902,0.553694,0.374876,0.905488,1.458073,0.794007,0.805922,0.815502,1.679319,1.724468,4.571612,4.350418,1.442726,1.467043,2.513682,1.270514,2.914851,2.011021,1.317987,2.370513,3.414079,4.644993,1.579383,1.496319,2.072864,1.325768,4.360834,1.943734,1.289232,2.175939
1676060303.749053,1676060303.750008,63.000000,0.000000,4270.512695,4290.000000,4287.436035,4282.307617,4309.487305,4291.922852,4269.102539,4275.128418,4269.743652,4242.307617,4583.077148,4440.000000,4338.974121,4390.641113,0.000000,4.000000,85.000000,,,,0.000000,4.000000,4.000000,4.000000,4.000000,4.000000,4.000000,4.000000,4.000000,4.000000,4.000000,4.000000,4.000000,4.000000,4.000000,100.000000,,,,,,,,,,,,,,,,,,,,,,,,,,,,,,,,,,,,,,,,,,,,,,,,,,,,,,,,,,,,,,,,,,,,,,,,,,,,,,,,,,,,,,
1676060303.756862,1676060303.757917,64.000000,0.000000,4297.307617,4314.743652,4310.512695,4305.128418,4320.897461,4301.794922,4282.051270,4289.102539,4293.077148,4258.333496,4608.205078,4476.282227,4363.589844,4424.102539,2499.000000,4.000000,85.000000,,,,0.000000,4.000000,4.000000,4.000000,4.000000,4.000000,4.000000,4.000000,4.000000,4.000000,4.000000,4.000000,4.000000,4.000000,4.000000,100.000000,,,,,,,,,,,,,,,,,,,,,,,,,,,,,,,,,,,,,,,,,,,,,,,,,,,,,,,,,,,,,,,,,,,,,,,,,,,,,,,,,,,,,,
1676060303.764670,1676060303.765725,65.000000,0.000000,4300.512695,4316.282227,4313.333496,4304.102539,4320.897461,4309.102539,4277.563965,4287.436035,4298.333496,4281.025879,4614.230957,4478.461426,4371.666504,4428.846191,2458.000000,4.000000,85.000000,,,,0.000000,4.000000,4.000000,4.000000,4.000000,4.000000,4.000000,4.000000,4.000000,4.000000,4.000000,4.000000,4.000000,4.000000,4.000000,100.000000,,,,,,,,,,,,,,,,,,,,,,,,,,,,,,,,,,,,,,,,,,,,,,,,,,,,,,,,,,,,,,,,,,,,,,,,,,,,,,,,,,,,,,
1676060303.772478,1676060303.773534,66.000000,0.000000,4278.589844,4302.307617,4301.025879,4295.128418,4315.897461,4310.512695,4275.512695,4284.102539,4295.000000,4284.487305,4615.384766,4461.153809,4363.974121,4411.794922,2386.000000,4.000000,85.000000,,,,0.000000,4.000000,4.000000,4.000000,4.000000,4.000000,4.000000,4.000000,4.000000,4.000000,4.000000,4.000000,4.000000,4.000000,4.000000,100.000000,,,,,,,,,,,,,,,,,,,,,,,,,,,,,,,,,,,,,,,,,,,,,,,,,,,,,,,,,,,,,,,,,,,,,,,,,,,,,,,,,,,,,,
1676060303.780287,1676060303.781242,67.000000,0.000000,4265.512695,4294.230957,4288.077148,4283.205078,4305.384766,4302.051270,4278.461426,4292.692383,4298.589844,4272.179688,4612.436035,4454.358887,4350.641113,4397.820313,2446.000000,4.000000,85.000000,,,,0.000000,4.000000,4.000000,4.000000,4.000000,4.000000,4.000000,4.000000,4.000000,4.000000,4.000000,4.000000,4.000000,4.000000,4.000000,100.000000,,,,,,,,,,,,,,,,,,,,,,,,,,,,,,,,,,,,,,,,,,,,,,,,,,,,,,,,,,,,,,,,,,,,,,,,,,,,,,,,,,,,,,
1676060303.788095,1676060303.789051,68.000000,0.000000,4268.461426,4287.051270,4281.794922,4268.461426,4295.897461,4296.025879,4273.205078,4296.153809,4295.769043,4263.974121,4599.615234,4452.948730,4346.410156,4395.897461,2421.000000,4.000000,85.000000,,,,0.000000,4.000000,4.000000,4.000000,4.000000,4.000000,4.000000,4.000000,4.000000,4.000000,4.000000,4.000000,4.000000,4.000000,4.000000,100.000000,,,,,,,,,,,,,,,,,,,,,,,,,,,,,,,,,,,,,,,,,,,,,,,,,,,,,,,,,,,,,,,,,,,,,,,,,,,,,,,,,,,,,,
1676060303.795904,1676060303.796759,69.000000,0.000000,4257.436035,4271.666504,4272.820313,4259.358887,4289.102539,4292.820313,4264.743652,4279.871582,4276.282227,4253.589844,4572.820313,4434.358887,4333.205078,4381.794922,2368.000000,4.000000,85.000000,,,,0.000000,4.000000,4.000000,4.000000,4.000000,4.000000,4.000000,4.000000,4.000000,4.000000,4.000000,4.000000,4.000000,4.000000,4.000000,100.000000,,,,,,,,,,,,,,,,,,,,,,,,,,,,,,,,,,,,,,,,,,,,,,,,,,,,,,,,,,,,,,,,,,,,,,,,,,,,,,,,,,,,,,
1676060303.803712,1676060303.804568,70.000000,0.000000,4263.974121,4285.000000,4282.948730,4275.128418,4294.358887,4303.589844,4284.487305,4287.307617,4282.692383,4251.282227,4576.153809,4443.205078,4335.512695,4384.871582,2221.000000,4.000000,85.000000,,,,0.000000,4.000000,4.000000,4.000000,4.000000,4.000000,4.000000,4.000000,4.000000,4.000000,4.000000,4.000000,4.000000,4.000000,4.000000,100.000000,,,,,,,,,,,,,,,,,,,,,,,,,,,,,,,,,,,,,,,,,,,,,,,,,,,,,,,,,,,,,,,,,,,,,,,,,,,,,,,,,,,,,,
1676060303.811520,1676060303.812276,71.000000,0.000000,4284.358887,4306.025879,4300.641113,4291.025879,4300.000000,4318.974121,4306.666504,4314.743652,4306.410156,4262.307617,4598.333496,4471.538574,4359.358887,4408.974121,2196.000000,4.000000,85.000000,,,,0.000000,4.000000,4.000000,4.000000,4.000000,4.000000,4.000000,4.000000,4.000000,4.000000,4.000000,4.000000,4.000000,4.000000,4.000000,100.000000,,,,,,,,,,,,,,,,,,,,,,,,,,,,,,,,,,,,,,,,,,,,,,,,,,,,,,,,,,,,,,,,,,,,,,,,,,,,,,,,,,,,,,
1676060303.819329,1676060303.820085,72.000000,0.000000,4275.769043,4291.153809,4289.743652,4278.205078,4288.205078,4314.743652,4293.461426,4305.384766,4297.948730,4261.025879,4577.051270,4459.871582,4351.282227,4405.000000,2257.000000,4.000000,85.000000,,,,0.000000,4.000000,4.000000,4.000000,4.000000,4.000000,4.000000,4.000000,4.000000,4.000000,4.000000,4.000000,4.000000,4.000000,4.000000,100.000000,,,,,,,,,,,,,,,,,,,,,,,,,,,,,,,,,,,,,,,,,,,,,,,,,,,,,,,,,,,,,,,,,,,,,,,,,,,,,,,,,,,,,,
1676060303.827137,1676060303.827793,73.000000,0.000000,4269.871582,4280.256348,4282.563965,4273.846191,4281.666504,4305.641113,4277.563965,4287.820313,4286.025879,4260.256348,4553.717773,4446.794922,4338.205078,4397.692383,2224.000000,4.000000,85.000000,,,,0.000000,4.000000,4.000000,4.000000,4.000000,4.000000,4.000000,4.000000,4.000000,4.000000,4.000000,4.000000,4.000000,4.000000,4.000000,100.000000,,,,,,,,,,,,,,,,,,,,,,,,,,,,,,,,,,,,,,,,,,,,,,,,,,,,,,,,,,,,,,,,,,,,,,,,,,,,,,,,,,,,,,
1676060303.834946,1676060303.835702,74.000000,0.000000,4280.128418,4296.410156,4294.358887,4283.077148,4283.974121,4308.589844,4277.820313,4292.948730,4299.743652,4274.102539,4566.794922,4460.128418,4357.820313,4412.179688,2707.000000,4.000000,85.000000,,,,0.000000,4.000000,4.000000,4.000000,4.000000,4.000000,4.000000,4.000000,4.000000,4.000000,4.000000,4.000000,4.000000,4.000000,4.000000,100.000000,,,,,,,,,,,,,,,,,,,,,,,,,,,,,,,,,,,,,,,,,,,,,,,,,,,,,,,,,,,,,,,,,,,,,,,,,,,,,,,,,,,,,,
1676060303.842754,1676060303.843510,75.000000,0.000000,4271.025879,4292.051270,4289.743652,4274.358887,4279.871582,4305.384766,4270.897461,4289.487305,4301.282227,4271.794922,4558.461426,4454.230957,4359.615234,4406.282227,2875.000000,4.000000,85.000000,,,,0.000000,4.000000,4.000000,4.000000,4.000000,4.000000,4.000000,4.000000,4.000000,4.000000,4.000000,4.000000,4.000000,4.000000,4.000000,100.000000,,,,,,,,,,,,,,,,,,,,,,,,,,,,,,,,,,,,,,,,,,,,,,,,,,,,,,,,,,,,,,,,,,,,,,,,,,,,,,,,,,,,,,
1676060303.850562,1676060303.851418,76.000000,0.000000,4262.563965,4274.230957,4276.282227,4265.000000,4272.692383,4291.794922,4258.461426,4279.102539,4289.230957,4258.205078,4527.692383,4435.000000,4335.128418,4383.461426,3067.000000,4.000000,85.000000,,,,0.000000,4.000000,4.000000,4.000000,4.000000,4.000000,4.000000,4.000000,4.000000,4.000000,4.000000,4.000000,4.000000,4.000000,4.000000,100.000000,,,,,,,,,,,,,,,,,,,,,,,,,,,,,,,,,,,,,,,,,,,,,,,,,,,,,,,,,,,,,,,,,,,,,,,,,,,,,,,,,,,,,,
1676060303.858371,1676060303.859227,77.000000,0.000000,4282.307617,4285.897461,4288.846191,4278.205078,4272.692383,4294.102539,4264.102539,4294.615234,4306.025879,4267.692383,4543.589844,4451.922852,4350.512695,4402.179688,3194.000000,4.000000,85.000000,,,,0.000000,4.000000,4.000000,4.000000,4.000000,4.000000,4.000000,4.000000,4.000000,4.000000,4.000000,4.000000,4.000000,4.000000,4.000000,100.000000,,,,,,,,,,,,,,,,,,,,,,,,,,,,,,,,,,,,,,,,,,,,,,,,,,,,,,,,,,,,,,,,,,,,,,,,,,,,,,,,,,,,,,
1676060303.866179,1676060303.867135,78.000000,0.000000,4281.538574,4289.487305,4292.563965,4275.256348,4266.538574,4296.794922,4272.307617,4309.487305,4320.128418,4272.820313,4563.589844,4466.282227,4369.358887,4421.922852,2707.000000,4.000000,85.000000,,,,0.000000,4.000000,4.000000,4.000000,4.000000,4.000000,4.000000,4.000000,4.000000,4.000000,4.000000,4.000000,4.000000,4.000000,4.000000,100.000000,1.000000,25.000000,4.000000,4.000000,1.000000,4.000000,1.000000,3.000000,3.000000,3.000000,3.000000,3.000000,1.000000,1.000000,3.000000,1.000000,0.733317,3.061013,2.399778,1.256782,1.328904,3.669216,4.538888,3.325362,1.301805,1.476091,0.859264,3.480559,2.475583,1.294314,1.640393,1.854085,2.947633,2.709437,1.294642,1.363808,2.399518,1.310781,1.168108,0.734811,0.976555,0.456033,0.796694,0.746175,0.818835,0.985120,0.886589,0.801831,1.629082,0.903880,1.270437,0.927779,2.469485,0.700764,0.870368,1.693372,1.045178,0.445520,0.478307,0.857732,1.518566,0.664778,0.711079,0.885215,1.848642,1.789401,3.033997,3.222912,1.462397,1.224999,2.561509,1.523164,2.206328,2.114979,1.233744,2.399861,2.910327,4.313745,1.605681,1.252597,2.125933,1.125305,3.669623,1.954482,1.104733,2.274574
1676060303.873987,1676060303.874944,79.000000,0.000000,4263.461426,4272.563965,4274.871582,4256.666504,4260.000000,4289.487305,4272.692383,4301.538574,4308.333496,4264.230957,4553.333496,4452.436035,4350.512695,4403.205078,2875.000000,4.000000,85.000000,,,,0.000000,4.000000,4.000000,4.000000,4.000000,4.000000,4.000000,4.000000,4.000000,4.000000,4.000000,4.000000,4.000000,4.000000,4.000000,100.000000,,,,,,,,,,,,,,,,,,,,,,,,,,,,,,,,,,,,,,,,,,,,,,,,,,,,,,,,,,,,,,,,,,,,,,,,,,,,,,,,,,,,,,
1676060303.881796,1676060303.882852,80.000000,0.000000,4280.512695,4287.179688,4287.820313,4272.820313,4272.307617,4303.205078,4283.974121,4308.333496,4315.256348,4280.512695,4574.230957,4461.153809,4357.692383,4409.487305,3067.000000,4.000000,85.000000,,,,0.000000,4.000000,4.000000,4.000000,4.000000,4.000000,4.000000,4.000000,4.000000,4.000000,4.000000,4.000000,4.000000,4.000000,4.000000,100.000000,,,,,,,,,,,,,,,,,,,,,,,,,,,,,,,,,,,,,,,,,,,,,,,,,,,,,,,,,,,,,,,,,,,,,,,,,,,,,,,,,,,,,,
1676060303.889604,1676060303.890660,81.000000,0.000000,4292.820313,4304.358887,4304.615234,4289.230957,4274.871582,4316.666504,4289.871582,4317.436035,4325.000000,4289.487305,4592.307617,4471.153809,4369.615234,4428.974121,3194.000000,4.000000,85.000000,,,,0.000000,4.000000,4.000000,4.000000,4.000000,4.000000,4.000000,4.000000,4.000000,4.000000,4.000000,4.000000,4.000000,4.000000,4.000000,100.000000,,,,,,,,,,,,,,,,,,,,,,,,,,,,,,,,,,,,,,,,,,,,,,,,,,,,,,,,,,,,,,,,,,,,,,,,,,,,,,,,,,,,,,
1676060303.897413,1676060303.898569,82.000000,0.000000,4270.384766,4283.974121,4287.436035,4271.794922,4264.871582,4304.487305,4281.282227,4304.358887,4304.615234,4265.128418,4563.205078,4450.000000,4346.153809,4412.179688,2707.000000,4.000000,85.000000,,,,0.000000,4.000000,4.000000,4.000000,4.000000,4.000000,4.000000,4.000000,4.000000,4.000000,4.000000,4.000000,4.000000,4.000000,4.000000,100.000000,,,,,,,,,,,,,,,,,,,,,,,,,,,,,,,,,,,,,,,,,,,,,,,,,,,,,,,,,,,,,,,,,,,,,,,,,,,,,,,,,,,,,,
1676060303.905221,1676060303.906377,83.000000,0.000000,4264.102539,4273.846191,4276.538574,4268.717773,4262.563965,4300.512695,4280.256348,4299.615234,4295.000000,4260.897461,4547.563965,4439.743652,4339.102539,4396.666504,2875.000000,4.000000,85.000000,,,,0.000000,4.000000,4.000000,4.000000,4.000000,4.000000,4.000000,4.000000,4.000000,4.000000,4.000000,4.000000,4.000000,4.000000,4.000000,100.000000,,,,,,,,,,,,,,,,,,,,,,,,,,,,,,,,,,,,,,,,,,,,,,,,,,,,,,,,,,,,,,,,,,,,,,,,,,,,,,,,,,,,,,
1676060303.913029,1676060303.914285,84.000000,0.000000,4278.846191,4290.641113,4287.179688,4282.307617,4257.436035,4309.102539,4282.692383,4304.615234,4304.615234,4266.794922,4555.256348,4449.102539,4356.410156,4406.794922,3067.000000,4.000000,85.000000,,,,0.000000,4.000000,4.000000,4.000000,4.000000,4.000000,4.000000,4.000000,4.000000,4.000000,4.000000,4.000000,4.000000,4.000000,4.000000,100.000000,,,,,,,,,,,,,,,,,,,,,,,,,,,,,,,,,,,,,,,,,,,,,,,,,,,,,,,,,,,,,,,,,,,,,,,,,,,,,,,,,,,,,,
1676060303.920838,1676060303.922094,85.000000,0.000000,4272.436035,4284.487305,4279.871582,4271.538574,4246.666504,4302.179688,4270.769043,4289.743652,4285.512695,4245.512695,4532.948730,4436.153809,4348.717773,4400.256348,3194.000000,4.000000,85.000000,,,,0.000000,4.000000,4.000000,4.000000,4.000000,4.000000,4.000000,4.000000,4.000000,4.000000,4.000000,4.000000,4.000000,4.000000,4.000000,100.000000,,,,,,,,,,,,,,,,,,,,,,,,,,,,,,,,,,,,,,,,,,,,,,,,,,,,,,,,,,,,,,,,,,,,,,,,,,,,,,,,,,,,,,
1676060303.928646,1676060303.929802,86.000000,0.000000,4259.615234,4263.461426,4258.974121,4255.000000,4243.717773,4289.230957,4256.410156,4269.743652,4257.051270,4233.846191,4502.179688,4414.230957,4325.897461,4382.307617,2707.000000,4.000000,85.000000,,,,0.000000,4.000000,4.000000,4.000000,4.000000,4.000000,4.000000,4.000000,4.000000,4.000000,4.000000,4.000000,4.000000,4.000000,4.000000,100.000000,,,,,,,,,,,,,,,,,,,,,,,,,,,,,,,,,,,,,,,,,,,,,,,,,,,,,,,,,,,,,,,,,,,,,,,,,,,,,,,,,,,,,,
1676060303.936454,1676060303.937611,87.000000,0.000000,4265.384766,4263.974121,4262.179688,4261.794922,4241.922852,4285.897461,4258.589844,4273.846191,4269.102539,4251.794922,4505.384766,4422.948730,4329.230957,4387.948730,2875.000000,4.000000,85.000000,,,,0.000000,4.000000,4.000000,4.000000,4.000000,4.000000,4.000000,4.000000,4.000000,4.000000,4.000000,4.000000,4.000000,4.000000,4.000000,100.000000,,,,,,,,,,,,,,,,,,,,,,,,,,,,,,,,,,,,,,,,,,,,,,,,,,,,,,,,,,,,,,,,,,,,,,,,,,,,,,,,,,,,,,
1676060303.944263,1676060303.945319,88.000000,0.000000,4266.794922,4267.563965,4273.846191,4263.846191,4230.769043,4281.153809,4258.461426,4277.948730,4285.897461,4255.641113,4508.974121,4437.948730,4336.410156,4396.666504,3067.000000,4.000000,85.000000,,,,0.000000,4.000000,4.000000,4.000000,4.000000,4.000000,4.000000,4.000000,4.000000,4.000000,4.000000,4.000000,4.000000,4.000000,4.000000,100.000000,,,,,,,,,,,,,,,,,,,,,,,,,,,,,,,,,,,,,,,,,,,,,,,,,,,,,,,,,,,,,,,,,,,,,,,,,,,,,,,,,,,,,,
1676060303.952071,1676060303.953128,89.000000,0.000000,4273.205078,4267.820313,4278.205078,4263.461426,4233.589844,4283.974121,4256.025879,4276.538574,4278.333496,4240.897461,4503.205078,4440.641113,4337.948730,4405.769043,3194.000000,4.000000,85.000000,,,,0.000000,4.000000,4.000000,4.000000,4.000000,4.000000,4.000000,4.000000,4.000000,4.000000,4.000000,4.000000,4.000000,4.000000,4.000000,100.000000,,,,,,,,,,,,,,,,,,,,,,,,,,,,,,,,,,,,,,,,,,,,,,,,,,,,,,,,,,,,,,,,,,,,,,,,,,,,,,,,,,,,,,
1676060303.959880,1676060303.960836,90.000000,0.000000,4293.461426,4283.589844,4291.794922,4279.230957,4248.589844,4300.384766,4270.000000,4297.179688,4284.102539,4252.563965,4521.666504,4459.102539,4354.230957,4428.077148,2707.000000,4.000000,85.000000,,,,0.000000,4.000000,4.000000,4.000000,4.000000,4.000000,4.000000,4.000000,4.000000,4.000000,4.000000,4.000000,4.000000,4.000000,4.000000,100.000000,,,,,,,,,,,,,,,,,,,,,,,,,,,,,,,,,,,,,,,,,,,,,,,,,,,,,,,,,,,,,,,,,,,,,,,,,,,,,,,,,,,,,,
1676060303.967688,1676060303.968645,91.000000,0.000000,4298.205078,4295.384766,4306.794922,4284.102539,4251.922852,4305.512695,4284.743652,4318.974121,4304.230957,4278.717773,4547.436035,4479.743652,4372.948730,4439.230957,2875.000000,4.000000,85.000000,,,,0.000000,4.000000,4.000000,4.000000,4.000000,4.000000,4.000000,4.000000,4.000000,4.000000,4.000000,4.000000,4.000000,4.000000,4.000000,100.000000,,,,,,,,,,,,,,,,,,,,,,,,,,,,,,,,,,,,,,,,,,,,,,,,,,,,,,,,,,,,,,,,,,,,,,,,,,,,,,,,,,,,,,
1676060303.975496,1676060303.976353,92.000000,0.000000,4291.794922,4295.769043,4302.563965,4278.077148,4246.666504,4300.128418,4280.897461,4307.948730,4302.051270,4275.512695,4536.666504,4467.179688,4370.384766,4431.666504,3067.000000,4.000000,85.000000,,,,0.000000,4.000000,4.000000,4.000000,4.000000,4.000000,4.000000,4.000000,4.000000,4.000000,4.000000,4.000000,4.000000,4.000000,4.000000,100.000000,,,,,,,,,,,,,,,,,,,,,,,,,,,,,,,,,,,,,,,,,,,,,,,,,,,,,,,,,,,,,,,,,,,,,,,,,,,,,,,,,,,,,,
1676060303.983305,1676060303.984162,93.000000,0.000000,4296.410156,4302.307617,4291.794922,4286.153809,4245.256348,4303.846191,4275.256348,4290.641113,4290.769043,4258.589844,4508.974121,4449.358887,4354.743652,4429.871582,3194.000000,4.000000,85.000000,,,,0.000000,4.000000,4.000000,4.000000,4.000000,4.000000,4.000000,4.000000,4.000000,4.000000,4.000000,4.000000,4.000000,4.000000,4.000000,100.000000,,,,,,,,,,,,,,,,,,,,,,,,,,,,,,,,,,,,,,,,,,,,,,,,,,,,,,,,,,,,,,,,,,,,,,,,,,,,,,,,,,,,,,
1676060303.991113,1676060303.991870,94.000000,0.000000,4302.820313,4312.179688,4297.820313,4295.256348,4245.769043,4306.410156,4278.846191,4295.641113,4291.410156,4260.897461,4504.615234,4455.641113,4350.128418,4438.589844,2707.000000,4.000000,85.000000,,,,0.000000,4.000000,4.000000,4.000000,4.000000,4.000000,4.000000,4.000000,4.000000,4.000000,4.000000,4.000000,4.000000,4.000000,4.000000,100.000000,,,,,,,,,,,,,,,,,0.698844,2.562619,2.343312,1.178801,1.304877,2.697593,3.404904,3.007091,1.184186,1.560218,0.710528,2.547807,2.347840,1.215582,1.665681,1.416820,2.096200,2.711886,1.198489,1.458594,2.561877,1.017271,1.035211,0.732831,0.940979,0.396856,0.808443,0.763392,0.884012,0.965771,0.746630,0.928925,1.609453,0.945578,1.239268,0.979898,2.638077,0.795703,0.850476,1.677362,1.008464,0.364350,0.619922,0.847294,1.578465,0.592264,0.606148,0.960248,1.985212,1.905179,2.647424,2.333574,1.457088,1.045762,2.545372,1.971327,1.751655,2.103413,1.172220,2.383975,2.886683,3.935637,1.525895,1.041441,2.127422,1.115020,3.114755,1.857031,0.938212,2.335283
1676060303.998922,1676060303.999679,95.000000,0.000000,4305.897461,4319.615234,4303.589844,4290.641113,4241.538574,4291.794922,4271.410156,4296.282227,4285.256348,4265.512695,4507.563965,4458.974121,4351.410156,4440.897461,2875.000000,4.000000,85.000000,,,,0.000000,4.000000,4.000000,4.000000,4.000000,4.000000,4.000000,4.000000,4.000000,4.000000,4.000000,4.000000,4.000000,4.000000,4.000000,100.000000,,,,,,,,,,,,,,,,,,,,,,,,,,,,,,,,,,,,,,,,,,,,,,,,,,,,,,,,,,,,,,,,,,,,,,,,,,,,,,,,,,,,,,
1676060304.006730,1676060304.007387,96.000000,0.000000,4296.153809,4311.410156,4284.230957,4276.794922,4225.384766,4273.589844,4246.410156,4272.692383,4260.512695,4247.692383,4475.512695,4430.512695,4327.179688,4413.589844,3067.000000,4.000000,85.000000,,,,0.000000,4.000000,4.000000,4.000000,4.000000,4.000000,4.000000,4.000000,4.000000,4.000000,4.000000,4.000000,4.000000,4.000000,4.000000,100.000000,,,,,,,,,,,,,,,,,,,,,,,,,,,,,,,,,,,,,,,,,,,,,,,,,,,,,,,,,,,,,,,,,,,,,,,,,,,,,,,,,,,,,,
1676060304.014538,1676060304.015196,97.000000,0.000000,4286.922852,4304.358887,4277.436035,4277.948730,4220.769043,4284.871582,4247.436035,4267.820313,4257.692383,4239.358887,4447.051270,4419.358887,4298.589844,4392.051270,3194.000000,4.000000,85.000000,,,,0.000000,4.000000,4.000000,4.000000,4.000000,4.000000,4.000000,4.000000,4.000000,4.000000,4.000000,4.000000,4.000000,4.000000,4.000000,100.000000,,,,,,,,,,,,,,,,,,,,,,,,,,,,,,,,,,,,,,,,,,,,,,,,,,,,,,,,,,,,,,,,,,,,,,,,,,,,,,,,,,,,,,
1676060304.022347,1676060304.022904,98.000000,0.000000,4314.102539,4334.230957,4318.846191,4308.333496,4247.563965,4314.487305,4287.820313,4304.230957,4294.358887,4271.153809,4487.051270,4466.410156,4331.282227,4431.794922,2707.000000,4.000000,85.000000,,,,0.000000,4.000000,4.000000,4.000000,4.000000,4.000000,4.000000,4.000000,4.000000,4.000000,4.000000,4.000000,4.000000,4.000000,4.000000,100.000000,,,,,,,,,,,,,,,,,,,,,,,,,,,,,,,,,,,,,,,,,,,,,,,,,,,,,,,,,,,,,,,,,,,,,,,,,,,,,,,,,,,,,,
1676060304.030155,1676060304.030713,99.000000,0.000000,4343.077148,4355.641113,4344.102539,4324.102539,4261.794922,4318.589844,4304.871582,4330.128418,4314.615234,4294.871582,4540.128418,4504.871582,4391.666504,4479.487305,2875.000000,4.000000,85.000000,,,,0.000000,4.000000,4.000000,4.000000,4.000000,4.000000,4.000000,4.000000,4.000000,4.000000,4.000000,4.000000,4.000000,4.000000,4.000000,100.000000,,,,,,,,,,,,,,,,,,,,,,,,,,,,,,,,,,,,,,,,,,,,,,,,,,,,,,,,,,,,,,,,,,,,,,,,,,,,,,,,,,,,,,
1676060304.037964,1676060304.038421,100.000000,0.000000,4313.717773,4317.820313,4308.974121,4290.641113,4235.256348,4292.948730,4273.974121,4309.487305,4290.128418,4263.717773,4518.717773,4472.179688,4381.153809,4457.436035,3067.000000,4.000000,85.000000,,,,0.000000,4.000000,4.000000,4.000000,4.000000,4.000000,4.000000,4.000000,4.000000,4.000000,4.000000,4.000000,4.000000,4.000000,4.000000,100.000000,,,,,,,,,,,,,,,,,,,,,,,,,,,,,,,,,,,,,,,,,,,,,,,,,,,,,,,,,,,,,,,,,,,,,,,,,,,,,,,,,,,,,,
1676060304.045772,1676060304.046330,101.000000,0.000000,4275.384766,4276.282227,4282.051270,4262.179688,4213.205078,4274.615234,4253.461426,4280.128418,4270.128418,4237.820313,4478.205078,4434.102539,4345.256348,4421.922852,3194.000000,4.000000,85.000000,,,,0.000000,4.000000,4.000000,4.000000,4.000000,4.000000,4.000000,4.000000,4.000000,4.000000,4.000000,4.000000,4.000000,4.000000,4.000000,100.000000,,,,,,,,,,,,,,,,,,,,,,,,,,,,,,,,,,,,,,,,,,,,,,,,,,,,,,,,,,,,,,,,,,,,,,,,,,,,,,,,,,,,,,
1676060304.053580,1676060304.054138,102.000000,0.000000,4287.692383,4278.589844,4295.000000,4271.153809,4218.974121,4281.794922,4265.384766,4280.769043,4280.256348,4265.384766,4496.282227,4452.307617,4368.846191,4439.743652,2707.000000,4.000000,85.000000,,,,0.000000,4.000000,4.000000,4.000000,4.000000,4.000000,4.000000,4.000000,4.000000,4.000000,4.000000,4.000000,4.000000,4.000000,4.000000,100.000000,,,,,,,,,,,,,,,,,,,,,,,,,,,,,,,,,,,,,,,,,,,,,,,,,,,,,,,,,,,,,,,,,,,,,,,,,,,,,,,,,,,,,,
1676060304.061389,1676060304.062047,103.000000,0.000000,4302.948730,4286.153809,4297.051270,4274.487305,4222.692383,4284.871582,4264.487305,4287.307617,4281.282227,4279.615234,4513.589844,4464.487305,4389.487305,4452.179688,2875.000000,4.000000,85.000000,,,,0.000000,4.000000,4.000000,4.000000,4.000000,4.000000,4.000000,4.000000,4.000000,4.000000,4.000000,4.000000,4.000000,4.000000,4.000000,100.000000,,,,,,,,,,,,,,,,,,,,,,,,,,,,,,,,,,,,,,,,,,,,,,,,,,,,,,,,,,,,,,,,,,,,,,,,,,,,,,,,,,,,,,
1676060304.069197,1676060304.069855,104.000000,0.000000,4282.820313,4274.230957,4271.794922,4258.589844,4212.692383,4275.128418,4245.128418,4270.128418,4263.589844,4251.025879,4480.128418,4429.358887,4355.000000,4416.282227,3067.000000,4.000000,85.000000,,,,0.000000,4.000000,4.000000,4.000000,4.000000,4.000000,4.000000,4.000000,4.000000,4.000000,4.000000,4.000000,4.000000,4.000000,4.000000,100.000000,,,,,,,,,,,,,,,,,,,,,,,,,,,,,,,,,,,,,,,,,,,,,,,,,,,,,,,,,,,,,,,,,,,,,,,,,,,,,,,,,,,,,,
1676060304.077005,1676060304.077763,105.000000,0.000000,4267.820313,4263.333496,4258.589844,4253.333496,4209.871582,4279.230957,4245.000000,4259.230957,4255.641113,4235.384766,4460.128418,4410.384766,4338.846191,4398.077148,3194.000000,4.000000,85.000000,,,,0.000000,4.000000,4.000000,4.000000,4.000000,4.000000,4.000000,4.000000,4.000000,4.000000,4.000000,4.000000,4.000000,4.000000,4.000000,100.000000,,,,,,,,,,,,,,,,,,,,,,,,,,,,,,,,,,,,,,,,,,,,,,,,,,,,,,,,,,,,,,,,,,,,,,,,,,,,,,,,,,,,,,
1676060304.084814,1676060304.085572,106.000000,0.000000,4285.769043,4276.282227,4277.692383,4267.820313,4223.205078,4298.717773,4267.436035,4283.717773,4271.794922,4253.205078,4490.000000,4446.922852,4375.256348,4435.512695,2707.000000,4.000000,85.000000,,,,0.000000,4.000000,4.000000,4.000000,4.000000,4.000000,4.000000,4.000000,4.000000,4.000000,4.000000,4.000000,4.000000,4.000000,4.000000,100.000000,,,,,,,,,,,,,,,,,,,,,,,,,,,,,,,,,,,,,,,,,,,,,,,,,,,,,,,,,,,,,,,,,,,,,,,,,,,,,,,,,,,,,,
1676060304.092622,1676060304.093480,107.000000,0.000000,4300.256348,4294.615234,4291.666504,4279.358887,4229.102539,4298.974121,4269.871582,4297.948730,4282.948730,4267.692383,4501.794922,4464.743652,4385.769043,4450.641113,2875.000000,4.000000,85.000000,,,,0.000000,4.000000,4.000000,4.000000,4.000000,4.000000,4.000000,4.000000,4.000000,4.000000,4.000000,4.000000,4.000000,4.000000,4.000000,100.000000,,,,,,,,,,,,,,,,,,,,,,,,,,,,,,,,,,,,,,,,,,,,,,,,,,,,,,,,,,,,,,,,,,,,,,,,,,,,,,,,,,,,,,
1676060304.100431,1676060304.101289,108.000000,0.000000,4286.153809,4296.410156,4277.307617,4275.128418,4216.794922,4279.102539,4252.051270,4277.820313,4266.794922,4262.692383,4466.666504,4428.589844,4347.820313,4413.717773,3067.000000,4.000000,85.000000,,,,0.000000,4.000000,4.000000,4.000000,4.000000,4.000000,4.000000,4.000000,4.000000,4.000000,4.000000,4.000000,4.000000,4.000000,4.000000,100.000000,,,,,,,,,,,,,,,,,,,,,,,,,,,,,,,,,,,,,,,,,,,,,,,,,,,,,,,,,,,,,,,,,,,,,,,,,,,,,,,,,,,,,,
1676060304.108239,1676060304.109197,109.000000,0.000000,4277.563965,4313.333496,4276.666504,4282.563965,4215.256348,4281.922852,4257.307617,4276.025879,4260.897461,4262.307617,4452.051270,4420.384766,4331.794922,4401.666504,3194.000000,4.000000,85.000000,,,,0.000000,4.000000,4.000000,4.000000,4.000000,4.000000,4.000000,4.000000,4.000000,4.000000,4.000000,4.000000,4.000000,4.000000,4.000000,100.000000,,,,,,,,,,,,,,,,,,,,,,,,,,,,,,,,,,,,,,,,,,,,,,,,,,,,,,,,,,,,,,,,,,,,,,,,,,,,,,,,,,,,,,
1676060304.116047,1676060304.117005,110.000000,0.000000,4276.666504,4332.179688,4284.871582,4297.820313,4221.922852,4292.820313,4267.307617,4285.512695,4263.717773,4263.461426,4452.948730,4436.922852,4332.436035,4405.641113,2707.000000,4.000000,85.000000,,,,0.000000,4.000000,4.000000,4.000000,4.000000,4.000000,4.000000,4.000000,4.000000,4.000000,4.000000,4.000000,4.000000,4.000000,4.000000,100.000000,,,,,,,,,,,,,,,,,0.761868,2.364454,2.197173,1.087444,1.294332,2.285035,2.558146,2.706549,1.054560,1.627050,0.691714,2.197357,2.144415,1.127586,1.679103,1.140506,1.656435,2.646519,1.078039,1.541707,2.568367,0.990006,0.900061,0.726773,0.894008,0.351264,0.845065,0.757521,0.939502,0.916979,0.605454,1.144897,1.511579,0.997385,1.188774,1.048883,2.615465,0.906003,0.874537,1.616530,1.055794,0.332941,0.765452,0.890047,1.623519,0.646765,0.564750,1.018967,2.090637,2.016915,2.934651,1.784461,1.491519,0.983566,2.496723,2.563612,1.669531,2.000934,1.172443,2.334654,3.335667,3.659975,1.374130,0.923429,2.076659,1.351161,2.823041,1.696677,0.851688,2.349114
1676060304.123856,1676060304.124714,111.000000,0.000000,4280.769043,4334.615234,4284.615234,4310.769043,4219.358887,4291.922852,4263.333496,4286.410156,4264.743652,4258.333496,4445.512695,4441.538574,4324.615234,4401.410156,2875.000000,4.000000,85.000000,,,,0.000000,4.000000,4.000000,4.000000,4.000000,4.000000,4.000000,4.000000,4.000000,4.000000,4.000000,4.000000,4.000000,4.000000,4.000000,100.000000,,,,,,,,,,,,,,,,,,,,,,,,,,,,,,,,,,,,,,,,,,,,,,,,,,,,,,,,,,,,,,,,,,,,,,,,,,,,,,,,,,,,,,
1676060304.131664,1676060304.132522,112.000000,0.000000,4294.102539,4343.974121,4295.512695,4323.846191,4217.563965,4293.205078,4265.512695,4297.436035,4277.051270,4261.410156,4455.384766,4457.820313,4329.743652,4414.615234,3067.000000,4.000000,85.000000,,,,0.000000,4.000000,4.000000,4.000000,4.000000,4.000000,4.000000,4.000000,4.000000,4.000000,4.000000,4.000000,4.000000,4.000000,4.000000,100.000000,,,,,,,,,,,,,,,,,,,,,,,,,,,,,,,,,,,,,,,,,,,,,,,,,,,,,,,,,,,,,,,,,,,,,,,,,,,,,,,,,,,,,,
1676060304.139472,1676060304.140231,113.000000,0.000000,4290.897461,4339.230957,4298.333496,4320.769043,4216.410156,4291.282227,4263.205078,4292.692383,4274.871582,4261.666504,4457.436035,4467.820313,4331.794922,4419.358887,3194.000000,4.000000,85.000000,,,,0.000000,4.000000,4.000000,4.000000,4.000000,4.000000,4.000000,4.000000,4.000000,4.000000,4.000000,4.000000,4.000000,4.000000,4.000000,100.000000,,,,,,,,,,,,,,,,,,,,,,,,,,,,,,,,,,,,,,,,,,,,,,,,,,,,,,,,,,,,,,,,,,,,,,,,,,,,,,,,,,,,,,
1676060304.147281,1676060304.148039,114.000000,0.000000,4293.589844,4328.077148,4297.820313,4322.179688,4215.000000,4291.794922,4262.948730,4281.410156,4266.153809,4261.666504,4450.384766,4473.589844,4332.563965,4412.563965,2707.000000,4.000000,85.000000,,,,0.000000,4.000000,4.000000,4.000000,4.000000,4.000000,4.000000,4.000000,4.000000,4.000000,4.000000,4.000000,4.000000,4.000000,4.000000,100.000000,,,,,,,,,,,,,,,,,,,,,,,,,,,,,,,,,,,,,,,,,,,,,,,,,,,,,,,,,,,,,,,,,,,,,,,,,,,,,,,,,,,,,,
1676060304.155089,1676060304.155748,115.000000,0.000000,4315.897461,4341.794922,4321.538574,4347.179688,4220.641113,4296.410156,4276.025879,4298.461426,4284.102539,4277.692383,4467.051270,4501.794922,4348.077148,4427.563965,2875.000000,4.000000,85.000000,,,,0.000000,4.000000,4.000000,4.000000,4.000000,4.000000,4.000000,4.000000,4.000000,4.000000,4.000000,4.000000,4.000000,4.000000,4.000000,100.000000,,,,,,,,,,,,,,,,,,,,,,,,,,,,,,,,,,,,,,,,,,,,,,,,,,,,,,,,,,,,,,,,,,,,,,,,,,,,,,,,,,,,,,
1676060304.162898,1676060304.163556,116.000000,0.000000,4307.948730,4343.589844,4323.077148,4349.102539,4217.307617,4287.563965,4273.974121,4303.461426,4290.897461,4279.230957,4470.384766,4505.384766,4343.974121,4432.563965,3067.000000,4.000000,85.000000,,,,0.000000,4.000000,4.000000,4.000000,4.000000,4.000000,4.000000,4.000000,4.000000,4.000000,4.000000,4.000000,4.000000,4.000000,4.000000,100.000000,,,,,,,,,,,,,,,,,,,,,,,,,,,,,,,,,,,,,,,,,,,,,,,,,,,,,,,,,,,,,,,,,,,,,,,,,,,,,,,,,,,,,,
1676060304.170706,1676060304.171265,117.000000,0.000000,4294.230957,4334.230957,4304.487305,4338.077148,4218.333496,4285.897461,4267.051270,4289.230957,4274.615234,4261.538574,4455.512695,4492.051270,4335.384766,4423.205078,3194.000000,4.000000,85.000000,,,,0.000000,4.000000,4.000000,4.000000,4.000000,4.000000,4.000000,4.000000,4.000000,4.000000,4.000000,4.000000,4.000000,4.000000,4.000000,100.000000,,,,,,,,,,,,,,,,,,,,,,,,,,,,,,,,,,,,,,,,,,,,,,,,,,,,,,,,,,,,,,,,,,,,,,,,,,,,,,,,,,,,,,
1676060304.178514,1676060304.179173,118.000000,0.000000,4306.153809,4340.641113,4309.230957,4349.358887,4232.051270,4307.051270,4287.436035,4299.871582,4282.307617,4259.230957,4450.769043,4508.461426,4339.871582,4417.051270,2707.000000,4.000000,85.000000,,,,0.000000,4.000000,4.000000,4.000000,4.000000,4.000000,4.000000,4.000000,4.000000,4.000000,4.000000,4.000000,4.000000,4.000000,4.000000,100.000000,,,,,,,,,,,,,,,,,,,,,,,,,,,,,,,,,,,,,,,,,,,,,,,,,,,,,,,,,,,,,,,,,,,,,,,,,,,,,,,,,,,,,,
1676060304.186323,1676060304.186982,119.000000,0.000000,4296.282227,4327.820313,4302.820313,4345.256348,4230.641113,4311.410156,4294.230957,4303.077148,4288.205078,4265.384766,4438.974121,4501.922852,4325.897461,4398.846191,2875.000000,4.000000,85.000000,,,,0.000000,4.000000,4.000000,4.000000,4.000000,4.000000,4.000000,4.000000,4.000000,4.000000,4.000000,4.000000,4.000000,4.000000,4.000000,100.000000,,,,,,,,,,,,,,,,,,,,,,,,,,,,,,,,,,,,,,,,,,,,,,,,,,,,,,,,,,,,,,,,,,,,,,,,,,,,,,,,,,,,,,
1676060304.194131,1676060304.194890,120.000000,0.000000,4271.410156,4298.205078,4275.512695,4319.102539,4216.153809,4290.897461,4270.000000,4278.461426,4264.871582,4258.205078,4433.717773,4466.794922,4324.615234,4392.563965,3067.000000,4.000000,85.000000,,,,0.000000,4.000000,4.000000,4.000000,4.000000,4.000000,4.000000,4.000000,4.000000,4.000000,4.000000,4.000000,4.000000,4.000000,4.000000,100.000000,,,,,,,,,,,,,,,,,,,,,,,,,,,,,,,,,,,,,,,,,,,,,,,,,,,,,,,,,,,,,,,,,,,,,,,,,,,,,,,,,,,,,,
1676060304.201939,1676060304.202699,121.000000,0.000000,4274.871582,4284.871582,4268.205078,4309.102539,4207.692383,4282.307617,4258.077148,4275.641113,4256.794922,4252.948730,4456.538574,4469.871582,4364.871582,4413.461426,3194.000000,4.000000,85.000000,,,,0.000000,4.000000,4.000000,4.000000,4.000000,4.000000,4.000000,4.000000,4.000000,4.000000,4.000000,4.000000,4.000000,4.000000,4.000000,100.000000,,,,,,,,,,,,,,,,,,,,,,,,,,,,,,,,,,,,,,,,,,,,,,,,,,,,,,,,,,,,,,,,,,,,,,,,,,,,,,,,,,,,,,
1676060304.209748,1676060304.210607,122.000000,0.000000,4283.589844,4267.692383,4274.487305,4304.358887,4203.461426,4288.974121,4264.871582,4296.282227,4276.153809,4266.794922,4476.922852,4493.461426,4400.128418,4423.077148,2707.000000,4.000000,85.000000,,,,0.000000,4.000000,4.000000,4.000000,4.000000,4.000000,4.000000,4.000000,4.000000,4.000000,4.000000,4.000000,4.000000,4.000000,4.000000,100.000000,,,,,,,,,,,,,,,,,,,,,,,,,,,,,,,,,,,,,,,,,,,,,,,,,,,,,,,,,,,,,,,,,,,,,,,,,,,,,,,,,,,,,,
1676060304.217556,1676060304.218415,123.000000,0.000000,4280.512695,4245.256348,4274.230957,4293.974121,4201.922852,4290.000000,4268.205078,4306.282227,4293.461426,4281.666504,4493.333496,4499.102539,4418.717773,4427.563965,2875.000000,4.000000,85.000000,,,,0.000000,4.000000,4.000000,4.000000,4.000000,4.000000,4.000000,4.000000,4.000000,4.000000,4.000000,4.000000,4.000000,4.000000,4.000000,100.000000,,,,,,,,,,,,,,,,,,,,,,,,,,,,,,,,,,,,,,,,,,,,,,,,,,,,,,,,,,,,,,,,,,,,,,,,,,,,,,,,,,,,,,
1676060304.225365,1676060304.226324,124.000000,0.000000,4271.153809,4225.512695,4267.179688,4280.897461,4201.922852,4280.512695,4262.179688,4300.384766,4289.615234,4276.025879,4509.871582,4492.563965,4437.563965,4435.128418,3067.000000,4.000000,85.000000,,,,0.000000,4.000000,4.000000,4.000000,4.000000,4.000000,4.000000,4.000000,4.000000,4.000000,4.000000,4.000000,4.000000,4.000000,4.000000,100.000000,,,,,,,,,,,,,,,,,,,,,,,,,,,,,,,,,,,,,,,,,,,,,,,,,,,,,,,,,,,,,,,,,,,,,,,,,,,,,,,,,,,,,,
1676060304.233173,1676060304.234132,125.000000,0.000000,4267.307617,4204.871582,4267.820313,4269.743652,4202.307617,4282.307617,4262.948730,4299.743652,4286.922852,4275.641113,4514.102539,4495.512695,4452.948730,4438.077148,3194.000000,4.000000,85.000000,,,,0.000000,4.000000,4.000000,4.000000,4.000000,4.000000,4.000000,4.000000,4.000000,4.000000,4.000000,4.000000,4.000000,4.000000,4.000000,100.000000,,,,,,,,,,,,,,,,,,,,,,,,,,,,,,,,,,,,,,,,,,,,,,,,,,,,,,,,,,,,,,,,,,,,,,,,,,,,,,,,,,,,,,
1676060304.240981,1676060304.242040,126.000000,0.000000,4292.436035,4217.436035,4294.743652,4288.333496,4220.641113,4306.538574,4286.666504,4322.051270,4311.922852,4307.051270,4538.717773,4530.256348,4478.974121,4462.948730,2707.000000,4.000000,85.000000,,,,0.000000,4.000000,4.000000,4.000000,4.000000,4.000000,4.000000,4.000000,4.000000,4.000000,4.000000,4.000000,4.000000,4.000000,4.000000,100.000000,,,,,,,,,,,,,,,,,0.949731,2.403863,2.000792,1.002252,1.308249,2.266864,2.061817,2.514583,0.946643,1.664831,0.825363,2.353575,1.956431,1.039905,1.669930,1.037143,1.563239,2.537058,0.974735,1.594392,2.490284,1.132800,0.801610,0.722461,0.844206,0.324580,0.880691,0.751151,0.993928,0.849324,0.493101,1.425661,1.417349,1.062970,1.135829,1.131972,2.389601,1.068160,0.941219,1.531638,1.213468,0.385825,0.894768,0.981931,1.643534,0.862337,0.645965,1.057148,2.171144,2.073575,3.666182,1.665652,1.695035,1.038869,2.458098,3.206802,1.952830,1.912562,1.243561,2.281386,4.084026,3.584625,1.247377,0.915892,1.994453,1.839287,2.838173,1.574985,0.867885,2.327341
1676060304.248790,1676060304.249849,127.000000,0.000000,4308.717773,4237.948730,4318.846191,4310.000000,4236.538574,4314.487305,4305.897461,4339.487305,4329.230957,4323.974121,4563.461426,4557.948730,4494.871582,4485.000000,85.000000,4.000000,85.000000,,,,0.000000,4.000000,4.000000,4.000000,4.000000,4.000000,4.000000,4.000000,4.000000,4.000000,4.000000,4.000000,4.000000,4.000000,4.000000,100.000000,,,,,,,,,,,,,,,,,,,,,,,,,,,,,,,,,,,,,,,,,,,,,,,,,,,,,,,,,,,,,,,,,,,,,,,,,,,,,,,,,,,,,,
1676060304.256598,1676060304.257757,0.000000,0.000000,4296.666504,4225.000000,4314.615234,4301.538574,4225.256348,4299.615234,4297.948730,4329.230957,4313.461426,4306.153809,4548.077148,4544.871582,4479.230957,4472.307617,2505.000000,4.000000,85.000000,,,,0.000000,4.000000,4.000000,4.000000,4.000000,4.000000,4.000000,4.000000,4.000000,4.000000,4.000000,4.000000,4.000000,4.000000,4.000000,100.000000,,,,,,,,,,,,,,,,,,,,,,,,,,,,,,,,,,,,,,,,,,,,,,,,,,,,,,,,,,,,,,,,,,,,,,,,,,,,,,,,,,,,,,
1676060304.264407,1676060304.265566,1.000000,0.000000,4294.487305,4213.974121,4304.615234,4290.641113,4218.205078,4294.615234,4283.974121,4313.077148,4295.769043,4297.692383,4523.974121,4525.256348,4461.153809,4458.205078,2469.000000,4.000000,85.000000,,,,0.000000,4.000000,4.000000,4.000000,4.000000,4.000000,4.000000,4.000000,4.000000,4.000000,4.000000,4.000000,4.000000,4.000000,4.000000,100.000000,,,,,,,,,,,,,,,,,,,,,,,,,,,,,,,,,,,,,,,,,,,,,,,,,,,,,,,,,,,,,,,,,,,,,,,,,,,,,,,,,,,,,,
1676060304.272215,1676060304.273474,2.000000,0.000000,4293.333496,4216.922852,4294.487305,4287.820313,4219.102539,4298.205078,4279.871582,4304.358887,4289.871582,4291.410156,4509.487305,4513.333496,4446.153809,4448.077148,2386.000000,4.000000,85.000000,,,,0.000000,4.000000,4.000000,4.000000,4.000000,4.000000,4.000000,4.000000,4.000000,4.000000,4.000000,4.000000,4.000000,4.000000,4.000000,100.000000,,,,,,,,,,,,,,,,,,,,,,,,,,,,,,,,,,,,,,,,,,,,,,,,,,,,,,,,,,,,,,,,,,,,,,,,,,,,,,,,,,,,,,
1676060304.280023,1676060304.281282,3.000000,0.000000,4271.410156,4203.974121,4278.333496,4276.025879,4207.307617,4297.563965,4274.743652,4294.743652,4278.205078,4267.051270,4492.307617,4496.282227,4428.333496,4425.769043,2476.000000,4.000000,85.000000,,,,0.000000,4.000000,4.000000,4.000000,4.000000,4.000000,4.000000,4.000000,4.000000,4.000000,4.000000,4.000000,4.000000,4.000000,4.000000,100.000000,,,,,,,,,,,,,,,,,,,,,,,,,,,,,,,,,,,,,,,,,,,,,,,,,,,,,,,,,,,,,,,,,,,,,,,,,,,,,,,,,,,,,,
1676060304.287832,1676060304.289191,4.000000,0.000000,4255.128418,4192.307617,4272.436035,4266.922852,4201.922852,4293.717773,4271.282227,4291.153809,4272.307617,4260.384766,4483.205078,4488.589844,4420.000000,4413.974121,2431.000000,4.000000,85.000000,,,,0.000000,4.000000,4.000000,4.000000,4.000000,4.000000,4.000000,4.000000,4.000000,4.000000,4.000000,4.000000,4.000000,4.000000,4.000000,100.000000,,,,,,,,,,,,,,,,,,,,,,,,,,,,,,,,,,,,,,,,,,,,,,,,,,,,,,,,,,,,,,,,,,,,,,,,,,,,,,,,,,,,,,
1676060304.295640,1676060304.296999,5.000000,0.000000,4273.974121,4215.512695,4291.282227,4281.794922,4215.769043,4294.743652,4283.974121,4313.205078,4297.563965,4293.974121,4506.410156,4509.743652,4435.000000,4438.333496,2376.000000,4.000000,85.000000,,,,0.000000,4.000000,4.000000,4.000000,4.000000,4.000000,4.000000,4.000000,4.000000,4.000000,4.000000,4.000000,4.000000,4.000000,4.000000,100.000000,,,,,,,,,,,,,,,,,,,,,,,,,,,,,,,,,,,,,,,,,,,,,,,,,,,,,,,,,,,,,,,,,,,,,,,,,,,,,,,,,,,,,,
1676060304.303449,1676060304.304708,6.000000,0.000000,4295.512695,4237.179688,4310.897461,4297.563965,4221.410156,4300.769043,4298.333496,4335.128418,4320.384766,4315.000000,4526.794922,4532.179688,4451.794922,4456.538574,2221.000000,4.000000,85.000000,,,,0.000000,4.000000,4.000000,4.000000,4.000000,4.000000,4.000000,4.000000,4.000000,4.000000,4.000000,4.000000,4.000000,4.000000,4.000000,100.000000,,,,,,,,,,,,,,,,,,,,,,,,,,,,,,,,,,,,,,,,,,,,,,,,,,,,,,,,,,,,,,,,,,,,,,,,,,,,,,,,,,,,,,
1676060304.311257,1676060304.312516,7.000000,0.000000,4290.000000,4231.025879,4306.153809,4295.769043,4216.922852,4305.384766,4294.102539,4326.410156,4310.000000,4299.743652,4515.641113,4525.000000,4446.922852,4446.794922,2209.000000,4.000000,85.000000,,,,0.000000,4.000000,4.000000,4.000000,4.000000,4.000000,4.000000,4.000000,4.000000,4.000000,4.000000,4.000000,4.000000,4.000000,4.000000,100.000000,,,,,,,,,,,,,,,,,,,,,,,,,,,,,,,,,,,,,,,,,,,,,,,,,,,,,,,,,,,,,,,,,,,,,,,,,,,,,,,,,,,,,,
1676060304.319065,1676060304.320225,8.000000,0.000000,4277.563965,4227.179688,4293.846191,4290.512695,4218.589844,4301.282227,4281.794922,4310.384766,4290.384766,4284.102539,4498.974121,4506.666504,4432.948730,4441.666504,2267.000000,4.000000,85.000000,,,,0.000000,4.000000,4.000000,4.000000,4.000000,4.000000,4.000000,4.000000,4.000000,4.000000,4.000000,4.000000,4.000000,4.000000,4.000000,100.000000,,,,,,,,,,,,,,,,,,,,,,,,,,,,,,,,,,,,,,,,,,,,,,,,,,,,,,,,,,,,,,,,,,,,,,,,,,,,,,,,,,,,,,
1676060304.326874,1676060304.328033,9.000000,0.000000,4281.922852,4235.384766,4297.436035,4292.948730,4218.333496,4291.025879,4278.846191,4309.871582,4284.487305,4271.538574,4495.512695,4503.077148,4429.230957,4446.538574,2234.000000,4.000000,85.000000,,,,0.000000,4.000000,4.000000,4.000000,4.000000,4.000000,4.000000,4.000000,4.000000,4.000000,4.000000,4.000000,4.000000,4.000000,4.000000,100.000000,,,,,,,,,,,,,,,,,,,,,,,,,,,,,,,,,,,,,,,,,,,,,,,,,,,,,,,,,,,,,,,,,,,,,,,,,,,,,,,,,,,,,,
1676060304.334682,1676060304.335742,10.000000,0.000000,4293.333496,4238.974121,4305.128418,4296.794922,4217.948730,4293.717773,4283.717773,4311.794922,4289.743652,4268.589844,4495.897461,4507.820313,4431.538574,4441.666504,2713.000000,4.000000,85.000000,,,,0.000000,4.000000,4.000000,4.000000,4.000000,4.000000,4.000000,4.000000,4.000000,4.000000,4.000000,4.000000,4.000000,4.000000,4.000000,100.000000,,,,,,,,,,,,,,,,,,,,,,,,,,,,,,,,,,,,,,,,,,,,,,,,,,,,,,,,,,,,,,,,,,,,,,,,,,,,,,,,,,,,,,
1676060304.342490,1676060304.343550,11.000000,0.000000,4287.948730,4231.153809,4300.384766,4291.025879,4219.615234,4303.846191,4283.974121,4305.000000,4293.589844,4282.563965,4485.256348,4498.717773,4419.358887,4431.153809,2894.000000,4.000000,85.000000,,,,0.000000,4.000000,4.000000,4.000000,4.000000,4.000000,4.000000,4.000000,4.000000,4.000000,4.000000,4.000000,4.000000,4.000000,4.000000,100.000000,,,,,,,,,,,,,,,,,,,,,,,,,,,,,,,,,,,,,,,,,,,,,,,,,,,,,,,,,,,,,,,,,,,,,,,,,,,,,,,,,,,,,,
1676060304.350299,1676060304.351259,12.000000,0.000000,4277.948730,4227.179688,4294.102539,4286.922852,4218.205078,4302.179688,4279.615234,4301.153809,4293.589844,4287.948730,4475.000000,4485.897461,4406.410156,4428.333496,3104.000000,4.000000,85.000000,,,,0.000000,4.000000,4.000000,4.000000,4.000000,4.000000,4.000000,4.000000,4.000000,4.000000,4.000000,4.000000,4.000000,4.000000,4.000000,100.000000,,,,,,,,,,,,,,,,,,,,,,,,,,,,,,,,,,,,,,,,,,,,,,,,,,,,,,,,,,,,,,,,,,,,,,,,,,,,,,,,,,,,,,
1676060304.358107,1676060304.359067,13.000000,0.000000,4282.948730,4236.282227,4299.615234,4292.563965,4220.897461,4296.153809,4283.589844,4306.153809,4293.333496,4278.974121,4477.948730,4492.820313,4415.128418,4432.179688,3218.000000,4.000000,85.000000,,,,0.000000,4.000000,4.000000,4.000000,4.000000,4.000000,4.000000,4.000000,4.000000,4.000000,4.000000,4.000000,4.000000,4.000000,4.000000,100.000000,,,,,,,,,,,,,,,,,,,,,,,,,,,,,,,,,,,,,,,,,,,,,,,,,,,,,,,,,,,,,,,,,,,,,,,,,,,,,,,,,,,,,,
1676060304.365916,1676060304.366776,14.000000,0.000000,4282.563965,4238.589844,4298.846191,4289.230957,4216.666504,4293.077148,4281.538574,4301.666504,4288.974121,4274.102539,4478.461426,4494.230957,4415.000000,4427.820313,2713.000000,4.000000,85.000000,,,,0.000000,4.000000,4.000000,4.000000,4.000000,4.000000,4.000000,4.000000,4.000000,4.000000,4.000000,4.000000,4.000000,4.000000,4.000000,100.000000,1.000000,25.000000,4.000000,4.000000,1.000000,4.000000,1.000000,3.000000,3.000000,3.000000,4.000000,1.000000,1.000000,1.000000,3.000000,1.000000,1.316990,2.526897,1.788657,0.933041,1.347999,2.728838,1.873459,2.463241,0.886752,1.666179,1.211082,2.783518,1.858227,0.956259,1.633205,1.259092,1.645818,2.393606,0.917676,1.602270,2.265162,1.291382,0.758481,0.724411,0.794461,0.319080,0.896569,0.772460,1.054554,0.777268,0.442182,1.721800,1.418890,1.133952,1.093155,1.233233,2.035155,1.350998,1.034107,1.446264,1.478026,0.552123,1.030576,1.101286,1.632412,1.220082,0.873537,1.093143,2.217176,2.047526,4.666857,2.085891,2.165894,1.169890,2.462189,3.837163,2.501560,1.942346,1.359274,2.255348,5.059318,3.814916,1.265792,1.005036,1.916126,2.529736,3.136090,1.587446,0.969678,2.294557
1676060304.373724,1676060304.374584,15.000000,0.000000,4270.256348,4224.102539,4282.820313,4270.512695,4204.615234,4292.051270,4267.051270,4284.743652,4281.025879,4277.179688,4466.153809,4476.666504,4396.794922,4416.666504,2894.000000,4.000000,85.000000,,,,0.000000,4.000000,4.000000,4.000000,4.000000,4.000000,4.000000,4.000000,4.000000,4.000000,4.000000,4.000000,4.000000,4.000000,4.000000,100.000000,,,,,,,,,,,,,,,,,,,,,,,,,,,,,,,,,,,,,,,,,,,,,,,,,,,,,,,,,,,,,,,,,,,,,,,,,,,,,,,,,,,,,,
1676060304.381532,1676060304.382293,16.000000,0.000000,4274.615234,4223.974121,4284.743652,4270.769043,4208.461426,4291.922852,4270.512695,4287.948730,4283.974121,4279.230957,4473.205078,4479.230957,4400.256348,4421.025879,0.000000,4.000000,85.000000,,,,0.000000,4.000000,4.000000,4.000000,4.000000,4.000000,4.000000,4.000000,4.000000,4.000000,4.000000,4.000000,4.000000,4.000000,4.000000,100.000000,,,,,,,,,,,,,,,,,,,,,,,,,,,,,,,,,,,,,,,,,,,,,,,,,,,,,,,,,,,,,,,,,,,,,,,,,,,,,,,,,,,,,,
1676060304.389341,1676060304.390101,17.000000,0.000000,4285.128418,4231.282227,4296.410156,4281.794922,4210.769043,4284.871582,4282.948730,4301.922852,4289.102539,4274.230957,4493.589844,4488.205078,4413.717773,4425.000000,0.000000,4.000000,85.000000,,,,0.000000,4.000000,4.000000,4.000000,4.000000,4.000000,4.000000,4.000000,4.000000,4.000000,4.000000,4.000000,4.000000,4.000000,4.000000,100.000000,,,,,,,,,,,,,,,,,,,,,,,,,,,,,,,,,,,,,,,,,,,,,,,,,,,,,,,,,,,,,,,,,,,,,,,,,,,,,,,,,,,,,,
1676060304.397149,1676060304.397810,18.000000,0.000000,4276.410156,4222.563965,4288.589844,4273.077148,4199.358887,4279.743652,4281.025879,4301.025879,4285.128418,4270.641113,4492.820313,4477.692383,4412.563965,4415.256348,0.000000,4.000000,85.000000,,,,0.000000,4.000000,4.000000,4.000000,4.000000,4.000000,4.000000,4.000000,4.000000,4.000000,4.000000,4.000000,4.000000,4.000000,4.000000,100.000000,,,,,,,,,,,,,,,,,,,,,,,,,,,,,,,,,,,,,,,,,,,,,,,,,,,,,,,,,,,,,,,,,,,,,,,,,,,,,,,,,,,,,,
1676060304.404957,1676060304.405718,19.000000,0.000000,4269.358887,4218.846191,4279.871582,4266.410156,4203.077148,4289.102539,4281.025879,4302.179688,4289.871582,4282.692383,4492.051270,4478.333496,4411.538574,4418.077148,0.000000,4.000000,85.000000,,,,0.000000,4.000000,4.000000,4.000000,4.000000,4.000000,4.000000,4.000000,4.000000,4.000000,4.000000,4.000000,4.000000,4.000000,4.000000,100.000000,,,,,,,,,,,,,,,,,,,,,,,,,,,,,,,,,,,,,,,,,,,,,,,,,,,,,,,,,,,,,,,,,,,,,,,,,,,,,,,,,,,,,,
1676060304.412766,1676060304.413527,20.000000,0.000000,4275.256348,4229.615234,4288.333496,4276.538574,4217.179688,4298.205078,4290.128418,4313.077148,4297.179688,4293.333496,4502.563965,4491.410156,4412.436035,4432.692383,0.000000,4.000000,85.000000,,,,0.000000,4.000000,4.000000,4.000000,4.000000,4.000000,4.000000,4.000000,4.000000,4.000000,4.000000,4.000000,4.000000,4.000000,4.000000,100.000000,,,,,,,,,,,,,,,,,,,,,,,,,,,,,,,,,,,,,,,,,,,,,,,,,,,,,,,,,,,,,,,,,,,,,,,,,,,,,,,,,,,,,,
1676060304.420574,1676060304.421335,21.000000,0.000000,4286.410156,4244.358887,4304.615234,4289.358887,4219.871582,4295.256348,4296.410156,4319.615234,4303.333496,4296.282227,4509.743652,4498.333496,4419.358887,4440.256348,0.000000,4.000000,85.000000,,,,0.000000,4.000000,4.000000,4.000000,4.000000,4.000000,4.000000,4.000000,4.000000,4.000000,4.000000,4.000000,4.000000,4.000000,4.000000,100.000000,,,,,,,,,,,,,,,,,,,,,,,,,,,,,,,,,,,,,,,,,,,,,,,,,,,,,,,,,,,,,,,,,,,,,,,,,,,,,,,,,,,,,,
1676060304.428383,1676060304.429143,22.000000,0.000000,4295.769043,4256.153809,4313.846191,4297.563965,4219.871582,4297.051270,4296.153809,4321.153809,4312.051270,4303.589844,4512.948730,4510.000000,4436.666504,4443.846191,0.000000,4.000000,85.000000,,,,0.000000,4.000000,4.000000,4.000000,4.000000,4.000000,4.000000,4.000000,4.000000,4.000000,4.000000,4.000000,4.000000,4.000000,4.000000,100.000000,,,,,,,,,,,,,,,,,,,,,,,,,,,,,,,,,,,,,,,,,,,,,,,,,,,,,,,,,,,,,,,,,,,,,,,,,,,,,,,,,,,,,,
1676060304.436191,1676060304.437052,23.000000,0.000000,4292.051270,4253.974121,4304.615234,4290.641113,4215.641113,4298.717773,4290.128418,4314.230957,4304.743652,4295.256348,4504.615234,4509.871582,4429.743652,4446.282227,0.000000,4.000000,85.000000,,,,0.000000,4.000000,4.000000,4.000000,4.000000,4.000000,4.000000,4.000000,4.000000,4.000000,4.000000,4.000000,4.000000,4.000000,4.000000,100.000000,,,,,,,,,,,,,,,,,,,,,,,,,,,,,,,,,,,,,,,,,,,,,,,,,,,,,,,,,,,,,,,,,,,,,,,,,,,,,,,,,,,,,,
1676060304.443999,1676060304.444860,24.000000,0.000000,4277.563965,4235.897461,4285.769043,4271.410156,4205.000000,4290.641113,4278.974121,4301.025879,4286.794922,4272.051270,4483.846191,4486.025879,4402.051270,4435.897461,0.000000,4.000000,85.000000,,,,0.000000,4.000000,4.000000,4.000000,4.000000,4.000000,4.000000,4.000000,4.000000,4.000000,4.000000,4.000000,4.000000,4.000000,4.000000,100.000000,,,,,,,,,,,,,,,,,,,,,,,,,,,,,,,,,,,,,,,,,,,,,,,,,,,,,,,,,,,,,,,,,,,,,,,,,,,,,,,,,,,,,,
1676060304.451808,1676060304.452769,25.000000,0.000000,4264.615234,4219.230957,4274.487305,4260.384766,4197.179688,4277.692383,4267.179688,4293.974121,4278.205078,4259.487305,4463.717773,4461.410156,4387.307617,4408.974121,0.000000,4.000000,85.000000,,,,0.000000,4.000000,4.000000,4.000000,4.000000,4.000000,4.000000,4.000000,4.000000,4.000000,4.000000,4.000000,4.000000,4.000000,4.000000,100.000000,,,,,,,,,,,,,,,,,,,,,,,,,,,,,,,,,,,,,,,,,,,,,,,,,,,,,,,,,,,,,,,,,,,,,,,,,,,,,,,,,,,,,,
1676060304.459616,1676060304.460577,26.000000,0.000000,4258.205078,4213.461426,4271.922852,4258.846191,4193.846191,4275.384766,4266.410156,4291.410156,4278.717773,4265.512695,4452.563965,4450.641113,4381.153809,4391.794922,0.000000,4.000000,85.000000,,,,0.000000,4.000000,4.000000,4.000000,4.000000,4.000000,4.000000,4.000000,4.000000,4.000000,4.000000,4.000000,4.000000,4.000000,4.000000,100.000000,,,,,,,,,,,,,,,,,,,,,,,,,,,,,,,,,,,,,,,,,,,,,,,,,,,,,,,,,,,,,,,,,,,,,,,,,,,,,,,,,,,,,,
1676060304.467425,1676060304.468485,27.000000,0.000000,4270.128418,4224.743652,4283.461426,4268.077148,4199.871582,4291.666504,4280.897461,4300.769043,4291.666504,4288.205078,4464.487305,4469.615234,4393.205078,4413.717773,0.000000,4.000000,85.000000,,,,0.000000,4.000000,4.000000,4.000000,4.000000,4.000000,4.000000,4.000000,4.000000,4.000000,4.000000,4.000000,4.000000,4.000000,4.000000,100.000000,,,,,,,,,,,,,,,,,,,,,,,,,,,,,,,,,,,,,,,,,,,,,,,,,,,,,,,,,,,,,,,,,,,,,,,,,,,,,,,,,,,,,,
1676060304.475233,1676060304.476294,28.000000,0.000000,4281.153809,4235.128418,4296.282227,4280.000000,4203.589844,4291.666504,4285.897461,4313.205078,4295.641113,4288.717773,4480.128418,4490.512695,4408.205078,4436.282227,0.000000,4.000000,85.000000,,,,0.000000,4.000000,4.000000,4.000000,4.000000,4.000000,4.000000,4.000000,4.000000,4.000000,4.000000,4.000000,4.000000,4.000000,4.000000,100.000000,,,,,,,,,,,,,,,,,,,,,,,,,,,,,,,,,,,,,,,,,,,,,,,,,,,,,,,,,,,,,,,,,,,,,,,,,,,,,,,,,,,,,,
1676060304.483041,1676060304.484202,29.000000,0.000000,4274.487305,4231.282227,4297.179688,4274.230957,4199.358887,4277.820313,4278.333496,4307.563965,4280.128418,4264.230957,4474.615234,4480.512695,4400.512695,4428.077148,0.000000,4.000000,85.000000,,,,0.000000,4.000000,4.000000,4.000000,4.000000,4.000000,4.000000,4.000000,4.000000,4.000000,4.000000,4.000000,4.000000,4.000000,4.000000,100.000000,,,,,,,,,,,,,,,,,,,,,,,,,,,,,,,,,,,,,,,,,,,,,,,,,,,,,,,,,,,,,,,,,,,,,,,,,,,,,,,,,,,,,,
1676060304.490850,1676060304.492011,30.000000,0.000000,4288.333496,4248.717773,4314.230957,4284.615234,4211.282227,4288.205078,4292.563965,4313.077148,4291.922852,4281.922852,4489.871582,4493.461426,4413.974121,4445.384766,0.000000,4.000000,85.000000,,,,0.000000,4.000000,4.000000,4.000000,4.000000,4.000000,4.000000,4.000000,4.000000,4.000000,4.000000,4.000000,4.000000,4.000000,4.000000,100.000000,,,,,,,,,,,,,,,,,1.856920,2.613272,1.611282,0.885446,1.404064,4.228345,1.911004,2.547863,0.878086,1.629754,1.898439,3.248630,1.891545,0.886967,1.574023,2.152364,1.743873,2.243217,0.911845,1.562467,1.911639,1.352882,0.778619,0.731284,0.744419,0.335141,0.892949,0.837073,1.119400,0.716582,0.468567,1.979783,1.572263,1.194972,1.066301,1.346958,1.694785,1.792842,1.129273,1.377290,1.813287,0.853459,1.219727,1.213476,1.589335,1.658552,1.235484,1.161533,2.210402,1.944322,5.783985,3.101499,2.894674,1.327862,2.509815,4.409163,3.215705,2.156893,1.482206,2.273015,6.570315,4.452352,1.512706,1.159599,1.871530,3.328348,3.661207,1.771333,1.124515,2.271206
1676060304.498658,1676060304.499719,31.000000,0.000000,4308.333496,4265.769043,4330.256348,4303.205078,4223.589844,4297.948730,4303.589844,4328.589844,4315.384766,4319.102539,4514.102539,4521.025879,4435.641113,4469.102539,0.000000,4.000000,85.000000,,,,0.000000,4.000000,4.000000,4.000000,4.000000,4.000000,4.000000,4.000000,4.000000,4.000000,4.000000,4.000000,4.000000,4.000000,4.000000,100.000000,,,,,,,,,,,,,,,,,,,,,,,,,,,,,,,,,,,,,,,,,,,,,,,,,,,,,,,,,,,,,,,,,,,,,,,,,,,,,,,,,,,,,,
1676060304.506467,1676060304.507528,32.000000,0.000000,4281.282227,4236.153809,4301.666504,4274.743652,4201.153809,4274.615234,4271.922852,4306.153809,4290.000000,4291.922852,4474.230957,4481.538574,4396.794922,4425.000000,0.000000,4.000000,85.000000,,,,0.000000,4.000000,4.000000,4.000000,4.000000,4.000000,4.000000,4.000000,4.000000,4.000000,4.000000,4.000000,4.000000,4.000000,4.000000,100.000000,,,,,,,,,,,,,,,,,,,,,,,,,,,,,,,,,,,,,,,,,,,,,,,,,,,,,,,,,,,,,,,,,,,,,,,,,,,,,,,,,,,,,,
1676060304.514275,1676060304.515236,33.000000,0.000000,4263.333496,4225.641113,4283.974121,4257.563965,4195.384766,4271.282227,4262.563965,4295.384766,4274.871582,4260.000000,4446.794922,4451.666504,4372.948730,4399.230957,0.000000,4.000000,85.000000,,,,0.000000,4.000000,4.000000,4.000000,4.000000,4.000000,4.000000,4.000000,4.000000,4.000000,4.000000,4.000000,4.000000,4.000000,4.000000,100.000000,,,,,,,,,,,,,,,,,,,,,,,,,,,,,,,,,,,,,,,,,,,,,,,,,,,,,,,,,,,,,,,,,,,,,,,,,,,,,,,,,,,,,,
1676060304.522083,1676060304.523045,34.000000,0.000000,4295.641113,4261.025879,4314.743652,4292.307617,4228.717773,4306.153809,4299.358887,4334.487305,4313.974121,4288.333496,4492.563965,4495.641113,4415.256348,4445.384766,0.000000,4.000000,85.000000,,,,0.000000,4.000000,4.000000,4.000000,4.000000,4.000000,4.000000,4.000000,4.000000,4.000000,4.000000,4.000000,4.000000,4.000000,4.000000,100.000000,,,,,,,,,,,,,,,,,,,,,,,,,,,,,,,,,,,,,,,,,,,,,,,,,,,,,,,,,,,,,,,,,,,,,,,,,,,,,,,,,,,,,,
1676060304.529892,1676060304.530753,35.000000,0.000000,4292.563965,4252.179688,4310.000000,4287.051270,4225.641113,4305.641113,4297.436035,4328.846191,4310.897461,4293.205078,4483.077148,4491.538574,4404.487305,4439.487305,0.000000,4.000000,85.000000,,,,0.000000,4.000000,4.000000,4.000000,4.000000,4.000000,4.000000,4.000000,4.000000,4.000000,4.000000,4.000000,4.000000,4.000000,4.000000,100.000000,,,,,,,,,,,,,,,,,,,,,,,,,,,,,,,,,,,,,,,,,,,,,,,,,,,,,,,,,,,,,,,,,,,,,,,,,,,,,,,,,,,,,,
1676060304.537700,1676060304.538562,36.000000,0.000000,4260.897461,4220.512695,4280.000000,4252.436035,4198.846191,4279.871582,4266.538574,4285.897461,4270.128418,4263.461426,4428.333496,4447.692383,4359.358887,4391.025879,0.000000,4.000000,85.000000,,,,0.000000,4.000000,4.000000,4.000000,4.000000,4.000000,4.000000,4.000000,4.000000,4.000000,4.000000,4.000000,4.000000,4.000000,4.000000,100.000000,,,,,,,,,,,,,,,,,,,,,,,,,,,,,,,,,,,,,,,,,,,,,,,,,,,,,,,,,,,,,,,,,,,,,,,,,,,,,,,,,,,,,,
1676060304.545509,1676060304.546270,37.000000,0.000000,4280.256348,4245.128418,4305.256348,4275.384766,4216.025879,4291.025879,4286.153809,4302.692383,4287.051270,4275.256348,4457.948730,4476.153809,4387.179688,4423.333496,0.000000,4.000000,85.000000,,,,0.000000,4.000000,4.000000,4.000000,4.000000,4.000000,4.000000,4.000000,4.000000,4.000000,4.000000,4.000000,4.000000,4.000000,4.000000,100.000000,,,,,,,,,,,,,,,,,,,,,,,,,,,,,,,,,,,,,,,,,,,,,,,,,,,,,,,,,,,,,,,,,,,,,,,,,,,,,,,,,,,,,,
1676060304.553317,1676060304.554079,38.000000,0.000000,4292.692383,4255.128418,4320.384766,4288.589844,4226.153809,4300.256348,4299.487305,4318.589844,4302.436035,4285.512695,4483.205078,4494.230957,4402.820313,4451.666504,0.000000,4.000000,85.000000,,,,0.000000,4.000000,4.000000,4.000000,4.000000,4.000000,4.000000,4.000000,4.000000,4.000000,4.000000,4.000000,4.000000,4.000000,4.000000,100.000000,,,,,,,,,,,,,,,,,,,,,,,,,,,,,,,,,,,,,,,,,,,,,,,,,,,,,,,,,,,,,,,,,,,,,,,,,,,,,,,,,,,,,,
1676060304.561125,1676060304.561787,39.000000,0.000000,4266.025879,4220.384766,4283.461426,4252.563965,4199.871582,4276.282227,4265.000000,4282.436035,4267.436035,4260.512695,4436.025879,4449.615234,4364.358887,4405.769043,0.000000,4.000000,85.000000,,,,0.000000,4.000000,4.000000,4.000000,4.000000,4.000000,4.000000,4.000000,4.000000,4.000000,4.000000,4.000000,4.000000,4.000000,4.000000,100.000000,,,,,,,,,,,,,,,,,,,,,,,,,,,,,,,,,,,,,,,,,,,,,,,,,,,,,,,,,,,,,,,,,,,,,,,,,,,,,,,,,,,,,,
1676060304.568934,1676060304.569596,40.000000,0.000000,4284.615234,4236.153809,4290.256348,4265.128418,4210.128418,4281.153809,4268.589844,4288.333496,4273.589844,4266.666504,4447.948730,4464.743652,4384.871582,4416.025879,0.000000,4.000000,85.000000,,,,0.000000,4.000000,4.000000,4.000000,4.000000,4.000000,4.000000,4.000000,4.000000,4.000000,4.000000,4.000000,4.000000,4.000000,4.000000,100.000000,,,,,,,,,,,,,,,,,,,,,,,,,,,,,,,,,,,,,,,,,,,,,,,,,,,,,,,,,,,,,,,,,,,,,,,,,,,,,,,,,,,,,,
1676060304.576742,1676060304.577304,41.000000,0.000000,4325.384766,4282.563965,4332.179688,4310.512695,4241.666504,4314.230957,4306.794922,4331.282227,4312.307617,4295.897461,4504.487305,4518.717773,4431.794922,4472.948730,0.000000,4.000000,85.000000,,,,0.000000,4.000000,4.000000,4.000000,4.000000,4.000000,4.000000,4.000000,4.000000,4.000000,4.000000,4.000000,4.000000,4.000000,4.000000,100.000000,,,,,,,,,,,,,,,,,,,,,,,,,,,,,,,,,,,,,,,,,,,,,,,,,,,,,,,,,,,,,,,,,,,,,,,,,,,,,,,,,,,,,,
1676060304.584550,1676060304.585213,42.000000,0.000000,4306.922852,4273.461426,4321.282227,4297.307617,4229.615234,4305.256348,4300.641113,4324.230957,4300.512695,4287.307617,4488.589844,4503.205078,4408.974121,4461.666504,0.000000,4.000000,85.000000,,,,0.000000,4.000000,4.000000,4.000000,4.000000,4.000000,4.000000,4.000000,4.000000,4.000000,4.000000,4.000000,4.000000,4.000000,4.000000,100.000000,,,,,,,,,,,,,,,,,,,,,,,,,,,,,,,,,,,,,,,,,,,,,,,,,,,,,,,,,,,,,,,,,,,,,,,,,,,,,,,,,,,,,,
1676060304.592359,1676060304.593021,43.000000,0.000000,4273.333496,4242.436035,4285.641113,4257.820313,4205.769043,4272.820313,4273.205078,4295.128418,4270.128418,4258.846191,4441.794922,4458.461426,4373.077148,4416.666504,0.000000,4.000000,85.000000,,,,0.000000,4.000000,4.000000,4.000000,4.000000,4.000000,4.000000,4.000000,4.000000,4.000000,4.000000,4.000000,4.000000,4.000000,4.000000,100.000000,,,,,,,,,,,,,,,,,,,,,,,,,,,,,,,,,,,,,,,,,,,,,,,,,,,,,,,,,,,,,,,,,,,,,,,,,,,,,,,,,,,,,,
1676060304.600167,1676060304.600829,44.000000,0.000000,4277.179688,4246.153809,4290.128418,4267.307617,4215.128418,4281.410156,4281.025879,4300.897461,4279.743652,4262.948730,4441.282227,4458.846191,4377.820313,4415.000000,0.000000,4.000000,85.000000,,,,0.000000,4.000000,4.000000,4.000000,4.000000,4.000000,4.000000,4.000000,4.000000,4.000000,4.000000,4.000000,4.000000,4.000000,4.000000,100.000000,,,,,,,,,,,,,,,,,,,,,,,,,,,,,,,,,,,,,,,,,,,,,,,,,,,,,,,,,,,,,,,,,,,,,,,,,,,,,,,,,,,,,,
1676060304.607975,1676060304.608538,45.000000,0.000000,4288.589844,4267.051270,4312.051270,4295.256348,4233.846191,4307.948730,4301.922852,4320.512695,4300.641113,4286.538574,4465.000000,4481.410156,4388.589844,4437.436035,0.000000,4.000000,85.000000,,,,0.000000,4.000000,4.000000,4.000000,4.000000,4.000000,4.000000,4.000000,4.000000,4.000000,4.000000,4.000000,4.000000,4.000000,4.000000,100.000000,,,,,,,,,,,,,,,,,,,,,,,,,,,,,,,,,,,,,,,,,,,,,,,,,,,,,,,,,,,,,,,,,,,,,,,,,,,,,,,,,,,,,,
1676060304.615784,1676060304.616446,46.000000,0.000000,4276.410156,4257.307617,4297.179688,4278.205078,4222.179688,4291.282227,4287.820313,4305.384766,4282.948730,4267.179688,4453.589844,4468.589844,4376.794922,4425.384766,0.000000,4.000000,85.000000,,,,0.000000,4.000000,4.000000,4.000000,4.000000,4.000000,4.000000,4.000000,4.000000,4.000000,4.000000,4.000000,4.000000,4.000000,4.000000,100.000000,,,,,,,,,,,,,,,,,2.481505,2.622382,1.517443,0.862027,1.461362,7.341840,2.098238,2.744463,0.909458,1.562011,2.841637,3.610910,2.069929,0.844192,1.505528,3.926230,1.813761,2.130381,0.941059,1.484326,1.531363,1.297400,0.872224,0.735696,0.694056,0.369167,0.880058,0.938762,1.174631,0.678149,0.557944,2.142019,1.870495,1.234826,1.052633,1.460302,1.511204,2.354724,1.210494,1.329159,2.124196,1.279319,1.498156,1.294842,1.519209,2.085183,1.670676,1.294225,2.147156,1.796354,7.110317,4.610629,3.757427,1.472994,2.568215,4.909698,3.999798,2.568449,1.583652,2.327234,9.035718,5.469557,2.008803,1.341508,1.870006,4.100169,4.313487,2.104281,1.293221,2.260292
1676060304.623592,1676060304.624255,47.000000,0.000000,4266.538574,4238.461426,4275.512695,4255.641113,4206.410156,4272.692383,4269.230957,4278.077148,4255.897461,4236.153809,4426.025879,4443.717773,4360.897461,4398.333496,0.000000,4.000000,85.000000,,,,0.000000,4.000000,4.000000,4.000000,4.000000,4.000000,4.000000,4.000000,4.000000,4.000000,4.000000,4.000000,4.000000,4.000000,4.000000,100.000000,,,,,,,,,,,,,,,,,,,,,,,,,,,,,,,,,,,,,,,,,,,,,,,,,,,,,,,,,,,,,,,,,,,,,,,,,,,,,,,,,,,,,,
1676060304.631401,1676060304.632163,48.000000,0.000000,4293.077148,4258.333496,4303.846191,4281.153809,4226.922852,4300.256348,4292.436035,4293.077148,4271.666504,4263.717773,4446.538574,4467.179688,4376.794922,4417.692383,0.000000,4.000000,85.000000,,,,0.000000,4.000000,4.000000,4.000000,4.000000,4.000000,4.000000,4.000000,4.000000,4.000000,4.000000,4.000000,4.000000,4.000000,4.000000,100.000000,,,,,,,,,,,,,,,,,,,,,,,,,,,,,,,,,,,,,,,,,,,,,,,,,,,,,,,,,,,,,,,,,,,,,,,,,,,,,,,,,,,,,,
1676060304.639209,1676060304.639972,49.000000,0.000000,4317.563965,4278.589844,4338.974121,4305.769043,4246.410156,4316.538574,4313.846191,4325.897461,4296.538574,4300.000000,4486.666504,4505.769043,4404.871582,4458.205078,0.000000,4.000000,85.000000,,,,0.000000,4.000000,4.000000,4.000000,4.000000,4.000000,4.000000,4.000000,4.000000,4.000000,4.000000,4.000000,4.000000,4.000000,4.000000,100.000000,,,,,,,,,,,,,,,,,,,,,,,,,,,,,,,,,,,,,,,,,,,,,,,,,,,,,,,,,,,,,,,,,,,,,,,,,,,,,,,,,,,,,,
1676060304.647017,1676060304.647880,50.000000,0.000000,4303.333496,4262.436035,4329.102539,4288.717773,4233.846191,4302.307617,4297.692383,4322.692383,4285.384766,4282.436035,4478.974121,4495.512695,4396.153809,4453.205078,0.000000,4.000000,85.000000,,,,0.000000,4.000000,4.000000,4.000000,4.000000,4.000000,4.000000,4.000000,4.000000,4.000000,4.000000,4.000000,4.000000,4.000000,4.000000,100.000000,,,,,,,,,,,,,,,,,,,,,,,,,,,,,,,,,,,,,,,,,,,,,,,,,,,,,,,,,,,,,,,,,,,,,,,,,,,,,,,,,,,,,,
1676060304.654826,1676060304.655688,51.000000,0.000000,4290.384766,4257.563965,4313.846191,4281.922852,4226.922852,4302.307617,4292.563965,4309.230957,4275.512695,4271.538574,4465.256348,4480.641113,4383.205078,4438.974121,0.000000,4.000000,85.000000,,,,0.000000,4.000000,4.000000,4.000000,4.000000,4.000000,4.000000,4.000000,4.000000,4.000000,4.000000,4.000000,4.000000,4.000000,4.000000,100.000000,,,,,,,,,,,,,,,,,,,,,,,,,,,,,,,,,,,,,,,,,,,,,,,,,,,,,,,,,,,,,,,,,,,,,,,,,,,,,,,,,,,,,,
1676060304.662634,1676060304.663597,52.000000,0.000000,4301.025879,4272.179688,4318.846191,4293.333496,4234.615234,4307.436035,4300.256348,4313.717773,4285.769043,4287.307617,4479.102539,4495.384766,4399.102539,4451.410156,0.000000,4.000000,85.000000,,,,0.000000,4.000000,4.000000,4.000000,4.000000,4.000000,4.000000,4.000000,4.000000,4.000000,4.000000,4.000000,4.000000,4.000000,4.000000,100.000000,,,,,,,,,,,,,,,,,,,,,,,,,,,,,,,,,,,,,,,,,,,,,,,,,,,,,,,,,,,,,,,,,,,,,,,,,,,,,,,,,,,,,,
1676060304.670442,1676060304.671405,53.000000,0.000000,4302.307617,4262.948730,4314.487305,4285.512695,4230.256348,4299.230957,4285.769043,4311.922852,4282.179688,4275.769043,4475.897461,4491.410156,4401.410156,4451.410156,0.000000,4.000000,85.000000,,,,0.000000,4.000000,4.000000,4.000000,4.000000,4.000000,4.000000,4.000000,4.000000,4.000000,4.000000,4.000000,4.000000,4.000000,4.000000,100.000000,,,,,,,,,,,,,,,,,,,,,,,,,,,,,,,,,,,,,,,,,,,,,,,,,,,,,,,,,,,,,,,,,,,,,,,,,,,,,,,,,,,,,,
1676060304.678251,1676060304.679313,54.000000,0.000000,4293.333496,4254.743652,4307.307617,4279.358887,4225.512695,4302.179688,4278.077148,4306.410156,4276.666504,4264.871582,4465.897461,4474.102539,4387.051270,4441.025879,0.000000,4.000000,85.000000,,,,0.000000,4.000000,4.000000,4.000000,4.000000,4.000000,4.000000,4.000000,4.000000,4.000000,4.000000,4.000000,4.000000,4.000000,4.000000,100.000000,,,,,,,,,,,,,,,,,,,,,,,,,,,,,,,,,,,,,,,,,,,,,,,,,,,,,,,,,,,,,,,,,,,,,,,,,,,,,,,,,,,,,,
1676060304.686059,1676060304.687122,55.000000,0.000000,4293.461426,4273.333496,4313.974121,4289.358887,4231.794922,4314.871582,4295.897461,4314.102539,4287.563965,4280.897461,4473.077148,4480.384766,4393.461426,4445.641113,0.000000,4.000000,85.000000,,,,0.000000,4.000000,4.000000,4.000000,4.000000,4.000000,4.000000,4.000000,4.000000,4.000000,4.000000,4.000000,4.000000,4.000000,4.000000,100.000000,,,,,,,,,,,,,,,,,,,,,,,,,,,,,,,,,,,,,,,,,,,,,,,,,,,,,,,,,,,,,,,,,,,,,,,,,,,,,,,,,,,,,,
1676060304.693868,1676060304.694830,56.000000,0.000000,4297.820313,4281.025879,4319.743652,4292.436035,4236.153809,4315.641113,4302.948730,4321.794922,4295.128418,4288.846191,4477.436035,4491.666504,4403.974121,4453.974121,0.000000,4.000000,85.000000,,,,0.000000,4.000000,4.000000,4.000000,4.000000,4.000000,4.000000,4.000000,4.000000,4.000000,4.000000,4.000000,4.000000,4.000000,4.000000,100.000000,,,,,,,,,,,,,,,,,,,,,,,,,,,,,,,,,,,,,,,,,,,,,,,,,,,,,,,,,,,,,,,,,,,,,,,,,,,,,,,,,,,,,,
1676060304.701676,1676060304.702639,57.000000,0.000000,4297.692383,4267.820313,4305.000000,4283.974121,4230.641113,4304.871582,4285.000000,4309.743652,4285.256348,4280.641113,4464.358887,4474.358887,4387.820313,4442.820313,0.000000,4.000000,85.000000,,,,0.000000,4.000000,4.000000,4.000000,4.000000,4.000000,4.000000,4.000000,4.000000,4.000000,4.000000,4.000000,4.000000,4.000000,4.000000,100.000000,,,,,,,,,,,,,,,,,,,,,,,,,,,,,,,,,,,,,,,,,,,,,,,,,,,,,,,,,,,,,,,,,,,,,,,,,,,,,,,,,,,,,,
1676060304.709484,1676060304.710347,58.000000,0.000000,4292.692383,4261.538574,4289.230957,4274.871582,4221.410156,4287.563965,4266.538574,4294.230957,4274.102539,4272.179688,4453.717773,4449.743652,4376.282227,4425.641113,0.000000,4.000000,85.000000,,,,0.000000,4.000000,4.000000,4.000000,4.000000,4.000000,4.000000,4.000000,4.000000,4.000000,4.000000,4.000000,4.000000,4.000000,4.000000,100.000000,,,,,,,,,,,,,,,,,,,,,,,,,,,,,,,,,,,,,,,,,,,,,,,,,,,,,,,,,,,,,,,,,,,,,,,,,,,,,,,,,,,,,,
1676060304.717293,1676060304.718156,59.000000,0.000000,4297.436035,4275.897461,4308.846191,4281.538574,4228.589844,4287.820313,4276.282227,4307.179688,4284.743652,4275.769043,4466.538574,4464.102539,4395.769043,4437.820313,0.000000,4.000000,85.000000,,,,0.000000,4.000000,4.000000,4.000000,4.000000,4.000000,4.000000,4.000000,4.000000,4.000000,4.000000,4.000000,4.000000,4.000000,4.000000,100.000000,,,,,,,,,,,,,,,,,,,,,,,,,,,,,,,,,,,,,,,,,,,,,,,,,,,,,,,,,,,,,,,,,,,,,,,,,,,,,,,,,,,,,,
1676060304.725101,1676060304.725864,60.000000,0.000000,4325.769043,4304.615234,4345.000000,4310.384766,4253.333496,4312.179688,4307.820313,4341.025879,4317.307617,4302.307617,4498.717773,4513.077148,4424.615234,4478.589844,0.000000,4.000000,85.000000,,,,0.000000,4.000000,4.000000,4.000000,4.000000,4.000000,4.000000,4.000000,4.000000,4.000000,4.000000,4.000000,4.000000,4.000000,4.000000,100.000000,,,,,,,,,,,,,,,,,,,,,,,,,,,,,,,,,,,,,,,,,,,,,,,,,,,,,,,,,,,,,,,,,,,,,,,,,,,,,,,,,,,,,,
1676060304.732910,1676060304.733673,61.000000,0.000000,4354.871582,4326.666504,4360.769043,4332.563965,4266.922852,4326.666504,4322.948730,4362.948730,4339.487305,4333.717773,4531.794922,4549.358887,4445.769043,4511.410156,0.000000,4.000000,85.000000,,,,0.000000,4.000000,4.000000,4.000000,4.000000,4.000000,4.000000,4.000000,4.000000,4.000000,4.000000,4.000000,4.000000,4.000000,4.000000,100.000000,,,,,,,,,,,,,,,,,,,,,,,,,,,,,,,,,,,,,,,,,,,,,,,,,,,,,,,,,,,,,,,,,,,,,,,,,,,,,,,,,,,,,,
1676060304.740718,1676060304.741381,62.000000,0.000000,4351.282227,4315.641113,4352.051270,4321.922852,4253.589844,4310.256348,4304.487305,4355.256348,4320.256348,4325.641113,4532.051270,4537.307617,4447.820313,4509.358887,0.000000,4.000000,85.000000,,,,0.000000,4.000000,4.000000,4.000000,4.000000,4.000000,4.000000,4.000000,4.000000,4.000000,4.000000,4.000000,4.000000,4.000000,4.000000,100.000000,,,,,,,,,,,,,,,,,3.072684,2.563627,1.531017,0.864004,1.505320,12.265691,2.335040,2.989609,0.967473,1.477077,3.895634,3.865522,2.394791,0.847449,1.443015,6.573428,1.857503,2.089437,0.985153,1.387891,1.187166,1.170633,1.042769,0.733450,0.648411,0.413956,0.862100,1.052735,1.203870,0.666353,0.684235,2.179722,2.248307,1.253063,1.046855,1.560476,1.573784,2.914121,1.275592,1.298531,2.328518,1.783574,1.851319,1.341570,1.436980,2.437174,2.107035,1.499378,2.049314,1.651962,8.858582,6.387242,4.584656,1.591815,2.596993,5.336710,4.798782,3.154252,1.670030,2.395687,12.856000,6.764618,2.692089,1.520096,1.902301,4.774770,5.004926,2.549906,1.458416,2.252679
1676060304.748526,1676060304.749290,63.000000,0.000000,4316.025879,4280.128418,4330.000000,4295.641113,4230.641113,4288.846191,4278.717773,4329.743652,4281.282227,4282.436035,4491.410156,4499.102539,4416.666504,4478.717773,0.000000,4.000000,85.000000,,,,0.000000,4.000000,4.000000,4.000000,4.000000,4.000000,4.000000,4.000000,4.000000,4.000000,4.000000,4.000000,4.000000,4.000000,4.000000,100.000000,,,,,,,,,,,,,,,,,,,,,,,,,,,,,,,,,,,,,,,,,,,,,,,,,,,,,,,,,,,,,,,,,,,,,,,,,,,,,,,,,,,,,,
1676060304.756335,1676060304.757098,64.000000,0.000000,4303.205078,4276.282227,4324.615234,4291.666504,4232.820313,4296.538574,4281.282227,4323.846191,4274.102539,4260.000000,4470.000000,4487.563965,4392.820313,4462.563965,2488.000000,4.000000,85.000000,,,,0.000000,4.000000,4.000000,4.000000,4.000000,4.000000,4.000000,4.000000,4.000000,4.000000,4.000000,4.000000,4.000000,4.000000,4.000000,100.000000,,,,,,,,,,,,,,,,,,,,,,,,,,,,,,,,,,,,,,,,,,,,,,,,,,,,,,,,,,,,,,,,,,,,,,,,,,,,,,,,,,,,,,
1676060304.764143,1676060304.765007,65.000000,0.000000,4326.922852,4295.256348,4338.333496,4302.179688,4244.102539,4304.615234,4292.051270,4335.256348,4284.358887,4275.641113,4487.436035,4496.922852,4405.897461,4473.333496,2449.000000,4.000000,85.000000,,,,0.000000,4.000000,4.000000,4.000000,4.000000,4.000000,4.000000,4.000000,4.000000,4.000000,4.000000,4.000000,4.000000,4.000000,4.000000,100.000000,,,,,,,,,,,,,,,,,,,,,,,,,,,,,,,,,,,,,,,,,,,,,,,,,,,,,,,,,,,,,,,,,,,,,,,,,,,,,,,,,,,,,,
1676060304.771952,1676060304.772815,66.000000,0.000000,4331.538574,4290.000000,4338.333496,4298.974121,4235.897461,4290.000000,4282.051270,4329.615234,4277.820313,4290.384766,4486.410156,4490.000000,4406.538574,4471.025879,2373.000000,4.000000,85.000000,,,,0.000000,4.000000,4.000000,4.000000,4.000000,4.000000,4.000000,4.000000,4.000000,4.000000,4.000000,4.000000,4.000000,4.000000,4.000000,100.000000,,,,,,,,,,,,,,,,,,,,,,,,,,,,,,,,,,,,,,,,,,,,,,,,,,,,,,,,,,,,,,,,,,,,,,,,,,,,,,,,,,,,,,
1676060304.779760,1676060304.780623,67.000000,0.000000,4325.641113,4292.692383,4336.410156,4300.769043,4235.512695,4290.384766,4288.077148,4328.589844,4283.717773,4295.769043,4482.179688,4492.307617,4401.282227,4474.230957,2449.000000,4.000000,85.000000,,,,0.000000,4.000000,4.000000,4.000000,4.000000,4.000000,4.000000,4.000000,4.000000,4.000000,4.000000,4.000000,4.000000,4.000000,4.000000,100.000000,,,,,,,,,,,,,,,,,,,,,,,,,,,,,,,,,,,,,,,,,,,,,,,,,,,,,,,,,,,,,,,,,,,,,,,,,,,,,,,,,,,,,,
1676060304.787568,1676060304.788332,68.000000,0.000000,4336.794922,4311.153809,4346.794922,4309.871582,4248.205078,4309.743652,4310.000000,4344.487305,4301.666504,4303.205078,4503.846191,4512.948730,4421.025879,4499.615234,2419.000000,4.000000,85.000000,,,,0.000000,4.000000,4.000000,4.000000,4.000000,4.000000,4.000000,4.000000,4.000000,4.000000,4.000000,4.000000,4.000000,4.000000,4.000000,100.000000,,,,,,,,,,,,,,,,,,,,,,,,,,,,,,,,,,,,,,,,,,,,,,,,,,,,,,,,,,,,,,,,,,,,,,,,,,,,,,,,,,,,,,
1676060304.795377,1676060304.796240,69.000000,0.000000,4340.897461,4309.615234,4342.820313,4305.256348,4252.179688,4315.256348,4310.128418,4348.461426,4300.256348,4297.179688,4509.743652,4516.538574,4430.000000,4498.846191,2364.000000,4.000000,85.000000,,,,0.000000,4.000000,4.000000,4.000000,4.000000,4.000000,4.000000,4.000000,4.000000,4.000000,4.000000,4.000000,4.000000,4.000000,4.000000,100.000000,,,,,,,,,,,,,,,,,,,,,,,,,,,,,,,,,,,,,,,,,,,,,,,,,,,,,,,,,,,,,,,,,,,,,,,,,,,,,,,,,,,,,,
1676060304.803185,1676060304.804049,70.000000,0.000000,4326.922852,4293.589844,4325.512695,4295.384766,4245.256348,4304.102539,4296.282227,4342.820313,4292.179688,4282.820313,4492.563965,4502.307617,4413.717773,4475.256348,2202.000000,4.000000,85.000000,,,,0.000000,4.000000,4.000000,4.000000,4.000000,4.000000,4.000000,4.000000,4.000000,4.000000,4.000000,4.000000,4.000000,4.000000,4.000000,100.000000,,,,,,,,,,,,,,,,,,,,,,,,,,,,,,,,,,,,,,,,,,,,,,,,,,,,,,,,,,,,,,,,,,,,,,,,,,,,,,,,,,,,,,
1676060304.810993,1676060304.811957,71.000000,0.000000,4312.307617,4282.563965,4320.128418,4289.358887,4235.641113,4293.717773,4289.487305,4334.743652,4290.384766,4280.384766,4481.282227,4489.102539,4397.563965,4471.025879,2199.000000,4.000000,85.000000,,,,0.000000,4.000000,4.000000,4.000000,4.000000,4.000000,4.000000,4.000000,4.000000,4.000000,4.000000,4.000000,4.000000,4.000000,4.000000,100.000000,,,,,,,,,,,,,,,,,,,,,,,,,,,,,,,,,,,,,,,,,,,,,,,,,,,,,,,,,,,,,,,,,,,,,,,,,,,,,,,,,,,,,,
1676060304.818802,1676060304.819766,72.000000,0.000000,4318.846191,4287.051270,4330.256348,4292.307617,4239.358887,4296.025879,4293.077148,4328.333496,4292.692383,4290.384766,4488.717773,4493.205078,4404.358887,4481.282227,2261.000000,4.000000,85.000000,,,,0.000000,4.000000,4.000000,4.000000,4.000000,4.000000,4.000000,4.000000,4.000000,4.000000,4.000000,4.000000,4.000000,4.000000,4.000000,100.000000,,,,,,,,,,,,,,,,,,,,,,,,,,,,,,,,,,,,,,,,,,,,,,,,,,,,,,,,,,,,,,,,,,,,,,,,,,,,,,,,,,,,,,
1676060304.826610,1676060304.827674,73.000000,0.000000,4333.205078,4300.512695,4336.153809,4299.871582,4248.205078,4299.487305,4294.871582,4328.589844,4296.666504,4297.948730,4497.820313,4501.794922,4419.358887,4481.410156,2232.000000,4.000000,85.000000,,,,0.000000,4.000000,4.000000,4.000000,4.000000,4.000000,4.000000,4.000000,4.000000,4.000000,4.000000,4.000000,4.000000,4.000000,4.000000,100.000000,,,,,,,,,,,,,,,,,,,,,,,,,,,,,,,,,,,,,,,,,,,,,,,,,,,,,,,,,,,,,,,,,,,,,,,,,,,,,,,,,,,,,,
1676060304.834419,1676060304.835482,74.000000,0.000000,4330.384766,4298.589844,4326.538574,4297.436035,4242.948730,4289.487305,4285.256348,4324.102539,4294.230957,4298.589844,4491.153809,4492.179688,4415.897461,4476.025879,2712.000000,4.000000,85.000000,,,,0.000000,4.000000,4.000000,4.000000,4.000000,4.000000,4.000000,4.000000,4.000000,4.000000,4.000000,4.000000,4.000000,4.000000,4.000000,100.000000,,,,,,,,,,,,,,,,,,,,,,,,,,,,,,,,,,,,,,,,,,,,,,,,,,,,,,,,,,,,,,,,,,,,,,,,,,,,,,,,,,,,,,
1676060304.842227,1676060304.843391,75.000000,0.000000,4323.077148,4291.794922,4324.871582,4299.102539,4238.461426,4287.563965,4283.846191,4323.077148,4297.179688,4292.948730,4485.384766,4491.282227,4407.307617,4475.769043,2887.000000,4.000000,85.000000,,,,0.000000,4.000000,4.000000,4.000000,4.000000,4.000000,4.000000,4.000000,4.000000,4.000000,4.000000,4.000000,4.000000,4.000000,4.000000,100.000000,,,,,,,,,,,,,,,,,,,,,,,,,,,,,,,,,,,,,,,,,,,,,,,,,,,,,,,,,,,,,,,,,,,,,,,,,,,,,,,,,,,,,,
1676060304.850035,1676060304.851199,76.000000,0.000000,4330.128418,4305.128418,4338.461426,4317.436035,4253.461426,4307.051270,4301.025879,4336.922852,4312.436035,4293.717773,4497.051270,4510.512695,4415.769043,4480.256348,3109.000000,4.000000,85.000000,,,,0.000000,4.000000,4.000000,4.000000,4.000000,4.000000,4.000000,4.000000,4.000000,4.000000,4.000000,4.000000,4.000000,4.000000,4.000000,100.000000,,,,,,,,,,,,,,,,,,,,,,,,,,,,,,,,,,,,,,,,,,,,,,,,,,,,,,,,,,,,,,,,,,,,,,,,,,,,,,,,,,,,,,
1676060304.857844,1676060304.859108,77.000000,0.000000,4317.179688,4298.846191,4324.230957,4314.871582,4252.051270,4306.410156,4288.974121,4322.563965,4299.102539,4292.436035,4483.589844,4492.692383,4403.717773,4464.871582,3219.000000,4.000000,85.000000,,,,0.000000,4.000000,4.000000,4.000000,4.000000,4.000000,4.000000,4.000000,4.000000,4.000000,4.000000,4.000000,4.000000,4.000000,4.000000,100.000000,,,,,,,,,,,,,,,,,,,,,,,,,,,,,,,,,,,,,,,,,,,,,,,,,,,,,,,,,,,,,,,,,,,,,,,,,,,,,,,,,,,,,,
1676060304.865652,1676060304.866916,78.000000,0.000000,4302.820313,4289.102539,4308.589844,4312.179688,4238.846191,4290.000000,4270.769043,4299.871582,4273.461426,4282.820313,4463.974121,4471.794922,4386.666504,4446.666504,2712.000000,4.000000,85.000000,,,,0.000000,4.000000,4.000000,4.000000,4.000000,4.000000,4.000000,4.000000,4.000000,4.000000,4.000000,4.000000,4.000000,4.000000,4.000000,100.000000,1.000000,25.000000,4.000000,4.000000,1.000000,4.000000,1.000000,4.000000,3.000000,3.000000,4.000000,3.000000,1.000000,1.000000,3.000000,1.000000,3.464254,2.468240,1.671641,0.891291,1.530646,18.009947,2.505653,3.208171,1.046099,1.399756,4.821645,4.046447,2.844220,0.907464,1.404326,9.501657,1.869878,2.132600,1.029366,1.306249,0.929815,1.033866,1.266164,0.722802,0.621140,0.455409,0.831352,1.138327,1.194292,0.686385,0.817489,2.091531,2.602871,1.253565,1.052885,1.649642,1.861528,3.344881,1.331633,1.287161,2.381888,2.269366,2.227149,1.364037,1.371566,2.683617,2.461597,1.776224,1.950256,1.560937,10.964858,8.122910,5.278291,1.680672,2.585979,5.633033,5.547957,3.881881,1.763768,2.463943,17.686031,8.122823,3.475373,1.665062,1.955848,5.300937,5.640796,3.096301,1.614255,2.250664
1676060304.873460,1676060304.874724,79.000000,0.000000,4317.179688,4307.692383,4328.974121,4335.769043,4241.794922,4294.743652,4292.820313,4318.589844,4282.307617,4283.589844,4484.358887,4503.461426,4403.077148,4458.205078,2887.000000,4.000000,85.000000,,,,0.000000,4.000000,4.000000,4.000000,4.000000,4.000000,4.000000,4.000000,4.000000,4.000000,4.000000,4.000000,4.000000,4.000000,4.000000,100.000000,,,,,,,,,,,,,,,,,,,,,,,,,,,,,,,,,,,,,,,,,,,,,,,,,,,,,,,,,,,,,,,,,,,,,,,,,,,,,,,,,,,,,,
1676060304.881269,1676060304.882533,80.000000,0.000000,4295.384766,4284.358887,4316.410156,4315.897461,4225.641113,4283.589844,4289.743652,4313.846191,4274.615234,4266.282227,4463.205078,4496.922852,4382.307617,4437.948730,3109.000000,4.000000,85.000000,,,,0.000000,4.000000,4.000000,4.000000,4.000000,4.000000,4.000000,4.000000,4.000000,4.000000,4.000000,4.000000,4.000000,4.000000,4.000000,100.000000,,,,,,,,,,,,,,,,,,,,,,,,,,,,,,,,,,,,,,,,,,,,,,,,,,,,,,,,,,,,,,,,,,,,,,,,,,,,,,,,,,,,,,
1676060304.889077,1676060304.890241,81.000000,0.000000,4266.282227,4249.358887,4284.743652,4285.256348,4207.948730,4263.717773,4271.666504,4293.205078,4258.333496,4253.846191,4422.307617,4464.487305,4345.384766,4404.230957,3219.000000,4.000000,85.000000,,,,0.000000,4.000000,4.000000,4.000000,4.000000,4.000000,4.000000,4.000000,4.000000,4.000000,4.000000,4.000000,4.000000,4.000000,4.000000,100.000000,,,,,,,,,,,,,,,,,,,,,,,,,,,,,,,,,,,,,,,,,,,,,,,,,,,,,,,,,,,,,,,,,,,,,,,,,,,,,,,,,,,,,,
1676060304.896886,1676060304.898050,82.000000,0.000000,4298.717773,4283.589844,4310.641113,4321.538574,4228.333496,4286.922852,4300.769043,4330.256348,4296.410156,4288.461426,4466.410156,4506.666504,4383.333496,4439.102539,2712.000000,4.000000,85.000000,,,,0.000000,4.000000,4.000000,4.000000,4.000000,4.000000,4.000000,4.000000,4.000000,4.000000,4.000000,4.000000,4.000000,4.000000,4.000000,100.000000,,,,,,,,,,,,,,,,,,,,,,,,,,,,,,,,,,,,,,,,,,,,,,,,,,,,,,,,,,,,,,,,,,,,,,,,,,,,,,,,,,,,,,
1676060304.904694,1676060304.905758,83.000000,0.000000,4319.358887,4307.820313,4329.230957,4343.717773,4244.230957,4307.563965,4318.077148,4357.948730,4329.102539,4307.436035,4507.563965,4541.410156,4420.000000,4470.769043,2887.000000,4.000000,85.000000,,,,0.000000,4.000000,4.000000,4.000000,4.000000,4.000000,4.000000,4.000000,4.000000,4.000000,4.000000,4.000000,4.000000,4.000000,4.000000,100.000000,,,,,,,,,,,,,,,,,,,,,,,,,,,,,,,,,,,,,,,,,,,,,,,,,,,,,,,,,,,,,,,,,,,,,,,,,,,,,,,,,,,,,,
1676060304.912502,1676060304.913567,84.000000,0.000000,4281.282227,4268.846191,4289.871582,4303.077148,4225.769043,4285.897461,4284.102539,4320.641113,4300.384766,4277.051270,4464.871582,4497.820313,4384.487305,4432.563965,3109.000000,4.000000,85.000000,,,,0.000000,4.000000,4.000000,4.000000,4.000000,4.000000,4.000000,4.000000,4.000000,4.000000,4.000000,4.000000,4.000000,4.000000,4.000000,100.000000,,,,,,,,,,,,,,,,,,,,,,,,,,,,,,,,,,,,,,,,,,,,,,,,,,,,,,,,,,,,,,,,,,,,,,,,,,,,,,,,,,,,,,
1676060304.920311,1676060304.921275,85.000000,0.000000,4259.871582,4249.743652,4266.282227,4284.871582,4219.487305,4274.358887,4260.897461,4290.384766,4270.384766,4260.128418,4429.358887,4467.692383,4355.897461,4401.666504,3219.000000,4.000000,85.000000,,,,0.000000,4.000000,4.000000,4.000000,4.000000,4.000000,4.000000,4.000000,4.000000,4.000000,4.000000,4.000000,4.000000,4.000000,4.000000,100.000000,,,,,,,,,,,,,,,,,,,,,,,,,,,,,,,,,,,,,,,,,,,,,,,,,,,,,,,,,,,,,,,,,,,,,,,,,,,,,,,,,,,,,,
1676060304.928119,1676060304.929084,86.000000,0.000000,4271.025879,4267.179688,4272.948730,4303.461426,4231.153809,4282.179688,4265.769043,4291.538574,4271.153809,4271.922852,4437.948730,4477.692383,4361.666504,4409.102539,2712.000000,4.000000,85.000000,,,,0.000000,4.000000,4.000000,4.000000,4.000000,4.000000,4.000000,4.000000,4.000000,4.000000,4.000000,4.000000,4.000000,4.000000,4.000000,100.000000,,,,,,,,,,,,,,,,,,,,,,,,,,,,,,,,,,,,,,,,,,,,,,,,,,,,,,,,,,,,,,,,,,,,,,,,,,,,,,,,,,,,,,
1676060304.935928,1676060304.936792,87.000000,0.000000,4259.487305,4257.948730,4257.820313,4291.922852,4218.077148,4266.153809,4252.051270,4274.487305,4259.871582,4258.205078,4421.153809,4458.717773,4345.512695,4394.230957,2887.000000,4.000000,85.000000,,,,0.000000,4.000000,4.000000,4.000000,4.000000,4.000000,4.000000,4.000000,4.000000,4.000000,4.000000,4.000000,4.000000,4.000000,4.000000,100.000000,,,,,,,,,,,,,,,,,,,,,,,,,,,,,,,,,,,,,,,,,,,,,,,,,,,,,,,,,,,,,,,,,,,,,,,,,,,,,,,,,,,,,,
1676060304.943736,1676060304.944601,88.000000,0.000000,4268.589844,4261.794922,4272.307617,4295.384766,4220.128418,4262.051270,4255.769043,4279.102539,4263.717773,4258.717773,4425.641113,4464.871582,4356.666504,4403.333496,3109.000000,4.000000,85.000000,,,,0.000000,4.000000,4.000000,4.000000,4.000000,4.000000,4.000000,4.000000,4.000000,4.000000,4.000000,4.000000,4.000000,4.000000,4.000000,100.000000,,,,,,,,,,,,,,,,,,,,,,,,,,,,,,,,,,,,,,,,,,,,,,,,,,,,,,,,,,,,,,,,,,,,,,,,,,,,,,,,,,,,,,
1676060304.951544,1676060304.952309,89.000000,0.000000,4318.205078,4307.179688,4331.794922,4344.615234,4253.077148,4291.025879,4301.282227,4329.615234,4305.384766,4293.077148,4486.025879,4532.179688,4411.025879,4463.846191,3219.000000,4.000000,85.000000,,,,0.000000,4.000000,4.000000,4.000000,4.000000,4.000000,4.000000,4.000000,4.000000,4.000000,4.000000,4.000000,4.000000,4.000000,4.000000,100.000000,,,,,,,,,,,,,,,,,,,,,,,,,,,,,,,,,,,,,,,,,,,,,,,,,,,,,,,,,,,,,,,,,,,,,,,,,,,,,,,,,,,,,,
1676060304.959353,1676060304.960118,90.000000,0.000000,4320.128418,4313.589844,4335.897461,4351.282227,4252.179688,4293.974121,4312.436035,4340.512695,4311.666504,4289.487305,4495.897461,4544.230957,4409.615234,4471.538574,2712.000000,4.000000,85.000000,,,,0.000000,4.000000,4.000000,4.000000,4.000000,4.000000,4.000000,4.000000,4.000000,4.000000,4.000000,4.000000,4.000000,4.000000,4.000000,100.000000,,,,,,,,,,,,,,,,,,,,,,,,,,,,,,,,,,,,,,,,,,,,,,,,,,,,,,,,,,,,,,,,,,,,,,,,,,,,,,,,,,,,,,
1676060304.967161,1676060304.967826,91.000000,0.000000,4283.461426,4277.179688,4294.358887,4310.256348,4225.897461,4274.230957,4282.436035,4309.487305,4281.025879,4263.205078,4450.000000,4493.333496,4368.077148,4425.641113,2887.000000,4.000000,85.000000,,,,0.000000,4.000000,4.000000,4.000000,4.000000,4.000000,4.000000,4.000000,4.000000,4.000000,4.000000,4.000000,4.000000,4.000000,4.000000,100.000000,,,,,,,,,,,,,,,,,,,,,,,,,,,,,,,,,,,,,,,,,,,,,,,,,,,,,,,,,,,,,,,,,,,,,,,,,,,,,,,,,,,,,,
1676060304.974970,1676060304.975635,92.000000,0.000000,4283.589844,4269.487305,4293.333496,4301.538574,4226.794922,4277.307617,4283.461426,4308.333496,4284.230957,4271.666504,4443.717773,4484.871582,4367.692383,4417.051270,3109.000000,4.000000,85.000000,,,,0.000000,4.000000,4.000000,4.000000,4.000000,4.000000,4.000000,4.000000,4.000000,4.000000,4.000000,4.000000,4.000000,4.000000,4.000000,100.000000,,,,,,,,,,,,,,,,,,,,,,,,,,,,,,,,,,,,,,,,,,,,,,,,,,,,,,,,,,,,,,,,,,,,,,,,,,,,,,,,,,,,,,
1676060304.982778,1676060304.983343,93.000000,0.000000,4295.641113,4282.692383,4309.743652,4318.461426,4237.948730,4293.333496,4302.179688,4323.589844,4303.589844,4286.410156,4465.769043,4506.538574,4381.282227,4433.717773,3219.000000,4.000000,85.000000,,,,0.000000,4.000000,4.000000,4.000000,4.000000,4.000000,4.000000,4.000000,4.000000,4.000000,4.000000,4.000000,4.000000,4.000000,4.000000,100.000000,,,,,,,,,,,,,,,,,,,,,,,,,,,,,,,,,,,,,,,,,,,,,,,,,,,,,,,,,,,,,,,,,,,,,,,,,,,,,,,,,,,,,,
1676060304.990586,1676060304.991152,94.000000,0.000000,4277.179688,4273.077148,4294.102539,4307.692383,4233.461426,4290.897461,4287.692383,4313.589844,4289.358887,4277.051270,4455.641113,4493.077148,4371.538574,4420.000000,2712.000000,4.000000,85.000000,,,,0.000000,4.000000,4.000000,4.000000,4.000000,4.000000,4.000000,4.000000,4.000000,4.000000,4.000000,4.000000,4.000000,4.000000,4.000000,100.000000,,,,,,,,,,,,,,,,,3.535580,2.364940,1.959559,0.948050,1.538534,23.014912,2.537882,3.374380,1.147080,1.354399,5.362701,4.156905,3.354746,1.026561,1.401040,11.873643,1.856198,2.256488,1.070432,1.271312,0.767259,0.929839,1.492964,0.708017,0.627306,0.480408,0.775631,1.159457,1.148904,0.744545,0.909654,1.894298,2.830183,1.249049,1.082798,1.724020,2.245363,3.566391,1.391855,1.300759,2.288218,2.620790,2.553067,1.389459,1.352023,2.806418,2.659269,2.105039,1.897880,1.551443,13.039155,9.465235,5.838719,1.755107,2.552310,5.710832,6.131942,4.708956,1.903919,2.528116,22.544434,9.247101,4.277576,1.766777,2.013864,5.661858,6.103300,3.746245,1.775562,2.265868
1676060304.998395,1676060304.998860,95.000000,0.000000,4256.794922,4249.230957,4272.051270,4282.436035,4227.179688,4280.000000,4270.512695,4297.563965,4271.282227,4263.461426,4437.948730,4469.615234,4351.153809,4395.512695,2887.000000,4.000000,85.000000,,,,0.000000,4.000000,4.000000,4.000000,4.000000,4.000000,4.000000,4.000000,4.000000,4.000000,4.000000,4.000000,4.000000,4.000000,4.000000,100.000000,,,,,,,,,,,,,,,,,,,,,,,,,,,,,,,,,,,,,,,,,,,,,,,,,,,,,,,,,,,,,,,,,,,,,,,,,,,,,,,,,,,,,,
1676060305.006203,1676060305.006769,96.000000,0.000000,4254.230957,4245.256348,4269.358887,4279.743652,4227.051270,4282.436035,4277.436035,4293.205078,4271.794922,4247.820313,4445.256348,4467.307617,4339.230957,4390.897461,3109.000000,4.000000,85.000000,,,,0.000000,4.000000,4.000000,4.000000,4.000000,4.000000,4.000000,4.000000,4.000000,4.000000,4.000000,4.000000,4.000000,4.000000,4.000000,100.000000,,,,,,,,,,,,,,,,,,,,,,,,,,,,,,,,,,,,,,,,,,,,,,,,,,,,,,,,,,,,,,,,,,,,,,,,,,,,,,,,,,,,,,
1676060305.014012,1676060305.014577,97.000000,0.000000,4275.769043,4276.794922,4287.179688,4308.846191,4240.000000,4292.051270,4288.846191,4298.077148,4277.051270,4250.897461,4471.282227,4482.051270,4357.563965,4411.153809,3219.000000,4.000000,85.000000,,,,0.000000,4.000000,4.000000,4.000000,4.000000,4.000000,4.000000,4.000000,4.000000,4.000000,4.000000,4.000000,4.000000,4.000000,4.000000,100.000000,,,,,,,,,,,,,,,,,,,,,,,,,,,,,,,,,,,,,,,,,,,,,,,,,,,,,,,,,,,,,,,,,,,,,,,,,,,,,,,,,,,,,,
1676060305.021820,1676060305.022486,98.000000,0.000000,4317.692383,4315.128418,4318.589844,4344.358887,4262.179688,4297.307617,4303.205078,4317.179688,4292.436035,4285.384766,4513.333496,4515.384766,4390.897461,4447.179688,2712.000000,4.000000,85.000000,,,,0.000000,4.000000,4.000000,4.000000,4.000000,4.000000,4.000000,4.000000,4.000000,4.000000,4.000000,4.000000,4.000000,4.000000,4.000000,100.000000,,,,,,,,,,,,,,,,,,,,,,,,,,,,,,,,,,,,,,,,,,,,,,,,,,,,,,,,,,,,,,,,,,,,,,,,,,,,,,,,,,,,,,
1676060305.029628,1676060305.030294,99.000000,0.000000,4328.333496,4310.769043,4329.358887,4346.025879,4266.794922,4298.077148,4309.871582,4328.589844,4299.871582,4296.922852,4534.615234,4528.461426,4390.769043,4455.128418,2887.000000,4.000000,85.000000,,,,0.000000,4.000000,4.000000,4.000000,4.000000,4.000000,4.000000,4.000000,4.000000,4.000000,4.000000,4.000000,4.000000,4.000000,4.000000,100.000000,,,,,,,,,,,,,,,,,,,,,,,,,,,,,,,,,,,,,,,,,,,,,,,,,,,,,,,,,,,,,,,,,,,,,,,,,,,,,,,,,,,,,,
1676060305.037437,1676060305.038202,100.000000,0.000000,4303.717773,4289.102539,4317.692383,4326.410156,4249.615234,4291.666504,4300.512695,4316.410156,4281.538574,4271.538574,4515.641113,4506.410156,4371.282227,4433.974121,3109.000000,4.000000,85.000000,,,,0.000000,4.000000,4.000000,4.000000,4.000000,4.000000,4.000000,4.000000,4.000000,4.000000,4.000000,4.000000,4.000000,4.000000,4.000000,100.000000,,,,,,,,,,,,,,,,,,,,,,,,,,,,,,,,,,,,,,,,,,,,,,,,,,,,,,,,,,,,,,,,,,,,,,,,,,,,,,,,,,,,,,
1676060305.045245,1676060305.046011,101.000000,0.000000,4289.487305,4281.666504,4307.179688,4311.282227,4230.641113,4276.666504,4288.974121,4300.897461,4263.589844,4252.179688,4487.179688,4486.538574,4360.384766,4420.641113,3219.000000,4.000000,85.000000,,,,0.000000,4.000000,4.000000,4.000000,4.000000,4.000000,4.000000,4.000000,4.000000,4.000000,4.000000,4.000000,4.000000,4.000000,4.000000,100.000000,,,,,,,,,,,,,,,,,,,,,,,,,,,,,,,,,,,,,,,,,,,,,,,,,,,,,,,,,,,,,,,,,,,,,,,,,,,,,,,,,,,,,,
1676060305.053053,1676060305.053919,102.000000,0.000000,4297.179688,4276.794922,4313.205078,4307.820313,4231.794922,4277.820313,4291.410156,4304.487305,4277.436035,4268.589844,4489.230957,4496.794922,4360.641113,4427.948730,2712.000000,4.000000,85.000000,,,,0.000000,4.000000,4.000000,4.000000,4.000000,4.000000,4.000000,4.000000,4.000000,4.000000,4.000000,4.000000,4.000000,4.000000,4.000000,100.000000,,,,,,,,,,,,,,,,,,,,,,,,,,,,,,,,,,,,,,,,,,,,,,,,,,,,,,,,,,,,,,,,,,,,,,,,,,,,,,,,,,,,,,
1676060305.060862,1676060305.061728,103.000000,0.000000,4312.179688,4286.922852,4334.743652,4326.282227,4250.256348,4299.230957,4308.846191,4331.025879,4306.410156,4302.051270,4523.077148,4528.974121,4386.922852,4452.307617,2887.000000,4.000000,85.000000,,,,0.000000,4.000000,4.000000,4.000000,4.000000,4.000000,4.000000,4.000000,4.000000,4.000000,4.000000,4.000000,4.000000,4.000000,4.000000,100.000000,,,,,,,,,,,,,,,,,,,,,,,,,,,,,,,,,,,,,,,,,,,,,,,,,,,,,,,,,,,,,,,,,,,,,,,,,,,,,,,,,,,,,,
1676060305.068670,1676060305.069536,104.000000,0.000000,4310.512695,4298.461426,4332.563965,4330.128418,4253.974121,4298.077148,4311.282227,4340.256348,4305.000000,4299.358887,4527.436035,4529.102539,4397.948730,4456.538574,3109.000000,4.000000,85.000000,,,,0.000000,4.000000,4.000000,4.000000,4.000000,4.000000,4.000000,4.000000,4.000000,4.000000,4.000000,4.000000,4.000000,4.000000,4.000000,100.000000,,,,,,,,,,,,,,,,,,,,,,,,,,,,,,,,,,,,,,,,,,,,,,,,,,,,,,,,,,,,,,,,,,,,,,,,,,,,,,,,,,,,,,
1676060305.076478,1676060305.077344,105.000000,0.000000,4291.282227,4283.974121,4306.794922,4303.974121,4241.794922,4281.794922,4294.230957,4321.410156,4288.205078,4273.717773,4497.051270,4498.589844,4370.384766,4429.102539,3219.000000,4.000000,85.000000,,,,0.000000,4.000000,4.000000,4.000000,4.000000,4.000000,4.000000,4.000000,4.000000,4.000000,4.000000,4.000000,4.000000,4.000000,4.000000,100.000000,,,,,,,,,,,,,,,,,,,,,,,,,,,,,,,,,,,,,,,,,,,,,,,,,,,,,,,,,,,,,,,,,,,,,,,,,,,,,,,,,,,,,,
1676060305.084287,1676060305.085053,106.000000,0.000000,4278.077148,4268.205078,4300.256348,4296.410156,4241.153809,4282.436035,4287.820313,4311.282227,4289.871582,4277.179688,4482.948730,4485.641113,4355.769043,4413.974121,2712.000000,4.000000,85.000000,,,,0.000000,4.000000,4.000000,4.000000,4.000000,4.000000,4.000000,4.000000,4.000000,4.000000,4.000000,4.000000,4.000000,4.000000,4.000000,100.000000,,,,,,,,,,,,,,,,,,,,,,,,,,,,,,,,,,,,,,,,,,,,,,,,,,,,,,,,,,,,,,,,,,,,,,,,,,,,,,,,,,,,,,
1676060305.092095,1676060305.092861,107.000000,0.000000,4275.128418,4274.871582,4301.922852,4309.358887,4248.589844,4288.589844,4292.820313,4308.717773,4284.743652,4272.820313,4479.487305,4479.102539,4358.205078,4413.461426,2887.000000,4.000000,85.000000,,,,0.000000,4.000000,4.000000,4.000000,4.000000,4.000000,4.000000,4.000000,4.000000,4.000000,4.000000,4.000000,4.000000,4.000000,4.000000,100.000000,,,,,,,,,,,,,,,,,,,,,,,,,,,,,,,,,,,,,,,,,,,,,,,,,,,,,,,,,,,,,,,,,,,,,,,,,,,,,,,,,,,,,,
1676060305.099904,1676060305.100570,108.000000,0.000000,4281.282227,4291.282227,4299.102539,4315.384766,4255.512695,4291.153809,4296.666504,4308.077148,4275.512695,4252.820313,4475.512695,4472.436035,4358.974121,4413.589844,3109.000000,4.000000,85.000000,,,,0.000000,4.000000,4.000000,4.000000,4.000000,4.000000,4.000000,4.000000,4.000000,4.000000,4.000000,4.000000,4.000000,4.000000,4.000000,100.000000,,,,,,,,,,,,,,,,,,,,,,,,,,,,,,,,,,,,,,,,,,,,,,,,,,,,,,,,,,,,,,,,,,,,,,,,,,,,,,,,,,,,,,
1676060305.107712,1676060305.108378,109.000000,0.000000,4292.692383,4294.102539,4302.436035,4314.230957,4262.051270,4296.025879,4296.153809,4312.307617,4287.179688,4268.589844,4477.436035,4483.846191,4360.128418,4419.615234,3219.000000,4.000000,85.000000,,,,0.000000,4.000000,4.000000,4.000000,4.000000,4.000000,4.000000,4.000000,4.000000,4.000000,4.000000,4.000000,4.000000,4.000000,4.000000,100.000000,,,,,,,,,,,,,,,,,,,,,,,,,,,,,,,,,,,,,,,,,,,,,,,,,,,,,,,,,,,,,,,,,,,,,,,,,,,,,,,,,,,,,,
1676060305.115520,1676060305.116087,110.000000,0.000000,4292.820313,4287.820313,4302.179688,4311.153809,4261.282227,4298.589844,4293.974121,4311.153809,4291.153809,4286.666504,4475.000000,4488.717773,4361.025879,4422.307617,2712.000000,4.000000,85.000000,,,,0.000000,4.000000,4.000000,4.000000,4.000000,4.000000,4.000000,4.000000,4.000000,4.000000,4.000000,4.000000,4.000000,4.000000,4.000000,100.000000,,,,,,,,,,,,,,,,,3.282447,2.263993,2.379691,1.050326,1.536688,25.516211,2.381337,3.467068,1.279450,1.357027,5.358999,4.166027,3.830810,1.203587,1.434059,12.871821,1.816561,2.420586,1.120636,1.301098,0.681635,0.872344,1.661375,0.699480,0.673904,0.482195,0.688684,1.101102,1.089710,0.840286,0.925666,1.627661,2.871652,1.264757,1.147170,1.783009,2.558684,3.586187,1.480372,1.341984,2.091262,2.767287,2.763474,1.469642,1.388817,2.800309,2.674053,2.433674,1.949593,1.614791,14.424006,10.111199,6.289559,1.867014,2.524867,5.496764,6.414675,5.568051,2.138551,2.591017,25.850706,9.831772,4.980824,1.852292,2.060172,5.784222,6.289989,4.460546,1.981900,2.305568
1676060305.123329,1676060305.123895,111.000000,0.000000,4297.820313,4298.717773,4309.102539,4317.948730,4261.282227,4296.666504,4301.538574,4316.282227,4289.358887,4282.820313,4487.820313,4492.948730,4373.974121,4433.974121,2887.000000,4.000000,85.000000,,,,0.000000,4.000000,4.000000,4.000000,4.000000,4.000000,4.000000,4.000000,4.000000,4.000000,4.000000,4.000000,4.000000,4.000000,4.000000,100.000000,,,,,,,,,,,,,,,,,,,,,,,,,,,,,,,,,,,,,,,,,,,,,,,,,,,,,,,,,,,,,,,,,,,,,,,,,,,,,,,,,,,,,,
